timestamp,type,provider_name,event_id,task,PID,TID,Exe,PPID,TargetPID,Message,FilePath,Cache Name,Result,VName,SigSeq,SigSha,Command Line,First Param,Second Param,AS Version,AV Version,Engine Version,stack_trace,CreateAttributes,CreateOptions,FileObject,Irp,IssuingThreadId,ShareAccess,FileKey,CycleTime,ProcessID,StackBase,StackLimit,StartAddr,SubProcessTag,TebBase,ThreadID,UserStackBase,UserStackLimit,Win32StartAddr,DesiredAccess,ReturnCode,TargetProcessId,TargetThreatId,BiggestOffsetWritten,CreationTime,FirstOffsetWritten,LastOffsetWritten,NumberOfWrites,ProcessId,SmallestOffsetWritten,TotalSizeOfAppends,TotalSizeOfWrites,CreateTime,Flags,ImageChecksum,MandatoryLabel,PackageFullName,PackageRelativeAppId,ParentProcessID,ParentProcessSequenceNumber,ProcessSequenceNumber,ProcessTokenElevationType,ProcessTokenIsElevated,SecurityMitigations,SessionID,TimeDateStamp,DefaultBase,ImageBase,ImageCheckSum,ImageSize,Id,Process,Reason,ThreadTime,Classification,EventType,FileID,FileUSN,Info,ScanSource,CacheName,EngineId,Source,flags,flags2high,flags2low,oldFlags,oldFlags2high,oldFlags2low,CommandLine,IntegrityLevel,ProcessContextId,AccessMask,WasHardened,FeatureId,FirstParam,SecondParam,Data,StartStop,DeltaCPU,DeltaWall,AttrId,AttrSeq,AttrSubset,IsMultiProcDetection,IsMultiProcMatch,MatchedThreatsNumber,CPUCycleCount,CommitCharge,CommitPeak,ExitCode,ExitTime,HandleCount,HardFaultCount,ReadOperationCount,ReadTransferKiloBytes,TokenElevationType,WriteOperationCount,WriteTransferKiloBytes,LinkSourceName,LinkTargetName,Channel,EventId,StartQPC,ProcessImagePath,TaintReason,TTID,connid,daddr,dport,saddr,seqnum,size,sport,mss,rcvwin,rcvwinscale,sackopt,sndwinscale,tsopt,wsopt
"2025-09-02 15:13:07.6962930Z","ETW","Microsoft-Antimalware-Engine",4,"Versions Info ",1912,22008,"MsMpEng.exe",,,,,,,,,,,,,"1.435.533.0","1.435.533.0","1.1.25070.4",[],,,,,,,,,,,,,,,,,,,,,,,,,,,,,,,,,,,,,,,,,,,,,,,,,,,,,,,,,,,,,,,,,,,,,,,,,,,,,,,,,,,,,,,,,,,,,,,,,,,,,,,,,,,,,,,,,,,,,,,,
"2025-09-02 15:13:07.6968706Z","ETW","Microsoft-Windows-Kernel-File",30,"CreateNewFileInfo ",4,21600,"System",,,,"C:\Windows\System32\LogFiles\WMI\RtBackup\EtwRTEDRi.etl",,,,,,,,,,,,[],128,83886112,18446660011125533792,18446660010821228488,21600,5,,,,,,,,,,,,,,,,,,,,,,,,,,,,,,,,,,,,,,,,,,,,,,,,,,,,,,,,,,,,,,,,,,,,,,,,,,,,,,,,,,,,,,,,,,,,,,,,,,,,,,,,,,,,,,,,,,
"2025-09-02 15:13:07.6968841Z","ETW","Microsoft-Windows-Kernel-File",10,"NameCreateInfo ",4,21600,"System",,,,"C:\Windows\System32\LogFiles\WMI\RtBackup\EtwRTEDRi.etl",,,,,,,,,,,,[],,,,,,,18446708904271910560,,,,,,,,,,,,,,,,,,,,,,,,,,,,,,,,,,,,,,,,,,,,,,,,,,,,,,,,,,,,,,,,,,,,,,,,,,,,,,,,,,,,,,,,,,,,,,,,,,,,,,,,,,,,,,,,,
"2025-09-02 15:13:08.0723958Z","ETW","Microsoft-Windows-Kernel-Process",4,"ThreadStopStop ",21604,17152,"chrome.exe",,,,,,,,,,,,,,,,[],,,,,,,,2092660,21604,18446639081682153472,18446639081682128896,140736917348896,0,217331937280,17152,217348833280,217348816896,140736917348896,,,,,,,,,,,,,,,,,,,,,,,,,,,,,,,,,,,,,,,,,,,,,,,,,,,,,,,,,,,,,,,,,,,,,,,,,,,,,,,,,,,,,,,,,,,,,,,,,,,,,,
"2025-09-02 15:13:08.1197966Z","ETW","Microsoft-Windows-Kernel-Process",3,"ThreadStartStart ",10552,17964,"ServiceHub.IntellicodeModelService.exe",,,,,,,,,,,,,,,,[{"addr":140736918208964,"idx":0},{"addr":140736872776761,"idx":1},{"addr":140736897102141,"idx":2},{"addr":140735663334047,"idx":3},{"addr":140735664153845,"idx":4},{"addr":140735667271907,"idx":5},{"addr":140735667271605,"idx":6},{"addr":140735666833464,"idx":7},{"addr":140735666952957,"idx":8},{"addr":140735664734285,"idx":9},{"addr":140735664734207,"idx":10},{"addr":140736897083607,"idx":11},{"addr":140736916996940,"idx":12}],,,,,,,,,10552,18446639081682153472,18446639081682128896,140735664156336,0,66625593344,14216,66630975488,66630959104,140735664156336,,,,,,,,,,,,,,,,,,,,,,,,,,,,,,,,,,,,,,,,,,,,,,,,,,,,,,,,,,,,,,,,,,,,,,,,,,,,,,,,,,,,,,,,,,,,,,,,,,,,,,
"2025-09-02 15:13:08.2460843Z","ETW","Microsoft-Windows-Kernel-Process",4,"ThreadStopStop ",3968,11380,"svchost.exe",,,,,,,,,,,,,,,,[],,,,,,,,303620,3968,18446639081664634880,18446639081664610304,140736917348896,0,275259244544,11380,275260637184,275260604416,140736917348896,,,,,,,,,,,,,,,,,,,,,,,,,,,,,,,,,,,,,,,,,,,,,,,,,,,,,,,,,,,,,,,,,,,,,,,,,,,,,,,,,,,,,,,,,,,,,,,,,,,,,,
"2025-09-02 15:13:08.3722273Z","ETW","Microsoft-Windows-Kernel-Process",4,"ThreadStopStop ",11716,12324,"Widgets.exe",,,,,,,,,,,,,,,,[],,,,,,,,690080,11716,18446639081678454784,18446639081678430208,140736917348896,0,924516605952,12324,924517924864,924517916672,140736917348896,,,,,,,,,,,,,,,,,,,,,,,,,,,,,,,,,,,,,,,,,,,,,,,,,,,,,,,,,,,,,,,,,,,,,,,,,,,,,,,,,,,,,,,,,,,,,,,,,,,,,,
"2025-09-02 15:13:08.4518212Z","ETW","Microsoft-Windows-Kernel-Process",4,"ThreadStopStop ",14704,21144,"WidgetService.exe",,,,,,,,,,,,,,,,[],,,,,,,,283860,14704,18446639081673609216,18446639081673584640,140736917348896,0,119556964352,21144,119559684096,119559675904,140736917348896,,,,,,,,,,,,,,,,,,,,,,,,,,,,,,,,,,,,,,,,,,,,,,,,,,,,,,,,,,,,,,,,,,,,,,,,,,,,,,,,,,,,,,,,,,,,,,,,,,,,,,
"2025-09-02 15:13:08.5468400Z","ETW","Microsoft-Windows-Kernel-Process",4,"ThreadStopStop ",504,21980,"PerfWatson2.exe",,,,,,,,,,,,,,,,[],,,,,,,,5578780,504,18446639081676218368,18446639081676193792,140735664709408,0,264449056768,21980,264480227328,264480210944,140735664709408,,,,,,,,,,,,,,,,,,,,,,,,,,,,,,,,,,,,,,,,,,,,,,,,,,,,,,,,,,,,,,,,,,,,,,,,,,,,,,,,,,,,,,,,,,,,,,,,,,,,,,
"2025-09-02 15:13:08.6107510Z","ETW","Microsoft-Windows-Kernel-Audit-API-Calls",5,"Info ",10464,22004,"copilot-language-server.exe",,,,,,,,,,,,,,,,[{"addr":140736918203764,"idx":0},{"addr":140736872731894,"idx":1},{"addr":140702698444584,"idx":2},{"addr":140702697018348,"idx":3},{"addr":140701097580744,"idx":4},{"addr":140700568323904,"idx":5},{"addr":140700568316064,"idx":6},{"addr":140700566090877,"idx":7},{"addr":140702708515008,"idx":8},{"addr":140702708513979,"idx":9},{"addr":140702707157057,"idx":10},{"addr":140702707155187,"idx":11},{"addr":140702708266044,"idx":12},{"addr":140702698065041,"idx":13},{"addr":140702698537495,"idx":14},{"addr":140702698522991,"idx":15},{"addr":140702698328165,"idx":16},{"addr":140702697182954,"idx":17},{"addr":140702697791677,"idx":18},{"addr":140702697787118,"idx":19},{"addr":140702695670984,"idx":20},{"addr":140702717007636,"idx":21},{"addr":140736897083607,"idx":22},{"addr":140736916996940,"idx":23}],,,,,,,,,,,,,,,,,,,1025,0,10596,,,,,,,,,,,,,,,,,,,,,,,,,,,,,,,,,,,,,,,,,,,,,,,,,,,,,,,,,,,,,,,,,,,,,,,,,,,,,,,,,,,,,,,,,,,,,,,,,,,
"2025-09-02 15:13:08.6265177Z","ETW","Microsoft-Windows-Kernel-Process",4,"ThreadStopStop ",17448,11092,"msedgewebview2.exe",,,,,,,,,,,,,,,,[],,,,,,,,411540,17448,18446639081544949760,18446639081544925184,140736917348896,0,494232870912,11092,494250491904,494250483712,140736917348896,,,,,,,,,,,,,,,,,,,,,,,,,,,,,,,,,,,,,,,,,,,,,,,,,,,,,,,,,,,,,,,,,,,,,,,,,,,,,,,,,,,,,,,,,,,,,,,,,,,,,,
"2025-09-02 15:13:08.7218535Z","Custom","ETW-Parser",13337,"[<] Before decrypting attack exe",5732,,"EDRi.exe",,,,,,,,,,,,,,,,,,,,,,,,,,,,,,,,,,,,,,,,,,,,,,,,,,,,,,,,,,,,,,,,,,,,,,,,,,,,,,,,,,,,,,,,,,,,,,,,,,,,,,,,,,,,,,,,,,,,,,,,,,,,,,,,,,,,,,,,
"2025-09-02 15:13:08.7229279Z","ETW","Microsoft-Windows-Kernel-File",30,"CreateNewFileInfo ",5732,3592,"EDRi.exe",,,,"C:\Users\Public\Downloads\attack.exe",,,,,,,,,,,,[{"addr":140736918205268,"idx":0},{"addr":140736872716567,"idx":1},{"addr":140736872407957,"idx":2},{"addr":140736876551228,"idx":3},{"addr":140736876554103,"idx":4},{"addr":140736876555353,"idx":5},{"addr":140736876554474,"idx":6},{"addr":140736876556566,"idx":7},{"addr":140735460191686,"idx":8},{"addr":140699877825648,"idx":9},{"addr":140699877804844,"idx":10},{"addr":140699877868350,"idx":11},{"addr":140699877794642,"idx":12},{"addr":140699877877124,"idx":13},{"addr":140736897083607,"idx":14},{"addr":140736916996940,"idx":15}],128,83886176,18446660010973909152,18446660010799999624,3592,3,,,,,,,,,,,,,,,,,,,,,,,,,,,,,,,,,,,,,,,,,,,,,,,,,,,,,,,,,,,,,,,,,,,,,,,,,,,,,,,,,,,,,,,,,,,,,,,,,,,,,,,,,,,,,,,,,,
"2025-09-02 15:13:08.7231493Z","ETW","Microsoft-Windows-Kernel-Audit-API-Calls",6,"Info ",1912,8,"MsMpEng.exe",,,,,,,,,,,,,,,,[{"addr":140736918212548,"idx":0},{"addr":140736872857142,"idx":1},{"addr":140736738243895,"idx":2},{"addr":140736738242452,"idx":3},{"addr":140736657604428,"idx":4},{"addr":140736657598535,"idx":5},{"addr":140736657597146,"idx":6},{"addr":140736658259206,"idx":7},{"addr":140736657749938,"idx":8},{"addr":140736657909615,"idx":9},{"addr":140736658079503,"idx":10},{"addr":140736897083607,"idx":11},{"addr":140736916996940,"idx":12}],,,,,,,,,,,,,,,,,,,2097151,0,1912,8,,,,,,,,,,,,,,,,,,,,,,,,,,,,,,,,,,,,,,,,,,,,,,,,,,,,,,,,,,,,,,,,,,,,,,,,,,,,,,,,,,,,,,,,,,,,,,,,,,
"2025-09-02 15:13:08.7232256Z","Custom","ETW-Parser",13337,"[>]  After decrypting attack exe",5732,,"EDRi.exe",,,,,,,,,,,,,,,,,,,,,,,,,,,,,,,,,,,,,,,,,,,,,,,,,,,,,,,,,,,,,,,,,,,,,,,,,,,,,,,,,,,,,,,,,,,,,,,,,,,,,,,,,,,,,,,,,,,,,,,,,,,,,,,,,,,,,,,,
"2025-09-02 15:13:08.7327026Z","ETW","Microsoft-Windows-Kernel-Audit-API-Calls",5,"Info ",1912,8,"MsMpEng.exe",,,,,,,,,,,,,,,,[{"addr":140736918203764,"idx":0},{"addr":140736872731894,"idx":1},{"addr":140733810479103,"idx":2},{"addr":140733810478599,"idx":3},{"addr":140733810481824,"idx":4},{"addr":140733812314948,"idx":5},{"addr":140733812313419,"idx":6},{"addr":140733812313071,"idx":7},{"addr":140733812312233,"idx":8},{"addr":140733812311973,"idx":9},{"addr":140733808799556,"idx":10},{"addr":140733808804501,"idx":11},{"addr":140733808797687,"idx":12},{"addr":140733809165196,"idx":13},{"addr":140733809160564,"idx":14},{"addr":140733810770629,"idx":15},{"addr":140733810768249,"idx":16},{"addr":140733811588144,"idx":17},{"addr":140733811577063,"idx":18},{"addr":140733812986377,"idx":19},{"addr":140733810626173,"idx":20},{"addr":140733810627585,"idx":21},{"addr":140733809435032,"idx":22},{"addr":140733809428506,"idx":23},{"addr":140733810647361,"idx":24},{"addr":140733809420358,"idx":25},{"addr":140733811789991,"idx":26},{"addr":140733811785301,"idx":27},{"addr":140736738242841,"idx":28},{"addr":140736657604428,"idx":29},{"addr":140736657598535,"idx":30},{"addr":140736657597146,"idx":31},{"addr":140736658259206,"idx":32},{"addr":140736657749938,"idx":33},{"addr":140736657909615,"idx":34},{"addr":140736658079503,"idx":35},{"addr":140736897083607,"idx":36},{"addr":140736916996940,"idx":37}],,,,,,,,,,,,,,,,,,,4096,0,5732,,,,,,,,,,,,,,,,,,,,,,,,,,,,,,,,,,,,,,,,,,,,,,,,,,,,,,,,,,,,,,,,,,,,,,,,,,,,,,,,,,,,,,,,,,,,,,,,,,,
"2025-09-02 15:13:08.7504424Z","ETW","Microsoft-Antimalware-Engine",95,"Behavior Monitoring BmFileOverwrite",1912,11040,"MsMpEng.exe",,,,"C:\Users\Public\Downloads\attack.exe",,,,,,,,,,,,[],,,,,,,,,,,,,,,,,,,,,,,33791,134012995790597202,0,33791,2,5732,0,33792,33792,,,,,,,,,,,,,,,,,,,,,,,,,,,,,,,,,,,,,,,,,,,,,,,,,,,,,,,,,,,,,,,,,,,,,,,,,,,,,,,,,,,,,,,,,
"2025-09-02 15:13:08.8657948Z","ETW","Microsoft-Windows-Kernel-Process",3,"ThreadStartStart ",504,9444,"PerfWatson2.exe",,,,,,,,,,,,,,,,[{"addr":140736918208964,"idx":0},{"addr":140736872776761,"idx":1},{"addr":140736897102141,"idx":2},{"addr":140735663330216,"idx":3},{"addr":140735663329863,"idx":4},{"addr":140735664154939,"idx":5},{"addr":140735664154144,"idx":6},{"addr":140735667271902,"idx":7},{"addr":140735667271605,"idx":8},{"addr":140735666833464,"idx":9},{"addr":140735666952957,"idx":10},{"addr":140735664734285,"idx":11},{"addr":140735664734207,"idx":12},{"addr":140736897083607,"idx":13},{"addr":140736916996940,"idx":14}],,,,,,,,,504,18446639081676218368,18446639081676193792,140735664709408,0,264449179648,16988,264467644416,264467628032,140735664709408,,,,,,,,,,,,,,,,,,,,,,,,,,,,,,,,,,,,,,,,,,,,,,,,,,,,,,,,,,,,,,,,,,,,,,,,,,,,,,,,,,,,,,,,,,,,,,,,,,,,,,
"2025-09-02 15:13:08.8658538Z","ETW","Microsoft-Windows-Kernel-Process",3,"ThreadStartStart ",504,9444,"PerfWatson2.exe",,,,,,,,,,,,,,,,[{"addr":140736918208964,"idx":0},{"addr":140736872776761,"idx":1},{"addr":140736897102141,"idx":2},{"addr":140735663334047,"idx":3},{"addr":140735664153845,"idx":4},{"addr":140735667271907,"idx":5},{"addr":140735667271605,"idx":6},{"addr":140735666833464,"idx":7},{"addr":140735666952957,"idx":8},{"addr":140735664734285,"idx":9},{"addr":140735664734207,"idx":10},{"addr":140736897083607,"idx":11},{"addr":140736916996940,"idx":12}],,,,,,,,,504,18446639081673609216,18446639081673584640,140735664156336,0,264449187840,20436,264476295168,264476278784,140735664156336,,,,,,,,,,,,,,,,,,,,,,,,,,,,,,,,,,,,,,,,,,,,,,,,,,,,,,,,,,,,,,,,,,,,,,,,,,,,,,,,,,,,,,,,,,,,,,,,,,,,,,
"2025-09-02 15:13:08.9441926Z","ETW","Microsoft-Windows-Kernel-Process",4,"ThreadStopStop ",12596,20236,"msedgewebview2.exe",,,,,,,,,,,,,,,,[],,,,,,,,253840,12596,18446639081544978432,18446639081544953856,140736917348896,0,933675565056,20236,933694013440,933694009344,140736917348896,,,,,,,,,,,,,,,,,,,,,,,,,,,,,,,,,,,,,,,,,,,,,,,,,,,,,,,,,,,,,,,,,,,,,,,,,,,,,,,,,,,,,,,,,,,,,,,,,,,,,,
"2025-09-02 15:13:09.1818843Z","ETW","Microsoft-Windows-Kernel-Audit-API-Calls",6,"Info ",1912,8,"MsMpEng.exe",,,,,,,,,,,,,,,,[{"addr":140736918212548,"idx":0},{"addr":140736872857142,"idx":1},{"addr":140736738243895,"idx":2},{"addr":140736738242452,"idx":3},{"addr":140736657604428,"idx":4},{"addr":140736657598535,"idx":5},{"addr":140736657597146,"idx":6},{"addr":140736658259206,"idx":7},{"addr":140736657749938,"idx":8},{"addr":140736657909615,"idx":9},{"addr":140736658079503,"idx":10},{"addr":140736897083607,"idx":11},{"addr":140736916996940,"idx":12}],,,,,,,,,,,,,,,,,,,2097151,0,1912,8,,,,,,,,,,,,,,,,,,,,,,,,,,,,,,,,,,,,,,,,,,,,,,,,,,,,,,,,,,,,,,,,,,,,,,,,,,,,,,,,,,,,,,,,,,,,,,,,,,
"2025-09-02 15:13:09.1835361Z","ETW","Microsoft-Windows-Kernel-File",30,"CreateNewFileInfo ",2544,2728,"svchost.exe",,,,"C:\Windows\Prefetch\WMIPRVSE.EXE-BB49B536.pf",,,,,,,,,,,,[{"addr":140736918205268,"idx":0},{"addr":140736872716567,"idx":1},{"addr":140736872407957,"idx":2},{"addr":140736622686411,"idx":3},{"addr":140736622799555,"idx":4},{"addr":140736622805526,"idx":5},{"addr":140736622878872,"idx":6},{"addr":140736622877246,"idx":7},{"addr":140736623007058,"idx":8},{"addr":140736623083887,"idx":9},{"addr":140700308678045,"idx":10},{"addr":140736881194535,"idx":11},{"addr":140736897083607,"idx":12},{"addr":140736916996940,"idx":13}],0,83886176,18446660010856148544,18446660011204593176,2728,0,,,,,,,,,,,,,,,,,,,,,,,,,,,,,,,,,,,,,,,,,,,,,,,,,,,,,,,,,,,,,,,,,,,,,,,,,,,,,,,,,,,,,,,,,,,,,,,,,,,,,,,,,,,,,,,,,,
"2025-09-02 15:13:09.1837042Z","ETW","Microsoft-Windows-Kernel-Audit-API-Calls",6,"Info ",1912,8,"MsMpEng.exe",,,,,,,,,,,,,,,,[{"addr":140736918212548,"idx":0},{"addr":140736872857142,"idx":1},{"addr":140736738243895,"idx":2},{"addr":140736738242452,"idx":3},{"addr":140736657604428,"idx":4},{"addr":140736657598535,"idx":5},{"addr":140736657597146,"idx":6},{"addr":140736658259206,"idx":7},{"addr":140736657749938,"idx":8},{"addr":140736657909615,"idx":9},{"addr":140736658079503,"idx":10},{"addr":140736897083607,"idx":11},{"addr":140736916996940,"idx":12}],,,,,,,,,,,,,,,,,,,2097151,0,1912,8,,,,,,,,,,,,,,,,,,,,,,,,,,,,,,,,,,,,,,,,,,,,,,,,,,,,,,,,,,,,,,,,,,,,,,,,,,,,,,,,,,,,,,,,,,,,,,,,,,
"2025-09-02 15:13:09.2604781Z","ETW","Microsoft-Windows-Kernel-Process",3,"ThreadStartStart ",4,72,"System",,,,,,,,,,,,,,,,[],,,,,,,,,3968,18446639081664634880,18446639081664610304,140736917348896,0,275259252736,15524,275260637184,275260604416,140736917348896,,,,,,,,,,,,,,,,,,,,,,,,,,,,,,,,,,,,,,,,,,,,,,,,,,,,,,,,,,,,,,,,,,,,,,,,,,,,,,,,,,,,,,,,,,,,,,,,,,,,,,
"2025-09-02 15:13:09.3879131Z","ETW","Microsoft-Windows-Kernel-Process",3,"ThreadStartStart ",4,72,"System",,,,,,,,,,,,,,,,[],,,,,,,,,11716,18446639081565528064,18446639081565503488,140736917348896,0,924516614144,8400,924517924864,924517920768,140736917348896,,,,,,,,,,,,,,,,,,,,,,,,,,,,,,,,,,,,,,,,,,,,,,,,,,,,,,,,,,,,,,,,,,,,,,,,,,,,,,,,,,,,,,,,,,,,,,,,,,,,,,
"2025-09-02 15:13:09.4511105Z","ETW","Microsoft-Windows-Kernel-Process",4,"ThreadStopStop ",1072,16416,"msedgewebview2.exe",,,,,,,,,,,,,,,,[],,,,,,,,414200,1072,18446639081545379840,18446639081545355264,140736917348896,0,1064985661440,16416,1063012794368,1063012790272,140736917348896,,,,,,,,,,,,,,,,,,,,,,,,,,,,,,,,,,,,,,,,,,,,,,,,,,,,,,,,,,,,,,,,,,,,,,,,,,,,,,,,,,,,,,,,,,,,,,,,,,,,,,
"2025-09-02 15:13:09.4671010Z","ETW","Microsoft-Windows-Kernel-Process",3,"ThreadStartStart ",4,72,"System",,,,,,,,,,,,,,,,[],,,,,,,,,14704,18446639081545379840,18446639081545355264,140736917348896,0,119556972544,19860,119559684096,119559680000,140736917348896,,,,,,,,,,,,,,,,,,,,,,,,,,,,,,,,,,,,,,,,,,,,,,,,,,,,,,,,,,,,,,,,,,,,,,,,,,,,,,,,,,,,,,,,,,,,,,,,,,,,,,
"2025-09-02 15:13:09.6095736Z","ETW","Microsoft-Windows-Kernel-Process",4,"ThreadStopStop ",20840,6604,"dllhost.exe",,,,,,,,,,,,,,,,[],,,,,,,,342760,20840,18446639081678196736,18446639081678172160,140736917348896,0,1075547537408,6604,1075550617600,1075550584832,140736917348896,,,,,,,,,,,,,,,,,,,,,,,,,,,,,,,,,,,,,,,,,,,,,,,,,,,,,,,,,,,,,,,,,,,,,,,,,,,,,,,,,,,,,,,,,,,,,,,,,,,,,,
"2025-09-02 15:13:09.6255598Z","ETW","Microsoft-Windows-Kernel-Process",4,"ThreadStopStop ",10552,14216,"ServiceHub.IntellicodeModelService.exe",,,,,,,,,,,,,,,,[],,,,,,,,848920,10552,18446639081682153472,18446639081682128896,140735664156336,0,66625593344,14216,66630975488,66630959104,140735664156336,,,,,,,,,,,,,,,,,,,,,,,,,,,,,,,,,,,,,,,,,,,,,,,,,,,,,,,,,,,,,,,,,,,,,,,,,,,,,,,,,,,,,,,,,,,,,,,,,,,,,,
"2025-09-02 15:13:09.6413677Z","ETW","Microsoft-Windows-Kernel-Process",3,"ThreadStartStart ",4,72,"System",,,,,,,,,,,,,,,,[],,,,,,,,,17448,18446639081682153472,18446639081682128896,140736917348896,0,494232879104,20100,494250491904,494250487808,140736917348896,,,,,,,,,,,,,,,,,,,,,,,,,,,,,,,,,,,,,,,,,,,,,,,,,,,,,,,,,,,,,,,,,,,,,,,,,,,,,,,,,,,,,,,,,,,,,,,,,,,,,,
"2025-09-02 15:13:09.7364838Z","Custom","ETW-Parser",13337,"[<] Before executing attack exe",5732,,"EDRi.exe",,,,,,,,,,,,,,,,,,,,,,,,,,,,,,,,,,,,,,,,,,,,,,,,,,,,,,,,,,,,,,,,,,,,,,,,,,,,,,,,,,,,,,,,,,,,,,,,,,,,,,,,,,,,,,,,,,,,,,,,,,,,,,,,,,,,,,,,
"2025-09-02 15:13:09.9595630Z","ETW","Microsoft-Windows-Kernel-Process",3,"ThreadStartStart ",4,72,"System",,,,,,,,,,,,,,,,[],,,,,,,,,12596,18446639081678196736,18446639081678172160,140736917348896,0,933675573248,5356,933694013440,933694009344,140736917348896,,,,,,,,,,,,,,,,,,,,,,,,,,,,,,,,,,,,,,,,,,,,,,,,,,,,,,,,,,,,,,,,,,,,,,,,,,,,,,,,,,,,,,,,,,,,,,,,,,,,,,
"2025-09-02 15:13:09.9912328Z","ETW","Microsoft-Windows-Kernel-Process",4,"ThreadStopStop ",2460,12808,"svchost.exe",,,,,,,,,,,,,,,,[],,,,,,,,209380,2460,18446639081546342400,18446639081546317824,140736917348896,0,683246583808,12808,683248975872,683248943104,140736917348896,,,,,,,,,,,,,,,,,,,,,,,,,,,,,,,,,,,,,,,,,,,,,,,,,,,,,,,,,,,,,,,,,,,,,,,,,,,,,,,,,,,,,,,,,,,,,,,,,,,,,,
"2025-09-02 15:13:09.9913127Z","ETW","Microsoft-Windows-Kernel-Process",4,"ThreadStopStop ",3104,5892,"svchost.exe",,,,,,,,,,,,,,,,[],,,,,,,,238260,3104,18446639081546313728,18446639081546289152,140736917348896,0,211275882496,5892,211278626816,211278594048,140736917348896,,,,,,,,,,,,,,,,,,,,,,,,,,,,,,,,,,,,,,,,,,,,,,,,,,,,,,,,,,,,,,,,,,,,,,,,,,,,,,,,,,,,,,,,,,,,,,,,,,,,,,
"2025-09-02 15:13:10.3718939Z","ETW","Microsoft-Windows-Kernel-Process",4,"ThreadStopStop ",504,20436,"PerfWatson2.exe",,,,,,,,,,,,,,,,[],,,,,,,,755820,504,18446639081673609216,18446639081673584640,140735664156336,0,264449187840,20436,264476295168,264476278784,140735664156336,,,,,,,,,,,,,,,,,,,,,,,,,,,,,,,,,,,,,,,,,,,,,,,,,,,,,,,,,,,,,,,,,,,,,,,,,,,,,,,,,,,,,,,,,,,,,,,,,,,,,,
"2025-09-02 15:13:10.4515036Z","ETW","Microsoft-Windows-Kernel-Process",3,"ThreadStartStart ",4,72,"System",,,,,,,,,,,,,,,,[],,,,,,,,,1072,18446639081673609216,18446639081673584640,140736917348896,0,1064985669632,22476,1063012794368,1063012790272,140736917348896,,,,,,,,,,,,,,,,,,,,,,,,,,,,,,,,,,,,,,,,,,,,,,,,,,,,,,,,,,,,,,,,,,,,,,,,,,,,,,,,,,,,,,,,,,,,,,,,,,,,,,
"2025-09-02 15:13:10.4871831Z","ETW","Microsoft-Windows-Kernel-Audit-API-Calls",5,"Info ",1076,2148,"svchost.exe",,,,,,,,,,,,,,,,[{"addr":140736918203764,"idx":0},{"addr":140736872733451,"idx":1},{"addr":140736825967890,"idx":2},{"addr":140736882620003,"idx":3},{"addr":140736882628366,"idx":4},{"addr":140736882319852,"idx":5},{"addr":140736882311415,"idx":6},{"addr":140736882088628,"idx":7},{"addr":140736882092744,"idx":8},{"addr":140736882015316,"idx":9},{"addr":140736882081820,"idx":10},{"addr":140736882106396,"idx":11},{"addr":140736882102691,"idx":12},{"addr":140736882098504,"idx":13},{"addr":140736917358174,"idx":14},{"addr":140736917350275,"idx":15},{"addr":140736897083607,"idx":16},{"addr":140736916996940,"idx":17}],,,,,,,,,,,,,,,,,,,4096,0,2364,,,,,,,,,,,,,,,,,,,,,,,,,,,,,,,,,,,,,,,,,,,,,,,,,,,,,,,,,,,,,,,,,,,,,,,,,,,,,,,,,,,,,,,,,,,,,,,,,,,
"2025-09-02 15:13:10.4875775Z","ETW","Microsoft-Windows-Kernel-Audit-API-Calls",5,"Info ",1076,2148,"svchost.exe",,,,,,,,,,,,,,,,[{"addr":140736918203764,"idx":0},{"addr":140736872733451,"idx":1},{"addr":140736825967890,"idx":2},{"addr":140736882620003,"idx":3},{"addr":140736882628366,"idx":4},{"addr":140736882319852,"idx":5},{"addr":140736882311415,"idx":6},{"addr":140736882088628,"idx":7},{"addr":140736882092744,"idx":8},{"addr":140736882015316,"idx":9},{"addr":140736882081820,"idx":10},{"addr":140736882106396,"idx":11},{"addr":140736882102691,"idx":12},{"addr":140736882098504,"idx":13},{"addr":140736917358174,"idx":14},{"addr":140736917350275,"idx":15},{"addr":140736897083607,"idx":16},{"addr":140736916996940,"idx":17}],,,,,,,,,,,,,,,,,,,4096,0,2364,,,,,,,,,,,,,,,,,,,,,,,,,,,,,,,,,,,,,,,,,,,,,,,,,,,,,,,,,,,,,,,,,,,,,,,,,,,,,,,,,,,,,,,,,,,,,,,,,,,
"2025-09-02 15:13:10.4885086Z","ETW","Microsoft-Windows-Kernel-Process",3,"ThreadStartStart ",8480,8528,"VBoxTray.exe",,,,,,,,,,,,,,,,[{"addr":140736918208964,"idx":0},{"addr":140736872776761,"idx":1},{"addr":140736897102141,"idx":2},{"addr":140700739562943,"idx":3},{"addr":140700738743563,"idx":4},{"addr":140700738708092,"idx":5},{"addr":140700738524437,"idx":6},{"addr":140700738525031,"idx":7},{"addr":140700738460456,"idx":8},{"addr":140700738707791,"idx":9},{"addr":140700738743372,"idx":10},{"addr":140700739562611,"idx":11},{"addr":140700739562759,"idx":12},{"addr":140736897083607,"idx":13},{"addr":140736916996940,"idx":14}],,,,,,,,,8480,18446639081546313728,18446639081546289152,140700739562632,0,10731520,15488,16318464,16314368,140700739562632,,,,,,,,,,,,,,,,,,,,,,,,,,,,,,,,,,,,,,,,,,,,,,,,,,,,,,,,,,,,,,,,,,,,,,,,,,,,,,,,,,,,,,,,,,,,,,,,,,,,,,
"2025-09-02 15:13:10.4888242Z","ETW","Microsoft-Windows-Kernel-Process",4,"ThreadStopStop ",8480,15488,"VBoxTray.exe",,,,,,,,,,,,,,,,[],,,,,,,,383040,8480,18446639081546313728,18446639081546289152,140700739562632,0,10731520,15488,16318464,16310272,140700739562632,,,,,,,,,,,,,,,,,,,,,,,,,,,,,,,,,,,,,,,,,,,,,,,,,,,,,,,,,,,,,,,,,,,,,,,,,,,,,,,,,,,,,,,,,,,,,,,,,,,,,,
"2025-09-02 15:13:10.6104645Z","ETW","Microsoft-Windows-Kernel-Process",3,"ThreadStartStart ",4,72,"System",,,,,,,,,,,,,,,,[],,,,,,,,,20840,18446639081546313728,18446639081546289152,140736917348896,0,1075547545600,4836,1075550617600,1075550584832,140736917348896,,,,,,,,,,,,,,,,,,,,,,,,,,,,,,,,,,,,,,,,,,,,,,,,,,,,,,,,,,,,,,,,,,,,,,,,,,,,,,,,,,,,,,,,,,,,,,,,,,,,,,
"2025-09-02 15:13:10.7373166Z","ETW","Microsoft-Windows-Kernel-Process",4,"ThreadStopStop ",3232,5700,"svchost.exe",,,,,,,,,,,,,,,,[],,,,,,,,166440,3232,18446639081639264256,18446639081639239680,140736917348896,0,463989735424,5700,463987605504,463987572736,140736917348896,,,,,,,,,,,,,,,,,,,,,,,,,,,,,,,,,,,,,,,,,,,,,,,,,,,,,,,,,,,,,,,,,,,,,,,,,,,,,,,,,,,,,,,,,,,,,,,,,,,,,,
"2025-09-02 15:13:10.7374107Z","ETW","Microsoft-Windows-Kernel-Process",4,"ThreadStopStop ",3200,7956,"svchost.exe",,,,,,,,,,,,,,,,[],,,,,,,,689320,3200,18446639081651503104,18446639081651478528,140736917348896,0,530762223616,7956,530761252864,530761220096,140736917348896,,,,,,,,,,,,,,,,,,,,,,,,,,,,,,,,,,,,,,,,,,,,,,,,,,,,,,,,,,,,,,,,,,,,,,,,,,,,,,,,,,,,,,,,,,,,,,,,,,,,,,
"2025-09-02 15:13:10.7374720Z","ETW","Microsoft-Windows-Kernel-Process",4,"ThreadStopStop ",3268,5880,"svchost.exe",,,,,,,,,,,,,,,,[],,,,,,,,188860,3268,18446639081546514432,18446639081546489856,140736917348896,0,1078004523008,5880,1078002778112,1078002745344,140736917348896,,,,,,,,,,,,,,,,,,,,,,,,,,,,,,,,,,,,,,,,,,,,,,,,,,,,,,,,,,,,,,,,,,,,,,,,,,,,,,,,,,,,,,,,,,,,,,,,,,,,,,
"2025-09-02 15:13:10.7374913Z","ETW","Microsoft-Windows-Kernel-Process",4,"ThreadStopStop ",3260,16636,"svchost.exe",,,,,,,,,,,,,,,,[],,,,,,,,203300,3260,18446639081549811712,18446639081549787136,140736917348896,0,673468649472,16636,673469956096,673469923328,140736917348896,,,,,,,,,,,,,,,,,,,,,,,,,,,,,,,,,,,,,,,,,,,,,,,,,,,,,,,,,,,,,,,,,,,,,,,,,,,,,,,,,,,,,,,,,,,,,,,,,,,,,,
"2025-09-02 15:13:10.7375587Z","ETW","Microsoft-Windows-Kernel-Process",4,"ThreadStopStop ",3524,18512,"svchost.exe",,,,,,,,,,,,,,,,[],,,,,,,,142120,3524,18446639081550417920,18446639081550393344,140736917348896,0,475107414016,18512,475105132544,475105099776,140736917348896,,,,,,,,,,,,,,,,,,,,,,,,,,,,,,,,,,,,,,,,,,,,,,,,,,,,,,,,,,,,,,,,,,,,,,,,,,,,,,,,,,,,,,,,,,,,,,,,,,,,,,
"2025-09-02 15:13:10.7375630Z","ETW","Microsoft-Windows-Kernel-Process",4,"ThreadStopStop ",3324,14356,"svchost.exe",,,,,,,,,,,,,,,,[],,,,,,,,242060,3324,18446639081550274560,18446639081550249984,140736917348896,0,444332376064,14356,444330999808,444330967040,140736917348896,,,,,,,,,,,,,,,,,,,,,,,,,,,,,,,,,,,,,,,,,,,,,,,,,,,,,,,,,,,,,,,,,,,,,,,,,,,,,,,,,,,,,,,,,,,,,,,,,,,,,,
"2025-09-02 15:13:10.7376113Z","ETW","Microsoft-Windows-Kernel-Process",4,"ThreadStopStop ",3568,15540,"svchost.exe",,,,,,,,,,,,,,,,[],,,,,,,,356440,3568,18446639081550589952,18446639081550565376,140736917348896,0,909010165760,15540,909011582976,909011550208,140736917348896,,,,,,,,,,,,,,,,,,,,,,,,,,,,,,,,,,,,,,,,,,,,,,,,,,,,,,,,,,,,,,,,,,,,,,,,,,,,,,,,,,,,,,,,,,,,,,,,,,,,,,
"2025-09-02 15:13:10.7376519Z","ETW","Microsoft-Windows-Kernel-Process",4,"ThreadStopStop ",3696,20684,"svchost.exe",,,,,,,,,,,,,,,,[],,,,,,,,176320,3696,18446639081550475264,18446639081550450688,140736917348896,0,890346725376,20684,890348503040,890348470272,140736917348896,,,,,,,,,,,,,,,,,,,,,,,,,,,,,,,,,,,,,,,,,,,,,,,,,,,,,,,,,,,,,,,,,,,,,,,,,,,,,,,,,,,,,,,,,,,,,,,,,,,,,,
"2025-09-02 15:13:10.7376907Z","ETW","Microsoft-Windows-Kernel-Process",4,"ThreadStopStop ",3736,1856,"svchost.exe",,,,,,,,,,,,,,,,[],,,,,,,,243960,3736,18446639081551335424,18446639081551310848,140736917348896,0,901862711296,1856,901864488960,901864456192,140736917348896,,,,,,,,,,,,,,,,,,,,,,,,,,,,,,,,,,,,,,,,,,,,,,,,,,,,,,,,,,,,,,,,,,,,,,,,,,,,,,,,,,,,,,,,,,,,,,,,,,,,,,
"2025-09-02 15:13:10.7377501Z","ETW","Microsoft-Windows-Kernel-Process",4,"ThreadStopStop ",3744,10996,"svchost.exe",,,,,,,,,,,,,,,,[],,,,,,,,240920,3744,18446639081551364096,18446639081551339520,140736917348896,0,1092274675712,10996,1092273700864,1092273668096,140736917348896,,,,,,,,,,,,,,,,,,,,,,,,,,,,,,,,,,,,,,,,,,,,,,,,,,,,,,,,,,,,,,,,,,,,,,,,,,,,,,,,,,,,,,,,,,,,,,,,,,,,,,
"2025-09-02 15:13:10.7386192Z","ETW","Microsoft-Windows-Kernel-Process",1,"ProcessStartStart ",5732,3592,"EDRi.exe",,,,"C:\Windows\System32\cmd.exe",,,,,,,,,,,,[{"addr":140736918209220,"idx":0},{"addr":140736872957146,"idx":1},{"addr":140736872946710,"idx":2},{"addr":140736897140436,"idx":3},{"addr":140736876937212,"idx":4},{"addr":140736876936622,"idx":5},{"addr":140736877209417,"idx":6},{"addr":140736877212275,"idx":7},{"addr":140699877794914,"idx":8},{"addr":140699877877124,"idx":9},{"addr":140736897083607,"idx":10},{"addr":140736916996940,"idx":11}],,,,,,,,,9380,,,,,,,,,,,,,,,,,,,,,,,134012995907385587,0,399494,"0x","","",5732,31813,31815,2,1,0,1,4203077948,,,,,,,,,,,,,,,,,,,,,,,,,,,,,,,,,,,,,,,,,,,,,,,,,,,,,,,,,,,,,,,,,,,,,,,,,,,
"2025-09-02 15:13:10.7387861Z","ETW","Microsoft-Windows-Kernel-Audit-API-Calls",6,"Info ",1912,8,"MsMpEng.exe",,,,,,,,,,,,,,,,[{"addr":140736918212548,"idx":0},{"addr":140736872857142,"idx":1},{"addr":140736738243895,"idx":2},{"addr":140736738242452,"idx":3},{"addr":140736657687525,"idx":4},{"addr":140736657686325,"idx":5},{"addr":140736657683993,"idx":6},{"addr":140736658258217,"idx":7},{"addr":140736657749938,"idx":8},{"addr":140736657909615,"idx":9},{"addr":140736658079503,"idx":10},{"addr":140736897083607,"idx":11},{"addr":140736916996940,"idx":12}],,,,,,,,,,,,,,,,,,,2097151,0,1912,8,,,,,,,,,,,,,,,,,,,,,,,,,,,,,,,,,,,,,,,,,,,,,,,,,,,,,,,,,,,,,,,,,,,,,,,,,,,,,,,,,,,,,,,,,,,,,,,,,,
"2025-09-02 15:13:10.7443437Z","ETW","Microsoft-Windows-Kernel-Audit-API-Calls",5,"Info ",1912,8,"MsMpEng.exe",,,,,,,,,,,,,,,,[{"addr":140736918203764,"idx":0},{"addr":140736872731894,"idx":1},{"addr":140733815122067,"idx":2},{"addr":140733813533757,"idx":3},{"addr":140733820783122,"idx":4},{"addr":140733811457761,"idx":5},{"addr":140733811450648,"idx":6},{"addr":140733811449218,"idx":7},{"addr":140733811441856,"idx":8},{"addr":140733811790261,"idx":9},{"addr":140733811785301,"idx":10},{"addr":140736738242841,"idx":11},{"addr":140736657687525,"idx":12},{"addr":140736657686325,"idx":13},{"addr":140736657683993,"idx":14},{"addr":140736658258217,"idx":15},{"addr":140736657749938,"idx":16},{"addr":140736657909615,"idx":17},{"addr":140736658079503,"idx":18},{"addr":140736897083607,"idx":19},{"addr":140736916996940,"idx":20}],,,,,,,,,,,,,,,,,,,1536,0,9380,,,,,,,,,,,,,,,,,,,,,,,,,,,,,,,,,,,,,,,,,,,,,,,,,,,,,,,,,,,,,,,,,,,,,,,,,,,,,,,,,,,,,,,,,,,,,,,,,,,
"2025-09-02 15:13:10.7445195Z","ETW","Microsoft-Windows-Kernel-Audit-API-Calls",5,"Info ",5732,3592,"EDRi.exe",,,,,,,,,,,,,,,,[{"addr":140736918209220,"idx":0},{"addr":140736872957146,"idx":1},{"addr":140736872946710,"idx":2},{"addr":140736897140436,"idx":3},{"addr":140736876937212,"idx":4},{"addr":140736876936622,"idx":5},{"addr":140736877209417,"idx":6},{"addr":140736877212275,"idx":7},{"addr":140699877794914,"idx":8},{"addr":140699877877124,"idx":9},{"addr":140736897083607,"idx":10},{"addr":140736916996940,"idx":11}],,,,,,,,,,,,,,,,,,,1024,0,9380,,,,,,,,,,,,,,,,,,,,,,,,,,,,,,,,,,,,,,,,,,,,,,,,,,,,,,,,,,,,,,,,,,,,,,,,,,,,,,,,,,,,,,,,,,,,,,,,,,,
"2025-09-02 15:13:10.7445626Z","ETW","Microsoft-Windows-Kernel-Audit-API-Calls",5,"Info ",1912,22008,"MsMpEng.exe",,,,,,,,,,,,,,,,[{"addr":140736918203764,"idx":0},{"addr":140736872731894,"idx":1},{"addr":140733810479103,"idx":2},{"addr":140733810478599,"idx":3},{"addr":140733810481824,"idx":4},{"addr":140733811992461,"idx":5},{"addr":140733811987347,"idx":6},{"addr":140733811996001,"idx":7},{"addr":140733811994278,"idx":8},{"addr":140733810447018,"idx":9},{"addr":140733810434825,"idx":10},{"addr":140733810436081,"idx":11},{"addr":140733810435993,"idx":12},{"addr":140733812865289,"idx":13},{"addr":140733811799252,"idx":14},{"addr":140733811789863,"idx":15},{"addr":140733811785301,"idx":16},{"addr":140736738242841,"idx":17},{"addr":140736657613597,"idx":18},{"addr":140736657838177,"idx":19},{"addr":140736749360292,"idx":20},{"addr":140736749360015,"idx":21},{"addr":140736917255712,"idx":22},{"addr":140736917350945,"idx":23},{"addr":140736897083607,"idx":24},{"addr":140736916996940,"idx":25}],,,,,,,,,,,,,,,,,,,4096,0,9380,,,,,,,,,,,,,,,,,,,,,,,,,,,,,,,,,,,,,,,,,,,,,,,,,,,,,,,,,,,,,,,,,,,,,,,,,,,,,,,,,,,,,,,,,,,,,,,,,,,
"2025-09-02 15:13:10.7446021Z","ETW","Microsoft-Windows-Kernel-Audit-API-Calls",5,"Info ",5732,3592,"EDRi.exe",,,,,,,,,,,,,,,,[{"addr":140736918209220,"idx":0},{"addr":140736872957146,"idx":1},{"addr":140736872946710,"idx":2},{"addr":140736897140436,"idx":3},{"addr":140736876937212,"idx":4},{"addr":140736876936622,"idx":5},{"addr":140736877209417,"idx":6},{"addr":140736877212275,"idx":7},{"addr":140699877794914,"idx":8},{"addr":140699877877124,"idx":9},{"addr":140736897083607,"idx":10},{"addr":140736916996940,"idx":11}],,,,,,,,,,,,,,,,,,,1024,0,5732,,,,,,,,,,,,,,,,,,,,,,,,,,,,,,,,,,,,,,,,,,,,,,,,,,,,,,,,,,,,,,,,,,,,,,,,,,,,,,,,,,,,,,,,,,,,,,,,,,,
"2025-09-02 15:13:10.7448712Z","ETW","Microsoft-Windows-Kernel-Process",3,"ThreadStartStart ",5732,3592,"EDRi.exe",,,,,,,,,,,,,,,,[{"addr":140736918209220,"idx":0},{"addr":140736872957146,"idx":1},{"addr":140736872946710,"idx":2},{"addr":140736897140436,"idx":3},{"addr":140736876937212,"idx":4},{"addr":140736876936622,"idx":5},{"addr":140736877209417,"idx":6},{"addr":140736877212275,"idx":7},{"addr":140699877794914,"idx":8},{"addr":140699877877124,"idx":9},{"addr":140736897083607,"idx":10},{"addr":140736916996940,"idx":11}],,,,,,,,,9380,18446639081551335424,18446639081551310848,140695049436368,0,1065362132992,2844,1065364750336,1065363718144,140695049436368,,,,,,,,,,,,,,,,,,,,,,,,,,,,,,,,,,,,,,,,,,,,,,,,,,,,,,,,,,,,,,,,,,,,,,,,,,,,,,,,,,,,,,,,,,,,,,,,,,,,,,
"2025-09-02 15:13:10.7455961Z","ETW","Microsoft-Antimalware-Engine",59,"Message Info ",1912,22008,"MsMpEng.exe",,,,,,0,"Behavior:Win32/ProcfromOfficeWmi.A","0x25B3CC65E091","8fa40716e9a7e71d26950ac358df39fd6ecba4f0",,,,,,,[],,,,,,,,,,,,,,,,,,,,,,,,,,,,,,,,,,,,,,,,,,,,,,,,,,,,,,,,,,,,,,,,,,,,,,,,,,,,,,,,,,,,,,,,,,,,,,,,,,,,,,,,,,,,,,,,,,,,,,,,
"2025-09-02 15:13:10.7456732Z","ETW","Microsoft-Windows-Kernel-Audit-API-Calls",5,"Info ",760,776,"csrss.exe",,,,,,,,,,,,,,,,[{"addr":140736918203764,"idx":0},{"addr":140736867430364,"idx":1},{"addr":140736867572214,"idx":2},{"addr":140736916996962,"idx":3}],,,,,,,,,,,,,,,,,,,2097151,0,9380,,,,,,,,,,,,,,,,,,,,,,,,,,,,,,,,,,,,,,,,,,,,,,,,,,,,,,,,,,,,,,,,,,,,,,,,,,,,,,,,,,,,,,,,,,,,,,,,,,,
"2025-09-02 15:13:10.7456796Z","ETW","Microsoft-Windows-Kernel-Audit-API-Calls",6,"Info ",760,776,"csrss.exe",,,,,,,,,,,,,,,,[{"addr":140736918212548,"idx":0},{"addr":140736867430626,"idx":1},{"addr":140736867572214,"idx":2},{"addr":140736916996962,"idx":3}],,,,,,,,,,,,,,,,,,,2097151,0,9380,2844,,,,,,,,,,,,,,,,,,,,,,,,,,,,,,,,,,,,,,,,,,,,,,,,,,,,,,,,,,,,,,,,,,,,,,,,,,,,,,,,,,,,,,,,,,,,,,,,,,
"2025-09-02 15:13:10.7462549Z","ETW","Microsoft-Windows-Kernel-Process",5,"ImageLoadInfo ",9380,2844,"cmd.exe",,,,"C:\Windows\System32\cmd.exe",,,,,,,,,,,,[{"addr":140736916996896,"idx":0}],,,,,,,,,9380,,,,,,,,,,,,,,,,,,,,,,,,,,,,,,,,,,,,4203077948,140695049273344,140695049273344,399494,491520,,,,,,,,,,,,,,,,,,,,,,,,,,,,,,,,,,,,,,,,,,,,,,,,,,,,,,,,,,,,,,,,,,,,,,,
"2025-09-02 15:13:10.7462835Z","ETW","Microsoft-Windows-Kernel-Process",5,"ImageLoadInfo ",9380,2844,"cmd.exe",,,,"C:\Windows\System32\ntdll.dll",,,,,,,,,,,,[{"addr":140736916996896,"idx":0}],,,,,,,,,9380,,,,,,,,,,,,,,,,,,,,,,,,,,,,,,,,,,,,2512787800,140736916750336,140736916750336,2531053,2519040,,,,,,,,,,,,,,,,,,,,,,,,,,,,,,,,,,,,,,,,,,,,,,,,,,,,,,,,,,,,,,,,,,,,,,,
"2025-09-02 15:13:10.7464189Z","ETW","Microsoft-Windows-Kernel-Audit-API-Calls",6,"Info ",1912,8,"MsMpEng.exe",,,,,,,,,,,,,,,,[{"addr":140736918212548,"idx":0},{"addr":140736872857142,"idx":1},{"addr":140736738243895,"idx":2},{"addr":140736738242452,"idx":3},{"addr":140736657604428,"idx":4},{"addr":140736657598535,"idx":5},{"addr":140736657597146,"idx":6},{"addr":140736658259206,"idx":7},{"addr":140736657749938,"idx":8},{"addr":140736657909615,"idx":9},{"addr":140736658079503,"idx":10},{"addr":140736897083607,"idx":11},{"addr":140736916996940,"idx":12}],,,,,,,,,,,,,,,,,,,2097151,0,1912,8,,,,,,,,,,,,,,,,,,,,,,,,,,,,,,,,,,,,,,,,,,,,,,,,,,,,,,,,,,,,,,,,,,,,,,,,,,,,,,,,,,,,,,,,,,,,,,,,,,
"2025-09-02 15:13:10.7464522Z","ETW","Microsoft-Windows-Kernel-Audit-API-Calls",5,"Info ",1912,8,"MsMpEng.exe",,,,,,,,,,,,,,,,[{"addr":140736918203764,"idx":0},{"addr":140736872731894,"idx":1},{"addr":140733810479103,"idx":2},{"addr":140733810478599,"idx":3},{"addr":140733809630809,"idx":4},{"addr":140733809420559,"idx":5},{"addr":140733811789991,"idx":6},{"addr":140733811785301,"idx":7},{"addr":140736738242841,"idx":8},{"addr":140736657604428,"idx":9},{"addr":140736657598535,"idx":10},{"addr":140736657597146,"idx":11},{"addr":140736658259206,"idx":12},{"addr":140736657749938,"idx":13},{"addr":140736657909615,"idx":14},{"addr":140736658079503,"idx":15},{"addr":140736897083607,"idx":16},{"addr":140736916996940,"idx":17}],,,,,,,,,,,,,,,,,,,1052672,0,9380,,,,,,,,,,,,,,,,,,,,,,,,,,,,,,,,,,,,,,,,,,,,,,,,,,,,,,,,,,,,,,,,,,,,,,,,,,,,,,,,,,,,,,,,,,,,,,,,,,,
"2025-09-02 15:13:10.7465522Z","ETW","Microsoft-Windows-Kernel-Audit-API-Calls",5,"Info ",1912,22008,"MsMpEng.exe",,,,,,,,,,,,,,,,[{"addr":140736918203764,"idx":0},{"addr":140736872731894,"idx":1},{"addr":140733810479103,"idx":2},{"addr":140733810478599,"idx":3},{"addr":140733811467421,"idx":4},{"addr":140733811466488,"idx":5},{"addr":140733810456992,"idx":6},{"addr":140733810413765,"idx":7},{"addr":140733810417057,"idx":8},{"addr":140733810415802,"idx":9},{"addr":140733810413462,"idx":10},{"addr":140733810411633,"idx":11},{"addr":140733810411092,"idx":12},{"addr":140733815162932,"idx":13},{"addr":140733815162655,"idx":14},{"addr":140736917255712,"idx":15},{"addr":140736917350945,"idx":16},{"addr":140736897083607,"idx":17},{"addr":140736916996940,"idx":18}],,,,,,,,,,,,,,,,,,,5136,0,5732,,,,,,,,,,,,,,,,,,,,,,,,,,,,,,,,,,,,,,,,,,,,,,,,,,,,,,,,,,,,,,,,,,,,,,,,,,,,,,,,,,,,,,,,,,,,,,,,,,,
"2025-09-02 15:13:10.7471643Z","ETW","Microsoft-Antimalware-Engine",59,"Message Info ",1912,22008,"MsMpEng.exe",,,,,,0,"!#BMLowfiTrigger.A","0xDBB39B890BFC","4dbf7bd615cfae8829011e03de200a1bc0bab7d3",,,,,,,[],,,,,,,,,,,,,,,,,,,,,,,,,,,,,,,,,,,,,,,,,,,,,,,,,,,,,,,,,,,,,,,,,,,,,,,,,,,,,,,,,,,,,,,,,,,,,,,,,,,,,,,,,,,,,,,,,,,,,,,,
"2025-09-02 15:13:10.7472232Z","ETW","Microsoft-Antimalware-Engine",59,"Message Info ",1912,3012,"MsMpEng.exe",,,,,,0,"!#BM:ParentToInteractiveRelay.A","0x41B393E77B73","89696bd1a3201a3cc488e4e1f5734171b62aa66e",,,,,,,[],,,,,,,,,,,,,,,,,,,,,,,,,,,,,,,,,,,,,,,,,,,,,,,,,,,,,,,,,,,,,,,,,,,,,,,,,,,,,,,,,,,,,,,,,,,,,,,,,,,,,,,,,,,,,,,,,,,,,,,,
"2025-09-02 15:13:10.7477809Z","ETW","Microsoft-Windows-Kernel-Audit-API-Calls",5,"Info ",1912,3012,"MsMpEng.exe",,,,,,,,,,,,,,,,[{"addr":140736918203764,"idx":0},{"addr":140736872731894,"idx":1},{"addr":140733810479103,"idx":2},{"addr":140733810478599,"idx":3},{"addr":140733811467421,"idx":4},{"addr":140733811466488,"idx":5},{"addr":140733810456419,"idx":6},{"addr":140733810413765,"idx":7},{"addr":140733810417057,"idx":8},{"addr":140733810415802,"idx":9},{"addr":140733810413462,"idx":10},{"addr":140733809657173,"idx":11},{"addr":140733810411971,"idx":12},{"addr":140733810411092,"idx":13},{"addr":140733815162932,"idx":14},{"addr":140733815162655,"idx":15},{"addr":140736917255712,"idx":16},{"addr":140736917350945,"idx":17},{"addr":140736897083607,"idx":18},{"addr":140736916996940,"idx":19}],,,,,,,,,,,,,,,,,,,5136,0,9380,,,,,,,,,,,,,,,,,,,,,,,,,,,,,,,,,,,,,,,,,,,,,,,,,,,,,,,,,,,,,,,,,,,,,,,,,,,,,,,,,,,,,,,,,,,,,,,,,,,
"2025-09-02 15:13:10.7530483Z","ETW","Microsoft-Windows-Kernel-Process",4,"ThreadStopStop ",9332,7084,"svchost.exe",,,,,,,,,,,,,,,,[],,,,,,,,658540,9332,18446639081673809920,18446639081673785344,140736917348896,0,270201012224,7084,270202306560,270202273792,140736917348896,,,,,,,,,,,,,,,,,,,,,,,,,,,,,,,,,,,,,,,,,,,,,,,,,,,,,,,,,,,,,,,,,,,,,,,,,,,,,,,,,,,,,,,,,,,,,,,,,,,,,,
"2025-09-02 15:13:10.7556564Z","ETW","Microsoft-Windows-Kernel-Process",5,"ImageLoadInfo ",9380,2844,"cmd.exe",,,,"C:\Windows\System32\kernel32.dll",,,,,,,,,,,,[{"addr":140736918203828,"idx":0},{"addr":140736917192506,"idx":1},{"addr":140736917191278,"idx":2},{"addr":140736917190209,"idx":3},{"addr":140736916804181,"idx":4},{"addr":140736916785218,"idx":5},{"addr":140736916784352,"idx":6},{"addr":140736917101952,"idx":7},{"addr":140736917649076,"idx":8},{"addr":140736917165243,"idx":9},{"addr":140736917158036,"idx":10},{"addr":140736917157502,"idx":11},{"addr":140736916971470,"idx":12}],,,,,,,,,9380,,,,,,,,,,,,,,,,,,,,,,,,,,,,,,,,,,,,2842556120,140736896892928,140736896892928,880212,823296,,,,,,,,,,,,,,,,,,,,,,,,,,,,,,,,,,,,,,,,,,,,,,,,,,,,,,,,,,,,,,,,,,,,,,,
"2025-09-02 15:13:10.7557970Z","ETW","Microsoft-Windows-Kernel-Process",5,"ImageLoadInfo ",9380,2844,"cmd.exe",,,,"C:\Windows\System32\KernelBase.dll",,,,,,,,,,,,[{"addr":140736918203828,"idx":0},{"addr":140736917192506,"idx":1},{"addr":140736917191278,"idx":2},{"addr":140736917190209,"idx":3},{"addr":140736916798526,"idx":4},{"addr":140736916790798,"idx":5},{"addr":140736917191656,"idx":6},{"addr":140736917190209,"idx":7},{"addr":140736916804181,"idx":8},{"addr":140736916785218,"idx":9},{"addr":140736916784352,"idx":10},{"addr":140736917101952,"idx":11},{"addr":140736917649076,"idx":12},{"addr":140736917165243,"idx":13},{"addr":140736917158036,"idx":14},{"addr":140736917157502,"idx":15},{"addr":140736916971470,"idx":16}],,,,,,,,,9380,,,,,,,,,,,,,,,,,,,,,,,,,,,,,,,,,,,,1916522255,140736871923712,140736871923712,4150506,4128768,,,,,,,,,,,,,,,,,,,,,,,,,,,,,,,,,,,,,,,,,,,,,,,,,,,,,,,,,,,,,,,,,,,,,,,
"2025-09-02 15:13:10.7564054Z","ETW","Microsoft-Windows-Kernel-Audit-API-Calls",5,"Info ",3476,6236,"conhost.exe",,,,,,,,,,,,,,,,[{"addr":140736918203764,"idx":0},{"addr":140736872731894,"idx":1},{"addr":140699016516677,"idx":2},{"addr":140699016512397,"idx":3},{"addr":140699016511015,"idx":4},{"addr":140699016520465,"idx":5},{"addr":140736897083607,"idx":6},{"addr":140736916996940,"idx":7}],,,,,,,,,,,,,,,,,,,33554432,0,9380,,,,,,,,,,,,,,,,,,,,,,,,,,,,,,,,,,,,,,,,,,,,,,,,,,,,,,,,,,,,,,,,,,,,,,,,,,,,,,,,,,,,,,,,,,,,,,,,,,,
"2025-09-02 15:13:10.7572388Z","ETW","Microsoft-Windows-Kernel-Process",5,"ImageLoadInfo ",9380,2844,"cmd.exe",,,,"C:\Windows\System32\ucrtbase.dll",,,,,,,,,,,,[{"addr":140736918203828,"idx":0},{"addr":140736917192506,"idx":1},{"addr":140736917191278,"idx":2},{"addr":140736917190209,"idx":3},{"addr":140736916798526,"idx":4},{"addr":140736916790798,"idx":5},{"addr":140736917165509,"idx":6},{"addr":140736917158036,"idx":7},{"addr":140736917157502,"idx":8},{"addr":140736916971470,"idx":9}],,,,,,,,,9380,,,,,,,,,,,,,,,,,,,,,,,,,,,,,,,,,,,,3686092271,140736876314624,140736876314624,1418583,1355776,,,,,,,,,,,,,,,,,,,,,,,,,,,,,,,,,,,,,,,,,,,,,,,,,,,,,,,,,,,,,,,,,,,,,,,
"2025-09-02 15:13:10.7573716Z","ETW","Microsoft-Windows-Kernel-Process",3,"ThreadStartStart ",9380,2844,"cmd.exe",,,,,,,,,,,,,,,,[{"addr":140736918214756,"idx":0},{"addr":140736917348769,"idx":1},{"addr":140736917700534,"idx":2},{"addr":140736916791223,"idx":3},{"addr":140736917191656,"idx":4},{"addr":140736917190209,"idx":5},{"addr":140736916798526,"idx":6},{"addr":140736916790798,"idx":7},{"addr":140736917165509,"idx":8},{"addr":140736917158036,"idx":9},{"addr":140736917157502,"idx":10},{"addr":140736916971470,"idx":11}],,,,,,,,,9380,18446639081550589952,18446639081550565376,140736917348896,0,1065362141184,14592,1065365798912,1065364766720,140736917348896,,,,,,,,,,,,,,,,,,,,,,,,,,,,,,,,,,,,,,,,,,,,,,,,,,,,,,,,,,,,,,,,,,,,,,,,,,,,,,,,,,,,,,,,,,,,,,,,,,,,,,
"2025-09-02 15:13:10.7578289Z","ETW","Microsoft-Windows-Kernel-Audit-API-Calls",6,"Info ",9380,2844,"cmd.exe",,,,,,,,,,,,,,,,[{"addr":140736918212548,"idx":0},{"addr":140736872857142,"idx":1},{"addr":140695049517664,"idx":2},{"addr":140695049436235,"idx":3},{"addr":140736897083607,"idx":4},{"addr":140736916996940,"idx":5}],,,,,,,,,,,,,,,,,,,2097151,0,9380,2844,,,,,,,,,,,,,,,,,,,,,,,,,,,,,,,,,,,,,,,,,,,,,,,,,,,,,,,,,,,,,,,,,,,,,,,,,,,,,,,,,,,,,,,,,,,,,,,,,,
"2025-09-02 15:13:10.7603312Z","ETW","Microsoft-Windows-Kernel-Process",5,"ImageLoadInfo ",9380,2844,"cmd.exe",,,,"C:\Windows\System32\sechost.dll",,,,,,,,,,,,[{"addr":140736918203828,"idx":0},{"addr":140736917192506,"idx":1},{"addr":140736917191278,"idx":2},{"addr":140736917190209,"idx":3},{"addr":140736916804181,"idx":4},{"addr":140736916785218,"idx":5},{"addr":140736916786774,"idx":6},{"addr":140736917021315,"idx":7},{"addr":140736917023197,"idx":8},{"addr":140736873012562,"idx":9},{"addr":140736873180687,"idx":10},{"addr":140736872953763,"idx":11},{"addr":140736872946710,"idx":12},{"addr":140736897140436,"idx":13},{"addr":140695049423564,"idx":14},{"addr":140695049421664,"idx":15},{"addr":140695049348674,"idx":16},{"addr":140695049318515,"idx":17},{"addr":140695049517993,"idx":18},{"addr":140695049436235,"idx":19},{"addr":140736897083607,"idx":20},{"addr":140736916996940,"idx":21}],,,,,,,,,9380,,,,,,,,,,,,,,,,,,,,,,,,,,,,,,,,,,,,918957807,140736881033216,140736881033216,733904,679936,,,,,,,,,,,,,,,,,,,,,,,,,,,,,,,,,,,,,,,,,,,,,,,,,,,,,,,,,,,,,,,,,,,,,,,
"2025-09-02 15:13:10.7610346Z","ETW","Microsoft-Windows-Kernel-Process",1,"ProcessStartStart ",9380,2844,"cmd.exe",,,,"C:\Windows\explorer.exe",,,,,,,,,,,,[{"addr":140736918209220,"idx":0},{"addr":140736872957146,"idx":1},{"addr":140736872946710,"idx":2},{"addr":140736897140436,"idx":3},{"addr":140695049423564,"idx":4},{"addr":140695049421664,"idx":5},{"addr":140695049348674,"idx":6},{"addr":140695049318515,"idx":7},{"addr":140695049517993,"idx":8},{"addr":140695049436235,"idx":9},{"addr":140736897083607,"idx":10},{"addr":140736916996940,"idx":11}],,,,,,,,,12248,,,,,,,,,,,,,,,,,,,,,,,134012995907609986,0,3042828,"0x","","",9380,31815,31816,2,1,0,1,3173288389,,,,,,,,,,,,,,,,,,,,,,,,,,,,,,,,,,,,,,,,,,,,,,,,,,,,,,,,,,,,,,,,,,,,,,,,,,,
"2025-09-02 15:13:10.7611236Z","ETW","Microsoft-Windows-Kernel-Audit-API-Calls",6,"Info ",1912,8,"MsMpEng.exe",,,,,,,,,,,,,,,,[{"addr":140736918212548,"idx":0},{"addr":140736872857142,"idx":1},{"addr":140736738243895,"idx":2},{"addr":140736738242452,"idx":3},{"addr":140736657687525,"idx":4},{"addr":140736657686325,"idx":5},{"addr":140736657683993,"idx":6},{"addr":140736658258217,"idx":7},{"addr":140736657749938,"idx":8},{"addr":140736657909615,"idx":9},{"addr":140736658079503,"idx":10},{"addr":140736897083607,"idx":11},{"addr":140736916996940,"idx":12}],,,,,,,,,,,,,,,,,,,2097151,0,1912,8,,,,,,,,,,,,,,,,,,,,,,,,,,,,,,,,,,,,,,,,,,,,,,,,,,,,,,,,,,,,,,,,,,,,,,,,,,,,,,,,,,,,,,,,,,,,,,,,,,
"2025-09-02 15:13:10.7628530Z","ETW","Microsoft-Windows-Kernel-Audit-API-Calls",5,"Info ",1912,8,"MsMpEng.exe",,,,,,,,,,,,,,,,[{"addr":140736918203764,"idx":0},{"addr":140736872731894,"idx":1},{"addr":140733815122067,"idx":2},{"addr":140733813533757,"idx":3},{"addr":140733820783122,"idx":4},{"addr":140733811457761,"idx":5},{"addr":140733811450648,"idx":6},{"addr":140733811449218,"idx":7},{"addr":140733811441856,"idx":8},{"addr":140733811790261,"idx":9},{"addr":140733811785301,"idx":10},{"addr":140736738242841,"idx":11},{"addr":140736657687525,"idx":12},{"addr":140736657686325,"idx":13},{"addr":140736657683993,"idx":14},{"addr":140736658258217,"idx":15},{"addr":140736657749938,"idx":16},{"addr":140736657909615,"idx":17},{"addr":140736658079503,"idx":18},{"addr":140736897083607,"idx":19},{"addr":140736916996940,"idx":20}],,,,,,,,,,,,,,,,,,,1536,0,12248,,,,,,,,,,,,,,,,,,,,,,,,,,,,,,,,,,,,,,,,,,,,,,,,,,,,,,,,,,,,,,,,,,,,,,,,,,,,,,,,,,,,,,,,,,,,,,,,,,,
"2025-09-02 15:13:10.7629954Z","ETW","Microsoft-Windows-Kernel-Audit-API-Calls",5,"Info ",1912,11040,"MsMpEng.exe",,,,,,,,,,,,,,,,[{"addr":140736918203764,"idx":0},{"addr":140736872731894,"idx":1},{"addr":140733810479103,"idx":2},{"addr":140733810478599,"idx":3},{"addr":140733810481824,"idx":4},{"addr":140733811992461,"idx":5},{"addr":140733811987347,"idx":6},{"addr":140733811996001,"idx":7},{"addr":140733811994278,"idx":8},{"addr":140733810447018,"idx":9},{"addr":140733810434825,"idx":10},{"addr":140733810436081,"idx":11},{"addr":140733810435993,"idx":12},{"addr":140733812865289,"idx":13},{"addr":140733811799252,"idx":14},{"addr":140733811789863,"idx":15},{"addr":140733811785301,"idx":16},{"addr":140736738242841,"idx":17},{"addr":140736657613597,"idx":18},{"addr":140736657838177,"idx":19},{"addr":140736749360292,"idx":20},{"addr":140736749360015,"idx":21},{"addr":140736917255712,"idx":22},{"addr":140736917350945,"idx":23},{"addr":140736897083607,"idx":24},{"addr":140736916996940,"idx":25}],,,,,,,,,,,,,,,,,,,4096,0,12248,,,,,,,,,,,,,,,,,,,,,,,,,,,,,,,,,,,,,,,,,,,,,,,,,,,,,,,,,,,,,,,,,,,,,,,,,,,,,,,,,,,,,,,,,,,,,,,,,,,
"2025-09-02 15:13:10.7630565Z","ETW","Microsoft-Windows-Kernel-Audit-API-Calls",5,"Info ",9380,2844,"cmd.exe",,,,,,,,,,,,,,,,[{"addr":140736918209220,"idx":0},{"addr":140736872957146,"idx":1},{"addr":140736872946710,"idx":2},{"addr":140736897140436,"idx":3},{"addr":140695049423564,"idx":4},{"addr":140695049421664,"idx":5},{"addr":140695049348674,"idx":6},{"addr":140695049318515,"idx":7},{"addr":140695049517993,"idx":8},{"addr":140695049436235,"idx":9},{"addr":140736897083607,"idx":10},{"addr":140736916996940,"idx":11}],,,,,,,,,,,,,,,,,,,1024,0,12248,,,,,,,,,,,,,,,,,,,,,,,,,,,,,,,,,,,,,,,,,,,,,,,,,,,,,,,,,,,,,,,,,,,,,,,,,,,,,,,,,,,,,,,,,,,,,,,,,,,
"2025-09-02 15:13:10.7631338Z","ETW","Microsoft-Windows-Kernel-Audit-API-Calls",5,"Info ",9380,2844,"cmd.exe",,,,,,,,,,,,,,,,[{"addr":140736918209220,"idx":0},{"addr":140736872957146,"idx":1},{"addr":140736872946710,"idx":2},{"addr":140736897140436,"idx":3},{"addr":140695049423564,"idx":4},{"addr":140695049421664,"idx":5},{"addr":140695049348674,"idx":6},{"addr":140695049318515,"idx":7},{"addr":140695049517993,"idx":8},{"addr":140695049436235,"idx":9},{"addr":140736897083607,"idx":10},{"addr":140736916996940,"idx":11}],,,,,,,,,,,,,,,,,,,1024,0,9380,,,,,,,,,,,,,,,,,,,,,,,,,,,,,,,,,,,,,,,,,,,,,,,,,,,,,,,,,,,,,,,,,,,,,,,,,,,,,,,,,,,,,,,,,,,,,,,,,,,
"2025-09-02 15:13:10.7633351Z","ETW","Microsoft-Windows-Kernel-Process",3,"ThreadStartStart ",9380,2844,"cmd.exe",,,,,,,,,,,,,,,,[{"addr":140736918209220,"idx":0},{"addr":140736872957146,"idx":1},{"addr":140736872946710,"idx":2},{"addr":140736897140436,"idx":3},{"addr":140695049423564,"idx":4},{"addr":140695049421664,"idx":5},{"addr":140695049348674,"idx":6},{"addr":140695049318515,"idx":7},{"addr":140695049517993,"idx":8},{"addr":140695049436235,"idx":9},{"addr":140736897083607,"idx":10},{"addr":140736916996940,"idx":11}],,,,,,,,,12248,18446639081550417920,18446639081550393344,140696088445744,0,15867904,12160,14680064,14622720,140696088445744,,,,,,,,,,,,,,,,,,,,,,,,,,,,,,,,,,,,,,,,,,,,,,,,,,,,,,,,,,,,,,,,,,,,,,,,,,,,,,,,,,,,,,,,,,,,,,,,,,,,,,
"2025-09-02 15:13:10.7640937Z","ETW","Microsoft-Windows-Kernel-Audit-API-Calls",5,"Info ",760,848,"csrss.exe",,,,,,,,,,,,,,,,[{"addr":140736918203764,"idx":0},{"addr":140736867430364,"idx":1},{"addr":140736867572214,"idx":2},{"addr":140736916996962,"idx":3}],,,,,,,,,,,,,,,,,,,2097151,0,12248,,,,,,,,,,,,,,,,,,,,,,,,,,,,,,,,,,,,,,,,,,,,,,,,,,,,,,,,,,,,,,,,,,,,,,,,,,,,,,,,,,,,,,,,,,,,,,,,,,,
"2025-09-02 15:13:10.7641007Z","ETW","Microsoft-Windows-Kernel-Audit-API-Calls",6,"Info ",760,848,"csrss.exe",,,,,,,,,,,,,,,,[{"addr":140736918212548,"idx":0},{"addr":140736867430626,"idx":1},{"addr":140736867572214,"idx":2},{"addr":140736916996962,"idx":3}],,,,,,,,,,,,,,,,,,,2097151,0,12248,12160,,,,,,,,,,,,,,,,,,,,,,,,,,,,,,,,,,,,,,,,,,,,,,,,,,,,,,,,,,,,,,,,,,,,,,,,,,,,,,,,,,,,,,,,,,,,,,,,,,
"2025-09-02 15:13:10.7646073Z","ETW","Microsoft-Windows-Kernel-Audit-API-Calls",5,"Info ",1912,11040,"MsMpEng.exe",,,,,,,,,,,,,,,,[{"addr":140736918203764,"idx":0},{"addr":140736872731894,"idx":1},{"addr":140733810479103,"idx":2},{"addr":140733810478599,"idx":3},{"addr":140733811467421,"idx":4},{"addr":140733811466488,"idx":5},{"addr":140733810456992,"idx":6},{"addr":140733810413765,"idx":7},{"addr":140733810417057,"idx":8},{"addr":140733810415802,"idx":9},{"addr":140733810413462,"idx":10},{"addr":140733810411633,"idx":11},{"addr":140733810411092,"idx":12},{"addr":140733815162932,"idx":13},{"addr":140733815162655,"idx":14},{"addr":140736917255712,"idx":15},{"addr":140736917350945,"idx":16},{"addr":140736897083607,"idx":17},{"addr":140736916996940,"idx":18}],,,,,,,,,,,,,,,,,,,5136,0,9380,,,,,,,,,,,,,,,,,,,,,,,,,,,,,,,,,,,,,,,,,,,,,,,,,,,,,,,,,,,,,,,,,,,,,,,,,,,,,,,,,,,,,,,,,,,,,,,,,,,
"2025-09-02 15:13:10.7646990Z","ETW","Microsoft-Windows-Kernel-Process",5,"ImageLoadInfo ",12248,12160,"explorer.exe",,,,"C:\Windows\explorer.exe",,,,,,,,,,,,[{"addr":140736916996896,"idx":0}],,,,,,,,,12248,,,,,,,,,,,,,,,,,,,,,,,,,,,,,,,,,,,,3173288389,140696087691264,140696087691264,3042828,3026944,,,,,,,,,,,,,,,,,,,,,,,,,,,,,,,,,,,,,,,,,,,,,,,,,,,,,,,,,,,,,,,,,,,,,,,
"2025-09-02 15:13:10.7647389Z","ETW","Microsoft-Windows-Kernel-Process",5,"ImageLoadInfo ",12248,12160,"explorer.exe",,,,"C:\Windows\System32\ntdll.dll",,,,,,,,,,,,[{"addr":140736916996896,"idx":0}],,,,,,,,,12248,,,,,,,,,,,,,,,,,,,,,,,,,,,,,,,,,,,,2512787800,140736916750336,140736916750336,2531053,2519040,,,,,,,,,,,,,,,,,,,,,,,,,,,,,,,,,,,,,,,,,,,,,,,,,,,,,,,,,,,,,,,,,,,,,,,
"2025-09-02 15:13:10.7648713Z","ETW","Microsoft-Windows-Kernel-Audit-API-Calls",6,"Info ",1912,8,"MsMpEng.exe",,,,,,,,,,,,,,,,[{"addr":140736918212548,"idx":0},{"addr":140736872857142,"idx":1},{"addr":140736738243895,"idx":2},{"addr":140736738242452,"idx":3},{"addr":140736657604428,"idx":4},{"addr":140736657598535,"idx":5},{"addr":140736657597146,"idx":6},{"addr":140736658259206,"idx":7},{"addr":140736657749938,"idx":8},{"addr":140736657909615,"idx":9},{"addr":140736658079503,"idx":10},{"addr":140736897083607,"idx":11},{"addr":140736916996940,"idx":12}],,,,,,,,,,,,,,,,,,,2097151,0,1912,8,,,,,,,,,,,,,,,,,,,,,,,,,,,,,,,,,,,,,,,,,,,,,,,,,,,,,,,,,,,,,,,,,,,,,,,,,,,,,,,,,,,,,,,,,,,,,,,,,,
"2025-09-02 15:13:10.7648976Z","ETW","Microsoft-Windows-Kernel-Audit-API-Calls",5,"Info ",1912,8,"MsMpEng.exe",,,,,,,,,,,,,,,,[{"addr":140736918203764,"idx":0},{"addr":140736872731894,"idx":1},{"addr":140733810479103,"idx":2},{"addr":140733810478599,"idx":3},{"addr":140733809630809,"idx":4},{"addr":140733809420559,"idx":5},{"addr":140733811789991,"idx":6},{"addr":140733811785301,"idx":7},{"addr":140736738242841,"idx":8},{"addr":140736657604428,"idx":9},{"addr":140736657598535,"idx":10},{"addr":140736657597146,"idx":11},{"addr":140736658259206,"idx":12},{"addr":140736657749938,"idx":13},{"addr":140736657909615,"idx":14},{"addr":140736658079503,"idx":15},{"addr":140736897083607,"idx":16},{"addr":140736916996940,"idx":17}],,,,,,,,,,,,,,,,,,,1052672,0,12248,,,,,,,,,,,,,,,,,,,,,,,,,,,,,,,,,,,,,,,,,,,,,,,,,,,,,,,,,,,,,,,,,,,,,,,,,,,,,,,,,,,,,,,,,,,,,,,,,,,
"2025-09-02 15:13:10.7649342Z","ETW","Microsoft-Windows-Kernel-Audit-API-Calls",5,"Info ",1912,10404,"MsMpEng.exe",,,,,,,,,,,,,,,,[{"addr":140736918203764,"idx":0},{"addr":140736872731894,"idx":1},{"addr":140733810479103,"idx":2},{"addr":140733810478599,"idx":3},{"addr":140733811467421,"idx":4},{"addr":140733811466488,"idx":5},{"addr":140733810456992,"idx":6},{"addr":140733810413765,"idx":7},{"addr":140733810417057,"idx":8},{"addr":140733810415802,"idx":9},{"addr":140733810413462,"idx":10},{"addr":140733810411633,"idx":11},{"addr":140733810411092,"idx":12},{"addr":140733815162932,"idx":13},{"addr":140733815162655,"idx":14},{"addr":140736917255712,"idx":15},{"addr":140736917350945,"idx":16},{"addr":140736897083607,"idx":17},{"addr":140736916996940,"idx":18}],,,,,,,,,,,,,,,,,,,5136,0,5732,,,,,,,,,,,,,,,,,,,,,,,,,,,,,,,,,,,,,,,,,,,,,,,,,,,,,,,,,,,,,,,,,,,,,,,,,,,,,,,,,,,,,,,,,,,,,,,,,,,
"2025-09-02 15:13:10.7653461Z","ETW","Microsoft-Antimalware-Engine",59,"Message Info ",1912,13020,"MsMpEng.exe",,,,,,0,"Behavior:Win32/LolBinInj.D","0x15B3C1BE95E1","3248011e0b8bf539a4f9aae0cccb1bd0dc6f0bde",,,,,,,[],,,,,,,,,,,,,,,,,,,,,,,,,,,,,,,,,,,,,,,,,,,,,,,,,,,,,,,,,,,,,,,,,,,,,,,,,,,,,,,,,,,,,,,,,,,,,,,,,,,,,,,,,,,,,,,,,,,,,,,,
"2025-09-02 15:13:10.7659973Z","ETW","Microsoft-Antimalware-Engine",59,"Message Info ",1912,13020,"MsMpEng.exe",,,,,,0,"Behavior:Win32/LolBinInj.D","0x15B3C1BE95E1","3248011e0b8bf539a4f9aae0cccb1bd0dc6f0bde",,,,,,,[],,,,,,,,,,,,,,,,,,,,,,,,,,,,,,,,,,,,,,,,,,,,,,,,,,,,,,,,,,,,,,,,,,,,,,,,,,,,,,,,,,,,,,,,,,,,,,,,,,,,,,,,,,,,,,,,,,,,,,,,
"2025-09-02 15:13:10.7661090Z","ETW","Microsoft-Windows-Kernel-Audit-API-Calls",5,"Info ",1912,13020,"MsMpEng.exe",,,,,,,,,,,,,,,,[{"addr":140736918203764,"idx":0},{"addr":140736872731894,"idx":1},{"addr":140733810479103,"idx":2},{"addr":140733810478599,"idx":3},{"addr":140733811467421,"idx":4},{"addr":140733811466488,"idx":5},{"addr":140733810456419,"idx":6},{"addr":140733810413765,"idx":7},{"addr":140733810417057,"idx":8},{"addr":140733810415802,"idx":9},{"addr":140733810413462,"idx":10},{"addr":140733809657173,"idx":11},{"addr":140733810411971,"idx":12},{"addr":140733810411092,"idx":13},{"addr":140733815162932,"idx":14},{"addr":140733815162655,"idx":15},{"addr":140736917255712,"idx":16},{"addr":140736917350945,"idx":17},{"addr":140736897083607,"idx":18},{"addr":140736916996940,"idx":19}],,,,,,,,,,,,,,,,,,,5136,0,12248,,,,,,,,,,,,,,,,,,,,,,,,,,,,,,,,,,,,,,,,,,,,,,,,,,,,,,,,,,,,,,,,,,,,,,,,,,,,,,,,,,,,,,,,,,,,,,,,,,,
"2025-09-02 15:13:10.7706264Z","ETW","Microsoft-Windows-Kernel-Process",5,"ImageLoadInfo ",12248,12160,"explorer.exe",,,,"C:\Windows\System32\kernel32.dll",,,,,,,,,,,,[{"addr":140736918203828,"idx":0},{"addr":140736917192506,"idx":1},{"addr":140736917191278,"idx":2},{"addr":140736917190209,"idx":3},{"addr":140736916804181,"idx":4},{"addr":140736916785218,"idx":5},{"addr":140736916784352,"idx":6},{"addr":140736917101952,"idx":7},{"addr":140736917649076,"idx":8},{"addr":140736917165243,"idx":9},{"addr":140736917158036,"idx":10},{"addr":140736917157502,"idx":11},{"addr":140736916971470,"idx":12}],,,,,,,,,12248,,,,,,,,,,,,,,,,,,,,,,,,,,,,,,,,,,,,2842556120,140736896892928,140736896892928,880212,823296,,,,,,,,,,,,,,,,,,,,,,,,,,,,,,,,,,,,,,,,,,,,,,,,,,,,,,,,,,,,,,,,,,,,,,,
"2025-09-02 15:13:10.7707673Z","ETW","Microsoft-Windows-Kernel-Process",5,"ImageLoadInfo ",12248,12160,"explorer.exe",,,,"C:\Windows\System32\KernelBase.dll",,,,,,,,,,,,[{"addr":140736918203828,"idx":0},{"addr":140736917192506,"idx":1},{"addr":140736917191278,"idx":2},{"addr":140736917190209,"idx":3},{"addr":140736916798526,"idx":4},{"addr":140736916790798,"idx":5},{"addr":140736917191656,"idx":6},{"addr":140736917190209,"idx":7},{"addr":140736916804181,"idx":8},{"addr":140736916785218,"idx":9},{"addr":140736916784352,"idx":10},{"addr":140736917101952,"idx":11},{"addr":140736917649076,"idx":12},{"addr":140736917165243,"idx":13},{"addr":140736917158036,"idx":14},{"addr":140736917157502,"idx":15},{"addr":140736916971470,"idx":16}],,,,,,,,,12248,,,,,,,,,,,,,,,,,,,,,,,,,,,,,,,,,,,,1916522255,140736871923712,140736871923712,4150506,4128768,,,,,,,,,,,,,,,,,,,,,,,,,,,,,,,,,,,,,,,,,,,,,,,,,,,,,,,,,,,,,,,,,,,,,,,
"2025-09-02 15:13:10.7719819Z","ETW","Microsoft-Windows-Kernel-Process",5,"ImageLoadInfo ",12248,12160,"explorer.exe",,,,"C:\Windows\System32\msvcp_win.dll",,,,,,,,,,,,[{"addr":140736918203828,"idx":0},{"addr":140736917192506,"idx":1},{"addr":140736917191278,"idx":2},{"addr":140736917190209,"idx":3},{"addr":140736916798526,"idx":4},{"addr":140736916790798,"idx":5},{"addr":140736917165509,"idx":6},{"addr":140736917158036,"idx":7},{"addr":140736917157502,"idx":8},{"addr":140736916971470,"idx":9}],,,,,,,,,12248,,,,,,,,,,,,,,,,,,,,,,,,,,,,,,,,,,,,2240469762,140736868319232,140736868319232,703256,667648,,,,,,,,,,,,,,,,,,,,,,,,,,,,,,,,,,,,,,,,,,,,,,,,,,,,,,,,,,,,,,,,,,,,,,,
"2025-09-02 15:13:10.7721169Z","ETW","Microsoft-Windows-Kernel-Process",5,"ImageLoadInfo ",12248,12160,"explorer.exe",,,,"C:\Windows\System32\ucrtbase.dll",,,,,,,,,,,,[{"addr":140736918203828,"idx":0},{"addr":140736917192506,"idx":1},{"addr":140736917191278,"idx":2},{"addr":140736917190209,"idx":3},{"addr":140736916798526,"idx":4},{"addr":140736916790798,"idx":5},{"addr":140736917191656,"idx":6},{"addr":140736917190209,"idx":7},{"addr":140736916798526,"idx":8},{"addr":140736916790798,"idx":9},{"addr":140736917165509,"idx":10},{"addr":140736917158036,"idx":11},{"addr":140736917157502,"idx":12},{"addr":140736916971470,"idx":13}],,,,,,,,,12248,,,,,,,,,,,,,,,,,,,,,,,,,,,,,,,,,,,,3686092271,140736876314624,140736876314624,1418583,1355776,,,,,,,,,,,,,,,,,,,,,,,,,,,,,,,,,,,,,,,,,,,,,,,,,,,,,,,,,,,,,,,,,,,,,,,
"2025-09-02 15:13:10.7722689Z","ETW","Microsoft-Windows-Kernel-Process",3,"ThreadStartStart ",12248,12160,"explorer.exe",,,,,,,,,,,,,,,,[{"addr":140736918214756,"idx":0},{"addr":140736917348769,"idx":1},{"addr":140736917700534,"idx":2},{"addr":140736916791223,"idx":3},{"addr":140736917191656,"idx":4},{"addr":140736917190209,"idx":5},{"addr":140736916798526,"idx":6},{"addr":140736916790798,"idx":7},{"addr":140736917191656,"idx":8},{"addr":140736917190209,"idx":9},{"addr":140736916798526,"idx":10},{"addr":140736916790798,"idx":11},{"addr":140736917165509,"idx":12},{"addr":140736917158036,"idx":13},{"addr":140736917157502,"idx":14},{"addr":140736916971470,"idx":15}],,,,,,,,,12248,18446639081549811712,18446639081549787136,140736917348896,0,15876096,10012,20578304,20520960,140736917348896,,,,,,,,,,,,,,,,,,,,,,,,,,,,,,,,,,,,,,,,,,,,,,,,,,,,,,,,,,,,,,,,,,,,,,,,,,,,,,,,,,,,,,,,,,,,,,,,,,,,,,
"2025-09-02 15:13:10.7723688Z","ETW","Microsoft-Windows-Kernel-Process",3,"ThreadStartStart ",12248,10012,"explorer.exe",,,,,,,,,,,,,,,,[{"addr":140736918214756,"idx":0},{"addr":140736917257428,"idx":1},{"addr":140736917254706,"idx":2},{"addr":140736917350945,"idx":3},{"addr":140736897083607,"idx":4},{"addr":140736916996940,"idx":5}],,,,,,,,,12248,18446639081546514432,18446639081546489856,140736917348896,0,15884288,6708,21102592,21045248,140736917348896,,,,,,,,,,,,,,,,,,,,,,,,,,,,,,,,,,,,,,,,,,,,,,,,,,,,,,,,,,,,,,,,,,,,,,,,,,,,,,,,,,,,,,,,,,,,,,,,,,,,,,
"2025-09-02 15:13:10.7723816Z","ETW","Microsoft-Windows-Kernel-Process",5,"ImageLoadInfo ",12248,12160,"explorer.exe",,,,"C:\Windows\System32\combase.dll",,,,,,,,,,,,[{"addr":140736918203828,"idx":0},{"addr":140736917192506,"idx":1},{"addr":140736917191278,"idx":2},{"addr":140736917190209,"idx":3},{"addr":140736916798526,"idx":4},{"addr":140736916790798,"idx":5},{"addr":140736917165509,"idx":6},{"addr":140736917158036,"idx":7},{"addr":140736917157502,"idx":8},{"addr":140736916971470,"idx":9}],,,,,,,,,12248,,,,,,,,,,,,,,,,,,,,,,,,,,,,,,,,,,,,670765882,140736909082624,140736909082624,3776119,3690496,,,,,,,,,,,,,,,,,,,,,,,,,,,,,,,,,,,,,,,,,,,,,,,,,,,,,,,,,,,,,,,,,,,,,,,
"2025-09-02 15:13:10.7725641Z","ETW","Microsoft-Windows-Kernel-Process",5,"ImageLoadInfo ",12248,12160,"explorer.exe",,,,"C:\Windows\System32\rpcrt4.dll",,,,,,,,,,,,[{"addr":140736918203828,"idx":0},{"addr":140736917192506,"idx":1},{"addr":140736917191278,"idx":2},{"addr":140736917190209,"idx":3},{"addr":140736916798526,"idx":4},{"addr":140736916790798,"idx":5},{"addr":140736917191656,"idx":6},{"addr":140736917190209,"idx":7},{"addr":140736916798526,"idx":8},{"addr":140736916790798,"idx":9},{"addr":140736917165509,"idx":10},{"addr":140736917158036,"idx":11},{"addr":140736917157502,"idx":12},{"addr":140736916971470,"idx":13}],,,,,,,,,12248,,,,,,,,,,,,,,,,,,,,,,,,,,,,,,,,,,,,755903142,140736881754112,140736881754112,1201440,1146880,,,,,,,,,,,,,,,,,,,,,,,,,,,,,,,,,,,,,,,,,,,,,,,,,,,,,,,,,,,,,,,,,,,,,,,
"2025-09-02 15:13:10.7728204Z","ETW","Microsoft-Windows-Kernel-Process",5,"ImageLoadInfo ",12248,12160,"explorer.exe",,,,"C:\Windows\System32\oleaut32.dll",,,,,,,,,,,,[{"addr":140736918203828,"idx":0},{"addr":140736917192506,"idx":1},{"addr":140736917191278,"idx":2},{"addr":140736917190209,"idx":3},{"addr":140736916798526,"idx":4},{"addr":140736916790798,"idx":5},{"addr":140736917165509,"idx":6},{"addr":140736917158036,"idx":7},{"addr":140736917157502,"idx":8},{"addr":140736916971470,"idx":9}],,,,,,,,,12248,,,,,,,,,,,,,,,,,,,,,,,,,,,,,,,,,,,,2785821912,140736894861312,140736894861312,927709,917504,,,,,,,,,,,,,,,,,,,,,,,,,,,,,,,,,,,,,,,,,,,,,,,,,,,,,,,,,,,,,,,,,,,,,,,
"2025-09-02 15:13:10.7729457Z","ETW","Microsoft-Windows-Kernel-Process",3,"ThreadStartStart ",12248,10012,"explorer.exe",,,,,,,,,,,,,,,,[{"addr":140736918214756,"idx":0},{"addr":140736917257428,"idx":1},{"addr":140736917254706,"idx":2},{"addr":140736917350945,"idx":3},{"addr":140736897083607,"idx":4},{"addr":140736916996940,"idx":5}],,,,,,,,,12248,18446639081651503104,18446639081651478528,140736917348896,0,15892480,5828,21626880,21569536,140736917348896,,,,,,,,,,,,,,,,,,,,,,,,,,,,,,,,,,,,,,,,,,,,,,,,,,,,,,,,,,,,,,,,,,,,,,,,,,,,,,,,,,,,,,,,,,,,,,,,,,,,,,
"2025-09-02 15:13:10.7730037Z","ETW","Microsoft-Windows-Kernel-Process",5,"ImageLoadInfo ",12248,12160,"explorer.exe",,,,"C:\Windows\System32\SHCore.dll",,,,,,,,,,,,[{"addr":140736918203828,"idx":0},{"addr":140736917192506,"idx":1},{"addr":140736917191278,"idx":2},{"addr":140736917190209,"idx":3},{"addr":140736916798526,"idx":4},{"addr":140736916790798,"idx":5},{"addr":140736917165509,"idx":6},{"addr":140736917158036,"idx":7},{"addr":140736917157502,"idx":8},{"addr":140736916971470,"idx":9}],,,,,,,,,12248,,,,,,,,,,,,,,,,,,,,,,,,,,,,,,,,,,,,742317482,140736902660096,140736902660096,1049363,1003520,,,,,,,,,,,,,,,,,,,,,,,,,,,,,,,,,,,,,,,,,,,,,,,,,,,,,,,,,,,,,,,,,,,,,,,
"2025-09-02 15:13:10.7731780Z","ETW","Microsoft-Windows-Kernel-Process",5,"ImageLoadInfo ",12248,12160,"explorer.exe",,,,"C:\Windows\System32\advapi32.dll",,,,,,,,,,,,[{"addr":140736918203828,"idx":0},{"addr":140736917192506,"idx":1},{"addr":140736917191278,"idx":2},{"addr":140736917190209,"idx":3},{"addr":140736916798526,"idx":4},{"addr":140736916790798,"idx":5},{"addr":140736917165509,"idx":6},{"addr":140736917158036,"idx":7},{"addr":140736917157502,"idx":8},{"addr":140736916971470,"idx":9}],,,,,,,,,12248,,,,,,,,,,,,,,,,,,,,,,,,,,,,,,,,,,,,2886261828,140736895844352,140736895844352,804270,737280,,,,,,,,,,,,,,,,,,,,,,,,,,,,,,,,,,,,,,,,,,,,,,,,,,,,,,,,,,,,,,,,,,,,,,,
"2025-09-02 15:13:10.7733055Z","ETW","Microsoft-Windows-Kernel-Process",5,"ImageLoadInfo ",12248,12160,"explorer.exe",,,,"C:\Windows\System32\msvcrt.dll",,,,,,,,,,,,[{"addr":140736918203828,"idx":0},{"addr":140736917192506,"idx":1},{"addr":140736917191278,"idx":2},{"addr":140736917190209,"idx":3},{"addr":140736916798526,"idx":4},{"addr":140736916790798,"idx":5},{"addr":140736917191656,"idx":6},{"addr":140736917190209,"idx":7},{"addr":140736916798526,"idx":8},{"addr":140736916790798,"idx":9},{"addr":140736917165509,"idx":10},{"addr":140736917158036,"idx":11},{"addr":140736917157502,"idx":12},{"addr":140736916971470,"idx":13}],,,,,,,,,12248,,,,,,,,,,,,,,,,,,,,,,,,,,,,,,,,,,,,2634004398,140736913342464,140736913342464,729924,692224,,,,,,,,,,,,,,,,,,,,,,,,,,,,,,,,,,,,,,,,,,,,,,,,,,,,,,,,,,,,,,,,,,,,,,,
"2025-09-02 15:13:10.7733932Z","ETW","Microsoft-Windows-Kernel-Process",5,"ImageLoadInfo ",12248,6708,"explorer.exe",,,,"C:\Windows\System32\mdmregistration.dll",,,,,,,,,,,,[{"addr":140736918203828,"idx":0},{"addr":140736917192506,"idx":1},{"addr":140736917191278,"idx":2},{"addr":140736917210764,"idx":3},{"addr":140736917201516,"idx":4},{"addr":140736917258922,"idx":5},{"addr":140736917255216,"idx":6},{"addr":140736917350945,"idx":7},{"addr":140736897083607,"idx":8},{"addr":140736916996940,"idx":9}],,,,,,,,,12248,,,,,,,,,,,,,,,,,,,,,,,,,,,,,,,,,,,,3684383189,140736503087104,140736503087104,601450,581632,,,,,,,,,,,,,,,,,,,,,,,,,,,,,,,,,,,,,,,,,,,,,,,,,,,,,,,,,,,,,,,,,,,,,,,
"2025-09-02 15:13:10.7734305Z","ETW","Microsoft-Windows-Kernel-Process",5,"ImageLoadInfo ",12248,12160,"explorer.exe",,,,"C:\Windows\System32\sechost.dll",,,,,,,,,,,,[{"addr":140736918203828,"idx":0},{"addr":140736917192506,"idx":1},{"addr":140736917191278,"idx":2},{"addr":140736917190209,"idx":3},{"addr":140736916798526,"idx":4},{"addr":140736916790798,"idx":5},{"addr":140736917191656,"idx":6},{"addr":140736917190209,"idx":7},{"addr":140736916798526,"idx":8},{"addr":140736916790798,"idx":9},{"addr":140736917165509,"idx":10},{"addr":140736917158036,"idx":11},{"addr":140736917157502,"idx":12},{"addr":140736916971470,"idx":13}],,,,,,,,,12248,,,,,,,,,,,,,,,,,,,,,,,,,,,,,,,,,,,,918957807,140736881033216,140736881033216,733904,679936,,,,,,,,,,,,,,,,,,,,,,,,,,,,,,,,,,,,,,,,,,,,,,,,,,,,,,,,,,,,,,,,,,,,,,,
"2025-09-02 15:13:10.7735258Z","ETW","Microsoft-Windows-Kernel-Process",5,"ImageLoadInfo ",12248,10012,"explorer.exe",,,,"C:\Windows\System32\aepic.dll",,,,,,,,,,,,[{"addr":140736918203828,"idx":0},{"addr":140736917192506,"idx":1},{"addr":140736917191278,"idx":2},{"addr":140736917210764,"idx":3},{"addr":140736917201516,"idx":4},{"addr":140736917258922,"idx":5},{"addr":140736917255216,"idx":6},{"addr":140736917350945,"idx":7},{"addr":140736897083607,"idx":8},{"addr":140736916996940,"idx":9}],,,,,,,,,12248,,,,,,,,,,,,,,,,,,,,,,,,,,,,,,,,,,,,4046637662,140736540704768,140736540704768,675180,643072,,,,,,,,,,,,,,,,,,,,,,,,,,,,,,,,,,,,,,,,,,,,,,,,,,,,,,,,,,,,,,,,,,,,,,,
"2025-09-02 15:13:10.7736537Z","ETW","Microsoft-Windows-Kernel-Process",5,"ImageLoadInfo ",12248,12160,"explorer.exe",,,,"C:\Windows\System32\shlwapi.dll",,,,,,,,,,,,[{"addr":140736918203828,"idx":0},{"addr":140736917192506,"idx":1},{"addr":140736917191278,"idx":2},{"addr":140736917190209,"idx":3},{"addr":140736916798526,"idx":4},{"addr":140736916790798,"idx":5},{"addr":140736917165509,"idx":6},{"addr":140736917158036,"idx":7},{"addr":140736917157502,"idx":8},{"addr":140736916971470,"idx":9}],,,,,,,,,12248,,,,,,,,,,,,,,,,,,,,,,,,,,,,,,,,,,,,17834217,140736890601472,140736890601472,465141,434176,,,,,,,,,,,,,,,,,,,,,,,,,,,,,,,,,,,,,,,,,,,,,,,,,,,,,,,,,,,,,,,,,,,,,,,
"2025-09-02 15:13:10.7738349Z","ETW","Microsoft-Windows-Kernel-Process",5,"ImageLoadInfo ",12248,12160,"explorer.exe",,,,"C:\Windows\System32\user32.dll",,,,,,,,,,,,[{"addr":140736918203828,"idx":0},{"addr":140736917192506,"idx":1},{"addr":140736917191278,"idx":2},{"addr":140736917190209,"idx":3},{"addr":140736916798526,"idx":4},{"addr":140736916790798,"idx":5},{"addr":140736917165509,"idx":6},{"addr":140736917158036,"idx":7},{"addr":140736917157502,"idx":8},{"addr":140736916971470,"idx":9}],,,,,,,,,12248,,,,,,,,,,,,,,,,,,,,,,,,,,,,,,,,,,,,3594986103,140736914063360,140736914063360,1919723,1855488,,,,,,,,,,,,,,,,,,,,,,,,,,,,,,,,,,,,,,,,,,,,,,,,,,,,,,,,,,,,,,,,,,,,,,,
"2025-09-02 15:13:10.7739775Z","ETW","Microsoft-Windows-Kernel-Process",5,"ImageLoadInfo ",12248,12160,"explorer.exe",,,,"C:\Windows\System32\win32u.dll",,,,,,,,,,,,[{"addr":140736918203828,"idx":0},{"addr":140736917192506,"idx":1},{"addr":140736917191278,"idx":2},{"addr":140736917190209,"idx":3},{"addr":140736916798526,"idx":4},{"addr":140736916790798,"idx":5},{"addr":140736917191656,"idx":6},{"addr":140736917190209,"idx":7},{"addr":140736916798526,"idx":8},{"addr":140736916790798,"idx":9},{"addr":140736917165509,"idx":10},{"addr":140736917158036,"idx":11},{"addr":140736917157502,"idx":12},{"addr":140736916971470,"idx":13}],,,,,,,,,12248,,,,,,,,,,,,,,,,,,,,,,,,,,,,,,,,,,,,4080079730,140736876118016,140736876118016,179667,159744,,,,,,,,,,,,,,,,,,,,,,,,,,,,,,,,,,,,,,,,,,,,,,,,,,,,,,,,,,,,,,,,,,,,,,,
"2025-09-02 15:13:10.7740826Z","ETW","Microsoft-Windows-Kernel-Process",5,"ImageLoadInfo ",12248,12160,"explorer.exe",,,,"C:\Windows\System32\gdi32.dll",,,,,,,,,,,,[{"addr":140736918203828,"idx":0},{"addr":140736917192506,"idx":1},{"addr":140736917191278,"idx":2},{"addr":140736917190209,"idx":3},{"addr":140736916798526,"idx":4},{"addr":140736916790798,"idx":5},{"addr":140736917191656,"idx":6},{"addr":140736917190209,"idx":7},{"addr":140736916798526,"idx":8},{"addr":140736916790798,"idx":9},{"addr":140736917165509,"idx":10},{"addr":140736917158036,"idx":11},{"addr":140736917157502,"idx":12},{"addr":140736916971470,"idx":13}],,,,,,,,,12248,,,,,,,,,,,,,,,,,,,,,,,,,,,,,,,,,,,,226377214,140736902135808,140736902135808,213118,176128,,,,,,,,,,,,,,,,,,,,,,,,,,,,,,,,,,,,,,,,,,,,,,,,,,,,,,,,,,,,,,,,,,,,,,,
"2025-09-02 15:13:10.7742445Z","ETW","Microsoft-Windows-Kernel-Process",5,"ImageLoadInfo ",12248,12160,"explorer.exe",,,,"C:\Windows\System32\gdi32full.dll",,,,,,,,,,,,[{"addr":140736918203828,"idx":0},{"addr":140736917192506,"idx":1},{"addr":140736917191278,"idx":2},{"addr":140736917190209,"idx":3},{"addr":140736916798526,"idx":4},{"addr":140736916790798,"idx":5},{"addr":140736917191656,"idx":6},{"addr":140736917190209,"idx":7},{"addr":140736916798526,"idx":8},{"addr":140736916790798,"idx":9},{"addr":140736917191656,"idx":10},{"addr":140736917190209,"idx":11},{"addr":140736916798526,"idx":12},{"addr":140736916790798,"idx":13},{"addr":140736917165509,"idx":14},{"addr":140736917158036,"idx":15},{"addr":140736917157502,"idx":16},{"addr":140736916971470,"idx":17}],,,,,,,,,12248,,,,,,,,,,,,,,,,,,,,,,,,,,,,,,,,,,,,4226913238,140736869040128,140736869040128,1298614,1277952,,,,,,,,,,,,,,,,,,,,,,,,,,,,,,,,,,,,,,,,,,,,,,,,,,,,,,,,,,,,,,,,,,,,,,,
"2025-09-02 15:13:10.7743049Z","ETW","Microsoft-Windows-Kernel-Process",5,"ImageLoadInfo ",12248,6708,"explorer.exe",,,,"C:\Windows\System32\msvcp110_win.dll",,,,,,,,,,,,[{"addr":140736918203828,"idx":0},{"addr":140736917192506,"idx":1},{"addr":140736917191278,"idx":2},{"addr":140736917210764,"idx":3},{"addr":140736917201516,"idx":4},{"addr":140736917258922,"idx":5},{"addr":140736917255216,"idx":6},{"addr":140736917350945,"idx":7},{"addr":140736897083607,"idx":8},{"addr":140736916996940,"idx":9}],,,,,,,,,12248,,,,,,,,,,,,,,,,,,,,,,,,,,,,,,,,,,,,3464179610,140736793542656,140736793542656,602786,593920,,,,,,,,,,,,,,,,,,,,,,,,,,,,,,,,,,,,,,,,,,,,,,,,,,,,,,,,,,,,,,,,,,,,,,,
"2025-09-02 15:13:10.7744963Z","ETW","Microsoft-Windows-Kernel-Process",5,"ImageLoadInfo ",12248,10012,"explorer.exe",,,,"C:\Windows\System32\windows.storage.dll",,,,,,,,,,,,[{"addr":140736918203828,"idx":0},{"addr":140736917192506,"idx":1},{"addr":140736917191278,"idx":2},{"addr":140736917210764,"idx":3},{"addr":140736917202269,"idx":4},{"addr":140736917259140,"idx":5},{"addr":140736917255216,"idx":6},{"addr":140736917350945,"idx":7},{"addr":140736897083607,"idx":8},{"addr":140736916996940,"idx":9}],,,,,,,,,12248,,,,,,,,,,,,,,,,,,,,,,,,,,,,,,,,,,,,156427775,140736830046208,140736830046208,8870321,8781824,,,,,,,,,,,,,,,,,,,,,,,,,,,,,,,,,,,,,,,,,,,,,,,,,,,,,,,,,,,,,,,,,,,,,,,
"2025-09-02 15:13:10.7749967Z","ETW","Microsoft-Windows-Kernel-Process",5,"ImageLoadInfo ",12248,5828,"explorer.exe",,,,"C:\Windows\System32\propsys.dll",,,,,,,,,,,,[{"addr":140736918203828,"idx":0},{"addr":140736917192506,"idx":1},{"addr":140736917191278,"idx":2},{"addr":140736917210764,"idx":3},{"addr":140736917201516,"idx":4},{"addr":140736917258922,"idx":5},{"addr":140736917255216,"idx":6},{"addr":140736917350945,"idx":7},{"addr":140736897083607,"idx":8},{"addr":140736916996940,"idx":9}],,,,,,,,,12248,,,,,,,,,,,,,,,,,,,,,,,,,,,,,,,,,,,,3411663920,140736783384576,140736783384576,1157670,1101824,,,,,,,,,,,,,,,,,,,,,,,,,,,,,,,,,,,,,,,,,,,,,,,,,,,,,,,,,,,,,,,,,,,,,,,
"2025-09-02 15:13:10.7750040Z","ETW","Microsoft-Windows-Kernel-Process",5,"ImageLoadInfo ",12248,12160,"explorer.exe",,,,"C:\Windows\System32\shell32.dll",,,,,,,,,,,,[{"addr":140736918203828,"idx":0},{"addr":140736917192506,"idx":1},{"addr":140736917191278,"idx":2},{"addr":140736917190209,"idx":3},{"addr":140736916798526,"idx":4},{"addr":140736916790798,"idx":5},{"addr":140736917165509,"idx":6},{"addr":140736917158036,"idx":7},{"addr":140736917157502,"idx":8},{"addr":140736916971470,"idx":9}],,,,,,,,,12248,,,,,,,,,,,,,,,,,,,,,,,,,,,,,,,,,,,,951285368,140736882933760,140736882933760,7762708,7655424,,,,,,,,,,,,,,,,,,,,,,,,,,,,,,,,,,,,,,,,,,,,,,,,,,,,,,,,,,,,,,,,,,,,,,,
"2025-09-02 15:13:10.7752017Z","ETW","Microsoft-Windows-Kernel-Process",5,"ImageLoadInfo ",12248,6708,"explorer.exe",,,,"C:\Windows\System32\kernel.appcore.dll",,,,,,,,,,,,[{"addr":140736918203828,"idx":0},{"addr":140736917192506,"idx":1},{"addr":140736917191278,"idx":2},{"addr":140736917210764,"idx":3},{"addr":140736917202269,"idx":4},{"addr":140736917259140,"idx":5},{"addr":140736917255216,"idx":6},{"addr":140736917350945,"idx":7},{"addr":140736897083607,"idx":8},{"addr":140736916996940,"idx":9}],,,,,,,,,12248,,,,,,,,,,,,,,,,,,,,,,,,,,,,,,,,,,,,4117383687,140736848265216,140736848265216,158572,110592,,,,,,,,,,,,,,,,,,,,,,,,,,,,,,,,,,,,,,,,,,,,,,,,,,,,,,,,,,,,,,,,,,,,,,,
"2025-09-02 15:13:10.7752749Z","ETW","Microsoft-Windows-Kernel-Process",5,"ImageLoadInfo ",12248,12160,"explorer.exe",,,,"C:\Windows\System32\WinTypes.dll",,,,,,,,,,,,[{"addr":140736918203828,"idx":0},{"addr":140736917192506,"idx":1},{"addr":140736917191278,"idx":2},{"addr":140736917190209,"idx":3},{"addr":140736916798526,"idx":4},{"addr":140736916790798,"idx":5},{"addr":140736917191656,"idx":6},{"addr":140736917190209,"idx":7},{"addr":140736916798526,"idx":8},{"addr":140736916790798,"idx":9},{"addr":140736917165509,"idx":10},{"addr":140736917158036,"idx":11},{"addr":140736917157502,"idx":12},{"addr":140736916971470,"idx":13}],,,,,,,,,12248,,,,,,,,,,,,,,,,,,,,,,,,,,,,,,,,,,,,3655579039,140736870350848,140736870350848,1545528,1519616,,,,,,,,,,,,,,,,,,,,,,,,,,,,,,,,,,,,,,,,,,,,,,,,,,,,,,,,,,,,,,,,,,,,,,,
"2025-09-02 15:13:10.7755672Z","ETW","Microsoft-Windows-Kernel-Process",5,"ImageLoadInfo ",12248,5828,"explorer.exe",,,,"C:\Windows\System32\CoreMessaging.dll",,,,,,,,,,,,[{"addr":140736918203828,"idx":0},{"addr":140736917192506,"idx":1},{"addr":140736917191278,"idx":2},{"addr":140736917210764,"idx":3},{"addr":140736917201516,"idx":4},{"addr":140736917258922,"idx":5},{"addr":140736917255216,"idx":6},{"addr":140736917350945,"idx":7},{"addr":140736897083607,"idx":8},{"addr":140736916996940,"idx":9}],,,,,,,,,12248,,,,,,,,,,,,,,,,,,,,,,,,,,,,,,,,,,,,3802617839,140736813531136,140736813531136,1276090,1200128,,,,,,,,,,,,,,,,,,,,,,,,,,,,,,,,,,,,,,,,,,,,,,,,,,,,,,,,,,,,,,,,,,,,,,,
"2025-09-02 15:13:10.7757366Z","ETW","Microsoft-Windows-Kernel-Process",5,"ImageLoadInfo ",12248,6708,"explorer.exe",,,,"C:\Windows\System32\wininet.dll",,,,,,,,,,,,[{"addr":140736918203828,"idx":0},{"addr":140736917192506,"idx":1},{"addr":140736917191278,"idx":2},{"addr":140736917210764,"idx":3},{"addr":140736917201516,"idx":4},{"addr":140736917258922,"idx":5},{"addr":140736917255216,"idx":6},{"addr":140736917350945,"idx":7},{"addr":140736897083607,"idx":8},{"addr":140736916996940,"idx":9}],,,,,,,,,12248,,,,,,,,,,,,,,,,,,,,,,,,,,,,,,,,,,,,302585447,140736707100672,140736707100672,2716732,2658304,,,,,,,,,,,,,,,,,,,,,,,,,,,,,,,,,,,,,,,,,,,,,,,,,,,,,,,,,,,,,,,,,,,,,,,
"2025-09-02 15:13:10.7760383Z","ETW","Microsoft-Windows-Kernel-Process",5,"ImageLoadInfo ",12248,12160,"explorer.exe",,,,"C:\Windows\System32\uxtheme.dll",,,,,,,,,,,,[{"addr":140736918203828,"idx":0},{"addr":140736917192506,"idx":1},{"addr":140736917191278,"idx":2},{"addr":140736917210764,"idx":3},{"addr":140736917201516,"idx":4},{"addr":140736917258922,"idx":5},{"addr":140736916999751,"idx":6},{"addr":140736917165517,"idx":7},{"addr":140736917158036,"idx":8},{"addr":140736917157502,"idx":9},{"addr":140736916971470,"idx":10}],,,,,,,,,12248,,,,,,,,,,,,,,,,,,,,,,,,,,,,,,,,,,,,1095616687,140736820019200,140736820019200,769574,716800,,,,,,,,,,,,,,,,,,,,,,,,,,,,,,,,,,,,,,,,,,,,,,,,,,,,,,,,,,,,,,,,,,,,,,,
"2025-09-02 15:13:10.7761665Z","ETW","Microsoft-Windows-Kernel-Process",5,"ImageLoadInfo ",12248,5828,"explorer.exe",,,,"C:\Windows\System32\dwmapi.dll",,,,,,,,,,,,[{"addr":140736918203828,"idx":0},{"addr":140736917192506,"idx":1},{"addr":140736917191278,"idx":2},{"addr":140736917210764,"idx":3},{"addr":140736917201516,"idx":4},{"addr":140736917258922,"idx":5},{"addr":140736917255216,"idx":6},{"addr":140736917350945,"idx":7},{"addr":140736897083607,"idx":8},{"addr":140736916996940,"idx":9}],,,,,,,,,12248,,,,,,,,,,,,,,,,,,,,,,,,,,,,,,,,,,,,960295296,140736822902784,140736822902784,264900,217088,,,,,,,,,,,,,,,,,,,,,,,,,,,,,,,,,,,,,,,,,,,,,,,,,,,,,,,,,,,,,,,,,,,,,,,
"2025-09-02 15:13:10.7766278Z","ETW","Microsoft-Windows-Kernel-Process",5,"ImageLoadInfo ",12248,12160,"explorer.exe",,,,"C:\Windows\System32\userenv.dll",,,,,,,,,,,,[{"addr":140736918203828,"idx":0},{"addr":140736917192506,"idx":1},{"addr":140736917191278,"idx":2},{"addr":140736917210764,"idx":3},{"addr":140736917201516,"idx":4},{"addr":140736917258922,"idx":5},{"addr":140736916999751,"idx":6},{"addr":140736917165517,"idx":7},{"addr":140736917158036,"idx":8},{"addr":140736917157502,"idx":9},{"addr":140736916971470,"idx":10}],,,,,,,,,12248,,,,,,,,,,,,,,,,,,,,,,,,,,,,,,,,,,,,4021294584,140736854753280,140736854753280,247163,176128,,,,,,,,,,,,,,,,,,,,,,,,,,,,,,,,,,,,,,,,,,,,,,,,,,,,,,,,,,,,,,,,,,,,,,,
"2025-09-02 15:13:10.7766445Z","ETW","Microsoft-Windows-Kernel-Process",5,"ImageLoadInfo ",12248,10012,"explorer.exe",,,,"C:\Windows\System32\dxgi.dll",,,,,,,,,,,,[{"addr":140736918203828,"idx":0},{"addr":140736917192506,"idx":1},{"addr":140736917191278,"idx":2},{"addr":140736917210764,"idx":3},{"addr":140736917201516,"idx":4},{"addr":140736917258922,"idx":5},{"addr":140736917255216,"idx":6},{"addr":140736917350945,"idx":7},{"addr":140736897083607,"idx":8},{"addr":140736916996940,"idx":9}],,,,,,,,,12248,,,,,,,,,,,,,,,,,,,,,,,,,,,,,,,,,,,,179780312,140736821395456,140736821395456,1361123,1302528,,,,,,,,,,,,,,,,,,,,,,,,,,,,,,,,,,,,,,,,,,,,,,,,,,,,,,,,,,,,,,,,,,,,,,,
"2025-09-02 15:13:10.7768656Z","ETW","Microsoft-Windows-Kernel-Process",5,"ImageLoadInfo ",12248,6708,"explorer.exe",,,,"C:\Windows\System32\sspicli.dll",,,,,,,,,,,,[{"addr":140736918203828,"idx":0},{"addr":140736917192506,"idx":1},{"addr":140736917191278,"idx":2},{"addr":140736917210764,"idx":3},{"addr":140736917201516,"idx":4},{"addr":140736917258922,"idx":5},{"addr":140736917255216,"idx":6},{"addr":140736917350945,"idx":7},{"addr":140736897083607,"idx":8},{"addr":140736916996940,"idx":9}],,,,,,,,,12248,,,,,,,,,,,,,,,,,,,,,,,,,,,,,,,,,,,,100434550,140736851083264,140736851083264,322206,299008,,,,,,,,,,,,,,,,,,,,,,,,,,,,,,,,,,,,,,,,,,,,,,,,,,,,,,,,,,,,,,,,,,,,,,,
"2025-09-02 15:13:10.7771469Z","ETW","Microsoft-Windows-Kernel-Process",5,"ImageLoadInfo ",12248,12160,"explorer.exe",,,,"C:\Windows\System32\powrprof.dll",,,,,,,,,,,,[{"addr":140736918203828,"idx":0},{"addr":140736917192506,"idx":1},{"addr":140736917191278,"idx":2},{"addr":140736917210764,"idx":3},{"addr":140736917202269,"idx":4},{"addr":140736917259140,"idx":5},{"addr":140736916999751,"idx":6},{"addr":140736917165517,"idx":7},{"addr":140736917158036,"idx":8},{"addr":140736917157502,"idx":9},{"addr":140736916971470,"idx":10}],,,,,,,,,12248,,,,,,,,,,,,,,,,,,,,,,,,,,,,,,,,,,,,2858637235,140736866091008,140736866091008,457799,385024,,,,,,,,,,,,,,,,,,,,,,,,,,,,,,,,,,,,,,,,,,,,,,,,,,,,,,,,,,,,,,,,,,,,,,,
"2025-09-02 15:13:10.7771592Z","ETW","Microsoft-Windows-Kernel-Process",5,"ImageLoadInfo ",12248,10012,"explorer.exe",,,,"C:\Windows\System32\twinapi.appcore.dll",,,,,,,,,,,,[{"addr":140736918203828,"idx":0},{"addr":140736917192506,"idx":1},{"addr":140736917191278,"idx":2},{"addr":140736917210764,"idx":3},{"addr":140736917202269,"idx":4},{"addr":140736917259140,"idx":5},{"addr":140736917255216,"idx":6},{"addr":140736917350945,"idx":7},{"addr":140736897083607,"idx":8},{"addr":140736916996940,"idx":9}],,,,,,,,,12248,,,,,,,,,,,,,,,,,,,,,,,,,,,,,,,,,,,,2889134449,140736717651968,140736717651968,2408796,2326528,,,,,,,,,,,,,,,,,,,,,,,,,,,,,,,,,,,,,,,,,,,,,,,,,,,,,,,,,,,,,,,,,,,,,,,
"2025-09-02 15:13:10.7773715Z","ETW","Microsoft-Windows-Kernel-Process",5,"ImageLoadInfo ",12248,6708,"explorer.exe",,,,"C:\Windows\System32\mscms.dll",,,,,,,,,,,,[{"addr":140736918203828,"idx":0},{"addr":140736917192506,"idx":1},{"addr":140736917191278,"idx":2},{"addr":140736917210764,"idx":3},{"addr":140736917201516,"idx":4},{"addr":140736917258922,"idx":5},{"addr":140736917255216,"idx":6},{"addr":140736917350945,"idx":7},{"addr":140736897083607,"idx":8},{"addr":140736916996940,"idx":9}],,,,,,,,,12248,,,,,,,,,,,,,,,,,,,,,,,,,,,,,,,,,,,,3904747775,140736729186304,140736729186304,893310,823296,,,,,,,,,,,,,,,,,,,,,,,,,,,,,,,,,,,,,,,,,,,,,,,,,,,,,,,,,,,,,,,,,,,,,,,
"2025-09-02 15:13:10.7776186Z","ETW","Microsoft-Windows-Kernel-Process",5,"ImageLoadInfo ",12248,12160,"explorer.exe",,,,"C:\Windows\System32\wtsapi32.dll",,,,,,,,,,,,[{"addr":140736918203828,"idx":0},{"addr":140736917192506,"idx":1},{"addr":140736917191278,"idx":2},{"addr":140736917210764,"idx":3},{"addr":140736917201516,"idx":4},{"addr":140736917258922,"idx":5},{"addr":140736916999751,"idx":6},{"addr":140736917165517,"idx":7},{"addr":140736917158036,"idx":8},{"addr":140736917157502,"idx":9},{"addr":140736916971470,"idx":10}],,,,,,,,,12248,,,,,,,,,,,,,,,,,,,,,,,,,,,,,,,,,,,,2751019176,140736825393152,140736825393152,119123,90112,,,,,,,,,,,,,,,,,,,,,,,,,,,,,,,,,,,,,,,,,,,,,,,,,,,,,,,,,,,,,,,,,,,,,,,
"2025-09-02 15:13:10.7794713Z","ETW","Microsoft-Windows-Kernel-Process",5,"ImageLoadInfo ",12248,12160,"explorer.exe",,,,"C:\Windows\System32\bcryptprimitives.dll",,,,,,,,,,,,[{"addr":140736918203828,"idx":0},{"addr":140736917192506,"idx":1},{"addr":140736917191278,"idx":2},{"addr":140736917190209,"idx":3},{"addr":140736916804181,"idx":4},{"addr":140736916785218,"idx":5},{"addr":140736916786774,"idx":6},{"addr":140736917021315,"idx":7},{"addr":140736917023197,"idx":8},{"addr":140736882386290,"idx":9},{"addr":140736882460095,"idx":10},{"addr":140736881997317,"idx":11},{"addr":140736540963826,"idx":12},{"addr":140736540722969,"idx":13},{"addr":140736876766998,"idx":14},{"addr":140736540729490,"idx":15},{"addr":140736540729867,"idx":16},{"addr":140736918195438,"idx":17},{"addr":140736917219838,"idx":18},{"addr":140736917215596,"idx":19},{"addr":140736916995194,"idx":20},{"addr":140736916995238,"idx":21},{"addr":140736917165788,"idx":22},{"addr":140736917158036,"idx":23},{"addr":140736917157502,"idx":24},{"addr":140736916971470,"idx":25}],,,,,,,,,12248,,,,,,,,,,,,,,,,,,,,,,,,,,,,,,,,,,,,3318233078,140736867663872,140736867663872,705120,626688,,,,,,,,,,,,,,,,,,,,,,,,,,,,,,,,,,,,,,,,,,,,,,,,,,,,,,,,,,,,,,,,,,,,,,,
"2025-09-02 15:13:10.7801226Z","ETW","Microsoft-Antimalware-Engine",59,"Message Info ",1912,11040,"MsMpEng.exe",,,,,,0,"!BMGroup:DridexVulnDlls.A","0x195B3BF987774","01184f82067d771b42525bbf6c6541ec7a8114a3",,,,,,,[],,,,,,,,,,,,,,,,,,,,,,,,,,,,,,,,,,,,,,,,,,,,,,,,,,,,,,,,,,,,,,,,,,,,,,,,,,,,,,,,,,,,,,,,,,,,,,,,,,,,,,,,,,,,,,,,,,,,,,,,
"2025-09-02 15:13:10.7804864Z","ETW","Microsoft-Antimalware-Engine",59,"Message Info ",1912,11040,"MsMpEng.exe",,,,,,0,"Behavior:Win32/LolBinInj.D","0x15B3C1BE95E1","3248011e0b8bf539a4f9aae0cccb1bd0dc6f0bde",,,,,,,[],,,,,,,,,,,,,,,,,,,,,,,,,,,,,,,,,,,,,,,,,,,,,,,,,,,,,,,,,,,,,,,,,,,,,,,,,,,,,,,,,,,,,,,,,,,,,,,,,,,,,,,,,,,,,,,,,,,,,,,,
"2025-09-02 15:13:10.7806230Z","ETW","Microsoft-Windows-Kernel-Process",5,"ImageLoadInfo ",12248,12160,"explorer.exe",,,,"C:\Windows\System32\imm32.dll",,,,,,,,,,,,[{"addr":140736918203828,"idx":0},{"addr":140736917192506,"idx":1},{"addr":140736917191278,"idx":2},{"addr":140736917190209,"idx":3},{"addr":140736916804181,"idx":4},{"addr":140736916785218,"idx":5},{"addr":140736916784352,"idx":6},{"addr":140736917101952,"idx":7},{"addr":140736872000198,"idx":8},{"addr":140736914283356,"idx":9},{"addr":140736914516183,"idx":10},{"addr":140736918195438,"idx":11},{"addr":140736917219838,"idx":12},{"addr":140736917215596,"idx":13},{"addr":140736916995194,"idx":14},{"addr":140736916995238,"idx":15},{"addr":140736917165788,"idx":16},{"addr":140736917158036,"idx":17},{"addr":140736917157502,"idx":18},{"addr":140736916971470,"idx":19}],,,,,,,,,12248,,,,,,,,,,,,,,,,,,,,,,,,,,,,,,,,,,,,2763417762,140736896630784,140736896630784,237947,192512,,,,,,,,,,,,,,,,,,,,,,,,,,,,,,,,,,,,,,,,,,,,,,,,,,,,,,,,,,,,,,,,,,,,,,,
"2025-09-02 15:13:10.7807657Z","ETW","Microsoft-Antimalware-Engine",59,"Message Info ",1912,11040,"MsMpEng.exe",,,,,,0,"Behavior:Win32/LolBinInj.D","0x15B3C1BE95E1","3248011e0b8bf539a4f9aae0cccb1bd0dc6f0bde",,,,,,,[],,,,,,,,,,,,,,,,,,,,,,,,,,,,,,,,,,,,,,,,,,,,,,,,,,,,,,,,,,,,,,,,,,,,,,,,,,,,,,,,,,,,,,,,,,,,,,,,,,,,,,,,,,,,,,,,,,,,,,,,
"2025-09-02 15:13:10.7809758Z","ETW","Microsoft-Antimalware-Engine",59,"Message Info ",1912,11040,"MsMpEng.exe",,,,,,0,"!BMGroup:DridexVulnDlls.A","0x195B3BF987774","01184f82067d771b42525bbf6c6541ec7a8114a3",,,,,,,[],,,,,,,,,,,,,,,,,,,,,,,,,,,,,,,,,,,,,,,,,,,,,,,,,,,,,,,,,,,,,,,,,,,,,,,,,,,,,,,,,,,,,,,,,,,,,,,,,,,,,,,,,,,,,,,,,,,,,,,,
"2025-09-02 15:13:10.7811890Z","ETW","Microsoft-Antimalware-Engine",59,"Message Info ",1912,11040,"MsMpEng.exe",,,,,,0,"Behavior:Win32/LolBinInj.D","0x15B3C1BE95E1","3248011e0b8bf539a4f9aae0cccb1bd0dc6f0bde",,,,,,,[],,,,,,,,,,,,,,,,,,,,,,,,,,,,,,,,,,,,,,,,,,,,,,,,,,,,,,,,,,,,,,,,,,,,,,,,,,,,,,,,,,,,,,,,,,,,,,,,,,,,,,,,,,,,,,,,,,,,,,,,
"2025-09-02 15:13:10.7813641Z","ETW","Microsoft-Antimalware-Engine",59,"Message Info ",1912,11040,"MsMpEng.exe",,,,,,0,"Behavior:Win32/LolBinInj.D","0x15B3C1BE95E1","3248011e0b8bf539a4f9aae0cccb1bd0dc6f0bde",,,,,,,[],,,,,,,,,,,,,,,,,,,,,,,,,,,,,,,,,,,,,,,,,,,,,,,,,,,,,,,,,,,,,,,,,,,,,,,,,,,,,,,,,,,,,,,,,,,,,,,,,,,,,,,,,,,,,,,,,,,,,,,,
"2025-09-02 15:13:10.7815968Z","ETW","Microsoft-Antimalware-Engine",59,"Message Info ",1912,11040,"MsMpEng.exe",,,,,,0,"!BMGroup:DridexVulnDlls.A","0x195B3BF987774","01184f82067d771b42525bbf6c6541ec7a8114a3",,,,,,,[],,,,,,,,,,,,,,,,,,,,,,,,,,,,,,,,,,,,,,,,,,,,,,,,,,,,,,,,,,,,,,,,,,,,,,,,,,,,,,,,,,,,,,,,,,,,,,,,,,,,,,,,,,,,,,,,,,,,,,,,
"2025-09-02 15:13:10.7818107Z","ETW","Microsoft-Antimalware-Engine",59,"Message Info ",1912,11040,"MsMpEng.exe",,,,,,0,"Behavior:Win32/LolBinInj.D","0x15B3C1BE95E1","3248011e0b8bf539a4f9aae0cccb1bd0dc6f0bde",,,,,,,[],,,,,,,,,,,,,,,,,,,,,,,,,,,,,,,,,,,,,,,,,,,,,,,,,,,,,,,,,,,,,,,,,,,,,,,,,,,,,,,,,,,,,,,,,,,,,,,,,,,,,,,,,,,,,,,,,,,,,,,,
"2025-09-02 15:13:10.7819788Z","ETW","Microsoft-Antimalware-Engine",59,"Message Info ",1912,11040,"MsMpEng.exe",,,,,,0,"Behavior:Win32/LolBinInj.D","0x15B3C1BE95E1","3248011e0b8bf539a4f9aae0cccb1bd0dc6f0bde",,,,,,,[],,,,,,,,,,,,,,,,,,,,,,,,,,,,,,,,,,,,,,,,,,,,,,,,,,,,,,,,,,,,,,,,,,,,,,,,,,,,,,,,,,,,,,,,,,,,,,,,,,,,,,,,,,,,,,,,,,,,,,,,
"2025-09-02 15:13:10.7825645Z","ETW","Microsoft-Antimalware-Engine",59,"Message Info ",1912,11040,"MsMpEng.exe",,,,,,0,"!BMGroup:DridexVulnDlls.A","0x195B3BF987774","01184f82067d771b42525bbf6c6541ec7a8114a3",,,,,,,[],,,,,,,,,,,,,,,,,,,,,,,,,,,,,,,,,,,,,,,,,,,,,,,,,,,,,,,,,,,,,,,,,,,,,,,,,,,,,,,,,,,,,,,,,,,,,,,,,,,,,,,,,,,,,,,,,,,,,,,,
"2025-09-02 15:13:10.7827843Z","ETW","Microsoft-Antimalware-Engine",59,"Message Info ",1912,11040,"MsMpEng.exe",,,,,,0,"Behavior:Win32/LolBinInj.D","0x15B3C1BE95E1","3248011e0b8bf539a4f9aae0cccb1bd0dc6f0bde",,,,,,,[],,,,,,,,,,,,,,,,,,,,,,,,,,,,,,,,,,,,,,,,,,,,,,,,,,,,,,,,,,,,,,,,,,,,,,,,,,,,,,,,,,,,,,,,,,,,,,,,,,,,,,,,,,,,,,,,,,,,,,,,
"2025-09-02 15:13:10.7829718Z","ETW","Microsoft-Antimalware-Engine",59,"Message Info ",1912,11040,"MsMpEng.exe",,,,,,0,"Behavior:Win32/LolBinInj.D","0x15B3C1BE95E1","3248011e0b8bf539a4f9aae0cccb1bd0dc6f0bde",,,,,,,[],,,,,,,,,,,,,,,,,,,,,,,,,,,,,,,,,,,,,,,,,,,,,,,,,,,,,,,,,,,,,,,,,,,,,,,,,,,,,,,,,,,,,,,,,,,,,,,,,,,,,,,,,,,,,,,,,,,,,,,,
"2025-09-02 15:13:10.7829731Z","ETW","Microsoft-Windows-Kernel-Process",5,"ImageLoadInfo ",12248,12160,"explorer.exe",,,,"C:\Windows\System32\umpdc.dll",,,,,,,,,,,,[{"addr":140736918203828,"idx":0},{"addr":140736917192506,"idx":1},{"addr":140736917191278,"idx":2},{"addr":140736917210764,"idx":3},{"addr":140736917201516,"idx":4},{"addr":140736917258922,"idx":5},{"addr":140736916785248,"idx":6},{"addr":140736916786774,"idx":7},{"addr":140736917021315,"idx":8},{"addr":140736917023197,"idx":9},{"addr":140736866119074,"idx":10},{"addr":140736866136530,"idx":11},{"addr":140736866130783,"idx":12},{"addr":140736866132678,"idx":13},{"addr":140736918195438,"idx":14},{"addr":140736917219838,"idx":15},{"addr":140736917215596,"idx":16},{"addr":140736916995194,"idx":17},{"addr":140736916995238,"idx":18},{"addr":140736917165788,"idx":19},{"addr":140736917158036,"idx":20},{"addr":140736917157502,"idx":21},{"addr":140736916971470,"idx":22}],,,,,,,,,12248,,,,,,,,,,,,,,,,,,,,,,,,,,,,,,,,,,,,212057710,140736865959936,140736865959936,140109,81920,,,,,,,,,,,,,,,,,,,,,,,,,,,,,,,,,,,,,,,,,,,,,,,,,,,,,,,,,,,,,,,,,,,,,,,
"2025-09-02 15:13:10.7837190Z","ETW","Microsoft-Windows-Kernel-Process",5,"ImageLoadInfo ",12248,12160,"explorer.exe",,,,"C:\Windows\System32\DXCore.dll",,,,,,,,,,,,[{"addr":140736918203828,"idx":0},{"addr":140736917192506,"idx":1},{"addr":140736917191278,"idx":2},{"addr":140736917210764,"idx":3},{"addr":140736917202269,"idx":4},{"addr":140736917259140,"idx":5},{"addr":140736916785248,"idx":6},{"addr":140736916786774,"idx":7},{"addr":140736917098157,"idx":8},{"addr":140736917021756,"idx":9},{"addr":140736917023197,"idx":10},{"addr":140736821738210,"idx":11},{"addr":140736821866033,"idx":12},{"addr":140736821548391,"idx":13},{"addr":140696088246000,"idx":14},{"addr":140696088445621,"idx":15},{"addr":140736897083607,"idx":16},{"addr":140736916996940,"idx":17}],,,,,,,,,12248,,,,,,,,,,,,,,,,,,,,,,,,,,,,,,,,,,,,2132968074,140736821067776,140736821067776,351724,315392,,,,,,,,,,,,,,,,,,,,,,,,,,,,,,,,,,,,,,,,,,,,,,,,,,,,,,,,,,,,,,,,,,,,,,,
"2025-09-02 15:13:10.7841591Z","ETW","Microsoft-Windows-Kernel-Audit-API-Calls",5,"Info ",2496,2756,"svchost.exe",,,,,,,,,,,,,,,,[{"addr":140736918203764,"idx":0},{"addr":140736624153375,"idx":1},{"addr":140736624146038,"idx":2},{"addr":140736624145118,"idx":3},{"addr":140736624193741,"idx":4},{"addr":140700308678045,"idx":5},{"addr":140736881194535,"idx":6},{"addr":140736897083607,"idx":7},{"addr":140736916996940,"idx":8}],,,,,,,,,,,,,,,,,,,5240,0,12248,,,,,,,,,,,,,,,,,,,,,,,,,,,,,,,,,,,,,,,,,,,,,,,,,,,,,,,,,,,,,,,,,,,,,,,,,,,,,,,,,,,,,,,,,,,,,,,,,,,
"2025-09-02 15:13:10.7842414Z","ETW","Microsoft-Windows-Kernel-Audit-API-Calls",6,"Info ",2496,4360,"svchost.exe",,,,,,,,,,,,,,,,[{"addr":140736918212548,"idx":0},{"addr":140736624141675,"idx":1},{"addr":140736624140828,"idx":2},{"addr":140736624140307,"idx":3},{"addr":140736624148436,"idx":4},{"addr":140736624147998,"idx":5},{"addr":140736624154053,"idx":6},{"addr":140736917453874,"idx":7},{"addr":140736917350976,"idx":8},{"addr":140736897083607,"idx":9},{"addr":140736916996940,"idx":10}],,,,,,,,,,,,,,,,,,,64,0,12248,12160,,,,,,,,,,,,,,,,,,,,,,,,,,,,,,,,,,,,,,,,,,,,,,,,,,,,,,,,,,,,,,,,,,,,,,,,,,,,,,,,,,,,,,,,,,,,,,,,,,
"2025-09-02 15:13:10.7842483Z","ETW","Microsoft-Windows-Kernel-Audit-API-Calls",5,"Info ",2496,4360,"svchost.exe",,,,,,,,,,,,,,,,[{"addr":140736918203764,"idx":0},{"addr":140736624141781,"idx":1},{"addr":140736624140828,"idx":2},{"addr":140736624140307,"idx":3},{"addr":140736624148436,"idx":4},{"addr":140736624147998,"idx":5},{"addr":140736624154053,"idx":6},{"addr":140736917453874,"idx":7},{"addr":140736917350976,"idx":8},{"addr":140736897083607,"idx":9},{"addr":140736916996940,"idx":10}],,,,,,,,,,,,,,,,,,,1024,0,12248,,,,,,,,,,,,,,,,,,,,,,,,,,,,,,,,,,,,,,,,,,,,,,,,,,,,,,,,,,,,,,,,,,,,,,,,,,,,,,,,,,,,,,,,,,,,,,,,,,,
"2025-09-02 15:13:10.7870920Z","ETW","Microsoft-Windows-Kernel-Process",5,"ImageLoadInfo ",12248,12160,"explorer.exe",,,,"C:\Windows\System32\ole32.dll",,,,,,,,,,,,[{"addr":140736918203828,"idx":0},{"addr":140736917192506,"idx":1},{"addr":140736917191278,"idx":2},{"addr":140736917190209,"idx":3},{"addr":140736916804181,"idx":4},{"addr":140736916785218,"idx":5},{"addr":140736916786774,"idx":6},{"addr":140736917021315,"idx":7},{"addr":140736917023197,"idx":8},{"addr":140736832559570,"idx":9},{"addr":140736833645584,"idx":10},{"addr":140736831753900,"idx":11},{"addr":140736831753736,"idx":12},{"addr":140736836069215,"idx":13},{"addr":140696087822127,"idx":14},{"addr":140696087820784,"idx":15},{"addr":140696088246747,"idx":16},{"addr":140696088445621,"idx":17},{"addr":140736897083607,"idx":18},{"addr":140736916996940,"idx":19}],,,,,,,,,12248,,,,,,,,,,,,,,,,,,,,,,,,,,,,,,,,,,,,916019586,140736897744896,140736897744896,1774113,1703936,,,,,,,,,,,,,,,,,,,,,,,,,,,,,,,,,,,,,,,,,,,,,,,,,,,,,,,,,,,,,,,,,,,,,,,
"2025-09-02 15:13:10.7890690Z","ETW","Microsoft-Windows-Kernel-Process",3,"ThreadStartStart ",12248,12160,"explorer.exe",,,,,,,,,,,,,,,,[{"addr":140736918214756,"idx":0},{"addr":140736917452953,"idx":1},{"addr":140736917451578,"idx":2},{"addr":140736872925435,"idx":3},{"addr":140736902953060,"idx":4},{"addr":140736832976842,"idx":5},{"addr":140736831176163,"idx":6},{"addr":140736831162825,"idx":7},{"addr":140736830472602,"idx":8},{"addr":140736830653742,"idx":9},{"addr":140736830472602,"idx":10},{"addr":140736830661589,"idx":11},{"addr":140736831753823,"idx":12},{"addr":140736836069215,"idx":13},{"addr":140696087822127,"idx":14},{"addr":140696087820784,"idx":15},{"addr":140696088246747,"idx":16},{"addr":140696088445621,"idx":17},{"addr":140736897083607,"idx":18},{"addr":140736916996940,"idx":19}],,,,,,,,,12248,18446639081551364096,18446639081551339520,140736917348896,0,15900672,6536,22609920,22552576,140736917348896,,,,,,,,,,,,,,,,,,,,,,,,,,,,,,,,,,,,,,,,,,,,,,,,,,,,,,,,,,,,,,,,,,,,,,,,,,,,,,,,,,,,,,,,,,,,,,,,,,,,,,
"2025-09-02 15:13:10.7895798Z","ETW","Microsoft-Windows-Kernel-Process",5,"ImageLoadInfo ",12248,6536,"explorer.exe",,,,"C:\Windows\System32\cfgmgr32.dll",,,,,,,,,,,,[{"addr":140736918203828,"idx":0},{"addr":140736917192506,"idx":1},{"addr":140736917191278,"idx":2},{"addr":140736917210764,"idx":3},{"addr":140736917201516,"idx":4},{"addr":140736917258922,"idx":5},{"addr":140736916785248,"idx":6},{"addr":140736916786774,"idx":7},{"addr":140736917021315,"idx":8},{"addr":140736917023197,"idx":9},{"addr":140736832559570,"idx":10},{"addr":140736833625714,"idx":11},{"addr":140736831161379,"idx":12},{"addr":140736831155753,"idx":13},{"addr":140736902972741,"idx":14},{"addr":140736917453874,"idx":15},{"addr":140736917350976,"idx":16},{"addr":140736897083607,"idx":17},{"addr":140736916996940,"idx":18}],,,,,,,,,12248,,,,,,,,,,,,,,,,,,,,,,,,,,,,,,,,,,,,836129831,140736862748672,140736862748672,378754,356352,,,,,,,,,,,,,,,,,,,,,,,,,,,,,,,,,,,,,,,,,,,,,,,,,,,,,,,,,,,,,,,,,,,,,,,
"2025-09-02 15:13:10.7899129Z","ETW","Microsoft-Windows-Kernel-Process",5,"ImageLoadInfo ",12248,12160,"explorer.exe",,,,"C:\Windows\System32\clbcatq.dll",,,,,,,,,,,,[{"addr":140736918203828,"idx":0},{"addr":140736917192506,"idx":1},{"addr":140736917191278,"idx":2},{"addr":140736917190209,"idx":3},{"addr":140736916804181,"idx":4},{"addr":140736916785218,"idx":5},{"addr":140736916786774,"idx":6},{"addr":140736917021315,"idx":7},{"addr":140736917023197,"idx":8},{"addr":140736910389554,"idx":9},{"addr":140736910688281,"idx":10},{"addr":140736910347186,"idx":11},{"addr":140736911036234,"idx":12},{"addr":140736909552714,"idx":13},{"addr":140736909548907,"idx":14},{"addr":140736909576880,"idx":15},{"addr":140736831110115,"idx":16},{"addr":140736831108494,"idx":17},{"addr":140736830672190,"idx":18},{"addr":140736830669168,"idx":19},{"addr":140736830719212,"idx":20},{"addr":140736831164869,"idx":21},{"addr":140736830472602,"idx":22},{"addr":140736830653742,"idx":23},{"addr":140736830472602,"idx":24},{"addr":140736830661589,"idx":25},{"addr":140736831753823,"idx":26},{"addr":140736836069215,"idx":27},{"addr":140696087822127,"idx":28},{"addr":140696087820784,"idx":29},{"addr":140696088246747,"idx":30},{"addr":140696088445621,"idx":31},{"addr":140736897083607,"idx":32},{"addr":140736916996940,"idx":33}],,,,,,,,,12248,,,,,,,,,,,,,,,,,,,,,,,,,,,,,,,,,,,,1600192633,140736892108800,140736892108800,700133,688128,,,,,,,,,,,,,,,,,,,,,,,,,,,,,,,,,,,,,,,,,,,,,,,,,,,,,,,,,,,,,,,,,,,,,,,
"2025-09-02 15:13:10.7900576Z","ETW","Microsoft-Windows-Kernel-Process",3,"ThreadStartStart ",12248,6536,"explorer.exe",,,,,,,,,,,,,,,,[{"addr":140736918214756,"idx":0},{"addr":140736917452953,"idx":1},{"addr":140736917451578,"idx":2},{"addr":140736872925435,"idx":3},{"addr":140736830614835,"idx":4},{"addr":140736830614542,"idx":5},{"addr":140736831161776,"idx":6},{"addr":140736831155753,"idx":7},{"addr":140736902972741,"idx":8},{"addr":140736917453874,"idx":9},{"addr":140736917350976,"idx":10},{"addr":140736897083607,"idx":11},{"addr":140736916996940,"idx":12}],,,,,,,,,12248,18446639081639264256,18446639081639239680,140736917348896,0,15908864,10136,25427968,25370624,140736917348896,,,,,,,,,,,,,,,,,,,,,,,,,,,,,,,,,,,,,,,,,,,,,,,,,,,,,,,,,,,,,,,,,,,,,,,,,,,,,,,,,,,,,,,,,,,,,,,,,,,,,,
"2025-09-02 15:13:10.7919252Z","ETW","Microsoft-Windows-Kernel-Audit-API-Calls",6,"Info ",1912,8,"MsMpEng.exe",,,,,,,,,,,,,,,,[{"addr":140736918212548,"idx":0},{"addr":140736872857142,"idx":1},{"addr":140736738243895,"idx":2},{"addr":140736738242452,"idx":3},{"addr":140736657604428,"idx":4},{"addr":140736657598535,"idx":5},{"addr":140736657597146,"idx":6},{"addr":140736658259206,"idx":7},{"addr":140736657749938,"idx":8},{"addr":140736657909615,"idx":9},{"addr":140736658079503,"idx":10},{"addr":140736897083607,"idx":11},{"addr":140736916996940,"idx":12}],,,,,,,,,,,,,,,,,,,2097151,0,1912,8,,,,,,,,,,,,,,,,,,,,,,,,,,,,,,,,,,,,,,,,,,,,,,,,,,,,,,,,,,,,,,,,,,,,,,,,,,,,,,,,,,,,,,,,,,,,,,,,,,
"2025-09-02 15:13:10.7922878Z","ETW","Microsoft-Windows-Kernel-Audit-API-Calls",6,"Info ",1912,8,"MsMpEng.exe",,,,,,,,,,,,,,,,[{"addr":140736918212548,"idx":0},{"addr":140736872857142,"idx":1},{"addr":140736738243895,"idx":2},{"addr":140736738242452,"idx":3},{"addr":140736657604428,"idx":4},{"addr":140736657598535,"idx":5},{"addr":140736657597146,"idx":6},{"addr":140736658259206,"idx":7},{"addr":140736657749938,"idx":8},{"addr":140736657909615,"idx":9},{"addr":140736658079503,"idx":10},{"addr":140736897083607,"idx":11},{"addr":140736916996940,"idx":12}],,,,,,,,,,,,,,,,,,,2097151,0,1912,8,,,,,,,,,,,,,,,,,,,,,,,,,,,,,,,,,,,,,,,,,,,,,,,,,,,,,,,,,,,,,,,,,,,,,,,,,,,,,,,,,,,,,,,,,,,,,,,,,,
"2025-09-02 15:13:10.7932079Z","ETW","Microsoft-Windows-Kernel-Process",5,"ImageLoadInfo ",12248,12160,"explorer.exe",,,,"C:\Windows\System32\rmclient.dll",,,,,,,,,,,,[{"addr":140736918203828,"idx":0},{"addr":140736917192506,"idx":1},{"addr":140736917191278,"idx":2},{"addr":140736917210764,"idx":3},{"addr":140736917202269,"idx":4},{"addr":140736917259140,"idx":5},{"addr":140736916785248,"idx":6},{"addr":140736916786774,"idx":7},{"addr":140736917021315,"idx":8},{"addr":140736917023197,"idx":9},{"addr":140696088101570,"idx":10},{"addr":140696088454803,"idx":11},{"addr":140696088246769,"idx":12},{"addr":140696088445621,"idx":13},{"addr":140736897083607,"idx":14},{"addr":140736916996940,"idx":15}],,,,,,,,,12248,,,,,,,,,,,,,,,,,,,,,,,,,,,,,,,,,,,,3900896147,140736825524224,140736825524224,254612,221184,,,,,,,,,,,,,,,,,,,,,,,,,,,,,,,,,,,,,,,,,,,,,,,,,,,,,,,,,,,,,,,,,,,,,,,
"2025-09-02 15:13:10.7936563Z","ETW","Microsoft-Windows-Kernel-Process",5,"ImageLoadInfo ",12248,12160,"explorer.exe",,,,"C:\Windows\System32\ninput.dll",,,,,,,,,,,,[{"addr":140736918203828,"idx":0},{"addr":140736917192506,"idx":1},{"addr":140736917191278,"idx":2},{"addr":140736917210764,"idx":3},{"addr":140736917201516,"idx":4},{"addr":140736917258922,"idx":5},{"addr":140736916785248,"idx":6},{"addr":140736916786774,"idx":7},{"addr":140736917021315,"idx":8},{"addr":140736917023197,"idx":9},{"addr":140696088101570,"idx":10},{"addr":140696088455709,"idx":11},{"addr":140696088246803,"idx":12},{"addr":140696088445621,"idx":13},{"addr":140736897083607,"idx":14},{"addr":140736916996940,"idx":15}],,,,,,,,,12248,,,,,,,,,,,,,,,,,,,,,,,,,,,,,,,,,,,,1475300263,140736433750016,140736433750016,601538,548864,,,,,,,,,,,,,,,,,,,,,,,,,,,,,,,,,,,,,,,,,,,,,,,,,,,,,,,,,,,,,,,,,,,,,,,
"2025-09-02 15:13:10.7954071Z","ETW","Microsoft-Windows-Kernel-Process",5,"ImageLoadInfo ",12248,12160,"explorer.exe",,,,"C:\Windows\System32\ExplorerFrame.dll",,,,,,,,,,,,[{"addr":140736918203828,"idx":0},{"addr":140736917192506,"idx":1},{"addr":140736917191278,"idx":2},{"addr":140736917210764,"idx":3},{"addr":140736917202269,"idx":4},{"addr":140736917259140,"idx":5},{"addr":140736916785248,"idx":6},{"addr":140736916784352,"idx":7},{"addr":140736917101952,"idx":8},{"addr":140736872000198,"idx":9},{"addr":140736909363845,"idx":10},{"addr":140736909362547,"idx":11},{"addr":140736909360794,"idx":12},{"addr":140736909561496,"idx":13},{"addr":140736909365281,"idx":14},{"addr":140736909356853,"idx":15},{"addr":140736910270317,"idx":16},{"addr":140736909359719,"idx":17},{"addr":140736909871367,"idx":18},{"addr":140736910338829,"idx":19},{"addr":140736910332465,"idx":20},{"addr":140736910348734,"idx":21},{"addr":140736910270317,"idx":22},{"addr":140736909350430,"idx":23},{"addr":140736910270317,"idx":24},{"addr":140736909553458,"idx":25},{"addr":140736909548907,"idx":26},{"addr":140736909576880,"idx":27},{"addr":140696088247096,"idx":28},{"addr":140696088445621,"idx":29},{"addr":140736897083607,"idx":30},{"addr":140736916996940,"idx":31}],,,,,,,,,12248,,,,,,,,,,,,,,,,,,,,,,,,,,,,,,,,,,,,2565069523,140736394231808,140736394231808,2916794,2891776,,,,,,,,,,,,,,,,,,,,,,,,,,,,,,,,,,,,,,,,,,,,,,,,,,,,,,,,,,,,,,,,,,,,,,,
"2025-09-02 15:13:10.7964508Z","ETW","Microsoft-Windows-Kernel-Audit-API-Calls",5,"Info ",528,13948,"svchost.exe",,,,,,,,,,,,,,,,[{"addr":140736918203764,"idx":0},{"addr":140736872731894,"idx":1},{"addr":140736829045620,"idx":2},{"addr":140736829045555,"idx":3},{"addr":140736882620003,"idx":4},{"addr":140736881849533,"idx":5},{"addr":140736881848122,"idx":6},{"addr":140736882311415,"idx":7},{"addr":140736882088628,"idx":8},{"addr":140736882092744,"idx":9},{"addr":140736882015316,"idx":10},{"addr":140736882081820,"idx":11},{"addr":140736882106396,"idx":12},{"addr":140736882102691,"idx":13},{"addr":140736882098504,"idx":14},{"addr":140736917358174,"idx":15},{"addr":140736917350275,"idx":16},{"addr":140736897083607,"idx":17},{"addr":140736916996940,"idx":18}],,,,,,,,,,,,,,,,,,,4096,0,12248,,,,,,,,,,,,,,,,,,,,,,,,,,,,,,,,,,,,,,,,,,,,,,,,,,,,,,,,,,,,,,,,,,,,,,,,,,,,,,,,,,,,,,,,,,,,,,,,,,,
"2025-09-02 15:13:10.7964837Z","ETW","Microsoft-Windows-Kernel-Audit-API-Calls",5,"Info ",944,17404,"svchost.exe",,,,,,,,,,,,,,,,[{"addr":140736918206916,"idx":0},{"addr":140736882337646,"idx":1},{"addr":140736828644345,"idx":2},{"addr":140736828636082,"idx":3},{"addr":140736882620003,"idx":4},{"addr":140736881849533,"idx":5},{"addr":140736881848122,"idx":6},{"addr":140736882311415,"idx":7},{"addr":140736882088628,"idx":8},{"addr":140736882092744,"idx":9},{"addr":140736882015316,"idx":10},{"addr":140736882081820,"idx":11},{"addr":140736882106396,"idx":12},{"addr":140736882102691,"idx":13},{"addr":140736882098504,"idx":14},{"addr":140736917358174,"idx":15},{"addr":140736917350275,"idx":16},{"addr":140736897083607,"idx":17},{"addr":140736916996940,"idx":18}],,,,,,,,,,,,,,,,,,,1048576,0,12248,,,,,,,,,,,,,,,,,,,,,,,,,,,,,,,,,,,,,,,,,,,,,,,,,,,,,,,,,,,,,,,,,,,,,,,,,,,,,,,,,,,,,,,,,,,,,,,,,,,
"2025-09-02 15:13:10.7974485Z","ETW","Microsoft-Windows-Kernel-Process",3,"ThreadStartStart ",12248,12160,"explorer.exe",,,,,,,,,,,,,,,,[{"addr":140736918208964,"idx":0},{"addr":140736872776761,"idx":1},{"addr":140736897102141,"idx":2},{"addr":140736909291405,"idx":3},{"addr":140736909289761,"idx":4},{"addr":140736909471518,"idx":5},{"addr":140736909472222,"idx":6},{"addr":140736909469257,"idx":7},{"addr":140736909469042,"idx":8},{"addr":140736909468649,"idx":9},{"addr":140736909472335,"idx":10},{"addr":140736909678884,"idx":11},{"addr":140736909678529,"idx":12},{"addr":140736909281945,"idx":13},{"addr":140736909357884,"idx":14},{"addr":140736909350491,"idx":15},{"addr":140736910270317,"idx":16},{"addr":140736909553458,"idx":17},{"addr":140736909548907,"idx":18},{"addr":140736909576880,"idx":19},{"addr":140736394951618,"idx":20},{"addr":140736394470888,"idx":21},{"addr":140696088247218,"idx":22},{"addr":140696088445621,"idx":23},{"addr":140736897083607,"idx":24},{"addr":140736916996940,"idx":25}],,,,,,,,,12248,18446639081546342400,18446639081546317824,140736910320112,0,15917056,22240,26279936,26222592,140736910320112,,,,,,,,,,,,,,,,,,,,,,,,,,,,,,,,,,,,,,,,,,,,,,,,,,,,,,,,,,,,,,,,,,,,,,,,,,,,,,,,,,,,,,,,,,,,,,,,,,,,,,
"2025-09-02 15:13:10.7999861Z","ETW","Microsoft-Windows-Kernel-Process",1,"ProcessStartStart ",528,13948,"svchost.exe",,,,"C:\Windows\explorer.exe",,,,,,,,,,,,[{"addr":140736918209220,"idx":0},{"addr":140736872957146,"idx":1},{"addr":140736872946835,"idx":2},{"addr":140736897134736,"idx":3},{"addr":140736829140225,"idx":4},{"addr":140736829503159,"idx":5},{"addr":140736829015752,"idx":6},{"addr":140736882620003,"idx":7},{"addr":140736881849533,"idx":8},{"addr":140736881848122,"idx":9},{"addr":140736882311415,"idx":10},{"addr":140736882088628,"idx":11},{"addr":140736882092744,"idx":12},{"addr":140736882015316,"idx":13},{"addr":140736882081820,"idx":14},{"addr":140736882106396,"idx":15},{"addr":140736882102691,"idx":16},{"addr":140736882098504,"idx":17},{"addr":140736917358174,"idx":18},{"addr":140736917350275,"idx":19},{"addr":140736897083607,"idx":20},{"addr":140736916996940,"idx":21}],,,,,,,,,3816,,,,,,,,,,,,,,,,,,,,,,,134012995907999356,0,3042828,"0x","","",528,13,31817,3,0,0,1,3173288389,,,,,,,,,,,,,,,,,,,,,,,,,,,,,,,,,,,,,,,,,,,,,,,,,,,,,,,,,,,,,,,,,,,,,,,,,,,
"2025-09-02 15:13:10.8000849Z","ETW","Microsoft-Windows-Kernel-Audit-API-Calls",6,"Info ",1912,8,"MsMpEng.exe",,,,,,,,,,,,,,,,[{"addr":140736918212548,"idx":0},{"addr":140736872857142,"idx":1},{"addr":140736738243895,"idx":2},{"addr":140736738242452,"idx":3},{"addr":140736657687525,"idx":4},{"addr":140736657686325,"idx":5},{"addr":140736657683993,"idx":6},{"addr":140736658258217,"idx":7},{"addr":140736657749938,"idx":8},{"addr":140736657909615,"idx":9},{"addr":140736658079503,"idx":10},{"addr":140736897083607,"idx":11},{"addr":140736916996940,"idx":12}],,,,,,,,,,,,,,,,,,,2097151,0,1912,8,,,,,,,,,,,,,,,,,,,,,,,,,,,,,,,,,,,,,,,,,,,,,,,,,,,,,,,,,,,,,,,,,,,,,,,,,,,,,,,,,,,,,,,,,,,,,,,,,,
"2025-09-02 15:13:10.8002105Z","ETW","Microsoft-Windows-Kernel-Audit-API-Calls",5,"Info ",1912,8,"MsMpEng.exe",,,,,,,,,,,,,,,,[{"addr":140736918203764,"idx":0},{"addr":140736872731894,"idx":1},{"addr":140733815122067,"idx":2},{"addr":140733813533757,"idx":3},{"addr":140733820783122,"idx":4},{"addr":140733811457761,"idx":5},{"addr":140733811450648,"idx":6},{"addr":140733811449218,"idx":7},{"addr":140733811441856,"idx":8},{"addr":140733811790261,"idx":9},{"addr":140733811785301,"idx":10},{"addr":140736738242841,"idx":11},{"addr":140736657687525,"idx":12},{"addr":140736657686325,"idx":13},{"addr":140736657683993,"idx":14},{"addr":140736658258217,"idx":15},{"addr":140736657749938,"idx":16},{"addr":140736657909615,"idx":17},{"addr":140736658079503,"idx":18},{"addr":140736897083607,"idx":19},{"addr":140736916996940,"idx":20}],,,,,,,,,,,,,,,,,,,1536,0,3816,,,,,,,,,,,,,,,,,,,,,,,,,,,,,,,,,,,,,,,,,,,,,,,,,,,,,,,,,,,,,,,,,,,,,,,,,,,,,,,,,,,,,,,,,,,,,,,,,,,
"2025-09-02 15:13:10.8004106Z","ETW","Microsoft-Windows-Kernel-Audit-API-Calls",5,"Info ",1912,10404,"MsMpEng.exe",,,,,,,,,,,,,,,,[{"addr":140736918203764,"idx":0},{"addr":140736872731894,"idx":1},{"addr":140733810479103,"idx":2},{"addr":140733810478599,"idx":3},{"addr":140733810481824,"idx":4},{"addr":140733811992461,"idx":5},{"addr":140733811987347,"idx":6},{"addr":140733811996001,"idx":7},{"addr":140733811994278,"idx":8},{"addr":140733810447018,"idx":9},{"addr":140733810434825,"idx":10},{"addr":140733810436081,"idx":11},{"addr":140733810435993,"idx":12},{"addr":140733812865289,"idx":13},{"addr":140733811799252,"idx":14},{"addr":140733811789863,"idx":15},{"addr":140733811785301,"idx":16},{"addr":140736738242841,"idx":17},{"addr":140736657613597,"idx":18},{"addr":140736657838177,"idx":19},{"addr":140736749360292,"idx":20},{"addr":140736749360015,"idx":21},{"addr":140736917255712,"idx":22},{"addr":140736917350945,"idx":23},{"addr":140736897083607,"idx":24},{"addr":140736916996940,"idx":25}],,,,,,,,,,,,,,,,,,,4096,0,3816,,,,,,,,,,,,,,,,,,,,,,,,,,,,,,,,,,,,,,,,,,,,,,,,,,,,,,,,,,,,,,,,,,,,,,,,,,,,,,,,,,,,,,,,,,,,,,,,,,,
"2025-09-02 15:13:10.8004828Z","ETW","Microsoft-Windows-Kernel-Audit-API-Calls",5,"Info ",528,13948,"svchost.exe",,,,,,,,,,,,,,,,[{"addr":140736918209220,"idx":0},{"addr":140736872957146,"idx":1},{"addr":140736872946835,"idx":2},{"addr":140736897134736,"idx":3},{"addr":140736829140225,"idx":4},{"addr":140736829503159,"idx":5},{"addr":140736829015752,"idx":6},{"addr":140736882620003,"idx":7},{"addr":140736881849533,"idx":8},{"addr":140736881848122,"idx":9},{"addr":140736882311415,"idx":10},{"addr":140736882088628,"idx":11},{"addr":140736882092744,"idx":12},{"addr":140736882015316,"idx":13},{"addr":140736882081820,"idx":14},{"addr":140736882106396,"idx":15},{"addr":140736882102691,"idx":16},{"addr":140736882098504,"idx":17},{"addr":140736917358174,"idx":18},{"addr":140736917350275,"idx":19},{"addr":140736897083607,"idx":20},{"addr":140736916996940,"idx":21}],,,,,,,,,,,,,,,,,,,1024,0,3816,,,,,,,,,,,,,,,,,,,,,,,,,,,,,,,,,,,,,,,,,,,,,,,,,,,,,,,,,,,,,,,,,,,,,,,,,,,,,,,,,,,,,,,,,,,,,,,,,,,
"2025-09-02 15:13:10.8006397Z","ETW","Microsoft-Windows-Kernel-Audit-API-Calls",5,"Info ",528,13948,"svchost.exe",,,,,,,,,,,,,,,,[{"addr":140736918209220,"idx":0},{"addr":140736872957146,"idx":1},{"addr":140736872946835,"idx":2},{"addr":140736897134736,"idx":3},{"addr":140736829140225,"idx":4},{"addr":140736829503159,"idx":5},{"addr":140736829015752,"idx":6},{"addr":140736882620003,"idx":7},{"addr":140736881849533,"idx":8},{"addr":140736881848122,"idx":9},{"addr":140736882311415,"idx":10},{"addr":140736882088628,"idx":11},{"addr":140736882092744,"idx":12},{"addr":140736882015316,"idx":13},{"addr":140736882081820,"idx":14},{"addr":140736882106396,"idx":15},{"addr":140736882102691,"idx":16},{"addr":140736882098504,"idx":17},{"addr":140736917358174,"idx":18},{"addr":140736917350275,"idx":19},{"addr":140736897083607,"idx":20},{"addr":140736916996940,"idx":21}],,,,,,,,,,,,,,,,,,,1024,0,528,,,,,,,,,,,,,,,,,,,,,,,,,,,,,,,,,,,,,,,,,,,,,,,,,,,,,,,,,,,,,,,,,,,,,,,,,,,,,,,,,,,,,,,,,,,,,,,,,,,
"2025-09-02 15:13:10.8009481Z","ETW","Microsoft-Windows-Kernel-Process",3,"ThreadStartStart ",528,13948,"svchost.exe",,,,,,,,,,,,,,,,[{"addr":140736918209220,"idx":0},{"addr":140736872957146,"idx":1},{"addr":140736872946835,"idx":2},{"addr":140736897134736,"idx":3},{"addr":140736829140225,"idx":4},{"addr":140736829503159,"idx":5},{"addr":140736829015752,"idx":6},{"addr":140736882620003,"idx":7},{"addr":140736881849533,"idx":8},{"addr":140736881848122,"idx":9},{"addr":140736882311415,"idx":10},{"addr":140736882088628,"idx":11},{"addr":140736882092744,"idx":12},{"addr":140736882015316,"idx":13},{"addr":140736882081820,"idx":14},{"addr":140736882106396,"idx":15},{"addr":140736882102691,"idx":16},{"addr":140736882098504,"idx":17},{"addr":140736917358174,"idx":18},{"addr":140736917350275,"idx":19},{"addr":140736897083607,"idx":20},{"addr":140736916996940,"idx":21}],,,,,,,,,3816,18446639081565556736,18446639081565532160,140696088445744,40,17358848,17724,19398656,19341312,140696088445744,,,,,,,,,,,,,,,,,,,,,,,,,,,,,,,,,,,,,,,,,,,,,,,,,,,,,,,,,,,,,,,,,,,,,,,,,,,,,,,,,,,,,,,,,,,,,,,,,,,,,,
"2025-09-02 15:13:10.8021775Z","ETW","Microsoft-Windows-Kernel-Audit-API-Calls",5,"Info ",676,852,"csrss.exe",,,,,,,,,,,,,,,,[{"addr":140736918203764,"idx":0},{"addr":140736867430364,"idx":1},{"addr":140736867572214,"idx":2},{"addr":140736916996962,"idx":3}],,,,,,,,,,,,,,,,,,,2097151,0,3816,,,,,,,,,,,,,,,,,,,,,,,,,,,,,,,,,,,,,,,,,,,,,,,,,,,,,,,,,,,,,,,,,,,,,,,,,,,,,,,,,,,,,,,,,,,,,,,,,,,
"2025-09-02 15:13:10.8021857Z","ETW","Microsoft-Windows-Kernel-Audit-API-Calls",6,"Info ",676,852,"csrss.exe",,,,,,,,,,,,,,,,[{"addr":140736918212548,"idx":0},{"addr":140736867430626,"idx":1},{"addr":140736867572214,"idx":2},{"addr":140736916996962,"idx":3}],,,,,,,,,,,,,,,,,,,2097151,0,3816,17724,,,,,,,,,,,,,,,,,,,,,,,,,,,,,,,,,,,,,,,,,,,,,,,,,,,,,,,,,,,,,,,,,,,,,,,,,,,,,,,,,,,,,,,,,,,,,,,,,,
"2025-09-02 15:13:10.8029222Z","ETW","Microsoft-Windows-Kernel-Process",5,"ImageLoadInfo ",3816,17724,"explorer.exe",,,,"C:\Windows\explorer.exe",,,,,,,,,,,,[{"addr":140736916996896,"idx":0}],,,,,,,,,3816,,,,,,,,,,,,,,,,,,,,,,,,,,,,,,,,,,,,3173288389,140696087691264,140696087691264,3042828,3026944,,,,,,,,,,,,,,,,,,,,,,,,,,,,,,,,,,,,,,,,,,,,,,,,,,,,,,,,,,,,,,,,,,,,,,,
"2025-09-02 15:13:10.8029525Z","ETW","Microsoft-Windows-Kernel-Process",5,"ImageLoadInfo ",3816,17724,"explorer.exe",,,,"C:\Windows\System32\ntdll.dll",,,,,,,,,,,,[{"addr":140736916996896,"idx":0}],,,,,,,,,3816,,,,,,,,,,,,,,,,,,,,,,,,,,,,,,,,,,,,2512787800,140736916750336,140736916750336,2531053,2519040,,,,,,,,,,,,,,,,,,,,,,,,,,,,,,,,,,,,,,,,,,,,,,,,,,,,,,,,,,,,,,,,,,,,,,,
"2025-09-02 15:13:10.8037493Z","ETW","Microsoft-Windows-Kernel-Process",5,"ImageLoadInfo ",3816,17724,"explorer.exe",,,,"C:\Windows\System32\kernel32.dll",,,,,,,,,,,,[{"addr":140736918203828,"idx":0},{"addr":140736917192506,"idx":1},{"addr":140736917191278,"idx":2},{"addr":140736917190209,"idx":3},{"addr":140736916804181,"idx":4},{"addr":140736916785218,"idx":5},{"addr":140736916784352,"idx":6},{"addr":140736917101952,"idx":7},{"addr":140736917649076,"idx":8},{"addr":140736917165243,"idx":9},{"addr":140736917158036,"idx":10},{"addr":140736917157502,"idx":11},{"addr":140736916971470,"idx":12}],,,,,,,,,3816,,,,,,,,,,,,,,,,,,,,,,,,,,,,,,,,,,,,2842556120,140736896892928,140736896892928,880212,823296,,,,,,,,,,,,,,,,,,,,,,,,,,,,,,,,,,,,,,,,,,,,,,,,,,,,,,,,,,,,,,,,,,,,,,,
"2025-09-02 15:13:10.8038805Z","ETW","Microsoft-Windows-Kernel-Process",5,"ImageLoadInfo ",3816,17724,"explorer.exe",,,,"C:\Windows\System32\KernelBase.dll",,,,,,,,,,,,[{"addr":140736918203828,"idx":0},{"addr":140736917192506,"idx":1},{"addr":140736917191278,"idx":2},{"addr":140736917190209,"idx":3},{"addr":140736916798526,"idx":4},{"addr":140736916790798,"idx":5},{"addr":140736917191656,"idx":6},{"addr":140736917190209,"idx":7},{"addr":140736916804181,"idx":8},{"addr":140736916785218,"idx":9},{"addr":140736916784352,"idx":10},{"addr":140736917101952,"idx":11},{"addr":140736917649076,"idx":12},{"addr":140736917165243,"idx":13},{"addr":140736917158036,"idx":14},{"addr":140736917157502,"idx":15},{"addr":140736916971470,"idx":16}],,,,,,,,,3816,,,,,,,,,,,,,,,,,,,,,,,,,,,,,,,,,,,,1916522255,140736871923712,140736871923712,4150506,4128768,,,,,,,,,,,,,,,,,,,,,,,,,,,,,,,,,,,,,,,,,,,,,,,,,,,,,,,,,,,,,,,,,,,,,,,
"2025-09-02 15:13:10.8040009Z","ETW","Microsoft-Antimalware-Engine",59,"Message Info ",1912,10404,"MsMpEng.exe",,,,,,0,"Behavior:Win32/LolBinInj.D","0x15B3C1BE95E1","3248011e0b8bf539a4f9aae0cccb1bd0dc6f0bde",,,,,,,[],,,,,,,,,,,,,,,,,,,,,,,,,,,,,,,,,,,,,,,,,,,,,,,,,,,,,,,,,,,,,,,,,,,,,,,,,,,,,,,,,,,,,,,,,,,,,,,,,,,,,,,,,,,,,,,,,,,,,,,,
"2025-09-02 15:13:10.8043517Z","ETW","Microsoft-Windows-Kernel-Audit-API-Calls",5,"Info ",760,3656,"csrss.exe",,,,,,,,,,,,,,,,[{"addr":140736918206916,"idx":0},{"addr":140736867541693,"idx":1},{"addr":140736867538681,"idx":2},{"addr":140736867571143,"idx":3},{"addr":140736916996962,"idx":4}],,,,,,,,,,,,,,,,,,,33554432,0,3816,,,,,,,,,,,,,,,,,,,,,,,,,,,,,,,,,,,,,,,,,,,,,,,,,,,,,,,,,,,,,,,,,,,,,,,,,,,,,,,,,,,,,,,,,,,,,,,,,,,
"2025-09-02 15:13:10.8043591Z","ETW","Microsoft-Windows-Kernel-Audit-API-Calls",6,"Info ",760,3656,"csrss.exe",,,,,,,,,,,,,,,,[{"addr":140736918206948,"idx":0},{"addr":140736867541965,"idx":1},{"addr":140736867538681,"idx":2},{"addr":140736867571143,"idx":3},{"addr":140736916996962,"idx":4}],,,,,,,,,,,,,,,,,,,33554432,0,3816,17724,,,,,,,,,,,,,,,,,,,,,,,,,,,,,,,,,,,,,,,,,,,,,,,,,,,,,,,,,,,,,,,,,,,,,,,,,,,,,,,,,,,,,,,,,,,,,,,,,,
"2025-09-02 15:13:10.8052859Z","ETW","Microsoft-Windows-Kernel-Process",5,"ImageLoadInfo ",3816,17724,"explorer.exe",,,,"C:\Windows\System32\msvcp_win.dll",,,,,,,,,,,,[{"addr":140736918203828,"idx":0},{"addr":140736917192506,"idx":1},{"addr":140736917191278,"idx":2},{"addr":140736917190209,"idx":3},{"addr":140736916798526,"idx":4},{"addr":140736916790798,"idx":5},{"addr":140736917165509,"idx":6},{"addr":140736917158036,"idx":7},{"addr":140736917157502,"idx":8},{"addr":140736916971470,"idx":9}],,,,,,,,,3816,,,,,,,,,,,,,,,,,,,,,,,,,,,,,,,,,,,,2240469762,140736868319232,140736868319232,703256,667648,,,,,,,,,,,,,,,,,,,,,,,,,,,,,,,,,,,,,,,,,,,,,,,,,,,,,,,,,,,,,,,,,,,,,,,
"2025-09-02 15:13:10.8054297Z","ETW","Microsoft-Windows-Kernel-Process",5,"ImageLoadInfo ",3816,17724,"explorer.exe",,,,"C:\Windows\System32\ucrtbase.dll",,,,,,,,,,,,[{"addr":140736918203828,"idx":0},{"addr":140736917192506,"idx":1},{"addr":140736917191278,"idx":2},{"addr":140736917190209,"idx":3},{"addr":140736916798526,"idx":4},{"addr":140736916790798,"idx":5},{"addr":140736917191656,"idx":6},{"addr":140736917190209,"idx":7},{"addr":140736916798526,"idx":8},{"addr":140736916790798,"idx":9},{"addr":140736917165509,"idx":10},{"addr":140736917158036,"idx":11},{"addr":140736917157502,"idx":12},{"addr":140736916971470,"idx":13}],,,,,,,,,3816,,,,,,,,,,,,,,,,,,,,,,,,,,,,,,,,,,,,3686092271,140736876314624,140736876314624,1418583,1355776,,,,,,,,,,,,,,,,,,,,,,,,,,,,,,,,,,,,,,,,,,,,,,,,,,,,,,,,,,,,,,,,,,,,,,,
"2025-09-02 15:13:10.8055499Z","ETW","Microsoft-Windows-Kernel-Process",3,"ThreadStartStart ",3816,17724,"explorer.exe",,,,,,,,,,,,,,,,[{"addr":140736918214756,"idx":0},{"addr":140736917348769,"idx":1},{"addr":140736917700534,"idx":2},{"addr":140736916791223,"idx":3},{"addr":140736917191656,"idx":4},{"addr":140736917190209,"idx":5},{"addr":140736916798526,"idx":6},{"addr":140736916790798,"idx":7},{"addr":140736917191656,"idx":8},{"addr":140736917190209,"idx":9},{"addr":140736916798526,"idx":10},{"addr":140736916790798,"idx":11},{"addr":140736917165509,"idx":12},{"addr":140736917158036,"idx":13},{"addr":140736917157502,"idx":14},{"addr":140736916971470,"idx":15}],,,,,,,,,3816,18446639081565614080,18446639081565589504,140736917348896,0,17367040,9496,20774912,20717568,140736917348896,,,,,,,,,,,,,,,,,,,,,,,,,,,,,,,,,,,,,,,,,,,,,,,,,,,,,,,,,,,,,,,,,,,,,,,,,,,,,,,,,,,,,,,,,,,,,,,,,,,,,,
"2025-09-02 15:13:10.8056359Z","ETW","Microsoft-Windows-Kernel-Process",5,"ImageLoadInfo ",3816,17724,"explorer.exe",,,,"C:\Windows\System32\combase.dll",,,,,,,,,,,,[{"addr":140736918203828,"idx":0},{"addr":140736917192506,"idx":1},{"addr":140736917191278,"idx":2},{"addr":140736917190209,"idx":3},{"addr":140736916798526,"idx":4},{"addr":140736916790798,"idx":5},{"addr":140736917165509,"idx":6},{"addr":140736917158036,"idx":7},{"addr":140736917157502,"idx":8},{"addr":140736916971470,"idx":9}],,,,,,,,,3816,,,,,,,,,,,,,,,,,,,,,,,,,,,,,,,,,,,,670765882,140736909082624,140736909082624,3776119,3690496,,,,,,,,,,,,,,,,,,,,,,,,,,,,,,,,,,,,,,,,,,,,,,,,,,,,,,,,,,,,,,,,,,,,,,,
"2025-09-02 15:13:10.8056591Z","ETW","Microsoft-Windows-Kernel-Process",3,"ThreadStartStart ",3816,9496,"explorer.exe",,,,,,,,,,,,,,,,[{"addr":140736918214756,"idx":0},{"addr":140736917257428,"idx":1},{"addr":140736917254706,"idx":2},{"addr":140736917350945,"idx":3},{"addr":140736897083607,"idx":4},{"addr":140736916996940,"idx":5}],,,,,,,,,3816,18446639081565642752,18446639081565618176,140736917348896,0,17375232,10724,23330816,23273472,140736917348896,,,,,,,,,,,,,,,,,,,,,,,,,,,,,,,,,,,,,,,,,,,,,,,,,,,,,,,,,,,,,,,,,,,,,,,,,,,,,,,,,,,,,,,,,,,,,,,,,,,,,,
"2025-09-02 15:13:10.8058541Z","ETW","Microsoft-Windows-Kernel-Process",5,"ImageLoadInfo ",3816,17724,"explorer.exe",,,,"C:\Windows\System32\rpcrt4.dll",,,,,,,,,,,,[{"addr":140736918203828,"idx":0},{"addr":140736917192506,"idx":1},{"addr":140736917191278,"idx":2},{"addr":140736917190209,"idx":3},{"addr":140736916798526,"idx":4},{"addr":140736916790798,"idx":5},{"addr":140736917191656,"idx":6},{"addr":140736917190209,"idx":7},{"addr":140736916798526,"idx":8},{"addr":140736916790798,"idx":9},{"addr":140736917165509,"idx":10},{"addr":140736917158036,"idx":11},{"addr":140736917157502,"idx":12},{"addr":140736916971470,"idx":13}],,,,,,,,,3816,,,,,,,,,,,,,,,,,,,,,,,,,,,,,,,,,,,,755903142,140736881754112,140736881754112,1201440,1146880,,,,,,,,,,,,,,,,,,,,,,,,,,,,,,,,,,,,,,,,,,,,,,,,,,,,,,,,,,,,,,,,,,,,,,,
"2025-09-02 15:13:10.8060131Z","ETW","Microsoft-Windows-Kernel-Process",3,"ThreadStartStart ",3816,9496,"explorer.exe",,,,,,,,,,,,,,,,[{"addr":140736918214756,"idx":0},{"addr":140736917257428,"idx":1},{"addr":140736917254706,"idx":2},{"addr":140736917350945,"idx":3},{"addr":140736897083607,"idx":4},{"addr":140736916996940,"idx":5}],,,,,,,,,3816,18446639081565671424,18446639081565646848,140736917348896,0,17383424,3296,23855104,23797760,140736917348896,,,,,,,,,,,,,,,,,,,,,,,,,,,,,,,,,,,,,,,,,,,,,,,,,,,,,,,,,,,,,,,,,,,,,,,,,,,,,,,,,,,,,,,,,,,,,,,,,,,,,,
"2025-09-02 15:13:10.8060418Z","ETW","Microsoft-Windows-Kernel-Process",5,"ImageLoadInfo ",3816,17724,"explorer.exe",,,,"C:\Windows\System32\oleaut32.dll",,,,,,,,,,,,[{"addr":140736918203828,"idx":0},{"addr":140736917192506,"idx":1},{"addr":140736917191278,"idx":2},{"addr":140736917190209,"idx":3},{"addr":140736916798526,"idx":4},{"addr":140736916790798,"idx":5},{"addr":140736917165509,"idx":6},{"addr":140736917158036,"idx":7},{"addr":140736917157502,"idx":8},{"addr":140736916971470,"idx":9}],,,,,,,,,3816,,,,,,,,,,,,,,,,,,,,,,,,,,,,,,,,,,,,2785821912,140736894861312,140736894861312,927709,917504,,,,,,,,,,,,,,,,,,,,,,,,,,,,,,,,,,,,,,,,,,,,,,,,,,,,,,,,,,,,,,,,,,,,,,,
"2025-09-02 15:13:10.8062540Z","ETW","Microsoft-Windows-Kernel-Process",5,"ImageLoadInfo ",3816,17724,"explorer.exe",,,,"C:\Windows\System32\SHCore.dll",,,,,,,,,,,,[{"addr":140736918203828,"idx":0},{"addr":140736917192506,"idx":1},{"addr":140736917191278,"idx":2},{"addr":140736917190209,"idx":3},{"addr":140736916798526,"idx":4},{"addr":140736916790798,"idx":5},{"addr":140736917165509,"idx":6},{"addr":140736917158036,"idx":7},{"addr":140736917157502,"idx":8},{"addr":140736916971470,"idx":9}],,,,,,,,,3816,,,,,,,,,,,,,,,,,,,,,,,,,,,,,,,,,,,,742317482,140736902660096,140736902660096,1049363,1003520,,,,,,,,,,,,,,,,,,,,,,,,,,,,,,,,,,,,,,,,,,,,,,,,,,,,,,,,,,,,,,,,,,,,,,,
"2025-09-02 15:13:10.8064634Z","ETW","Microsoft-Windows-Kernel-Process",5,"ImageLoadInfo ",3816,17724,"explorer.exe",,,,"C:\Windows\System32\advapi32.dll",,,,,,,,,,,,[{"addr":140736918203828,"idx":0},{"addr":140736917192506,"idx":1},{"addr":140736917191278,"idx":2},{"addr":140736917190209,"idx":3},{"addr":140736916798526,"idx":4},{"addr":140736916790798,"idx":5},{"addr":140736917165509,"idx":6},{"addr":140736917158036,"idx":7},{"addr":140736917157502,"idx":8},{"addr":140736916971470,"idx":9}],,,,,,,,,3816,,,,,,,,,,,,,,,,,,,,,,,,,,,,,,,,,,,,2886261828,140736895844352,140736895844352,804270,737280,,,,,,,,,,,,,,,,,,,,,,,,,,,,,,,,,,,,,,,,,,,,,,,,,,,,,,,,,,,,,,,,,,,,,,,
"2025-09-02 15:13:10.8066088Z","ETW","Microsoft-Windows-Kernel-Process",5,"ImageLoadInfo ",3816,17724,"explorer.exe",,,,"C:\Windows\System32\msvcrt.dll",,,,,,,,,,,,[{"addr":140736918203828,"idx":0},{"addr":140736917192506,"idx":1},{"addr":140736917191278,"idx":2},{"addr":140736917190209,"idx":3},{"addr":140736916798526,"idx":4},{"addr":140736916790798,"idx":5},{"addr":140736917191656,"idx":6},{"addr":140736917190209,"idx":7},{"addr":140736916798526,"idx":8},{"addr":140736916790798,"idx":9},{"addr":140736917165509,"idx":10},{"addr":140736917158036,"idx":11},{"addr":140736917157502,"idx":12},{"addr":140736916971470,"idx":13}],,,,,,,,,3816,,,,,,,,,,,,,,,,,,,,,,,,,,,,,,,,,,,,2634004398,140736913342464,140736913342464,729924,692224,,,,,,,,,,,,,,,,,,,,,,,,,,,,,,,,,,,,,,,,,,,,,,,,,,,,,,,,,,,,,,,,,,,,,,,
"2025-09-02 15:13:10.8067012Z","ETW","Microsoft-Windows-Kernel-Process",5,"ImageLoadInfo ",3816,9496,"explorer.exe",,,,"C:\Windows\System32\mdmregistration.dll",,,,,,,,,,,,[{"addr":140736918203828,"idx":0},{"addr":140736917192506,"idx":1},{"addr":140736917191278,"idx":2},{"addr":140736917210764,"idx":3},{"addr":140736917201516,"idx":4},{"addr":140736917258922,"idx":5},{"addr":140736917255216,"idx":6},{"addr":140736917350945,"idx":7},{"addr":140736897083607,"idx":8},{"addr":140736916996940,"idx":9}],,,,,,,,,3816,,,,,,,,,,,,,,,,,,,,,,,,,,,,,,,,,,,,3684383189,140736503087104,140736503087104,601450,581632,,,,,,,,,,,,,,,,,,,,,,,,,,,,,,,,,,,,,,,,,,,,,,,,,,,,,,,,,,,,,,,,,,,,,,,
"2025-09-02 15:13:10.8067678Z","ETW","Microsoft-Windows-Kernel-Process",5,"ImageLoadInfo ",3816,17724,"explorer.exe",,,,"C:\Windows\System32\sechost.dll",,,,,,,,,,,,[{"addr":140736918203828,"idx":0},{"addr":140736917192506,"idx":1},{"addr":140736917191278,"idx":2},{"addr":140736917190209,"idx":3},{"addr":140736916798526,"idx":4},{"addr":140736916790798,"idx":5},{"addr":140736917191656,"idx":6},{"addr":140736917190209,"idx":7},{"addr":140736916798526,"idx":8},{"addr":140736916790798,"idx":9},{"addr":140736917165509,"idx":10},{"addr":140736917158036,"idx":11},{"addr":140736917157502,"idx":12},{"addr":140736916971470,"idx":13}],,,,,,,,,3816,,,,,,,,,,,,,,,,,,,,,,,,,,,,,,,,,,,,918957807,140736881033216,140736881033216,733904,679936,,,,,,,,,,,,,,,,,,,,,,,,,,,,,,,,,,,,,,,,,,,,,,,,,,,,,,,,,,,,,,,,,,,,,,,
"2025-09-02 15:13:10.8067858Z","ETW","Microsoft-Windows-Kernel-Process",5,"ImageLoadInfo ",3816,3296,"explorer.exe",,,,"C:\Windows\System32\aepic.dll",,,,,,,,,,,,[{"addr":140736918203828,"idx":0},{"addr":140736917192506,"idx":1},{"addr":140736917191278,"idx":2},{"addr":140736917210764,"idx":3},{"addr":140736917201516,"idx":4},{"addr":140736917258922,"idx":5},{"addr":140736917255216,"idx":6},{"addr":140736917350945,"idx":7},{"addr":140736897083607,"idx":8},{"addr":140736916996940,"idx":9}],,,,,,,,,3816,,,,,,,,,,,,,,,,,,,,,,,,,,,,,,,,,,,,4046637662,140736540704768,140736540704768,675180,643072,,,,,,,,,,,,,,,,,,,,,,,,,,,,,,,,,,,,,,,,,,,,,,,,,,,,,,,,,,,,,,,,,,,,,,,
"2025-09-02 15:13:10.8070262Z","ETW","Microsoft-Windows-Kernel-Process",5,"ImageLoadInfo ",3816,17724,"explorer.exe",,,,"C:\Windows\System32\shlwapi.dll",,,,,,,,,,,,[{"addr":140736918203828,"idx":0},{"addr":140736917192506,"idx":1},{"addr":140736917191278,"idx":2},{"addr":140736917190209,"idx":3},{"addr":140736916798526,"idx":4},{"addr":140736916790798,"idx":5},{"addr":140736917165509,"idx":6},{"addr":140736917158036,"idx":7},{"addr":140736917157502,"idx":8},{"addr":140736916971470,"idx":9}],,,,,,,,,3816,,,,,,,,,,,,,,,,,,,,,,,,,,,,,,,,,,,,17834217,140736890601472,140736890601472,465141,434176,,,,,,,,,,,,,,,,,,,,,,,,,,,,,,,,,,,,,,,,,,,,,,,,,,,,,,,,,,,,,,,,,,,,,,,
"2025-09-02 15:13:10.8072300Z","ETW","Microsoft-Windows-Kernel-Process",5,"ImageLoadInfo ",3816,17724,"explorer.exe",,,,"C:\Windows\System32\user32.dll",,,,,,,,,,,,[{"addr":140736918203828,"idx":0},{"addr":140736917192506,"idx":1},{"addr":140736917191278,"idx":2},{"addr":140736917190209,"idx":3},{"addr":140736916798526,"idx":4},{"addr":140736916790798,"idx":5},{"addr":140736917165509,"idx":6},{"addr":140736917158036,"idx":7},{"addr":140736917157502,"idx":8},{"addr":140736916971470,"idx":9}],,,,,,,,,3816,,,,,,,,,,,,,,,,,,,,,,,,,,,,,,,,,,,,3594986103,140736914063360,140736914063360,1919723,1855488,,,,,,,,,,,,,,,,,,,,,,,,,,,,,,,,,,,,,,,,,,,,,,,,,,,,,,,,,,,,,,,,,,,,,,,
"2025-09-02 15:13:10.8074724Z","ETW","Microsoft-Windows-Kernel-Process",5,"ImageLoadInfo ",3816,17724,"explorer.exe",,,,"C:\Windows\System32\win32u.dll",,,,,,,,,,,,[{"addr":140736918203828,"idx":0},{"addr":140736917192506,"idx":1},{"addr":140736917191278,"idx":2},{"addr":140736917190209,"idx":3},{"addr":140736916798526,"idx":4},{"addr":140736916790798,"idx":5},{"addr":140736917191656,"idx":6},{"addr":140736917190209,"idx":7},{"addr":140736916798526,"idx":8},{"addr":140736916790798,"idx":9},{"addr":140736917165509,"idx":10},{"addr":140736917158036,"idx":11},{"addr":140736917157502,"idx":12},{"addr":140736916971470,"idx":13}],,,,,,,,,3816,,,,,,,,,,,,,,,,,,,,,,,,,,,,,,,,,,,,4080079730,140736876118016,140736876118016,179667,159744,,,,,,,,,,,,,,,,,,,,,,,,,,,,,,,,,,,,,,,,,,,,,,,,,,,,,,,,,,,,,,,,,,,,,,,
"2025-09-02 15:13:10.8075861Z","ETW","Microsoft-Windows-Kernel-Process",5,"ImageLoadInfo ",3816,9496,"explorer.exe",,,,"C:\Windows\System32\windows.storage.dll",,,,,,,,,,,,[{"addr":140736918203828,"idx":0},{"addr":140736917192506,"idx":1},{"addr":140736917191278,"idx":2},{"addr":140736917210764,"idx":3},{"addr":140736917202269,"idx":4},{"addr":140736917259140,"idx":5},{"addr":140736917255216,"idx":6},{"addr":140736917350945,"idx":7},{"addr":140736897083607,"idx":8},{"addr":140736916996940,"idx":9}],,,,,,,,,3816,,,,,,,,,,,,,,,,,,,,,,,,,,,,,,,,,,,,156427775,140736830046208,140736830046208,8870321,8781824,,,,,,,,,,,,,,,,,,,,,,,,,,,,,,,,,,,,,,,,,,,,,,,,,,,,,,,,,,,,,,,,,,,,,,,
"2025-09-02 15:13:10.8075999Z","ETW","Microsoft-Windows-Kernel-Process",5,"ImageLoadInfo ",3816,17724,"explorer.exe",,,,"C:\Windows\System32\gdi32.dll",,,,,,,,,,,,[{"addr":140736918203828,"idx":0},{"addr":140736917192506,"idx":1},{"addr":140736917191278,"idx":2},{"addr":140736917190209,"idx":3},{"addr":140736916798526,"idx":4},{"addr":140736916790798,"idx":5},{"addr":140736917191656,"idx":6},{"addr":140736917190209,"idx":7},{"addr":140736916798526,"idx":8},{"addr":140736916790798,"idx":9},{"addr":140736917165509,"idx":10},{"addr":140736917158036,"idx":11},{"addr":140736917157502,"idx":12},{"addr":140736916971470,"idx":13}],,,,,,,,,3816,,,,,,,,,,,,,,,,,,,,,,,,,,,,,,,,,,,,226377214,140736902135808,140736902135808,213118,176128,,,,,,,,,,,,,,,,,,,,,,,,,,,,,,,,,,,,,,,,,,,,,,,,,,,,,,,,,,,,,,,,,,,,,,,
"2025-09-02 15:13:10.8077537Z","ETW","Microsoft-Windows-Kernel-Process",5,"ImageLoadInfo ",3816,10724,"explorer.exe",,,,"C:\Windows\System32\msvcp110_win.dll",,,,,,,,,,,,[{"addr":140736918203828,"idx":0},{"addr":140736917192506,"idx":1},{"addr":140736917191278,"idx":2},{"addr":140736917210764,"idx":3},{"addr":140736917201516,"idx":4},{"addr":140736917258922,"idx":5},{"addr":140736917255216,"idx":6},{"addr":140736917350945,"idx":7},{"addr":140736897083607,"idx":8},{"addr":140736916996940,"idx":9}],,,,,,,,,3816,,,,,,,,,,,,,,,,,,,,,,,,,,,,,,,,,,,,3464179610,140736793542656,140736793542656,602786,593920,,,,,,,,,,,,,,,,,,,,,,,,,,,,,,,,,,,,,,,,,,,,,,,,,,,,,,,,,,,,,,,,,,,,,,,
"2025-09-02 15:13:10.8078600Z","ETW","Microsoft-Windows-Kernel-Process",5,"ImageLoadInfo ",3816,17724,"explorer.exe",,,,"C:\Windows\System32\gdi32full.dll",,,,,,,,,,,,[{"addr":140736918203828,"idx":0},{"addr":140736917192506,"idx":1},{"addr":140736917191278,"idx":2},{"addr":140736917190209,"idx":3},{"addr":140736916798526,"idx":4},{"addr":140736916790798,"idx":5},{"addr":140736917191656,"idx":6},{"addr":140736917190209,"idx":7},{"addr":140736916798526,"idx":8},{"addr":140736916790798,"idx":9},{"addr":140736917191656,"idx":10},{"addr":140736917190209,"idx":11},{"addr":140736916798526,"idx":12},{"addr":140736916790798,"idx":13},{"addr":140736917165509,"idx":14},{"addr":140736917158036,"idx":15},{"addr":140736917157502,"idx":16},{"addr":140736916971470,"idx":17}],,,,,,,,,3816,,,,,,,,,,,,,,,,,,,,,,,,,,,,,,,,,,,,4226913238,140736869040128,140736869040128,1298614,1277952,,,,,,,,,,,,,,,,,,,,,,,,,,,,,,,,,,,,,,,,,,,,,,,,,,,,,,,,,,,,,,,,,,,,,,,
"2025-09-02 15:13:10.8081311Z","ETW","Microsoft-Windows-Kernel-Process",5,"ImageLoadInfo ",3816,17724,"explorer.exe",,,,"C:\Windows\System32\shell32.dll",,,,,,,,,,,,[{"addr":140736918203828,"idx":0},{"addr":140736917192506,"idx":1},{"addr":140736917191278,"idx":2},{"addr":140736917190209,"idx":3},{"addr":140736916798526,"idx":4},{"addr":140736916790798,"idx":5},{"addr":140736917165509,"idx":6},{"addr":140736917158036,"idx":7},{"addr":140736917157502,"idx":8},{"addr":140736916971470,"idx":9}],,,,,,,,,3816,,,,,,,,,,,,,,,,,,,,,,,,,,,,,,,,,,,,951285368,140736882933760,140736882933760,7762708,7655424,,,,,,,,,,,,,,,,,,,,,,,,,,,,,,,,,,,,,,,,,,,,,,,,,,,,,,,,,,,,,,,,,,,,,,,
"2025-09-02 15:13:10.8084209Z","ETW","Microsoft-Windows-Kernel-Process",5,"ImageLoadInfo ",3816,17724,"explorer.exe",,,,"C:\Windows\System32\WinTypes.dll",,,,,,,,,,,,[{"addr":140736918203828,"idx":0},{"addr":140736917192506,"idx":1},{"addr":140736917191278,"idx":2},{"addr":140736917190209,"idx":3},{"addr":140736916798526,"idx":4},{"addr":140736916790798,"idx":5},{"addr":140736917191656,"idx":6},{"addr":140736917190209,"idx":7},{"addr":140736916798526,"idx":8},{"addr":140736916790798,"idx":9},{"addr":140736917165509,"idx":10},{"addr":140736917158036,"idx":11},{"addr":140736917157502,"idx":12},{"addr":140736916971470,"idx":13}],,,,,,,,,3816,,,,,,,,,,,,,,,,,,,,,,,,,,,,,,,,,,,,3655579039,140736870350848,140736870350848,1545528,1519616,,,,,,,,,,,,,,,,,,,,,,,,,,,,,,,,,,,,,,,,,,,,,,,,,,,,,,,,,,,,,,,,,,,,,,,
"2025-09-02 15:13:10.8085932Z","ETW","Microsoft-Windows-Kernel-Process",5,"ImageLoadInfo ",3816,10724,"explorer.exe",,,,"C:\Windows\System32\propsys.dll",,,,,,,,,,,,[{"addr":140736918203828,"idx":0},{"addr":140736917192506,"idx":1},{"addr":140736917191278,"idx":2},{"addr":140736917210764,"idx":3},{"addr":140736917201516,"idx":4},{"addr":140736917258922,"idx":5},{"addr":140736917255216,"idx":6},{"addr":140736917350945,"idx":7},{"addr":140736897083607,"idx":8},{"addr":140736916996940,"idx":9}],,,,,,,,,3816,,,,,,,,,,,,,,,,,,,,,,,,,,,,,,,,,,,,3411663920,140736783384576,140736783384576,1157670,1101824,,,,,,,,,,,,,,,,,,,,,,,,,,,,,,,,,,,,,,,,,,,,,,,,,,,,,,,,,,,,,,,,,,,,,,,
"2025-09-02 15:13:10.8086677Z","ETW","Microsoft-Windows-Kernel-Process",5,"ImageLoadInfo ",3816,9496,"explorer.exe",,,,"C:\Windows\System32\dxgi.dll",,,,,,,,,,,,[{"addr":140736918203828,"idx":0},{"addr":140736917192506,"idx":1},{"addr":140736917191278,"idx":2},{"addr":140736917210764,"idx":3},{"addr":140736917201516,"idx":4},{"addr":140736917258922,"idx":5},{"addr":140736917255216,"idx":6},{"addr":140736917350945,"idx":7},{"addr":140736897083607,"idx":8},{"addr":140736916996940,"idx":9}],,,,,,,,,3816,,,,,,,,,,,,,,,,,,,,,,,,,,,,,,,,,,,,179780312,140736821395456,140736821395456,1361123,1302528,,,,,,,,,,,,,,,,,,,,,,,,,,,,,,,,,,,,,,,,,,,,,,,,,,,,,,,,,,,,,,,,,,,,,,,
"2025-09-02 15:13:10.8089840Z","ETW","Microsoft-Windows-Kernel-Process",5,"ImageLoadInfo ",3816,17724,"explorer.exe",,,,"C:\Windows\System32\kernel.appcore.dll",,,,,,,,,,,,[{"addr":140736918203828,"idx":0},{"addr":140736917192506,"idx":1},{"addr":140736917191278,"idx":2},{"addr":140736917210764,"idx":3},{"addr":140736917202269,"idx":4},{"addr":140736917259140,"idx":5},{"addr":140736916999751,"idx":6},{"addr":140736917165517,"idx":7},{"addr":140736917158036,"idx":8},{"addr":140736917157502,"idx":9},{"addr":140736916971470,"idx":10}],,,,,,,,,3816,,,,,,,,,,,,,,,,,,,,,,,,,,,,,,,,,,,,4117383687,140736848265216,140736848265216,158572,110592,,,,,,,,,,,,,,,,,,,,,,,,,,,,,,,,,,,,,,,,,,,,,,,,,,,,,,,,,,,,,,,,,,,,,,,
"2025-09-02 15:13:10.8092963Z","ETW","Microsoft-Antimalware-Engine",59,"Message Info ",1912,13020,"MsMpEng.exe",,,,,,0,"!BMGroup:DridexVulnDlls.A","0x195B3BF987774","01184f82067d771b42525bbf6c6541ec7a8114a3",,,,,,,[],,,,,,,,,,,,,,,,,,,,,,,,,,,,,,,,,,,,,,,,,,,,,,,,,,,,,,,,,,,,,,,,,,,,,,,,,,,,,,,,,,,,,,,,,,,,,,,,,,,,,,,,,,,,,,,,,,,,,,,,
"2025-09-02 15:13:10.8093296Z","ETW","Microsoft-Windows-Kernel-Process",5,"ImageLoadInfo ",3816,9496,"explorer.exe",,,,"C:\Windows\System32\uxtheme.dll",,,,,,,,,,,,[{"addr":140736918203828,"idx":0},{"addr":140736917192506,"idx":1},{"addr":140736917191278,"idx":2},{"addr":140736917210764,"idx":3},{"addr":140736917201516,"idx":4},{"addr":140736917258922,"idx":5},{"addr":140736917255216,"idx":6},{"addr":140736917350945,"idx":7},{"addr":140736897083607,"idx":8},{"addr":140736916996940,"idx":9}],,,,,,,,,3816,,,,,,,,,,,,,,,,,,,,,,,,,,,,,,,,,,,,1095616687,140736820019200,140736820019200,769574,716800,,,,,,,,,,,,,,,,,,,,,,,,,,,,,,,,,,,,,,,,,,,,,,,,,,,,,,,,,,,,,,,,,,,,,,,
"2025-09-02 15:13:10.8093956Z","ETW","Microsoft-Windows-Kernel-Process",5,"ImageLoadInfo ",3816,3296,"explorer.exe",,,,"C:\Windows\System32\CoreMessaging.dll",,,,,,,,,,,,[{"addr":140736918203828,"idx":0},{"addr":140736917192506,"idx":1},{"addr":140736917191278,"idx":2},{"addr":140736917210764,"idx":3},{"addr":140736917201516,"idx":4},{"addr":140736917258922,"idx":5},{"addr":140736917255216,"idx":6},{"addr":140736917350945,"idx":7},{"addr":140736897083607,"idx":8},{"addr":140736916996940,"idx":9}],,,,,,,,,3816,,,,,,,,,,,,,,,,,,,,,,,,,,,,,,,,,,,,3802617839,140736813531136,140736813531136,1276090,1200128,,,,,,,,,,,,,,,,,,,,,,,,,,,,,,,,,,,,,,,,,,,,,,,,,,,,,,,,,,,,,,,,,,,,,,,
"2025-09-02 15:13:10.8094048Z","ETW","Microsoft-Windows-Kernel-Process",5,"ImageLoadInfo ",3816,17724,"explorer.exe",,,,"C:\Windows\System32\dwmapi.dll",,,,,,,,,,,,[{"addr":140736918203828,"idx":0},{"addr":140736917192506,"idx":1},{"addr":140736917191278,"idx":2},{"addr":140736917210764,"idx":3},{"addr":140736917201516,"idx":4},{"addr":140736917258922,"idx":5},{"addr":140736916999751,"idx":6},{"addr":140736917165517,"idx":7},{"addr":140736917158036,"idx":8},{"addr":140736917157502,"idx":9},{"addr":140736916971470,"idx":10}],,,,,,,,,3816,,,,,,,,,,,,,,,,,,,,,,,,,,,,,,,,,,,,960295296,140736822902784,140736822902784,264900,217088,,,,,,,,,,,,,,,,,,,,,,,,,,,,,,,,,,,,,,,,,,,,,,,,,,,,,,,,,,,,,,,,,,,,,,,
"2025-09-02 15:13:10.8096486Z","ETW","Microsoft-Antimalware-Engine",59,"Message Info ",1912,13020,"MsMpEng.exe",,,,,,0,"Behavior:Win32/LolBinInj.D","0x15B3C1BE95E1","3248011e0b8bf539a4f9aae0cccb1bd0dc6f0bde",,,,,,,[],,,,,,,,,,,,,,,,,,,,,,,,,,,,,,,,,,,,,,,,,,,,,,,,,,,,,,,,,,,,,,,,,,,,,,,,,,,,,,,,,,,,,,,,,,,,,,,,,,,,,,,,,,,,,,,,,,,,,,,,
"2025-09-02 15:13:10.8098261Z","ETW","Microsoft-Windows-Kernel-Process",5,"ImageLoadInfo ",3816,9496,"explorer.exe",,,,"C:\Windows\System32\sspicli.dll",,,,,,,,,,,,[{"addr":140736918203828,"idx":0},{"addr":140736917192506,"idx":1},{"addr":140736917191278,"idx":2},{"addr":140736917210764,"idx":3},{"addr":140736917201516,"idx":4},{"addr":140736917258922,"idx":5},{"addr":140736917255216,"idx":6},{"addr":140736917350945,"idx":7},{"addr":140736897083607,"idx":8},{"addr":140736916996940,"idx":9}],,,,,,,,,3816,,,,,,,,,,,,,,,,,,,,,,,,,,,,,,,,,,,,100434550,140736851083264,140736851083264,322206,299008,,,,,,,,,,,,,,,,,,,,,,,,,,,,,,,,,,,,,,,,,,,,,,,,,,,,,,,,,,,,,,,,,,,,,,,
"2025-09-02 15:13:10.8098697Z","ETW","Microsoft-Windows-Kernel-Process",5,"ImageLoadInfo ",3816,17724,"explorer.exe",,,,"C:\Windows\System32\userenv.dll",,,,,,,,,,,,[{"addr":140736918203828,"idx":0},{"addr":140736917192506,"idx":1},{"addr":140736917191278,"idx":2},{"addr":140736917210764,"idx":3},{"addr":140736917201516,"idx":4},{"addr":140736917258922,"idx":5},{"addr":140736916999751,"idx":6},{"addr":140736917165517,"idx":7},{"addr":140736917158036,"idx":8},{"addr":140736917157502,"idx":9},{"addr":140736916971470,"idx":10}],,,,,,,,,3816,,,,,,,,,,,,,,,,,,,,,,,,,,,,,,,,,,,,4021294584,140736854753280,140736854753280,247163,176128,,,,,,,,,,,,,,,,,,,,,,,,,,,,,,,,,,,,,,,,,,,,,,,,,,,,,,,,,,,,,,,,,,,,,,,
"2025-09-02 15:13:10.8100130Z","ETW","Microsoft-Windows-Kernel-Process",5,"ImageLoadInfo ",3816,10724,"explorer.exe",,,,"C:\Windows\System32\wininet.dll",,,,,,,,,,,,[{"addr":140736918203828,"idx":0},{"addr":140736917192506,"idx":1},{"addr":140736917191278,"idx":2},{"addr":140736917210764,"idx":3},{"addr":140736917201516,"idx":4},{"addr":140736917258922,"idx":5},{"addr":140736917255216,"idx":6},{"addr":140736917350945,"idx":7},{"addr":140736897083607,"idx":8},{"addr":140736916996940,"idx":9}],,,,,,,,,3816,,,,,,,,,,,,,,,,,,,,,,,,,,,,,,,,,,,,302585447,140736707100672,140736707100672,2716732,2658304,,,,,,,,,,,,,,,,,,,,,,,,,,,,,,,,,,,,,,,,,,,,,,,,,,,,,,,,,,,,,,,,,,,,,,,
"2025-09-02 15:13:10.8103183Z","ETW","Microsoft-Windows-Kernel-Process",5,"ImageLoadInfo ",3816,17724,"explorer.exe",,,,"C:\Windows\System32\twinapi.appcore.dll",,,,,,,,,,,,[{"addr":140736918203828,"idx":0},{"addr":140736917192506,"idx":1},{"addr":140736917191278,"idx":2},{"addr":140736917210764,"idx":3},{"addr":140736917202269,"idx":4},{"addr":140736917259140,"idx":5},{"addr":140736916999751,"idx":6},{"addr":140736917165517,"idx":7},{"addr":140736917158036,"idx":8},{"addr":140736917157502,"idx":9},{"addr":140736916971470,"idx":10}],,,,,,,,,3816,,,,,,,,,,,,,,,,,,,,,,,,,,,,,,,,,,,,2889134449,140736717651968,140736717651968,2408796,2326528,,,,,,,,,,,,,,,,,,,,,,,,,,,,,,,,,,,,,,,,,,,,,,,,,,,,,,,,,,,,,,,,,,,,,,,
"2025-09-02 15:13:10.8103242Z","ETW","Microsoft-Windows-Kernel-Process",5,"ImageLoadInfo ",3816,9496,"explorer.exe",,,,"C:\Windows\System32\mscms.dll",,,,,,,,,,,,[{"addr":140736918203828,"idx":0},{"addr":140736917192506,"idx":1},{"addr":140736917191278,"idx":2},{"addr":140736917210764,"idx":3},{"addr":140736917201516,"idx":4},{"addr":140736917258922,"idx":5},{"addr":140736917255216,"idx":6},{"addr":140736917350945,"idx":7},{"addr":140736897083607,"idx":8},{"addr":140736916996940,"idx":9}],,,,,,,,,3816,,,,,,,,,,,,,,,,,,,,,,,,,,,,,,,,,,,,3904747775,140736729186304,140736729186304,893310,823296,,,,,,,,,,,,,,,,,,,,,,,,,,,,,,,,,,,,,,,,,,,,,,,,,,,,,,,,,,,,,,,,,,,,,,,
"2025-09-02 15:13:10.8106392Z","ETW","Microsoft-Windows-Kernel-Process",5,"ImageLoadInfo ",3816,3296,"explorer.exe",,,,"C:\Windows\System32\powrprof.dll",,,,,,,,,,,,[{"addr":140736918203828,"idx":0},{"addr":140736917192506,"idx":1},{"addr":140736917191278,"idx":2},{"addr":140736917210764,"idx":3},{"addr":140736917202269,"idx":4},{"addr":140736917259140,"idx":5},{"addr":140736917255216,"idx":6},{"addr":140736917350945,"idx":7},{"addr":140736897083607,"idx":8},{"addr":140736916996940,"idx":9}],,,,,,,,,3816,,,,,,,,,,,,,,,,,,,,,,,,,,,,,,,,,,,,2858637235,140736866091008,140736866091008,457799,385024,,,,,,,,,,,,,,,,,,,,,,,,,,,,,,,,,,,,,,,,,,,,,,,,,,,,,,,,,,,,,,,,,,,,,,,
"2025-09-02 15:13:10.8108492Z","ETW","Microsoft-Windows-Kernel-Process",5,"ImageLoadInfo ",3816,10724,"explorer.exe",,,,"C:\Windows\System32\wtsapi32.dll",,,,,,,,,,,,[{"addr":140736918203828,"idx":0},{"addr":140736917192506,"idx":1},{"addr":140736917191278,"idx":2},{"addr":140736917210764,"idx":3},{"addr":140736917201516,"idx":4},{"addr":140736917258922,"idx":5},{"addr":140736917255216,"idx":6},{"addr":140736917350945,"idx":7},{"addr":140736897083607,"idx":8},{"addr":140736916996940,"idx":9}],,,,,,,,,3816,,,,,,,,,,,,,,,,,,,,,,,,,,,,,,,,,,,,2751019176,140736825393152,140736825393152,119123,90112,,,,,,,,,,,,,,,,,,,,,,,,,,,,,,,,,,,,,,,,,,,,,,,,,,,,,,,,,,,,,,,,,,,,,,,
"2025-09-02 15:13:10.8110513Z","ETW","Microsoft-Antimalware-Engine",59,"Message Info ",1912,13020,"MsMpEng.exe",,,,,,0,"!BMGroup:DridexVulnDlls.A","0x195B3BF987774","01184f82067d771b42525bbf6c6541ec7a8114a3",,,,,,,[],,,,,,,,,,,,,,,,,,,,,,,,,,,,,,,,,,,,,,,,,,,,,,,,,,,,,,,,,,,,,,,,,,,,,,,,,,,,,,,,,,,,,,,,,,,,,,,,,,,,,,,,,,,,,,,,,,,,,,,,
"2025-09-02 15:13:10.8113627Z","ETW","Microsoft-Antimalware-Engine",59,"Message Info ",1912,13020,"MsMpEng.exe",,,,,,0,"Behavior:Win32/LolBinInj.D","0x15B3C1BE95E1","3248011e0b8bf539a4f9aae0cccb1bd0dc6f0bde",,,,,,,[],,,,,,,,,,,,,,,,,,,,,,,,,,,,,,,,,,,,,,,,,,,,,,,,,,,,,,,,,,,,,,,,,,,,,,,,,,,,,,,,,,,,,,,,,,,,,,,,,,,,,,,,,,,,,,,,,,,,,,,,
"2025-09-02 15:13:10.8116487Z","ETW","Microsoft-Antimalware-Engine",59,"Message Info ",1912,13020,"MsMpEng.exe",,,,,,0,"!BMGroup:DridexVulnDlls.A","0x195B3BF987774","01184f82067d771b42525bbf6c6541ec7a8114a3",,,,,,,[],,,,,,,,,,,,,,,,,,,,,,,,,,,,,,,,,,,,,,,,,,,,,,,,,,,,,,,,,,,,,,,,,,,,,,,,,,,,,,,,,,,,,,,,,,,,,,,,,,,,,,,,,,,,,,,,,,,,,,,,
"2025-09-02 15:13:10.8118802Z","ETW","Microsoft-Antimalware-Engine",59,"Message Info ",1912,13020,"MsMpEng.exe",,,,,,0,"Behavior:Win32/LolBinInj.D","0x15B3C1BE95E1","3248011e0b8bf539a4f9aae0cccb1bd0dc6f0bde",,,,,,,[],,,,,,,,,,,,,,,,,,,,,,,,,,,,,,,,,,,,,,,,,,,,,,,,,,,,,,,,,,,,,,,,,,,,,,,,,,,,,,,,,,,,,,,,,,,,,,,,,,,,,,,,,,,,,,,,,,,,,,,,
"2025-09-02 15:13:10.8122968Z","ETW","Microsoft-Antimalware-Engine",59,"Message Info ",1912,13020,"MsMpEng.exe",,,,,,0,"!BMGroup:DridexVulnDlls.A","0x195B3BF987774","01184f82067d771b42525bbf6c6541ec7a8114a3",,,,,,,[],,,,,,,,,,,,,,,,,,,,,,,,,,,,,,,,,,,,,,,,,,,,,,,,,,,,,,,,,,,,,,,,,,,,,,,,,,,,,,,,,,,,,,,,,,,,,,,,,,,,,,,,,,,,,,,,,,,,,,,,
"2025-09-02 15:13:10.8124816Z","ETW","Microsoft-Antimalware-Engine",59,"Message Info ",1912,13020,"MsMpEng.exe",,,,,,0,"Behavior:Win32/LolBinInj.D","0x15B3C1BE95E1","3248011e0b8bf539a4f9aae0cccb1bd0dc6f0bde",,,,,,,[],,,,,,,,,,,,,,,,,,,,,,,,,,,,,,,,,,,,,,,,,,,,,,,,,,,,,,,,,,,,,,,,,,,,,,,,,,,,,,,,,,,,,,,,,,,,,,,,,,,,,,,,,,,,,,,,,,,,,,,,
"2025-09-02 15:13:10.8127560Z","ETW","Microsoft-Windows-Kernel-Process",5,"ImageLoadInfo ",3816,17724,"explorer.exe",,,,"C:\Windows\System32\bcryptprimitives.dll",,,,,,,,,,,,[{"addr":140736918203828,"idx":0},{"addr":140736917192506,"idx":1},{"addr":140736917191278,"idx":2},{"addr":140736917190209,"idx":3},{"addr":140736916804181,"idx":4},{"addr":140736916785218,"idx":5},{"addr":140736916786774,"idx":6},{"addr":140736917021315,"idx":7},{"addr":140736917023197,"idx":8},{"addr":140736882386290,"idx":9},{"addr":140736882460095,"idx":10},{"addr":140736881997317,"idx":11},{"addr":140736540963826,"idx":12},{"addr":140736540722969,"idx":13},{"addr":140736876766998,"idx":14},{"addr":140736540729490,"idx":15},{"addr":140736540729867,"idx":16},{"addr":140736918195438,"idx":17},{"addr":140736917219838,"idx":18},{"addr":140736917215596,"idx":19},{"addr":140736916995194,"idx":20},{"addr":140736916995238,"idx":21},{"addr":140736917165788,"idx":22},{"addr":140736917158036,"idx":23},{"addr":140736917157502,"idx":24},{"addr":140736916971470,"idx":25}],,,,,,,,,3816,,,,,,,,,,,,,,,,,,,,,,,,,,,,,,,,,,,,3318233078,140736867663872,140736867663872,705120,626688,,,,,,,,,,,,,,,,,,,,,,,,,,,,,,,,,,,,,,,,,,,,,,,,,,,,,,,,,,,,,,,,,,,,,,,
"2025-09-02 15:13:10.8139921Z","ETW","Microsoft-Windows-Kernel-Process",5,"ImageLoadInfo ",3816,17724,"explorer.exe",,,,"C:\Windows\System32\imm32.dll",,,,,,,,,,,,[{"addr":140736918203828,"idx":0},{"addr":140736917192506,"idx":1},{"addr":140736917191278,"idx":2},{"addr":140736917190209,"idx":3},{"addr":140736916804181,"idx":4},{"addr":140736916785218,"idx":5},{"addr":140736916784352,"idx":6},{"addr":140736917101952,"idx":7},{"addr":140736872000198,"idx":8},{"addr":140736914283356,"idx":9},{"addr":140736914516183,"idx":10},{"addr":140736918195438,"idx":11},{"addr":140736917219838,"idx":12},{"addr":140736917215596,"idx":13},{"addr":140736916995194,"idx":14},{"addr":140736916995238,"idx":15},{"addr":140736917165788,"idx":16},{"addr":140736917158036,"idx":17},{"addr":140736917157502,"idx":18},{"addr":140736916971470,"idx":19}],,,,,,,,,3816,,,,,,,,,,,,,,,,,,,,,,,,,,,,,,,,,,,,2763417762,140736896630784,140736896630784,237947,192512,,,,,,,,,,,,,,,,,,,,,,,,,,,,,,,,,,,,,,,,,,,,,,,,,,,,,,,,,,,,,,,,,,,,,,,
"2025-09-02 15:13:10.8165180Z","ETW","Microsoft-Windows-Kernel-Process",5,"ImageLoadInfo ",3816,17724,"explorer.exe",,,,"C:\Windows\System32\umpdc.dll",,,,,,,,,,,,[{"addr":140736918203828,"idx":0},{"addr":140736917192506,"idx":1},{"addr":140736917191278,"idx":2},{"addr":140736917210764,"idx":3},{"addr":140736917201516,"idx":4},{"addr":140736917258922,"idx":5},{"addr":140736916785248,"idx":6},{"addr":140736916786774,"idx":7},{"addr":140736917021315,"idx":8},{"addr":140736917023197,"idx":9},{"addr":140736866119074,"idx":10},{"addr":140736866136530,"idx":11},{"addr":140736866130783,"idx":12},{"addr":140736866132678,"idx":13},{"addr":140736918195438,"idx":14},{"addr":140736917219838,"idx":15},{"addr":140736917215596,"idx":16},{"addr":140736916995194,"idx":17},{"addr":140736916995238,"idx":18},{"addr":140736917165788,"idx":19},{"addr":140736917158036,"idx":20},{"addr":140736917157502,"idx":21},{"addr":140736916971470,"idx":22}],,,,,,,,,3816,,,,,,,,,,,,,,,,,,,,,,,,,,,,,,,,,,,,212057710,140736865959936,140736865959936,140109,81920,,,,,,,,,,,,,,,,,,,,,,,,,,,,,,,,,,,,,,,,,,,,,,,,,,,,,,,,,,,,,,,,,,,,,,,
"2025-09-02 15:13:10.8174165Z","ETW","Microsoft-Windows-Kernel-Process",5,"ImageLoadInfo ",3816,17724,"explorer.exe",,,,"C:\Windows\System32\DXCore.dll",,,,,,,,,,,,[{"addr":140736918203828,"idx":0},{"addr":140736917192506,"idx":1},{"addr":140736917191278,"idx":2},{"addr":140736917210764,"idx":3},{"addr":140736917202269,"idx":4},{"addr":140736917259140,"idx":5},{"addr":140736916785248,"idx":6},{"addr":140736916786774,"idx":7},{"addr":140736917098157,"idx":8},{"addr":140736917021756,"idx":9},{"addr":140736917023197,"idx":10},{"addr":140736821738210,"idx":11},{"addr":140736821866033,"idx":12},{"addr":140736821548391,"idx":13},{"addr":140696088246000,"idx":14},{"addr":140696088445621,"idx":15},{"addr":140736897083607,"idx":16},{"addr":140736916996940,"idx":17}],,,,,,,,,3816,,,,,,,,,,,,,,,,,,,,,,,,,,,,,,,,,,,,2132968074,140736821067776,140736821067776,351724,315392,,,,,,,,,,,,,,,,,,,,,,,,,,,,,,,,,,,,,,,,,,,,,,,,,,,,,,,,,,,,,,,,,,,,,,,
"2025-09-02 15:13:10.8179449Z","ETW","Microsoft-Windows-Kernel-Audit-API-Calls",5,"Info ",2496,2756,"svchost.exe",,,,,,,,,,,,,,,,[{"addr":140736918203764,"idx":0},{"addr":140736624153375,"idx":1},{"addr":140736624146038,"idx":2},{"addr":140736624145118,"idx":3},{"addr":140736624193741,"idx":4},{"addr":140700308678045,"idx":5},{"addr":140736881194535,"idx":6},{"addr":140736897083607,"idx":7},{"addr":140736916996940,"idx":8}],,,,,,,,,,,,,,,,,,,5240,0,3816,,,,,,,,,,,,,,,,,,,,,,,,,,,,,,,,,,,,,,,,,,,,,,,,,,,,,,,,,,,,,,,,,,,,,,,,,,,,,,,,,,,,,,,,,,,,,,,,,,,
"2025-09-02 15:13:10.8180072Z","ETW","Microsoft-Windows-Kernel-Audit-API-Calls",6,"Info ",2496,4360,"svchost.exe",,,,,,,,,,,,,,,,[{"addr":140736918212548,"idx":0},{"addr":140736624141675,"idx":1},{"addr":140736624140828,"idx":2},{"addr":140736624140307,"idx":3},{"addr":140736624148436,"idx":4},{"addr":140736624147998,"idx":5},{"addr":140736624154053,"idx":6},{"addr":140736917453874,"idx":7},{"addr":140736917350976,"idx":8},{"addr":140736897083607,"idx":9},{"addr":140736916996940,"idx":10}],,,,,,,,,,,,,,,,,,,64,0,3816,17724,,,,,,,,,,,,,,,,,,,,,,,,,,,,,,,,,,,,,,,,,,,,,,,,,,,,,,,,,,,,,,,,,,,,,,,,,,,,,,,,,,,,,,,,,,,,,,,,,,
"2025-09-02 15:13:10.8180141Z","ETW","Microsoft-Windows-Kernel-Audit-API-Calls",5,"Info ",2496,4360,"svchost.exe",,,,,,,,,,,,,,,,[{"addr":140736918203764,"idx":0},{"addr":140736624141781,"idx":1},{"addr":140736624140828,"idx":2},{"addr":140736624140307,"idx":3},{"addr":140736624148436,"idx":4},{"addr":140736624147998,"idx":5},{"addr":140736624154053,"idx":6},{"addr":140736917453874,"idx":7},{"addr":140736917350976,"idx":8},{"addr":140736897083607,"idx":9},{"addr":140736916996940,"idx":10}],,,,,,,,,,,,,,,,,,,1024,0,3816,,,,,,,,,,,,,,,,,,,,,,,,,,,,,,,,,,,,,,,,,,,,,,,,,,,,,,,,,,,,,,,,,,,,,,,,,,,,,,,,,,,,,,,,,,,,,,,,,,,
"2025-09-02 15:13:10.8198292Z","ETW","Microsoft-Windows-Kernel-Process",5,"ImageLoadInfo ",3816,17724,"explorer.exe",,,,"C:\Windows\System32\ole32.dll",,,,,,,,,,,,[{"addr":140736918203828,"idx":0},{"addr":140736917192506,"idx":1},{"addr":140736917191278,"idx":2},{"addr":140736917190209,"idx":3},{"addr":140736916804181,"idx":4},{"addr":140736916785218,"idx":5},{"addr":140736916786774,"idx":6},{"addr":140736917021315,"idx":7},{"addr":140736917023197,"idx":8},{"addr":140736832559570,"idx":9},{"addr":140736833645584,"idx":10},{"addr":140736832263963,"idx":11},{"addr":140736832263321,"idx":12},{"addr":140736830163669,"idx":13},{"addr":140736830160527,"idx":14},{"addr":140736830159454,"idx":15},{"addr":140736831838514,"idx":16},{"addr":140696087822313,"idx":17},{"addr":140696087820784,"idx":18},{"addr":140696088246747,"idx":19},{"addr":140696088445621,"idx":20},{"addr":140736897083607,"idx":21},{"addr":140736916996940,"idx":22}],,,,,,,,,3816,,,,,,,,,,,,,,,,,,,,,,,,,,,,,,,,,,,,916019586,140736897744896,140736897744896,1774113,1703936,,,,,,,,,,,,,,,,,,,,,,,,,,,,,,,,,,,,,,,,,,,,,,,,,,,,,,,,,,,,,,,,,,,,,,,
"2025-09-02 15:13:10.8213144Z","ETW","Microsoft-Windows-Kernel-Process",5,"ImageLoadInfo ",3816,17724,"explorer.exe",,,,"C:\Windows\System32\clbcatq.dll",,,,,,,,,,,,[{"addr":140736918203828,"idx":0},{"addr":140736917192506,"idx":1},{"addr":140736917191278,"idx":2},{"addr":140736917190209,"idx":3},{"addr":140736916804181,"idx":4},{"addr":140736916785218,"idx":5},{"addr":140736916786774,"idx":6},{"addr":140736917021315,"idx":7},{"addr":140736917023197,"idx":8},{"addr":140736910389554,"idx":9},{"addr":140736910688281,"idx":10},{"addr":140736910347186,"idx":11},{"addr":140736911036234,"idx":12},{"addr":140736909552714,"idx":13},{"addr":140736909548907,"idx":14},{"addr":140736909576880,"idx":15},{"addr":140736830478392,"idx":16},{"addr":140736832321970,"idx":17},{"addr":140736832024688,"idx":18},{"addr":140736830478099,"idx":19},{"addr":140736830538392,"idx":20},{"addr":140736830543109,"idx":21},{"addr":140736830474025,"idx":22},{"addr":140736830472683,"idx":23},{"addr":140736832353006,"idx":24},{"addr":140736830653742,"idx":25},{"addr":140736830472602,"idx":26},{"addr":140736830661589,"idx":27},{"addr":140736832264032,"idx":28},{"addr":140736832263321,"idx":29},{"addr":140736830163669,"idx":30},{"addr":140736830160527,"idx":31},{"addr":140736830159454,"idx":32},{"addr":140736831838514,"idx":33},{"addr":140696087822313,"idx":34},{"addr":140696087820784,"idx":35},{"addr":140696088246747,"idx":36},{"addr":140696088445621,"idx":37},{"addr":140736897083607,"idx":38},{"addr":140736916996940,"idx":39}],,,,,,,,,3816,,,,,,,,,,,,,,,,,,,,,,,,,,,,,,,,,,,,1600192633,140736892108800,140736892108800,700133,688128,,,,,,,,,,,,,,,,,,,,,,,,,,,,,,,,,,,,,,,,,,,,,,,,,,,,,,,,,,,,,,,,,,,,,,,
"2025-09-02 15:13:10.8242343Z","ETW","Microsoft-Windows-Kernel-Process",3,"ThreadStartStart ",3816,17724,"explorer.exe",,,,,,,,,,,,,,,,[{"addr":140736918214756,"idx":0},{"addr":140736917452953,"idx":1},{"addr":140736917451578,"idx":2},{"addr":140736872925435,"idx":3},{"addr":140736902953060,"idx":4},{"addr":140736832976842,"idx":5},{"addr":140736831176163,"idx":6},{"addr":140736831162825,"idx":7},{"addr":140736830472602,"idx":8},{"addr":140736830653742,"idx":9},{"addr":140736830472602,"idx":10},{"addr":140736830661589,"idx":11},{"addr":140736832264032,"idx":12},{"addr":140736832263119,"idx":13},{"addr":140736830163669,"idx":14},{"addr":140736830160527,"idx":15},{"addr":140736830159454,"idx":16},{"addr":140736831838514,"idx":17},{"addr":140696087822313,"idx":18},{"addr":140696087820784,"idx":19},{"addr":140696088246747,"idx":20},{"addr":140696088445621,"idx":21},{"addr":140736897083607,"idx":22},{"addr":140736916996940,"idx":23}],,,,,,,,,3816,18446639081550475264,18446639081550450688,140736917348896,0,17391616,10148,63045632,62988288,140736917348896,,,,,,,,,,,,,,,,,,,,,,,,,,,,,,,,,,,,,,,,,,,,,,,,,,,,,,,,,,,,,,,,,,,,,,,,,,,,,,,,,,,,,,,,,,,,,,,,,,,,,,
"2025-09-02 15:13:10.8247235Z","ETW","Microsoft-Windows-Kernel-Process",5,"ImageLoadInfo ",3816,10148,"explorer.exe",,,,"C:\Windows\System32\cfgmgr32.dll",,,,,,,,,,,,[{"addr":140736918203828,"idx":0},{"addr":140736917192506,"idx":1},{"addr":140736917191278,"idx":2},{"addr":140736917210764,"idx":3},{"addr":140736917201516,"idx":4},{"addr":140736917258922,"idx":5},{"addr":140736916785248,"idx":6},{"addr":140736916786774,"idx":7},{"addr":140736917021315,"idx":8},{"addr":140736917023197,"idx":9},{"addr":140736832559570,"idx":10},{"addr":140736833625714,"idx":11},{"addr":140736831161379,"idx":12},{"addr":140736831155753,"idx":13},{"addr":140736902972741,"idx":14},{"addr":140736917453874,"idx":15},{"addr":140736917350976,"idx":16},{"addr":140736897083607,"idx":17},{"addr":140736916996940,"idx":18}],,,,,,,,,3816,,,,,,,,,,,,,,,,,,,,,,,,,,,,,,,,,,,,836129831,140736862748672,140736862748672,378754,356352,,,,,,,,,,,,,,,,,,,,,,,,,,,,,,,,,,,,,,,,,,,,,,,,,,,,,,,,,,,,,,,,,,,,,,,
"2025-09-02 15:13:10.8252323Z","ETW","Microsoft-Windows-Kernel-Process",3,"ThreadStartStart ",3816,10148,"explorer.exe",,,,,,,,,,,,,,,,[{"addr":140736918214756,"idx":0},{"addr":140736917452953,"idx":1},{"addr":140736917451578,"idx":2},{"addr":140736872925435,"idx":3},{"addr":140736830614835,"idx":4},{"addr":140736830614542,"idx":5},{"addr":140736831161776,"idx":6},{"addr":140736831155753,"idx":7},{"addr":140736902972741,"idx":8},{"addr":140736917453874,"idx":9},{"addr":140736917350976,"idx":10},{"addr":140736897083607,"idx":11},{"addr":140736916996940,"idx":12}],,,,,,,,,3816,18446639081565700096,18446639081565675520,140736917348896,0,17399808,14780,63832064,63774720,140736917348896,,,,,,,,,,,,,,,,,,,,,,,,,,,,,,,,,,,,,,,,,,,,,,,,,,,,,,,,,,,,,,,,,,,,,,,,,,,,,,,,,,,,,,,,,,,,,,,,,,,,,,
"2025-09-02 15:13:10.8266171Z","ETW","Microsoft-Windows-Kernel-Process",5,"ImageLoadInfo ",3816,17724,"explorer.exe",,,,"C:\Windows\System32\rmclient.dll",,,,,,,,,,,,[{"addr":140736918203828,"idx":0},{"addr":140736917192506,"idx":1},{"addr":140736917191278,"idx":2},{"addr":140736917210764,"idx":3},{"addr":140736917202269,"idx":4},{"addr":140736917259140,"idx":5},{"addr":140736916785248,"idx":6},{"addr":140736916786774,"idx":7},{"addr":140736917021315,"idx":8},{"addr":140736917023197,"idx":9},{"addr":140696088101570,"idx":10},{"addr":140696088454803,"idx":11},{"addr":140696088246769,"idx":12},{"addr":140696088445621,"idx":13},{"addr":140736897083607,"idx":14},{"addr":140736916996940,"idx":15}],,,,,,,,,3816,,,,,,,,,,,,,,,,,,,,,,,,,,,,,,,,,,,,3900896147,140736825524224,140736825524224,254612,221184,,,,,,,,,,,,,,,,,,,,,,,,,,,,,,,,,,,,,,,,,,,,,,,,,,,,,,,,,,,,,,,,,,,,,,,
"2025-09-02 15:13:10.8270476Z","ETW","Microsoft-Windows-Kernel-Process",5,"ImageLoadInfo ",3816,17724,"explorer.exe",,,,"C:\Windows\System32\ninput.dll",,,,,,,,,,,,[{"addr":140736918203828,"idx":0},{"addr":140736917192506,"idx":1},{"addr":140736917191278,"idx":2},{"addr":140736917210764,"idx":3},{"addr":140736917201516,"idx":4},{"addr":140736917258922,"idx":5},{"addr":140736916785248,"idx":6},{"addr":140736916786774,"idx":7},{"addr":140736917021315,"idx":8},{"addr":140736917023197,"idx":9},{"addr":140696088101570,"idx":10},{"addr":140696088455709,"idx":11},{"addr":140696088246803,"idx":12},{"addr":140696088445621,"idx":13},{"addr":140736897083607,"idx":14},{"addr":140736916996940,"idx":15}],,,,,,,,,3816,,,,,,,,,,,,,,,,,,,,,,,,,,,,,,,,,,,,1475300263,140736433750016,140736433750016,601538,548864,,,,,,,,,,,,,,,,,,,,,,,,,,,,,,,,,,,,,,,,,,,,,,,,,,,,,,,,,,,,,,,,,,,,,,,
"2025-09-02 15:13:10.8285682Z","ETW","Microsoft-Windows-Kernel-Process",5,"ImageLoadInfo ",3816,17724,"explorer.exe",,,,"C:\Windows\System32\ExplorerFrame.dll",,,,,,,,,,,,[{"addr":140736918203828,"idx":0},{"addr":140736917192506,"idx":1},{"addr":140736917191278,"idx":2},{"addr":140736917210764,"idx":3},{"addr":140736917202269,"idx":4},{"addr":140736917259140,"idx":5},{"addr":140736916785248,"idx":6},{"addr":140736916784352,"idx":7},{"addr":140736917101952,"idx":8},{"addr":140736872000198,"idx":9},{"addr":140736909363845,"idx":10},{"addr":140736909362547,"idx":11},{"addr":140736909360794,"idx":12},{"addr":140736909561496,"idx":13},{"addr":140736909365281,"idx":14},{"addr":140736909356853,"idx":15},{"addr":140736910270317,"idx":16},{"addr":140736909359719,"idx":17},{"addr":140736909871367,"idx":18},{"addr":140736910338829,"idx":19},{"addr":140736910332465,"idx":20},{"addr":140736910348734,"idx":21},{"addr":140736910270317,"idx":22},{"addr":140736909350430,"idx":23},{"addr":140736910270317,"idx":24},{"addr":140736909553458,"idx":25},{"addr":140736909548907,"idx":26},{"addr":140736909576880,"idx":27},{"addr":140696088247281,"idx":28},{"addr":140696088445621,"idx":29},{"addr":140736897083607,"idx":30},{"addr":140736916996940,"idx":31}],,,,,,,,,3816,,,,,,,,,,,,,,,,,,,,,,,,,,,,,,,,,,,,2565069523,140736394231808,140736394231808,2916794,2891776,,,,,,,,,,,,,,,,,,,,,,,,,,,,,,,,,,,,,,,,,,,,,,,,,,,,,,,,,,,,,,,,,,,,,,,
"2025-09-02 15:13:10.8294654Z","ETW","Microsoft-Windows-Kernel-Process",5,"ImageLoadInfo ",3816,17724,"explorer.exe",,,,"C:\Windows\System32\twinui.pcshell.dll",,,,,,,,,,,,[{"addr":140736918203828,"idx":0},{"addr":140736917192506,"idx":1},{"addr":140736917191278,"idx":2},{"addr":140736917210764,"idx":3},{"addr":140736917202269,"idx":4},{"addr":140736917259140,"idx":5},{"addr":140736916785248,"idx":6},{"addr":140736916784352,"idx":7},{"addr":140736917101952,"idx":8},{"addr":140736872000198,"idx":9},{"addr":140736909363845,"idx":10},{"addr":140736909362547,"idx":11},{"addr":140736909531736,"idx":12},{"addr":140736909524833,"idx":13},{"addr":140736909523551,"idx":14},{"addr":140736395514312,"idx":15},{"addr":140736395954598,"idx":16},{"addr":140736395460408,"idx":17},{"addr":140736395954798,"idx":18},{"addr":140736395379493,"idx":19},{"addr":140696088247311,"idx":20},{"addr":140696088445621,"idx":21},{"addr":140736897083607,"idx":22},{"addr":140736916996940,"idx":23}],,,,,,,,,3816,,,,,,,,,,,,,,,,,,,,,,,,,,,,,,,,,,,,2034442132,140736444170240,140736444170240,9560139,9527296,,,,,,,,,,,,,,,,,,,,,,,,,,,,,,,,,,,,,,,,,,,,,,,,,,,,,,,,,,,,,,,,,,,,,,,
"2025-09-02 15:13:10.8298952Z","ETW","Microsoft-Windows-Kernel-Process",5,"ImageLoadInfo ",3816,3296,"explorer.exe",,,,"C:\Windows\System32\wincorlib.dll",,,,,,,,,,,,[{"addr":140736918203828,"idx":0},{"addr":140736917192506,"idx":1},{"addr":140736917191278,"idx":2},{"addr":140736917210764,"idx":3},{"addr":140736917201516,"idx":4},{"addr":140736917258922,"idx":5},{"addr":140736917255216,"idx":6},{"addr":140736917350945,"idx":7},{"addr":140736897083607,"idx":8},{"addr":140736916996940,"idx":9}],,,,,,,,,3816,,,,,,,,,,,,,,,,,,,,,,,,,,,,,,,,,,,,1657002958,140736705593344,140736705593344,432922,385024,,,,,,,,,,,,,,,,,,,,,,,,,,,,,,,,,,,,,,,,,,,,,,,,,,,,,,,,,,,,,,,,,,,,,,,
"2025-09-02 15:13:10.8300392Z","ETW","Microsoft-Windows-Kernel-Process",5,"ImageLoadInfo ",3816,10724,"explorer.exe",,,,"C:\Windows\System32\UIAutomationCore.dll",,,,,,,,,,,,[{"addr":140736918203828,"idx":0},{"addr":140736917192506,"idx":1},{"addr":140736917191278,"idx":2},{"addr":140736917210764,"idx":3},{"addr":140736917201516,"idx":4},{"addr":140736917258922,"idx":5},{"addr":140736917255216,"idx":6},{"addr":140736917350945,"idx":7},{"addr":140736897083607,"idx":8},{"addr":140736916996940,"idx":9}],,,,,,,,,3816,,,,,,,,,,,,,,,,,,,,,,,,,,,,,,,,,,,,2499371108,140736439713792,140736439713792,4406480,4395008,,,,,,,,,,,,,,,,,,,,,,,,,,,,,,,,,,,,,,,,,,,,,,,,,,,,,,,,,,,,,,,,,,,,,,,
"2025-09-02 15:13:10.8319972Z","ETW","Microsoft-Windows-Kernel-Process",5,"ImageLoadInfo ",3816,17724,"explorer.exe",,,,"C:\Windows\System32\Windows.UI.Xaml.dll",,,,,,,,,,,,[{"addr":140736918203828,"idx":0},{"addr":140736917192506,"idx":1},{"addr":140736917191278,"idx":2},{"addr":140736917210764,"idx":3},{"addr":140736917202269,"idx":4},{"addr":140736917259140,"idx":5},{"addr":140736916785248,"idx":6},{"addr":140736916784352,"idx":7},{"addr":140736917101952,"idx":8},{"addr":140736872000198,"idx":9},{"addr":140736909363845,"idx":10},{"addr":140736909362547,"idx":11},{"addr":140736909531736,"idx":12},{"addr":140736909524833,"idx":13},{"addr":140736909523551,"idx":14},{"addr":140736446276571,"idx":15},{"addr":140736446331939,"idx":16},{"addr":140736446331663,"idx":17},{"addr":140736446903329,"idx":18},{"addr":140736445989780,"idx":19},{"addr":140736448620801,"idx":20},{"addr":140736446264535,"idx":21},{"addr":140736395570157,"idx":22},{"addr":140736395570087,"idx":23},{"addr":140736395460547,"idx":24},{"addr":140736395954798,"idx":25},{"addr":140736395379493,"idx":26},{"addr":140696088247311,"idx":27},{"addr":140696088445621,"idx":28},{"addr":140736897083607,"idx":29},{"addr":140736916996940,"idx":30}],,,,,,,,,3816,,,,,,,,,,,,,,,,,,,,,,,,,,,,,,,,,,,,1131723279,140736674791424,140736674791424,17910789,17891328,,,,,,,,,,,,,,,,,,,,,,,,,,,,,,,,,,,,,,,,,,,,,,,,,,,,,,,,,,,,,,,,,,,,,,,
"2025-09-02 15:13:10.8333614Z","ETW","Microsoft-Windows-Kernel-Audit-API-Calls",5,"Info ",528,13948,"svchost.exe",,,,,,,,,,,,,,,,[{"addr":140736918203764,"idx":0},{"addr":140736872731894,"idx":1},{"addr":140736829045620,"idx":2},{"addr":140736829045555,"idx":3},{"addr":140736882620003,"idx":4},{"addr":140736881849533,"idx":5},{"addr":140736881848122,"idx":6},{"addr":140736882311415,"idx":7},{"addr":140736882088628,"idx":8},{"addr":140736882092744,"idx":9},{"addr":140736882015316,"idx":10},{"addr":140736882081820,"idx":11},{"addr":140736882106396,"idx":12},{"addr":140736882102691,"idx":13},{"addr":140736882098504,"idx":14},{"addr":140736917358174,"idx":15},{"addr":140736917350275,"idx":16},{"addr":140736897083607,"idx":17},{"addr":140736916996940,"idx":18}],,,,,,,,,,,,,,,,,,,4096,0,3816,,,,,,,,,,,,,,,,,,,,,,,,,,,,,,,,,,,,,,,,,,,,,,,,,,,,,,,,,,,,,,,,,,,,,,,,,,,,,,,,,,,,,,,,,,,,,,,,,,,
"2025-09-02 15:13:10.8333905Z","ETW","Microsoft-Windows-Kernel-Audit-API-Calls",5,"Info ",944,13532,"svchost.exe",,,,,,,,,,,,,,,,[{"addr":140736918206916,"idx":0},{"addr":140736882337646,"idx":1},{"addr":140736828644345,"idx":2},{"addr":140736828636082,"idx":3},{"addr":140736882620003,"idx":4},{"addr":140736881849533,"idx":5},{"addr":140736881848122,"idx":6},{"addr":140736882311415,"idx":7},{"addr":140736882088628,"idx":8},{"addr":140736882092744,"idx":9},{"addr":140736882015316,"idx":10},{"addr":140736882081820,"idx":11},{"addr":140736882106396,"idx":12},{"addr":140736882102691,"idx":13},{"addr":140736882098504,"idx":14},{"addr":140736917358174,"idx":15},{"addr":140736917350275,"idx":16},{"addr":140736897083607,"idx":17},{"addr":140736916996940,"idx":18}],,,,,,,,,,,,,,,,,,,1048576,0,3816,,,,,,,,,,,,,,,,,,,,,,,,,,,,,,,,,,,,,,,,,,,,,,,,,,,,,,,,,,,,,,,,,,,,,,,,,,,,,,,,,,,,,,,,,,,,,,,,,,,
"2025-09-02 15:13:10.8344096Z","ETW","Microsoft-Windows-Kernel-Process",3,"ThreadStartStart ",3816,17724,"explorer.exe",,,,,,,,,,,,,,,,[{"addr":140736918208964,"idx":0},{"addr":140736872776761,"idx":1},{"addr":140736897102141,"idx":2},{"addr":140736909291405,"idx":3},{"addr":140736909289761,"idx":4},{"addr":140736909471518,"idx":5},{"addr":140736909472222,"idx":6},{"addr":140736909469257,"idx":7},{"addr":140736909469042,"idx":8},{"addr":140736909468649,"idx":9},{"addr":140736909472335,"idx":10},{"addr":140736909678884,"idx":11},{"addr":140736909678529,"idx":12},{"addr":140736909240624,"idx":13},{"addr":140736717685662,"idx":14},{"addr":140736717685418,"idx":15},{"addr":140736717684129,"idx":16},{"addr":140736718235131,"idx":17},{"addr":140736678633623,"idx":18},{"addr":140736678630879,"idx":19},{"addr":140736677467174,"idx":20},{"addr":140736680941052,"idx":21},{"addr":140736680940697,"idx":22},{"addr":140736680940155,"idx":23},{"addr":140736680940006,"idx":24},{"addr":140736446832329,"idx":25},{"addr":140736446332088,"idx":26},{"addr":140736446331801,"idx":27},{"addr":140736446903329,"idx":28},{"addr":140736445989780,"idx":29},{"addr":140736448620801,"idx":30},{"addr":140736446264535,"idx":31},{"addr":140736395570157,"idx":32},{"addr":140736395570087,"idx":33},{"addr":140736395460547,"idx":34},{"addr":140736395954798,"idx":35},{"addr":140736395379493,"idx":36},{"addr":140696088247311,"idx":37},{"addr":140696088445621,"idx":38},{"addr":140736897083607,"idx":39},{"addr":140736916996940,"idx":40}],,,,,,,,,3816,18446639081565757440,18446639081565732864,140736910320112,0,17408000,16320,64684032,64626688,140736910320112,,,,,,,,,,,,,,,,,,,,,,,,,,,,,,,,,,,,,,,,,,,,,,,,,,,,,,,,,,,,,,,,,,,,,,,,,,,,,,,,,,,,,,,,,,,,,,,,,,,,,,
"2025-09-02 15:13:10.8354896Z","ETW","Microsoft-Windows-Kernel-Process",5,"ImageLoadInfo ",3816,17724,"explorer.exe",,,,"C:\Windows\System32\OneCoreUAPCommonProxyStub.dll",,,,,,,,,,,,[{"addr":140736918203828,"idx":0},{"addr":140736917192506,"idx":1},{"addr":140736917191278,"idx":2},{"addr":140736917210764,"idx":3},{"addr":140736917202269,"idx":4},{"addr":140736917259140,"idx":5},{"addr":140736916785248,"idx":6},{"addr":140736916784352,"idx":7},{"addr":140736917101952,"idx":8},{"addr":140736872000198,"idx":9},{"addr":140736909363845,"idx":10},{"addr":140736909362547,"idx":11},{"addr":140736909360794,"idx":12},{"addr":140736909561496,"idx":13},{"addr":140736909365281,"idx":14},{"addr":140736909339322,"idx":15},{"addr":140736909195691,"idx":16},{"addr":140736909191304,"idx":17},{"addr":140736910023632,"idx":18},{"addr":140736909168718,"idx":19},{"addr":140736909164962,"idx":20},{"addr":140736909163671,"idx":21},{"addr":140736909162770,"idx":22},{"addr":140736909135305,"idx":23},{"addr":140736909240714,"idx":24},{"addr":140736717685662,"idx":25},{"addr":140736717685418,"idx":26},{"addr":140736717684129,"idx":27},{"addr":140736718235131,"idx":28},{"addr":140736678633623,"idx":29},{"addr":140736678630879,"idx":30},{"addr":140736677467174,"idx":31},{"addr":140736680941052,"idx":32},{"addr":140736680940697,"idx":33},{"addr":140736680940155,"idx":34},{"addr":140736680940006,"idx":35},{"addr":140736446832329,"idx":36},{"addr":140736446332088,"idx":37},{"addr":140736446331801,"idx":38},{"addr":140736446903329,"idx":39},{"addr":140736445989780,"idx":40},{"addr":140736448620801,"idx":41},{"addr":140736446264535,"idx":42},{"addr":140736395570157,"idx":43},{"addr":140736395570087,"idx":44},{"addr":140736395460547,"idx":45},{"addr":140736395954798,"idx":46},{"addr":140736395379493,"idx":47},{"addr":140696088247311,"idx":48},{"addr":140696088445621,"idx":49},{"addr":140736897083607,"idx":50},{"addr":140736916996940,"idx":51}],,,,,,,,,3816,,,,,,,,,,,,,,,,,,,,,,,,,,,,,,,,,,,,1635141586,140736710443008,140736710443008,6653254,6569984,,,,,,,,,,,,,,,,,,,,,,,,,,,,,,,,,,,,,,,,,,,,,,,,,,,,,,,,,,,,,,,,,,,,,,,
"2025-09-02 15:13:10.8376184Z","ETW","Microsoft-Windows-Kernel-Process",5,"ImageLoadInfo ",3816,17724,"explorer.exe",,,,"C:\Windows\System32\Windows.StateRepositoryCore.dll",,,,,,,,,,,,[{"addr":140736918203828,"idx":0},{"addr":140736917192506,"idx":1},{"addr":140736917191278,"idx":2},{"addr":140736917210764,"idx":3},{"addr":140736917202269,"idx":4},{"addr":140736917259140,"idx":5},{"addr":140736916785248,"idx":6},{"addr":140736916786774,"idx":7},{"addr":140736917021315,"idx":8},{"addr":140736917023197,"idx":9},{"addr":140736873012562,"idx":10},{"addr":140736873171359,"idx":11},{"addr":140736873276281,"idx":12},{"addr":140736873321789,"idx":13},{"addr":140736445992022,"idx":14},{"addr":140736445990021,"idx":15},{"addr":140736448620801,"idx":16},{"addr":140736446264535,"idx":17},{"addr":140736395570157,"idx":18},{"addr":140736395570087,"idx":19},{"addr":140736395460547,"idx":20},{"addr":140736395954798,"idx":21},{"addr":140736395379493,"idx":22},{"addr":140696088247311,"idx":23},{"addr":140696088445621,"idx":24},{"addr":140736897083607,"idx":25},{"addr":140736916996940,"idx":26}],,,,,,,,,3816,,,,,,,,,,,,,,,,,,,,,,,,,,,,,,,,,,,,3847844510,140736632913920,140736632913920,174488,106496,,,,,,,,,,,,,,,,,,,,,,,,,,,,,,,,,,,,,,,,,,,,,,,,,,,,,,,,,,,,,,,,,,,,,,,
"2025-09-02 15:13:10.8382501Z","ETW","Microsoft-Windows-Kernel-Process",5,"ImageLoadInfo ",3816,17724,"explorer.exe",,,,"C:\Windows\System32\AppXDeploymentClient.dll",,,,,,,,,,,,[{"addr":140736918203828,"idx":0},{"addr":140736917192506,"idx":1},{"addr":140736917191278,"idx":2},{"addr":140736917210764,"idx":3},{"addr":140736917202269,"idx":4},{"addr":140736917259140,"idx":5},{"addr":140736916785248,"idx":6},{"addr":140736916786774,"idx":7},{"addr":140736917021315,"idx":8},{"addr":140736917023197,"idx":9},{"addr":140736873012562,"idx":10},{"addr":140736873172761,"idx":11},{"addr":140736873275895,"idx":12},{"addr":140736873277242,"idx":13},{"addr":140736873321789,"idx":14},{"addr":140736445992022,"idx":15},{"addr":140736445990021,"idx":16},{"addr":140736448620801,"idx":17},{"addr":140736446264535,"idx":18},{"addr":140736395570157,"idx":19},{"addr":140736395570087,"idx":20},{"addr":140736395460547,"idx":21},{"addr":140736395954798,"idx":22},{"addr":140736395379493,"idx":23},{"addr":140696088247311,"idx":24},{"addr":140696088445621,"idx":25},{"addr":140736897083607,"idx":26},{"addr":140736916996940,"idx":27}],,,,,,,,,3816,,,,,,,,,,,,,,,,,,,,,,,,,,,,,,,,,,,,2766280966,140736722894848,140736722894848,1518226,1503232,,,,,,,,,,,,,,,,,,,,,,,,,,,,,,,,,,,,,,,,,,,,,,,,,,,,,,,,,,,,,,,,,,,,,,,
"2025-09-02 15:13:10.8389604Z","ETW","Microsoft-Windows-Kernel-Process",5,"ImageLoadInfo ",3816,17724,"explorer.exe",,,,"C:\Windows\System32\Windows.StateRepositoryClient.dll",,,,,,,,,,,,[{"addr":140736918203828,"idx":0},{"addr":140736917192506,"idx":1},{"addr":140736917191278,"idx":2},{"addr":140736917210764,"idx":3},{"addr":140736917202269,"idx":4},{"addr":140736917259140,"idx":5},{"addr":140736916785248,"idx":6},{"addr":140736916786774,"idx":7},{"addr":140736917021315,"idx":8},{"addr":140736917023197,"idx":9},{"addr":140736873012562,"idx":10},{"addr":140736873178938,"idx":11},{"addr":140736872668820,"idx":12},{"addr":140736872667487,"idx":13},{"addr":140736873277473,"idx":14},{"addr":140736873321789,"idx":15},{"addr":140736445992022,"idx":16},{"addr":140736445990021,"idx":17},{"addr":140736448620801,"idx":18},{"addr":140736446264535,"idx":19},{"addr":140736395570157,"idx":20},{"addr":140736395570087,"idx":21},{"addr":140736395460547,"idx":22},{"addr":140736395954798,"idx":23},{"addr":140736395379493,"idx":24},{"addr":140696088247311,"idx":25},{"addr":140696088445621,"idx":26},{"addr":140736897083607,"idx":27},{"addr":140736916996940,"idx":28}],,,,,,,,,3816,,,,,,,,,,,,,,,,,,,,,,,,,,,,,,,,,,,,3001738537,140736632520704,140736632520704,374661,327680,,,,,,,,,,,,,,,,,,,,,,,,,,,,,,,,,,,,,,,,,,,,,,,,,,,,,,,,,,,,,,,,,,,,,,,
"2025-09-02 15:13:10.8394437Z","ETW","Microsoft-Windows-Kernel-Audit-API-Calls",6,"Info ",1912,8,"MsMpEng.exe",,,,,,,,,,,,,,,,[{"addr":140736918212548,"idx":0},{"addr":140736872857142,"idx":1},{"addr":140736738243895,"idx":2},{"addr":140736738242452,"idx":3},{"addr":140736657604428,"idx":4},{"addr":140736657598535,"idx":5},{"addr":140736657597146,"idx":6},{"addr":140736658259206,"idx":7},{"addr":140736657749938,"idx":8},{"addr":140736657909615,"idx":9},{"addr":140736658079503,"idx":10},{"addr":140736897083607,"idx":11},{"addr":140736916996940,"idx":12}],,,,,,,,,,,,,,,,,,,2097151,0,1912,8,,,,,,,,,,,,,,,,,,,,,,,,,,,,,,,,,,,,,,,,,,,,,,,,,,,,,,,,,,,,,,,,,,,,,,,,,,,,,,,,,,,,,,,,,,,,,,,,,,
"2025-09-02 15:13:10.8394681Z","ETW","Microsoft-Windows-Kernel-Audit-API-Calls",5,"Info ",1912,8,"MsMpEng.exe",,,,,,,,,,,,,,,,[{"addr":140736918203764,"idx":0},{"addr":140736872731894,"idx":1},{"addr":140733810479103,"idx":2},{"addr":140733810478599,"idx":3},{"addr":140733809630809,"idx":4},{"addr":140733809420559,"idx":5},{"addr":140733811789991,"idx":6},{"addr":140733811785301,"idx":7},{"addr":140736738242841,"idx":8},{"addr":140736657604428,"idx":9},{"addr":140736657598535,"idx":10},{"addr":140736657597146,"idx":11},{"addr":140736658259206,"idx":12},{"addr":140736657749938,"idx":13},{"addr":140736657909615,"idx":14},{"addr":140736658079503,"idx":15},{"addr":140736897083607,"idx":16},{"addr":140736916996940,"idx":17}],,,,,,,,,,,,,,,,,,,1052672,0,3816,,,,,,,,,,,,,,,,,,,,,,,,,,,,,,,,,,,,,,,,,,,,,,,,,,,,,,,,,,,,,,,,,,,,,,,,,,,,,,,,,,,,,,,,,,,,,,,,,,,
"2025-09-02 15:13:10.8400927Z","ETW","Microsoft-Windows-Kernel-Process",5,"ImageLoadInfo ",3816,17724,"explorer.exe",,,,"C:\Windows\System32\MrmCoreR.dll",,,,,,,,,,,,[{"addr":140736918203828,"idx":0},{"addr":140736917192506,"idx":1},{"addr":140736917191278,"idx":2},{"addr":140736917210764,"idx":3},{"addr":140736917202269,"idx":4},{"addr":140736917259140,"idx":5},{"addr":140736916785248,"idx":6},{"addr":140736916784352,"idx":7},{"addr":140736917101952,"idx":8},{"addr":140736872000198,"idx":9},{"addr":140736909363845,"idx":10},{"addr":140736909362547,"idx":11},{"addr":140736909531736,"idx":12},{"addr":140736909524833,"idx":13},{"addr":140736909523551,"idx":14},{"addr":140736446276571,"idx":15},{"addr":140736448621367,"idx":16},{"addr":140736445989181,"idx":17},{"addr":140736447074435,"idx":18},{"addr":140736445992126,"idx":19},{"addr":140736445990026,"idx":20},{"addr":140736448620801,"idx":21},{"addr":140736446264535,"idx":22},{"addr":140736395570157,"idx":23},{"addr":140736395570087,"idx":24},{"addr":140736395460547,"idx":25},{"addr":140736395954798,"idx":26},{"addr":140736395379493,"idx":27},{"addr":140696088247311,"idx":28},{"addr":140696088445621,"idx":29},{"addr":140736897083607,"idx":30},{"addr":140736916996940,"idx":31}],,,,,,,,,3816,,,,,,,,,,,,,,,,,,,,,,,,,,,,,,,,,,,,3079985832,140736702644224,140736702644224,1208911,1175552,,,,,,,,,,,,,,,,,,,,,,,,,,,,,,,,,,,,,,,,,,,,,,,,,,,,,,,,,,,,,,,,,,,,,,,
"2025-09-02 15:13:10.8407428Z","ETW","Microsoft-Windows-Kernel-Process",5,"ImageLoadInfo ",3816,17724,"explorer.exe",,,,"C:\Windows\System32\Windows.UI.dll",,,,,,,,,,,,[{"addr":140736918203828,"idx":0},{"addr":140736917192506,"idx":1},{"addr":140736917191278,"idx":2},{"addr":140736917210764,"idx":3},{"addr":140736917202269,"idx":4},{"addr":140736917259140,"idx":5},{"addr":140736916785248,"idx":6},{"addr":140736916784352,"idx":7},{"addr":140736917101952,"idx":8},{"addr":140736872000198,"idx":9},{"addr":140736909363845,"idx":10},{"addr":140736909362547,"idx":11},{"addr":140736909531736,"idx":12},{"addr":140736909524833,"idx":13},{"addr":140736909523551,"idx":14},{"addr":140736702789291,"idx":15},{"addr":140736702789093,"idx":16},{"addr":140736702783627,"idx":17},{"addr":140736702815159,"idx":18},{"addr":140736702808724,"idx":19},{"addr":140736702807932,"idx":20},{"addr":140736702802202,"idx":21},{"addr":140736702982713,"idx":22},{"addr":140736702979265,"idx":23},{"addr":140736445992169,"idx":24},{"addr":140736445990026,"idx":25},{"addr":140736448620801,"idx":26},{"addr":140736446264535,"idx":27},{"addr":140736395570157,"idx":28},{"addr":140736395570087,"idx":29},{"addr":140736395460547,"idx":30},{"addr":140736395954798,"idx":31},{"addr":140736395379493,"idx":32},{"addr":140696088247311,"idx":33},{"addr":140696088445621,"idx":34},{"addr":140736897083607,"idx":35},{"addr":140736916996940,"idx":36}],,,,,,,,,3816,,,,,,,,,,,,,,,,,,,,,,,,,,,,,,,,,,,,2192056598,140736701202432,140736701202432,1455945,1409024,,,,,,,,,,,,,,,,,,,,,,,,,,,,,,,,,,,,,,,,,,,,,,,,,,,,,,,,,,,,,,,,,,,,,,,
"2025-09-02 15:13:10.8416257Z","ETW","Microsoft-Windows-Kernel-Process",5,"ImageLoadInfo ",3816,17724,"explorer.exe",,,,"C:\Windows\System32\profapi.dll",,,,,,,,,,,,[{"addr":140736918203828,"idx":0},{"addr":140736917192506,"idx":1},{"addr":140736917191278,"idx":2},{"addr":140736917210764,"idx":3},{"addr":140736917201516,"idx":4},{"addr":140736917258922,"idx":5},{"addr":140736916785248,"idx":6},{"addr":140736916786774,"idx":7},{"addr":140736917021315,"idx":8},{"addr":140736917023197,"idx":9},{"addr":140736703051298,"idx":10},{"addr":140736703132406,"idx":11},{"addr":140736702757649,"idx":12},{"addr":140736702752960,"idx":13},{"addr":140736702732919,"idx":14},{"addr":140736703069293,"idx":15},{"addr":140736702817142,"idx":16},{"addr":140736702982753,"idx":17},{"addr":140736702979265,"idx":18},{"addr":140736445992169,"idx":19},{"addr":140736445990026,"idx":20},{"addr":140736448620801,"idx":21},{"addr":140736446264535,"idx":22},{"addr":140736395570157,"idx":23},{"addr":140736395570087,"idx":24},{"addr":140736395460547,"idx":25},{"addr":140736395954798,"idx":26},{"addr":140736395379493,"idx":27},{"addr":140696088247311,"idx":28},{"addr":140696088445621,"idx":29},{"addr":140736897083607,"idx":30},{"addr":140736916996940,"idx":31}],,,,,,,,,3816,,,,,,,,,,,,,,,,,,,,,,,,,,,,,,,,,,,,2107422311,140736866746368,140736866746368,182967,167936,,,,,,,,,,,,,,,,,,,,,,,,,,,,,,,,,,,,,,,,,,,,,,,,,,,,,,,,,,,,,,,,,,,,,,,
"2025-09-02 15:13:10.8420468Z","ETW","Microsoft-Windows-Kernel-Audit-API-Calls",6,"Info ",1912,8,"MsMpEng.exe",,,,,,,,,,,,,,,,[{"addr":140736918212548,"idx":0},{"addr":140736872857142,"idx":1},{"addr":140736738243895,"idx":2},{"addr":140736738242452,"idx":3},{"addr":140736657604428,"idx":4},{"addr":140736657598535,"idx":5},{"addr":140736657597146,"idx":6},{"addr":140736658259206,"idx":7},{"addr":140736657749938,"idx":8},{"addr":140736657909615,"idx":9},{"addr":140736658079503,"idx":10},{"addr":140736897083607,"idx":11},{"addr":140736916996940,"idx":12}],,,,,,,,,,,,,,,,,,,2097151,0,1912,8,,,,,,,,,,,,,,,,,,,,,,,,,,,,,,,,,,,,,,,,,,,,,,,,,,,,,,,,,,,,,,,,,,,,,,,,,,,,,,,,,,,,,,,,,,,,,,,,,,
"2025-09-02 15:13:10.8426140Z","ETW","Microsoft-Windows-Kernel-Process",5,"ImageLoadInfo ",3816,17724,"explorer.exe",,,,"C:\Windows\System32\BCP47mrm.dll",,,,,,,,,,,,[{"addr":140736918203828,"idx":0},{"addr":140736917192506,"idx":1},{"addr":140736917191278,"idx":2},{"addr":140736917210764,"idx":3},{"addr":140736917201516,"idx":4},{"addr":140736917258922,"idx":5},{"addr":140736916785248,"idx":6},{"addr":140736916786774,"idx":7},{"addr":140736917021315,"idx":8},{"addr":140736917023197,"idx":9},{"addr":140736703051298,"idx":10},{"addr":140736703131541,"idx":11},{"addr":140736703003161,"idx":12},{"addr":140736702686835,"idx":13},{"addr":140736702685902,"idx":14},{"addr":140736702688778,"idx":15},{"addr":140736702835290,"idx":16},{"addr":140736702834932,"idx":17},{"addr":140736702833187,"idx":18},{"addr":140736702832039,"idx":19},{"addr":140736702830680,"idx":20},{"addr":140736702827317,"idx":21},{"addr":140736702824326,"idx":22},{"addr":140736702822885,"idx":23},{"addr":140736702817442,"idx":24},{"addr":140736702982753,"idx":25},{"addr":140736702979265,"idx":26},{"addr":140736445992169,"idx":27},{"addr":140736445990026,"idx":28},{"addr":140736448620801,"idx":29},{"addr":140736446264535,"idx":30},{"addr":140736395570157,"idx":31},{"addr":140736395570087,"idx":32},{"addr":140736395460547,"idx":33},{"addr":140736395954798,"idx":34},{"addr":140736395379493,"idx":35},{"addr":140696088247311,"idx":36},{"addr":140696088445621,"idx":37},{"addr":140736897083607,"idx":38},{"addr":140736916996940,"idx":39}],,,,,,,,,3816,,,,,,,,,,,,,,,,,,,,,,,,,,,,,,,,,,,,4048268187,140736704151552,140736704151552,233481,212992,,,,,,,,,,,,,,,,,,,,,,,,,,,,,,,,,,,,,,,,,,,,,,,,,,,,,,,,,,,,,,,,,,,,,,,
"2025-09-02 15:13:10.8437746Z","ETW","Microsoft-Windows-Kernel-Process",5,"ImageLoadInfo ",3816,17724,"explorer.exe",,,,"C:\Windows\System32\LanguageOverlayUtil.dll",,,,,,,,,,,,[{"addr":140736918203828,"idx":0},{"addr":140736917192506,"idx":1},{"addr":140736917191278,"idx":2},{"addr":140736917210764,"idx":3},{"addr":140736917202269,"idx":4},{"addr":140736917259140,"idx":5},{"addr":140736916785248,"idx":6},{"addr":140736916786774,"idx":7},{"addr":140736917021315,"idx":8},{"addr":140736917023197,"idx":9},{"addr":140736703051298,"idx":10},{"addr":140736703136687,"idx":11},{"addr":140736702676874,"idx":12},{"addr":140736702675495,"idx":13},{"addr":140736702831078,"idx":14},{"addr":140736702829949,"idx":15},{"addr":140736702822441,"idx":16},{"addr":140736703095795,"idx":17},{"addr":140736445992257,"idx":18},{"addr":140736445990026,"idx":19},{"addr":140736448620801,"idx":20},{"addr":140736446264535,"idx":21},{"addr":140736395570157,"idx":22},{"addr":140736395570087,"idx":23},{"addr":140736395460547,"idx":24},{"addr":140736395954798,"idx":25},{"addr":140736395379493,"idx":26},{"addr":140696088247311,"idx":27},{"addr":140696088445621,"idx":28},{"addr":140736897083607,"idx":29},{"addr":140736916996940,"idx":30}],,,,,,,,,3816,,,,,,,,,,,,,,,,,,,,,,,,,,,,,,,,,,,,3704499204,140736704413696,140736704413696,324980,274432,,,,,,,,,,,,,,,,,,,,,,,,,,,,,,,,,,,,,,,,,,,,,,,,,,,,,,,,,,,,,,,,,,,,,,,
"2025-09-02 15:13:10.8442529Z","ETW","Microsoft-Windows-Kernel-Audit-API-Calls",6,"Info ",1912,8,"MsMpEng.exe",,,,,,,,,,,,,,,,[{"addr":140736918212548,"idx":0},{"addr":140736872857142,"idx":1},{"addr":140736738243895,"idx":2},{"addr":140736738242452,"idx":3},{"addr":140736657604428,"idx":4},{"addr":140736657598535,"idx":5},{"addr":140736657597146,"idx":6},{"addr":140736658259206,"idx":7},{"addr":140736657749938,"idx":8},{"addr":140736657909615,"idx":9},{"addr":140736658079503,"idx":10},{"addr":140736897083607,"idx":11},{"addr":140736916996940,"idx":12}],,,,,,,,,,,,,,,,,,,2097151,0,1912,8,,,,,,,,,,,,,,,,,,,,,,,,,,,,,,,,,,,,,,,,,,,,,,,,,,,,,,,,,,,,,,,,,,,,,,,,,,,,,,,,,,,,,,,,,,,,,,,,,,
"2025-09-02 15:13:10.8445772Z","ETW","Microsoft-Windows-Kernel-File",10,"NameCreateInfo ",3816,17724,"explorer.exe",,,,"C:\Program Files\WindowsApps\Microsoft.LanguageExperiencePackde-DE_26100.22.42.0_neutral__8wekyb3d8bbwe\Windows\SystemResources\ShellComponents\2147113007\pris\ShellComponents.de-DE.pri",,,,,,,,,,,,[{"addr":140736918213316,"idx":0},{"addr":140736872714031,"idx":1},{"addr":140736702743735,"idx":2},{"addr":140736702743269,"idx":3},{"addr":140736702726236,"idx":4},{"addr":140736702779163,"idx":5},{"addr":140736702778640,"idx":6},{"addr":140736703059348,"idx":7},{"addr":140736702834262,"idx":8},{"addr":140736702826690,"idx":9},{"addr":140736702824326,"idx":10},{"addr":140736702822885,"idx":11},{"addr":140736703095795,"idx":12},{"addr":140736445992257,"idx":13},{"addr":140736445990026,"idx":14},{"addr":140736448620801,"idx":15},{"addr":140736446264535,"idx":16},{"addr":140736395570157,"idx":17},{"addr":140736395570087,"idx":18},{"addr":140736395460547,"idx":19},{"addr":140736395954798,"idx":20},{"addr":140736395379493,"idx":21},{"addr":140696088247311,"idx":22},{"addr":140696088445621,"idx":23},{"addr":140736897083607,"idx":24},{"addr":140736916996940,"idx":25}],,,,,,,18446708904376896368,,,,,,,,,,,,,,,,,,,,,,,,,,,,,,,,,,,,,,,,,,,,,,,,,,,,,,,,,,,,,,,,,,,,,,,,,,,,,,,,,,,,,,,,,,,,,,,,,,,,,,,,,,,,,,,,,
"2025-09-02 15:13:10.8446986Z","ETW","Microsoft-Windows-Kernel-File",10,"NameCreateInfo ",3816,17724,"explorer.exe",,,,"C:\Program Files\WindowsApps\Microsoft.LanguageExperiencePackde-DE_26100.22.42.0_neutral__8wekyb3d8bbwe\Windows\SystemResources\ShellComponents\2147113007\pris\ShellComponents.de-DE.pri:WofCompressedData",,,,,,,,,,,,[{"addr":140736918213316,"idx":0},{"addr":140736872714031,"idx":1},{"addr":140736702743735,"idx":2},{"addr":140736702743269,"idx":3},{"addr":140736702726236,"idx":4},{"addr":140736702779163,"idx":5},{"addr":140736702778640,"idx":6},{"addr":140736703059348,"idx":7},{"addr":140736702834262,"idx":8},{"addr":140736702826690,"idx":9},{"addr":140736702824326,"idx":10},{"addr":140736702822885,"idx":11},{"addr":140736703095795,"idx":12},{"addr":140736445992257,"idx":13},{"addr":140736445990026,"idx":14},{"addr":140736448620801,"idx":15},{"addr":140736446264535,"idx":16},{"addr":140736395570157,"idx":17},{"addr":140736395570087,"idx":18},{"addr":140736395460547,"idx":19},{"addr":140736395954798,"idx":20},{"addr":140736395379493,"idx":21},{"addr":140696088247311,"idx":22},{"addr":140696088445621,"idx":23},{"addr":140736897083607,"idx":24},{"addr":140736916996940,"idx":25}],,,,,,,18446708904722298224,,,,,,,,,,,,,,,,,,,,,,,,,,,,,,,,,,,,,,,,,,,,,,,,,,,,,,,,,,,,,,,,,,,,,,,,,,,,,,,,,,,,,,,,,,,,,,,,,,,,,,,,,,,,,,,,,
"2025-09-02 15:13:10.8448780Z","ETW","Microsoft-Windows-Kernel-File",10,"NameCreateInfo ",3816,17724,"explorer.exe",,,,"C:\Program Files\WindowsApps\Microsoft.LanguageExperiencePacken-GB_26100.24.38.0_neutral__8wekyb3d8bbwe\Windows\SystemResources\ShellComponents\2147113007\pris\ShellComponents.en-GB.pri",,,,,,,,,,,,[{"addr":140736918213316,"idx":0},{"addr":140736872714031,"idx":1},{"addr":140736702743735,"idx":2},{"addr":140736702743269,"idx":3},{"addr":140736702726236,"idx":4},{"addr":140736702779163,"idx":5},{"addr":140736702778640,"idx":6},{"addr":140736703059348,"idx":7},{"addr":140736702834262,"idx":8},{"addr":140736702826690,"idx":9},{"addr":140736702824326,"idx":10},{"addr":140736702822885,"idx":11},{"addr":140736703095795,"idx":12},{"addr":140736445992257,"idx":13},{"addr":140736445990026,"idx":14},{"addr":140736448620801,"idx":15},{"addr":140736446264535,"idx":16},{"addr":140736395570157,"idx":17},{"addr":140736395570087,"idx":18},{"addr":140736395460547,"idx":19},{"addr":140736395954798,"idx":20},{"addr":140736395379493,"idx":21},{"addr":140696088247311,"idx":22},{"addr":140696088445621,"idx":23},{"addr":140736897083607,"idx":24},{"addr":140736916996940,"idx":25}],,,,,,,18446708904376896368,,,,,,,,,,,,,,,,,,,,,,,,,,,,,,,,,,,,,,,,,,,,,,,,,,,,,,,,,,,,,,,,,,,,,,,,,,,,,,,,,,,,,,,,,,,,,,,,,,,,,,,,,,,,,,,,,
"2025-09-02 15:13:10.8449660Z","ETW","Microsoft-Windows-Kernel-File",10,"NameCreateInfo ",3816,17724,"explorer.exe",,,,"C:\Program Files\WindowsApps\Microsoft.LanguageExperiencePacken-GB_26100.24.38.0_neutral__8wekyb3d8bbwe\Windows\SystemResources\ShellComponents\2147113007\pris\ShellComponents.en-GB.pri:WofCompressedData",,,,,,,,,,,,[{"addr":140736918213316,"idx":0},{"addr":140736872714031,"idx":1},{"addr":140736702743735,"idx":2},{"addr":140736702743269,"idx":3},{"addr":140736702726236,"idx":4},{"addr":140736702779163,"idx":5},{"addr":140736702778640,"idx":6},{"addr":140736703059348,"idx":7},{"addr":140736702834262,"idx":8},{"addr":140736702826690,"idx":9},{"addr":140736702824326,"idx":10},{"addr":140736702822885,"idx":11},{"addr":140736703095795,"idx":12},{"addr":140736445992257,"idx":13},{"addr":140736445990026,"idx":14},{"addr":140736448620801,"idx":15},{"addr":140736446264535,"idx":16},{"addr":140736395570157,"idx":17},{"addr":140736395570087,"idx":18},{"addr":140736395460547,"idx":19},{"addr":140736395954798,"idx":20},{"addr":140736395379493,"idx":21},{"addr":140696088247311,"idx":22},{"addr":140696088445621,"idx":23},{"addr":140736897083607,"idx":24},{"addr":140736916996940,"idx":25}],,,,,,,18446708904722298224,,,,,,,,,,,,,,,,,,,,,,,,,,,,,,,,,,,,,,,,,,,,,,,,,,,,,,,,,,,,,,,,,,,,,,,,,,,,,,,,,,,,,,,,,,,,,,,,,,,,,,,,,,,,,,,,,
"2025-09-02 15:13:10.8455836Z","ETW","Microsoft-Windows-Kernel-Process",5,"ImageLoadInfo ",3816,17724,"explorer.exe",,,,"C:\Windows\System32\Windows.UI.Immersive.dll",,,,,,,,,,,,[{"addr":140736918203828,"idx":0},{"addr":140736917192506,"idx":1},{"addr":140736917191278,"idx":2},{"addr":140736917210764,"idx":3},{"addr":140736917202269,"idx":4},{"addr":140736917259140,"idx":5},{"addr":140736916785248,"idx":6},{"addr":140736916784352,"idx":7},{"addr":140736917101952,"idx":8},{"addr":140736872000198,"idx":9},{"addr":140736909363845,"idx":10},{"addr":140736909362547,"idx":11},{"addr":140736909360794,"idx":12},{"addr":140736909561496,"idx":13},{"addr":140736909365281,"idx":14},{"addr":140736909356853,"idx":15},{"addr":140736910270317,"idx":16},{"addr":140736909359719,"idx":17},{"addr":140736909871367,"idx":18},{"addr":140736910338829,"idx":19},{"addr":140736910332465,"idx":20},{"addr":140736910348734,"idx":21},{"addr":140736910270317,"idx":22},{"addr":140736909350430,"idx":23},{"addr":140736910270317,"idx":24},{"addr":140736909553458,"idx":25},{"addr":140736909548907,"idx":26},{"addr":140736909576880,"idx":27},{"addr":140736445991531,"idx":28},{"addr":140736445990567,"idx":29},{"addr":140736445990034,"idx":30},{"addr":140736448620801,"idx":31},{"addr":140736446264535,"idx":32},{"addr":140736395570157,"idx":33},{"addr":140736395570087,"idx":34},{"addr":140736395460547,"idx":35},{"addr":140736395954798,"idx":36},{"addr":140736395379493,"idx":37},{"addr":140696088247311,"idx":38},{"addr":140696088445621,"idx":39},{"addr":140736897083607,"idx":40},{"addr":140736916996940,"idx":41}],,,,,,,,,3816,,,,,,,,,,,,,,,,,,,,,,,,,,,,,,,,,,,,533653671,140736697729024,140736697729024,1376848,1363968,,,,,,,,,,,,,,,,,,,,,,,,,,,,,,,,,,,,,,,,,,,,,,,,,,,,,,,,,,,,,,,,,,,,,,,
"2025-09-02 15:13:10.8462229Z","ETW","Microsoft-Windows-Kernel-Audit-API-Calls",5,"Info ",3816,17724,"explorer.exe",,,,,,,,,,,,,,,,[{"addr":140736918203764,"idx":0},{"addr":140736872731894,"idx":1},{"addr":140736697808266,"idx":2},{"addr":140736697808036,"idx":3},{"addr":140736697994150,"idx":4},{"addr":140736918195438,"idx":5},{"addr":140736917219838,"idx":6},{"addr":140736917215596,"idx":7},{"addr":140736916995194,"idx":8},{"addr":140736916991491,"idx":9},{"addr":140736916785364,"idx":10},{"addr":140736916784352,"idx":11},{"addr":140736917101952,"idx":12},{"addr":140736872000198,"idx":13},{"addr":140736909363845,"idx":14},{"addr":140736909362547,"idx":15},{"addr":140736909360794,"idx":16},{"addr":140736909561496,"idx":17},{"addr":140736909365281,"idx":18},{"addr":140736909356853,"idx":19},{"addr":140736910270317,"idx":20},{"addr":140736909359719,"idx":21},{"addr":140736909871367,"idx":22},{"addr":140736910338829,"idx":23},{"addr":140736910332465,"idx":24},{"addr":140736910348734,"idx":25},{"addr":140736910270317,"idx":26},{"addr":140736909350430,"idx":27},{"addr":140736910270317,"idx":28},{"addr":140736909553458,"idx":29},{"addr":140736909548907,"idx":30},{"addr":140736909576880,"idx":31},{"addr":140736445991531,"idx":32},{"addr":140736445990567,"idx":33},{"addr":140736445990034,"idx":34},{"addr":140736448620801,"idx":35},{"addr":140736446264535,"idx":36},{"addr":140736395570157,"idx":37},{"addr":140736395570087,"idx":38},{"addr":140736395460547,"idx":39},{"addr":140736395954798,"idx":40},{"addr":140736395379493,"idx":41},{"addr":140696088247311,"idx":42},{"addr":140696088445621,"idx":43},{"addr":140736897083607,"idx":44},{"addr":140736916996940,"idx":45}],,,,,,,,,,,,,,,,,,,4096,0,3816,,,,,,,,,,,,,,,,,,,,,,,,,,,,,,,,,,,,,,,,,,,,,,,,,,,,,,,,,,,,,,,,,,,,,,,,,,,,,,,,,,,,,,,,,,,,,,,,,,,
"2025-09-02 15:13:10.8468607Z","ETW","Microsoft-Windows-Kernel-Process",5,"ImageLoadInfo ",3816,17724,"explorer.exe",,,,"C:\Windows\ShellComponents\WindowsInternal.ComposableShell.DesktopHosting.dll",,,,,,,,,,,,[{"addr":140736918203828,"idx":0},{"addr":140736917192506,"idx":1},{"addr":140736917191278,"idx":2},{"addr":140736917210764,"idx":3},{"addr":140736917202269,"idx":4},{"addr":140736917259140,"idx":5},{"addr":140736916785248,"idx":6},{"addr":140736916784352,"idx":7},{"addr":140736917101952,"idx":8},{"addr":140736872000198,"idx":9},{"addr":140736909363845,"idx":10},{"addr":140736909362547,"idx":11},{"addr":140736909531736,"idx":12},{"addr":140736909524833,"idx":13},{"addr":140736909523551,"idx":14},{"addr":140736705612463,"idx":15},{"addr":140736445991795,"idx":16},{"addr":140736445991012,"idx":17},{"addr":140736445990577,"idx":18},{"addr":140736445990034,"idx":19},{"addr":140736448620801,"idx":20},{"addr":140736446264535,"idx":21},{"addr":140736395570157,"idx":22},{"addr":140736395570087,"idx":23},{"addr":140736395460547,"idx":24},{"addr":140736395954798,"idx":25},{"addr":140736395379493,"idx":26},{"addr":140696088247311,"idx":27},{"addr":140696088445621,"idx":28},{"addr":140736897083607,"idx":29},{"addr":140736916996940,"idx":30}],,,,,,,,,3816,,,,,,,,,,,,,,,,,,,,,,,,,,,,,,,,,,,,2510114998,140735955992576,140735955992576,404955,417792,,,,,,,,,,,,,,,,,,,,,,,,,,,,,,,,,,,,,,,,,,,,,,,,,,,,,,,,,,,,,,,,,,,,,,,
"2025-09-02 15:13:10.8474967Z","ETW","Microsoft-Windows-Kernel-Process",5,"ImageLoadInfo ",3816,17724,"explorer.exe",,,,"C:\Windows\ShellComponents\WindowsInternal.ComposableShell.Experiences.Switcher.dll",,,,,,,,,,,,[{"addr":140736918203828,"idx":0},{"addr":140736917192506,"idx":1},{"addr":140736917191278,"idx":2},{"addr":140736917210764,"idx":3},{"addr":140736917202269,"idx":4},{"addr":140736917259140,"idx":5},{"addr":140736916785248,"idx":6},{"addr":140736916784352,"idx":7},{"addr":140736917101952,"idx":8},{"addr":140736872000198,"idx":9},{"addr":140736909363845,"idx":10},{"addr":140736909362547,"idx":11},{"addr":140736909531736,"idx":12},{"addr":140736909524833,"idx":13},{"addr":140736909523551,"idx":14},{"addr":140736705612463,"idx":15},{"addr":140735956017909,"idx":16},{"addr":140735956028074,"idx":17},{"addr":140735956086431,"idx":18},{"addr":140735956086111,"idx":19},{"addr":140735956080126,"idx":20},{"addr":140736445461353,"idx":21},{"addr":140736445991811,"idx":22},{"addr":140736445991012,"idx":23},{"addr":140736445990577,"idx":24},{"addr":140736445990034,"idx":25},{"addr":140736448620801,"idx":26},{"addr":140736446264535,"idx":27},{"addr":140736395570157,"idx":28},{"addr":140736395570087,"idx":29},{"addr":140736395460547,"idx":30},{"addr":140736395954798,"idx":31},{"addr":140736395379493,"idx":32},{"addr":140696088247311,"idx":33},{"addr":140696088445621,"idx":34},{"addr":140736897083607,"idx":35},{"addr":140736916996940,"idx":36}],,,,,,,,,3816,,,,,,,,,,,,,,,,,,,,,,,,,,,,,,,,,,,,3807324307,140735952977920,140735952977920,2977557,2973696,,,,,,,,,,,,,,,,,,,,,,,,,,,,,,,,,,,,,,,,,,,,,,,,,,,,,,,,,,,,,,,,,,,,,,,
"2025-09-02 15:13:10.8482282Z","ETW","Microsoft-Windows-Kernel-Process",5,"ImageLoadInfo ",3816,17724,"explorer.exe",,,,"C:\Windows\ShellExperiences\TileControl.dll",,,,,,,,,,,,[{"addr":140736918203828,"idx":0},{"addr":140736917192506,"idx":1},{"addr":140736917191278,"idx":2},{"addr":140736917210764,"idx":3},{"addr":140736917202269,"idx":4},{"addr":140736917259140,"idx":5},{"addr":140736916785248,"idx":6},{"addr":140736916784352,"idx":7},{"addr":140736917101952,"idx":8},{"addr":140736872000198,"idx":9},{"addr":140736909363845,"idx":10},{"addr":140736909362547,"idx":11},{"addr":140736909531736,"idx":12},{"addr":140736909524833,"idx":13},{"addr":140736909523551,"idx":14},{"addr":140736705612463,"idx":15},{"addr":140735956037709,"idx":16},{"addr":140735956028426,"idx":17},{"addr":140735956086431,"idx":18},{"addr":140735956086111,"idx":19},{"addr":140735956080126,"idx":20},{"addr":140736445461353,"idx":21},{"addr":140736445991811,"idx":22},{"addr":140736445991012,"idx":23},{"addr":140736445990577,"idx":24},{"addr":140736445990034,"idx":25},{"addr":140736448620801,"idx":26},{"addr":140736446264535,"idx":27},{"addr":140736395570157,"idx":28},{"addr":140736395570087,"idx":29},{"addr":140736395460547,"idx":30},{"addr":140736395954798,"idx":31},{"addr":140736395379493,"idx":32},{"addr":140696088247311,"idx":33},{"addr":140696088445621,"idx":34},{"addr":140736897083607,"idx":35},{"addr":140736916996940,"idx":36}],,,,,,,,,3816,,,,,,,,,,,,,,,,,,,,,,,,,,,,,,,,,,,,721680541,140735952257024,140735952257024,496378,507904,,,,,,,,,,,,,,,,,,,,,,,,,,,,,,,,,,,,,,,,,,,,,,,,,,,,,,,,,,,,,,,,,,,,,,,
"2025-09-02 15:13:10.8488932Z","ETW","Microsoft-Windows-Kernel-Process",5,"ImageLoadInfo ",3816,17724,"explorer.exe",,,,"C:\Windows\ShellComponents\WindowsInternal.ShellUI.dll",,,,,,,,,,,,[{"addr":140736918203828,"idx":0},{"addr":140736917192506,"idx":1},{"addr":140736917191278,"idx":2},{"addr":140736917210764,"idx":3},{"addr":140736917202269,"idx":4},{"addr":140736917259140,"idx":5},{"addr":140736916785248,"idx":6},{"addr":140736916784352,"idx":7},{"addr":140736917101952,"idx":8},{"addr":140736872000198,"idx":9},{"addr":140736909363845,"idx":10},{"addr":140736909362547,"idx":11},{"addr":140736909531736,"idx":12},{"addr":140736909524833,"idx":13},{"addr":140736909523551,"idx":14},{"addr":140736705612463,"idx":15},{"addr":140735956037221,"idx":16},{"addr":140735956027973,"idx":17},{"addr":140735956086431,"idx":18},{"addr":140735956086111,"idx":19},{"addr":140735956080126,"idx":20},{"addr":140736445461353,"idx":21},{"addr":140736445991811,"idx":22},{"addr":140736445991012,"idx":23},{"addr":140736445990577,"idx":24},{"addr":140736445990034,"idx":25},{"addr":140736448620801,"idx":26},{"addr":140736446264535,"idx":27},{"addr":140736395570157,"idx":28},{"addr":140736395570087,"idx":29},{"addr":140736395460547,"idx":30},{"addr":140736395954798,"idx":31},{"addr":140736395379493,"idx":32},{"addr":140696088247311,"idx":33},{"addr":140696088445621,"idx":34},{"addr":140736897083607,"idx":35},{"addr":140736916996940,"idx":36}],,,,,,,,,3816,,,,,,,,,,,,,,,,,,,,,,,,,,,,,,,,,,,,720162641,140735952060416,140735952060416,183405,184320,,,,,,,,,,,,,,,,,,,,,,,,,,,,,,,,,,,,,,,,,,,,,,,,,,,,,,,,,,,,,,,,,,,,,,,
"2025-09-02 15:13:10.8493357Z","ETW","Microsoft-Windows-Kernel-Process",5,"ImageLoadInfo ",3816,9496,"explorer.exe",,,,"C:\Windows\System32\d2d1.dll",,,,,,,,,,,,[{"addr":140736918203828,"idx":0},{"addr":140736917192506,"idx":1},{"addr":140736917191278,"idx":2},{"addr":140736917210764,"idx":3},{"addr":140736917201516,"idx":4},{"addr":140736917258922,"idx":5},{"addr":140736917255216,"idx":6},{"addr":140736917350945,"idx":7},{"addr":140736897083607,"idx":8},{"addr":140736916996940,"idx":9}],,,,,,,,,3816,,,,,,,,,,,,,,,,,,,,,,,,,,,,,,,,,,,,2898039771,140736796753920,140736796753920,6680845,6565888,,,,,,,,,,,,,,,,,,,,,,,,,,,,,,,,,,,,,,,,,,,,,,,,,,,,,,,,,,,,,,,,,,,,,,,
"2025-09-02 15:13:10.8507801Z","ETW","Microsoft-Windows-Kernel-Process",5,"ImageLoadInfo ",3816,17724,"explorer.exe",,,,"C:\Windows\SystemApps\Microsoft.UI.Xaml.CBS_8wekyb3d8bbwe\Microsoft.UI.Xaml.dll",,,,,,,,,,,,[{"addr":140736918203828,"idx":0},{"addr":140736917192506,"idx":1},{"addr":140736917191278,"idx":2},{"addr":140736917210764,"idx":3},{"addr":140736917202269,"idx":4},{"addr":140736917259140,"idx":5},{"addr":140736916785248,"idx":6},{"addr":140736916784352,"idx":7},{"addr":140736917101952,"idx":8},{"addr":140736872000198,"idx":9},{"addr":140736909363845,"idx":10},{"addr":140736909362547,"idx":11},{"addr":140736909531736,"idx":12},{"addr":140736909524833,"idx":13},{"addr":140736909523551,"idx":14},{"addr":140736705612463,"idx":15},{"addr":140735956036977,"idx":16},{"addr":140735956028853,"idx":17},{"addr":140735956086431,"idx":18},{"addr":140735956086111,"idx":19},{"addr":140735956080126,"idx":20},{"addr":140736445461353,"idx":21},{"addr":140736445991811,"idx":22},{"addr":140736445991012,"idx":23},{"addr":140736445990577,"idx":24},{"addr":140736445990034,"idx":25},{"addr":140736448620801,"idx":26},{"addr":140736446264535,"idx":27},{"addr":140736395570157,"idx":28},{"addr":140736395570087,"idx":29},{"addr":140736395460547,"idx":30},{"addr":140736395954798,"idx":31},{"addr":140736395379493,"idx":32},{"addr":140696088247311,"idx":33},{"addr":140696088445621,"idx":34},{"addr":140736897083607,"idx":35},{"addr":140736916996940,"idx":36}],,,,,,,,,3816,,,,,,,,,,,,,,,,,,,,,,,,,,,,,,,,,,,,3611126212,140736405766144,140736405766144,6136139,6111232,,,,,,,,,,,,,,,,,,,,,,,,,,,,,,,,,,,,,,,,,,,,,,,,,,,,,,,,,,,,,,,,,,,,,,,
"2025-09-02 15:13:10.8517732Z","ETW","Microsoft-Windows-Kernel-Process",5,"ImageLoadInfo ",3816,17724,"explorer.exe",,,,"C:\Windows\System32\windowsudk.shellcommon.dll",,,,,,,,,,,,[{"addr":140736918203828,"idx":0},{"addr":140736917192506,"idx":1},{"addr":140736917191278,"idx":2},{"addr":140736917210764,"idx":3},{"addr":140736917202269,"idx":4},{"addr":140736917259140,"idx":5},{"addr":140736916785248,"idx":6},{"addr":140736916784352,"idx":7},{"addr":140736917101952,"idx":8},{"addr":140736872000198,"idx":9},{"addr":140736909363845,"idx":10},{"addr":140736909362547,"idx":11},{"addr":140736909531736,"idx":12},{"addr":140736909524833,"idx":13},{"addr":140736909523551,"idx":14},{"addr":140736446276571,"idx":15},{"addr":140736448621623,"idx":16},{"addr":140736446402761,"idx":17},{"addr":140736445990966,"idx":18},{"addr":140736445990612,"idx":19},{"addr":140736445990034,"idx":20},{"addr":140736448620801,"idx":21},{"addr":140736446264535,"idx":22},{"addr":140736395570157,"idx":23},{"addr":140736395570087,"idx":24},{"addr":140736395460547,"idx":25},{"addr":140736395954798,"idx":26},{"addr":140736395379493,"idx":27},{"addr":140696088247311,"idx":28},{"addr":140696088445621,"idx":29},{"addr":140736897083607,"idx":30},{"addr":140736916996940,"idx":31}],,,,,,,,,3816,,,,,,,,,,,,,,,,,,,,,,,,,,,,,,,,,,,,1566476366,140736510623744,140736510623744,5642480,5627904,,,,,,,,,,,,,,,,,,,,,,,,,,,,,,,,,,,,,,,,,,,,,,,,,,,,,,,,,,,,,,,,,,,,,,,
"2025-09-02 15:13:10.8540818Z","ETW","Microsoft-Windows-Kernel-File",10,"NameCreateInfo ",3816,17724,"explorer.exe",,,,"C:\Windows\SystemApps\MicrosoftWindows.Client.CBS_cw5n1h2txyewy\appxmanifest.xml",,,,,,,,,,,,[{"addr":140736918204500,"idx":0},{"addr":140736872313753,"idx":1},{"addr":140736872309067,"idx":2},{"addr":140736511210306,"idx":3},{"addr":140736511207634,"idx":4},{"addr":140736511650579,"idx":5},{"addr":140736510699770,"idx":6},{"addr":140736510703039,"idx":7},{"addr":140736511108294,"idx":8},{"addr":140736511107169,"idx":9},{"addr":140736511829909,"idx":10},{"addr":140736511477407,"idx":11},{"addr":140736511477284,"idx":12},{"addr":140736444544589,"idx":13},{"addr":140736447068215,"idx":14},{"addr":140736446402900,"idx":15},{"addr":140736445990966,"idx":16},{"addr":140736445990612,"idx":17},{"addr":140736445990034,"idx":18},{"addr":140736448620801,"idx":19},{"addr":140736446264535,"idx":20},{"addr":140736395570157,"idx":21},{"addr":140736395570087,"idx":22},{"addr":140736395460547,"idx":23},{"addr":140736395954798,"idx":24},{"addr":140736395379493,"idx":25},{"addr":140696088247311,"idx":26},{"addr":140696088445621,"idx":27},{"addr":140736897083607,"idx":28},{"addr":140736916996940,"idx":29}],,,,,,,18446708904376896368,,,,,,,,,,,,,,,,,,,,,,,,,,,,,,,,,,,,,,,,,,,,,,,,,,,,,,,,,,,,,,,,,,,,,,,,,,,,,,,,,,,,,,,,,,,,,,,,,,,,,,,,,,,,,,,,,
"2025-09-02 15:13:10.8541707Z","ETW","Microsoft-Windows-Kernel-File",10,"NameCreateInfo ",3816,17724,"explorer.exe",,,,"C:\Windows\SystemApps\MicrosoftWindows.Client.CBS_cw5n1h2txyewy\appxmanifest.xml:WofCompressedData",,,,,,,,,,,,[{"addr":140736918204500,"idx":0},{"addr":140736872313753,"idx":1},{"addr":140736872309067,"idx":2},{"addr":140736511210306,"idx":3},{"addr":140736511207634,"idx":4},{"addr":140736511650579,"idx":5},{"addr":140736510699770,"idx":6},{"addr":140736510703039,"idx":7},{"addr":140736511108294,"idx":8},{"addr":140736511107169,"idx":9},{"addr":140736511829909,"idx":10},{"addr":140736511477407,"idx":11},{"addr":140736511477284,"idx":12},{"addr":140736444544589,"idx":13},{"addr":140736447068215,"idx":14},{"addr":140736446402900,"idx":15},{"addr":140736445990966,"idx":16},{"addr":140736445990612,"idx":17},{"addr":140736445990034,"idx":18},{"addr":140736448620801,"idx":19},{"addr":140736446264535,"idx":20},{"addr":140736395570157,"idx":21},{"addr":140736395570087,"idx":22},{"addr":140736395460547,"idx":23},{"addr":140736395954798,"idx":24},{"addr":140736395379493,"idx":25},{"addr":140696088247311,"idx":26},{"addr":140696088445621,"idx":27},{"addr":140736897083607,"idx":28},{"addr":140736916996940,"idx":29}],,,,,,,18446708904722298224,,,,,,,,,,,,,,,,,,,,,,,,,,,,,,,,,,,,,,,,,,,,,,,,,,,,,,,,,,,,,,,,,,,,,,,,,,,,,,,,,,,,,,,,,,,,,,,,,,,,,,,,,,,,,,,,,
"2025-09-02 15:13:10.8544863Z","ETW","Microsoft-Windows-Kernel-File",10,"NameCreateInfo ",3816,17724,"explorer.exe",,,,"C:\Windows\SystemApps\MicrosoftWindows.Client.CBS_cw5n1h2txyewy\appxmanifest.xml",,,,,,,,,,,,[{"addr":140736918204500,"idx":0},{"addr":140736872313753,"idx":1},{"addr":140736872309067,"idx":2},{"addr":140736511210306,"idx":3},{"addr":140736511207634,"idx":4},{"addr":140736511650579,"idx":5},{"addr":140736510699770,"idx":6},{"addr":140736510703039,"idx":7},{"addr":140736511108294,"idx":8},{"addr":140736511107169,"idx":9},{"addr":140736511829909,"idx":10},{"addr":140736511477407,"idx":11},{"addr":140736511477284,"idx":12},{"addr":140736444544589,"idx":13},{"addr":140736447068215,"idx":14},{"addr":140736446402900,"idx":15},{"addr":140736445990966,"idx":16},{"addr":140736445990612,"idx":17},{"addr":140736445990034,"idx":18},{"addr":140736448620801,"idx":19},{"addr":140736446264535,"idx":20},{"addr":140736395570157,"idx":21},{"addr":140736395570087,"idx":22},{"addr":140736395460547,"idx":23},{"addr":140736395954798,"idx":24},{"addr":140736395379493,"idx":25},{"addr":140696088247311,"idx":26},{"addr":140696088445621,"idx":27},{"addr":140736897083607,"idx":28},{"addr":140736916996940,"idx":29}],,,,,,,18446708904376896368,,,,,,,,,,,,,,,,,,,,,,,,,,,,,,,,,,,,,,,,,,,,,,,,,,,,,,,,,,,,,,,,,,,,,,,,,,,,,,,,,,,,,,,,,,,,,,,,,,,,,,,,,,,,,,,,,
"2025-09-02 15:13:10.8545612Z","ETW","Microsoft-Windows-Kernel-File",10,"NameCreateInfo ",3816,17724,"explorer.exe",,,,"C:\Windows\SystemApps\MicrosoftWindows.Client.CBS_cw5n1h2txyewy\appxmanifest.xml:WofCompressedData",,,,,,,,,,,,[{"addr":140736918204500,"idx":0},{"addr":140736872313753,"idx":1},{"addr":140736872309067,"idx":2},{"addr":140736511210306,"idx":3},{"addr":140736511207634,"idx":4},{"addr":140736511650579,"idx":5},{"addr":140736510699770,"idx":6},{"addr":140736510703039,"idx":7},{"addr":140736511108294,"idx":8},{"addr":140736511107169,"idx":9},{"addr":140736511829909,"idx":10},{"addr":140736511477407,"idx":11},{"addr":140736511477284,"idx":12},{"addr":140736444544589,"idx":13},{"addr":140736447068215,"idx":14},{"addr":140736446402900,"idx":15},{"addr":140736445990966,"idx":16},{"addr":140736445990612,"idx":17},{"addr":140736445990034,"idx":18},{"addr":140736448620801,"idx":19},{"addr":140736446264535,"idx":20},{"addr":140736395570157,"idx":21},{"addr":140736395570087,"idx":22},{"addr":140736395460547,"idx":23},{"addr":140736395954798,"idx":24},{"addr":140736395379493,"idx":25},{"addr":140696088247311,"idx":26},{"addr":140696088445621,"idx":27},{"addr":140736897083607,"idx":28},{"addr":140736916996940,"idx":29}],,,,,,,18446708904722298224,,,,,,,,,,,,,,,,,,,,,,,,,,,,,,,,,,,,,,,,,,,,,,,,,,,,,,,,,,,,,,,,,,,,,,,,,,,,,,,,,,,,,,,,,,,,,,,,,,,,,,,,,,,,,,,,,
"2025-09-02 15:13:10.8548632Z","ETW","Microsoft-Windows-Kernel-File",10,"NameCreateInfo ",3816,17724,"explorer.exe",,,,"C:\Windows\SystemApps\MicrosoftWindows.Client.CBS_cw5n1h2txyewy\appxmanifest.xml",,,,,,,,,,,,[{"addr":140736918204500,"idx":0},{"addr":140736872313753,"idx":1},{"addr":140736872309067,"idx":2},{"addr":140736511210306,"idx":3},{"addr":140736511207634,"idx":4},{"addr":140736511650579,"idx":5},{"addr":140736510699770,"idx":6},{"addr":140736510703039,"idx":7},{"addr":140736511108294,"idx":8},{"addr":140736511107169,"idx":9},{"addr":140736511829909,"idx":10},{"addr":140736511477407,"idx":11},{"addr":140736511477284,"idx":12},{"addr":140736444544589,"idx":13},{"addr":140736447068215,"idx":14},{"addr":140736446402900,"idx":15},{"addr":140736445990966,"idx":16},{"addr":140736445990612,"idx":17},{"addr":140736445990034,"idx":18},{"addr":140736448620801,"idx":19},{"addr":140736446264535,"idx":20},{"addr":140736395570157,"idx":21},{"addr":140736395570087,"idx":22},{"addr":140736395460547,"idx":23},{"addr":140736395954798,"idx":24},{"addr":140736395379493,"idx":25},{"addr":140696088247311,"idx":26},{"addr":140696088445621,"idx":27},{"addr":140736897083607,"idx":28},{"addr":140736916996940,"idx":29}],,,,,,,18446708904376896368,,,,,,,,,,,,,,,,,,,,,,,,,,,,,,,,,,,,,,,,,,,,,,,,,,,,,,,,,,,,,,,,,,,,,,,,,,,,,,,,,,,,,,,,,,,,,,,,,,,,,,,,,,,,,,,,,
"2025-09-02 15:13:10.8549409Z","ETW","Microsoft-Windows-Kernel-File",10,"NameCreateInfo ",3816,17724,"explorer.exe",,,,"C:\Windows\SystemApps\MicrosoftWindows.Client.CBS_cw5n1h2txyewy\appxmanifest.xml:WofCompressedData",,,,,,,,,,,,[{"addr":140736918204500,"idx":0},{"addr":140736872313753,"idx":1},{"addr":140736872309067,"idx":2},{"addr":140736511210306,"idx":3},{"addr":140736511207634,"idx":4},{"addr":140736511650579,"idx":5},{"addr":140736510699770,"idx":6},{"addr":140736510703039,"idx":7},{"addr":140736511108294,"idx":8},{"addr":140736511107169,"idx":9},{"addr":140736511829909,"idx":10},{"addr":140736511477407,"idx":11},{"addr":140736511477284,"idx":12},{"addr":140736444544589,"idx":13},{"addr":140736447068215,"idx":14},{"addr":140736446402900,"idx":15},{"addr":140736445990966,"idx":16},{"addr":140736445990612,"idx":17},{"addr":140736445990034,"idx":18},{"addr":140736448620801,"idx":19},{"addr":140736446264535,"idx":20},{"addr":140736395570157,"idx":21},{"addr":140736395570087,"idx":22},{"addr":140736395460547,"idx":23},{"addr":140736395954798,"idx":24},{"addr":140736395379493,"idx":25},{"addr":140696088247311,"idx":26},{"addr":140696088445621,"idx":27},{"addr":140736897083607,"idx":28},{"addr":140736916996940,"idx":29}],,,,,,,18446708904722298224,,,,,,,,,,,,,,,,,,,,,,,,,,,,,,,,,,,,,,,,,,,,,,,,,,,,,,,,,,,,,,,,,,,,,,,,,,,,,,,,,,,,,,,,,,,,,,,,,,,,,,,,,,,,,,,,,
"2025-09-02 15:13:10.8552937Z","ETW","Microsoft-Windows-Kernel-File",10,"NameCreateInfo ",3816,17724,"explorer.exe",,,,"C:\Windows\SystemApps\MicrosoftWindows.Client.CBS_cw5n1h2txyewy\appxmanifest.xml",,,,,,,,,,,,[{"addr":140736918204500,"idx":0},{"addr":140736872313753,"idx":1},{"addr":140736872309067,"idx":2},{"addr":140736511210306,"idx":3},{"addr":140736511207634,"idx":4},{"addr":140736511650579,"idx":5},{"addr":140736510699770,"idx":6},{"addr":140736510703039,"idx":7},{"addr":140736511108294,"idx":8},{"addr":140736511107169,"idx":9},{"addr":140736511829909,"idx":10},{"addr":140736511477407,"idx":11},{"addr":140736511477284,"idx":12},{"addr":140736444544589,"idx":13},{"addr":140736447068215,"idx":14},{"addr":140736446402900,"idx":15},{"addr":140736445990966,"idx":16},{"addr":140736445990612,"idx":17},{"addr":140736445990034,"idx":18},{"addr":140736448620801,"idx":19},{"addr":140736446264535,"idx":20},{"addr":140736395570157,"idx":21},{"addr":140736395570087,"idx":22},{"addr":140736395460547,"idx":23},{"addr":140736395954798,"idx":24},{"addr":140736395379493,"idx":25},{"addr":140696088247311,"idx":26},{"addr":140696088445621,"idx":27},{"addr":140736897083607,"idx":28},{"addr":140736916996940,"idx":29}],,,,,,,18446708904376896368,,,,,,,,,,,,,,,,,,,,,,,,,,,,,,,,,,,,,,,,,,,,,,,,,,,,,,,,,,,,,,,,,,,,,,,,,,,,,,,,,,,,,,,,,,,,,,,,,,,,,,,,,,,,,,,,,
"2025-09-02 15:13:10.8553668Z","ETW","Microsoft-Windows-Kernel-File",10,"NameCreateInfo ",3816,17724,"explorer.exe",,,,"C:\Windows\SystemApps\MicrosoftWindows.Client.CBS_cw5n1h2txyewy\appxmanifest.xml:WofCompressedData",,,,,,,,,,,,[{"addr":140736918204500,"idx":0},{"addr":140736872313753,"idx":1},{"addr":140736872309067,"idx":2},{"addr":140736511210306,"idx":3},{"addr":140736511207634,"idx":4},{"addr":140736511650579,"idx":5},{"addr":140736510699770,"idx":6},{"addr":140736510703039,"idx":7},{"addr":140736511108294,"idx":8},{"addr":140736511107169,"idx":9},{"addr":140736511829909,"idx":10},{"addr":140736511477407,"idx":11},{"addr":140736511477284,"idx":12},{"addr":140736444544589,"idx":13},{"addr":140736447068215,"idx":14},{"addr":140736446402900,"idx":15},{"addr":140736445990966,"idx":16},{"addr":140736445990612,"idx":17},{"addr":140736445990034,"idx":18},{"addr":140736448620801,"idx":19},{"addr":140736446264535,"idx":20},{"addr":140736395570157,"idx":21},{"addr":140736395570087,"idx":22},{"addr":140736395460547,"idx":23},{"addr":140736395954798,"idx":24},{"addr":140736395379493,"idx":25},{"addr":140696088247311,"idx":26},{"addr":140696088445621,"idx":27},{"addr":140736897083607,"idx":28},{"addr":140736916996940,"idx":29}],,,,,,,18446708904722298224,,,,,,,,,,,,,,,,,,,,,,,,,,,,,,,,,,,,,,,,,,,,,,,,,,,,,,,,,,,,,,,,,,,,,,,,,,,,,,,,,,,,,,,,,,,,,,,,,,,,,,,,,,,,,,,,,
"2025-09-02 15:13:10.8556355Z","ETW","Microsoft-Windows-Kernel-File",10,"NameCreateInfo ",3816,17724,"explorer.exe",,,,"C:\Windows\SystemApps\MicrosoftWindows.Client.CBS_cw5n1h2txyewy\appxmanifest.xml",,,,,,,,,,,,[{"addr":140736918204500,"idx":0},{"addr":140736872313753,"idx":1},{"addr":140736872309067,"idx":2},{"addr":140736511210306,"idx":3},{"addr":140736511207634,"idx":4},{"addr":140736511650579,"idx":5},{"addr":140736510699770,"idx":6},{"addr":140736510703039,"idx":7},{"addr":140736511108294,"idx":8},{"addr":140736511107169,"idx":9},{"addr":140736511829909,"idx":10},{"addr":140736511477407,"idx":11},{"addr":140736511477284,"idx":12},{"addr":140736444544589,"idx":13},{"addr":140736447068215,"idx":14},{"addr":140736446402900,"idx":15},{"addr":140736445990966,"idx":16},{"addr":140736445990612,"idx":17},{"addr":140736445990034,"idx":18},{"addr":140736448620801,"idx":19},{"addr":140736446264535,"idx":20},{"addr":140736395570157,"idx":21},{"addr":140736395570087,"idx":22},{"addr":140736395460547,"idx":23},{"addr":140736395954798,"idx":24},{"addr":140736395379493,"idx":25},{"addr":140696088247311,"idx":26},{"addr":140696088445621,"idx":27},{"addr":140736897083607,"idx":28},{"addr":140736916996940,"idx":29}],,,,,,,18446708904376896368,,,,,,,,,,,,,,,,,,,,,,,,,,,,,,,,,,,,,,,,,,,,,,,,,,,,,,,,,,,,,,,,,,,,,,,,,,,,,,,,,,,,,,,,,,,,,,,,,,,,,,,,,,,,,,,,,
"2025-09-02 15:13:10.8557235Z","ETW","Microsoft-Windows-Kernel-File",10,"NameCreateInfo ",3816,17724,"explorer.exe",,,,"C:\Windows\SystemApps\MicrosoftWindows.Client.CBS_cw5n1h2txyewy\appxmanifest.xml:WofCompressedData",,,,,,,,,,,,[{"addr":140736918204500,"idx":0},{"addr":140736872313753,"idx":1},{"addr":140736872309067,"idx":2},{"addr":140736511210306,"idx":3},{"addr":140736511207634,"idx":4},{"addr":140736511650579,"idx":5},{"addr":140736510699770,"idx":6},{"addr":140736510703039,"idx":7},{"addr":140736511108294,"idx":8},{"addr":140736511107169,"idx":9},{"addr":140736511829909,"idx":10},{"addr":140736511477407,"idx":11},{"addr":140736511477284,"idx":12},{"addr":140736444544589,"idx":13},{"addr":140736447068215,"idx":14},{"addr":140736446402900,"idx":15},{"addr":140736445990966,"idx":16},{"addr":140736445990612,"idx":17},{"addr":140736445990034,"idx":18},{"addr":140736448620801,"idx":19},{"addr":140736446264535,"idx":20},{"addr":140736395570157,"idx":21},{"addr":140736395570087,"idx":22},{"addr":140736395460547,"idx":23},{"addr":140736395954798,"idx":24},{"addr":140736395379493,"idx":25},{"addr":140696088247311,"idx":26},{"addr":140696088445621,"idx":27},{"addr":140736897083607,"idx":28},{"addr":140736916996940,"idx":29}],,,,,,,18446708904722298224,,,,,,,,,,,,,,,,,,,,,,,,,,,,,,,,,,,,,,,,,,,,,,,,,,,,,,,,,,,,,,,,,,,,,,,,,,,,,,,,,,,,,,,,,,,,,,,,,,,,,,,,,,,,,,,,,
"2025-09-02 15:13:10.8559852Z","ETW","Microsoft-Windows-Kernel-File",10,"NameCreateInfo ",3816,17724,"explorer.exe",,,,"C:\Windows\SystemApps\MicrosoftWindows.Client.CBS_cw5n1h2txyewy\appxmanifest.xml",,,,,,,,,,,,[{"addr":140736918204500,"idx":0},{"addr":140736872313753,"idx":1},{"addr":140736872309067,"idx":2},{"addr":140736511210306,"idx":3},{"addr":140736511207634,"idx":4},{"addr":140736511650579,"idx":5},{"addr":140736510699770,"idx":6},{"addr":140736510703039,"idx":7},{"addr":140736511108294,"idx":8},{"addr":140736511107169,"idx":9},{"addr":140736511829909,"idx":10},{"addr":140736511477407,"idx":11},{"addr":140736511477284,"idx":12},{"addr":140736444544589,"idx":13},{"addr":140736447068215,"idx":14},{"addr":140736446402900,"idx":15},{"addr":140736445990966,"idx":16},{"addr":140736445990612,"idx":17},{"addr":140736445990034,"idx":18},{"addr":140736448620801,"idx":19},{"addr":140736446264535,"idx":20},{"addr":140736395570157,"idx":21},{"addr":140736395570087,"idx":22},{"addr":140736395460547,"idx":23},{"addr":140736395954798,"idx":24},{"addr":140736395379493,"idx":25},{"addr":140696088247311,"idx":26},{"addr":140696088445621,"idx":27},{"addr":140736897083607,"idx":28},{"addr":140736916996940,"idx":29}],,,,,,,18446708904376896368,,,,,,,,,,,,,,,,,,,,,,,,,,,,,,,,,,,,,,,,,,,,,,,,,,,,,,,,,,,,,,,,,,,,,,,,,,,,,,,,,,,,,,,,,,,,,,,,,,,,,,,,,,,,,,,,,
"2025-09-02 15:13:10.8560880Z","ETW","Microsoft-Windows-Kernel-File",10,"NameCreateInfo ",3816,17724,"explorer.exe",,,,"C:\Windows\SystemApps\MicrosoftWindows.Client.CBS_cw5n1h2txyewy\appxmanifest.xml:WofCompressedData",,,,,,,,,,,,[{"addr":140736918204500,"idx":0},{"addr":140736872313753,"idx":1},{"addr":140736872309067,"idx":2},{"addr":140736511210306,"idx":3},{"addr":140736511207634,"idx":4},{"addr":140736511650579,"idx":5},{"addr":140736510699770,"idx":6},{"addr":140736510703039,"idx":7},{"addr":140736511108294,"idx":8},{"addr":140736511107169,"idx":9},{"addr":140736511829909,"idx":10},{"addr":140736511477407,"idx":11},{"addr":140736511477284,"idx":12},{"addr":140736444544589,"idx":13},{"addr":140736447068215,"idx":14},{"addr":140736446402900,"idx":15},{"addr":140736445990966,"idx":16},{"addr":140736445990612,"idx":17},{"addr":140736445990034,"idx":18},{"addr":140736448620801,"idx":19},{"addr":140736446264535,"idx":20},{"addr":140736395570157,"idx":21},{"addr":140736395570087,"idx":22},{"addr":140736395460547,"idx":23},{"addr":140736395954798,"idx":24},{"addr":140736395379493,"idx":25},{"addr":140696088247311,"idx":26},{"addr":140696088445621,"idx":27},{"addr":140736897083607,"idx":28},{"addr":140736916996940,"idx":29}],,,,,,,18446708904722298224,,,,,,,,,,,,,,,,,,,,,,,,,,,,,,,,,,,,,,,,,,,,,,,,,,,,,,,,,,,,,,,,,,,,,,,,,,,,,,,,,,,,,,,,,,,,,,,,,,,,,,,,,,,,,,,,,
"2025-09-02 15:13:10.8563548Z","ETW","Microsoft-Windows-Kernel-File",10,"NameCreateInfo ",3816,17724,"explorer.exe",,,,"C:\Windows\SystemApps\MicrosoftWindows.Client.CBS_cw5n1h2txyewy\appxmanifest.xml",,,,,,,,,,,,[{"addr":140736918204500,"idx":0},{"addr":140736872313753,"idx":1},{"addr":140736872309067,"idx":2},{"addr":140736511210306,"idx":3},{"addr":140736511207634,"idx":4},{"addr":140736511650579,"idx":5},{"addr":140736510699770,"idx":6},{"addr":140736510703039,"idx":7},{"addr":140736511108294,"idx":8},{"addr":140736511107169,"idx":9},{"addr":140736511829909,"idx":10},{"addr":140736511477407,"idx":11},{"addr":140736511477284,"idx":12},{"addr":140736444544589,"idx":13},{"addr":140736447068215,"idx":14},{"addr":140736446402900,"idx":15},{"addr":140736445990966,"idx":16},{"addr":140736445990612,"idx":17},{"addr":140736445990034,"idx":18},{"addr":140736448620801,"idx":19},{"addr":140736446264535,"idx":20},{"addr":140736395570157,"idx":21},{"addr":140736395570087,"idx":22},{"addr":140736395460547,"idx":23},{"addr":140736395954798,"idx":24},{"addr":140736395379493,"idx":25},{"addr":140696088247311,"idx":26},{"addr":140696088445621,"idx":27},{"addr":140736897083607,"idx":28},{"addr":140736916996940,"idx":29}],,,,,,,18446708904376896368,,,,,,,,,,,,,,,,,,,,,,,,,,,,,,,,,,,,,,,,,,,,,,,,,,,,,,,,,,,,,,,,,,,,,,,,,,,,,,,,,,,,,,,,,,,,,,,,,,,,,,,,,,,,,,,,,
"2025-09-02 15:13:10.8564252Z","ETW","Microsoft-Windows-Kernel-File",10,"NameCreateInfo ",3816,17724,"explorer.exe",,,,"C:\Windows\SystemApps\MicrosoftWindows.Client.CBS_cw5n1h2txyewy\appxmanifest.xml:WofCompressedData",,,,,,,,,,,,[{"addr":140736918204500,"idx":0},{"addr":140736872313753,"idx":1},{"addr":140736872309067,"idx":2},{"addr":140736511210306,"idx":3},{"addr":140736511207634,"idx":4},{"addr":140736511650579,"idx":5},{"addr":140736510699770,"idx":6},{"addr":140736510703039,"idx":7},{"addr":140736511108294,"idx":8},{"addr":140736511107169,"idx":9},{"addr":140736511829909,"idx":10},{"addr":140736511477407,"idx":11},{"addr":140736511477284,"idx":12},{"addr":140736444544589,"idx":13},{"addr":140736447068215,"idx":14},{"addr":140736446402900,"idx":15},{"addr":140736445990966,"idx":16},{"addr":140736445990612,"idx":17},{"addr":140736445990034,"idx":18},{"addr":140736448620801,"idx":19},{"addr":140736446264535,"idx":20},{"addr":140736395570157,"idx":21},{"addr":140736395570087,"idx":22},{"addr":140736395460547,"idx":23},{"addr":140736395954798,"idx":24},{"addr":140736395379493,"idx":25},{"addr":140696088247311,"idx":26},{"addr":140696088445621,"idx":27},{"addr":140736897083607,"idx":28},{"addr":140736916996940,"idx":29}],,,,,,,18446708904722298224,,,,,,,,,,,,,,,,,,,,,,,,,,,,,,,,,,,,,,,,,,,,,,,,,,,,,,,,,,,,,,,,,,,,,,,,,,,,,,,,,,,,,,,,,,,,,,,,,,,,,,,,,,,,,,,,,
"2025-09-02 15:13:10.8567296Z","ETW","Microsoft-Windows-Kernel-File",10,"NameCreateInfo ",3816,17724,"explorer.exe",,,,"C:\Windows\SystemApps\MicrosoftWindows.Client.CoreAI_cw5n1h2txyewy\appxmanifest.xml",,,,,,,,,,,,[{"addr":140736918204500,"idx":0},{"addr":140736872313753,"idx":1},{"addr":140736872309067,"idx":2},{"addr":140736511210306,"idx":3},{"addr":140736511207634,"idx":4},{"addr":140736511650579,"idx":5},{"addr":140736510699770,"idx":6},{"addr":140736510703039,"idx":7},{"addr":140736511108294,"idx":8},{"addr":140736511107169,"idx":9},{"addr":140736511829909,"idx":10},{"addr":140736511477407,"idx":11},{"addr":140736511477284,"idx":12},{"addr":140736444544589,"idx":13},{"addr":140736447068215,"idx":14},{"addr":140736446402900,"idx":15},{"addr":140736445990966,"idx":16},{"addr":140736445990612,"idx":17},{"addr":140736445990034,"idx":18},{"addr":140736448620801,"idx":19},{"addr":140736446264535,"idx":20},{"addr":140736395570157,"idx":21},{"addr":140736395570087,"idx":22},{"addr":140736395460547,"idx":23},{"addr":140736395954798,"idx":24},{"addr":140736395379493,"idx":25},{"addr":140696088247311,"idx":26},{"addr":140696088445621,"idx":27},{"addr":140736897083607,"idx":28},{"addr":140736916996940,"idx":29}],,,,,,,18446708904376896368,,,,,,,,,,,,,,,,,,,,,,,,,,,,,,,,,,,,,,,,,,,,,,,,,,,,,,,,,,,,,,,,,,,,,,,,,,,,,,,,,,,,,,,,,,,,,,,,,,,,,,,,,,,,,,,,,
"2025-09-02 15:13:10.8568055Z","ETW","Microsoft-Windows-Kernel-File",10,"NameCreateInfo ",3816,17724,"explorer.exe",,,,"C:\Windows\SystemApps\MicrosoftWindows.Client.CoreAI_cw5n1h2txyewy\appxmanifest.xml:WofCompressedData",,,,,,,,,,,,[{"addr":140736918204500,"idx":0},{"addr":140736872313753,"idx":1},{"addr":140736872309067,"idx":2},{"addr":140736511210306,"idx":3},{"addr":140736511207634,"idx":4},{"addr":140736511650579,"idx":5},{"addr":140736510699770,"idx":6},{"addr":140736510703039,"idx":7},{"addr":140736511108294,"idx":8},{"addr":140736511107169,"idx":9},{"addr":140736511829909,"idx":10},{"addr":140736511477407,"idx":11},{"addr":140736511477284,"idx":12},{"addr":140736444544589,"idx":13},{"addr":140736447068215,"idx":14},{"addr":140736446402900,"idx":15},{"addr":140736445990966,"idx":16},{"addr":140736445990612,"idx":17},{"addr":140736445990034,"idx":18},{"addr":140736448620801,"idx":19},{"addr":140736446264535,"idx":20},{"addr":140736395570157,"idx":21},{"addr":140736395570087,"idx":22},{"addr":140736395460547,"idx":23},{"addr":140736395954798,"idx":24},{"addr":140736395379493,"idx":25},{"addr":140696088247311,"idx":26},{"addr":140696088445621,"idx":27},{"addr":140736897083607,"idx":28},{"addr":140736916996940,"idx":29}],,,,,,,18446708904722298224,,,,,,,,,,,,,,,,,,,,,,,,,,,,,,,,,,,,,,,,,,,,,,,,,,,,,,,,,,,,,,,,,,,,,,,,,,,,,,,,,,,,,,,,,,,,,,,,,,,,,,,,,,,,,,,,,
"2025-09-02 15:13:10.8570668Z","ETW","Microsoft-Windows-Kernel-File",10,"NameCreateInfo ",3816,17724,"explorer.exe",,,,"C:\Windows\SystemApps\MicrosoftWindows.Client.CoreAI_cw5n1h2txyewy\appxmanifest.xml",,,,,,,,,,,,[{"addr":140736918204500,"idx":0},{"addr":140736872313753,"idx":1},{"addr":140736872309067,"idx":2},{"addr":140736511210306,"idx":3},{"addr":140736511207634,"idx":4},{"addr":140736511650579,"idx":5},{"addr":140736510699770,"idx":6},{"addr":140736510703039,"idx":7},{"addr":140736511108294,"idx":8},{"addr":140736511107169,"idx":9},{"addr":140736511829909,"idx":10},{"addr":140736511477407,"idx":11},{"addr":140736511477284,"idx":12},{"addr":140736444544589,"idx":13},{"addr":140736447068215,"idx":14},{"addr":140736446402900,"idx":15},{"addr":140736445990966,"idx":16},{"addr":140736445990612,"idx":17},{"addr":140736445990034,"idx":18},{"addr":140736448620801,"idx":19},{"addr":140736446264535,"idx":20},{"addr":140736395570157,"idx":21},{"addr":140736395570087,"idx":22},{"addr":140736395460547,"idx":23},{"addr":140736395954798,"idx":24},{"addr":140736395379493,"idx":25},{"addr":140696088247311,"idx":26},{"addr":140696088445621,"idx":27},{"addr":140736897083607,"idx":28},{"addr":140736916996940,"idx":29}],,,,,,,18446708904376896368,,,,,,,,,,,,,,,,,,,,,,,,,,,,,,,,,,,,,,,,,,,,,,,,,,,,,,,,,,,,,,,,,,,,,,,,,,,,,,,,,,,,,,,,,,,,,,,,,,,,,,,,,,,,,,,,,
"2025-09-02 15:13:10.8571372Z","ETW","Microsoft-Windows-Kernel-File",10,"NameCreateInfo ",3816,17724,"explorer.exe",,,,"C:\Windows\SystemApps\MicrosoftWindows.Client.CoreAI_cw5n1h2txyewy\appxmanifest.xml:WofCompressedData",,,,,,,,,,,,[{"addr":140736918204500,"idx":0},{"addr":140736872313753,"idx":1},{"addr":140736872309067,"idx":2},{"addr":140736511210306,"idx":3},{"addr":140736511207634,"idx":4},{"addr":140736511650579,"idx":5},{"addr":140736510699770,"idx":6},{"addr":140736510703039,"idx":7},{"addr":140736511108294,"idx":8},{"addr":140736511107169,"idx":9},{"addr":140736511829909,"idx":10},{"addr":140736511477407,"idx":11},{"addr":140736511477284,"idx":12},{"addr":140736444544589,"idx":13},{"addr":140736447068215,"idx":14},{"addr":140736446402900,"idx":15},{"addr":140736445990966,"idx":16},{"addr":140736445990612,"idx":17},{"addr":140736445990034,"idx":18},{"addr":140736448620801,"idx":19},{"addr":140736446264535,"idx":20},{"addr":140736395570157,"idx":21},{"addr":140736395570087,"idx":22},{"addr":140736395460547,"idx":23},{"addr":140736395954798,"idx":24},{"addr":140736395379493,"idx":25},{"addr":140696088247311,"idx":26},{"addr":140696088445621,"idx":27},{"addr":140736897083607,"idx":28},{"addr":140736916996940,"idx":29}],,,,,,,18446708904722298224,,,,,,,,,,,,,,,,,,,,,,,,,,,,,,,,,,,,,,,,,,,,,,,,,,,,,,,,,,,,,,,,,,,,,,,,,,,,,,,,,,,,,,,,,,,,,,,,,,,,,,,,,,,,,,,,,
"2025-09-02 15:13:10.8574370Z","ETW","Microsoft-Windows-Kernel-File",10,"NameCreateInfo ",3816,17724,"explorer.exe",,,,"C:\Windows\SystemApps\MicrosoftWindows.Client.CoreAI_cw5n1h2txyewy\appxmanifest.xml",,,,,,,,,,,,[{"addr":140736918204500,"idx":0},{"addr":140736872313753,"idx":1},{"addr":140736872309067,"idx":2},{"addr":140736511210306,"idx":3},{"addr":140736511207634,"idx":4},{"addr":140736511650579,"idx":5},{"addr":140736510699770,"idx":6},{"addr":140736510703039,"idx":7},{"addr":140736511108294,"idx":8},{"addr":140736511107169,"idx":9},{"addr":140736511829909,"idx":10},{"addr":140736511477407,"idx":11},{"addr":140736511477284,"idx":12},{"addr":140736444544589,"idx":13},{"addr":140736447068215,"idx":14},{"addr":140736446402900,"idx":15},{"addr":140736445990966,"idx":16},{"addr":140736445990612,"idx":17},{"addr":140736445990034,"idx":18},{"addr":140736448620801,"idx":19},{"addr":140736446264535,"idx":20},{"addr":140736395570157,"idx":21},{"addr":140736395570087,"idx":22},{"addr":140736395460547,"idx":23},{"addr":140736395954798,"idx":24},{"addr":140736395379493,"idx":25},{"addr":140696088247311,"idx":26},{"addr":140696088445621,"idx":27},{"addr":140736897083607,"idx":28},{"addr":140736916996940,"idx":29}],,,,,,,18446708904376896368,,,,,,,,,,,,,,,,,,,,,,,,,,,,,,,,,,,,,,,,,,,,,,,,,,,,,,,,,,,,,,,,,,,,,,,,,,,,,,,,,,,,,,,,,,,,,,,,,,,,,,,,,,,,,,,,,
"2025-09-02 15:13:10.8575059Z","ETW","Microsoft-Windows-Kernel-File",10,"NameCreateInfo ",3816,17724,"explorer.exe",,,,"C:\Windows\SystemApps\MicrosoftWindows.Client.CoreAI_cw5n1h2txyewy\appxmanifest.xml:WofCompressedData",,,,,,,,,,,,[{"addr":140736918204500,"idx":0},{"addr":140736872313753,"idx":1},{"addr":140736872309067,"idx":2},{"addr":140736511210306,"idx":3},{"addr":140736511207634,"idx":4},{"addr":140736511650579,"idx":5},{"addr":140736510699770,"idx":6},{"addr":140736510703039,"idx":7},{"addr":140736511108294,"idx":8},{"addr":140736511107169,"idx":9},{"addr":140736511829909,"idx":10},{"addr":140736511477407,"idx":11},{"addr":140736511477284,"idx":12},{"addr":140736444544589,"idx":13},{"addr":140736447068215,"idx":14},{"addr":140736446402900,"idx":15},{"addr":140736445990966,"idx":16},{"addr":140736445990612,"idx":17},{"addr":140736445990034,"idx":18},{"addr":140736448620801,"idx":19},{"addr":140736446264535,"idx":20},{"addr":140736395570157,"idx":21},{"addr":140736395570087,"idx":22},{"addr":140736395460547,"idx":23},{"addr":140736395954798,"idx":24},{"addr":140736395379493,"idx":25},{"addr":140696088247311,"idx":26},{"addr":140696088445621,"idx":27},{"addr":140736897083607,"idx":28},{"addr":140736916996940,"idx":29}],,,,,,,18446708904722298224,,,,,,,,,,,,,,,,,,,,,,,,,,,,,,,,,,,,,,,,,,,,,,,,,,,,,,,,,,,,,,,,,,,,,,,,,,,,,,,,,,,,,,,,,,,,,,,,,,,,,,,,,,,,,,,,,
"2025-09-02 15:13:10.8577952Z","ETW","Microsoft-Windows-Kernel-File",10,"NameCreateInfo ",3816,17724,"explorer.exe",,,,"C:\Windows\SystemApps\MicrosoftWindows.Client.CoreAI_cw5n1h2txyewy\appxmanifest.xml",,,,,,,,,,,,[{"addr":140736918204500,"idx":0},{"addr":140736872313753,"idx":1},{"addr":140736872309067,"idx":2},{"addr":140736511210306,"idx":3},{"addr":140736511207634,"idx":4},{"addr":140736511650579,"idx":5},{"addr":140736510699770,"idx":6},{"addr":140736510703039,"idx":7},{"addr":140736511108294,"idx":8},{"addr":140736511107169,"idx":9},{"addr":140736511829909,"idx":10},{"addr":140736511477407,"idx":11},{"addr":140736511477284,"idx":12},{"addr":140736444544589,"idx":13},{"addr":140736447068215,"idx":14},{"addr":140736446402900,"idx":15},{"addr":140736445990966,"idx":16},{"addr":140736445990612,"idx":17},{"addr":140736445990034,"idx":18},{"addr":140736448620801,"idx":19},{"addr":140736446264535,"idx":20},{"addr":140736395570157,"idx":21},{"addr":140736395570087,"idx":22},{"addr":140736395460547,"idx":23},{"addr":140736395954798,"idx":24},{"addr":140736395379493,"idx":25},{"addr":140696088247311,"idx":26},{"addr":140696088445621,"idx":27},{"addr":140736897083607,"idx":28},{"addr":140736916996940,"idx":29}],,,,,,,18446708904376896368,,,,,,,,,,,,,,,,,,,,,,,,,,,,,,,,,,,,,,,,,,,,,,,,,,,,,,,,,,,,,,,,,,,,,,,,,,,,,,,,,,,,,,,,,,,,,,,,,,,,,,,,,,,,,,,,,
"2025-09-02 15:13:10.8578646Z","ETW","Microsoft-Windows-Kernel-File",10,"NameCreateInfo ",3816,17724,"explorer.exe",,,,"C:\Windows\SystemApps\MicrosoftWindows.Client.CoreAI_cw5n1h2txyewy\appxmanifest.xml:WofCompressedData",,,,,,,,,,,,[{"addr":140736918204500,"idx":0},{"addr":140736872313753,"idx":1},{"addr":140736872309067,"idx":2},{"addr":140736511210306,"idx":3},{"addr":140736511207634,"idx":4},{"addr":140736511650579,"idx":5},{"addr":140736510699770,"idx":6},{"addr":140736510703039,"idx":7},{"addr":140736511108294,"idx":8},{"addr":140736511107169,"idx":9},{"addr":140736511829909,"idx":10},{"addr":140736511477407,"idx":11},{"addr":140736511477284,"idx":12},{"addr":140736444544589,"idx":13},{"addr":140736447068215,"idx":14},{"addr":140736446402900,"idx":15},{"addr":140736445990966,"idx":16},{"addr":140736445990612,"idx":17},{"addr":140736445990034,"idx":18},{"addr":140736448620801,"idx":19},{"addr":140736446264535,"idx":20},{"addr":140736395570157,"idx":21},{"addr":140736395570087,"idx":22},{"addr":140736395460547,"idx":23},{"addr":140736395954798,"idx":24},{"addr":140736395379493,"idx":25},{"addr":140696088247311,"idx":26},{"addr":140696088445621,"idx":27},{"addr":140736897083607,"idx":28},{"addr":140736916996940,"idx":29}],,,,,,,18446708904722298224,,,,,,,,,,,,,,,,,,,,,,,,,,,,,,,,,,,,,,,,,,,,,,,,,,,,,,,,,,,,,,,,,,,,,,,,,,,,,,,,,,,,,,,,,,,,,,,,,,,,,,,,,,,,,,,,,
"2025-09-02 15:13:10.8581501Z","ETW","Microsoft-Windows-Kernel-File",10,"NameCreateInfo ",3816,17724,"explorer.exe",,,,"C:\Windows\SystemApps\MicrosoftWindows.Client.CoreAI_cw5n1h2txyewy\appxmanifest.xml",,,,,,,,,,,,[{"addr":140736918204500,"idx":0},{"addr":140736872313753,"idx":1},{"addr":140736872309067,"idx":2},{"addr":140736511210306,"idx":3},{"addr":140736511207634,"idx":4},{"addr":140736511650579,"idx":5},{"addr":140736510699770,"idx":6},{"addr":140736510703039,"idx":7},{"addr":140736511108294,"idx":8},{"addr":140736511107169,"idx":9},{"addr":140736511829909,"idx":10},{"addr":140736511477407,"idx":11},{"addr":140736511477284,"idx":12},{"addr":140736444544589,"idx":13},{"addr":140736447068215,"idx":14},{"addr":140736446402900,"idx":15},{"addr":140736445990966,"idx":16},{"addr":140736445990612,"idx":17},{"addr":140736445990034,"idx":18},{"addr":140736448620801,"idx":19},{"addr":140736446264535,"idx":20},{"addr":140736395570157,"idx":21},{"addr":140736395570087,"idx":22},{"addr":140736395460547,"idx":23},{"addr":140736395954798,"idx":24},{"addr":140736395379493,"idx":25},{"addr":140696088247311,"idx":26},{"addr":140696088445621,"idx":27},{"addr":140736897083607,"idx":28},{"addr":140736916996940,"idx":29}],,,,,,,18446708904376896368,,,,,,,,,,,,,,,,,,,,,,,,,,,,,,,,,,,,,,,,,,,,,,,,,,,,,,,,,,,,,,,,,,,,,,,,,,,,,,,,,,,,,,,,,,,,,,,,,,,,,,,,,,,,,,,,,
"2025-09-02 15:13:10.8582181Z","ETW","Microsoft-Windows-Kernel-File",10,"NameCreateInfo ",3816,17724,"explorer.exe",,,,"C:\Windows\SystemApps\MicrosoftWindows.Client.CoreAI_cw5n1h2txyewy\appxmanifest.xml:WofCompressedData",,,,,,,,,,,,[{"addr":140736918204500,"idx":0},{"addr":140736872313753,"idx":1},{"addr":140736872309067,"idx":2},{"addr":140736511210306,"idx":3},{"addr":140736511207634,"idx":4},{"addr":140736511650579,"idx":5},{"addr":140736510699770,"idx":6},{"addr":140736510703039,"idx":7},{"addr":140736511108294,"idx":8},{"addr":140736511107169,"idx":9},{"addr":140736511829909,"idx":10},{"addr":140736511477407,"idx":11},{"addr":140736511477284,"idx":12},{"addr":140736444544589,"idx":13},{"addr":140736447068215,"idx":14},{"addr":140736446402900,"idx":15},{"addr":140736445990966,"idx":16},{"addr":140736445990612,"idx":17},{"addr":140736445990034,"idx":18},{"addr":140736448620801,"idx":19},{"addr":140736446264535,"idx":20},{"addr":140736395570157,"idx":21},{"addr":140736395570087,"idx":22},{"addr":140736395460547,"idx":23},{"addr":140736395954798,"idx":24},{"addr":140736395379493,"idx":25},{"addr":140696088247311,"idx":26},{"addr":140696088445621,"idx":27},{"addr":140736897083607,"idx":28},{"addr":140736916996940,"idx":29}],,,,,,,18446708904722298224,,,,,,,,,,,,,,,,,,,,,,,,,,,,,,,,,,,,,,,,,,,,,,,,,,,,,,,,,,,,,,,,,,,,,,,,,,,,,,,,,,,,,,,,,,,,,,,,,,,,,,,,,,,,,,,,,
"2025-09-02 15:13:10.8584943Z","ETW","Microsoft-Windows-Kernel-File",10,"NameCreateInfo ",3816,17724,"explorer.exe",,,,"C:\Windows\SystemApps\MicrosoftWindows.Client.CoreAI_cw5n1h2txyewy\appxmanifest.xml",,,,,,,,,,,,[{"addr":140736918204500,"idx":0},{"addr":140736872313753,"idx":1},{"addr":140736872309067,"idx":2},{"addr":140736511210306,"idx":3},{"addr":140736511207634,"idx":4},{"addr":140736511650579,"idx":5},{"addr":140736510699770,"idx":6},{"addr":140736510703039,"idx":7},{"addr":140736511108294,"idx":8},{"addr":140736511107169,"idx":9},{"addr":140736511829909,"idx":10},{"addr":140736511477407,"idx":11},{"addr":140736511477284,"idx":12},{"addr":140736444544589,"idx":13},{"addr":140736447068215,"idx":14},{"addr":140736446402900,"idx":15},{"addr":140736445990966,"idx":16},{"addr":140736445990612,"idx":17},{"addr":140736445990034,"idx":18},{"addr":140736448620801,"idx":19},{"addr":140736446264535,"idx":20},{"addr":140736395570157,"idx":21},{"addr":140736395570087,"idx":22},{"addr":140736395460547,"idx":23},{"addr":140736395954798,"idx":24},{"addr":140736395379493,"idx":25},{"addr":140696088247311,"idx":26},{"addr":140696088445621,"idx":27},{"addr":140736897083607,"idx":28},{"addr":140736916996940,"idx":29}],,,,,,,18446708904376896368,,,,,,,,,,,,,,,,,,,,,,,,,,,,,,,,,,,,,,,,,,,,,,,,,,,,,,,,,,,,,,,,,,,,,,,,,,,,,,,,,,,,,,,,,,,,,,,,,,,,,,,,,,,,,,,,,
"2025-09-02 15:13:10.8585612Z","ETW","Microsoft-Windows-Kernel-File",10,"NameCreateInfo ",3816,17724,"explorer.exe",,,,"C:\Windows\SystemApps\MicrosoftWindows.Client.CoreAI_cw5n1h2txyewy\appxmanifest.xml:WofCompressedData",,,,,,,,,,,,[{"addr":140736918204500,"idx":0},{"addr":140736872313753,"idx":1},{"addr":140736872309067,"idx":2},{"addr":140736511210306,"idx":3},{"addr":140736511207634,"idx":4},{"addr":140736511650579,"idx":5},{"addr":140736510699770,"idx":6},{"addr":140736510703039,"idx":7},{"addr":140736511108294,"idx":8},{"addr":140736511107169,"idx":9},{"addr":140736511829909,"idx":10},{"addr":140736511477407,"idx":11},{"addr":140736511477284,"idx":12},{"addr":140736444544589,"idx":13},{"addr":140736447068215,"idx":14},{"addr":140736446402900,"idx":15},{"addr":140736445990966,"idx":16},{"addr":140736445990612,"idx":17},{"addr":140736445990034,"idx":18},{"addr":140736448620801,"idx":19},{"addr":140736446264535,"idx":20},{"addr":140736395570157,"idx":21},{"addr":140736395570087,"idx":22},{"addr":140736395460547,"idx":23},{"addr":140736395954798,"idx":24},{"addr":140736395379493,"idx":25},{"addr":140696088247311,"idx":26},{"addr":140696088445621,"idx":27},{"addr":140736897083607,"idx":28},{"addr":140736916996940,"idx":29}],,,,,,,18446708904722298224,,,,,,,,,,,,,,,,,,,,,,,,,,,,,,,,,,,,,,,,,,,,,,,,,,,,,,,,,,,,,,,,,,,,,,,,,,,,,,,,,,,,,,,,,,,,,,,,,,,,,,,,,,,,,,,,,
"2025-09-02 15:13:10.8588964Z","ETW","Microsoft-Windows-Kernel-File",10,"NameCreateInfo ",3816,17724,"explorer.exe",,,,"C:\Windows\SystemApps\MicrosoftWindows.Client.Core_cw5n1h2txyewy\appxmanifest.xml",,,,,,,,,,,,[{"addr":140736918204500,"idx":0},{"addr":140736872313753,"idx":1},{"addr":140736872309067,"idx":2},{"addr":140736511210306,"idx":3},{"addr":140736511207634,"idx":4},{"addr":140736511650579,"idx":5},{"addr":140736510699770,"idx":6},{"addr":140736510703039,"idx":7},{"addr":140736511108294,"idx":8},{"addr":140736511107169,"idx":9},{"addr":140736511829909,"idx":10},{"addr":140736511477407,"idx":11},{"addr":140736511477284,"idx":12},{"addr":140736444544589,"idx":13},{"addr":140736447068215,"idx":14},{"addr":140736446402900,"idx":15},{"addr":140736445990966,"idx":16},{"addr":140736445990612,"idx":17},{"addr":140736445990034,"idx":18},{"addr":140736448620801,"idx":19},{"addr":140736446264535,"idx":20},{"addr":140736395570157,"idx":21},{"addr":140736395570087,"idx":22},{"addr":140736395460547,"idx":23},{"addr":140736395954798,"idx":24},{"addr":140736395379493,"idx":25},{"addr":140696088247311,"idx":26},{"addr":140696088445621,"idx":27},{"addr":140736897083607,"idx":28},{"addr":140736916996940,"idx":29}],,,,,,,18446708904376896368,,,,,,,,,,,,,,,,,,,,,,,,,,,,,,,,,,,,,,,,,,,,,,,,,,,,,,,,,,,,,,,,,,,,,,,,,,,,,,,,,,,,,,,,,,,,,,,,,,,,,,,,,,,,,,,,,
"2025-09-02 15:13:10.8589796Z","ETW","Microsoft-Windows-Kernel-File",10,"NameCreateInfo ",3816,17724,"explorer.exe",,,,"C:\Windows\SystemApps\MicrosoftWindows.Client.Core_cw5n1h2txyewy\appxmanifest.xml:WofCompressedData",,,,,,,,,,,,[{"addr":140736918204500,"idx":0},{"addr":140736872313753,"idx":1},{"addr":140736872309067,"idx":2},{"addr":140736511210306,"idx":3},{"addr":140736511207634,"idx":4},{"addr":140736511650579,"idx":5},{"addr":140736510699770,"idx":6},{"addr":140736510703039,"idx":7},{"addr":140736511108294,"idx":8},{"addr":140736511107169,"idx":9},{"addr":140736511829909,"idx":10},{"addr":140736511477407,"idx":11},{"addr":140736511477284,"idx":12},{"addr":140736444544589,"idx":13},{"addr":140736447068215,"idx":14},{"addr":140736446402900,"idx":15},{"addr":140736445990966,"idx":16},{"addr":140736445990612,"idx":17},{"addr":140736445990034,"idx":18},{"addr":140736448620801,"idx":19},{"addr":140736446264535,"idx":20},{"addr":140736395570157,"idx":21},{"addr":140736395570087,"idx":22},{"addr":140736395460547,"idx":23},{"addr":140736395954798,"idx":24},{"addr":140736395379493,"idx":25},{"addr":140696088247311,"idx":26},{"addr":140696088445621,"idx":27},{"addr":140736897083607,"idx":28},{"addr":140736916996940,"idx":29}],,,,,,,18446708904722298224,,,,,,,,,,,,,,,,,,,,,,,,,,,,,,,,,,,,,,,,,,,,,,,,,,,,,,,,,,,,,,,,,,,,,,,,,,,,,,,,,,,,,,,,,,,,,,,,,,,,,,,,,,,,,,,,,
"2025-09-02 15:13:10.8593041Z","ETW","Microsoft-Windows-Kernel-File",10,"NameCreateInfo ",3816,17724,"explorer.exe",,,,"C:\Windows\SystemApps\MicrosoftWindows.Client.Core_cw5n1h2txyewy\appxmanifest.xml",,,,,,,,,,,,[{"addr":140736918204500,"idx":0},{"addr":140736872313753,"idx":1},{"addr":140736872309067,"idx":2},{"addr":140736511210306,"idx":3},{"addr":140736511207634,"idx":4},{"addr":140736511650579,"idx":5},{"addr":140736510699770,"idx":6},{"addr":140736510703039,"idx":7},{"addr":140736511108294,"idx":8},{"addr":140736511107169,"idx":9},{"addr":140736511829909,"idx":10},{"addr":140736511477407,"idx":11},{"addr":140736511477284,"idx":12},{"addr":140736444544589,"idx":13},{"addr":140736447068215,"idx":14},{"addr":140736446402900,"idx":15},{"addr":140736445990966,"idx":16},{"addr":140736445990612,"idx":17},{"addr":140736445990034,"idx":18},{"addr":140736448620801,"idx":19},{"addr":140736446264535,"idx":20},{"addr":140736395570157,"idx":21},{"addr":140736395570087,"idx":22},{"addr":140736395460547,"idx":23},{"addr":140736395954798,"idx":24},{"addr":140736395379493,"idx":25},{"addr":140696088247311,"idx":26},{"addr":140696088445621,"idx":27},{"addr":140736897083607,"idx":28},{"addr":140736916996940,"idx":29}],,,,,,,18446708904376896368,,,,,,,,,,,,,,,,,,,,,,,,,,,,,,,,,,,,,,,,,,,,,,,,,,,,,,,,,,,,,,,,,,,,,,,,,,,,,,,,,,,,,,,,,,,,,,,,,,,,,,,,,,,,,,,,,
"2025-09-02 15:13:10.8593724Z","ETW","Microsoft-Windows-Kernel-File",10,"NameCreateInfo ",3816,17724,"explorer.exe",,,,"C:\Windows\SystemApps\MicrosoftWindows.Client.Core_cw5n1h2txyewy\appxmanifest.xml:WofCompressedData",,,,,,,,,,,,[{"addr":140736918204500,"idx":0},{"addr":140736872313753,"idx":1},{"addr":140736872309067,"idx":2},{"addr":140736511210306,"idx":3},{"addr":140736511207634,"idx":4},{"addr":140736511650579,"idx":5},{"addr":140736510699770,"idx":6},{"addr":140736510703039,"idx":7},{"addr":140736511108294,"idx":8},{"addr":140736511107169,"idx":9},{"addr":140736511829909,"idx":10},{"addr":140736511477407,"idx":11},{"addr":140736511477284,"idx":12},{"addr":140736444544589,"idx":13},{"addr":140736447068215,"idx":14},{"addr":140736446402900,"idx":15},{"addr":140736445990966,"idx":16},{"addr":140736445990612,"idx":17},{"addr":140736445990034,"idx":18},{"addr":140736448620801,"idx":19},{"addr":140736446264535,"idx":20},{"addr":140736395570157,"idx":21},{"addr":140736395570087,"idx":22},{"addr":140736395460547,"idx":23},{"addr":140736395954798,"idx":24},{"addr":140736395379493,"idx":25},{"addr":140696088247311,"idx":26},{"addr":140696088445621,"idx":27},{"addr":140736897083607,"idx":28},{"addr":140736916996940,"idx":29}],,,,,,,18446708904722298224,,,,,,,,,,,,,,,,,,,,,,,,,,,,,,,,,,,,,,,,,,,,,,,,,,,,,,,,,,,,,,,,,,,,,,,,,,,,,,,,,,,,,,,,,,,,,,,,,,,,,,,,,,,,,,,,,
"2025-09-02 15:13:10.8596409Z","ETW","Microsoft-Windows-Kernel-File",10,"NameCreateInfo ",3816,17724,"explorer.exe",,,,"C:\Windows\SystemApps\MicrosoftWindows.Client.Core_cw5n1h2txyewy\appxmanifest.xml",,,,,,,,,,,,[{"addr":140736918204500,"idx":0},{"addr":140736872313753,"idx":1},{"addr":140736872309067,"idx":2},{"addr":140736511210306,"idx":3},{"addr":140736511207634,"idx":4},{"addr":140736511650579,"idx":5},{"addr":140736510699770,"idx":6},{"addr":140736510703039,"idx":7},{"addr":140736511108294,"idx":8},{"addr":140736511107169,"idx":9},{"addr":140736511829909,"idx":10},{"addr":140736511477407,"idx":11},{"addr":140736511477284,"idx":12},{"addr":140736444544589,"idx":13},{"addr":140736447068215,"idx":14},{"addr":140736446402900,"idx":15},{"addr":140736445990966,"idx":16},{"addr":140736445990612,"idx":17},{"addr":140736445990034,"idx":18},{"addr":140736448620801,"idx":19},{"addr":140736446264535,"idx":20},{"addr":140736395570157,"idx":21},{"addr":140736395570087,"idx":22},{"addr":140736395460547,"idx":23},{"addr":140736395954798,"idx":24},{"addr":140736395379493,"idx":25},{"addr":140696088247311,"idx":26},{"addr":140696088445621,"idx":27},{"addr":140736897083607,"idx":28},{"addr":140736916996940,"idx":29}],,,,,,,18446708904376896368,,,,,,,,,,,,,,,,,,,,,,,,,,,,,,,,,,,,,,,,,,,,,,,,,,,,,,,,,,,,,,,,,,,,,,,,,,,,,,,,,,,,,,,,,,,,,,,,,,,,,,,,,,,,,,,,,
"2025-09-02 15:13:10.8597230Z","ETW","Microsoft-Windows-Kernel-File",10,"NameCreateInfo ",3816,17724,"explorer.exe",,,,"C:\Windows\SystemApps\MicrosoftWindows.Client.Core_cw5n1h2txyewy\appxmanifest.xml:WofCompressedData",,,,,,,,,,,,[{"addr":140736918204500,"idx":0},{"addr":140736872313753,"idx":1},{"addr":140736872309067,"idx":2},{"addr":140736511210306,"idx":3},{"addr":140736511207634,"idx":4},{"addr":140736511650579,"idx":5},{"addr":140736510699770,"idx":6},{"addr":140736510703039,"idx":7},{"addr":140736511108294,"idx":8},{"addr":140736511107169,"idx":9},{"addr":140736511829909,"idx":10},{"addr":140736511477407,"idx":11},{"addr":140736511477284,"idx":12},{"addr":140736444544589,"idx":13},{"addr":140736447068215,"idx":14},{"addr":140736446402900,"idx":15},{"addr":140736445990966,"idx":16},{"addr":140736445990612,"idx":17},{"addr":140736445990034,"idx":18},{"addr":140736448620801,"idx":19},{"addr":140736446264535,"idx":20},{"addr":140736395570157,"idx":21},{"addr":140736395570087,"idx":22},{"addr":140736395460547,"idx":23},{"addr":140736395954798,"idx":24},{"addr":140736395379493,"idx":25},{"addr":140696088247311,"idx":26},{"addr":140696088445621,"idx":27},{"addr":140736897083607,"idx":28},{"addr":140736916996940,"idx":29}],,,,,,,18446708904722298224,,,,,,,,,,,,,,,,,,,,,,,,,,,,,,,,,,,,,,,,,,,,,,,,,,,,,,,,,,,,,,,,,,,,,,,,,,,,,,,,,,,,,,,,,,,,,,,,,,,,,,,,,,,,,,,,,
"2025-09-02 15:13:10.8600097Z","ETW","Microsoft-Windows-Kernel-File",10,"NameCreateInfo ",3816,17724,"explorer.exe",,,,"C:\Windows\SystemApps\MicrosoftWindows.Client.Core_cw5n1h2txyewy\appxmanifest.xml",,,,,,,,,,,,[{"addr":140736918204500,"idx":0},{"addr":140736872313753,"idx":1},{"addr":140736872309067,"idx":2},{"addr":140736511210306,"idx":3},{"addr":140736511207634,"idx":4},{"addr":140736511650579,"idx":5},{"addr":140736510699770,"idx":6},{"addr":140736510703039,"idx":7},{"addr":140736511108294,"idx":8},{"addr":140736511107169,"idx":9},{"addr":140736511829909,"idx":10},{"addr":140736511477407,"idx":11},{"addr":140736511477284,"idx":12},{"addr":140736444544589,"idx":13},{"addr":140736447068215,"idx":14},{"addr":140736446402900,"idx":15},{"addr":140736445990966,"idx":16},{"addr":140736445990612,"idx":17},{"addr":140736445990034,"idx":18},{"addr":140736448620801,"idx":19},{"addr":140736446264535,"idx":20},{"addr":140736395570157,"idx":21},{"addr":140736395570087,"idx":22},{"addr":140736395460547,"idx":23},{"addr":140736395954798,"idx":24},{"addr":140736395379493,"idx":25},{"addr":140696088247311,"idx":26},{"addr":140696088445621,"idx":27},{"addr":140736897083607,"idx":28},{"addr":140736916996940,"idx":29}],,,,,,,18446708904376896368,,,,,,,,,,,,,,,,,,,,,,,,,,,,,,,,,,,,,,,,,,,,,,,,,,,,,,,,,,,,,,,,,,,,,,,,,,,,,,,,,,,,,,,,,,,,,,,,,,,,,,,,,,,,,,,,,
"2025-09-02 15:13:10.8600777Z","ETW","Microsoft-Windows-Kernel-File",10,"NameCreateInfo ",3816,17724,"explorer.exe",,,,"C:\Windows\SystemApps\MicrosoftWindows.Client.Core_cw5n1h2txyewy\appxmanifest.xml:WofCompressedData",,,,,,,,,,,,[{"addr":140736918204500,"idx":0},{"addr":140736872313753,"idx":1},{"addr":140736872309067,"idx":2},{"addr":140736511210306,"idx":3},{"addr":140736511207634,"idx":4},{"addr":140736511650579,"idx":5},{"addr":140736510699770,"idx":6},{"addr":140736510703039,"idx":7},{"addr":140736511108294,"idx":8},{"addr":140736511107169,"idx":9},{"addr":140736511829909,"idx":10},{"addr":140736511477407,"idx":11},{"addr":140736511477284,"idx":12},{"addr":140736444544589,"idx":13},{"addr":140736447068215,"idx":14},{"addr":140736446402900,"idx":15},{"addr":140736445990966,"idx":16},{"addr":140736445990612,"idx":17},{"addr":140736445990034,"idx":18},{"addr":140736448620801,"idx":19},{"addr":140736446264535,"idx":20},{"addr":140736395570157,"idx":21},{"addr":140736395570087,"idx":22},{"addr":140736395460547,"idx":23},{"addr":140736395954798,"idx":24},{"addr":140736395379493,"idx":25},{"addr":140696088247311,"idx":26},{"addr":140696088445621,"idx":27},{"addr":140736897083607,"idx":28},{"addr":140736916996940,"idx":29}],,,,,,,18446708904722298224,,,,,,,,,,,,,,,,,,,,,,,,,,,,,,,,,,,,,,,,,,,,,,,,,,,,,,,,,,,,,,,,,,,,,,,,,,,,,,,,,,,,,,,,,,,,,,,,,,,,,,,,,,,,,,,,,
"2025-09-02 15:13:10.8603589Z","ETW","Microsoft-Windows-Kernel-File",10,"NameCreateInfo ",3816,17724,"explorer.exe",,,,"C:\Windows\SystemApps\MicrosoftWindows.Client.Core_cw5n1h2txyewy\appxmanifest.xml",,,,,,,,,,,,[{"addr":140736918204500,"idx":0},{"addr":140736872313753,"idx":1},{"addr":140736872309067,"idx":2},{"addr":140736511210306,"idx":3},{"addr":140736511207634,"idx":4},{"addr":140736511650579,"idx":5},{"addr":140736510699770,"idx":6},{"addr":140736510703039,"idx":7},{"addr":140736511108294,"idx":8},{"addr":140736511107169,"idx":9},{"addr":140736511829909,"idx":10},{"addr":140736511477407,"idx":11},{"addr":140736511477284,"idx":12},{"addr":140736444544589,"idx":13},{"addr":140736447068215,"idx":14},{"addr":140736446402900,"idx":15},{"addr":140736445990966,"idx":16},{"addr":140736445990612,"idx":17},{"addr":140736445990034,"idx":18},{"addr":140736448620801,"idx":19},{"addr":140736446264535,"idx":20},{"addr":140736395570157,"idx":21},{"addr":140736395570087,"idx":22},{"addr":140736395460547,"idx":23},{"addr":140736395954798,"idx":24},{"addr":140736395379493,"idx":25},{"addr":140696088247311,"idx":26},{"addr":140696088445621,"idx":27},{"addr":140736897083607,"idx":28},{"addr":140736916996940,"idx":29}],,,,,,,18446708904376896368,,,,,,,,,,,,,,,,,,,,,,,,,,,,,,,,,,,,,,,,,,,,,,,,,,,,,,,,,,,,,,,,,,,,,,,,,,,,,,,,,,,,,,,,,,,,,,,,,,,,,,,,,,,,,,,,,
"2025-09-02 15:13:10.8604273Z","ETW","Microsoft-Windows-Kernel-File",10,"NameCreateInfo ",3816,17724,"explorer.exe",,,,"C:\Windows\SystemApps\MicrosoftWindows.Client.Core_cw5n1h2txyewy\appxmanifest.xml:WofCompressedData",,,,,,,,,,,,[{"addr":140736918204500,"idx":0},{"addr":140736872313753,"idx":1},{"addr":140736872309067,"idx":2},{"addr":140736511210306,"idx":3},{"addr":140736511207634,"idx":4},{"addr":140736511650579,"idx":5},{"addr":140736510699770,"idx":6},{"addr":140736510703039,"idx":7},{"addr":140736511108294,"idx":8},{"addr":140736511107169,"idx":9},{"addr":140736511829909,"idx":10},{"addr":140736511477407,"idx":11},{"addr":140736511477284,"idx":12},{"addr":140736444544589,"idx":13},{"addr":140736447068215,"idx":14},{"addr":140736446402900,"idx":15},{"addr":140736445990966,"idx":16},{"addr":140736445990612,"idx":17},{"addr":140736445990034,"idx":18},{"addr":140736448620801,"idx":19},{"addr":140736446264535,"idx":20},{"addr":140736395570157,"idx":21},{"addr":140736395570087,"idx":22},{"addr":140736395460547,"idx":23},{"addr":140736395954798,"idx":24},{"addr":140736395379493,"idx":25},{"addr":140696088247311,"idx":26},{"addr":140696088445621,"idx":27},{"addr":140736897083607,"idx":28},{"addr":140736916996940,"idx":29}],,,,,,,18446708904722298224,,,,,,,,,,,,,,,,,,,,,,,,,,,,,,,,,,,,,,,,,,,,,,,,,,,,,,,,,,,,,,,,,,,,,,,,,,,,,,,,,,,,,,,,,,,,,,,,,,,,,,,,,,,,,,,,,
"2025-09-02 15:13:10.8607151Z","ETW","Microsoft-Windows-Kernel-File",10,"NameCreateInfo ",3816,17724,"explorer.exe",,,,"C:\Windows\SystemApps\MicrosoftWindows.Client.Core_cw5n1h2txyewy\appxmanifest.xml",,,,,,,,,,,,[{"addr":140736918204500,"idx":0},{"addr":140736872313753,"idx":1},{"addr":140736872309067,"idx":2},{"addr":140736511210306,"idx":3},{"addr":140736511207634,"idx":4},{"addr":140736511650579,"idx":5},{"addr":140736510699770,"idx":6},{"addr":140736510703039,"idx":7},{"addr":140736511108294,"idx":8},{"addr":140736511107169,"idx":9},{"addr":140736511829909,"idx":10},{"addr":140736511477407,"idx":11},{"addr":140736511477284,"idx":12},{"addr":140736444544589,"idx":13},{"addr":140736447068215,"idx":14},{"addr":140736446402900,"idx":15},{"addr":140736445990966,"idx":16},{"addr":140736445990612,"idx":17},{"addr":140736445990034,"idx":18},{"addr":140736448620801,"idx":19},{"addr":140736446264535,"idx":20},{"addr":140736395570157,"idx":21},{"addr":140736395570087,"idx":22},{"addr":140736395460547,"idx":23},{"addr":140736395954798,"idx":24},{"addr":140736395379493,"idx":25},{"addr":140696088247311,"idx":26},{"addr":140696088445621,"idx":27},{"addr":140736897083607,"idx":28},{"addr":140736916996940,"idx":29}],,,,,,,18446708904376896368,,,,,,,,,,,,,,,,,,,,,,,,,,,,,,,,,,,,,,,,,,,,,,,,,,,,,,,,,,,,,,,,,,,,,,,,,,,,,,,,,,,,,,,,,,,,,,,,,,,,,,,,,,,,,,,,,
"2025-09-02 15:13:10.8607842Z","ETW","Microsoft-Windows-Kernel-File",10,"NameCreateInfo ",3816,17724,"explorer.exe",,,,"C:\Windows\SystemApps\MicrosoftWindows.Client.Core_cw5n1h2txyewy\appxmanifest.xml:WofCompressedData",,,,,,,,,,,,[{"addr":140736918204500,"idx":0},{"addr":140736872313753,"idx":1},{"addr":140736872309067,"idx":2},{"addr":140736511210306,"idx":3},{"addr":140736511207634,"idx":4},{"addr":140736511650579,"idx":5},{"addr":140736510699770,"idx":6},{"addr":140736510703039,"idx":7},{"addr":140736511108294,"idx":8},{"addr":140736511107169,"idx":9},{"addr":140736511829909,"idx":10},{"addr":140736511477407,"idx":11},{"addr":140736511477284,"idx":12},{"addr":140736444544589,"idx":13},{"addr":140736447068215,"idx":14},{"addr":140736446402900,"idx":15},{"addr":140736445990966,"idx":16},{"addr":140736445990612,"idx":17},{"addr":140736445990034,"idx":18},{"addr":140736448620801,"idx":19},{"addr":140736446264535,"idx":20},{"addr":140736395570157,"idx":21},{"addr":140736395570087,"idx":22},{"addr":140736395460547,"idx":23},{"addr":140736395954798,"idx":24},{"addr":140736395379493,"idx":25},{"addr":140696088247311,"idx":26},{"addr":140696088445621,"idx":27},{"addr":140736897083607,"idx":28},{"addr":140736916996940,"idx":29}],,,,,,,18446708904722298224,,,,,,,,,,,,,,,,,,,,,,,,,,,,,,,,,,,,,,,,,,,,,,,,,,,,,,,,,,,,,,,,,,,,,,,,,,,,,,,,,,,,,,,,,,,,,,,,,,,,,,,,,,,,,,,,,
"2025-09-02 15:13:10.8610727Z","ETW","Microsoft-Windows-Kernel-File",10,"NameCreateInfo ",3816,17724,"explorer.exe",,,,"C:\Windows\SystemApps\MicrosoftWindows.Client.Core_cw5n1h2txyewy\appxmanifest.xml",,,,,,,,,,,,[{"addr":140736918204500,"idx":0},{"addr":140736872313753,"idx":1},{"addr":140736872309067,"idx":2},{"addr":140736511210306,"idx":3},{"addr":140736511207634,"idx":4},{"addr":140736511650579,"idx":5},{"addr":140736510699770,"idx":6},{"addr":140736510703039,"idx":7},{"addr":140736511108294,"idx":8},{"addr":140736511107169,"idx":9},{"addr":140736511829909,"idx":10},{"addr":140736511477407,"idx":11},{"addr":140736511477284,"idx":12},{"addr":140736444544589,"idx":13},{"addr":140736447068215,"idx":14},{"addr":140736446402900,"idx":15},{"addr":140736445990966,"idx":16},{"addr":140736445990612,"idx":17},{"addr":140736445990034,"idx":18},{"addr":140736448620801,"idx":19},{"addr":140736446264535,"idx":20},{"addr":140736395570157,"idx":21},{"addr":140736395570087,"idx":22},{"addr":140736395460547,"idx":23},{"addr":140736395954798,"idx":24},{"addr":140736395379493,"idx":25},{"addr":140696088247311,"idx":26},{"addr":140696088445621,"idx":27},{"addr":140736897083607,"idx":28},{"addr":140736916996940,"idx":29}],,,,,,,18446708904376896368,,,,,,,,,,,,,,,,,,,,,,,,,,,,,,,,,,,,,,,,,,,,,,,,,,,,,,,,,,,,,,,,,,,,,,,,,,,,,,,,,,,,,,,,,,,,,,,,,,,,,,,,,,,,,,,,,
"2025-09-02 15:13:10.8611400Z","ETW","Microsoft-Windows-Kernel-File",10,"NameCreateInfo ",3816,17724,"explorer.exe",,,,"C:\Windows\SystemApps\MicrosoftWindows.Client.Core_cw5n1h2txyewy\appxmanifest.xml:WofCompressedData",,,,,,,,,,,,[{"addr":140736918204500,"idx":0},{"addr":140736872313753,"idx":1},{"addr":140736872309067,"idx":2},{"addr":140736511210306,"idx":3},{"addr":140736511207634,"idx":4},{"addr":140736511650579,"idx":5},{"addr":140736510699770,"idx":6},{"addr":140736510703039,"idx":7},{"addr":140736511108294,"idx":8},{"addr":140736511107169,"idx":9},{"addr":140736511829909,"idx":10},{"addr":140736511477407,"idx":11},{"addr":140736511477284,"idx":12},{"addr":140736444544589,"idx":13},{"addr":140736447068215,"idx":14},{"addr":140736446402900,"idx":15},{"addr":140736445990966,"idx":16},{"addr":140736445990612,"idx":17},{"addr":140736445990034,"idx":18},{"addr":140736448620801,"idx":19},{"addr":140736446264535,"idx":20},{"addr":140736395570157,"idx":21},{"addr":140736395570087,"idx":22},{"addr":140736395460547,"idx":23},{"addr":140736395954798,"idx":24},{"addr":140736395379493,"idx":25},{"addr":140696088247311,"idx":26},{"addr":140696088445621,"idx":27},{"addr":140736897083607,"idx":28},{"addr":140736916996940,"idx":29}],,,,,,,18446708904722298224,,,,,,,,,,,,,,,,,,,,,,,,,,,,,,,,,,,,,,,,,,,,,,,,,,,,,,,,,,,,,,,,,,,,,,,,,,,,,,,,,,,,,,,,,,,,,,,,,,,,,,,,,,,,,,,,,
"2025-09-02 15:13:10.8614049Z","ETW","Microsoft-Windows-Kernel-File",10,"NameCreateInfo ",3816,17724,"explorer.exe",,,,"C:\Windows\SystemApps\MicrosoftWindows.Client.Core_cw5n1h2txyewy\appxmanifest.xml",,,,,,,,,,,,[{"addr":140736918204500,"idx":0},{"addr":140736872313753,"idx":1},{"addr":140736872309067,"idx":2},{"addr":140736511210306,"idx":3},{"addr":140736511207634,"idx":4},{"addr":140736511650579,"idx":5},{"addr":140736510699770,"idx":6},{"addr":140736510703039,"idx":7},{"addr":140736511108294,"idx":8},{"addr":140736511107169,"idx":9},{"addr":140736511829909,"idx":10},{"addr":140736511477407,"idx":11},{"addr":140736511477284,"idx":12},{"addr":140736444544589,"idx":13},{"addr":140736447068215,"idx":14},{"addr":140736446402900,"idx":15},{"addr":140736445990966,"idx":16},{"addr":140736445990612,"idx":17},{"addr":140736445990034,"idx":18},{"addr":140736448620801,"idx":19},{"addr":140736446264535,"idx":20},{"addr":140736395570157,"idx":21},{"addr":140736395570087,"idx":22},{"addr":140736395460547,"idx":23},{"addr":140736395954798,"idx":24},{"addr":140736395379493,"idx":25},{"addr":140696088247311,"idx":26},{"addr":140696088445621,"idx":27},{"addr":140736897083607,"idx":28},{"addr":140736916996940,"idx":29}],,,,,,,18446708904376896368,,,,,,,,,,,,,,,,,,,,,,,,,,,,,,,,,,,,,,,,,,,,,,,,,,,,,,,,,,,,,,,,,,,,,,,,,,,,,,,,,,,,,,,,,,,,,,,,,,,,,,,,,,,,,,,,,
"2025-09-02 15:13:10.8614718Z","ETW","Microsoft-Windows-Kernel-File",10,"NameCreateInfo ",3816,17724,"explorer.exe",,,,"C:\Windows\SystemApps\MicrosoftWindows.Client.Core_cw5n1h2txyewy\appxmanifest.xml:WofCompressedData",,,,,,,,,,,,[{"addr":140736918204500,"idx":0},{"addr":140736872313753,"idx":1},{"addr":140736872309067,"idx":2},{"addr":140736511210306,"idx":3},{"addr":140736511207634,"idx":4},{"addr":140736511650579,"idx":5},{"addr":140736510699770,"idx":6},{"addr":140736510703039,"idx":7},{"addr":140736511108294,"idx":8},{"addr":140736511107169,"idx":9},{"addr":140736511829909,"idx":10},{"addr":140736511477407,"idx":11},{"addr":140736511477284,"idx":12},{"addr":140736444544589,"idx":13},{"addr":140736447068215,"idx":14},{"addr":140736446402900,"idx":15},{"addr":140736445990966,"idx":16},{"addr":140736445990612,"idx":17},{"addr":140736445990034,"idx":18},{"addr":140736448620801,"idx":19},{"addr":140736446264535,"idx":20},{"addr":140736395570157,"idx":21},{"addr":140736395570087,"idx":22},{"addr":140736395460547,"idx":23},{"addr":140736395954798,"idx":24},{"addr":140736395379493,"idx":25},{"addr":140696088247311,"idx":26},{"addr":140696088445621,"idx":27},{"addr":140736897083607,"idx":28},{"addr":140736916996940,"idx":29}],,,,,,,18446708904722298224,,,,,,,,,,,,,,,,,,,,,,,,,,,,,,,,,,,,,,,,,,,,,,,,,,,,,,,,,,,,,,,,,,,,,,,,,,,,,,,,,,,,,,,,,,,,,,,,,,,,,,,,,,,,,,,,,
"2025-09-02 15:13:10.8617572Z","ETW","Microsoft-Windows-Kernel-File",10,"NameCreateInfo ",3816,17724,"explorer.exe",,,,"C:\Windows\SystemApps\MicrosoftWindows.Client.Core_cw5n1h2txyewy\appxmanifest.xml",,,,,,,,,,,,[{"addr":140736918204500,"idx":0},{"addr":140736872313753,"idx":1},{"addr":140736872309067,"idx":2},{"addr":140736511210306,"idx":3},{"addr":140736511207634,"idx":4},{"addr":140736511650579,"idx":5},{"addr":140736510699770,"idx":6},{"addr":140736510703039,"idx":7},{"addr":140736511108294,"idx":8},{"addr":140736511107169,"idx":9},{"addr":140736511829909,"idx":10},{"addr":140736511477407,"idx":11},{"addr":140736511477284,"idx":12},{"addr":140736444544589,"idx":13},{"addr":140736447068215,"idx":14},{"addr":140736446402900,"idx":15},{"addr":140736445990966,"idx":16},{"addr":140736445990612,"idx":17},{"addr":140736445990034,"idx":18},{"addr":140736448620801,"idx":19},{"addr":140736446264535,"idx":20},{"addr":140736395570157,"idx":21},{"addr":140736395570087,"idx":22},{"addr":140736395460547,"idx":23},{"addr":140736395954798,"idx":24},{"addr":140736395379493,"idx":25},{"addr":140696088247311,"idx":26},{"addr":140696088445621,"idx":27},{"addr":140736897083607,"idx":28},{"addr":140736916996940,"idx":29}],,,,,,,18446708904376896368,,,,,,,,,,,,,,,,,,,,,,,,,,,,,,,,,,,,,,,,,,,,,,,,,,,,,,,,,,,,,,,,,,,,,,,,,,,,,,,,,,,,,,,,,,,,,,,,,,,,,,,,,,,,,,,,,
"2025-09-02 15:13:10.8618255Z","ETW","Microsoft-Windows-Kernel-File",10,"NameCreateInfo ",3816,17724,"explorer.exe",,,,"C:\Windows\SystemApps\MicrosoftWindows.Client.Core_cw5n1h2txyewy\appxmanifest.xml:WofCompressedData",,,,,,,,,,,,[{"addr":140736918204500,"idx":0},{"addr":140736872313753,"idx":1},{"addr":140736872309067,"idx":2},{"addr":140736511210306,"idx":3},{"addr":140736511207634,"idx":4},{"addr":140736511650579,"idx":5},{"addr":140736510699770,"idx":6},{"addr":140736510703039,"idx":7},{"addr":140736511108294,"idx":8},{"addr":140736511107169,"idx":9},{"addr":140736511829909,"idx":10},{"addr":140736511477407,"idx":11},{"addr":140736511477284,"idx":12},{"addr":140736444544589,"idx":13},{"addr":140736447068215,"idx":14},{"addr":140736446402900,"idx":15},{"addr":140736445990966,"idx":16},{"addr":140736445990612,"idx":17},{"addr":140736445990034,"idx":18},{"addr":140736448620801,"idx":19},{"addr":140736446264535,"idx":20},{"addr":140736395570157,"idx":21},{"addr":140736395570087,"idx":22},{"addr":140736395460547,"idx":23},{"addr":140736395954798,"idx":24},{"addr":140736395379493,"idx":25},{"addr":140696088247311,"idx":26},{"addr":140696088445621,"idx":27},{"addr":140736897083607,"idx":28},{"addr":140736916996940,"idx":29}],,,,,,,18446708904722298224,,,,,,,,,,,,,,,,,,,,,,,,,,,,,,,,,,,,,,,,,,,,,,,,,,,,,,,,,,,,,,,,,,,,,,,,,,,,,,,,,,,,,,,,,,,,,,,,,,,,,,,,,,,,,,,,,
"2025-09-02 15:13:10.8621121Z","ETW","Microsoft-Windows-Kernel-File",10,"NameCreateInfo ",3816,17724,"explorer.exe",,,,"C:\Windows\SystemApps\MicrosoftWindows.Client.Core_cw5n1h2txyewy\appxmanifest.xml",,,,,,,,,,,,[{"addr":140736918204500,"idx":0},{"addr":140736872313753,"idx":1},{"addr":140736872309067,"idx":2},{"addr":140736511210306,"idx":3},{"addr":140736511207634,"idx":4},{"addr":140736511650579,"idx":5},{"addr":140736510699770,"idx":6},{"addr":140736510703039,"idx":7},{"addr":140736511108294,"idx":8},{"addr":140736511107169,"idx":9},{"addr":140736511829909,"idx":10},{"addr":140736511477407,"idx":11},{"addr":140736511477284,"idx":12},{"addr":140736444544589,"idx":13},{"addr":140736447068215,"idx":14},{"addr":140736446402900,"idx":15},{"addr":140736445990966,"idx":16},{"addr":140736445990612,"idx":17},{"addr":140736445990034,"idx":18},{"addr":140736448620801,"idx":19},{"addr":140736446264535,"idx":20},{"addr":140736395570157,"idx":21},{"addr":140736395570087,"idx":22},{"addr":140736395460547,"idx":23},{"addr":140736395954798,"idx":24},{"addr":140736395379493,"idx":25},{"addr":140696088247311,"idx":26},{"addr":140696088445621,"idx":27},{"addr":140736897083607,"idx":28},{"addr":140736916996940,"idx":29}],,,,,,,18446708904376896368,,,,,,,,,,,,,,,,,,,,,,,,,,,,,,,,,,,,,,,,,,,,,,,,,,,,,,,,,,,,,,,,,,,,,,,,,,,,,,,,,,,,,,,,,,,,,,,,,,,,,,,,,,,,,,,,,
"2025-09-02 15:13:10.8621823Z","ETW","Microsoft-Windows-Kernel-File",10,"NameCreateInfo ",3816,17724,"explorer.exe",,,,"C:\Windows\SystemApps\MicrosoftWindows.Client.Core_cw5n1h2txyewy\appxmanifest.xml:WofCompressedData",,,,,,,,,,,,[{"addr":140736918204500,"idx":0},{"addr":140736872313753,"idx":1},{"addr":140736872309067,"idx":2},{"addr":140736511210306,"idx":3},{"addr":140736511207634,"idx":4},{"addr":140736511650579,"idx":5},{"addr":140736510699770,"idx":6},{"addr":140736510703039,"idx":7},{"addr":140736511108294,"idx":8},{"addr":140736511107169,"idx":9},{"addr":140736511829909,"idx":10},{"addr":140736511477407,"idx":11},{"addr":140736511477284,"idx":12},{"addr":140736444544589,"idx":13},{"addr":140736447068215,"idx":14},{"addr":140736446402900,"idx":15},{"addr":140736445990966,"idx":16},{"addr":140736445990612,"idx":17},{"addr":140736445990034,"idx":18},{"addr":140736448620801,"idx":19},{"addr":140736446264535,"idx":20},{"addr":140736395570157,"idx":21},{"addr":140736395570087,"idx":22},{"addr":140736395460547,"idx":23},{"addr":140736395954798,"idx":24},{"addr":140736395379493,"idx":25},{"addr":140696088247311,"idx":26},{"addr":140696088445621,"idx":27},{"addr":140736897083607,"idx":28},{"addr":140736916996940,"idx":29}],,,,,,,18446708904722298224,,,,,,,,,,,,,,,,,,,,,,,,,,,,,,,,,,,,,,,,,,,,,,,,,,,,,,,,,,,,,,,,,,,,,,,,,,,,,,,,,,,,,,,,,,,,,,,,,,,,,,,,,,,,,,,,,
"2025-09-02 15:13:10.8624577Z","ETW","Microsoft-Windows-Kernel-File",10,"NameCreateInfo ",3816,17724,"explorer.exe",,,,"C:\Windows\SystemApps\MicrosoftWindows.Client.Core_cw5n1h2txyewy\appxmanifest.xml",,,,,,,,,,,,[{"addr":140736918204500,"idx":0},{"addr":140736872313753,"idx":1},{"addr":140736872309067,"idx":2},{"addr":140736511210306,"idx":3},{"addr":140736511207634,"idx":4},{"addr":140736511650579,"idx":5},{"addr":140736510699770,"idx":6},{"addr":140736510703039,"idx":7},{"addr":140736511108294,"idx":8},{"addr":140736511107169,"idx":9},{"addr":140736511829909,"idx":10},{"addr":140736511477407,"idx":11},{"addr":140736511477284,"idx":12},{"addr":140736444544589,"idx":13},{"addr":140736447068215,"idx":14},{"addr":140736446402900,"idx":15},{"addr":140736445990966,"idx":16},{"addr":140736445990612,"idx":17},{"addr":140736445990034,"idx":18},{"addr":140736448620801,"idx":19},{"addr":140736446264535,"idx":20},{"addr":140736395570157,"idx":21},{"addr":140736395570087,"idx":22},{"addr":140736395460547,"idx":23},{"addr":140736395954798,"idx":24},{"addr":140736395379493,"idx":25},{"addr":140696088247311,"idx":26},{"addr":140696088445621,"idx":27},{"addr":140736897083607,"idx":28},{"addr":140736916996940,"idx":29}],,,,,,,18446708904376896368,,,,,,,,,,,,,,,,,,,,,,,,,,,,,,,,,,,,,,,,,,,,,,,,,,,,,,,,,,,,,,,,,,,,,,,,,,,,,,,,,,,,,,,,,,,,,,,,,,,,,,,,,,,,,,,,,
"2025-09-02 15:13:10.8625253Z","ETW","Microsoft-Windows-Kernel-File",10,"NameCreateInfo ",3816,17724,"explorer.exe",,,,"C:\Windows\SystemApps\MicrosoftWindows.Client.Core_cw5n1h2txyewy\appxmanifest.xml:WofCompressedData",,,,,,,,,,,,[{"addr":140736918204500,"idx":0},{"addr":140736872313753,"idx":1},{"addr":140736872309067,"idx":2},{"addr":140736511210306,"idx":3},{"addr":140736511207634,"idx":4},{"addr":140736511650579,"idx":5},{"addr":140736510699770,"idx":6},{"addr":140736510703039,"idx":7},{"addr":140736511108294,"idx":8},{"addr":140736511107169,"idx":9},{"addr":140736511829909,"idx":10},{"addr":140736511477407,"idx":11},{"addr":140736511477284,"idx":12},{"addr":140736444544589,"idx":13},{"addr":140736447068215,"idx":14},{"addr":140736446402900,"idx":15},{"addr":140736445990966,"idx":16},{"addr":140736445990612,"idx":17},{"addr":140736445990034,"idx":18},{"addr":140736448620801,"idx":19},{"addr":140736446264535,"idx":20},{"addr":140736395570157,"idx":21},{"addr":140736395570087,"idx":22},{"addr":140736395460547,"idx":23},{"addr":140736395954798,"idx":24},{"addr":140736395379493,"idx":25},{"addr":140696088247311,"idx":26},{"addr":140696088445621,"idx":27},{"addr":140736897083607,"idx":28},{"addr":140736916996940,"idx":29}],,,,,,,18446708904722298224,,,,,,,,,,,,,,,,,,,,,,,,,,,,,,,,,,,,,,,,,,,,,,,,,,,,,,,,,,,,,,,,,,,,,,,,,,,,,,,,,,,,,,,,,,,,,,,,,,,,,,,,,,,,,,,,,
"2025-09-02 15:13:10.8629369Z","ETW","Microsoft-Windows-Kernel-File",10,"NameCreateInfo ",3816,17724,"explorer.exe",,,,"C:\Windows\SystemApps\MicrosoftWindows.Client.Core_cw5n1h2txyewy\appxmanifest.xml",,,,,,,,,,,,[{"addr":140736918204500,"idx":0},{"addr":140736872313753,"idx":1},{"addr":140736872309067,"idx":2},{"addr":140736511210306,"idx":3},{"addr":140736511207634,"idx":4},{"addr":140736511650579,"idx":5},{"addr":140736510699770,"idx":6},{"addr":140736510703039,"idx":7},{"addr":140736511108294,"idx":8},{"addr":140736511107169,"idx":9},{"addr":140736511829909,"idx":10},{"addr":140736511477407,"idx":11},{"addr":140736511477284,"idx":12},{"addr":140736444544589,"idx":13},{"addr":140736447068215,"idx":14},{"addr":140736446402900,"idx":15},{"addr":140736445990966,"idx":16},{"addr":140736445990612,"idx":17},{"addr":140736445990034,"idx":18},{"addr":140736448620801,"idx":19},{"addr":140736446264535,"idx":20},{"addr":140736395570157,"idx":21},{"addr":140736395570087,"idx":22},{"addr":140736395460547,"idx":23},{"addr":140736395954798,"idx":24},{"addr":140736395379493,"idx":25},{"addr":140696088247311,"idx":26},{"addr":140696088445621,"idx":27},{"addr":140736897083607,"idx":28},{"addr":140736916996940,"idx":29}],,,,,,,18446708904376896368,,,,,,,,,,,,,,,,,,,,,,,,,,,,,,,,,,,,,,,,,,,,,,,,,,,,,,,,,,,,,,,,,,,,,,,,,,,,,,,,,,,,,,,,,,,,,,,,,,,,,,,,,,,,,,,,,
"2025-09-02 15:13:10.8630509Z","ETW","Microsoft-Windows-Kernel-File",10,"NameCreateInfo ",3816,17724,"explorer.exe",,,,"C:\Windows\SystemApps\MicrosoftWindows.Client.Core_cw5n1h2txyewy\appxmanifest.xml:WofCompressedData",,,,,,,,,,,,[{"addr":140736918204500,"idx":0},{"addr":140736872313753,"idx":1},{"addr":140736872309067,"idx":2},{"addr":140736511210306,"idx":3},{"addr":140736511207634,"idx":4},{"addr":140736511650579,"idx":5},{"addr":140736510699770,"idx":6},{"addr":140736510703039,"idx":7},{"addr":140736511108294,"idx":8},{"addr":140736511107169,"idx":9},{"addr":140736511829909,"idx":10},{"addr":140736511477407,"idx":11},{"addr":140736511477284,"idx":12},{"addr":140736444544589,"idx":13},{"addr":140736447068215,"idx":14},{"addr":140736446402900,"idx":15},{"addr":140736445990966,"idx":16},{"addr":140736445990612,"idx":17},{"addr":140736445990034,"idx":18},{"addr":140736448620801,"idx":19},{"addr":140736446264535,"idx":20},{"addr":140736395570157,"idx":21},{"addr":140736395570087,"idx":22},{"addr":140736395460547,"idx":23},{"addr":140736395954798,"idx":24},{"addr":140736395379493,"idx":25},{"addr":140696088247311,"idx":26},{"addr":140696088445621,"idx":27},{"addr":140736897083607,"idx":28},{"addr":140736916996940,"idx":29}],,,,,,,18446708904722298224,,,,,,,,,,,,,,,,,,,,,,,,,,,,,,,,,,,,,,,,,,,,,,,,,,,,,,,,,,,,,,,,,,,,,,,,,,,,,,,,,,,,,,,,,,,,,,,,,,,,,,,,,,,,,,,,,
"2025-09-02 15:13:10.8633508Z","ETW","Microsoft-Windows-Kernel-File",10,"NameCreateInfo ",3816,17724,"explorer.exe",,,,"C:\Windows\SystemApps\MicrosoftWindows.Client.Core_cw5n1h2txyewy\appxmanifest.xml",,,,,,,,,,,,[{"addr":140736918204500,"idx":0},{"addr":140736872313753,"idx":1},{"addr":140736872309067,"idx":2},{"addr":140736511210306,"idx":3},{"addr":140736511207634,"idx":4},{"addr":140736511650579,"idx":5},{"addr":140736510699770,"idx":6},{"addr":140736510703039,"idx":7},{"addr":140736511108294,"idx":8},{"addr":140736511107169,"idx":9},{"addr":140736511829909,"idx":10},{"addr":140736511477407,"idx":11},{"addr":140736511477284,"idx":12},{"addr":140736444544589,"idx":13},{"addr":140736447068215,"idx":14},{"addr":140736446402900,"idx":15},{"addr":140736445990966,"idx":16},{"addr":140736445990612,"idx":17},{"addr":140736445990034,"idx":18},{"addr":140736448620801,"idx":19},{"addr":140736446264535,"idx":20},{"addr":140736395570157,"idx":21},{"addr":140736395570087,"idx":22},{"addr":140736395460547,"idx":23},{"addr":140736395954798,"idx":24},{"addr":140736395379493,"idx":25},{"addr":140696088247311,"idx":26},{"addr":140696088445621,"idx":27},{"addr":140736897083607,"idx":28},{"addr":140736916996940,"idx":29}],,,,,,,18446708904376896368,,,,,,,,,,,,,,,,,,,,,,,,,,,,,,,,,,,,,,,,,,,,,,,,,,,,,,,,,,,,,,,,,,,,,,,,,,,,,,,,,,,,,,,,,,,,,,,,,,,,,,,,,,,,,,,,,
"2025-09-02 15:13:10.8634190Z","ETW","Microsoft-Windows-Kernel-File",10,"NameCreateInfo ",3816,17724,"explorer.exe",,,,"C:\Windows\SystemApps\MicrosoftWindows.Client.Core_cw5n1h2txyewy\appxmanifest.xml:WofCompressedData",,,,,,,,,,,,[{"addr":140736918204500,"idx":0},{"addr":140736872313753,"idx":1},{"addr":140736872309067,"idx":2},{"addr":140736511210306,"idx":3},{"addr":140736511207634,"idx":4},{"addr":140736511650579,"idx":5},{"addr":140736510699770,"idx":6},{"addr":140736510703039,"idx":7},{"addr":140736511108294,"idx":8},{"addr":140736511107169,"idx":9},{"addr":140736511829909,"idx":10},{"addr":140736511477407,"idx":11},{"addr":140736511477284,"idx":12},{"addr":140736444544589,"idx":13},{"addr":140736447068215,"idx":14},{"addr":140736446402900,"idx":15},{"addr":140736445990966,"idx":16},{"addr":140736445990612,"idx":17},{"addr":140736445990034,"idx":18},{"addr":140736448620801,"idx":19},{"addr":140736446264535,"idx":20},{"addr":140736395570157,"idx":21},{"addr":140736395570087,"idx":22},{"addr":140736395460547,"idx":23},{"addr":140736395954798,"idx":24},{"addr":140736395379493,"idx":25},{"addr":140696088247311,"idx":26},{"addr":140696088445621,"idx":27},{"addr":140736897083607,"idx":28},{"addr":140736916996940,"idx":29}],,,,,,,18446708904722298224,,,,,,,,,,,,,,,,,,,,,,,,,,,,,,,,,,,,,,,,,,,,,,,,,,,,,,,,,,,,,,,,,,,,,,,,,,,,,,,,,,,,,,,,,,,,,,,,,,,,,,,,,,,,,,,,,
"2025-09-02 15:13:10.8637100Z","ETW","Microsoft-Windows-Kernel-File",10,"NameCreateInfo ",3816,17724,"explorer.exe",,,,"C:\Windows\SystemApps\MicrosoftWindows.Client.Core_cw5n1h2txyewy\appxmanifest.xml",,,,,,,,,,,,[{"addr":140736918204500,"idx":0},{"addr":140736872313753,"idx":1},{"addr":140736872309067,"idx":2},{"addr":140736511210306,"idx":3},{"addr":140736511207634,"idx":4},{"addr":140736511650579,"idx":5},{"addr":140736510699770,"idx":6},{"addr":140736510703039,"idx":7},{"addr":140736511108294,"idx":8},{"addr":140736511107169,"idx":9},{"addr":140736511829909,"idx":10},{"addr":140736511477407,"idx":11},{"addr":140736511477284,"idx":12},{"addr":140736444544589,"idx":13},{"addr":140736447068215,"idx":14},{"addr":140736446402900,"idx":15},{"addr":140736445990966,"idx":16},{"addr":140736445990612,"idx":17},{"addr":140736445990034,"idx":18},{"addr":140736448620801,"idx":19},{"addr":140736446264535,"idx":20},{"addr":140736395570157,"idx":21},{"addr":140736395570087,"idx":22},{"addr":140736395460547,"idx":23},{"addr":140736395954798,"idx":24},{"addr":140736395379493,"idx":25},{"addr":140696088247311,"idx":26},{"addr":140696088445621,"idx":27},{"addr":140736897083607,"idx":28},{"addr":140736916996940,"idx":29}],,,,,,,18446708904376896368,,,,,,,,,,,,,,,,,,,,,,,,,,,,,,,,,,,,,,,,,,,,,,,,,,,,,,,,,,,,,,,,,,,,,,,,,,,,,,,,,,,,,,,,,,,,,,,,,,,,,,,,,,,,,,,,,
"2025-09-02 15:13:10.8637801Z","ETW","Microsoft-Windows-Kernel-File",10,"NameCreateInfo ",3816,17724,"explorer.exe",,,,"C:\Windows\SystemApps\MicrosoftWindows.Client.Core_cw5n1h2txyewy\appxmanifest.xml:WofCompressedData",,,,,,,,,,,,[{"addr":140736918204500,"idx":0},{"addr":140736872313753,"idx":1},{"addr":140736872309067,"idx":2},{"addr":140736511210306,"idx":3},{"addr":140736511207634,"idx":4},{"addr":140736511650579,"idx":5},{"addr":140736510699770,"idx":6},{"addr":140736510703039,"idx":7},{"addr":140736511108294,"idx":8},{"addr":140736511107169,"idx":9},{"addr":140736511829909,"idx":10},{"addr":140736511477407,"idx":11},{"addr":140736511477284,"idx":12},{"addr":140736444544589,"idx":13},{"addr":140736447068215,"idx":14},{"addr":140736446402900,"idx":15},{"addr":140736445990966,"idx":16},{"addr":140736445990612,"idx":17},{"addr":140736445990034,"idx":18},{"addr":140736448620801,"idx":19},{"addr":140736446264535,"idx":20},{"addr":140736395570157,"idx":21},{"addr":140736395570087,"idx":22},{"addr":140736395460547,"idx":23},{"addr":140736395954798,"idx":24},{"addr":140736395379493,"idx":25},{"addr":140696088247311,"idx":26},{"addr":140696088445621,"idx":27},{"addr":140736897083607,"idx":28},{"addr":140736916996940,"idx":29}],,,,,,,18446708904722298224,,,,,,,,,,,,,,,,,,,,,,,,,,,,,,,,,,,,,,,,,,,,,,,,,,,,,,,,,,,,,,,,,,,,,,,,,,,,,,,,,,,,,,,,,,,,,,,,,,,,,,,,,,,,,,,,,
"2025-09-02 15:13:10.8640762Z","ETW","Microsoft-Windows-Kernel-File",10,"NameCreateInfo ",3816,17724,"explorer.exe",,,,"C:\Windows\SystemApps\MicrosoftWindows.Client.Core_cw5n1h2txyewy\appxmanifest.xml",,,,,,,,,,,,[{"addr":140736918204500,"idx":0},{"addr":140736872313753,"idx":1},{"addr":140736872309067,"idx":2},{"addr":140736511210306,"idx":3},{"addr":140736511207634,"idx":4},{"addr":140736511650579,"idx":5},{"addr":140736510699770,"idx":6},{"addr":140736510703039,"idx":7},{"addr":140736511108294,"idx":8},{"addr":140736511107169,"idx":9},{"addr":140736511829909,"idx":10},{"addr":140736511477407,"idx":11},{"addr":140736511477284,"idx":12},{"addr":140736444544589,"idx":13},{"addr":140736447068215,"idx":14},{"addr":140736446402900,"idx":15},{"addr":140736445990966,"idx":16},{"addr":140736445990612,"idx":17},{"addr":140736445990034,"idx":18},{"addr":140736448620801,"idx":19},{"addr":140736446264535,"idx":20},{"addr":140736395570157,"idx":21},{"addr":140736395570087,"idx":22},{"addr":140736395460547,"idx":23},{"addr":140736395954798,"idx":24},{"addr":140736395379493,"idx":25},{"addr":140696088247311,"idx":26},{"addr":140696088445621,"idx":27},{"addr":140736897083607,"idx":28},{"addr":140736916996940,"idx":29}],,,,,,,18446708904376896368,,,,,,,,,,,,,,,,,,,,,,,,,,,,,,,,,,,,,,,,,,,,,,,,,,,,,,,,,,,,,,,,,,,,,,,,,,,,,,,,,,,,,,,,,,,,,,,,,,,,,,,,,,,,,,,,,
"2025-09-02 15:13:10.8641438Z","ETW","Microsoft-Windows-Kernel-File",10,"NameCreateInfo ",3816,17724,"explorer.exe",,,,"C:\Windows\SystemApps\MicrosoftWindows.Client.Core_cw5n1h2txyewy\appxmanifest.xml:WofCompressedData",,,,,,,,,,,,[{"addr":140736918204500,"idx":0},{"addr":140736872313753,"idx":1},{"addr":140736872309067,"idx":2},{"addr":140736511210306,"idx":3},{"addr":140736511207634,"idx":4},{"addr":140736511650579,"idx":5},{"addr":140736510699770,"idx":6},{"addr":140736510703039,"idx":7},{"addr":140736511108294,"idx":8},{"addr":140736511107169,"idx":9},{"addr":140736511829909,"idx":10},{"addr":140736511477407,"idx":11},{"addr":140736511477284,"idx":12},{"addr":140736444544589,"idx":13},{"addr":140736447068215,"idx":14},{"addr":140736446402900,"idx":15},{"addr":140736445990966,"idx":16},{"addr":140736445990612,"idx":17},{"addr":140736445990034,"idx":18},{"addr":140736448620801,"idx":19},{"addr":140736446264535,"idx":20},{"addr":140736395570157,"idx":21},{"addr":140736395570087,"idx":22},{"addr":140736395460547,"idx":23},{"addr":140736395954798,"idx":24},{"addr":140736395379493,"idx":25},{"addr":140696088247311,"idx":26},{"addr":140696088445621,"idx":27},{"addr":140736897083607,"idx":28},{"addr":140736916996940,"idx":29}],,,,,,,18446708904722298224,,,,,,,,,,,,,,,,,,,,,,,,,,,,,,,,,,,,,,,,,,,,,,,,,,,,,,,,,,,,,,,,,,,,,,,,,,,,,,,,,,,,,,,,,,,,,,,,,,,,,,,,,,,,,,,,,
"2025-09-02 15:13:10.8644165Z","ETW","Microsoft-Windows-Kernel-File",10,"NameCreateInfo ",3816,17724,"explorer.exe",,,,"C:\Windows\SystemApps\MicrosoftWindows.Client.Core_cw5n1h2txyewy\appxmanifest.xml",,,,,,,,,,,,[{"addr":140736918204500,"idx":0},{"addr":140736872313753,"idx":1},{"addr":140736872309067,"idx":2},{"addr":140736511210306,"idx":3},{"addr":140736511207634,"idx":4},{"addr":140736511650579,"idx":5},{"addr":140736510699770,"idx":6},{"addr":140736510703039,"idx":7},{"addr":140736511108294,"idx":8},{"addr":140736511107169,"idx":9},{"addr":140736511829909,"idx":10},{"addr":140736511477407,"idx":11},{"addr":140736511477284,"idx":12},{"addr":140736444544589,"idx":13},{"addr":140736447068215,"idx":14},{"addr":140736446402900,"idx":15},{"addr":140736445990966,"idx":16},{"addr":140736445990612,"idx":17},{"addr":140736445990034,"idx":18},{"addr":140736448620801,"idx":19},{"addr":140736446264535,"idx":20},{"addr":140736395570157,"idx":21},{"addr":140736395570087,"idx":22},{"addr":140736395460547,"idx":23},{"addr":140736395954798,"idx":24},{"addr":140736395379493,"idx":25},{"addr":140696088247311,"idx":26},{"addr":140696088445621,"idx":27},{"addr":140736897083607,"idx":28},{"addr":140736916996940,"idx":29}],,,,,,,18446708904376896368,,,,,,,,,,,,,,,,,,,,,,,,,,,,,,,,,,,,,,,,,,,,,,,,,,,,,,,,,,,,,,,,,,,,,,,,,,,,,,,,,,,,,,,,,,,,,,,,,,,,,,,,,,,,,,,,,
"2025-09-02 15:13:10.8644844Z","ETW","Microsoft-Windows-Kernel-File",10,"NameCreateInfo ",3816,17724,"explorer.exe",,,,"C:\Windows\SystemApps\MicrosoftWindows.Client.Core_cw5n1h2txyewy\appxmanifest.xml:WofCompressedData",,,,,,,,,,,,[{"addr":140736918204500,"idx":0},{"addr":140736872313753,"idx":1},{"addr":140736872309067,"idx":2},{"addr":140736511210306,"idx":3},{"addr":140736511207634,"idx":4},{"addr":140736511650579,"idx":5},{"addr":140736510699770,"idx":6},{"addr":140736510703039,"idx":7},{"addr":140736511108294,"idx":8},{"addr":140736511107169,"idx":9},{"addr":140736511829909,"idx":10},{"addr":140736511477407,"idx":11},{"addr":140736511477284,"idx":12},{"addr":140736444544589,"idx":13},{"addr":140736447068215,"idx":14},{"addr":140736446402900,"idx":15},{"addr":140736445990966,"idx":16},{"addr":140736445990612,"idx":17},{"addr":140736445990034,"idx":18},{"addr":140736448620801,"idx":19},{"addr":140736446264535,"idx":20},{"addr":140736395570157,"idx":21},{"addr":140736395570087,"idx":22},{"addr":140736395460547,"idx":23},{"addr":140736395954798,"idx":24},{"addr":140736395379493,"idx":25},{"addr":140696088247311,"idx":26},{"addr":140696088445621,"idx":27},{"addr":140736897083607,"idx":28},{"addr":140736916996940,"idx":29}],,,,,,,18446708904722298224,,,,,,,,,,,,,,,,,,,,,,,,,,,,,,,,,,,,,,,,,,,,,,,,,,,,,,,,,,,,,,,,,,,,,,,,,,,,,,,,,,,,,,,,,,,,,,,,,,,,,,,,,,,,,,,,,
"2025-09-02 15:13:10.8647682Z","ETW","Microsoft-Windows-Kernel-File",10,"NameCreateInfo ",3816,17724,"explorer.exe",,,,"C:\Windows\SystemApps\MicrosoftWindows.Client.Core_cw5n1h2txyewy\appxmanifest.xml",,,,,,,,,,,,[{"addr":140736918204500,"idx":0},{"addr":140736872313753,"idx":1},{"addr":140736872309067,"idx":2},{"addr":140736511210306,"idx":3},{"addr":140736511207634,"idx":4},{"addr":140736511650579,"idx":5},{"addr":140736510699770,"idx":6},{"addr":140736510703039,"idx":7},{"addr":140736511108294,"idx":8},{"addr":140736511107169,"idx":9},{"addr":140736511829909,"idx":10},{"addr":140736511477407,"idx":11},{"addr":140736511477284,"idx":12},{"addr":140736444544589,"idx":13},{"addr":140736447068215,"idx":14},{"addr":140736446402900,"idx":15},{"addr":140736445990966,"idx":16},{"addr":140736445990612,"idx":17},{"addr":140736445990034,"idx":18},{"addr":140736448620801,"idx":19},{"addr":140736446264535,"idx":20},{"addr":140736395570157,"idx":21},{"addr":140736395570087,"idx":22},{"addr":140736395460547,"idx":23},{"addr":140736395954798,"idx":24},{"addr":140736395379493,"idx":25},{"addr":140696088247311,"idx":26},{"addr":140696088445621,"idx":27},{"addr":140736897083607,"idx":28},{"addr":140736916996940,"idx":29}],,,,,,,18446708904376896368,,,,,,,,,,,,,,,,,,,,,,,,,,,,,,,,,,,,,,,,,,,,,,,,,,,,,,,,,,,,,,,,,,,,,,,,,,,,,,,,,,,,,,,,,,,,,,,,,,,,,,,,,,,,,,,,,
"2025-09-02 15:13:10.8648385Z","ETW","Microsoft-Windows-Kernel-File",10,"NameCreateInfo ",3816,17724,"explorer.exe",,,,"C:\Windows\SystemApps\MicrosoftWindows.Client.Core_cw5n1h2txyewy\appxmanifest.xml:WofCompressedData",,,,,,,,,,,,[{"addr":140736918204500,"idx":0},{"addr":140736872313753,"idx":1},{"addr":140736872309067,"idx":2},{"addr":140736511210306,"idx":3},{"addr":140736511207634,"idx":4},{"addr":140736511650579,"idx":5},{"addr":140736510699770,"idx":6},{"addr":140736510703039,"idx":7},{"addr":140736511108294,"idx":8},{"addr":140736511107169,"idx":9},{"addr":140736511829909,"idx":10},{"addr":140736511477407,"idx":11},{"addr":140736511477284,"idx":12},{"addr":140736444544589,"idx":13},{"addr":140736447068215,"idx":14},{"addr":140736446402900,"idx":15},{"addr":140736445990966,"idx":16},{"addr":140736445990612,"idx":17},{"addr":140736445990034,"idx":18},{"addr":140736448620801,"idx":19},{"addr":140736446264535,"idx":20},{"addr":140736395570157,"idx":21},{"addr":140736395570087,"idx":22},{"addr":140736395460547,"idx":23},{"addr":140736395954798,"idx":24},{"addr":140736395379493,"idx":25},{"addr":140696088247311,"idx":26},{"addr":140696088445621,"idx":27},{"addr":140736897083607,"idx":28},{"addr":140736916996940,"idx":29}],,,,,,,18446708904722298224,,,,,,,,,,,,,,,,,,,,,,,,,,,,,,,,,,,,,,,,,,,,,,,,,,,,,,,,,,,,,,,,,,,,,,,,,,,,,,,,,,,,,,,,,,,,,,,,,,,,,,,,,,,,,,,,,
"2025-09-02 15:13:10.8651317Z","ETW","Microsoft-Windows-Kernel-File",10,"NameCreateInfo ",3816,17724,"explorer.exe",,,,"C:\Windows\SystemApps\MicrosoftWindows.Client.Core_cw5n1h2txyewy\appxmanifest.xml",,,,,,,,,,,,[{"addr":140736918204500,"idx":0},{"addr":140736872313753,"idx":1},{"addr":140736872309067,"idx":2},{"addr":140736511210306,"idx":3},{"addr":140736511207634,"idx":4},{"addr":140736511650579,"idx":5},{"addr":140736510699770,"idx":6},{"addr":140736510703039,"idx":7},{"addr":140736511108294,"idx":8},{"addr":140736511107169,"idx":9},{"addr":140736511829909,"idx":10},{"addr":140736511477407,"idx":11},{"addr":140736511477284,"idx":12},{"addr":140736444544589,"idx":13},{"addr":140736447068215,"idx":14},{"addr":140736446402900,"idx":15},{"addr":140736445990966,"idx":16},{"addr":140736445990612,"idx":17},{"addr":140736445990034,"idx":18},{"addr":140736448620801,"idx":19},{"addr":140736446264535,"idx":20},{"addr":140736395570157,"idx":21},{"addr":140736395570087,"idx":22},{"addr":140736395460547,"idx":23},{"addr":140736395954798,"idx":24},{"addr":140736395379493,"idx":25},{"addr":140696088247311,"idx":26},{"addr":140696088445621,"idx":27},{"addr":140736897083607,"idx":28},{"addr":140736916996940,"idx":29}],,,,,,,18446708904376896368,,,,,,,,,,,,,,,,,,,,,,,,,,,,,,,,,,,,,,,,,,,,,,,,,,,,,,,,,,,,,,,,,,,,,,,,,,,,,,,,,,,,,,,,,,,,,,,,,,,,,,,,,,,,,,,,,
"2025-09-02 15:13:10.8652013Z","ETW","Microsoft-Windows-Kernel-File",10,"NameCreateInfo ",3816,17724,"explorer.exe",,,,"C:\Windows\SystemApps\MicrosoftWindows.Client.Core_cw5n1h2txyewy\appxmanifest.xml:WofCompressedData",,,,,,,,,,,,[{"addr":140736918204500,"idx":0},{"addr":140736872313753,"idx":1},{"addr":140736872309067,"idx":2},{"addr":140736511210306,"idx":3},{"addr":140736511207634,"idx":4},{"addr":140736511650579,"idx":5},{"addr":140736510699770,"idx":6},{"addr":140736510703039,"idx":7},{"addr":140736511108294,"idx":8},{"addr":140736511107169,"idx":9},{"addr":140736511829909,"idx":10},{"addr":140736511477407,"idx":11},{"addr":140736511477284,"idx":12},{"addr":140736444544589,"idx":13},{"addr":140736447068215,"idx":14},{"addr":140736446402900,"idx":15},{"addr":140736445990966,"idx":16},{"addr":140736445990612,"idx":17},{"addr":140736445990034,"idx":18},{"addr":140736448620801,"idx":19},{"addr":140736446264535,"idx":20},{"addr":140736395570157,"idx":21},{"addr":140736395570087,"idx":22},{"addr":140736395460547,"idx":23},{"addr":140736395954798,"idx":24},{"addr":140736395379493,"idx":25},{"addr":140696088247311,"idx":26},{"addr":140696088445621,"idx":27},{"addr":140736897083607,"idx":28},{"addr":140736916996940,"idx":29}],,,,,,,18446708904722298224,,,,,,,,,,,,,,,,,,,,,,,,,,,,,,,,,,,,,,,,,,,,,,,,,,,,,,,,,,,,,,,,,,,,,,,,,,,,,,,,,,,,,,,,,,,,,,,,,,,,,,,,,,,,,,,,,
"2025-09-02 15:13:10.8654852Z","ETW","Microsoft-Windows-Kernel-File",10,"NameCreateInfo ",3816,17724,"explorer.exe",,,,"C:\Windows\SystemApps\MicrosoftWindows.Client.Core_cw5n1h2txyewy\appxmanifest.xml",,,,,,,,,,,,[{"addr":140736918204500,"idx":0},{"addr":140736872313753,"idx":1},{"addr":140736872309067,"idx":2},{"addr":140736511210306,"idx":3},{"addr":140736511207634,"idx":4},{"addr":140736511650579,"idx":5},{"addr":140736510699770,"idx":6},{"addr":140736510703039,"idx":7},{"addr":140736511108294,"idx":8},{"addr":140736511107169,"idx":9},{"addr":140736511829909,"idx":10},{"addr":140736511477407,"idx":11},{"addr":140736511477284,"idx":12},{"addr":140736444544589,"idx":13},{"addr":140736447068215,"idx":14},{"addr":140736446402900,"idx":15},{"addr":140736445990966,"idx":16},{"addr":140736445990612,"idx":17},{"addr":140736445990034,"idx":18},{"addr":140736448620801,"idx":19},{"addr":140736446264535,"idx":20},{"addr":140736395570157,"idx":21},{"addr":140736395570087,"idx":22},{"addr":140736395460547,"idx":23},{"addr":140736395954798,"idx":24},{"addr":140736395379493,"idx":25},{"addr":140696088247311,"idx":26},{"addr":140696088445621,"idx":27},{"addr":140736897083607,"idx":28},{"addr":140736916996940,"idx":29}],,,,,,,18446708904376896368,,,,,,,,,,,,,,,,,,,,,,,,,,,,,,,,,,,,,,,,,,,,,,,,,,,,,,,,,,,,,,,,,,,,,,,,,,,,,,,,,,,,,,,,,,,,,,,,,,,,,,,,,,,,,,,,,
"2025-09-02 15:13:10.8655516Z","ETW","Microsoft-Windows-Kernel-File",10,"NameCreateInfo ",3816,17724,"explorer.exe",,,,"C:\Windows\SystemApps\MicrosoftWindows.Client.Core_cw5n1h2txyewy\appxmanifest.xml:WofCompressedData",,,,,,,,,,,,[{"addr":140736918204500,"idx":0},{"addr":140736872313753,"idx":1},{"addr":140736872309067,"idx":2},{"addr":140736511210306,"idx":3},{"addr":140736511207634,"idx":4},{"addr":140736511650579,"idx":5},{"addr":140736510699770,"idx":6},{"addr":140736510703039,"idx":7},{"addr":140736511108294,"idx":8},{"addr":140736511107169,"idx":9},{"addr":140736511829909,"idx":10},{"addr":140736511477407,"idx":11},{"addr":140736511477284,"idx":12},{"addr":140736444544589,"idx":13},{"addr":140736447068215,"idx":14},{"addr":140736446402900,"idx":15},{"addr":140736445990966,"idx":16},{"addr":140736445990612,"idx":17},{"addr":140736445990034,"idx":18},{"addr":140736448620801,"idx":19},{"addr":140736446264535,"idx":20},{"addr":140736395570157,"idx":21},{"addr":140736395570087,"idx":22},{"addr":140736395460547,"idx":23},{"addr":140736395954798,"idx":24},{"addr":140736395379493,"idx":25},{"addr":140696088247311,"idx":26},{"addr":140696088445621,"idx":27},{"addr":140736897083607,"idx":28},{"addr":140736916996940,"idx":29}],,,,,,,18446708904722298224,,,,,,,,,,,,,,,,,,,,,,,,,,,,,,,,,,,,,,,,,,,,,,,,,,,,,,,,,,,,,,,,,,,,,,,,,,,,,,,,,,,,,,,,,,,,,,,,,,,,,,,,,,,,,,,,,
"2025-09-02 15:13:10.8659748Z","ETW","Microsoft-Windows-Kernel-File",10,"NameCreateInfo ",3816,17724,"explorer.exe",,,,"C:\Windows\SystemApps\MicrosoftWindows.Client.Core_cw5n1h2txyewy\appxmanifest.xml",,,,,,,,,,,,[{"addr":140736918204500,"idx":0},{"addr":140736872313753,"idx":1},{"addr":140736872309067,"idx":2},{"addr":140736511210306,"idx":3},{"addr":140736511207634,"idx":4},{"addr":140736511650579,"idx":5},{"addr":140736510699770,"idx":6},{"addr":140736510703039,"idx":7},{"addr":140736511108294,"idx":8},{"addr":140736511107169,"idx":9},{"addr":140736511829909,"idx":10},{"addr":140736511477407,"idx":11},{"addr":140736511477284,"idx":12},{"addr":140736444544589,"idx":13},{"addr":140736447068215,"idx":14},{"addr":140736446402900,"idx":15},{"addr":140736445990966,"idx":16},{"addr":140736445990612,"idx":17},{"addr":140736445990034,"idx":18},{"addr":140736448620801,"idx":19},{"addr":140736446264535,"idx":20},{"addr":140736395570157,"idx":21},{"addr":140736395570087,"idx":22},{"addr":140736395460547,"idx":23},{"addr":140736395954798,"idx":24},{"addr":140736395379493,"idx":25},{"addr":140696088247311,"idx":26},{"addr":140696088445621,"idx":27},{"addr":140736897083607,"idx":28},{"addr":140736916996940,"idx":29}],,,,,,,18446708904376896368,,,,,,,,,,,,,,,,,,,,,,,,,,,,,,,,,,,,,,,,,,,,,,,,,,,,,,,,,,,,,,,,,,,,,,,,,,,,,,,,,,,,,,,,,,,,,,,,,,,,,,,,,,,,,,,,,
"2025-09-02 15:13:10.8660825Z","ETW","Microsoft-Windows-Kernel-File",10,"NameCreateInfo ",3816,17724,"explorer.exe",,,,"C:\Windows\SystemApps\MicrosoftWindows.Client.Core_cw5n1h2txyewy\appxmanifest.xml:WofCompressedData",,,,,,,,,,,,[{"addr":140736918204500,"idx":0},{"addr":140736872313753,"idx":1},{"addr":140736872309067,"idx":2},{"addr":140736511210306,"idx":3},{"addr":140736511207634,"idx":4},{"addr":140736511650579,"idx":5},{"addr":140736510699770,"idx":6},{"addr":140736510703039,"idx":7},{"addr":140736511108294,"idx":8},{"addr":140736511107169,"idx":9},{"addr":140736511829909,"idx":10},{"addr":140736511477407,"idx":11},{"addr":140736511477284,"idx":12},{"addr":140736444544589,"idx":13},{"addr":140736447068215,"idx":14},{"addr":140736446402900,"idx":15},{"addr":140736445990966,"idx":16},{"addr":140736445990612,"idx":17},{"addr":140736445990034,"idx":18},{"addr":140736448620801,"idx":19},{"addr":140736446264535,"idx":20},{"addr":140736395570157,"idx":21},{"addr":140736395570087,"idx":22},{"addr":140736395460547,"idx":23},{"addr":140736395954798,"idx":24},{"addr":140736395379493,"idx":25},{"addr":140696088247311,"idx":26},{"addr":140696088445621,"idx":27},{"addr":140736897083607,"idx":28},{"addr":140736916996940,"idx":29}],,,,,,,18446708904722298224,,,,,,,,,,,,,,,,,,,,,,,,,,,,,,,,,,,,,,,,,,,,,,,,,,,,,,,,,,,,,,,,,,,,,,,,,,,,,,,,,,,,,,,,,,,,,,,,,,,,,,,,,,,,,,,,,
"2025-09-02 15:13:10.8664655Z","ETW","Microsoft-Windows-Kernel-File",10,"NameCreateInfo ",3816,17724,"explorer.exe",,,,"C:\Windows\SystemApps\MicrosoftWindows.Client.FileExp_cw5n1h2txyewy\appxmanifest.xml",,,,,,,,,,,,[{"addr":140736918204500,"idx":0},{"addr":140736872313753,"idx":1},{"addr":140736872309067,"idx":2},{"addr":140736511210306,"idx":3},{"addr":140736511207634,"idx":4},{"addr":140736511650579,"idx":5},{"addr":140736510699770,"idx":6},{"addr":140736510703039,"idx":7},{"addr":140736511108294,"idx":8},{"addr":140736511107169,"idx":9},{"addr":140736511829909,"idx":10},{"addr":140736511477407,"idx":11},{"addr":140736511477284,"idx":12},{"addr":140736444544589,"idx":13},{"addr":140736447068215,"idx":14},{"addr":140736446402900,"idx":15},{"addr":140736445990966,"idx":16},{"addr":140736445990612,"idx":17},{"addr":140736445990034,"idx":18},{"addr":140736448620801,"idx":19},{"addr":140736446264535,"idx":20},{"addr":140736395570157,"idx":21},{"addr":140736395570087,"idx":22},{"addr":140736395460547,"idx":23},{"addr":140736395954798,"idx":24},{"addr":140736395379493,"idx":25},{"addr":140696088247311,"idx":26},{"addr":140696088445621,"idx":27},{"addr":140736897083607,"idx":28},{"addr":140736916996940,"idx":29}],,,,,,,18446708904376896368,,,,,,,,,,,,,,,,,,,,,,,,,,,,,,,,,,,,,,,,,,,,,,,,,,,,,,,,,,,,,,,,,,,,,,,,,,,,,,,,,,,,,,,,,,,,,,,,,,,,,,,,,,,,,,,,,
"2025-09-02 15:13:10.8665661Z","ETW","Microsoft-Windows-Kernel-File",10,"NameCreateInfo ",3816,17724,"explorer.exe",,,,"C:\Windows\SystemApps\MicrosoftWindows.Client.FileExp_cw5n1h2txyewy\appxmanifest.xml:WofCompressedData",,,,,,,,,,,,[{"addr":140736918204500,"idx":0},{"addr":140736872313753,"idx":1},{"addr":140736872309067,"idx":2},{"addr":140736511210306,"idx":3},{"addr":140736511207634,"idx":4},{"addr":140736511650579,"idx":5},{"addr":140736510699770,"idx":6},{"addr":140736510703039,"idx":7},{"addr":140736511108294,"idx":8},{"addr":140736511107169,"idx":9},{"addr":140736511829909,"idx":10},{"addr":140736511477407,"idx":11},{"addr":140736511477284,"idx":12},{"addr":140736444544589,"idx":13},{"addr":140736447068215,"idx":14},{"addr":140736446402900,"idx":15},{"addr":140736445990966,"idx":16},{"addr":140736445990612,"idx":17},{"addr":140736445990034,"idx":18},{"addr":140736448620801,"idx":19},{"addr":140736446264535,"idx":20},{"addr":140736395570157,"idx":21},{"addr":140736395570087,"idx":22},{"addr":140736395460547,"idx":23},{"addr":140736395954798,"idx":24},{"addr":140736395379493,"idx":25},{"addr":140696088247311,"idx":26},{"addr":140696088445621,"idx":27},{"addr":140736897083607,"idx":28},{"addr":140736916996940,"idx":29}],,,,,,,18446708904722298224,,,,,,,,,,,,,,,,,,,,,,,,,,,,,,,,,,,,,,,,,,,,,,,,,,,,,,,,,,,,,,,,,,,,,,,,,,,,,,,,,,,,,,,,,,,,,,,,,,,,,,,,,,,,,,,,,
"2025-09-02 15:13:10.8669133Z","ETW","Microsoft-Windows-Kernel-File",10,"NameCreateInfo ",3816,17724,"explorer.exe",,,,"C:\Windows\SystemApps\MicrosoftWindows.Client.FileExp_cw5n1h2txyewy\appxmanifest.xml",,,,,,,,,,,,[{"addr":140736918204500,"idx":0},{"addr":140736872313753,"idx":1},{"addr":140736872309067,"idx":2},{"addr":140736511210306,"idx":3},{"addr":140736511207634,"idx":4},{"addr":140736511650579,"idx":5},{"addr":140736510699770,"idx":6},{"addr":140736510703039,"idx":7},{"addr":140736511108294,"idx":8},{"addr":140736511107169,"idx":9},{"addr":140736511829909,"idx":10},{"addr":140736511477407,"idx":11},{"addr":140736511477284,"idx":12},{"addr":140736444544589,"idx":13},{"addr":140736447068215,"idx":14},{"addr":140736446402900,"idx":15},{"addr":140736445990966,"idx":16},{"addr":140736445990612,"idx":17},{"addr":140736445990034,"idx":18},{"addr":140736448620801,"idx":19},{"addr":140736446264535,"idx":20},{"addr":140736395570157,"idx":21},{"addr":140736395570087,"idx":22},{"addr":140736395460547,"idx":23},{"addr":140736395954798,"idx":24},{"addr":140736395379493,"idx":25},{"addr":140696088247311,"idx":26},{"addr":140696088445621,"idx":27},{"addr":140736897083607,"idx":28},{"addr":140736916996940,"idx":29}],,,,,,,18446708904376896368,,,,,,,,,,,,,,,,,,,,,,,,,,,,,,,,,,,,,,,,,,,,,,,,,,,,,,,,,,,,,,,,,,,,,,,,,,,,,,,,,,,,,,,,,,,,,,,,,,,,,,,,,,,,,,,,,
"2025-09-02 15:13:10.8669811Z","ETW","Microsoft-Windows-Kernel-File",10,"NameCreateInfo ",3816,17724,"explorer.exe",,,,"C:\Windows\SystemApps\MicrosoftWindows.Client.FileExp_cw5n1h2txyewy\appxmanifest.xml:WofCompressedData",,,,,,,,,,,,[{"addr":140736918204500,"idx":0},{"addr":140736872313753,"idx":1},{"addr":140736872309067,"idx":2},{"addr":140736511210306,"idx":3},{"addr":140736511207634,"idx":4},{"addr":140736511650579,"idx":5},{"addr":140736510699770,"idx":6},{"addr":140736510703039,"idx":7},{"addr":140736511108294,"idx":8},{"addr":140736511107169,"idx":9},{"addr":140736511829909,"idx":10},{"addr":140736511477407,"idx":11},{"addr":140736511477284,"idx":12},{"addr":140736444544589,"idx":13},{"addr":140736447068215,"idx":14},{"addr":140736446402900,"idx":15},{"addr":140736445990966,"idx":16},{"addr":140736445990612,"idx":17},{"addr":140736445990034,"idx":18},{"addr":140736448620801,"idx":19},{"addr":140736446264535,"idx":20},{"addr":140736395570157,"idx":21},{"addr":140736395570087,"idx":22},{"addr":140736395460547,"idx":23},{"addr":140736395954798,"idx":24},{"addr":140736395379493,"idx":25},{"addr":140696088247311,"idx":26},{"addr":140696088445621,"idx":27},{"addr":140736897083607,"idx":28},{"addr":140736916996940,"idx":29}],,,,,,,18446708904722298224,,,,,,,,,,,,,,,,,,,,,,,,,,,,,,,,,,,,,,,,,,,,,,,,,,,,,,,,,,,,,,,,,,,,,,,,,,,,,,,,,,,,,,,,,,,,,,,,,,,,,,,,,,,,,,,,,
"2025-09-02 15:13:10.8672674Z","ETW","Microsoft-Windows-Kernel-File",10,"NameCreateInfo ",3816,17724,"explorer.exe",,,,"C:\Windows\SystemApps\MicrosoftWindows.Client.OOBE_cw5n1h2txyewy\appxmanifest.xml",,,,,,,,,,,,[{"addr":140736918204500,"idx":0},{"addr":140736872313753,"idx":1},{"addr":140736872309067,"idx":2},{"addr":140736511210306,"idx":3},{"addr":140736511207634,"idx":4},{"addr":140736511650579,"idx":5},{"addr":140736510699770,"idx":6},{"addr":140736510703039,"idx":7},{"addr":140736511108294,"idx":8},{"addr":140736511107169,"idx":9},{"addr":140736511829909,"idx":10},{"addr":140736511477407,"idx":11},{"addr":140736511477284,"idx":12},{"addr":140736444544589,"idx":13},{"addr":140736447068215,"idx":14},{"addr":140736446402900,"idx":15},{"addr":140736445990966,"idx":16},{"addr":140736445990612,"idx":17},{"addr":140736445990034,"idx":18},{"addr":140736448620801,"idx":19},{"addr":140736446264535,"idx":20},{"addr":140736395570157,"idx":21},{"addr":140736395570087,"idx":22},{"addr":140736395460547,"idx":23},{"addr":140736395954798,"idx":24},{"addr":140736395379493,"idx":25},{"addr":140696088247311,"idx":26},{"addr":140696088445621,"idx":27},{"addr":140736897083607,"idx":28},{"addr":140736916996940,"idx":29}],,,,,,,18446708904376896368,,,,,,,,,,,,,,,,,,,,,,,,,,,,,,,,,,,,,,,,,,,,,,,,,,,,,,,,,,,,,,,,,,,,,,,,,,,,,,,,,,,,,,,,,,,,,,,,,,,,,,,,,,,,,,,,,
"2025-09-02 15:13:10.8673391Z","ETW","Microsoft-Windows-Kernel-File",10,"NameCreateInfo ",3816,17724,"explorer.exe",,,,"C:\Windows\SystemApps\MicrosoftWindows.Client.OOBE_cw5n1h2txyewy\appxmanifest.xml:WofCompressedData",,,,,,,,,,,,[{"addr":140736918204500,"idx":0},{"addr":140736872313753,"idx":1},{"addr":140736872309067,"idx":2},{"addr":140736511210306,"idx":3},{"addr":140736511207634,"idx":4},{"addr":140736511650579,"idx":5},{"addr":140736510699770,"idx":6},{"addr":140736510703039,"idx":7},{"addr":140736511108294,"idx":8},{"addr":140736511107169,"idx":9},{"addr":140736511829909,"idx":10},{"addr":140736511477407,"idx":11},{"addr":140736511477284,"idx":12},{"addr":140736444544589,"idx":13},{"addr":140736447068215,"idx":14},{"addr":140736446402900,"idx":15},{"addr":140736445990966,"idx":16},{"addr":140736445990612,"idx":17},{"addr":140736445990034,"idx":18},{"addr":140736448620801,"idx":19},{"addr":140736446264535,"idx":20},{"addr":140736395570157,"idx":21},{"addr":140736395570087,"idx":22},{"addr":140736395460547,"idx":23},{"addr":140736395954798,"idx":24},{"addr":140736395379493,"idx":25},{"addr":140696088247311,"idx":26},{"addr":140696088445621,"idx":27},{"addr":140736897083607,"idx":28},{"addr":140736916996940,"idx":29}],,,,,,,18446708904722298224,,,,,,,,,,,,,,,,,,,,,,,,,,,,,,,,,,,,,,,,,,,,,,,,,,,,,,,,,,,,,,,,,,,,,,,,,,,,,,,,,,,,,,,,,,,,,,,,,,,,,,,,,,,,,,,,,
"2025-09-02 15:13:10.8681713Z","ETW","Microsoft-Windows-Kernel-File",10,"NameCreateInfo ",3816,17724,"explorer.exe",,,,"C:\Program Files\WindowsApps\MicrosoftWindows.Client.WebExperience_525.22301.90.0_x64__cw5n1h2txyewy\AppxManifest.xml",,,,,,,,,,,,[{"addr":140736918204500,"idx":0},{"addr":140736872313753,"idx":1},{"addr":140736872309067,"idx":2},{"addr":140736511210306,"idx":3},{"addr":140736511207634,"idx":4},{"addr":140736511650579,"idx":5},{"addr":140736510699770,"idx":6},{"addr":140736510703039,"idx":7},{"addr":140736511108294,"idx":8},{"addr":140736511107169,"idx":9},{"addr":140736511829909,"idx":10},{"addr":140736511477407,"idx":11},{"addr":140736511477284,"idx":12},{"addr":140736444544589,"idx":13},{"addr":140736447068215,"idx":14},{"addr":140736446402900,"idx":15},{"addr":140736445990966,"idx":16},{"addr":140736445990612,"idx":17},{"addr":140736445990034,"idx":18},{"addr":140736448620801,"idx":19},{"addr":140736446264535,"idx":20},{"addr":140736395570157,"idx":21},{"addr":140736395570087,"idx":22},{"addr":140736395460547,"idx":23},{"addr":140736395954798,"idx":24},{"addr":140736395379493,"idx":25},{"addr":140696088247311,"idx":26},{"addr":140696088445621,"idx":27},{"addr":140736897083607,"idx":28},{"addr":140736916996940,"idx":29}],,,,,,,18446708904376896368,,,,,,,,,,,,,,,,,,,,,,,,,,,,,,,,,,,,,,,,,,,,,,,,,,,,,,,,,,,,,,,,,,,,,,,,,,,,,,,,,,,,,,,,,,,,,,,,,,,,,,,,,,,,,,,,,
"2025-09-02 15:13:10.8682799Z","ETW","Microsoft-Windows-Kernel-File",10,"NameCreateInfo ",3816,17724,"explorer.exe",,,,"C:\Program Files\WindowsApps\MicrosoftWindows.Client.WebExperience_525.22301.90.0_x64__cw5n1h2txyewy\AppxManifest.xml:WofCompressedData",,,,,,,,,,,,[{"addr":140736918204500,"idx":0},{"addr":140736872313753,"idx":1},{"addr":140736872309067,"idx":2},{"addr":140736511210306,"idx":3},{"addr":140736511207634,"idx":4},{"addr":140736511650579,"idx":5},{"addr":140736510699770,"idx":6},{"addr":140736510703039,"idx":7},{"addr":140736511108294,"idx":8},{"addr":140736511107169,"idx":9},{"addr":140736511829909,"idx":10},{"addr":140736511477407,"idx":11},{"addr":140736511477284,"idx":12},{"addr":140736444544589,"idx":13},{"addr":140736447068215,"idx":14},{"addr":140736446402900,"idx":15},{"addr":140736445990966,"idx":16},{"addr":140736445990612,"idx":17},{"addr":140736445990034,"idx":18},{"addr":140736448620801,"idx":19},{"addr":140736446264535,"idx":20},{"addr":140736395570157,"idx":21},{"addr":140736395570087,"idx":22},{"addr":140736395460547,"idx":23},{"addr":140736395954798,"idx":24},{"addr":140736395379493,"idx":25},{"addr":140696088247311,"idx":26},{"addr":140696088445621,"idx":27},{"addr":140736897083607,"idx":28},{"addr":140736916996940,"idx":29}],,,,,,,18446708904722298224,,,,,,,,,,,,,,,,,,,,,,,,,,,,,,,,,,,,,,,,,,,,,,,,,,,,,,,,,,,,,,,,,,,,,,,,,,,,,,,,,,,,,,,,,,,,,,,,,,,,,,,,,,,,,,,,,
"2025-09-02 15:13:10.8685732Z","ETW","Microsoft-Windows-Kernel-File",10,"NameCreateInfo ",3816,17724,"explorer.exe",,,,"C:\Program Files\WindowsApps\MicrosoftWindows.Client.WebExperience_525.22301.90.0_x64__cw5n1h2txyewy\AppxManifest.xml",,,,,,,,,,,,[{"addr":140736918204500,"idx":0},{"addr":140736872313753,"idx":1},{"addr":140736872309067,"idx":2},{"addr":140736511210306,"idx":3},{"addr":140736511207634,"idx":4},{"addr":140736511650579,"idx":5},{"addr":140736510699770,"idx":6},{"addr":140736510703039,"idx":7},{"addr":140736511108294,"idx":8},{"addr":140736511107169,"idx":9},{"addr":140736511829909,"idx":10},{"addr":140736511477407,"idx":11},{"addr":140736511477284,"idx":12},{"addr":140736444544589,"idx":13},{"addr":140736447068215,"idx":14},{"addr":140736446402900,"idx":15},{"addr":140736445990966,"idx":16},{"addr":140736445990612,"idx":17},{"addr":140736445990034,"idx":18},{"addr":140736448620801,"idx":19},{"addr":140736446264535,"idx":20},{"addr":140736395570157,"idx":21},{"addr":140736395570087,"idx":22},{"addr":140736395460547,"idx":23},{"addr":140736395954798,"idx":24},{"addr":140736395379493,"idx":25},{"addr":140696088247311,"idx":26},{"addr":140696088445621,"idx":27},{"addr":140736897083607,"idx":28},{"addr":140736916996940,"idx":29}],,,,,,,18446708904376896368,,,,,,,,,,,,,,,,,,,,,,,,,,,,,,,,,,,,,,,,,,,,,,,,,,,,,,,,,,,,,,,,,,,,,,,,,,,,,,,,,,,,,,,,,,,,,,,,,,,,,,,,,,,,,,,,,
"2025-09-02 15:13:10.8686495Z","ETW","Microsoft-Windows-Kernel-File",10,"NameCreateInfo ",3816,17724,"explorer.exe",,,,"C:\Program Files\WindowsApps\MicrosoftWindows.Client.WebExperience_525.22301.90.0_x64__cw5n1h2txyewy\AppxManifest.xml:WofCompressedData",,,,,,,,,,,,[{"addr":140736918204500,"idx":0},{"addr":140736872313753,"idx":1},{"addr":140736872309067,"idx":2},{"addr":140736511210306,"idx":3},{"addr":140736511207634,"idx":4},{"addr":140736511650579,"idx":5},{"addr":140736510699770,"idx":6},{"addr":140736510703039,"idx":7},{"addr":140736511108294,"idx":8},{"addr":140736511107169,"idx":9},{"addr":140736511829909,"idx":10},{"addr":140736511477407,"idx":11},{"addr":140736511477284,"idx":12},{"addr":140736444544589,"idx":13},{"addr":140736447068215,"idx":14},{"addr":140736446402900,"idx":15},{"addr":140736445990966,"idx":16},{"addr":140736445990612,"idx":17},{"addr":140736445990034,"idx":18},{"addr":140736448620801,"idx":19},{"addr":140736446264535,"idx":20},{"addr":140736395570157,"idx":21},{"addr":140736395570087,"idx":22},{"addr":140736395460547,"idx":23},{"addr":140736395954798,"idx":24},{"addr":140736395379493,"idx":25},{"addr":140696088247311,"idx":26},{"addr":140696088445621,"idx":27},{"addr":140736897083607,"idx":28},{"addr":140736916996940,"idx":29}],,,,,,,18446708904722298224,,,,,,,,,,,,,,,,,,,,,,,,,,,,,,,,,,,,,,,,,,,,,,,,,,,,,,,,,,,,,,,,,,,,,,,,,,,,,,,,,,,,,,,,,,,,,,,,,,,,,,,,,,,,,,,,,
"2025-09-02 15:13:10.8689390Z","ETW","Microsoft-Windows-Kernel-File",10,"NameCreateInfo ",3816,17724,"explorer.exe",,,,"C:\Program Files\WindowsApps\MicrosoftWindows.Client.WebExperience_525.22301.90.0_x64__cw5n1h2txyewy\AppxManifest.xml",,,,,,,,,,,,[{"addr":140736918204500,"idx":0},{"addr":140736872313753,"idx":1},{"addr":140736872309067,"idx":2},{"addr":140736511210306,"idx":3},{"addr":140736511207634,"idx":4},{"addr":140736511650579,"idx":5},{"addr":140736510699770,"idx":6},{"addr":140736510703039,"idx":7},{"addr":140736511108294,"idx":8},{"addr":140736511107169,"idx":9},{"addr":140736511829909,"idx":10},{"addr":140736511477407,"idx":11},{"addr":140736511477284,"idx":12},{"addr":140736444544589,"idx":13},{"addr":140736447068215,"idx":14},{"addr":140736446402900,"idx":15},{"addr":140736445990966,"idx":16},{"addr":140736445990612,"idx":17},{"addr":140736445990034,"idx":18},{"addr":140736448620801,"idx":19},{"addr":140736446264535,"idx":20},{"addr":140736395570157,"idx":21},{"addr":140736395570087,"idx":22},{"addr":140736395460547,"idx":23},{"addr":140736395954798,"idx":24},{"addr":140736395379493,"idx":25},{"addr":140696088247311,"idx":26},{"addr":140696088445621,"idx":27},{"addr":140736897083607,"idx":28},{"addr":140736916996940,"idx":29}],,,,,,,18446708904376896368,,,,,,,,,,,,,,,,,,,,,,,,,,,,,,,,,,,,,,,,,,,,,,,,,,,,,,,,,,,,,,,,,,,,,,,,,,,,,,,,,,,,,,,,,,,,,,,,,,,,,,,,,,,,,,,,,
"2025-09-02 15:13:10.8690286Z","ETW","Microsoft-Windows-Kernel-File",10,"NameCreateInfo ",3816,17724,"explorer.exe",,,,"C:\Program Files\WindowsApps\MicrosoftWindows.Client.WebExperience_525.22301.90.0_x64__cw5n1h2txyewy\AppxManifest.xml:WofCompressedData",,,,,,,,,,,,[{"addr":140736918204500,"idx":0},{"addr":140736872313753,"idx":1},{"addr":140736872309067,"idx":2},{"addr":140736511210306,"idx":3},{"addr":140736511207634,"idx":4},{"addr":140736511650579,"idx":5},{"addr":140736510699770,"idx":6},{"addr":140736510703039,"idx":7},{"addr":140736511108294,"idx":8},{"addr":140736511107169,"idx":9},{"addr":140736511829909,"idx":10},{"addr":140736511477407,"idx":11},{"addr":140736511477284,"idx":12},{"addr":140736444544589,"idx":13},{"addr":140736447068215,"idx":14},{"addr":140736446402900,"idx":15},{"addr":140736445990966,"idx":16},{"addr":140736445990612,"idx":17},{"addr":140736445990034,"idx":18},{"addr":140736448620801,"idx":19},{"addr":140736446264535,"idx":20},{"addr":140736395570157,"idx":21},{"addr":140736395570087,"idx":22},{"addr":140736395460547,"idx":23},{"addr":140736395954798,"idx":24},{"addr":140736395379493,"idx":25},{"addr":140696088247311,"idx":26},{"addr":140696088445621,"idx":27},{"addr":140736897083607,"idx":28},{"addr":140736916996940,"idx":29}],,,,,,,18446708904722298224,,,,,,,,,,,,,,,,,,,,,,,,,,,,,,,,,,,,,,,,,,,,,,,,,,,,,,,,,,,,,,,,,,,,,,,,,,,,,,,,,,,,,,,,,,,,,,,,,,,,,,,,,,,,,,,,,
"2025-09-02 15:13:10.8693227Z","ETW","Microsoft-Windows-Kernel-File",10,"NameCreateInfo ",3816,17724,"explorer.exe",,,,"C:\Program Files\WindowsApps\MicrosoftWindows.Client.WebExperience_525.22301.90.0_x64__cw5n1h2txyewy\AppxManifest.xml",,,,,,,,,,,,[{"addr":140736918204500,"idx":0},{"addr":140736872313753,"idx":1},{"addr":140736872309067,"idx":2},{"addr":140736511210306,"idx":3},{"addr":140736511207634,"idx":4},{"addr":140736511650579,"idx":5},{"addr":140736510699770,"idx":6},{"addr":140736510703039,"idx":7},{"addr":140736511108294,"idx":8},{"addr":140736511107169,"idx":9},{"addr":140736511829909,"idx":10},{"addr":140736511477407,"idx":11},{"addr":140736511477284,"idx":12},{"addr":140736444544589,"idx":13},{"addr":140736447068215,"idx":14},{"addr":140736446402900,"idx":15},{"addr":140736445990966,"idx":16},{"addr":140736445990612,"idx":17},{"addr":140736445990034,"idx":18},{"addr":140736448620801,"idx":19},{"addr":140736446264535,"idx":20},{"addr":140736395570157,"idx":21},{"addr":140736395570087,"idx":22},{"addr":140736395460547,"idx":23},{"addr":140736395954798,"idx":24},{"addr":140736395379493,"idx":25},{"addr":140696088247311,"idx":26},{"addr":140696088445621,"idx":27},{"addr":140736897083607,"idx":28},{"addr":140736916996940,"idx":29}],,,,,,,18446708904376896368,,,,,,,,,,,,,,,,,,,,,,,,,,,,,,,,,,,,,,,,,,,,,,,,,,,,,,,,,,,,,,,,,,,,,,,,,,,,,,,,,,,,,,,,,,,,,,,,,,,,,,,,,,,,,,,,,
"2025-09-02 15:13:10.8693930Z","ETW","Microsoft-Windows-Kernel-File",10,"NameCreateInfo ",3816,17724,"explorer.exe",,,,"C:\Program Files\WindowsApps\MicrosoftWindows.Client.WebExperience_525.22301.90.0_x64__cw5n1h2txyewy\AppxManifest.xml:WofCompressedData",,,,,,,,,,,,[{"addr":140736918204500,"idx":0},{"addr":140736872313753,"idx":1},{"addr":140736872309067,"idx":2},{"addr":140736511210306,"idx":3},{"addr":140736511207634,"idx":4},{"addr":140736511650579,"idx":5},{"addr":140736510699770,"idx":6},{"addr":140736510703039,"idx":7},{"addr":140736511108294,"idx":8},{"addr":140736511107169,"idx":9},{"addr":140736511829909,"idx":10},{"addr":140736511477407,"idx":11},{"addr":140736511477284,"idx":12},{"addr":140736444544589,"idx":13},{"addr":140736447068215,"idx":14},{"addr":140736446402900,"idx":15},{"addr":140736445990966,"idx":16},{"addr":140736445990612,"idx":17},{"addr":140736445990034,"idx":18},{"addr":140736448620801,"idx":19},{"addr":140736446264535,"idx":20},{"addr":140736395570157,"idx":21},{"addr":140736395570087,"idx":22},{"addr":140736395460547,"idx":23},{"addr":140736395954798,"idx":24},{"addr":140736395379493,"idx":25},{"addr":140696088247311,"idx":26},{"addr":140696088445621,"idx":27},{"addr":140736897083607,"idx":28},{"addr":140736916996940,"idx":29}],,,,,,,18446708904722298224,,,,,,,,,,,,,,,,,,,,,,,,,,,,,,,,,,,,,,,,,,,,,,,,,,,,,,,,,,,,,,,,,,,,,,,,,,,,,,,,,,,,,,,,,,,,,,,,,,,,,,,,,,,,,,,,,
"2025-09-02 15:13:10.8698041Z","ETW","Microsoft-Windows-Kernel-File",10,"NameCreateInfo ",3816,17724,"explorer.exe",,,,"C:\Program Files\WindowsApps\MicrosoftWindows.Client.WebExperience_525.22301.90.0_x64__cw5n1h2txyewy\AppxManifest.xml",,,,,,,,,,,,[{"addr":140736918204500,"idx":0},{"addr":140736872313753,"idx":1},{"addr":140736872309067,"idx":2},{"addr":140736511210306,"idx":3},{"addr":140736511207634,"idx":4},{"addr":140736511650579,"idx":5},{"addr":140736510699770,"idx":6},{"addr":140736510703039,"idx":7},{"addr":140736511108294,"idx":8},{"addr":140736511107169,"idx":9},{"addr":140736511829909,"idx":10},{"addr":140736511477407,"idx":11},{"addr":140736511477284,"idx":12},{"addr":140736444544589,"idx":13},{"addr":140736447068215,"idx":14},{"addr":140736446402900,"idx":15},{"addr":140736445990966,"idx":16},{"addr":140736445990612,"idx":17},{"addr":140736445990034,"idx":18},{"addr":140736448620801,"idx":19},{"addr":140736446264535,"idx":20},{"addr":140736395570157,"idx":21},{"addr":140736395570087,"idx":22},{"addr":140736395460547,"idx":23},{"addr":140736395954798,"idx":24},{"addr":140736395379493,"idx":25},{"addr":140696088247311,"idx":26},{"addr":140696088445621,"idx":27},{"addr":140736897083607,"idx":28},{"addr":140736916996940,"idx":29}],,,,,,,18446708904376896368,,,,,,,,,,,,,,,,,,,,,,,,,,,,,,,,,,,,,,,,,,,,,,,,,,,,,,,,,,,,,,,,,,,,,,,,,,,,,,,,,,,,,,,,,,,,,,,,,,,,,,,,,,,,,,,,,
"2025-09-02 15:13:10.8699262Z","ETW","Microsoft-Windows-Kernel-File",10,"NameCreateInfo ",3816,17724,"explorer.exe",,,,"C:\Program Files\WindowsApps\MicrosoftWindows.Client.WebExperience_525.22301.90.0_x64__cw5n1h2txyewy\AppxManifest.xml:WofCompressedData",,,,,,,,,,,,[{"addr":140736918204500,"idx":0},{"addr":140736872313753,"idx":1},{"addr":140736872309067,"idx":2},{"addr":140736511210306,"idx":3},{"addr":140736511207634,"idx":4},{"addr":140736511650579,"idx":5},{"addr":140736510699770,"idx":6},{"addr":140736510703039,"idx":7},{"addr":140736511108294,"idx":8},{"addr":140736511107169,"idx":9},{"addr":140736511829909,"idx":10},{"addr":140736511477407,"idx":11},{"addr":140736511477284,"idx":12},{"addr":140736444544589,"idx":13},{"addr":140736447068215,"idx":14},{"addr":140736446402900,"idx":15},{"addr":140736445990966,"idx":16},{"addr":140736445990612,"idx":17},{"addr":140736445990034,"idx":18},{"addr":140736448620801,"idx":19},{"addr":140736446264535,"idx":20},{"addr":140736395570157,"idx":21},{"addr":140736395570087,"idx":22},{"addr":140736395460547,"idx":23},{"addr":140736395954798,"idx":24},{"addr":140736395379493,"idx":25},{"addr":140696088247311,"idx":26},{"addr":140696088445621,"idx":27},{"addr":140736897083607,"idx":28},{"addr":140736916996940,"idx":29}],,,,,,,18446708904722298224,,,,,,,,,,,,,,,,,,,,,,,,,,,,,,,,,,,,,,,,,,,,,,,,,,,,,,,,,,,,,,,,,,,,,,,,,,,,,,,,,,,,,,,,,,,,,,,,,,,,,,,,,,,,,,,,,
"2025-09-02 15:13:10.8703003Z","ETW","Microsoft-Windows-Kernel-File",10,"NameCreateInfo ",3816,17724,"explorer.exe",,,,"C:\Program Files\WindowsApps\MicrosoftWindows.Client.WebExperience_525.22301.90.0_x64__cw5n1h2txyewy\AppxManifest.xml",,,,,,,,,,,,[{"addr":140736918204500,"idx":0},{"addr":140736872313753,"idx":1},{"addr":140736872309067,"idx":2},{"addr":140736511210306,"idx":3},{"addr":140736511207634,"idx":4},{"addr":140736511650579,"idx":5},{"addr":140736510699770,"idx":6},{"addr":140736510703039,"idx":7},{"addr":140736511108294,"idx":8},{"addr":140736511107169,"idx":9},{"addr":140736511829909,"idx":10},{"addr":140736511477407,"idx":11},{"addr":140736511477284,"idx":12},{"addr":140736444544589,"idx":13},{"addr":140736447068215,"idx":14},{"addr":140736446402900,"idx":15},{"addr":140736445990966,"idx":16},{"addr":140736445990612,"idx":17},{"addr":140736445990034,"idx":18},{"addr":140736448620801,"idx":19},{"addr":140736446264535,"idx":20},{"addr":140736395570157,"idx":21},{"addr":140736395570087,"idx":22},{"addr":140736395460547,"idx":23},{"addr":140736395954798,"idx":24},{"addr":140736395379493,"idx":25},{"addr":140696088247311,"idx":26},{"addr":140696088445621,"idx":27},{"addr":140736897083607,"idx":28},{"addr":140736916996940,"idx":29}],,,,,,,18446708904376896368,,,,,,,,,,,,,,,,,,,,,,,,,,,,,,,,,,,,,,,,,,,,,,,,,,,,,,,,,,,,,,,,,,,,,,,,,,,,,,,,,,,,,,,,,,,,,,,,,,,,,,,,,,,,,,,,,
"2025-09-02 15:13:10.8703968Z","ETW","Microsoft-Windows-Kernel-File",10,"NameCreateInfo ",3816,17724,"explorer.exe",,,,"C:\Program Files\WindowsApps\MicrosoftWindows.Client.WebExperience_525.22301.90.0_x64__cw5n1h2txyewy\AppxManifest.xml:WofCompressedData",,,,,,,,,,,,[{"addr":140736918204500,"idx":0},{"addr":140736872313753,"idx":1},{"addr":140736872309067,"idx":2},{"addr":140736511210306,"idx":3},{"addr":140736511207634,"idx":4},{"addr":140736511650579,"idx":5},{"addr":140736510699770,"idx":6},{"addr":140736510703039,"idx":7},{"addr":140736511108294,"idx":8},{"addr":140736511107169,"idx":9},{"addr":140736511829909,"idx":10},{"addr":140736511477407,"idx":11},{"addr":140736511477284,"idx":12},{"addr":140736444544589,"idx":13},{"addr":140736447068215,"idx":14},{"addr":140736446402900,"idx":15},{"addr":140736445990966,"idx":16},{"addr":140736445990612,"idx":17},{"addr":140736445990034,"idx":18},{"addr":140736448620801,"idx":19},{"addr":140736446264535,"idx":20},{"addr":140736395570157,"idx":21},{"addr":140736395570087,"idx":22},{"addr":140736395460547,"idx":23},{"addr":140736395954798,"idx":24},{"addr":140736395379493,"idx":25},{"addr":140696088247311,"idx":26},{"addr":140696088445621,"idx":27},{"addr":140736897083607,"idx":28},{"addr":140736916996940,"idx":29}],,,,,,,18446708904722298224,,,,,,,,,,,,,,,,,,,,,,,,,,,,,,,,,,,,,,,,,,,,,,,,,,,,,,,,,,,,,,,,,,,,,,,,,,,,,,,,,,,,,,,,,,,,,,,,,,,,,,,,,,,,,,,,,
"2025-09-02 15:13:10.8722105Z","ETW","Microsoft-Windows-Kernel-File",10,"NameCreateInfo ",3816,17724,"explorer.exe",,,,"C:\Windows\SystemApps\SxS\MicrosoftWindows.56978801.Voiess_cw5n1h2txyewy\appxmanifest.xml",,,,,,,,,,,,[{"addr":140736918204500,"idx":0},{"addr":140736872313753,"idx":1},{"addr":140736872309067,"idx":2},{"addr":140736511210306,"idx":3},{"addr":140736511207634,"idx":4},{"addr":140736511650579,"idx":5},{"addr":140736510699770,"idx":6},{"addr":140736510703039,"idx":7},{"addr":140736511108294,"idx":8},{"addr":140736511107169,"idx":9},{"addr":140736511829909,"idx":10},{"addr":140736511477407,"idx":11},{"addr":140736511477284,"idx":12},{"addr":140736444544589,"idx":13},{"addr":140736447068215,"idx":14},{"addr":140736446402900,"idx":15},{"addr":140736445990966,"idx":16},{"addr":140736445990612,"idx":17},{"addr":140736445990034,"idx":18},{"addr":140736448620801,"idx":19},{"addr":140736446264535,"idx":20},{"addr":140736395570157,"idx":21},{"addr":140736395570087,"idx":22},{"addr":140736395460547,"idx":23},{"addr":140736395954798,"idx":24},{"addr":140736395379493,"idx":25},{"addr":140696088247311,"idx":26},{"addr":140696088445621,"idx":27},{"addr":140736897083607,"idx":28},{"addr":140736916996940,"idx":29}],,,,,,,18446708904376896368,,,,,,,,,,,,,,,,,,,,,,,,,,,,,,,,,,,,,,,,,,,,,,,,,,,,,,,,,,,,,,,,,,,,,,,,,,,,,,,,,,,,,,,,,,,,,,,,,,,,,,,,,,,,,,,,,
"2025-09-02 15:13:10.8723233Z","ETW","Microsoft-Windows-Kernel-File",10,"NameCreateInfo ",3816,17724,"explorer.exe",,,,"C:\Windows\SystemApps\SxS\MicrosoftWindows.56978801.Voiess_cw5n1h2txyewy\appxmanifest.xml:WofCompressedData",,,,,,,,,,,,[{"addr":140736918204500,"idx":0},{"addr":140736872313753,"idx":1},{"addr":140736872309067,"idx":2},{"addr":140736511210306,"idx":3},{"addr":140736511207634,"idx":4},{"addr":140736511650579,"idx":5},{"addr":140736510699770,"idx":6},{"addr":140736510703039,"idx":7},{"addr":140736511108294,"idx":8},{"addr":140736511107169,"idx":9},{"addr":140736511829909,"idx":10},{"addr":140736511477407,"idx":11},{"addr":140736511477284,"idx":12},{"addr":140736444544589,"idx":13},{"addr":140736447068215,"idx":14},{"addr":140736446402900,"idx":15},{"addr":140736445990966,"idx":16},{"addr":140736445990612,"idx":17},{"addr":140736445990034,"idx":18},{"addr":140736448620801,"idx":19},{"addr":140736446264535,"idx":20},{"addr":140736395570157,"idx":21},{"addr":140736395570087,"idx":22},{"addr":140736395460547,"idx":23},{"addr":140736395954798,"idx":24},{"addr":140736395379493,"idx":25},{"addr":140696088247311,"idx":26},{"addr":140696088445621,"idx":27},{"addr":140736897083607,"idx":28},{"addr":140736916996940,"idx":29}],,,,,,,18446708904722298224,,,,,,,,,,,,,,,,,,,,,,,,,,,,,,,,,,,,,,,,,,,,,,,,,,,,,,,,,,,,,,,,,,,,,,,,,,,,,,,,,,,,,,,,,,,,,,,,,,,,,,,,,,,,,,,,,
"2025-09-02 15:13:10.8726790Z","ETW","Microsoft-Windows-Kernel-File",10,"NameCreateInfo ",3816,17724,"explorer.exe",,,,"C:\Windows\SystemApps\SxS\MicrosoftWindows.56978801.Voiess_cw5n1h2txyewy\appxmanifest.xml",,,,,,,,,,,,[{"addr":140736918204500,"idx":0},{"addr":140736872313753,"idx":1},{"addr":140736872309067,"idx":2},{"addr":140736511210306,"idx":3},{"addr":140736511207634,"idx":4},{"addr":140736511650579,"idx":5},{"addr":140736510699770,"idx":6},{"addr":140736510703039,"idx":7},{"addr":140736511108294,"idx":8},{"addr":140736511107169,"idx":9},{"addr":140736511829909,"idx":10},{"addr":140736511477407,"idx":11},{"addr":140736511477284,"idx":12},{"addr":140736444544589,"idx":13},{"addr":140736447068215,"idx":14},{"addr":140736446402900,"idx":15},{"addr":140736445990966,"idx":16},{"addr":140736445990612,"idx":17},{"addr":140736445990034,"idx":18},{"addr":140736448620801,"idx":19},{"addr":140736446264535,"idx":20},{"addr":140736395570157,"idx":21},{"addr":140736395570087,"idx":22},{"addr":140736395460547,"idx":23},{"addr":140736395954798,"idx":24},{"addr":140736395379493,"idx":25},{"addr":140696088247311,"idx":26},{"addr":140696088445621,"idx":27},{"addr":140736897083607,"idx":28},{"addr":140736916996940,"idx":29}],,,,,,,18446708904376896368,,,,,,,,,,,,,,,,,,,,,,,,,,,,,,,,,,,,,,,,,,,,,,,,,,,,,,,,,,,,,,,,,,,,,,,,,,,,,,,,,,,,,,,,,,,,,,,,,,,,,,,,,,,,,,,,,
"2025-09-02 15:13:10.8727768Z","ETW","Microsoft-Windows-Kernel-File",10,"NameCreateInfo ",3816,17724,"explorer.exe",,,,"C:\Windows\SystemApps\SxS\MicrosoftWindows.56978801.Voiess_cw5n1h2txyewy\appxmanifest.xml:WofCompressedData",,,,,,,,,,,,[{"addr":140736918204500,"idx":0},{"addr":140736872313753,"idx":1},{"addr":140736872309067,"idx":2},{"addr":140736511210306,"idx":3},{"addr":140736511207634,"idx":4},{"addr":140736511650579,"idx":5},{"addr":140736510699770,"idx":6},{"addr":140736510703039,"idx":7},{"addr":140736511108294,"idx":8},{"addr":140736511107169,"idx":9},{"addr":140736511829909,"idx":10},{"addr":140736511477407,"idx":11},{"addr":140736511477284,"idx":12},{"addr":140736444544589,"idx":13},{"addr":140736447068215,"idx":14},{"addr":140736446402900,"idx":15},{"addr":140736445990966,"idx":16},{"addr":140736445990612,"idx":17},{"addr":140736445990034,"idx":18},{"addr":140736448620801,"idx":19},{"addr":140736446264535,"idx":20},{"addr":140736395570157,"idx":21},{"addr":140736395570087,"idx":22},{"addr":140736395460547,"idx":23},{"addr":140736395954798,"idx":24},{"addr":140736395379493,"idx":25},{"addr":140696088247311,"idx":26},{"addr":140696088445621,"idx":27},{"addr":140736897083607,"idx":28},{"addr":140736916996940,"idx":29}],,,,,,,18446708904722298224,,,,,,,,,,,,,,,,,,,,,,,,,,,,,,,,,,,,,,,,,,,,,,,,,,,,,,,,,,,,,,,,,,,,,,,,,,,,,,,,,,,,,,,,,,,,,,,,,,,,,,,,,,,,,,,,,
"2025-09-02 15:13:10.8731761Z","ETW","Microsoft-Windows-Kernel-File",10,"NameCreateInfo ",3816,17724,"explorer.exe",,,,"C:\Windows\SystemApps\SxS\MicrosoftWindows.56978801.Voiess_cw5n1h2txyewy\appxmanifest.xml",,,,,,,,,,,,[{"addr":140736918204500,"idx":0},{"addr":140736872313753,"idx":1},{"addr":140736872309067,"idx":2},{"addr":140736511210306,"idx":3},{"addr":140736511207634,"idx":4},{"addr":140736511650579,"idx":5},{"addr":140736510699770,"idx":6},{"addr":140736510703039,"idx":7},{"addr":140736511108294,"idx":8},{"addr":140736511107169,"idx":9},{"addr":140736511829909,"idx":10},{"addr":140736511477407,"idx":11},{"addr":140736511477284,"idx":12},{"addr":140736444544589,"idx":13},{"addr":140736447068215,"idx":14},{"addr":140736446402900,"idx":15},{"addr":140736445990966,"idx":16},{"addr":140736445990612,"idx":17},{"addr":140736445990034,"idx":18},{"addr":140736448620801,"idx":19},{"addr":140736446264535,"idx":20},{"addr":140736395570157,"idx":21},{"addr":140736395570087,"idx":22},{"addr":140736395460547,"idx":23},{"addr":140736395954798,"idx":24},{"addr":140736395379493,"idx":25},{"addr":140696088247311,"idx":26},{"addr":140696088445621,"idx":27},{"addr":140736897083607,"idx":28},{"addr":140736916996940,"idx":29}],,,,,,,18446708904376896368,,,,,,,,,,,,,,,,,,,,,,,,,,,,,,,,,,,,,,,,,,,,,,,,,,,,,,,,,,,,,,,,,,,,,,,,,,,,,,,,,,,,,,,,,,,,,,,,,,,,,,,,,,,,,,,,,
"2025-09-02 15:13:10.8732822Z","ETW","Microsoft-Windows-Kernel-File",10,"NameCreateInfo ",3816,17724,"explorer.exe",,,,"C:\Windows\SystemApps\SxS\MicrosoftWindows.56978801.Voiess_cw5n1h2txyewy\appxmanifest.xml:WofCompressedData",,,,,,,,,,,,[{"addr":140736918204500,"idx":0},{"addr":140736872313753,"idx":1},{"addr":140736872309067,"idx":2},{"addr":140736511210306,"idx":3},{"addr":140736511207634,"idx":4},{"addr":140736511650579,"idx":5},{"addr":140736510699770,"idx":6},{"addr":140736510703039,"idx":7},{"addr":140736511108294,"idx":8},{"addr":140736511107169,"idx":9},{"addr":140736511829909,"idx":10},{"addr":140736511477407,"idx":11},{"addr":140736511477284,"idx":12},{"addr":140736444544589,"idx":13},{"addr":140736447068215,"idx":14},{"addr":140736446402900,"idx":15},{"addr":140736445990966,"idx":16},{"addr":140736445990612,"idx":17},{"addr":140736445990034,"idx":18},{"addr":140736448620801,"idx":19},{"addr":140736446264535,"idx":20},{"addr":140736395570157,"idx":21},{"addr":140736395570087,"idx":22},{"addr":140736395460547,"idx":23},{"addr":140736395954798,"idx":24},{"addr":140736395379493,"idx":25},{"addr":140696088247311,"idx":26},{"addr":140696088445621,"idx":27},{"addr":140736897083607,"idx":28},{"addr":140736916996940,"idx":29}],,,,,,,18446708904722298224,,,,,,,,,,,,,,,,,,,,,,,,,,,,,,,,,,,,,,,,,,,,,,,,,,,,,,,,,,,,,,,,,,,,,,,,,,,,,,,,,,,,,,,,,,,,,,,,,,,,,,,,,,,,,,,,,
"2025-09-02 15:13:10.8737004Z","ETW","Microsoft-Windows-Kernel-File",10,"NameCreateInfo ",3816,17724,"explorer.exe",,,,"C:\Windows\SystemApps\SxS\MicrosoftWindows.56978801.Voiess_cw5n1h2txyewy\appxmanifest.xml",,,,,,,,,,,,[{"addr":140736918204500,"idx":0},{"addr":140736872313753,"idx":1},{"addr":140736872309067,"idx":2},{"addr":140736511210306,"idx":3},{"addr":140736511207634,"idx":4},{"addr":140736511650579,"idx":5},{"addr":140736510699770,"idx":6},{"addr":140736510703039,"idx":7},{"addr":140736511108294,"idx":8},{"addr":140736511107169,"idx":9},{"addr":140736511829909,"idx":10},{"addr":140736511477407,"idx":11},{"addr":140736511477284,"idx":12},{"addr":140736444544589,"idx":13},{"addr":140736447068215,"idx":14},{"addr":140736446402900,"idx":15},{"addr":140736445990966,"idx":16},{"addr":140736445990612,"idx":17},{"addr":140736445990034,"idx":18},{"addr":140736448620801,"idx":19},{"addr":140736446264535,"idx":20},{"addr":140736395570157,"idx":21},{"addr":140736395570087,"idx":22},{"addr":140736395460547,"idx":23},{"addr":140736395954798,"idx":24},{"addr":140736395379493,"idx":25},{"addr":140696088247311,"idx":26},{"addr":140696088445621,"idx":27},{"addr":140736897083607,"idx":28},{"addr":140736916996940,"idx":29}],,,,,,,18446708904376896368,,,,,,,,,,,,,,,,,,,,,,,,,,,,,,,,,,,,,,,,,,,,,,,,,,,,,,,,,,,,,,,,,,,,,,,,,,,,,,,,,,,,,,,,,,,,,,,,,,,,,,,,,,,,,,,,,
"2025-09-02 15:13:10.8737958Z","ETW","Microsoft-Windows-Kernel-File",10,"NameCreateInfo ",3816,17724,"explorer.exe",,,,"C:\Windows\SystemApps\SxS\MicrosoftWindows.56978801.Voiess_cw5n1h2txyewy\appxmanifest.xml:WofCompressedData",,,,,,,,,,,,[{"addr":140736918204500,"idx":0},{"addr":140736872313753,"idx":1},{"addr":140736872309067,"idx":2},{"addr":140736511210306,"idx":3},{"addr":140736511207634,"idx":4},{"addr":140736511650579,"idx":5},{"addr":140736510699770,"idx":6},{"addr":140736510703039,"idx":7},{"addr":140736511108294,"idx":8},{"addr":140736511107169,"idx":9},{"addr":140736511829909,"idx":10},{"addr":140736511477407,"idx":11},{"addr":140736511477284,"idx":12},{"addr":140736444544589,"idx":13},{"addr":140736447068215,"idx":14},{"addr":140736446402900,"idx":15},{"addr":140736445990966,"idx":16},{"addr":140736445990612,"idx":17},{"addr":140736445990034,"idx":18},{"addr":140736448620801,"idx":19},{"addr":140736446264535,"idx":20},{"addr":140736395570157,"idx":21},{"addr":140736395570087,"idx":22},{"addr":140736395460547,"idx":23},{"addr":140736395954798,"idx":24},{"addr":140736395379493,"idx":25},{"addr":140696088247311,"idx":26},{"addr":140696088445621,"idx":27},{"addr":140736897083607,"idx":28},{"addr":140736916996940,"idx":29}],,,,,,,18446708904722298224,,,,,,,,,,,,,,,,,,,,,,,,,,,,,,,,,,,,,,,,,,,,,,,,,,,,,,,,,,,,,,,,,,,,,,,,,,,,,,,,,,,,,,,,,,,,,,,,,,,,,,,,,,,,,,,,,
"2025-09-02 15:13:10.8741677Z","ETW","Microsoft-Windows-Kernel-File",10,"NameCreateInfo ",3816,17724,"explorer.exe",,,,"C:\Windows\SystemApps\SxS\MicrosoftWindows.57058570.Speion_cw5n1h2txyewy\appxmanifest.xml",,,,,,,,,,,,[{"addr":140736918204500,"idx":0},{"addr":140736872313753,"idx":1},{"addr":140736872309067,"idx":2},{"addr":140736511210306,"idx":3},{"addr":140736511207634,"idx":4},{"addr":140736511650579,"idx":5},{"addr":140736510699770,"idx":6},{"addr":140736510703039,"idx":7},{"addr":140736511108294,"idx":8},{"addr":140736511107169,"idx":9},{"addr":140736511829909,"idx":10},{"addr":140736511477407,"idx":11},{"addr":140736511477284,"idx":12},{"addr":140736444544589,"idx":13},{"addr":140736447068215,"idx":14},{"addr":140736446402900,"idx":15},{"addr":140736445990966,"idx":16},{"addr":140736445990612,"idx":17},{"addr":140736445990034,"idx":18},{"addr":140736448620801,"idx":19},{"addr":140736446264535,"idx":20},{"addr":140736395570157,"idx":21},{"addr":140736395570087,"idx":22},{"addr":140736395460547,"idx":23},{"addr":140736395954798,"idx":24},{"addr":140736395379493,"idx":25},{"addr":140696088247311,"idx":26},{"addr":140696088445621,"idx":27},{"addr":140736897083607,"idx":28},{"addr":140736916996940,"idx":29}],,,,,,,18446708904376896368,,,,,,,,,,,,,,,,,,,,,,,,,,,,,,,,,,,,,,,,,,,,,,,,,,,,,,,,,,,,,,,,,,,,,,,,,,,,,,,,,,,,,,,,,,,,,,,,,,,,,,,,,,,,,,,,,
"2025-09-02 15:13:10.8742583Z","ETW","Microsoft-Windows-Kernel-File",10,"NameCreateInfo ",3816,17724,"explorer.exe",,,,"C:\Windows\SystemApps\SxS\MicrosoftWindows.57058570.Speion_cw5n1h2txyewy\appxmanifest.xml:WofCompressedData",,,,,,,,,,,,[{"addr":140736918204500,"idx":0},{"addr":140736872313753,"idx":1},{"addr":140736872309067,"idx":2},{"addr":140736511210306,"idx":3},{"addr":140736511207634,"idx":4},{"addr":140736511650579,"idx":5},{"addr":140736510699770,"idx":6},{"addr":140736510703039,"idx":7},{"addr":140736511108294,"idx":8},{"addr":140736511107169,"idx":9},{"addr":140736511829909,"idx":10},{"addr":140736511477407,"idx":11},{"addr":140736511477284,"idx":12},{"addr":140736444544589,"idx":13},{"addr":140736447068215,"idx":14},{"addr":140736446402900,"idx":15},{"addr":140736445990966,"idx":16},{"addr":140736445990612,"idx":17},{"addr":140736445990034,"idx":18},{"addr":140736448620801,"idx":19},{"addr":140736446264535,"idx":20},{"addr":140736395570157,"idx":21},{"addr":140736395570087,"idx":22},{"addr":140736395460547,"idx":23},{"addr":140736395954798,"idx":24},{"addr":140736395379493,"idx":25},{"addr":140696088247311,"idx":26},{"addr":140696088445621,"idx":27},{"addr":140736897083607,"idx":28},{"addr":140736916996940,"idx":29}],,,,,,,18446708904722298224,,,,,,,,,,,,,,,,,,,,,,,,,,,,,,,,,,,,,,,,,,,,,,,,,,,,,,,,,,,,,,,,,,,,,,,,,,,,,,,,,,,,,,,,,,,,,,,,,,,,,,,,,,,,,,,,,
"2025-09-02 15:13:10.8745859Z","ETW","Microsoft-Windows-Kernel-File",10,"NameCreateInfo ",3816,17724,"explorer.exe",,,,"C:\Windows\SystemApps\SxS\MicrosoftWindows.57058570.Speion_cw5n1h2txyewy\appxmanifest.xml",,,,,,,,,,,,[{"addr":140736918204500,"idx":0},{"addr":140736872313753,"idx":1},{"addr":140736872309067,"idx":2},{"addr":140736511210306,"idx":3},{"addr":140736511207634,"idx":4},{"addr":140736511650579,"idx":5},{"addr":140736510699770,"idx":6},{"addr":140736510703039,"idx":7},{"addr":140736511108294,"idx":8},{"addr":140736511107169,"idx":9},{"addr":140736511829909,"idx":10},{"addr":140736511477407,"idx":11},{"addr":140736511477284,"idx":12},{"addr":140736444544589,"idx":13},{"addr":140736447068215,"idx":14},{"addr":140736446402900,"idx":15},{"addr":140736445990966,"idx":16},{"addr":140736445990612,"idx":17},{"addr":140736445990034,"idx":18},{"addr":140736448620801,"idx":19},{"addr":140736446264535,"idx":20},{"addr":140736395570157,"idx":21},{"addr":140736395570087,"idx":22},{"addr":140736395460547,"idx":23},{"addr":140736395954798,"idx":24},{"addr":140736395379493,"idx":25},{"addr":140696088247311,"idx":26},{"addr":140696088445621,"idx":27},{"addr":140736897083607,"idx":28},{"addr":140736916996940,"idx":29}],,,,,,,18446708904376896368,,,,,,,,,,,,,,,,,,,,,,,,,,,,,,,,,,,,,,,,,,,,,,,,,,,,,,,,,,,,,,,,,,,,,,,,,,,,,,,,,,,,,,,,,,,,,,,,,,,,,,,,,,,,,,,,,
"2025-09-02 15:13:10.8746691Z","ETW","Microsoft-Windows-Kernel-File",10,"NameCreateInfo ",3816,17724,"explorer.exe",,,,"C:\Windows\SystemApps\SxS\MicrosoftWindows.57058570.Speion_cw5n1h2txyewy\appxmanifest.xml:WofCompressedData",,,,,,,,,,,,[{"addr":140736918204500,"idx":0},{"addr":140736872313753,"idx":1},{"addr":140736872309067,"idx":2},{"addr":140736511210306,"idx":3},{"addr":140736511207634,"idx":4},{"addr":140736511650579,"idx":5},{"addr":140736510699770,"idx":6},{"addr":140736510703039,"idx":7},{"addr":140736511108294,"idx":8},{"addr":140736511107169,"idx":9},{"addr":140736511829909,"idx":10},{"addr":140736511477407,"idx":11},{"addr":140736511477284,"idx":12},{"addr":140736444544589,"idx":13},{"addr":140736447068215,"idx":14},{"addr":140736446402900,"idx":15},{"addr":140736445990966,"idx":16},{"addr":140736445990612,"idx":17},{"addr":140736445990034,"idx":18},{"addr":140736448620801,"idx":19},{"addr":140736446264535,"idx":20},{"addr":140736395570157,"idx":21},{"addr":140736395570087,"idx":22},{"addr":140736395460547,"idx":23},{"addr":140736395954798,"idx":24},{"addr":140736395379493,"idx":25},{"addr":140696088247311,"idx":26},{"addr":140696088445621,"idx":27},{"addr":140736897083607,"idx":28},{"addr":140736916996940,"idx":29}],,,,,,,18446708904722298224,,,,,,,,,,,,,,,,,,,,,,,,,,,,,,,,,,,,,,,,,,,,,,,,,,,,,,,,,,,,,,,,,,,,,,,,,,,,,,,,,,,,,,,,,,,,,,,,,,,,,,,,,,,,,,,,,
"2025-09-02 15:13:10.8750310Z","ETW","Microsoft-Windows-Kernel-File",10,"NameCreateInfo ",3816,17724,"explorer.exe",,,,"C:\Windows\SystemApps\SxS\MicrosoftWindows.57074904.InpApp_cw5n1h2txyewy\appxmanifest.xml",,,,,,,,,,,,[{"addr":140736918204500,"idx":0},{"addr":140736872313753,"idx":1},{"addr":140736872309067,"idx":2},{"addr":140736511210306,"idx":3},{"addr":140736511207634,"idx":4},{"addr":140736511650579,"idx":5},{"addr":140736510699770,"idx":6},{"addr":140736510703039,"idx":7},{"addr":140736511108294,"idx":8},{"addr":140736511107169,"idx":9},{"addr":140736511829909,"idx":10},{"addr":140736511477407,"idx":11},{"addr":140736511477284,"idx":12},{"addr":140736444544589,"idx":13},{"addr":140736447068215,"idx":14},{"addr":140736446402900,"idx":15},{"addr":140736445990966,"idx":16},{"addr":140736445990612,"idx":17},{"addr":140736445990034,"idx":18},{"addr":140736448620801,"idx":19},{"addr":140736446264535,"idx":20},{"addr":140736395570157,"idx":21},{"addr":140736395570087,"idx":22},{"addr":140736395460547,"idx":23},{"addr":140736395954798,"idx":24},{"addr":140736395379493,"idx":25},{"addr":140696088247311,"idx":26},{"addr":140696088445621,"idx":27},{"addr":140736897083607,"idx":28},{"addr":140736916996940,"idx":29}],,,,,,,18446708904376896368,,,,,,,,,,,,,,,,,,,,,,,,,,,,,,,,,,,,,,,,,,,,,,,,,,,,,,,,,,,,,,,,,,,,,,,,,,,,,,,,,,,,,,,,,,,,,,,,,,,,,,,,,,,,,,,,,
"2025-09-02 15:13:10.8751147Z","ETW","Microsoft-Windows-Kernel-File",10,"NameCreateInfo ",3816,17724,"explorer.exe",,,,"C:\Windows\SystemApps\SxS\MicrosoftWindows.57074904.InpApp_cw5n1h2txyewy\appxmanifest.xml:WofCompressedData",,,,,,,,,,,,[{"addr":140736918204500,"idx":0},{"addr":140736872313753,"idx":1},{"addr":140736872309067,"idx":2},{"addr":140736511210306,"idx":3},{"addr":140736511207634,"idx":4},{"addr":140736511650579,"idx":5},{"addr":140736510699770,"idx":6},{"addr":140736510703039,"idx":7},{"addr":140736511108294,"idx":8},{"addr":140736511107169,"idx":9},{"addr":140736511829909,"idx":10},{"addr":140736511477407,"idx":11},{"addr":140736511477284,"idx":12},{"addr":140736444544589,"idx":13},{"addr":140736447068215,"idx":14},{"addr":140736446402900,"idx":15},{"addr":140736445990966,"idx":16},{"addr":140736445990612,"idx":17},{"addr":140736445990034,"idx":18},{"addr":140736448620801,"idx":19},{"addr":140736446264535,"idx":20},{"addr":140736395570157,"idx":21},{"addr":140736395570087,"idx":22},{"addr":140736395460547,"idx":23},{"addr":140736395954798,"idx":24},{"addr":140736395379493,"idx":25},{"addr":140696088247311,"idx":26},{"addr":140696088445621,"idx":27},{"addr":140736897083607,"idx":28},{"addr":140736916996940,"idx":29}],,,,,,,18446708904722298224,,,,,,,,,,,,,,,,,,,,,,,,,,,,,,,,,,,,,,,,,,,,,,,,,,,,,,,,,,,,,,,,,,,,,,,,,,,,,,,,,,,,,,,,,,,,,,,,,,,,,,,,,,,,,,,,,
"2025-09-02 15:13:10.8754906Z","ETW","Microsoft-Windows-Kernel-File",10,"NameCreateInfo ",3816,17724,"explorer.exe",,,,"C:\Windows\SystemApps\SxS\MicrosoftWindows.57074904.InpApp_cw5n1h2txyewy\appxmanifest.xml",,,,,,,,,,,,[{"addr":140736918204500,"idx":0},{"addr":140736872313753,"idx":1},{"addr":140736872309067,"idx":2},{"addr":140736511210306,"idx":3},{"addr":140736511207634,"idx":4},{"addr":140736511650579,"idx":5},{"addr":140736510699770,"idx":6},{"addr":140736510703039,"idx":7},{"addr":140736511108294,"idx":8},{"addr":140736511107169,"idx":9},{"addr":140736511829909,"idx":10},{"addr":140736511477407,"idx":11},{"addr":140736511477284,"idx":12},{"addr":140736444544589,"idx":13},{"addr":140736447068215,"idx":14},{"addr":140736446402900,"idx":15},{"addr":140736445990966,"idx":16},{"addr":140736445990612,"idx":17},{"addr":140736445990034,"idx":18},{"addr":140736448620801,"idx":19},{"addr":140736446264535,"idx":20},{"addr":140736395570157,"idx":21},{"addr":140736395570087,"idx":22},{"addr":140736395460547,"idx":23},{"addr":140736395954798,"idx":24},{"addr":140736395379493,"idx":25},{"addr":140696088247311,"idx":26},{"addr":140696088445621,"idx":27},{"addr":140736897083607,"idx":28},{"addr":140736916996940,"idx":29}],,,,,,,18446708904376896368,,,,,,,,,,,,,,,,,,,,,,,,,,,,,,,,,,,,,,,,,,,,,,,,,,,,,,,,,,,,,,,,,,,,,,,,,,,,,,,,,,,,,,,,,,,,,,,,,,,,,,,,,,,,,,,,,
"2025-09-02 15:13:10.8755678Z","ETW","Microsoft-Windows-Kernel-File",10,"NameCreateInfo ",3816,17724,"explorer.exe",,,,"C:\Windows\SystemApps\SxS\MicrosoftWindows.57074904.InpApp_cw5n1h2txyewy\appxmanifest.xml:WofCompressedData",,,,,,,,,,,,[{"addr":140736918204500,"idx":0},{"addr":140736872313753,"idx":1},{"addr":140736872309067,"idx":2},{"addr":140736511210306,"idx":3},{"addr":140736511207634,"idx":4},{"addr":140736511650579,"idx":5},{"addr":140736510699770,"idx":6},{"addr":140736510703039,"idx":7},{"addr":140736511108294,"idx":8},{"addr":140736511107169,"idx":9},{"addr":140736511829909,"idx":10},{"addr":140736511477407,"idx":11},{"addr":140736511477284,"idx":12},{"addr":140736444544589,"idx":13},{"addr":140736447068215,"idx":14},{"addr":140736446402900,"idx":15},{"addr":140736445990966,"idx":16},{"addr":140736445990612,"idx":17},{"addr":140736445990034,"idx":18},{"addr":140736448620801,"idx":19},{"addr":140736446264535,"idx":20},{"addr":140736395570157,"idx":21},{"addr":140736395570087,"idx":22},{"addr":140736395460547,"idx":23},{"addr":140736395954798,"idx":24},{"addr":140736395379493,"idx":25},{"addr":140696088247311,"idx":26},{"addr":140696088445621,"idx":27},{"addr":140736897083607,"idx":28},{"addr":140736916996940,"idx":29}],,,,,,,18446708904722298224,,,,,,,,,,,,,,,,,,,,,,,,,,,,,,,,,,,,,,,,,,,,,,,,,,,,,,,,,,,,,,,,,,,,,,,,,,,,,,,,,,,,,,,,,,,,,,,,,,,,,,,,,,,,,,,,,
"2025-09-02 15:13:10.8759229Z","ETW","Microsoft-Windows-Kernel-File",10,"NameCreateInfo ",3816,17724,"explorer.exe",,,,"C:\Windows\SystemApps\SxS\MicrosoftWindows.57074914.Livtop_cw5n1h2txyewy\appxmanifest.xml",,,,,,,,,,,,[{"addr":140736918204500,"idx":0},{"addr":140736872313753,"idx":1},{"addr":140736872309067,"idx":2},{"addr":140736511210306,"idx":3},{"addr":140736511207634,"idx":4},{"addr":140736511650579,"idx":5},{"addr":140736510699770,"idx":6},{"addr":140736510703039,"idx":7},{"addr":140736511108294,"idx":8},{"addr":140736511107169,"idx":9},{"addr":140736511829909,"idx":10},{"addr":140736511477407,"idx":11},{"addr":140736511477284,"idx":12},{"addr":140736444544589,"idx":13},{"addr":140736447068215,"idx":14},{"addr":140736446402900,"idx":15},{"addr":140736445990966,"idx":16},{"addr":140736445990612,"idx":17},{"addr":140736445990034,"idx":18},{"addr":140736448620801,"idx":19},{"addr":140736446264535,"idx":20},{"addr":140736395570157,"idx":21},{"addr":140736395570087,"idx":22},{"addr":140736395460547,"idx":23},{"addr":140736395954798,"idx":24},{"addr":140736395379493,"idx":25},{"addr":140696088247311,"idx":26},{"addr":140696088445621,"idx":27},{"addr":140736897083607,"idx":28},{"addr":140736916996940,"idx":29}],,,,,,,18446708904376896368,,,,,,,,,,,,,,,,,,,,,,,,,,,,,,,,,,,,,,,,,,,,,,,,,,,,,,,,,,,,,,,,,,,,,,,,,,,,,,,,,,,,,,,,,,,,,,,,,,,,,,,,,,,,,,,,,
"2025-09-02 15:13:10.8760020Z","ETW","Microsoft-Windows-Kernel-File",10,"NameCreateInfo ",3816,17724,"explorer.exe",,,,"C:\Windows\SystemApps\SxS\MicrosoftWindows.57074914.Livtop_cw5n1h2txyewy\appxmanifest.xml:WofCompressedData",,,,,,,,,,,,[{"addr":140736918204500,"idx":0},{"addr":140736872313753,"idx":1},{"addr":140736872309067,"idx":2},{"addr":140736511210306,"idx":3},{"addr":140736511207634,"idx":4},{"addr":140736511650579,"idx":5},{"addr":140736510699770,"idx":6},{"addr":140736510703039,"idx":7},{"addr":140736511108294,"idx":8},{"addr":140736511107169,"idx":9},{"addr":140736511829909,"idx":10},{"addr":140736511477407,"idx":11},{"addr":140736511477284,"idx":12},{"addr":140736444544589,"idx":13},{"addr":140736447068215,"idx":14},{"addr":140736446402900,"idx":15},{"addr":140736445990966,"idx":16},{"addr":140736445990612,"idx":17},{"addr":140736445990034,"idx":18},{"addr":140736448620801,"idx":19},{"addr":140736446264535,"idx":20},{"addr":140736395570157,"idx":21},{"addr":140736395570087,"idx":22},{"addr":140736395460547,"idx":23},{"addr":140736395954798,"idx":24},{"addr":140736395379493,"idx":25},{"addr":140696088247311,"idx":26},{"addr":140696088445621,"idx":27},{"addr":140736897083607,"idx":28},{"addr":140736916996940,"idx":29}],,,,,,,18446708904722298224,,,,,,,,,,,,,,,,,,,,,,,,,,,,,,,,,,,,,,,,,,,,,,,,,,,,,,,,,,,,,,,,,,,,,,,,,,,,,,,,,,,,,,,,,,,,,,,,,,,,,,,,,,,,,,,,,
"2025-09-02 15:13:10.8763449Z","ETW","Microsoft-Windows-Kernel-File",10,"NameCreateInfo ",3816,17724,"explorer.exe",,,,"C:\Windows\SystemApps\SxS\MicrosoftWindows.57074914.Livtop_cw5n1h2txyewy\appxmanifest.xml",,,,,,,,,,,,[{"addr":140736918204500,"idx":0},{"addr":140736872313753,"idx":1},{"addr":140736872309067,"idx":2},{"addr":140736511210306,"idx":3},{"addr":140736511207634,"idx":4},{"addr":140736511650579,"idx":5},{"addr":140736510699770,"idx":6},{"addr":140736510703039,"idx":7},{"addr":140736511108294,"idx":8},{"addr":140736511107169,"idx":9},{"addr":140736511829909,"idx":10},{"addr":140736511477407,"idx":11},{"addr":140736511477284,"idx":12},{"addr":140736444544589,"idx":13},{"addr":140736447068215,"idx":14},{"addr":140736446402900,"idx":15},{"addr":140736445990966,"idx":16},{"addr":140736445990612,"idx":17},{"addr":140736445990034,"idx":18},{"addr":140736448620801,"idx":19},{"addr":140736446264535,"idx":20},{"addr":140736395570157,"idx":21},{"addr":140736395570087,"idx":22},{"addr":140736395460547,"idx":23},{"addr":140736395954798,"idx":24},{"addr":140736395379493,"idx":25},{"addr":140696088247311,"idx":26},{"addr":140696088445621,"idx":27},{"addr":140736897083607,"idx":28},{"addr":140736916996940,"idx":29}],,,,,,,18446708904376896368,,,,,,,,,,,,,,,,,,,,,,,,,,,,,,,,,,,,,,,,,,,,,,,,,,,,,,,,,,,,,,,,,,,,,,,,,,,,,,,,,,,,,,,,,,,,,,,,,,,,,,,,,,,,,,,,,
"2025-09-02 15:13:10.8764208Z","ETW","Microsoft-Windows-Kernel-File",10,"NameCreateInfo ",3816,17724,"explorer.exe",,,,"C:\Windows\SystemApps\SxS\MicrosoftWindows.57074914.Livtop_cw5n1h2txyewy\appxmanifest.xml:WofCompressedData",,,,,,,,,,,,[{"addr":140736918204500,"idx":0},{"addr":140736872313753,"idx":1},{"addr":140736872309067,"idx":2},{"addr":140736511210306,"idx":3},{"addr":140736511207634,"idx":4},{"addr":140736511650579,"idx":5},{"addr":140736510699770,"idx":6},{"addr":140736510703039,"idx":7},{"addr":140736511108294,"idx":8},{"addr":140736511107169,"idx":9},{"addr":140736511829909,"idx":10},{"addr":140736511477407,"idx":11},{"addr":140736511477284,"idx":12},{"addr":140736444544589,"idx":13},{"addr":140736447068215,"idx":14},{"addr":140736446402900,"idx":15},{"addr":140736445990966,"idx":16},{"addr":140736445990612,"idx":17},{"addr":140736445990034,"idx":18},{"addr":140736448620801,"idx":19},{"addr":140736446264535,"idx":20},{"addr":140736395570157,"idx":21},{"addr":140736395570087,"idx":22},{"addr":140736395460547,"idx":23},{"addr":140736395954798,"idx":24},{"addr":140736395379493,"idx":25},{"addr":140696088247311,"idx":26},{"addr":140696088445621,"idx":27},{"addr":140736897083607,"idx":28},{"addr":140736916996940,"idx":29}],,,,,,,18446708904722298224,,,,,,,,,,,,,,,,,,,,,,,,,,,,,,,,,,,,,,,,,,,,,,,,,,,,,,,,,,,,,,,,,,,,,,,,,,,,,,,,,,,,,,,,,,,,,,,,,,,,,,,,,,,,,,,,,
"2025-09-02 15:13:10.8767436Z","ETW","Microsoft-Windows-Kernel-File",10,"NameCreateInfo ",3816,17724,"explorer.exe",,,,"C:\Windows\SystemApps\MicrosoftWindows.Client.CBS_cw5n1h2txyewy\appxmanifest.xml",,,,,,,,,,,,[{"addr":140736918204500,"idx":0},{"addr":140736872313753,"idx":1},{"addr":140736872309067,"idx":2},{"addr":140736511210306,"idx":3},{"addr":140736511207634,"idx":4},{"addr":140736511650579,"idx":5},{"addr":140736510699770,"idx":6},{"addr":140736510703039,"idx":7},{"addr":140736511108294,"idx":8},{"addr":140736511107169,"idx":9},{"addr":140736511829909,"idx":10},{"addr":140736511477407,"idx":11},{"addr":140736511477284,"idx":12},{"addr":140736444544589,"idx":13},{"addr":140736447068215,"idx":14},{"addr":140736446402900,"idx":15},{"addr":140736445990966,"idx":16},{"addr":140736445990612,"idx":17},{"addr":140736445990034,"idx":18},{"addr":140736448620801,"idx":19},{"addr":140736446264535,"idx":20},{"addr":140736395570157,"idx":21},{"addr":140736395570087,"idx":22},{"addr":140736395460547,"idx":23},{"addr":140736395954798,"idx":24},{"addr":140736395379493,"idx":25},{"addr":140696088247311,"idx":26},{"addr":140696088445621,"idx":27},{"addr":140736897083607,"idx":28},{"addr":140736916996940,"idx":29}],,,,,,,18446708904376896368,,,,,,,,,,,,,,,,,,,,,,,,,,,,,,,,,,,,,,,,,,,,,,,,,,,,,,,,,,,,,,,,,,,,,,,,,,,,,,,,,,,,,,,,,,,,,,,,,,,,,,,,,,,,,,,,,
"2025-09-02 15:13:10.8768248Z","ETW","Microsoft-Windows-Kernel-File",10,"NameCreateInfo ",3816,17724,"explorer.exe",,,,"C:\Windows\SystemApps\MicrosoftWindows.Client.CBS_cw5n1h2txyewy\appxmanifest.xml:WofCompressedData",,,,,,,,,,,,[{"addr":140736918204500,"idx":0},{"addr":140736872313753,"idx":1},{"addr":140736872309067,"idx":2},{"addr":140736511210306,"idx":3},{"addr":140736511207634,"idx":4},{"addr":140736511650579,"idx":5},{"addr":140736510699770,"idx":6},{"addr":140736510703039,"idx":7},{"addr":140736511108294,"idx":8},{"addr":140736511107169,"idx":9},{"addr":140736511829909,"idx":10},{"addr":140736511477407,"idx":11},{"addr":140736511477284,"idx":12},{"addr":140736444544589,"idx":13},{"addr":140736447068215,"idx":14},{"addr":140736446402900,"idx":15},{"addr":140736445990966,"idx":16},{"addr":140736445990612,"idx":17},{"addr":140736445990034,"idx":18},{"addr":140736448620801,"idx":19},{"addr":140736446264535,"idx":20},{"addr":140736395570157,"idx":21},{"addr":140736395570087,"idx":22},{"addr":140736395460547,"idx":23},{"addr":140736395954798,"idx":24},{"addr":140736395379493,"idx":25},{"addr":140696088247311,"idx":26},{"addr":140696088445621,"idx":27},{"addr":140736897083607,"idx":28},{"addr":140736916996940,"idx":29}],,,,,,,18446708904722298224,,,,,,,,,,,,,,,,,,,,,,,,,,,,,,,,,,,,,,,,,,,,,,,,,,,,,,,,,,,,,,,,,,,,,,,,,,,,,,,,,,,,,,,,,,,,,,,,,,,,,,,,,,,,,,,,,
"2025-09-02 15:13:10.8771746Z","ETW","Microsoft-Windows-Kernel-File",10,"NameCreateInfo ",3816,17724,"explorer.exe",,,,"C:\Windows\SystemApps\MicrosoftWindows.Client.CBS_cw5n1h2txyewy\appxmanifest.xml",,,,,,,,,,,,[{"addr":140736918204500,"idx":0},{"addr":140736872313753,"idx":1},{"addr":140736872309067,"idx":2},{"addr":140736511210306,"idx":3},{"addr":140736511207634,"idx":4},{"addr":140736511650579,"idx":5},{"addr":140736510699770,"idx":6},{"addr":140736510703039,"idx":7},{"addr":140736511108294,"idx":8},{"addr":140736511107169,"idx":9},{"addr":140736511829909,"idx":10},{"addr":140736511477407,"idx":11},{"addr":140736511477284,"idx":12},{"addr":140736444544589,"idx":13},{"addr":140736447068215,"idx":14},{"addr":140736446402900,"idx":15},{"addr":140736445990966,"idx":16},{"addr":140736445990612,"idx":17},{"addr":140736445990034,"idx":18},{"addr":140736448620801,"idx":19},{"addr":140736446264535,"idx":20},{"addr":140736395570157,"idx":21},{"addr":140736395570087,"idx":22},{"addr":140736395460547,"idx":23},{"addr":140736395954798,"idx":24},{"addr":140736395379493,"idx":25},{"addr":140696088247311,"idx":26},{"addr":140696088445621,"idx":27},{"addr":140736897083607,"idx":28},{"addr":140736916996940,"idx":29}],,,,,,,18446708904376896368,,,,,,,,,,,,,,,,,,,,,,,,,,,,,,,,,,,,,,,,,,,,,,,,,,,,,,,,,,,,,,,,,,,,,,,,,,,,,,,,,,,,,,,,,,,,,,,,,,,,,,,,,,,,,,,,,
"2025-09-02 15:13:10.8772542Z","ETW","Microsoft-Windows-Kernel-File",10,"NameCreateInfo ",3816,17724,"explorer.exe",,,,"C:\Windows\SystemApps\MicrosoftWindows.Client.CBS_cw5n1h2txyewy\appxmanifest.xml:WofCompressedData",,,,,,,,,,,,[{"addr":140736918204500,"idx":0},{"addr":140736872313753,"idx":1},{"addr":140736872309067,"idx":2},{"addr":140736511210306,"idx":3},{"addr":140736511207634,"idx":4},{"addr":140736511650579,"idx":5},{"addr":140736510699770,"idx":6},{"addr":140736510703039,"idx":7},{"addr":140736511108294,"idx":8},{"addr":140736511107169,"idx":9},{"addr":140736511829909,"idx":10},{"addr":140736511477407,"idx":11},{"addr":140736511477284,"idx":12},{"addr":140736444544589,"idx":13},{"addr":140736447068215,"idx":14},{"addr":140736446402900,"idx":15},{"addr":140736445990966,"idx":16},{"addr":140736445990612,"idx":17},{"addr":140736445990034,"idx":18},{"addr":140736448620801,"idx":19},{"addr":140736446264535,"idx":20},{"addr":140736395570157,"idx":21},{"addr":140736395570087,"idx":22},{"addr":140736395460547,"idx":23},{"addr":140736395954798,"idx":24},{"addr":140736395379493,"idx":25},{"addr":140696088247311,"idx":26},{"addr":140696088445621,"idx":27},{"addr":140736897083607,"idx":28},{"addr":140736916996940,"idx":29}],,,,,,,18446708904722298224,,,,,,,,,,,,,,,,,,,,,,,,,,,,,,,,,,,,,,,,,,,,,,,,,,,,,,,,,,,,,,,,,,,,,,,,,,,,,,,,,,,,,,,,,,,,,,,,,,,,,,,,,,,,,,,,,
"2025-09-02 15:13:10.8775881Z","ETW","Microsoft-Windows-Kernel-File",10,"NameCreateInfo ",3816,17724,"explorer.exe",,,,"C:\Windows\SystemApps\MicrosoftWindows.Client.CBS_cw5n1h2txyewy\appxmanifest.xml",,,,,,,,,,,,[{"addr":140736918204500,"idx":0},{"addr":140736872313753,"idx":1},{"addr":140736872309067,"idx":2},{"addr":140736511210306,"idx":3},{"addr":140736511207634,"idx":4},{"addr":140736511650579,"idx":5},{"addr":140736510699770,"idx":6},{"addr":140736510703039,"idx":7},{"addr":140736511108294,"idx":8},{"addr":140736511107169,"idx":9},{"addr":140736511829909,"idx":10},{"addr":140736511477407,"idx":11},{"addr":140736511477284,"idx":12},{"addr":140736444544589,"idx":13},{"addr":140736447068215,"idx":14},{"addr":140736446402900,"idx":15},{"addr":140736445990966,"idx":16},{"addr":140736445990612,"idx":17},{"addr":140736445990034,"idx":18},{"addr":140736448620801,"idx":19},{"addr":140736446264535,"idx":20},{"addr":140736395570157,"idx":21},{"addr":140736395570087,"idx":22},{"addr":140736395460547,"idx":23},{"addr":140736395954798,"idx":24},{"addr":140736395379493,"idx":25},{"addr":140696088247311,"idx":26},{"addr":140696088445621,"idx":27},{"addr":140736897083607,"idx":28},{"addr":140736916996940,"idx":29}],,,,,,,18446708904376896368,,,,,,,,,,,,,,,,,,,,,,,,,,,,,,,,,,,,,,,,,,,,,,,,,,,,,,,,,,,,,,,,,,,,,,,,,,,,,,,,,,,,,,,,,,,,,,,,,,,,,,,,,,,,,,,,,
"2025-09-02 15:13:10.8776637Z","ETW","Microsoft-Windows-Kernel-File",10,"NameCreateInfo ",3816,17724,"explorer.exe",,,,"C:\Windows\SystemApps\MicrosoftWindows.Client.CBS_cw5n1h2txyewy\appxmanifest.xml:WofCompressedData",,,,,,,,,,,,[{"addr":140736918204500,"idx":0},{"addr":140736872313753,"idx":1},{"addr":140736872309067,"idx":2},{"addr":140736511210306,"idx":3},{"addr":140736511207634,"idx":4},{"addr":140736511650579,"idx":5},{"addr":140736510699770,"idx":6},{"addr":140736510703039,"idx":7},{"addr":140736511108294,"idx":8},{"addr":140736511107169,"idx":9},{"addr":140736511829909,"idx":10},{"addr":140736511477407,"idx":11},{"addr":140736511477284,"idx":12},{"addr":140736444544589,"idx":13},{"addr":140736447068215,"idx":14},{"addr":140736446402900,"idx":15},{"addr":140736445990966,"idx":16},{"addr":140736445990612,"idx":17},{"addr":140736445990034,"idx":18},{"addr":140736448620801,"idx":19},{"addr":140736446264535,"idx":20},{"addr":140736395570157,"idx":21},{"addr":140736395570087,"idx":22},{"addr":140736395460547,"idx":23},{"addr":140736395954798,"idx":24},{"addr":140736395379493,"idx":25},{"addr":140696088247311,"idx":26},{"addr":140696088445621,"idx":27},{"addr":140736897083607,"idx":28},{"addr":140736916996940,"idx":29}],,,,,,,18446708904722298224,,,,,,,,,,,,,,,,,,,,,,,,,,,,,,,,,,,,,,,,,,,,,,,,,,,,,,,,,,,,,,,,,,,,,,,,,,,,,,,,,,,,,,,,,,,,,,,,,,,,,,,,,,,,,,,,,
"2025-09-02 15:13:10.8780156Z","ETW","Microsoft-Windows-Kernel-File",10,"NameCreateInfo ",3816,17724,"explorer.exe",,,,"C:\Windows\SystemApps\MicrosoftWindows.Client.CBS_cw5n1h2txyewy\appxmanifest.xml",,,,,,,,,,,,[{"addr":140736918204500,"idx":0},{"addr":140736872313753,"idx":1},{"addr":140736872309067,"idx":2},{"addr":140736511210306,"idx":3},{"addr":140736511207634,"idx":4},{"addr":140736511650579,"idx":5},{"addr":140736510699770,"idx":6},{"addr":140736510703039,"idx":7},{"addr":140736511108294,"idx":8},{"addr":140736511107169,"idx":9},{"addr":140736511829909,"idx":10},{"addr":140736511477407,"idx":11},{"addr":140736511477284,"idx":12},{"addr":140736444544589,"idx":13},{"addr":140736447068215,"idx":14},{"addr":140736446402900,"idx":15},{"addr":140736445990966,"idx":16},{"addr":140736445990612,"idx":17},{"addr":140736445990034,"idx":18},{"addr":140736448620801,"idx":19},{"addr":140736446264535,"idx":20},{"addr":140736395570157,"idx":21},{"addr":140736395570087,"idx":22},{"addr":140736395460547,"idx":23},{"addr":140736395954798,"idx":24},{"addr":140736395379493,"idx":25},{"addr":140696088247311,"idx":26},{"addr":140696088445621,"idx":27},{"addr":140736897083607,"idx":28},{"addr":140736916996940,"idx":29}],,,,,,,18446708904376896368,,,,,,,,,,,,,,,,,,,,,,,,,,,,,,,,,,,,,,,,,,,,,,,,,,,,,,,,,,,,,,,,,,,,,,,,,,,,,,,,,,,,,,,,,,,,,,,,,,,,,,,,,,,,,,,,,
"2025-09-02 15:13:10.8781070Z","ETW","Microsoft-Windows-Kernel-File",10,"NameCreateInfo ",3816,17724,"explorer.exe",,,,"C:\Windows\SystemApps\MicrosoftWindows.Client.CBS_cw5n1h2txyewy\appxmanifest.xml:WofCompressedData",,,,,,,,,,,,[{"addr":140736918204500,"idx":0},{"addr":140736872313753,"idx":1},{"addr":140736872309067,"idx":2},{"addr":140736511210306,"idx":3},{"addr":140736511207634,"idx":4},{"addr":140736511650579,"idx":5},{"addr":140736510699770,"idx":6},{"addr":140736510703039,"idx":7},{"addr":140736511108294,"idx":8},{"addr":140736511107169,"idx":9},{"addr":140736511829909,"idx":10},{"addr":140736511477407,"idx":11},{"addr":140736511477284,"idx":12},{"addr":140736444544589,"idx":13},{"addr":140736447068215,"idx":14},{"addr":140736446402900,"idx":15},{"addr":140736445990966,"idx":16},{"addr":140736445990612,"idx":17},{"addr":140736445990034,"idx":18},{"addr":140736448620801,"idx":19},{"addr":140736446264535,"idx":20},{"addr":140736395570157,"idx":21},{"addr":140736395570087,"idx":22},{"addr":140736395460547,"idx":23},{"addr":140736395954798,"idx":24},{"addr":140736395379493,"idx":25},{"addr":140696088247311,"idx":26},{"addr":140696088445621,"idx":27},{"addr":140736897083607,"idx":28},{"addr":140736916996940,"idx":29}],,,,,,,18446708904722298224,,,,,,,,,,,,,,,,,,,,,,,,,,,,,,,,,,,,,,,,,,,,,,,,,,,,,,,,,,,,,,,,,,,,,,,,,,,,,,,,,,,,,,,,,,,,,,,,,,,,,,,,,,,,,,,,,
"2025-09-02 15:13:10.8784315Z","ETW","Microsoft-Windows-Kernel-File",10,"NameCreateInfo ",3816,17724,"explorer.exe",,,,"C:\Windows\SystemApps\MicrosoftWindows.Client.CBS_cw5n1h2txyewy\appxmanifest.xml",,,,,,,,,,,,[{"addr":140736918204500,"idx":0},{"addr":140736872313753,"idx":1},{"addr":140736872309067,"idx":2},{"addr":140736511210306,"idx":3},{"addr":140736511207634,"idx":4},{"addr":140736511650579,"idx":5},{"addr":140736510699770,"idx":6},{"addr":140736510703039,"idx":7},{"addr":140736511108294,"idx":8},{"addr":140736511107169,"idx":9},{"addr":140736511829909,"idx":10},{"addr":140736511477407,"idx":11},{"addr":140736511477284,"idx":12},{"addr":140736444544589,"idx":13},{"addr":140736447068215,"idx":14},{"addr":140736446402900,"idx":15},{"addr":140736445990966,"idx":16},{"addr":140736445990612,"idx":17},{"addr":140736445990034,"idx":18},{"addr":140736448620801,"idx":19},{"addr":140736446264535,"idx":20},{"addr":140736395570157,"idx":21},{"addr":140736395570087,"idx":22},{"addr":140736395460547,"idx":23},{"addr":140736395954798,"idx":24},{"addr":140736395379493,"idx":25},{"addr":140696088247311,"idx":26},{"addr":140696088445621,"idx":27},{"addr":140736897083607,"idx":28},{"addr":140736916996940,"idx":29}],,,,,,,18446708904376896368,,,,,,,,,,,,,,,,,,,,,,,,,,,,,,,,,,,,,,,,,,,,,,,,,,,,,,,,,,,,,,,,,,,,,,,,,,,,,,,,,,,,,,,,,,,,,,,,,,,,,,,,,,,,,,,,,
"2025-09-02 15:13:10.8785078Z","ETW","Microsoft-Windows-Kernel-File",10,"NameCreateInfo ",3816,17724,"explorer.exe",,,,"C:\Windows\SystemApps\MicrosoftWindows.Client.CBS_cw5n1h2txyewy\appxmanifest.xml:WofCompressedData",,,,,,,,,,,,[{"addr":140736918204500,"idx":0},{"addr":140736872313753,"idx":1},{"addr":140736872309067,"idx":2},{"addr":140736511210306,"idx":3},{"addr":140736511207634,"idx":4},{"addr":140736511650579,"idx":5},{"addr":140736510699770,"idx":6},{"addr":140736510703039,"idx":7},{"addr":140736511108294,"idx":8},{"addr":140736511107169,"idx":9},{"addr":140736511829909,"idx":10},{"addr":140736511477407,"idx":11},{"addr":140736511477284,"idx":12},{"addr":140736444544589,"idx":13},{"addr":140736447068215,"idx":14},{"addr":140736446402900,"idx":15},{"addr":140736445990966,"idx":16},{"addr":140736445990612,"idx":17},{"addr":140736445990034,"idx":18},{"addr":140736448620801,"idx":19},{"addr":140736446264535,"idx":20},{"addr":140736395570157,"idx":21},{"addr":140736395570087,"idx":22},{"addr":140736395460547,"idx":23},{"addr":140736395954798,"idx":24},{"addr":140736395379493,"idx":25},{"addr":140696088247311,"idx":26},{"addr":140696088445621,"idx":27},{"addr":140736897083607,"idx":28},{"addr":140736916996940,"idx":29}],,,,,,,18446708904722298224,,,,,,,,,,,,,,,,,,,,,,,,,,,,,,,,,,,,,,,,,,,,,,,,,,,,,,,,,,,,,,,,,,,,,,,,,,,,,,,,,,,,,,,,,,,,,,,,,,,,,,,,,,,,,,,,,
"2025-09-02 15:13:10.8788703Z","ETW","Microsoft-Windows-Kernel-File",10,"NameCreateInfo ",3816,17724,"explorer.exe",,,,"C:\Windows\SystemApps\MicrosoftWindows.Client.CBS_cw5n1h2txyewy\appxmanifest.xml",,,,,,,,,,,,[{"addr":140736918204500,"idx":0},{"addr":140736872313753,"idx":1},{"addr":140736872309067,"idx":2},{"addr":140736511210306,"idx":3},{"addr":140736511207634,"idx":4},{"addr":140736511650579,"idx":5},{"addr":140736510699770,"idx":6},{"addr":140736510703039,"idx":7},{"addr":140736511108294,"idx":8},{"addr":140736511107169,"idx":9},{"addr":140736511829909,"idx":10},{"addr":140736511477407,"idx":11},{"addr":140736511477284,"idx":12},{"addr":140736444544589,"idx":13},{"addr":140736447068215,"idx":14},{"addr":140736446402900,"idx":15},{"addr":140736445990966,"idx":16},{"addr":140736445990612,"idx":17},{"addr":140736445990034,"idx":18},{"addr":140736448620801,"idx":19},{"addr":140736446264535,"idx":20},{"addr":140736395570157,"idx":21},{"addr":140736395570087,"idx":22},{"addr":140736395460547,"idx":23},{"addr":140736395954798,"idx":24},{"addr":140736395379493,"idx":25},{"addr":140696088247311,"idx":26},{"addr":140696088445621,"idx":27},{"addr":140736897083607,"idx":28},{"addr":140736916996940,"idx":29}],,,,,,,18446708904376896368,,,,,,,,,,,,,,,,,,,,,,,,,,,,,,,,,,,,,,,,,,,,,,,,,,,,,,,,,,,,,,,,,,,,,,,,,,,,,,,,,,,,,,,,,,,,,,,,,,,,,,,,,,,,,,,,,
"2025-09-02 15:13:10.8790273Z","ETW","Microsoft-Windows-Kernel-File",10,"NameCreateInfo ",3816,17724,"explorer.exe",,,,"C:\Windows\SystemApps\MicrosoftWindows.Client.CBS_cw5n1h2txyewy\appxmanifest.xml:WofCompressedData",,,,,,,,,,,,[{"addr":140736918204500,"idx":0},{"addr":140736872313753,"idx":1},{"addr":140736872309067,"idx":2},{"addr":140736511210306,"idx":3},{"addr":140736511207634,"idx":4},{"addr":140736511650579,"idx":5},{"addr":140736510699770,"idx":6},{"addr":140736510703039,"idx":7},{"addr":140736511108294,"idx":8},{"addr":140736511107169,"idx":9},{"addr":140736511829909,"idx":10},{"addr":140736511477407,"idx":11},{"addr":140736511477284,"idx":12},{"addr":140736444544589,"idx":13},{"addr":140736447068215,"idx":14},{"addr":140736446402900,"idx":15},{"addr":140736445990966,"idx":16},{"addr":140736445990612,"idx":17},{"addr":140736445990034,"idx":18},{"addr":140736448620801,"idx":19},{"addr":140736446264535,"idx":20},{"addr":140736395570157,"idx":21},{"addr":140736395570087,"idx":22},{"addr":140736395460547,"idx":23},{"addr":140736395954798,"idx":24},{"addr":140736395379493,"idx":25},{"addr":140696088247311,"idx":26},{"addr":140696088445621,"idx":27},{"addr":140736897083607,"idx":28},{"addr":140736916996940,"idx":29}],,,,,,,18446708904722298224,,,,,,,,,,,,,,,,,,,,,,,,,,,,,,,,,,,,,,,,,,,,,,,,,,,,,,,,,,,,,,,,,,,,,,,,,,,,,,,,,,,,,,,,,,,,,,,,,,,,,,,,,,,,,,,,,
"2025-09-02 15:13:10.8793142Z","ETW","Microsoft-Windows-Kernel-File",10,"NameCreateInfo ",3816,17724,"explorer.exe",,,,"C:\Windows\SystemApps\MicrosoftWindows.Client.CBS_cw5n1h2txyewy\appxmanifest.xml",,,,,,,,,,,,[{"addr":140736918204500,"idx":0},{"addr":140736872313753,"idx":1},{"addr":140736872309067,"idx":2},{"addr":140736511210306,"idx":3},{"addr":140736511207634,"idx":4},{"addr":140736511650579,"idx":5},{"addr":140736510699770,"idx":6},{"addr":140736510703039,"idx":7},{"addr":140736511108294,"idx":8},{"addr":140736511107169,"idx":9},{"addr":140736511829909,"idx":10},{"addr":140736511477407,"idx":11},{"addr":140736511477284,"idx":12},{"addr":140736444544589,"idx":13},{"addr":140736447068215,"idx":14},{"addr":140736446402900,"idx":15},{"addr":140736445990966,"idx":16},{"addr":140736445990612,"idx":17},{"addr":140736445990034,"idx":18},{"addr":140736448620801,"idx":19},{"addr":140736446264535,"idx":20},{"addr":140736395570157,"idx":21},{"addr":140736395570087,"idx":22},{"addr":140736395460547,"idx":23},{"addr":140736395954798,"idx":24},{"addr":140736395379493,"idx":25},{"addr":140696088247311,"idx":26},{"addr":140696088445621,"idx":27},{"addr":140736897083607,"idx":28},{"addr":140736916996940,"idx":29}],,,,,,,18446708904376896368,,,,,,,,,,,,,,,,,,,,,,,,,,,,,,,,,,,,,,,,,,,,,,,,,,,,,,,,,,,,,,,,,,,,,,,,,,,,,,,,,,,,,,,,,,,,,,,,,,,,,,,,,,,,,,,,,
"2025-09-02 15:13:10.8793932Z","ETW","Microsoft-Windows-Kernel-File",10,"NameCreateInfo ",3816,17724,"explorer.exe",,,,"C:\Windows\SystemApps\MicrosoftWindows.Client.CBS_cw5n1h2txyewy\appxmanifest.xml:WofCompressedData",,,,,,,,,,,,[{"addr":140736918204500,"idx":0},{"addr":140736872313753,"idx":1},{"addr":140736872309067,"idx":2},{"addr":140736511210306,"idx":3},{"addr":140736511207634,"idx":4},{"addr":140736511650579,"idx":5},{"addr":140736510699770,"idx":6},{"addr":140736510703039,"idx":7},{"addr":140736511108294,"idx":8},{"addr":140736511107169,"idx":9},{"addr":140736511829909,"idx":10},{"addr":140736511477407,"idx":11},{"addr":140736511477284,"idx":12},{"addr":140736444544589,"idx":13},{"addr":140736447068215,"idx":14},{"addr":140736446402900,"idx":15},{"addr":140736445990966,"idx":16},{"addr":140736445990612,"idx":17},{"addr":140736445990034,"idx":18},{"addr":140736448620801,"idx":19},{"addr":140736446264535,"idx":20},{"addr":140736395570157,"idx":21},{"addr":140736395570087,"idx":22},{"addr":140736395460547,"idx":23},{"addr":140736395954798,"idx":24},{"addr":140736395379493,"idx":25},{"addr":140696088247311,"idx":26},{"addr":140696088445621,"idx":27},{"addr":140736897083607,"idx":28},{"addr":140736916996940,"idx":29}],,,,,,,18446708904722298224,,,,,,,,,,,,,,,,,,,,,,,,,,,,,,,,,,,,,,,,,,,,,,,,,,,,,,,,,,,,,,,,,,,,,,,,,,,,,,,,,,,,,,,,,,,,,,,,,,,,,,,,,,,,,,,,,
"2025-09-02 15:13:10.8796745Z","ETW","Microsoft-Windows-Kernel-File",10,"NameCreateInfo ",3816,17724,"explorer.exe",,,,"C:\Windows\SystemApps\MicrosoftWindows.Client.CBS_cw5n1h2txyewy\appxmanifest.xml",,,,,,,,,,,,[{"addr":140736918204500,"idx":0},{"addr":140736872313753,"idx":1},{"addr":140736872309067,"idx":2},{"addr":140736511210306,"idx":3},{"addr":140736511207634,"idx":4},{"addr":140736511650579,"idx":5},{"addr":140736510699770,"idx":6},{"addr":140736510703039,"idx":7},{"addr":140736511108294,"idx":8},{"addr":140736511107169,"idx":9},{"addr":140736511829909,"idx":10},{"addr":140736511477407,"idx":11},{"addr":140736511477284,"idx":12},{"addr":140736444544589,"idx":13},{"addr":140736447068215,"idx":14},{"addr":140736446402900,"idx":15},{"addr":140736445990966,"idx":16},{"addr":140736445990612,"idx":17},{"addr":140736445990034,"idx":18},{"addr":140736448620801,"idx":19},{"addr":140736446264535,"idx":20},{"addr":140736395570157,"idx":21},{"addr":140736395570087,"idx":22},{"addr":140736395460547,"idx":23},{"addr":140736395954798,"idx":24},{"addr":140736395379493,"idx":25},{"addr":140696088247311,"idx":26},{"addr":140696088445621,"idx":27},{"addr":140736897083607,"idx":28},{"addr":140736916996940,"idx":29}],,,,,,,18446708904376896368,,,,,,,,,,,,,,,,,,,,,,,,,,,,,,,,,,,,,,,,,,,,,,,,,,,,,,,,,,,,,,,,,,,,,,,,,,,,,,,,,,,,,,,,,,,,,,,,,,,,,,,,,,,,,,,,,
"2025-09-02 15:13:10.8797578Z","ETW","Microsoft-Windows-Kernel-File",10,"NameCreateInfo ",3816,17724,"explorer.exe",,,,"C:\Windows\SystemApps\MicrosoftWindows.Client.CBS_cw5n1h2txyewy\appxmanifest.xml:WofCompressedData",,,,,,,,,,,,[{"addr":140736918204500,"idx":0},{"addr":140736872313753,"idx":1},{"addr":140736872309067,"idx":2},{"addr":140736511210306,"idx":3},{"addr":140736511207634,"idx":4},{"addr":140736511650579,"idx":5},{"addr":140736510699770,"idx":6},{"addr":140736510703039,"idx":7},{"addr":140736511108294,"idx":8},{"addr":140736511107169,"idx":9},{"addr":140736511829909,"idx":10},{"addr":140736511477407,"idx":11},{"addr":140736511477284,"idx":12},{"addr":140736444544589,"idx":13},{"addr":140736447068215,"idx":14},{"addr":140736446402900,"idx":15},{"addr":140736445990966,"idx":16},{"addr":140736445990612,"idx":17},{"addr":140736445990034,"idx":18},{"addr":140736448620801,"idx":19},{"addr":140736446264535,"idx":20},{"addr":140736395570157,"idx":21},{"addr":140736395570087,"idx":22},{"addr":140736395460547,"idx":23},{"addr":140736395954798,"idx":24},{"addr":140736395379493,"idx":25},{"addr":140696088247311,"idx":26},{"addr":140696088445621,"idx":27},{"addr":140736897083607,"idx":28},{"addr":140736916996940,"idx":29}],,,,,,,18446708904722298224,,,,,,,,,,,,,,,,,,,,,,,,,,,,,,,,,,,,,,,,,,,,,,,,,,,,,,,,,,,,,,,,,,,,,,,,,,,,,,,,,,,,,,,,,,,,,,,,,,,,,,,,,,,,,,,,,
"2025-09-02 15:13:10.8800464Z","ETW","Microsoft-Windows-Kernel-File",10,"NameCreateInfo ",3816,17724,"explorer.exe",,,,"C:\Windows\SystemApps\MicrosoftWindows.Client.CBS_cw5n1h2txyewy\appxmanifest.xml",,,,,,,,,,,,[{"addr":140736918204500,"idx":0},{"addr":140736872313753,"idx":1},{"addr":140736872309067,"idx":2},{"addr":140736511210306,"idx":3},{"addr":140736511207634,"idx":4},{"addr":140736511650579,"idx":5},{"addr":140736510699770,"idx":6},{"addr":140736510703039,"idx":7},{"addr":140736511108294,"idx":8},{"addr":140736511107169,"idx":9},{"addr":140736511829909,"idx":10},{"addr":140736511477407,"idx":11},{"addr":140736511477284,"idx":12},{"addr":140736444544589,"idx":13},{"addr":140736447068215,"idx":14},{"addr":140736446402900,"idx":15},{"addr":140736445990966,"idx":16},{"addr":140736445990612,"idx":17},{"addr":140736445990034,"idx":18},{"addr":140736448620801,"idx":19},{"addr":140736446264535,"idx":20},{"addr":140736395570157,"idx":21},{"addr":140736395570087,"idx":22},{"addr":140736395460547,"idx":23},{"addr":140736395954798,"idx":24},{"addr":140736395379493,"idx":25},{"addr":140696088247311,"idx":26},{"addr":140696088445621,"idx":27},{"addr":140736897083607,"idx":28},{"addr":140736916996940,"idx":29}],,,,,,,18446708904376896368,,,,,,,,,,,,,,,,,,,,,,,,,,,,,,,,,,,,,,,,,,,,,,,,,,,,,,,,,,,,,,,,,,,,,,,,,,,,,,,,,,,,,,,,,,,,,,,,,,,,,,,,,,,,,,,,,
"2025-09-02 15:13:10.8801206Z","ETW","Microsoft-Windows-Kernel-File",10,"NameCreateInfo ",3816,17724,"explorer.exe",,,,"C:\Windows\SystemApps\MicrosoftWindows.Client.CBS_cw5n1h2txyewy\appxmanifest.xml:WofCompressedData",,,,,,,,,,,,[{"addr":140736918204500,"idx":0},{"addr":140736872313753,"idx":1},{"addr":140736872309067,"idx":2},{"addr":140736511210306,"idx":3},{"addr":140736511207634,"idx":4},{"addr":140736511650579,"idx":5},{"addr":140736510699770,"idx":6},{"addr":140736510703039,"idx":7},{"addr":140736511108294,"idx":8},{"addr":140736511107169,"idx":9},{"addr":140736511829909,"idx":10},{"addr":140736511477407,"idx":11},{"addr":140736511477284,"idx":12},{"addr":140736444544589,"idx":13},{"addr":140736447068215,"idx":14},{"addr":140736446402900,"idx":15},{"addr":140736445990966,"idx":16},{"addr":140736445990612,"idx":17},{"addr":140736445990034,"idx":18},{"addr":140736448620801,"idx":19},{"addr":140736446264535,"idx":20},{"addr":140736395570157,"idx":21},{"addr":140736395570087,"idx":22},{"addr":140736395460547,"idx":23},{"addr":140736395954798,"idx":24},{"addr":140736395379493,"idx":25},{"addr":140696088247311,"idx":26},{"addr":140696088445621,"idx":27},{"addr":140736897083607,"idx":28},{"addr":140736916996940,"idx":29}],,,,,,,18446708904722298224,,,,,,,,,,,,,,,,,,,,,,,,,,,,,,,,,,,,,,,,,,,,,,,,,,,,,,,,,,,,,,,,,,,,,,,,,,,,,,,,,,,,,,,,,,,,,,,,,,,,,,,,,,,,,,,,,
"2025-09-02 15:13:10.8803989Z","ETW","Microsoft-Windows-Kernel-File",10,"NameCreateInfo ",3816,17724,"explorer.exe",,,,"C:\Windows\SystemApps\MicrosoftWindows.Client.CBS_cw5n1h2txyewy\appxmanifest.xml",,,,,,,,,,,,[{"addr":140736918204500,"idx":0},{"addr":140736872313753,"idx":1},{"addr":140736872309067,"idx":2},{"addr":140736511210306,"idx":3},{"addr":140736511207634,"idx":4},{"addr":140736511650579,"idx":5},{"addr":140736510699770,"idx":6},{"addr":140736510703039,"idx":7},{"addr":140736511108294,"idx":8},{"addr":140736511107169,"idx":9},{"addr":140736511829909,"idx":10},{"addr":140736511477407,"idx":11},{"addr":140736511477284,"idx":12},{"addr":140736444544589,"idx":13},{"addr":140736447068215,"idx":14},{"addr":140736446402900,"idx":15},{"addr":140736445990966,"idx":16},{"addr":140736445990612,"idx":17},{"addr":140736445990034,"idx":18},{"addr":140736448620801,"idx":19},{"addr":140736446264535,"idx":20},{"addr":140736395570157,"idx":21},{"addr":140736395570087,"idx":22},{"addr":140736395460547,"idx":23},{"addr":140736395954798,"idx":24},{"addr":140736395379493,"idx":25},{"addr":140696088247311,"idx":26},{"addr":140696088445621,"idx":27},{"addr":140736897083607,"idx":28},{"addr":140736916996940,"idx":29}],,,,,,,18446708904376896368,,,,,,,,,,,,,,,,,,,,,,,,,,,,,,,,,,,,,,,,,,,,,,,,,,,,,,,,,,,,,,,,,,,,,,,,,,,,,,,,,,,,,,,,,,,,,,,,,,,,,,,,,,,,,,,,,
"2025-09-02 15:13:10.8804689Z","ETW","Microsoft-Windows-Kernel-File",10,"NameCreateInfo ",3816,17724,"explorer.exe",,,,"C:\Windows\SystemApps\MicrosoftWindows.Client.CBS_cw5n1h2txyewy\appxmanifest.xml:WofCompressedData",,,,,,,,,,,,[{"addr":140736918204500,"idx":0},{"addr":140736872313753,"idx":1},{"addr":140736872309067,"idx":2},{"addr":140736511210306,"idx":3},{"addr":140736511207634,"idx":4},{"addr":140736511650579,"idx":5},{"addr":140736510699770,"idx":6},{"addr":140736510703039,"idx":7},{"addr":140736511108294,"idx":8},{"addr":140736511107169,"idx":9},{"addr":140736511829909,"idx":10},{"addr":140736511477407,"idx":11},{"addr":140736511477284,"idx":12},{"addr":140736444544589,"idx":13},{"addr":140736447068215,"idx":14},{"addr":140736446402900,"idx":15},{"addr":140736445990966,"idx":16},{"addr":140736445990612,"idx":17},{"addr":140736445990034,"idx":18},{"addr":140736448620801,"idx":19},{"addr":140736446264535,"idx":20},{"addr":140736395570157,"idx":21},{"addr":140736395570087,"idx":22},{"addr":140736395460547,"idx":23},{"addr":140736395954798,"idx":24},{"addr":140736395379493,"idx":25},{"addr":140696088247311,"idx":26},{"addr":140696088445621,"idx":27},{"addr":140736897083607,"idx":28},{"addr":140736916996940,"idx":29}],,,,,,,18446708904722298224,,,,,,,,,,,,,,,,,,,,,,,,,,,,,,,,,,,,,,,,,,,,,,,,,,,,,,,,,,,,,,,,,,,,,,,,,,,,,,,,,,,,,,,,,,,,,,,,,,,,,,,,,,,,,,,,,
"2025-09-02 15:13:10.8807582Z","ETW","Microsoft-Windows-Kernel-File",10,"NameCreateInfo ",3816,17724,"explorer.exe",,,,"C:\Windows\SystemApps\MicrosoftWindows.Client.CBS_cw5n1h2txyewy\appxmanifest.xml",,,,,,,,,,,,[{"addr":140736918204500,"idx":0},{"addr":140736872313753,"idx":1},{"addr":140736872309067,"idx":2},{"addr":140736511210306,"idx":3},{"addr":140736511207634,"idx":4},{"addr":140736511650579,"idx":5},{"addr":140736510699770,"idx":6},{"addr":140736510703039,"idx":7},{"addr":140736511108294,"idx":8},{"addr":140736511107169,"idx":9},{"addr":140736511829909,"idx":10},{"addr":140736511477407,"idx":11},{"addr":140736511477284,"idx":12},{"addr":140736444544589,"idx":13},{"addr":140736447068215,"idx":14},{"addr":140736446402900,"idx":15},{"addr":140736445990966,"idx":16},{"addr":140736445990612,"idx":17},{"addr":140736445990034,"idx":18},{"addr":140736448620801,"idx":19},{"addr":140736446264535,"idx":20},{"addr":140736395570157,"idx":21},{"addr":140736395570087,"idx":22},{"addr":140736395460547,"idx":23},{"addr":140736395954798,"idx":24},{"addr":140736395379493,"idx":25},{"addr":140696088247311,"idx":26},{"addr":140696088445621,"idx":27},{"addr":140736897083607,"idx":28},{"addr":140736916996940,"idx":29}],,,,,,,18446708904376896368,,,,,,,,,,,,,,,,,,,,,,,,,,,,,,,,,,,,,,,,,,,,,,,,,,,,,,,,,,,,,,,,,,,,,,,,,,,,,,,,,,,,,,,,,,,,,,,,,,,,,,,,,,,,,,,,,
"2025-09-02 15:13:10.8808295Z","ETW","Microsoft-Windows-Kernel-File",10,"NameCreateInfo ",3816,17724,"explorer.exe",,,,"C:\Windows\SystemApps\MicrosoftWindows.Client.CBS_cw5n1h2txyewy\appxmanifest.xml:WofCompressedData",,,,,,,,,,,,[{"addr":140736918204500,"idx":0},{"addr":140736872313753,"idx":1},{"addr":140736872309067,"idx":2},{"addr":140736511210306,"idx":3},{"addr":140736511207634,"idx":4},{"addr":140736511650579,"idx":5},{"addr":140736510699770,"idx":6},{"addr":140736510703039,"idx":7},{"addr":140736511108294,"idx":8},{"addr":140736511107169,"idx":9},{"addr":140736511829909,"idx":10},{"addr":140736511477407,"idx":11},{"addr":140736511477284,"idx":12},{"addr":140736444544589,"idx":13},{"addr":140736447068215,"idx":14},{"addr":140736446402900,"idx":15},{"addr":140736445990966,"idx":16},{"addr":140736445990612,"idx":17},{"addr":140736445990034,"idx":18},{"addr":140736448620801,"idx":19},{"addr":140736446264535,"idx":20},{"addr":140736395570157,"idx":21},{"addr":140736395570087,"idx":22},{"addr":140736395460547,"idx":23},{"addr":140736395954798,"idx":24},{"addr":140736395379493,"idx":25},{"addr":140696088247311,"idx":26},{"addr":140696088445621,"idx":27},{"addr":140736897083607,"idx":28},{"addr":140736916996940,"idx":29}],,,,,,,18446708904722298224,,,,,,,,,,,,,,,,,,,,,,,,,,,,,,,,,,,,,,,,,,,,,,,,,,,,,,,,,,,,,,,,,,,,,,,,,,,,,,,,,,,,,,,,,,,,,,,,,,,,,,,,,,,,,,,,,
"2025-09-02 15:13:10.8811169Z","ETW","Microsoft-Windows-Kernel-File",10,"NameCreateInfo ",3816,17724,"explorer.exe",,,,"C:\Windows\SystemApps\MicrosoftWindows.Client.CBS_cw5n1h2txyewy\appxmanifest.xml",,,,,,,,,,,,[{"addr":140736918204500,"idx":0},{"addr":140736872313753,"idx":1},{"addr":140736872309067,"idx":2},{"addr":140736511210306,"idx":3},{"addr":140736511207634,"idx":4},{"addr":140736511650579,"idx":5},{"addr":140736510699770,"idx":6},{"addr":140736510703039,"idx":7},{"addr":140736511108294,"idx":8},{"addr":140736511107169,"idx":9},{"addr":140736511829909,"idx":10},{"addr":140736511477407,"idx":11},{"addr":140736511477284,"idx":12},{"addr":140736444544589,"idx":13},{"addr":140736447068215,"idx":14},{"addr":140736446402900,"idx":15},{"addr":140736445990966,"idx":16},{"addr":140736445990612,"idx":17},{"addr":140736445990034,"idx":18},{"addr":140736448620801,"idx":19},{"addr":140736446264535,"idx":20},{"addr":140736395570157,"idx":21},{"addr":140736395570087,"idx":22},{"addr":140736395460547,"idx":23},{"addr":140736395954798,"idx":24},{"addr":140736395379493,"idx":25},{"addr":140696088247311,"idx":26},{"addr":140696088445621,"idx":27},{"addr":140736897083607,"idx":28},{"addr":140736916996940,"idx":29}],,,,,,,18446708904376896368,,,,,,,,,,,,,,,,,,,,,,,,,,,,,,,,,,,,,,,,,,,,,,,,,,,,,,,,,,,,,,,,,,,,,,,,,,,,,,,,,,,,,,,,,,,,,,,,,,,,,,,,,,,,,,,,,
"2025-09-02 15:13:10.8811856Z","ETW","Microsoft-Windows-Kernel-File",10,"NameCreateInfo ",3816,17724,"explorer.exe",,,,"C:\Windows\SystemApps\MicrosoftWindows.Client.CBS_cw5n1h2txyewy\appxmanifest.xml:WofCompressedData",,,,,,,,,,,,[{"addr":140736918204500,"idx":0},{"addr":140736872313753,"idx":1},{"addr":140736872309067,"idx":2},{"addr":140736511210306,"idx":3},{"addr":140736511207634,"idx":4},{"addr":140736511650579,"idx":5},{"addr":140736510699770,"idx":6},{"addr":140736510703039,"idx":7},{"addr":140736511108294,"idx":8},{"addr":140736511107169,"idx":9},{"addr":140736511829909,"idx":10},{"addr":140736511477407,"idx":11},{"addr":140736511477284,"idx":12},{"addr":140736444544589,"idx":13},{"addr":140736447068215,"idx":14},{"addr":140736446402900,"idx":15},{"addr":140736445990966,"idx":16},{"addr":140736445990612,"idx":17},{"addr":140736445990034,"idx":18},{"addr":140736448620801,"idx":19},{"addr":140736446264535,"idx":20},{"addr":140736395570157,"idx":21},{"addr":140736395570087,"idx":22},{"addr":140736395460547,"idx":23},{"addr":140736395954798,"idx":24},{"addr":140736395379493,"idx":25},{"addr":140696088247311,"idx":26},{"addr":140696088445621,"idx":27},{"addr":140736897083607,"idx":28},{"addr":140736916996940,"idx":29}],,,,,,,18446708904722298224,,,,,,,,,,,,,,,,,,,,,,,,,,,,,,,,,,,,,,,,,,,,,,,,,,,,,,,,,,,,,,,,,,,,,,,,,,,,,,,,,,,,,,,,,,,,,,,,,,,,,,,,,,,,,,,,,
"2025-09-02 15:13:10.8814406Z","ETW","Microsoft-Windows-Kernel-File",10,"NameCreateInfo ",3816,17724,"explorer.exe",,,,"C:\Windows\SystemApps\MicrosoftWindows.Client.CBS_cw5n1h2txyewy\appxmanifest.xml",,,,,,,,,,,,[{"addr":140736918204500,"idx":0},{"addr":140736872313753,"idx":1},{"addr":140736872309067,"idx":2},{"addr":140736511210306,"idx":3},{"addr":140736511207634,"idx":4},{"addr":140736511650579,"idx":5},{"addr":140736510699770,"idx":6},{"addr":140736510703039,"idx":7},{"addr":140736511108294,"idx":8},{"addr":140736511107169,"idx":9},{"addr":140736511829909,"idx":10},{"addr":140736511477407,"idx":11},{"addr":140736511477284,"idx":12},{"addr":140736444544589,"idx":13},{"addr":140736447068215,"idx":14},{"addr":140736446402900,"idx":15},{"addr":140736445990966,"idx":16},{"addr":140736445990612,"idx":17},{"addr":140736445990034,"idx":18},{"addr":140736448620801,"idx":19},{"addr":140736446264535,"idx":20},{"addr":140736395570157,"idx":21},{"addr":140736395570087,"idx":22},{"addr":140736395460547,"idx":23},{"addr":140736395954798,"idx":24},{"addr":140736395379493,"idx":25},{"addr":140696088247311,"idx":26},{"addr":140696088445621,"idx":27},{"addr":140736897083607,"idx":28},{"addr":140736916996940,"idx":29}],,,,,,,18446708904376896368,,,,,,,,,,,,,,,,,,,,,,,,,,,,,,,,,,,,,,,,,,,,,,,,,,,,,,,,,,,,,,,,,,,,,,,,,,,,,,,,,,,,,,,,,,,,,,,,,,,,,,,,,,,,,,,,,
"2025-09-02 15:13:10.8815082Z","ETW","Microsoft-Windows-Kernel-File",10,"NameCreateInfo ",3816,17724,"explorer.exe",,,,"C:\Windows\SystemApps\MicrosoftWindows.Client.CBS_cw5n1h2txyewy\appxmanifest.xml:WofCompressedData",,,,,,,,,,,,[{"addr":140736918204500,"idx":0},{"addr":140736872313753,"idx":1},{"addr":140736872309067,"idx":2},{"addr":140736511210306,"idx":3},{"addr":140736511207634,"idx":4},{"addr":140736511650579,"idx":5},{"addr":140736510699770,"idx":6},{"addr":140736510703039,"idx":7},{"addr":140736511108294,"idx":8},{"addr":140736511107169,"idx":9},{"addr":140736511829909,"idx":10},{"addr":140736511477407,"idx":11},{"addr":140736511477284,"idx":12},{"addr":140736444544589,"idx":13},{"addr":140736447068215,"idx":14},{"addr":140736446402900,"idx":15},{"addr":140736445990966,"idx":16},{"addr":140736445990612,"idx":17},{"addr":140736445990034,"idx":18},{"addr":140736448620801,"idx":19},{"addr":140736446264535,"idx":20},{"addr":140736395570157,"idx":21},{"addr":140736395570087,"idx":22},{"addr":140736395460547,"idx":23},{"addr":140736395954798,"idx":24},{"addr":140736395379493,"idx":25},{"addr":140696088247311,"idx":26},{"addr":140696088445621,"idx":27},{"addr":140736897083607,"idx":28},{"addr":140736916996940,"idx":29}],,,,,,,18446708904722298224,,,,,,,,,,,,,,,,,,,,,,,,,,,,,,,,,,,,,,,,,,,,,,,,,,,,,,,,,,,,,,,,,,,,,,,,,,,,,,,,,,,,,,,,,,,,,,,,,,,,,,,,,,,,,,,,,
"2025-09-02 15:13:10.8818124Z","ETW","Microsoft-Windows-Kernel-File",10,"NameCreateInfo ",3816,17724,"explorer.exe",,,,"C:\Windows\SystemApps\MicrosoftWindows.Client.CBS_cw5n1h2txyewy\appxmanifest.xml",,,,,,,,,,,,[{"addr":140736918204500,"idx":0},{"addr":140736872313753,"idx":1},{"addr":140736872309067,"idx":2},{"addr":140736511210306,"idx":3},{"addr":140736511207634,"idx":4},{"addr":140736511650579,"idx":5},{"addr":140736510699770,"idx":6},{"addr":140736510703039,"idx":7},{"addr":140736511108294,"idx":8},{"addr":140736511107169,"idx":9},{"addr":140736511829909,"idx":10},{"addr":140736511477407,"idx":11},{"addr":140736511477284,"idx":12},{"addr":140736444544589,"idx":13},{"addr":140736447068215,"idx":14},{"addr":140736446402900,"idx":15},{"addr":140736445990966,"idx":16},{"addr":140736445990612,"idx":17},{"addr":140736445990034,"idx":18},{"addr":140736448620801,"idx":19},{"addr":140736446264535,"idx":20},{"addr":140736395570157,"idx":21},{"addr":140736395570087,"idx":22},{"addr":140736395460547,"idx":23},{"addr":140736395954798,"idx":24},{"addr":140736395379493,"idx":25},{"addr":140696088247311,"idx":26},{"addr":140696088445621,"idx":27},{"addr":140736897083607,"idx":28},{"addr":140736916996940,"idx":29}],,,,,,,18446708904376896368,,,,,,,,,,,,,,,,,,,,,,,,,,,,,,,,,,,,,,,,,,,,,,,,,,,,,,,,,,,,,,,,,,,,,,,,,,,,,,,,,,,,,,,,,,,,,,,,,,,,,,,,,,,,,,,,,
"2025-09-02 15:13:10.8818875Z","ETW","Microsoft-Windows-Kernel-File",10,"NameCreateInfo ",3816,17724,"explorer.exe",,,,"C:\Windows\SystemApps\MicrosoftWindows.Client.CBS_cw5n1h2txyewy\appxmanifest.xml:WofCompressedData",,,,,,,,,,,,[{"addr":140736918204500,"idx":0},{"addr":140736872313753,"idx":1},{"addr":140736872309067,"idx":2},{"addr":140736511210306,"idx":3},{"addr":140736511207634,"idx":4},{"addr":140736511650579,"idx":5},{"addr":140736510699770,"idx":6},{"addr":140736510703039,"idx":7},{"addr":140736511108294,"idx":8},{"addr":140736511107169,"idx":9},{"addr":140736511829909,"idx":10},{"addr":140736511477407,"idx":11},{"addr":140736511477284,"idx":12},{"addr":140736444544589,"idx":13},{"addr":140736447068215,"idx":14},{"addr":140736446402900,"idx":15},{"addr":140736445990966,"idx":16},{"addr":140736445990612,"idx":17},{"addr":140736445990034,"idx":18},{"addr":140736448620801,"idx":19},{"addr":140736446264535,"idx":20},{"addr":140736395570157,"idx":21},{"addr":140736395570087,"idx":22},{"addr":140736395460547,"idx":23},{"addr":140736395954798,"idx":24},{"addr":140736395379493,"idx":25},{"addr":140696088247311,"idx":26},{"addr":140696088445621,"idx":27},{"addr":140736897083607,"idx":28},{"addr":140736916996940,"idx":29}],,,,,,,18446708904722298224,,,,,,,,,,,,,,,,,,,,,,,,,,,,,,,,,,,,,,,,,,,,,,,,,,,,,,,,,,,,,,,,,,,,,,,,,,,,,,,,,,,,,,,,,,,,,,,,,,,,,,,,,,,,,,,,,
"2025-09-02 15:13:10.8822800Z","ETW","Microsoft-Windows-Kernel-File",10,"NameCreateInfo ",3816,17724,"explorer.exe",,,,"C:\Windows\SystemApps\MicrosoftWindows.Client.CBS_cw5n1h2txyewy\appxmanifest.xml",,,,,,,,,,,,[{"addr":140736918204500,"idx":0},{"addr":140736872313753,"idx":1},{"addr":140736872309067,"idx":2},{"addr":140736511210306,"idx":3},{"addr":140736511207634,"idx":4},{"addr":140736511650579,"idx":5},{"addr":140736510699770,"idx":6},{"addr":140736510703039,"idx":7},{"addr":140736511108294,"idx":8},{"addr":140736511107169,"idx":9},{"addr":140736511829909,"idx":10},{"addr":140736511477407,"idx":11},{"addr":140736511477284,"idx":12},{"addr":140736444544589,"idx":13},{"addr":140736447068215,"idx":14},{"addr":140736446402900,"idx":15},{"addr":140736445990966,"idx":16},{"addr":140736445990612,"idx":17},{"addr":140736445990034,"idx":18},{"addr":140736448620801,"idx":19},{"addr":140736446264535,"idx":20},{"addr":140736395570157,"idx":21},{"addr":140736395570087,"idx":22},{"addr":140736395460547,"idx":23},{"addr":140736395954798,"idx":24},{"addr":140736395379493,"idx":25},{"addr":140696088247311,"idx":26},{"addr":140696088445621,"idx":27},{"addr":140736897083607,"idx":28},{"addr":140736916996940,"idx":29}],,,,,,,18446708904376896368,,,,,,,,,,,,,,,,,,,,,,,,,,,,,,,,,,,,,,,,,,,,,,,,,,,,,,,,,,,,,,,,,,,,,,,,,,,,,,,,,,,,,,,,,,,,,,,,,,,,,,,,,,,,,,,,,
"2025-09-02 15:13:10.8823829Z","ETW","Microsoft-Windows-Kernel-File",10,"NameCreateInfo ",3816,17724,"explorer.exe",,,,"C:\Windows\SystemApps\MicrosoftWindows.Client.CBS_cw5n1h2txyewy\appxmanifest.xml:WofCompressedData",,,,,,,,,,,,[{"addr":140736918204500,"idx":0},{"addr":140736872313753,"idx":1},{"addr":140736872309067,"idx":2},{"addr":140736511210306,"idx":3},{"addr":140736511207634,"idx":4},{"addr":140736511650579,"idx":5},{"addr":140736510699770,"idx":6},{"addr":140736510703039,"idx":7},{"addr":140736511108294,"idx":8},{"addr":140736511107169,"idx":9},{"addr":140736511829909,"idx":10},{"addr":140736511477407,"idx":11},{"addr":140736511477284,"idx":12},{"addr":140736444544589,"idx":13},{"addr":140736447068215,"idx":14},{"addr":140736446402900,"idx":15},{"addr":140736445990966,"idx":16},{"addr":140736445990612,"idx":17},{"addr":140736445990034,"idx":18},{"addr":140736448620801,"idx":19},{"addr":140736446264535,"idx":20},{"addr":140736395570157,"idx":21},{"addr":140736395570087,"idx":22},{"addr":140736395460547,"idx":23},{"addr":140736395954798,"idx":24},{"addr":140736395379493,"idx":25},{"addr":140696088247311,"idx":26},{"addr":140696088445621,"idx":27},{"addr":140736897083607,"idx":28},{"addr":140736916996940,"idx":29}],,,,,,,18446708904722298224,,,,,,,,,,,,,,,,,,,,,,,,,,,,,,,,,,,,,,,,,,,,,,,,,,,,,,,,,,,,,,,,,,,,,,,,,,,,,,,,,,,,,,,,,,,,,,,,,,,,,,,,,,,,,,,,,
"2025-09-02 15:13:10.8827920Z","ETW","Microsoft-Windows-Kernel-File",10,"NameCreateInfo ",3816,17724,"explorer.exe",,,,"C:\Windows\SystemApps\MicrosoftWindows.Client.CBS_cw5n1h2txyewy\appxmanifest.xml",,,,,,,,,,,,[{"addr":140736918204500,"idx":0},{"addr":140736872313753,"idx":1},{"addr":140736872309067,"idx":2},{"addr":140736511210306,"idx":3},{"addr":140736511207634,"idx":4},{"addr":140736511650579,"idx":5},{"addr":140736510699770,"idx":6},{"addr":140736510703039,"idx":7},{"addr":140736511108294,"idx":8},{"addr":140736511107169,"idx":9},{"addr":140736511829909,"idx":10},{"addr":140736511477407,"idx":11},{"addr":140736511477284,"idx":12},{"addr":140736444544589,"idx":13},{"addr":140736447068215,"idx":14},{"addr":140736446402900,"idx":15},{"addr":140736445990966,"idx":16},{"addr":140736445990612,"idx":17},{"addr":140736445990034,"idx":18},{"addr":140736448620801,"idx":19},{"addr":140736446264535,"idx":20},{"addr":140736395570157,"idx":21},{"addr":140736395570087,"idx":22},{"addr":140736395460547,"idx":23},{"addr":140736395954798,"idx":24},{"addr":140736395379493,"idx":25},{"addr":140696088247311,"idx":26},{"addr":140696088445621,"idx":27},{"addr":140736897083607,"idx":28},{"addr":140736916996940,"idx":29}],,,,,,,18446708904376896368,,,,,,,,,,,,,,,,,,,,,,,,,,,,,,,,,,,,,,,,,,,,,,,,,,,,,,,,,,,,,,,,,,,,,,,,,,,,,,,,,,,,,,,,,,,,,,,,,,,,,,,,,,,,,,,,,
"2025-09-02 15:13:10.8828673Z","ETW","Microsoft-Windows-Kernel-File",10,"NameCreateInfo ",3816,17724,"explorer.exe",,,,"C:\Windows\SystemApps\MicrosoftWindows.Client.CBS_cw5n1h2txyewy\appxmanifest.xml:WofCompressedData",,,,,,,,,,,,[{"addr":140736918204500,"idx":0},{"addr":140736872313753,"idx":1},{"addr":140736872309067,"idx":2},{"addr":140736511210306,"idx":3},{"addr":140736511207634,"idx":4},{"addr":140736511650579,"idx":5},{"addr":140736510699770,"idx":6},{"addr":140736510703039,"idx":7},{"addr":140736511108294,"idx":8},{"addr":140736511107169,"idx":9},{"addr":140736511829909,"idx":10},{"addr":140736511477407,"idx":11},{"addr":140736511477284,"idx":12},{"addr":140736444544589,"idx":13},{"addr":140736447068215,"idx":14},{"addr":140736446402900,"idx":15},{"addr":140736445990966,"idx":16},{"addr":140736445990612,"idx":17},{"addr":140736445990034,"idx":18},{"addr":140736448620801,"idx":19},{"addr":140736446264535,"idx":20},{"addr":140736395570157,"idx":21},{"addr":140736395570087,"idx":22},{"addr":140736395460547,"idx":23},{"addr":140736395954798,"idx":24},{"addr":140736395379493,"idx":25},{"addr":140696088247311,"idx":26},{"addr":140696088445621,"idx":27},{"addr":140736897083607,"idx":28},{"addr":140736916996940,"idx":29}],,,,,,,18446708904722298224,,,,,,,,,,,,,,,,,,,,,,,,,,,,,,,,,,,,,,,,,,,,,,,,,,,,,,,,,,,,,,,,,,,,,,,,,,,,,,,,,,,,,,,,,,,,,,,,,,,,,,,,,,,,,,,,,
"2025-09-02 15:13:10.8831383Z","ETW","Microsoft-Windows-Kernel-File",10,"NameCreateInfo ",3816,17724,"explorer.exe",,,,"C:\Windows\SystemApps\MicrosoftWindows.Client.CBS_cw5n1h2txyewy\appxmanifest.xml",,,,,,,,,,,,[{"addr":140736918204500,"idx":0},{"addr":140736872313753,"idx":1},{"addr":140736872309067,"idx":2},{"addr":140736511210306,"idx":3},{"addr":140736511207634,"idx":4},{"addr":140736511650579,"idx":5},{"addr":140736510699770,"idx":6},{"addr":140736510703039,"idx":7},{"addr":140736511108294,"idx":8},{"addr":140736511107169,"idx":9},{"addr":140736511829909,"idx":10},{"addr":140736511477407,"idx":11},{"addr":140736511477284,"idx":12},{"addr":140736444544589,"idx":13},{"addr":140736447068215,"idx":14},{"addr":140736446402900,"idx":15},{"addr":140736445990966,"idx":16},{"addr":140736445990612,"idx":17},{"addr":140736445990034,"idx":18},{"addr":140736448620801,"idx":19},{"addr":140736446264535,"idx":20},{"addr":140736395570157,"idx":21},{"addr":140736395570087,"idx":22},{"addr":140736395460547,"idx":23},{"addr":140736395954798,"idx":24},{"addr":140736395379493,"idx":25},{"addr":140696088247311,"idx":26},{"addr":140696088445621,"idx":27},{"addr":140736897083607,"idx":28},{"addr":140736916996940,"idx":29}],,,,,,,18446708904376896368,,,,,,,,,,,,,,,,,,,,,,,,,,,,,,,,,,,,,,,,,,,,,,,,,,,,,,,,,,,,,,,,,,,,,,,,,,,,,,,,,,,,,,,,,,,,,,,,,,,,,,,,,,,,,,,,,
"2025-09-02 15:13:10.8832093Z","ETW","Microsoft-Windows-Kernel-File",10,"NameCreateInfo ",3816,17724,"explorer.exe",,,,"C:\Windows\SystemApps\MicrosoftWindows.Client.CBS_cw5n1h2txyewy\appxmanifest.xml:WofCompressedData",,,,,,,,,,,,[{"addr":140736918204500,"idx":0},{"addr":140736872313753,"idx":1},{"addr":140736872309067,"idx":2},{"addr":140736511210306,"idx":3},{"addr":140736511207634,"idx":4},{"addr":140736511650579,"idx":5},{"addr":140736510699770,"idx":6},{"addr":140736510703039,"idx":7},{"addr":140736511108294,"idx":8},{"addr":140736511107169,"idx":9},{"addr":140736511829909,"idx":10},{"addr":140736511477407,"idx":11},{"addr":140736511477284,"idx":12},{"addr":140736444544589,"idx":13},{"addr":140736447068215,"idx":14},{"addr":140736446402900,"idx":15},{"addr":140736445990966,"idx":16},{"addr":140736445990612,"idx":17},{"addr":140736445990034,"idx":18},{"addr":140736448620801,"idx":19},{"addr":140736446264535,"idx":20},{"addr":140736395570157,"idx":21},{"addr":140736395570087,"idx":22},{"addr":140736395460547,"idx":23},{"addr":140736395954798,"idx":24},{"addr":140736395379493,"idx":25},{"addr":140696088247311,"idx":26},{"addr":140696088445621,"idx":27},{"addr":140736897083607,"idx":28},{"addr":140736916996940,"idx":29}],,,,,,,18446708904722298224,,,,,,,,,,,,,,,,,,,,,,,,,,,,,,,,,,,,,,,,,,,,,,,,,,,,,,,,,,,,,,,,,,,,,,,,,,,,,,,,,,,,,,,,,,,,,,,,,,,,,,,,,,,,,,,,,
"2025-09-02 15:13:10.8840408Z","ETW","Microsoft-Windows-Kernel-Audit-API-Calls",6,"Info ",1912,8,"MsMpEng.exe",,,,,,,,,,,,,,,,[{"addr":140736918212548,"idx":0},{"addr":140736872857142,"idx":1},{"addr":140736738243895,"idx":2},{"addr":140736738242452,"idx":3},{"addr":140736657604428,"idx":4},{"addr":140736657598535,"idx":5},{"addr":140736657597146,"idx":6},{"addr":140736658259206,"idx":7},{"addr":140736657749938,"idx":8},{"addr":140736657909615,"idx":9},{"addr":140736658079503,"idx":10},{"addr":140736897083607,"idx":11},{"addr":140736916996940,"idx":12}],,,,,,,,,,,,,,,,,,,2097151,0,1912,8,,,,,,,,,,,,,,,,,,,,,,,,,,,,,,,,,,,,,,,,,,,,,,,,,,,,,,,,,,,,,,,,,,,,,,,,,,,,,,,,,,,,,,,,,,,,,,,,,,
"2025-09-02 15:13:10.8851389Z","ETW","Microsoft-Windows-Kernel-Audit-API-Calls",6,"Info ",1912,8,"MsMpEng.exe",,,,,,,,,,,,,,,,[{"addr":140736918212548,"idx":0},{"addr":140736872857142,"idx":1},{"addr":140736738243895,"idx":2},{"addr":140736738242452,"idx":3},{"addr":140736657604428,"idx":4},{"addr":140736657598535,"idx":5},{"addr":140736657597146,"idx":6},{"addr":140736658259206,"idx":7},{"addr":140736657749938,"idx":8},{"addr":140736657909615,"idx":9},{"addr":140736658079503,"idx":10},{"addr":140736897083607,"idx":11},{"addr":140736916996940,"idx":12}],,,,,,,,,,,,,,,,,,,2097151,0,1912,8,,,,,,,,,,,,,,,,,,,,,,,,,,,,,,,,,,,,,,,,,,,,,,,,,,,,,,,,,,,,,,,,,,,,,,,,,,,,,,,,,,,,,,,,,,,,,,,,,,
"2025-09-02 15:13:10.8858475Z","ETW","Microsoft-Windows-Kernel-Audit-API-Calls",6,"Info ",1912,8,"MsMpEng.exe",,,,,,,,,,,,,,,,[{"addr":140736918212548,"idx":0},{"addr":140736872857142,"idx":1},{"addr":140736738243895,"idx":2},{"addr":140736738242452,"idx":3},{"addr":140736657604428,"idx":4},{"addr":140736657598535,"idx":5},{"addr":140736657597146,"idx":6},{"addr":140736658259206,"idx":7},{"addr":140736657749938,"idx":8},{"addr":140736657909615,"idx":9},{"addr":140736658079503,"idx":10},{"addr":140736897083607,"idx":11},{"addr":140736916996940,"idx":12}],,,,,,,,,,,,,,,,,,,2097151,0,1912,8,,,,,,,,,,,,,,,,,,,,,,,,,,,,,,,,,,,,,,,,,,,,,,,,,,,,,,,,,,,,,,,,,,,,,,,,,,,,,,,,,,,,,,,,,,,,,,,,,,
"2025-09-02 15:13:10.8864908Z","ETW","Microsoft-Windows-Kernel-Audit-API-Calls",6,"Info ",1912,8,"MsMpEng.exe",,,,,,,,,,,,,,,,[{"addr":140736918212548,"idx":0},{"addr":140736872857142,"idx":1},{"addr":140736738243895,"idx":2},{"addr":140736738242452,"idx":3},{"addr":140736657604428,"idx":4},{"addr":140736657598535,"idx":5},{"addr":140736657597146,"idx":6},{"addr":140736658259206,"idx":7},{"addr":140736657749938,"idx":8},{"addr":140736657909615,"idx":9},{"addr":140736658079503,"idx":10},{"addr":140736897083607,"idx":11},{"addr":140736916996940,"idx":12}],,,,,,,,,,,,,,,,,,,2097151,0,1912,8,,,,,,,,,,,,,,,,,,,,,,,,,,,,,,,,,,,,,,,,,,,,,,,,,,,,,,,,,,,,,,,,,,,,,,,,,,,,,,,,,,,,,,,,,,,,,,,,,,
"2025-09-02 15:13:10.8870895Z","ETW","Microsoft-Windows-Kernel-Audit-API-Calls",6,"Info ",1912,8,"MsMpEng.exe",,,,,,,,,,,,,,,,[{"addr":140736918212548,"idx":0},{"addr":140736872857142,"idx":1},{"addr":140736738243895,"idx":2},{"addr":140736738242452,"idx":3},{"addr":140736657604428,"idx":4},{"addr":140736657598535,"idx":5},{"addr":140736657597146,"idx":6},{"addr":140736658259206,"idx":7},{"addr":140736657749938,"idx":8},{"addr":140736657909615,"idx":9},{"addr":140736658079503,"idx":10},{"addr":140736897083607,"idx":11},{"addr":140736916996940,"idx":12}],,,,,,,,,,,,,,,,,,,2097151,0,1912,8,,,,,,,,,,,,,,,,,,,,,,,,,,,,,,,,,,,,,,,,,,,,,,,,,,,,,,,,,,,,,,,,,,,,,,,,,,,,,,,,,,,,,,,,,,,,,,,,,,
"2025-09-02 15:13:10.8877287Z","ETW","Microsoft-Windows-Kernel-Audit-API-Calls",6,"Info ",1912,8,"MsMpEng.exe",,,,,,,,,,,,,,,,[{"addr":140736918212548,"idx":0},{"addr":140736872857142,"idx":1},{"addr":140736738243895,"idx":2},{"addr":140736738242452,"idx":3},{"addr":140736657604428,"idx":4},{"addr":140736657598535,"idx":5},{"addr":140736657597146,"idx":6},{"addr":140736658259206,"idx":7},{"addr":140736657749938,"idx":8},{"addr":140736657909615,"idx":9},{"addr":140736658079503,"idx":10},{"addr":140736897083607,"idx":11},{"addr":140736916996940,"idx":12}],,,,,,,,,,,,,,,,,,,2097151,0,1912,8,,,,,,,,,,,,,,,,,,,,,,,,,,,,,,,,,,,,,,,,,,,,,,,,,,,,,,,,,,,,,,,,,,,,,,,,,,,,,,,,,,,,,,,,,,,,,,,,,,
"2025-09-02 15:13:10.8884047Z","ETW","Microsoft-Windows-Kernel-Audit-API-Calls",6,"Info ",1912,8,"MsMpEng.exe",,,,,,,,,,,,,,,,[{"addr":140736918212548,"idx":0},{"addr":140736872857142,"idx":1},{"addr":140736738243895,"idx":2},{"addr":140736738242452,"idx":3},{"addr":140736657604428,"idx":4},{"addr":140736657598535,"idx":5},{"addr":140736657597146,"idx":6},{"addr":140736658259206,"idx":7},{"addr":140736657749938,"idx":8},{"addr":140736657909615,"idx":9},{"addr":140736658079503,"idx":10},{"addr":140736897083607,"idx":11},{"addr":140736916996940,"idx":12}],,,,,,,,,,,,,,,,,,,2097151,0,1912,8,,,,,,,,,,,,,,,,,,,,,,,,,,,,,,,,,,,,,,,,,,,,,,,,,,,,,,,,,,,,,,,,,,,,,,,,,,,,,,,,,,,,,,,,,,,,,,,,,,
"2025-09-02 15:13:10.8890597Z","ETW","Microsoft-Windows-Kernel-Audit-API-Calls",6,"Info ",1912,8,"MsMpEng.exe",,,,,,,,,,,,,,,,[{"addr":140736918212548,"idx":0},{"addr":140736872857142,"idx":1},{"addr":140736738243895,"idx":2},{"addr":140736738242452,"idx":3},{"addr":140736657604428,"idx":4},{"addr":140736657598535,"idx":5},{"addr":140736657597146,"idx":6},{"addr":140736658259206,"idx":7},{"addr":140736657749938,"idx":8},{"addr":140736657909615,"idx":9},{"addr":140736658079503,"idx":10},{"addr":140736897083607,"idx":11},{"addr":140736916996940,"idx":12}],,,,,,,,,,,,,,,,,,,2097151,0,1912,8,,,,,,,,,,,,,,,,,,,,,,,,,,,,,,,,,,,,,,,,,,,,,,,,,,,,,,,,,,,,,,,,,,,,,,,,,,,,,,,,,,,,,,,,,,,,,,,,,,
"2025-09-02 15:13:10.8896966Z","ETW","Microsoft-Windows-Kernel-Audit-API-Calls",6,"Info ",1912,8,"MsMpEng.exe",,,,,,,,,,,,,,,,[{"addr":140736918212548,"idx":0},{"addr":140736872857142,"idx":1},{"addr":140736738243895,"idx":2},{"addr":140736738242452,"idx":3},{"addr":140736657604428,"idx":4},{"addr":140736657598535,"idx":5},{"addr":140736657597146,"idx":6},{"addr":140736658259206,"idx":7},{"addr":140736657749938,"idx":8},{"addr":140736657909615,"idx":9},{"addr":140736658079503,"idx":10},{"addr":140736897083607,"idx":11},{"addr":140736916996940,"idx":12}],,,,,,,,,,,,,,,,,,,2097151,0,1912,8,,,,,,,,,,,,,,,,,,,,,,,,,,,,,,,,,,,,,,,,,,,,,,,,,,,,,,,,,,,,,,,,,,,,,,,,,,,,,,,,,,,,,,,,,,,,,,,,,,
"2025-09-02 15:13:10.8906296Z","ETW","Microsoft-Windows-Kernel-File",10,"NameCreateInfo ",3816,10148,"explorer.exe",,,,"C:\Windows\SystemApps\MicrosoftWindows.Client.CBS_cw5n1h2txyewy\appxmanifest.xml",,,,,,,,,,,,[{"addr":140736918204500,"idx":0},{"addr":140736872313753,"idx":1},{"addr":140736872309067,"idx":2},{"addr":140736511210306,"idx":3},{"addr":140736511207634,"idx":4},{"addr":140736511650579,"idx":5},{"addr":140736510699770,"idx":6},{"addr":140736510703039,"idx":7},{"addr":140736510642882,"idx":8},{"addr":140736511647207,"idx":9},{"addr":140736511271999,"idx":10},{"addr":140736917282525,"idx":11},{"addr":140736917350969,"idx":12},{"addr":140736897083607,"idx":13},{"addr":140736916996940,"idx":14}],,,,,,,18446708904376896368,,,,,,,,,,,,,,,,,,,,,,,,,,,,,,,,,,,,,,,,,,,,,,,,,,,,,,,,,,,,,,,,,,,,,,,,,,,,,,,,,,,,,,,,,,,,,,,,,,,,,,,,,,,,,,,,,
"2025-09-02 15:13:10.8907437Z","ETW","Microsoft-Windows-Kernel-File",10,"NameCreateInfo ",3816,10148,"explorer.exe",,,,"C:\Windows\SystemApps\MicrosoftWindows.Client.CBS_cw5n1h2txyewy\appxmanifest.xml:WofCompressedData",,,,,,,,,,,,[{"addr":140736918204500,"idx":0},{"addr":140736872313753,"idx":1},{"addr":140736872309067,"idx":2},{"addr":140736511210306,"idx":3},{"addr":140736511207634,"idx":4},{"addr":140736511650579,"idx":5},{"addr":140736510699770,"idx":6},{"addr":140736510703039,"idx":7},{"addr":140736510642882,"idx":8},{"addr":140736511647207,"idx":9},{"addr":140736511271999,"idx":10},{"addr":140736917282525,"idx":11},{"addr":140736917350969,"idx":12},{"addr":140736897083607,"idx":13},{"addr":140736916996940,"idx":14}],,,,,,,18446708904722298224,,,,,,,,,,,,,,,,,,,,,,,,,,,,,,,,,,,,,,,,,,,,,,,,,,,,,,,,,,,,,,,,,,,,,,,,,,,,,,,,,,,,,,,,,,,,,,,,,,,,,,,,,,,,,,,,,
"2025-09-02 15:13:10.8911667Z","ETW","Microsoft-Windows-Kernel-File",10,"NameCreateInfo ",3816,10148,"explorer.exe",,,,"C:\Windows\SystemApps\MicrosoftWindows.Client.Core_cw5n1h2txyewy\appxmanifest.xml",,,,,,,,,,,,[{"addr":140736918204500,"idx":0},{"addr":140736872313753,"idx":1},{"addr":140736872309067,"idx":2},{"addr":140736511210306,"idx":3},{"addr":140736511207634,"idx":4},{"addr":140736511650579,"idx":5},{"addr":140736510699770,"idx":6},{"addr":140736510703039,"idx":7},{"addr":140736510642882,"idx":8},{"addr":140736511647207,"idx":9},{"addr":140736511271999,"idx":10},{"addr":140736917282525,"idx":11},{"addr":140736917350969,"idx":12},{"addr":140736897083607,"idx":13},{"addr":140736916996940,"idx":14}],,,,,,,18446708904376896368,,,,,,,,,,,,,,,,,,,,,,,,,,,,,,,,,,,,,,,,,,,,,,,,,,,,,,,,,,,,,,,,,,,,,,,,,,,,,,,,,,,,,,,,,,,,,,,,,,,,,,,,,,,,,,,,,
"2025-09-02 15:13:10.8912220Z","ETW","Microsoft-Windows-Kernel-Process",5,"ImageLoadInfo ",3816,17724,"explorer.exe",,,,"C:\Windows\System32\InputHost.dll",,,,,,,,,,,,[{"addr":140736918203828,"idx":0},{"addr":140736917192506,"idx":1},{"addr":140736917191278,"idx":2},{"addr":140736917210764,"idx":3},{"addr":140736917202269,"idx":4},{"addr":140736917259140,"idx":5},{"addr":140736916785248,"idx":6},{"addr":140736916784352,"idx":7},{"addr":140736917101952,"idx":8},{"addr":140736872000198,"idx":9},{"addr":140736909363845,"idx":10},{"addr":140736909362547,"idx":11},{"addr":140736909531736,"idx":12},{"addr":140736909524833,"idx":13},{"addr":140736909523551,"idx":14},{"addr":140736701288519,"idx":15},{"addr":140736701312976,"idx":16},{"addr":140736914162134,"idx":17},{"addr":140736914160220,"idx":18},{"addr":140736914286798,"idx":19},{"addr":140736918218964,"idx":20},{"addr":140736876126340,"idx":21},{"addr":140736914229722,"idx":22},{"addr":140736914228583,"idx":23},{"addr":140736914234672,"idx":24},{"addr":140736701273516,"idx":25},{"addr":140736701266710,"idx":26},{"addr":140736701278126,"idx":27},{"addr":140736681565650,"idx":28},{"addr":140736678007124,"idx":29},{"addr":140736678628250,"idx":30},{"addr":140736678626826,"idx":31},{"addr":140736677467174,"idx":32},{"addr":140736678619618,"idx":33},{"addr":140736678619329,"idx":34},{"addr":140736678618946,"idx":35},{"addr":140736678618813,"idx":36},{"addr":140736395570157,"idx":37},{"addr":140736395570087,"idx":38},{"addr":140736395471983,"idx":39},{"addr":140736395954918,"idx":40},{"addr":140736395379507,"idx":41},{"addr":140696088247311,"idx":42},{"addr":140696088445621,"idx":43},{"addr":140736897083607,"idx":44},{"addr":140736916996940,"idx":45}],,,,,,,,,3816,,,,,,,,,,,,,,,,,,,,,,,,,,,,,,,,,,,,2855433698,140736662077440,140736662077440,2027883,1974272,,,,,,,,,,,,,,,,,,,,,,,,,,,,,,,,,,,,,,,,,,,,,,,,,,,,,,,,,,,,,,,,,,,,,,,
"2025-09-02 15:13:10.8912623Z","ETW","Microsoft-Windows-Kernel-File",10,"NameCreateInfo ",3816,10148,"explorer.exe",,,,"C:\Windows\SystemApps\MicrosoftWindows.Client.Core_cw5n1h2txyewy\appxmanifest.xml:WofCompressedData",,,,,,,,,,,,[{"addr":140736918204500,"idx":0},{"addr":140736872313753,"idx":1},{"addr":140736872309067,"idx":2},{"addr":140736511210306,"idx":3},{"addr":140736511207634,"idx":4},{"addr":140736511650579,"idx":5},{"addr":140736510699770,"idx":6},{"addr":140736510703039,"idx":7},{"addr":140736510642882,"idx":8},{"addr":140736511647207,"idx":9},{"addr":140736511271999,"idx":10},{"addr":140736917282525,"idx":11},{"addr":140736917350969,"idx":12},{"addr":140736897083607,"idx":13},{"addr":140736916996940,"idx":14}],,,,,,,18446708904722298224,,,,,,,,,,,,,,,,,,,,,,,,,,,,,,,,,,,,,,,,,,,,,,,,,,,,,,,,,,,,,,,,,,,,,,,,,,,,,,,,,,,,,,,,,,,,,,,,,,,,,,,,,,,,,,,,,
"2025-09-02 15:13:10.8916737Z","ETW","Microsoft-Windows-Kernel-File",10,"NameCreateInfo ",3816,10148,"explorer.exe",,,,"C:\Windows\SystemApps\MicrosoftWindows.Client.Core_cw5n1h2txyewy\appxmanifest.xml",,,,,,,,,,,,[{"addr":140736918204500,"idx":0},{"addr":140736872313753,"idx":1},{"addr":140736872309067,"idx":2},{"addr":140736511210306,"idx":3},{"addr":140736511207634,"idx":4},{"addr":140736511650579,"idx":5},{"addr":140736510699770,"idx":6},{"addr":140736510703039,"idx":7},{"addr":140736510642882,"idx":8},{"addr":140736511647207,"idx":9},{"addr":140736511271999,"idx":10},{"addr":140736917282525,"idx":11},{"addr":140736917350969,"idx":12},{"addr":140736897083607,"idx":13},{"addr":140736916996940,"idx":14}],,,,,,,18446708904376896368,,,,,,,,,,,,,,,,,,,,,,,,,,,,,,,,,,,,,,,,,,,,,,,,,,,,,,,,,,,,,,,,,,,,,,,,,,,,,,,,,,,,,,,,,,,,,,,,,,,,,,,,,,,,,,,,,
"2025-09-02 15:13:10.8917840Z","ETW","Microsoft-Windows-Kernel-File",10,"NameCreateInfo ",3816,10148,"explorer.exe",,,,"C:\Windows\SystemApps\MicrosoftWindows.Client.Core_cw5n1h2txyewy\appxmanifest.xml:WofCompressedData",,,,,,,,,,,,[{"addr":140736918204500,"idx":0},{"addr":140736872313753,"idx":1},{"addr":140736872309067,"idx":2},{"addr":140736511210306,"idx":3},{"addr":140736511207634,"idx":4},{"addr":140736511650579,"idx":5},{"addr":140736510699770,"idx":6},{"addr":140736510703039,"idx":7},{"addr":140736510642882,"idx":8},{"addr":140736511647207,"idx":9},{"addr":140736511271999,"idx":10},{"addr":140736917282525,"idx":11},{"addr":140736917350969,"idx":12},{"addr":140736897083607,"idx":13},{"addr":140736916996940,"idx":14}],,,,,,,18446708904722298224,,,,,,,,,,,,,,,,,,,,,,,,,,,,,,,,,,,,,,,,,,,,,,,,,,,,,,,,,,,,,,,,,,,,,,,,,,,,,,,,,,,,,,,,,,,,,,,,,,,,,,,,,,,,,,,,,
"2025-09-02 15:13:10.8922014Z","ETW","Microsoft-Windows-Kernel-File",10,"NameCreateInfo ",3816,10148,"explorer.exe",,,,"C:\Windows\SystemApps\MicrosoftWindows.Client.Core_cw5n1h2txyewy\appxmanifest.xml",,,,,,,,,,,,[{"addr":140736918204500,"idx":0},{"addr":140736872313753,"idx":1},{"addr":140736872309067,"idx":2},{"addr":140736511210306,"idx":3},{"addr":140736511207634,"idx":4},{"addr":140736511650579,"idx":5},{"addr":140736510699770,"idx":6},{"addr":140736510703039,"idx":7},{"addr":140736510642882,"idx":8},{"addr":140736511647207,"idx":9},{"addr":140736511271999,"idx":10},{"addr":140736917282525,"idx":11},{"addr":140736917350969,"idx":12},{"addr":140736897083607,"idx":13},{"addr":140736916996940,"idx":14}],,,,,,,18446708904376896368,,,,,,,,,,,,,,,,,,,,,,,,,,,,,,,,,,,,,,,,,,,,,,,,,,,,,,,,,,,,,,,,,,,,,,,,,,,,,,,,,,,,,,,,,,,,,,,,,,,,,,,,,,,,,,,,,
"2025-09-02 15:13:10.8923282Z","ETW","Microsoft-Windows-Kernel-File",10,"NameCreateInfo ",3816,10148,"explorer.exe",,,,"C:\Windows\SystemApps\MicrosoftWindows.Client.Core_cw5n1h2txyewy\appxmanifest.xml:WofCompressedData",,,,,,,,,,,,[{"addr":140736918204500,"idx":0},{"addr":140736872313753,"idx":1},{"addr":140736872309067,"idx":2},{"addr":140736511210306,"idx":3},{"addr":140736511207634,"idx":4},{"addr":140736511650579,"idx":5},{"addr":140736510699770,"idx":6},{"addr":140736510703039,"idx":7},{"addr":140736510642882,"idx":8},{"addr":140736511647207,"idx":9},{"addr":140736511271999,"idx":10},{"addr":140736917282525,"idx":11},{"addr":140736917350969,"idx":12},{"addr":140736897083607,"idx":13},{"addr":140736916996940,"idx":14}],,,,,,,18446708904722298224,,,,,,,,,,,,,,,,,,,,,,,,,,,,,,,,,,,,,,,,,,,,,,,,,,,,,,,,,,,,,,,,,,,,,,,,,,,,,,,,,,,,,,,,,,,,,,,,,,,,,,,,,,,,,,,,,
"2025-09-02 15:13:10.8926324Z","ETW","Microsoft-Windows-Kernel-File",10,"NameCreateInfo ",3816,10148,"explorer.exe",,,,"C:\Windows\SystemApps\MicrosoftWindows.Client.Core_cw5n1h2txyewy\appxmanifest.xml",,,,,,,,,,,,[{"addr":140736918204500,"idx":0},{"addr":140736872313753,"idx":1},{"addr":140736872309067,"idx":2},{"addr":140736511210306,"idx":3},{"addr":140736511207634,"idx":4},{"addr":140736511650579,"idx":5},{"addr":140736510699770,"idx":6},{"addr":140736510703039,"idx":7},{"addr":140736510642882,"idx":8},{"addr":140736511647207,"idx":9},{"addr":140736511271999,"idx":10},{"addr":140736917282525,"idx":11},{"addr":140736917350969,"idx":12},{"addr":140736897083607,"idx":13},{"addr":140736916996940,"idx":14}],,,,,,,18446708904376896368,,,,,,,,,,,,,,,,,,,,,,,,,,,,,,,,,,,,,,,,,,,,,,,,,,,,,,,,,,,,,,,,,,,,,,,,,,,,,,,,,,,,,,,,,,,,,,,,,,,,,,,,,,,,,,,,,
"2025-09-02 15:13:10.8927071Z","ETW","Microsoft-Windows-Kernel-File",10,"NameCreateInfo ",3816,10148,"explorer.exe",,,,"C:\Windows\SystemApps\MicrosoftWindows.Client.Core_cw5n1h2txyewy\appxmanifest.xml:WofCompressedData",,,,,,,,,,,,[{"addr":140736918204500,"idx":0},{"addr":140736872313753,"idx":1},{"addr":140736872309067,"idx":2},{"addr":140736511210306,"idx":3},{"addr":140736511207634,"idx":4},{"addr":140736511650579,"idx":5},{"addr":140736510699770,"idx":6},{"addr":140736510703039,"idx":7},{"addr":140736510642882,"idx":8},{"addr":140736511647207,"idx":9},{"addr":140736511271999,"idx":10},{"addr":140736917282525,"idx":11},{"addr":140736917350969,"idx":12},{"addr":140736897083607,"idx":13},{"addr":140736916996940,"idx":14}],,,,,,,18446708904722298224,,,,,,,,,,,,,,,,,,,,,,,,,,,,,,,,,,,,,,,,,,,,,,,,,,,,,,,,,,,,,,,,,,,,,,,,,,,,,,,,,,,,,,,,,,,,,,,,,,,,,,,,,,,,,,,,,
"2025-09-02 15:13:10.8931495Z","ETW","Microsoft-Windows-Kernel-File",10,"NameCreateInfo ",3816,10148,"explorer.exe",,,,"C:\Windows\SystemApps\MicrosoftWindows.Client.Core_cw5n1h2txyewy\appxmanifest.xml",,,,,,,,,,,,[{"addr":140736918204500,"idx":0},{"addr":140736872313753,"idx":1},{"addr":140736872309067,"idx":2},{"addr":140736511210306,"idx":3},{"addr":140736511207634,"idx":4},{"addr":140736511650579,"idx":5},{"addr":140736510699770,"idx":6},{"addr":140736510703039,"idx":7},{"addr":140736510642882,"idx":8},{"addr":140736511647207,"idx":9},{"addr":140736511271999,"idx":10},{"addr":140736917282525,"idx":11},{"addr":140736917350969,"idx":12},{"addr":140736897083607,"idx":13},{"addr":140736916996940,"idx":14}],,,,,,,18446708904376896368,,,,,,,,,,,,,,,,,,,,,,,,,,,,,,,,,,,,,,,,,,,,,,,,,,,,,,,,,,,,,,,,,,,,,,,,,,,,,,,,,,,,,,,,,,,,,,,,,,,,,,,,,,,,,,,,,
"2025-09-02 15:13:10.8932592Z","ETW","Microsoft-Windows-Kernel-File",10,"NameCreateInfo ",3816,10148,"explorer.exe",,,,"C:\Windows\SystemApps\MicrosoftWindows.Client.Core_cw5n1h2txyewy\appxmanifest.xml:WofCompressedData",,,,,,,,,,,,[{"addr":140736918204500,"idx":0},{"addr":140736872313753,"idx":1},{"addr":140736872309067,"idx":2},{"addr":140736511210306,"idx":3},{"addr":140736511207634,"idx":4},{"addr":140736511650579,"idx":5},{"addr":140736510699770,"idx":6},{"addr":140736510703039,"idx":7},{"addr":140736510642882,"idx":8},{"addr":140736511647207,"idx":9},{"addr":140736511271999,"idx":10},{"addr":140736917282525,"idx":11},{"addr":140736917350969,"idx":12},{"addr":140736897083607,"idx":13},{"addr":140736916996940,"idx":14}],,,,,,,18446708904722298224,,,,,,,,,,,,,,,,,,,,,,,,,,,,,,,,,,,,,,,,,,,,,,,,,,,,,,,,,,,,,,,,,,,,,,,,,,,,,,,,,,,,,,,,,,,,,,,,,,,,,,,,,,,,,,,,,
"2025-09-02 15:13:10.8935460Z","ETW","Microsoft-Windows-Kernel-Process",5,"ImageLoadInfo ",3816,17724,"explorer.exe",,,,"C:\Windows\System32\cryptbase.dll",,,,,,,,,,,,[{"addr":140736918203828,"idx":0},{"addr":140736917192506,"idx":1},{"addr":140736917191278,"idx":2},{"addr":140736917210764,"idx":3},{"addr":140736917201516,"idx":4},{"addr":140736917258922,"idx":5},{"addr":140736916785248,"idx":6},{"addr":140736916786774,"idx":7},{"addr":140736917098157,"idx":8},{"addr":140736916993351,"idx":9},{"addr":140736872145058,"idx":10},{"addr":140736876397138,"idx":11},{"addr":140736876792776,"idx":12},{"addr":140736876792657,"idx":13},{"addr":140736876792597,"idx":14},{"addr":140736868441444,"idx":15},{"addr":140736813982227,"idx":16},{"addr":140736813982141,"idx":17},{"addr":140736814115006,"idx":18},{"addr":140736814114092,"idx":19},{"addr":140736814042873,"idx":20},{"addr":140736814185684,"idx":21},{"addr":140736814186789,"idx":22},{"addr":140736814186866,"idx":23},{"addr":140736813539564,"idx":24},{"addr":140736813768847,"idx":25},{"addr":140736813798176,"idx":26},{"addr":140736813797285,"idx":27},{"addr":140736813796997,"idx":28},{"addr":140736813796754,"idx":29},{"addr":140736813862346,"idx":30},{"addr":140736662128124,"idx":31},{"addr":140736662135252,"idx":32},{"addr":140736662136819,"idx":33},{"addr":140736662162746,"idx":34},{"addr":140736662160890,"idx":35},{"addr":140736662136958,"idx":36},{"addr":140736662294570,"idx":37},{"addr":140736662294318,"idx":38},{"addr":140736662294040,"idx":39},{"addr":140736662293582,"idx":40},{"addr":140736701288562,"idx":41},{"addr":140736701312976,"idx":42},{"addr":140736914162134,"idx":43},{"addr":140736914160220,"idx":44},{"addr":140736914286798,"idx":45},{"addr":140736918218964,"idx":46},{"addr":140736876126340,"idx":47},{"addr":140736914229722,"idx":48},{"addr":140736914228583,"idx":49},{"addr":140736914234672,"idx":50},{"addr":140736701273516,"idx":51},{"addr":140736701266710,"idx":52},{"addr":140736701278126,"idx":53},{"addr":140736681565650,"idx":54},{"addr":140736678007124,"idx":55},{"addr":140736678628250,"idx":56},{"addr":140736678626826,"idx":57},{"addr":140736677467174,"idx":58},{"addr":140736678619618,"idx":59},{"addr":140736678619329,"idx":60},{"addr":140736678618946,"idx":61},{"addr":140736678618813,"idx":62},{"addr":140736395570157,"idx":63},{"addr":140736395570087,"idx":64},{"addr":140736395471983,"idx":65},{"addr":140736395954918,"idx":66},{"addr":140736395379507,"idx":67},{"addr":140696088247311,"idx":68},{"addr":140696088445621,"idx":69},{"addr":140736897083607,"idx":70},{"addr":140736916996940,"idx":71}],,,,,,,,,3816,,,,,,,,,,,,,,,,,,,,,,,,,,,,,,,,,,,,850532204,140736857112576,140736857112576,94938,49152,,,,,,,,,,,,,,,,,,,,,,,,,,,,,,,,,,,,,,,,,,,,,,,,,,,,,,,,,,,,,,,,,,,,,,,
"2025-09-02 15:13:10.8937062Z","ETW","Microsoft-Windows-Kernel-File",10,"NameCreateInfo ",3816,10148,"explorer.exe",,,,"C:\Windows\SystemApps\MicrosoftWindows.Client.Core_cw5n1h2txyewy\appxmanifest.xml",,,,,,,,,,,,[{"addr":140736918204500,"idx":0},{"addr":140736872313753,"idx":1},{"addr":140736872309067,"idx":2},{"addr":140736511210306,"idx":3},{"addr":140736511207634,"idx":4},{"addr":140736511650579,"idx":5},{"addr":140736510699770,"idx":6},{"addr":140736510703039,"idx":7},{"addr":140736510642882,"idx":8},{"addr":140736511647207,"idx":9},{"addr":140736511271999,"idx":10},{"addr":140736917282525,"idx":11},{"addr":140736917350969,"idx":12},{"addr":140736897083607,"idx":13},{"addr":140736916996940,"idx":14}],,,,,,,18446708904376896368,,,,,,,,,,,,,,,,,,,,,,,,,,,,,,,,,,,,,,,,,,,,,,,,,,,,,,,,,,,,,,,,,,,,,,,,,,,,,,,,,,,,,,,,,,,,,,,,,,,,,,,,,,,,,,,,,
"2025-09-02 15:13:10.8938333Z","ETW","Microsoft-Windows-Kernel-File",10,"NameCreateInfo ",3816,10148,"explorer.exe",,,,"C:\Windows\SystemApps\MicrosoftWindows.Client.Core_cw5n1h2txyewy\appxmanifest.xml:WofCompressedData",,,,,,,,,,,,[{"addr":140736918204500,"idx":0},{"addr":140736872313753,"idx":1},{"addr":140736872309067,"idx":2},{"addr":140736511210306,"idx":3},{"addr":140736511207634,"idx":4},{"addr":140736511650579,"idx":5},{"addr":140736510699770,"idx":6},{"addr":140736510703039,"idx":7},{"addr":140736510642882,"idx":8},{"addr":140736511647207,"idx":9},{"addr":140736511271999,"idx":10},{"addr":140736917282525,"idx":11},{"addr":140736917350969,"idx":12},{"addr":140736897083607,"idx":13},{"addr":140736916996940,"idx":14}],,,,,,,18446708904722298224,,,,,,,,,,,,,,,,,,,,,,,,,,,,,,,,,,,,,,,,,,,,,,,,,,,,,,,,,,,,,,,,,,,,,,,,,,,,,,,,,,,,,,,,,,,,,,,,,,,,,,,,,,,,,,,,,
"2025-09-02 15:13:10.8947817Z","ETW","Microsoft-Windows-Kernel-File",10,"NameCreateInfo ",3816,10148,"explorer.exe",,,,"C:\Windows\SystemApps\MicrosoftWindows.Client.Core_cw5n1h2txyewy\appxmanifest.xml",,,,,,,,,,,,[{"addr":140736918204500,"idx":0},{"addr":140736872313753,"idx":1},{"addr":140736872309067,"idx":2},{"addr":140736511210306,"idx":3},{"addr":140736511207634,"idx":4},{"addr":140736511650579,"idx":5},{"addr":140736510699770,"idx":6},{"addr":140736510703039,"idx":7},{"addr":140736510642882,"idx":8},{"addr":140736511647207,"idx":9},{"addr":140736511271999,"idx":10},{"addr":140736917282525,"idx":11},{"addr":140736917350969,"idx":12},{"addr":140736897083607,"idx":13},{"addr":140736916996940,"idx":14}],,,,,,,18446708904376896368,,,,,,,,,,,,,,,,,,,,,,,,,,,,,,,,,,,,,,,,,,,,,,,,,,,,,,,,,,,,,,,,,,,,,,,,,,,,,,,,,,,,,,,,,,,,,,,,,,,,,,,,,,,,,,,,,
"2025-09-02 15:13:10.8949153Z","ETW","Microsoft-Windows-Kernel-File",10,"NameCreateInfo ",3816,10148,"explorer.exe",,,,"C:\Windows\SystemApps\MicrosoftWindows.Client.Core_cw5n1h2txyewy\appxmanifest.xml:WofCompressedData",,,,,,,,,,,,[{"addr":140736918204500,"idx":0},{"addr":140736872313753,"idx":1},{"addr":140736872309067,"idx":2},{"addr":140736511210306,"idx":3},{"addr":140736511207634,"idx":4},{"addr":140736511650579,"idx":5},{"addr":140736510699770,"idx":6},{"addr":140736510703039,"idx":7},{"addr":140736510642882,"idx":8},{"addr":140736511647207,"idx":9},{"addr":140736511271999,"idx":10},{"addr":140736917282525,"idx":11},{"addr":140736917350969,"idx":12},{"addr":140736897083607,"idx":13},{"addr":140736916996940,"idx":14}],,,,,,,18446708904722298224,,,,,,,,,,,,,,,,,,,,,,,,,,,,,,,,,,,,,,,,,,,,,,,,,,,,,,,,,,,,,,,,,,,,,,,,,,,,,,,,,,,,,,,,,,,,,,,,,,,,,,,,,,,,,,,,,
"2025-09-02 15:13:10.8955018Z","ETW","Microsoft-Windows-Kernel-File",10,"NameCreateInfo ",3816,10148,"explorer.exe",,,,"C:\Windows\SystemApps\MicrosoftWindows.Client.FileExp_cw5n1h2txyewy\appxmanifest.xml",,,,,,,,,,,,[{"addr":140736918204500,"idx":0},{"addr":140736872313753,"idx":1},{"addr":140736872309067,"idx":2},{"addr":140736511210306,"idx":3},{"addr":140736511207634,"idx":4},{"addr":140736511650579,"idx":5},{"addr":140736510699770,"idx":6},{"addr":140736510703039,"idx":7},{"addr":140736510642882,"idx":8},{"addr":140736511647207,"idx":9},{"addr":140736511271999,"idx":10},{"addr":140736917282525,"idx":11},{"addr":140736917350969,"idx":12},{"addr":140736897083607,"idx":13},{"addr":140736916996940,"idx":14}],,,,,,,18446708904376896368,,,,,,,,,,,,,,,,,,,,,,,,,,,,,,,,,,,,,,,,,,,,,,,,,,,,,,,,,,,,,,,,,,,,,,,,,,,,,,,,,,,,,,,,,,,,,,,,,,,,,,,,,,,,,,,,,
"2025-09-02 15:13:10.8957253Z","ETW","Microsoft-Windows-Kernel-File",10,"NameCreateInfo ",3816,10148,"explorer.exe",,,,"C:\Windows\SystemApps\MicrosoftWindows.Client.FileExp_cw5n1h2txyewy\appxmanifest.xml:WofCompressedData",,,,,,,,,,,,[{"addr":140736918204500,"idx":0},{"addr":140736872313753,"idx":1},{"addr":140736872309067,"idx":2},{"addr":140736511210306,"idx":3},{"addr":140736511207634,"idx":4},{"addr":140736511650579,"idx":5},{"addr":140736510699770,"idx":6},{"addr":140736510703039,"idx":7},{"addr":140736510642882,"idx":8},{"addr":140736511647207,"idx":9},{"addr":140736511271999,"idx":10},{"addr":140736917282525,"idx":11},{"addr":140736917350969,"idx":12},{"addr":140736897083607,"idx":13},{"addr":140736916996940,"idx":14}],,,,,,,18446708904722298224,,,,,,,,,,,,,,,,,,,,,,,,,,,,,,,,,,,,,,,,,,,,,,,,,,,,,,,,,,,,,,,,,,,,,,,,,,,,,,,,,,,,,,,,,,,,,,,,,,,,,,,,,,,,,,,,,
"2025-09-02 15:13:10.8962161Z","ETW","Microsoft-Windows-Kernel-Process",5,"ImageLoadInfo ",3816,17724,"explorer.exe",,,,"C:\Windows\System32\msctf.dll",,,,,,,,,,,,[{"addr":140736918203828,"idx":0},{"addr":140736917192506,"idx":1},{"addr":140736917191278,"idx":2},{"addr":140736917190209,"idx":3},{"addr":140736916804181,"idx":4},{"addr":140736916785218,"idx":5},{"addr":140736916786774,"idx":6},{"addr":140736917021315,"idx":7},{"addr":140736917023197,"idx":8},{"addr":140736896668978,"idx":9},{"addr":140736896681008,"idx":10},{"addr":140736896667516,"idx":11},{"addr":140736914114250,"idx":12},{"addr":140736914114102,"idx":13},{"addr":140736914162134,"idx":14},{"addr":140736914160220,"idx":15},{"addr":140736914286798,"idx":16},{"addr":140736918218964,"idx":17},{"addr":140736876126340,"idx":18},{"addr":140736914229722,"idx":19},{"addr":140736914228583,"idx":20},{"addr":140736914234672,"idx":21},{"addr":140736701273516,"idx":22},{"addr":140736701266710,"idx":23},{"addr":140736701278126,"idx":24},{"addr":140736681565650,"idx":25},{"addr":140736678007124,"idx":26},{"addr":140736678628250,"idx":27},{"addr":140736678626826,"idx":28},{"addr":140736677467174,"idx":29},{"addr":140736678619618,"idx":30},{"addr":140736678619329,"idx":31},{"addr":140736678618946,"idx":32},{"addr":140736678618813,"idx":33},{"addr":140736395570157,"idx":34},{"addr":140736395570087,"idx":35},{"addr":140736395471983,"idx":36},{"addr":140736395954918,"idx":37},{"addr":140736395379507,"idx":38},{"addr":140696088247311,"idx":39},{"addr":140696088445621,"idx":40},{"addr":140736897083607,"idx":41},{"addr":140736916996940,"idx":42}],,,,,,,,,3816,,,,,,,,,,,,,,,,,,,,,,,,,,,,,,,,,,,,2469319063,140736900562944,140736900562944,1473651,1445888,,,,,,,,,,,,,,,,,,,,,,,,,,,,,,,,,,,,,,,,,,,,,,,,,,,,,,,,,,,,,,,,,,,,,,,
"2025-09-02 15:13:10.8977545Z","ETW","Microsoft-Windows-Kernel-File",10,"NameCreateInfo ",3816,10148,"explorer.exe",,,,"C:\Windows\SystemApps\MicrosoftWindows.Client.CBS_cw5n1h2txyewy\appxmanifest.xml",,,,,,,,,,,,[{"addr":140736918204500,"idx":0},{"addr":140736872313753,"idx":1},{"addr":140736872309067,"idx":2},{"addr":140736511210306,"idx":3},{"addr":140736511207634,"idx":4},{"addr":140736511650579,"idx":5},{"addr":140736510699770,"idx":6},{"addr":140736510703039,"idx":7},{"addr":140736510642882,"idx":8},{"addr":140736511647207,"idx":9},{"addr":140736511271999,"idx":10},{"addr":140736917282525,"idx":11},{"addr":140736917350969,"idx":12},{"addr":140736897083607,"idx":13},{"addr":140736916996940,"idx":14}],,,,,,,18446708904376896368,,,,,,,,,,,,,,,,,,,,,,,,,,,,,,,,,,,,,,,,,,,,,,,,,,,,,,,,,,,,,,,,,,,,,,,,,,,,,,,,,,,,,,,,,,,,,,,,,,,,,,,,,,,,,,,,,
"2025-09-02 15:13:10.8978428Z","ETW","Microsoft-Windows-Kernel-File",10,"NameCreateInfo ",3816,10148,"explorer.exe",,,,"C:\Windows\SystemApps\MicrosoftWindows.Client.CBS_cw5n1h2txyewy\appxmanifest.xml:WofCompressedData",,,,,,,,,,,,[{"addr":140736918204500,"idx":0},{"addr":140736872313753,"idx":1},{"addr":140736872309067,"idx":2},{"addr":140736511210306,"idx":3},{"addr":140736511207634,"idx":4},{"addr":140736511650579,"idx":5},{"addr":140736510699770,"idx":6},{"addr":140736510703039,"idx":7},{"addr":140736510642882,"idx":8},{"addr":140736511647207,"idx":9},{"addr":140736511271999,"idx":10},{"addr":140736917282525,"idx":11},{"addr":140736917350969,"idx":12},{"addr":140736897083607,"idx":13},{"addr":140736916996940,"idx":14}],,,,,,,18446708904722298224,,,,,,,,,,,,,,,,,,,,,,,,,,,,,,,,,,,,,,,,,,,,,,,,,,,,,,,,,,,,,,,,,,,,,,,,,,,,,,,,,,,,,,,,,,,,,,,,,,,,,,,,,,,,,,,,,
"2025-09-02 15:13:10.9030768Z","ETW","Microsoft-Windows-Kernel-Process",5,"ImageLoadInfo ",3816,17724,"explorer.exe",,,,"C:\Windows\System32\UiaManager.dll",,,,,,,,,,,,[{"addr":140736918203828,"idx":0},{"addr":140736917192506,"idx":1},{"addr":140736917191278,"idx":2},{"addr":140736917210764,"idx":3},{"addr":140736917202269,"idx":4},{"addr":140736917259140,"idx":5},{"addr":140736916785248,"idx":6},{"addr":140736916784352,"idx":7},{"addr":140736917101952,"idx":8},{"addr":140736872000198,"idx":9},{"addr":140736909363845,"idx":10},{"addr":140736909362547,"idx":11},{"addr":140736909360794,"idx":12},{"addr":140736909561496,"idx":13},{"addr":140736909365281,"idx":14},{"addr":140736909356853,"idx":15},{"addr":140736910270317,"idx":16},{"addr":140736909359719,"idx":17},{"addr":140736909871367,"idx":18},{"addr":140736910338829,"idx":19},{"addr":140736910332465,"idx":20},{"addr":140736910348734,"idx":21},{"addr":140736910270317,"idx":22},{"addr":140736909350430,"idx":23},{"addr":140736910270317,"idx":24},{"addr":140736909553458,"idx":25},{"addr":140736909548907,"idx":26},{"addr":140736909576880,"idx":27},{"addr":140736701266858,"idx":28},{"addr":140736701278126,"idx":29},{"addr":140736681565650,"idx":30},{"addr":140736678007124,"idx":31},{"addr":140736678628250,"idx":32},{"addr":140736678626826,"idx":33},{"addr":140736677467174,"idx":34},{"addr":140736678619618,"idx":35},{"addr":140736678619329,"idx":36},{"addr":140736678618946,"idx":37},{"addr":140736678618813,"idx":38},{"addr":140736395570157,"idx":39},{"addr":140736395570087,"idx":40},{"addr":140736395471983,"idx":41},{"addr":140736395954918,"idx":42},{"addr":140736395379507,"idx":43},{"addr":140696088247311,"idx":44},{"addr":140696088445621,"idx":45},{"addr":140736897083607,"idx":46},{"addr":140736916996940,"idx":47}],,,,,,,,,3816,,,,,,,,,,,,,,,,,,,,,,,,,,,,,,,,,,,,1594385284,140736471105536,140736471105536,947549,921600,,,,,,,,,,,,,,,,,,,,,,,,,,,,,,,,,,,,,,,,,,,,,,,,,,,,,,,,,,,,,,,,,,,,,,,
"2025-09-02 15:13:10.9064614Z","ETW","Microsoft-Windows-Kernel-Process",3,"ThreadStartStart ",3816,17724,"explorer.exe",,,,,,,,,,,,,,,,[{"addr":140736918208964,"idx":0},{"addr":140736872776761,"idx":1},{"addr":140736897102141,"idx":2},{"addr":140736902701861,"idx":3},{"addr":140736903122914,"idx":4},{"addr":140736902708086,"idx":5},{"addr":140736902706669,"idx":6},{"addr":140736902741470,"idx":7},{"addr":140736902741304,"idx":8},{"addr":140736902738515,"idx":9},{"addr":140736902734379,"idx":10},{"addr":140736902734010,"idx":11},{"addr":140736902730657,"idx":12},{"addr":140736902730101,"idx":13},{"addr":140736902732657,"idx":14},{"addr":140736902732319,"idx":15},{"addr":140736902731827,"idx":16},{"addr":140736902731314,"idx":17},{"addr":140736902905929,"idx":18},{"addr":140736902905370,"idx":19},{"addr":140736701267006,"idx":20},{"addr":140736701278126,"idx":21},{"addr":140736681565650,"idx":22},{"addr":140736678007124,"idx":23},{"addr":140736678628250,"idx":24},{"addr":140736678626826,"idx":25},{"addr":140736677467174,"idx":26},{"addr":140736678619618,"idx":27},{"addr":140736678619329,"idx":28},{"addr":140736678618946,"idx":29},{"addr":140736678618813,"idx":30},{"addr":140736395570157,"idx":31},{"addr":140736395570087,"idx":32},{"addr":140736395471983,"idx":33},{"addr":140736395954918,"idx":34},{"addr":140736395379507,"idx":35},{"addr":140696088247311,"idx":36},{"addr":140696088445621,"idx":37},{"addr":140736897083607,"idx":38},{"addr":140736916996940,"idx":39}],,,,,,,,,3816,18446639081566216192,18446639081566191616,140736902700080,0,17416192,11608,69140480,69083136,140736902700080,,,,,,,,,,,,,,,,,,,,,,,,,,,,,,,,,,,,,,,,,,,,,,,,,,,,,,,,,,,,,,,,,,,,,,,,,,,,,,,,,,,,,,,,,,,,,,,,,,,,,,
"2025-09-02 15:13:10.9072885Z","ETW","Microsoft-Windows-Kernel-Process",5,"ImageLoadInfo ",3816,17724,"explorer.exe",,,,"C:\Windows\System32\WindowManagementAPI.dll",,,,,,,,,,,,[{"addr":140736918203828,"idx":0},{"addr":140736917192506,"idx":1},{"addr":140736917191278,"idx":2},{"addr":140736917210764,"idx":3},{"addr":140736917201516,"idx":4},{"addr":140736917258922,"idx":5},{"addr":140736916785248,"idx":6},{"addr":140736916786774,"idx":7},{"addr":140736917021315,"idx":8},{"addr":140736917023197,"idx":9},{"addr":140736701493458,"idx":10},{"addr":140736701588581,"idx":11},{"addr":140736701267045,"idx":12},{"addr":140736701278126,"idx":13},{"addr":140736681565650,"idx":14},{"addr":140736678007124,"idx":15},{"addr":140736678628250,"idx":16},{"addr":140736678626826,"idx":17},{"addr":140736677467174,"idx":18},{"addr":140736678619618,"idx":19},{"addr":140736678619329,"idx":20},{"addr":140736678618946,"idx":21},{"addr":140736678618813,"idx":22},{"addr":140736395570157,"idx":23},{"addr":140736395570087,"idx":24},{"addr":140736395471983,"idx":25},{"addr":140736395954918,"idx":26},{"addr":140736395379507,"idx":27},{"addr":140696088247311,"idx":28},{"addr":140696088445621,"idx":29},{"addr":140736897083607,"idx":30},{"addr":140736916996940,"idx":31}],,,,,,,,,3816,,,,,,,,,,,,,,,,,,,,,,,,,,,,,,,,,,,,563737174,140736757956608,140736757956608,1828450,1794048,,,,,,,,,,,,,,,,,,,,,,,,,,,,,,,,,,,,,,,,,,,,,,,,,,,,,,,,,,,,,,,,,,,,,,,
"2025-09-02 15:13:10.9077179Z","ETW","Microsoft-Windows-Kernel-Audit-API-Calls",6,"Info ",3816,17724,"explorer.exe",,,,,,,,,,,,,,,,[{"addr":140736918212548,"idx":0},{"addr":140736872857142,"idx":1},{"addr":140736717799273,"idx":2},{"addr":140736717815586,"idx":3},{"addr":140736717679308,"idx":4},{"addr":140736717678849,"idx":5},{"addr":140736718244889,"idx":6},{"addr":140736678628435,"idx":7},{"addr":140736678626826,"idx":8},{"addr":140736677467174,"idx":9},{"addr":140736678619618,"idx":10},{"addr":140736678619329,"idx":11},{"addr":140736678618946,"idx":12},{"addr":140736678618813,"idx":13},{"addr":140736395570157,"idx":14},{"addr":140736395570087,"idx":15},{"addr":140736395471983,"idx":16},{"addr":140736395954918,"idx":17},{"addr":140736395379507,"idx":18},{"addr":140696088247311,"idx":19},{"addr":140696088445621,"idx":20},{"addr":140736897083607,"idx":21},{"addr":140736916996940,"idx":22}],,,,,,,,,,,,,,,,,,,1048576,0,3816,17724,,,,,,,,,,,,,,,,,,,,,,,,,,,,,,,,,,,,,,,,,,,,,,,,,,,,,,,,,,,,,,,,,,,,,,,,,,,,,,,,,,,,,,,,,,,,,,,,,,
"2025-09-02 15:13:10.9084245Z","ETW","Microsoft-Windows-Kernel-Process",5,"ImageLoadInfo ",3816,17724,"explorer.exe",,,,"C:\Windows\System32\urlmon.dll",,,,,,,,,,,,[{"addr":140736918203828,"idx":0},{"addr":140736917192506,"idx":1},{"addr":140736917191278,"idx":2},{"addr":140736917210764,"idx":3},{"addr":140736917202269,"idx":4},{"addr":140736917259140,"idx":5},{"addr":140736916785248,"idx":6},{"addr":140736916786774,"idx":7},{"addr":140736917021315,"idx":8},{"addr":140736917023197,"idx":9},{"addr":140736680378386,"idx":10},{"addr":140736682261615,"idx":11},{"addr":140736676786664,"idx":12},{"addr":140736681099007,"idx":13},{"addr":140736679698532,"idx":14},{"addr":140736679698112,"idx":15},{"addr":140736678108701,"idx":16},{"addr":140736678106514,"idx":17},{"addr":140736678124833,"idx":18},{"addr":140736678123086,"idx":19},{"addr":140736678122946,"idx":20},{"addr":140736678628467,"idx":21},{"addr":140736678626826,"idx":22},{"addr":140736677467174,"idx":23},{"addr":140736678619618,"idx":24},{"addr":140736678619329,"idx":25},{"addr":140736678618946,"idx":26},{"addr":140736678618813,"idx":27},{"addr":140736395570157,"idx":28},{"addr":140736395570087,"idx":29},{"addr":140736395471983,"idx":30},{"addr":140736395954918,"idx":31},{"addr":140736395379507,"idx":32},{"addr":140696088247311,"idx":33},{"addr":140696088445621,"idx":34},{"addr":140736897083607,"idx":35},{"addr":140736916996940,"idx":36}],,,,,,,,,3816,,,,,,,,,,,,,,,,,,,,,,,,,,,,,,,,,,,,4167353037,140736735477760,140736735477760,1997412,1986560,,,,,,,,,,,,,,,,,,,,,,,,,,,,,,,,,,,,,,,,,,,,,,,,,,,,,,,,,,,,,,,,,,,,,,,
"2025-09-02 15:13:10.9089916Z","ETW","Microsoft-Windows-Kernel-Process",5,"ImageLoadInfo ",3816,10724,"explorer.exe",,,,"C:\Windows\System32\iertutil.dll",,,,,,,,,,,,[{"addr":140736918203828,"idx":0},{"addr":140736917192506,"idx":1},{"addr":140736917191278,"idx":2},{"addr":140736917210764,"idx":3},{"addr":140736917201516,"idx":4},{"addr":140736917258922,"idx":5},{"addr":140736917255216,"idx":6},{"addr":140736917350945,"idx":7},{"addr":140736897083607,"idx":8},{"addr":140736916996940,"idx":9}],,,,,,,,,3816,,,,,,,,,,,,,,,,,,,,,,,,,,,,,,,,,,,,4273941920,140736732528640,140736732528640,2989039,2924544,,,,,,,,,,,,,,,,,,,,,,,,,,,,,,,,,,,,,,,,,,,,,,,,,,,,,,,,,,,,,,,,,,,,,,,
"2025-09-02 15:13:10.9096356Z","ETW","Microsoft-Windows-Kernel-Process",5,"ImageLoadInfo ",3816,3296,"explorer.exe",,,,"C:\Windows\System32\srvcli.dll",,,,,,,,,,,,[{"addr":140736918203828,"idx":0},{"addr":140736917192506,"idx":1},{"addr":140736917191278,"idx":2},{"addr":140736917210764,"idx":3},{"addr":140736917201516,"idx":4},{"addr":140736917258922,"idx":5},{"addr":140736917255216,"idx":6},{"addr":140736917350945,"idx":7},{"addr":140736897083607,"idx":8},{"addr":140736916996940,"idx":9}],,,,,,,,,3816,,,,,,,,,,,,,,,,,,,,,,,,,,,,,,,,,,,,239922031,140736732135424,140736732135424,181029,167936,,,,,,,,,,,,,,,,,,,,,,,,,,,,,,,,,,,,,,,,,,,,,,,,,,,,,,,,,,,,,,,,,,,,,,,
"2025-09-02 15:13:10.9096402Z","ETW","Microsoft-Windows-Kernel-Process",5,"ImageLoadInfo ",3816,10724,"explorer.exe",,,,"C:\Windows\System32\netutils.dll",,,,,,,,,,,,[{"addr":140736918203828,"idx":0},{"addr":140736917192506,"idx":1},{"addr":140736917191278,"idx":2},{"addr":140736917210764,"idx":3},{"addr":140736917201516,"idx":4},{"addr":140736917258922,"idx":5},{"addr":140736917255216,"idx":6},{"addr":140736917350945,"idx":7},{"addr":140736897083607,"idx":8},{"addr":140736916996940,"idx":9}],,,,,,,,,3816,,,,,,,,,,,,,,,,,,,,,,,,,,,,,,,,,,,,865845000,140736841973760,140736841973760,80696,53248,,,,,,,,,,,,,,,,,,,,,,,,,,,,,,,,,,,,,,,,,,,,,,,,,,,,,,,,,,,,,,,,,,,,,,,
"2025-09-02 15:13:10.9102853Z","ETW","Microsoft-Windows-Kernel-Audit-API-Calls",5,"Info ",3816,17724,"explorer.exe",,,,,,,,,,,,,,,,[{"addr":140736918203764,"idx":0},{"addr":140736872731894,"idx":1},{"addr":140736732662431,"idx":2},{"addr":140736732658563,"idx":3},{"addr":140736732655943,"idx":4},{"addr":140736732637152,"idx":5},{"addr":140736732632626,"idx":6},{"addr":140736732844814,"idx":7},{"addr":140736916975221,"idx":8},{"addr":140736872573249,"idx":9},{"addr":140736732629242,"idx":10},{"addr":140736732624534,"idx":11},{"addr":140736676786664,"idx":12},{"addr":140736681099007,"idx":13},{"addr":140736679698532,"idx":14},{"addr":140736679698112,"idx":15},{"addr":140736678108701,"idx":16},{"addr":140736678106514,"idx":17},{"addr":140736678124833,"idx":18},{"addr":140736678123086,"idx":19},{"addr":140736678122946,"idx":20},{"addr":140736678628467,"idx":21},{"addr":140736678626826,"idx":22},{"addr":140736677467174,"idx":23},{"addr":140736678619618,"idx":24},{"addr":140736678619329,"idx":25},{"addr":140736678618946,"idx":26},{"addr":140736678618813,"idx":27},{"addr":140736395570157,"idx":28},{"addr":140736395570087,"idx":29},{"addr":140736395471983,"idx":30},{"addr":140736395954918,"idx":31},{"addr":140736395379507,"idx":32},{"addr":140696088247311,"idx":33},{"addr":140696088445621,"idx":34},{"addr":140736897083607,"idx":35},{"addr":140736916996940,"idx":36}],,,,,,,,,,,,,,,,,,,1024,0,3816,,,,,,,,,,,,,,,,,,,,,,,,,,,,,,,,,,,,,,,,,,,,,,,,,,,,,,,,,,,,,,,,,,,,,,,,,,,,,,,,,,,,,,,,,,,,,,,,,,,
"2025-09-02 15:13:10.9103456Z","ETW","Microsoft-Windows-Kernel-Audit-API-Calls",5,"Info ",3816,17724,"explorer.exe",,,,,,,,,,,,,,,,[{"addr":140736918203764,"idx":0},{"addr":140736872731894,"idx":1},{"addr":140736732662431,"idx":2},{"addr":140736732657011,"idx":3},{"addr":140736732637152,"idx":4},{"addr":140736732632626,"idx":5},{"addr":140736732844814,"idx":6},{"addr":140736916975221,"idx":7},{"addr":140736872573249,"idx":8},{"addr":140736732629242,"idx":9},{"addr":140736732624534,"idx":10},{"addr":140736676786664,"idx":11},{"addr":140736681099007,"idx":12},{"addr":140736679698532,"idx":13},{"addr":140736679698112,"idx":14},{"addr":140736678108701,"idx":15},{"addr":140736678106514,"idx":16},{"addr":140736678124833,"idx":17},{"addr":140736678123086,"idx":18},{"addr":140736678122946,"idx":19},{"addr":140736678628467,"idx":20},{"addr":140736678626826,"idx":21},{"addr":140736677467174,"idx":22},{"addr":140736678619618,"idx":23},{"addr":140736678619329,"idx":24},{"addr":140736678618946,"idx":25},{"addr":140736678618813,"idx":26},{"addr":140736395570157,"idx":27},{"addr":140736395570087,"idx":28},{"addr":140736395471983,"idx":29},{"addr":140736395954918,"idx":30},{"addr":140736395379507,"idx":31},{"addr":140696088247311,"idx":32},{"addr":140696088445621,"idx":33},{"addr":140736897083607,"idx":34},{"addr":140736916996940,"idx":35}],,,,,,,,,,,,,,,,,,,1024,0,3816,,,,,,,,,,,,,,,,,,,,,,,,,,,,,,,,,,,,,,,,,,,,,,,,,,,,,,,,,,,,,,,,,,,,,,,,,,,,,,,,,,,,,,,,,,,,,,,,,,,
"2025-09-02 15:13:10.9117799Z","ETW","Microsoft-Windows-Kernel-Process",3,"ThreadStartStart ",3816,17724,"explorer.exe",,,,,,,,,,,,,,,,[{"addr":140736918208964,"idx":0},{"addr":140736872776761,"idx":1},{"addr":140736897102141,"idx":2},{"addr":140736678170764,"idx":3},{"addr":140736678170314,"idx":4},{"addr":140736678167972,"idx":5},{"addr":140736678167797,"idx":6},{"addr":140736678167602,"idx":7},{"addr":140736678167261,"idx":8},{"addr":140736677019946,"idx":9},{"addr":140736677019479,"idx":10},{"addr":140736677019370,"idx":11},{"addr":140736679698903,"idx":12},{"addr":140736679698214,"idx":13},{"addr":140736678108701,"idx":14},{"addr":140736678106514,"idx":15},{"addr":140736678124833,"idx":16},{"addr":140736678123086,"idx":17},{"addr":140736678122946,"idx":18},{"addr":140736678628467,"idx":19},{"addr":140736678626826,"idx":20},{"addr":140736677467174,"idx":21},{"addr":140736678619618,"idx":22},{"addr":140736678619329,"idx":23},{"addr":140736678618946,"idx":24},{"addr":140736678618813,"idx":25},{"addr":140736395570157,"idx":26},{"addr":140736395570087,"idx":27},{"addr":140736395471983,"idx":28},{"addr":140736395954918,"idx":29},{"addr":140736395379507,"idx":30},{"addr":140696088247311,"idx":31},{"addr":140696088445621,"idx":32},{"addr":140736897083607,"idx":33},{"addr":140736916996940,"idx":34}],,,,,,,,,3816,18446639081566273536,18446639081566248960,140736678173040,0,17424384,7804,69664768,69607424,140736678173040,,,,,,,,,,,,,,,,,,,,,,,,,,,,,,,,,,,,,,,,,,,,,,,,,,,,,,,,,,,,,,,,,,,,,,,,,,,,,,,,,,,,,,,,,,,,,,,,,,,,,,
"2025-09-02 15:13:10.9118314Z","ETW","Microsoft-Windows-Kernel-Process",3,"ThreadStartStart ",3816,17724,"explorer.exe",,,,,,,,,,,,,,,,[{"addr":140736918208964,"idx":0},{"addr":140736872776761,"idx":1},{"addr":140736897102141,"idx":2},{"addr":140736681124632,"idx":3},{"addr":140736678171081,"idx":4},{"addr":140736678168041,"idx":5},{"addr":140736678167797,"idx":6},{"addr":140736678167602,"idx":7},{"addr":140736678167261,"idx":8},{"addr":140736677019946,"idx":9},{"addr":140736677019479,"idx":10},{"addr":140736677019370,"idx":11},{"addr":140736679698903,"idx":12},{"addr":140736679698214,"idx":13},{"addr":140736678108701,"idx":14},{"addr":140736678106514,"idx":15},{"addr":140736678124833,"idx":16},{"addr":140736678123086,"idx":17},{"addr":140736678122946,"idx":18},{"addr":140736678628467,"idx":19},{"addr":140736678626826,"idx":20},{"addr":140736677467174,"idx":21},{"addr":140736678619618,"idx":22},{"addr":140736678619329,"idx":23},{"addr":140736678618946,"idx":24},{"addr":140736678618813,"idx":25},{"addr":140736395570157,"idx":26},{"addr":140736395570087,"idx":27},{"addr":140736395471983,"idx":28},{"addr":140736395954918,"idx":29},{"addr":140736395379507,"idx":30},{"addr":140696088247311,"idx":31},{"addr":140696088445621,"idx":32},{"addr":140736897083607,"idx":33},{"addr":140736916996940,"idx":34}],,,,,,,,,3816,18446639081566302208,18446639081566277632,140736682109920,0,17432576,17284,70189056,70131712,140736682109920,,,,,,,,,,,,,,,,,,,,,,,,,,,,,,,,,,,,,,,,,,,,,,,,,,,,,,,,,,,,,,,,,,,,,,,,,,,,,,,,,,,,,,,,,,,,,,,,,,,,,,
"2025-09-02 15:13:10.9124036Z","ETW","Microsoft-Windows-Kernel-Process",5,"ImageLoadInfo ",3816,7804,"explorer.exe",,,,"C:\Windows\System32\ResourcePolicyClient.dll",,,,,,,,,,,,[{"addr":140736918203828,"idx":0},{"addr":140736917192506,"idx":1},{"addr":140736917191278,"idx":2},{"addr":140736917210764,"idx":3},{"addr":140736917202269,"idx":4},{"addr":140736917259140,"idx":5},{"addr":140736916785248,"idx":6},{"addr":140736916784352,"idx":7},{"addr":140736917101952,"idx":8},{"addr":140736872000198,"idx":9},{"addr":140736821727374,"idx":10},{"addr":140736821961885,"idx":11},{"addr":140736821718812,"idx":12},{"addr":140736821718361,"idx":13},{"addr":140736821478507,"idx":14},{"addr":140736821476572,"idx":15},{"addr":140736821475930,"idx":16},{"addr":140736821477466,"idx":17},{"addr":140736821714085,"idx":18},{"addr":140736678175882,"idx":19},{"addr":140736678174026,"idx":20},{"addr":140736678173091,"idx":21},{"addr":140736897083607,"idx":22},{"addr":140736916996940,"idx":23}],,,,,,,,,3816,,,,,,,,,,,,,,,,,,,,,,,,,,,,,,,,,,,,2069163340,140736825786368,140736825786368,104020,81920,,,,,,,,,,,,,,,,,,,,,,,,,,,,,,,,,,,,,,,,,,,,,,,,,,,,,,,,,,,,,,,,,,,,,,,
"2025-09-02 15:13:10.9129932Z","ETW","Microsoft-Windows-Kernel-Audit-API-Calls",5,"Info ",528,13948,"svchost.exe",,,,,,,,,,,,,,,,[{"addr":140736918203764,"idx":0},{"addr":140736872731894,"idx":1},{"addr":140736819599374,"idx":2},{"addr":140736819599845,"idx":3},{"addr":140736819601600,"idx":4},{"addr":140736819596293,"idx":5},{"addr":140736819588315,"idx":6},{"addr":140736882620003,"idx":7},{"addr":140736882628366,"idx":8},{"addr":140736882319852,"idx":9},{"addr":140736882311415,"idx":10},{"addr":140736882088628,"idx":11},{"addr":140736882092744,"idx":12},{"addr":140736882015316,"idx":13},{"addr":140736882081820,"idx":14},{"addr":140736882106396,"idx":15},{"addr":140736882102691,"idx":16},{"addr":140736882098504,"idx":17},{"addr":140736917358174,"idx":18},{"addr":140736917350275,"idx":19},{"addr":140736897083607,"idx":20},{"addr":140736916996940,"idx":21}],,,,,,,,,,,,,,,,,,,4096,0,3816,,,,,,,,,,,,,,,,,,,,,,,,,,,,,,,,,,,,,,,,,,,,,,,,,,,,,,,,,,,,,,,,,,,,,,,,,,,,,,,,,,,,,,,,,,,,,,,,,,,
"2025-09-02 15:13:10.9132872Z","ETW","Microsoft-Windows-Kernel-Audit-API-Calls",5,"Info ",528,13948,"svchost.exe",,,,,,,,,,,,,,,,[{"addr":140736918203764,"idx":0},{"addr":140736872731894,"idx":1},{"addr":140736819653411,"idx":2},{"addr":140736819601237,"idx":3},{"addr":140736819596310,"idx":4},{"addr":140736819588315,"idx":5},{"addr":140736882620003,"idx":6},{"addr":140736882628366,"idx":7},{"addr":140736882319852,"idx":8},{"addr":140736882311415,"idx":9},{"addr":140736882088628,"idx":10},{"addr":140736882092744,"idx":11},{"addr":140736882015316,"idx":12},{"addr":140736882081820,"idx":13},{"addr":140736882106396,"idx":14},{"addr":140736882102691,"idx":15},{"addr":140736882098504,"idx":16},{"addr":140736917358174,"idx":17},{"addr":140736917350275,"idx":18},{"addr":140736897083607,"idx":19},{"addr":140736916996940,"idx":20}],,,,,,,,,,,,,,,,,,,4096,0,3816,,,,,,,,,,,,,,,,,,,,,,,,,,,,,,,,,,,,,,,,,,,,,,,,,,,,,,,,,,,,,,,,,,,,,,,,,,,,,,,,,,,,,,,,,,,,,,,,,,,
"2025-09-02 15:13:10.9135004Z","ETW","Microsoft-Windows-Kernel-Process",6,"ImageUnloadInfo ",3816,7804,"explorer.exe",,,,"C:\Windows\System32\ResourcePolicyClient.dll",,,,,,,,,,,,[{"addr":140736918203892,"idx":0},{"addr":140736917028534,"idx":1},{"addr":140736916779098,"idx":2},{"addr":140736916773567,"idx":3},{"addr":140736872000489,"idx":4},{"addr":140736821734943,"idx":5},{"addr":140736821962005,"idx":6},{"addr":140736821718812,"idx":7},{"addr":140736821718361,"idx":8},{"addr":140736821478507,"idx":9},{"addr":140736821476572,"idx":10},{"addr":140736821475930,"idx":11},{"addr":140736821477466,"idx":12},{"addr":140736821714085,"idx":13},{"addr":140736678175882,"idx":14},{"addr":140736678174026,"idx":15},{"addr":140736678173091,"idx":16},{"addr":140736897083607,"idx":17},{"addr":140736916996940,"idx":18}],,,,,,,,,3816,,,,,,,,,,,,,,,,,,,,,,,,,,,,,,,,,,,,2069163340,140736825786368,140736825786368,104020,94208,,,,,,,,,,,,,,,,,,,,,,,,,,,,,,,,,,,,,,,,,,,,,,,,,,,,,,,,,,,,,,,,,,,,,,,
"2025-09-02 15:13:10.9138334Z","ETW","Microsoft-Windows-Kernel-Process",5,"ImageLoadInfo ",3816,7804,"explorer.exe",,,,"C:\Windows\System32\directxdatabasehelper.dll",,,,,,,,,,,,[{"addr":140736918203828,"idx":0},{"addr":140736917192506,"idx":1},{"addr":140736917191278,"idx":2},{"addr":140736917210764,"idx":3},{"addr":140736917202269,"idx":4},{"addr":140736917259140,"idx":5},{"addr":140736916785248,"idx":6},{"addr":140736916786774,"idx":7},{"addr":140736917021315,"idx":8},{"addr":140736917023197,"idx":9},{"addr":140736821738210,"idx":10},{"addr":140736821867495,"idx":11},{"addr":140736821719118,"idx":12},{"addr":140736821718361,"idx":13},{"addr":140736821478507,"idx":14},{"addr":140736821476572,"idx":15},{"addr":140736821475930,"idx":16},{"addr":140736821477466,"idx":17},{"addr":140736821714085,"idx":18},{"addr":140736678175882,"idx":19},{"addr":140736678174026,"idx":20},{"addr":140736678173091,"idx":21},{"addr":140736897083607,"idx":22},{"addr":140736916996940,"idx":23}],,,,,,,,,3816,,,,,,,,,,,,,,,,,,,,,,,,,,,,,,,,,,,,741009652,140736772046848,140736772046848,486960,434176,,,,,,,,,,,,,,,,,,,,,,,,,,,,,,,,,,,,,,,,,,,,,,,,,,,,,,,,,,,,,,,,,,,,,,,
"2025-09-02 15:13:10.9145359Z","ETW","Microsoft-Windows-Kernel-Process",5,"ImageLoadInfo ",3816,17724,"explorer.exe",,,,"C:\Windows\System32\dcomp.dll",,,,,,,,,,,,[{"addr":140736918203828,"idx":0},{"addr":140736917192506,"idx":1},{"addr":140736917191278,"idx":2},{"addr":140736917210764,"idx":3},{"addr":140736917202269,"idx":4},{"addr":140736917259140,"idx":5},{"addr":140736916785248,"idx":6},{"addr":140736916784352,"idx":7},{"addr":140736917101952,"idx":8},{"addr":140736872000198,"idx":9},{"addr":140736909363845,"idx":10},{"addr":140736909362547,"idx":11},{"addr":140736909531736,"idx":12},{"addr":140736909524833,"idx":13},{"addr":140736909523551,"idx":14},{"addr":140736701474756,"idx":15},{"addr":140736702790048,"idx":16},{"addr":140736702789888,"idx":17},{"addr":140736702789390,"idx":18},{"addr":140736702789093,"idx":19},{"addr":140736702783627,"idx":20},{"addr":140736703066143,"idx":21},{"addr":140736702691659,"idx":22},{"addr":140736702816242,"idx":23},{"addr":140736702814232,"idx":24},{"addr":140736702807673,"idx":25},{"addr":140736702807396,"idx":26},{"addr":140736702940376,"idx":27},{"addr":140736702948161,"idx":28},{"addr":140736680184499,"idx":29},{"addr":140736680184308,"idx":30},{"addr":140736680183657,"idx":31},{"addr":140736680183423,"idx":32},{"addr":140736680428146,"idx":33},{"addr":140736680427942,"idx":34},{"addr":140736676969379,"idx":35},{"addr":140736677560788,"idx":36},{"addr":140736678066582,"idx":37},{"addr":140736678065840,"idx":38},{"addr":140736678123109,"idx":39},{"addr":140736678122946,"idx":40},{"addr":140736678628467,"idx":41},{"addr":140736678626826,"idx":42},{"addr":140736677467174,"idx":43},{"addr":140736678619618,"idx":44},{"addr":140736678619329,"idx":45},{"addr":140736678618946,"idx":46},{"addr":140736678618813,"idx":47},{"addr":140736395570157,"idx":48},{"addr":140736395570087,"idx":49},{"addr":140736395471983,"idx":50},{"addr":140736395954918,"idx":51},{"addr":140736395379507,"idx":52},{"addr":140696088247311,"idx":53},{"addr":140696088445621,"idx":54},{"addr":140736897083607,"idx":55},{"addr":140736916996940,"idx":56}],,,,,,,,,3816,,,,,,,,,,,,,,,,,,,,,,,,,,,,,,,,,,,,3115286930,140736806715392,140736806715392,2336173,2269184,,,,,,,,,,,,,,,,,,,,,,,,,,,,,,,,,,,,,,,,,,,,,,,,,,,,,,,,,,,,,,,,,,,,,,,
"2025-09-02 15:13:10.9151636Z","ETW","Microsoft-Windows-Kernel-Process",5,"ImageLoadInfo ",3816,10724,"explorer.exe",,,,"C:\Windows\System32\Microsoft.Internal.WarpPal.dll",,,,,,,,,,,,[{"addr":140736918203828,"idx":0},{"addr":140736917192506,"idx":1},{"addr":140736917191278,"idx":2},{"addr":140736917210764,"idx":3},{"addr":140736917201516,"idx":4},{"addr":140736917258922,"idx":5},{"addr":140736917255216,"idx":6},{"addr":140736917350945,"idx":7},{"addr":140736897083607,"idx":8},{"addr":140736916996940,"idx":9}],,,,,,,,,3816,,,,,,,,,,,,,,,,,,,,,,,,,,,,,,,,,,,,2132685858,140736790986752,140736790986752,167600,102400,,,,,,,,,,,,,,,,,,,,,,,,,,,,,,,,,,,,,,,,,,,,,,,,,,,,,,,,,,,,,,,,,,,,,,,
"2025-09-02 15:13:10.9173694Z","ETW","Microsoft-Windows-Kernel-Process",5,"ImageLoadInfo ",3816,7804,"explorer.exe",,,,"C:\Windows\System32\d3d11.dll",,,,,,,,,,,,[{"addr":140736918203828,"idx":0},{"addr":140736917192506,"idx":1},{"addr":140736917191278,"idx":2},{"addr":140736917210764,"idx":3},{"addr":140736917201516,"idx":4},{"addr":140736917258922,"idx":5},{"addr":140736916785248,"idx":6},{"addr":140736916784352,"idx":7},{"addr":140736917101952,"idx":8},{"addr":140736872000198,"idx":9},{"addr":140736678180715,"idx":10},{"addr":140736678174980,"idx":11},{"addr":140736678173091,"idx":12},{"addr":140736897083607,"idx":13},{"addr":140736916996940,"idx":14}],,,,,,,,,3816,,,,,,,,,,,,,,,,,,,,,,,,,,,,,,,,,,,,3657003287,140736803373056,140736803373056,2576804,2519040,,,,,,,,,,,,,,,,,,,,,,,,,,,,,,,,,,,,,,,,,,,,,,,,,,,,,,,,,,,,,,,,,,,,,,,
"2025-09-02 15:13:10.9184005Z","ETW","Microsoft-Windows-Kernel-Process",5,"ImageLoadInfo ",3816,17724,"explorer.exe",,,,"C:\Windows\System32\DataExchange.dll",,,,,,,,,,,,[{"addr":140736918203828,"idx":0},{"addr":140736917192506,"idx":1},{"addr":140736917191278,"idx":2},{"addr":140736917210764,"idx":3},{"addr":140736917202269,"idx":4},{"addr":140736917259140,"idx":5},{"addr":140736916785248,"idx":6},{"addr":140736916784352,"idx":7},{"addr":140736917101952,"idx":8},{"addr":140736872000198,"idx":9},{"addr":140736909363845,"idx":10},{"addr":140736909362547,"idx":11},{"addr":140736909531736,"idx":12},{"addr":140736909524833,"idx":13},{"addr":140736909523551,"idx":14},{"addr":140736679943043,"idx":15},{"addr":140736679942284,"idx":16},{"addr":140736678081097,"idx":17},{"addr":140736678080096,"idx":18},{"addr":140736678077932,"idx":19},{"addr":140736678074355,"idx":20},{"addr":140736678123245,"idx":21},{"addr":140736678122946,"idx":22},{"addr":140736678628467,"idx":23},{"addr":140736678626826,"idx":24},{"addr":140736677467174,"idx":25},{"addr":140736678619618,"idx":26},{"addr":140736678619329,"idx":27},{"addr":140736678618946,"idx":28},{"addr":140736678618813,"idx":29},{"addr":140736395570157,"idx":30},{"addr":140736395570087,"idx":31},{"addr":140736395471983,"idx":32},{"addr":140736395954918,"idx":33},{"addr":140736395379507,"idx":34},{"addr":140696088247311,"idx":35},{"addr":140696088445621,"idx":36},{"addr":140736897083607,"idx":37},{"addr":140736916996940,"idx":38}],,,,,,,,,3816,,,,,,,,,,,,,,,,,,,,,,,,,,,,,,,,,,,,1473623662,140736401637376,140736401637376,413852,368640,,,,,,,,,,,,,,,,,,,,,,,,,,,,,,,,,,,,,,,,,,,,,,,,,,,,,,,,,,,,,,,,,,,,,,,
"2025-09-02 15:13:10.9189014Z","ETW","Microsoft-Windows-Kernel-Audit-API-Calls",5,"Info ",3816,17724,"explorer.exe",,,,,,,,,,,,,,,,[{"addr":140736918203764,"idx":0},{"addr":140736872731894,"idx":1},{"addr":140736717697306,"idx":2},{"addr":140736401658233,"idx":3},{"addr":140736401662072,"idx":4},{"addr":140736679943092,"idx":5},{"addr":140736679942284,"idx":6},{"addr":140736678081097,"idx":7},{"addr":140736678080096,"idx":8},{"addr":140736678077932,"idx":9},{"addr":140736678074355,"idx":10},{"addr":140736678123245,"idx":11},{"addr":140736678122946,"idx":12},{"addr":140736678628467,"idx":13},{"addr":140736678626826,"idx":14},{"addr":140736677467174,"idx":15},{"addr":140736678619618,"idx":16},{"addr":140736678619329,"idx":17},{"addr":140736678618946,"idx":18},{"addr":140736678618813,"idx":19},{"addr":140736395570157,"idx":20},{"addr":140736395570087,"idx":21},{"addr":140736395471983,"idx":22},{"addr":140736395954918,"idx":23},{"addr":140736395379507,"idx":24},{"addr":140696088247311,"idx":25},{"addr":140696088445621,"idx":26},{"addr":140736897083607,"idx":27},{"addr":140736916996940,"idx":28}],,,,,,,,,,,,,,,,,,,4096,0,3816,,,,,,,,,,,,,,,,,,,,,,,,,,,,,,,,,,,,,,,,,,,,,,,,,,,,,,,,,,,,,,,,,,,,,,,,,,,,,,,,,,,,,,,,,,,,,,,,,,,
"2025-09-02 15:13:10.9192053Z","ETW","Microsoft-Windows-Kernel-Process",5,"ImageLoadInfo ",3816,7804,"explorer.exe",,,,"C:\Windows\System32\d3d10warp.dll",,,,,,,,,,,,[{"addr":140736918203828,"idx":0},{"addr":140736917192506,"idx":1},{"addr":140736917191278,"idx":2},{"addr":140736917210764,"idx":3},{"addr":140736917201516,"idx":4},{"addr":140736917258922,"idx":5},{"addr":140736916785248,"idx":6},{"addr":140736916784352,"idx":7},{"addr":140736917101952,"idx":8},{"addr":140736872000198,"idx":9},{"addr":140736821404050,"idx":10},{"addr":140736803796665,"idx":11},{"addr":140736803791217,"idx":12},{"addr":140736803705062,"idx":13},{"addr":140736803697254,"idx":14},{"addr":140736803878163,"idx":15},{"addr":140736803908446,"idx":16},{"addr":140736803908268,"idx":17},{"addr":140736803914646,"idx":18},{"addr":140736678180664,"idx":19},{"addr":140736678174980,"idx":20},{"addr":140736678173091,"idx":21},{"addr":140736897083607,"idx":22},{"addr":140736916996940,"idx":23}],,,,,,,,,3816,,,,,,,,,,,,,,,,,,,,,,,,,,,,,,,,,,,,426759432,140736750878720,140736750878720,6027108,5988352,,,,,,,,,,,,,,,,,,,,,,,,,,,,,,,,,,,,,,,,,,,,,,,,,,,,,,,,,,,,,,,,,,,,,,,
"2025-09-02 15:13:10.9200752Z","ETW","Microsoft-Windows-Kernel-Audit-API-Calls",5,"Info ",3816,7804,"explorer.exe",,,,,,,,,,,,,,,,[{"addr":140736876137252,"idx":0},{"addr":140736803693221,"idx":1},{"addr":140736803693489,"idx":2},{"addr":140736803419410,"idx":3},{"addr":140736803417894,"idx":4},{"addr":140736803459531,"idx":5},{"addr":140736803461042,"idx":6},{"addr":140736803460006,"idx":7},{"addr":140736804015323,"idx":8},{"addr":140736803691627,"idx":9},{"addr":140736803705684,"idx":10},{"addr":140736803705946,"idx":11},{"addr":140736803691169,"idx":12},{"addr":140736803700219,"idx":13},{"addr":140736803702775,"idx":14},{"addr":140736803696639,"idx":15},{"addr":140736803878163,"idx":16},{"addr":140736803908446,"idx":17},{"addr":140736803908268,"idx":18},{"addr":140736803914646,"idx":19},{"addr":140736678180664,"idx":20},{"addr":140736678174980,"idx":21},{"addr":140736678173091,"idx":22},{"addr":140736897083607,"idx":23},{"addr":140736916996940,"idx":24}],,,,,,,,,,,,,,,,,,,64,0,3816,,,,,,,,,,,,,,,,,,,,,,,,,,,,,,,,,,,,,,,,,,,,,,,,,,,,,,,,,,,,,,,,,,,,,,,,,,,,,,,,,,,,,,,,,,,,,,,,,,,
"2025-09-02 15:13:10.9205952Z","ETW","Microsoft-Windows-Kernel-Process",5,"ImageLoadInfo ",3816,17724,"explorer.exe",,,,"C:\Windows\System32\WinUICohabitation.dll",,,,,,,,,,,,[{"addr":140736918203828,"idx":0},{"addr":140736917192506,"idx":1},{"addr":140736917191278,"idx":2},{"addr":140736917210764,"idx":3},{"addr":140736917201516,"idx":4},{"addr":140736917258922,"idx":5},{"addr":140736916785248,"idx":6},{"addr":140736916784352,"idx":7},{"addr":140736917101952,"idx":8},{"addr":140736872000198,"idx":9},{"addr":140736446837190,"idx":10},{"addr":140736446386862,"idx":11},{"addr":140736446386495,"idx":12},{"addr":140736681102875,"idx":13},{"addr":140736678123307,"idx":14},{"addr":140736678122946,"idx":15},{"addr":140736678628467,"idx":16},{"addr":140736678626826,"idx":17},{"addr":140736677467174,"idx":18},{"addr":140736678619618,"idx":19},{"addr":140736678619329,"idx":20},{"addr":140736678618946,"idx":21},{"addr":140736678618813,"idx":22},{"addr":140736395570157,"idx":23},{"addr":140736395570087,"idx":24},{"addr":140736395471983,"idx":25},{"addr":140736395954918,"idx":26},{"addr":140736395379507,"idx":27},{"addr":140696088247311,"idx":28},{"addr":140696088445621,"idx":29},{"addr":140736897083607,"idx":30},{"addr":140736916996940,"idx":31}],,,,,,,,,3816,,,,,,,,,,,,,,,,,,,,,,,,,,,,,,,,,,,,3200936782,140736501841920,140736501841920,175019,139264,,,,,,,,,,,,,,,,,,,,,,,,,,,,,,,,,,,,,,,,,,,,,,,,,,,,,,,,,,,,,,,,,,,,,,,
"2025-09-02 15:13:10.9222547Z","ETW","Microsoft-Windows-Kernel-Process",5,"ImageLoadInfo ",3816,7804,"explorer.exe",,,,"C:\Windows\System32\DWrite.dll",,,,,,,,,,,,[{"addr":140736918203828,"idx":0},{"addr":140736917192506,"idx":1},{"addr":140736917191278,"idx":2},{"addr":140736917210764,"idx":3},{"addr":140736917201516,"idx":4},{"addr":140736917258922,"idx":5},{"addr":140736916785248,"idx":6},{"addr":140736916784352,"idx":7},{"addr":140736917101952,"idx":8},{"addr":140736872000198,"idx":9},{"addr":140736675466820,"idx":10},{"addr":140736678173134,"idx":11},{"addr":140736897083607,"idx":12},{"addr":140736916996940,"idx":13}],,,,,,,,,3816,,,,,,,,,,,,,,,,,,,,,,,,,,,,,,,,,,,,1496558505,140736794198016,140736794198016,2527455,2535424,,,,,,,,,,,,,,,,,,,,,,,,,,,,,,,,,,,,,,,,,,,,,,,,,,,,,,,,,,,,,,,,,,,,,,,
"2025-09-02 15:13:10.9227151Z","ETW","Microsoft-Windows-Kernel-Audit-API-Calls",5,"Info ",2644,2676,"svchost.exe",,,,,,,,,,,,,,,,[{"addr":140736918206916,"idx":0},{"addr":140736673549164,"idx":1},{"addr":140736673667204,"idx":2},{"addr":140736673553439,"idx":3},{"addr":140736673552238,"idx":4},{"addr":140736674069630,"idx":5},{"addr":140736897083607,"idx":6},{"addr":140736916996940,"idx":7}],,,,,,,,,,,,,,,,,,,64,0,3816,,,,,,,,,,,,,,,,,,,,,,,,,,,,,,,,,,,,,,,,,,,,,,,,,,,,,,,,,,,,,,,,,,,,,,,,,,,,,,,,,,,,,,,,,,,,,,,,,,,
"2025-09-02 15:13:10.9228117Z","ETW","Microsoft-Windows-Kernel-Audit-API-Calls",5,"Info ",2644,2676,"svchost.exe",,,,,,,,,,,,,,,,[{"addr":140736918206916,"idx":0},{"addr":140736673549164,"idx":1},{"addr":140736673550120,"idx":2},{"addr":140736673552852,"idx":3},{"addr":140736673552238,"idx":4},{"addr":140736674069630,"idx":5},{"addr":140736897083607,"idx":6},{"addr":140736916996940,"idx":7}],,,,,,,,,,,,,,,,,,,64,0,3816,,,,,,,,,,,,,,,,,,,,,,,,,,,,,,,,,,,,,,,,,,,,,,,,,,,,,,,,,,,,,,,,,,,,,,,,,,,,,,,,,,,,,,,,,,,,,,,,,,,
"2025-09-02 15:13:10.9234912Z","ETW","Microsoft-Windows-Kernel-Audit-API-Calls",5,"Info ",2644,2676,"svchost.exe",,,,,,,,,,,,,,,,[{"addr":140736918206916,"idx":0},{"addr":140736673549164,"idx":1},{"addr":140736673550120,"idx":2},{"addr":140736673552852,"idx":3},{"addr":140736673552238,"idx":4},{"addr":140736674069630,"idx":5},{"addr":140736897083607,"idx":6},{"addr":140736916996940,"idx":7}],,,,,,,,,,,,,,,,,,,64,0,3816,,,,,,,,,,,,,,,,,,,,,,,,,,,,,,,,,,,,,,,,,,,,,,,,,,,,,,,,,,,,,,,,,,,,,,,,,,,,,,,,,,,,,,,,,,,,,,,,,,,
"2025-09-02 15:13:10.9239724Z","ETW","Microsoft-Windows-Kernel-Process",5,"ImageLoadInfo ",3816,7804,"explorer.exe",,,,"C:\Windows\System32\TextShaping.dll",,,,,,,,,,,,[{"addr":140736918203828,"idx":0},{"addr":140736917192506,"idx":1},{"addr":140736917191278,"idx":2},{"addr":140736917210764,"idx":3},{"addr":140736917201516,"idx":4},{"addr":140736917258922,"idx":5},{"addr":140736916785248,"idx":6},{"addr":140736916786774,"idx":7},{"addr":140736917021315,"idx":8},{"addr":140736917023197,"idx":9},{"addr":140736795166530,"idx":10},{"addr":140736795305733,"idx":11},{"addr":140736794479174,"idx":12},{"addr":140736794594528,"idx":13},{"addr":140736794591355,"idx":14},{"addr":140736794587876,"idx":15},{"addr":140736794419359,"idx":16},{"addr":140736794853546,"idx":17},{"addr":140736794851703,"idx":18},{"addr":140736794845834,"idx":19},{"addr":140736798099462,"idx":20},{"addr":140736798094117,"idx":21},{"addr":140736798093533,"idx":22},{"addr":140736798375876,"idx":23},{"addr":140736675467233,"idx":24},{"addr":140736678173134,"idx":25},{"addr":140736897083607,"idx":26},{"addr":140736916996940,"idx":27}],,,,,,,,,3816,,,,,,,,,,,,,,,,,,,,,,,,,,,,,,,,,,,,1814550754,140736700219392,140736700219392,757881,733184,,,,,,,,,,,,,,,,,,,,,,,,,,,,,,,,,,,,,,,,,,,,,,,,,,,,,,,,,,,,,,,,,,,,,,,
"2025-09-02 15:13:10.9241840Z","ETW","Microsoft-Windows-Kernel-Audit-API-Calls",5,"Info ",2644,2676,"svchost.exe",,,,,,,,,,,,,,,,[{"addr":140736918206916,"idx":0},{"addr":140736673549164,"idx":1},{"addr":140736673550120,"idx":2},{"addr":140736673552852,"idx":3},{"addr":140736673552238,"idx":4},{"addr":140736674069630,"idx":5},{"addr":140736897083607,"idx":6},{"addr":140736916996940,"idx":7}],,,,,,,,,,,,,,,,,,,64,0,3816,,,,,,,,,,,,,,,,,,,,,,,,,,,,,,,,,,,,,,,,,,,,,,,,,,,,,,,,,,,,,,,,,,,,,,,,,,,,,,,,,,,,,,,,,,,,,,,,,,,
"2025-09-02 15:13:10.9250822Z","ETW","Microsoft-Windows-Kernel-Process",4,"ThreadStopStop ",3816,7804,"explorer.exe",,,,,,,,,,,,,,,,[],,,,,,,,45168320,3816,18446639081566273536,18446639081566248960,140736678173040,0,17424384,7804,69664768,69607424,140736678173040,,,,,,,,,,,,,,,,,,,,,,,,,,,,,,,,,,,,,,,,,,,,,,,,,,,,,,,,,,,,,,,,,,,,,,,,,,,,,,,,,,,,,,,,,,,,,,,,,,,,,,
"2025-09-02 15:13:10.9284440Z","ETW","Microsoft-Windows-Kernel-Process",5,"ImageLoadInfo ",3816,17724,"explorer.exe",,,,"C:\Windows\System32\Windows.UI.Xaml.Controls.dll",,,,,,,,,,,,[{"addr":140736918203828,"idx":0},{"addr":140736917192506,"idx":1},{"addr":140736917191278,"idx":2},{"addr":140736917210764,"idx":3},{"addr":140736917201516,"idx":4},{"addr":140736917258922,"idx":5},{"addr":140736916785248,"idx":6},{"addr":140736916784352,"idx":7},{"addr":140736917101952,"idx":8},{"addr":140736872000198,"idx":9},{"addr":140736677606276,"idx":10},{"addr":140736677606824,"idx":11},{"addr":140736678255565,"idx":12},{"addr":140736678255333,"idx":13},{"addr":140736678255220,"idx":14},{"addr":140736675983592,"idx":15},{"addr":140736675985712,"idx":16},{"addr":140736678187914,"idx":17},{"addr":140736677263333,"idx":18},{"addr":140736675600156,"idx":19},{"addr":140736674911457,"idx":20},{"addr":140736674903926,"idx":21},{"addr":140736676423567,"idx":22},{"addr":140736676258719,"idx":23},{"addr":140736406414089,"idx":24},{"addr":140736406064467,"idx":25},{"addr":140736406049731,"idx":26},{"addr":140736406050845,"idx":27},{"addr":140736406306254,"idx":28},{"addr":140736501921576,"idx":29},{"addr":140736501918132,"idx":30},{"addr":140736501918426,"idx":31},{"addr":140736501923153,"idx":32},{"addr":140736446386931,"idx":33},{"addr":140736446386495,"idx":34},{"addr":140736681102875,"idx":35},{"addr":140736678123307,"idx":36},{"addr":140736678122946,"idx":37},{"addr":140736678628467,"idx":38},{"addr":140736678626826,"idx":39},{"addr":140736677467174,"idx":40},{"addr":140736678619618,"idx":41},{"addr":140736678619329,"idx":42},{"addr":140736678618946,"idx":43},{"addr":140736678618813,"idx":44},{"addr":140736395570157,"idx":45},{"addr":140736395570087,"idx":46},{"addr":140736395471983,"idx":47},{"addr":140736395954918,"idx":48},{"addr":140736395379507,"idx":49},{"addr":140696088247311,"idx":50},{"addr":140696088445621,"idx":51},{"addr":140736897083607,"idx":52},{"addr":140736916996940,"idx":53}],,,,,,,,,3816,,,,,,,,,,,,,,,,,,,,,,,,,,,,,,,,,,,,792886794,140736664109056,140736664109056,3316927,3313664,,,,,,,,,,,,,,,,,,,,,,,,,,,,,,,,,,,,,,,,,,,,,,,,,,,,,,,,,,,,,,,,,,,,,,,
"2025-09-02 15:13:10.9355609Z","ETW","Microsoft-Windows-Kernel-Process",5,"ImageLoadInfo ",3816,17724,"explorer.exe",,,,"C:\Windows\System32\actxprxy.dll",,,,,,,,,,,,[{"addr":140736918203828,"idx":0},{"addr":140736917192506,"idx":1},{"addr":140736917191278,"idx":2},{"addr":140736917210764,"idx":3},{"addr":140736917202269,"idx":4},{"addr":140736917259140,"idx":5},{"addr":140736916785248,"idx":6},{"addr":140736916784352,"idx":7},{"addr":140736917101952,"idx":8},{"addr":140736872000198,"idx":9},{"addr":140736909363845,"idx":10},{"addr":140736909362547,"idx":11},{"addr":140736909360794,"idx":12},{"addr":140736909561496,"idx":13},{"addr":140736909365281,"idx":14},{"addr":140736909339322,"idx":15},{"addr":140736909195691,"idx":16},{"addr":140736909191304,"idx":17},{"addr":140736910023632,"idx":18},{"addr":140736909168718,"idx":19},{"addr":140736909164962,"idx":20},{"addr":140736909163671,"idx":21},{"addr":140736909162770,"idx":22},{"addr":140736909159073,"idx":23},{"addr":140736909113640,"idx":24},{"addr":140736909452308,"idx":25},{"addr":140736909865358,"idx":26},{"addr":140736910592231,"idx":27},{"addr":140736910595527,"idx":28},{"addr":140736882620003,"idx":29},{"addr":140736881849533,"idx":30},{"addr":140736881847412,"idx":31},{"addr":140736909646461,"idx":32},{"addr":140736909646267,"idx":33},{"addr":140736909643574,"idx":34},{"addr":140736909641089,"idx":35},{"addr":140736910206646,"idx":36},{"addr":140736909295908,"idx":37},{"addr":140736909422200,"idx":38},{"addr":140736909415344,"idx":39},{"addr":140736910591195,"idx":40},{"addr":140736914162134,"idx":41},{"addr":140736914152749,"idx":42},{"addr":140736395178640,"idx":43},{"addr":140736395178185,"idx":44},{"addr":140696088247332,"idx":45},{"addr":140696088445621,"idx":46},{"addr":140736897083607,"idx":47},{"addr":140736916996940,"idx":48}],,,,,,,,,3816,,,,,,,,,,,,,,,,,,,,,,,,,,,,,,,,,,,,3931888514,140736369328128,140736369328128,556040,524288,,,,,,,,,,,,,,,,,,,,,,,,,,,,,,,,,,,,,,,,,,,,,,,,,,,,,,,,,,,,,,,,,,,,,,,
"2025-09-02 15:13:10.9365300Z","ETW","Microsoft-Windows-Kernel-Process",5,"ImageLoadInfo ",12248,12160,"explorer.exe",,,,"C:\Windows\System32\actxprxy.dll",,,,,,,,,,,,[{"addr":140736918203828,"idx":0},{"addr":140736917192506,"idx":1},{"addr":140736917191278,"idx":2},{"addr":140736917210764,"idx":3},{"addr":140736917202269,"idx":4},{"addr":140736917259140,"idx":5},{"addr":140736916785248,"idx":6},{"addr":140736916784352,"idx":7},{"addr":140736917101952,"idx":8},{"addr":140736872000198,"idx":9},{"addr":140736909363845,"idx":10},{"addr":140736909362547,"idx":11},{"addr":140736909360794,"idx":12},{"addr":140736909561496,"idx":13},{"addr":140736909365281,"idx":14},{"addr":140736909339322,"idx":15},{"addr":140736909195691,"idx":16},{"addr":140736909191304,"idx":17},{"addr":140736909568050,"idx":18},{"addr":140736909567049,"idx":19},{"addr":140736910229700,"idx":20},{"addr":140736910858718,"idx":21},{"addr":140736909460923,"idx":22},{"addr":140736909455813,"idx":23},{"addr":140736909134403,"idx":24},{"addr":140736909553551,"idx":25},{"addr":140736909548907,"idx":26},{"addr":140736909576880,"idx":27},{"addr":140736394951618,"idx":28},{"addr":140736394470888,"idx":29},{"addr":140696088247218,"idx":30},{"addr":140696088445621,"idx":31},{"addr":140736897083607,"idx":32},{"addr":140736916996940,"idx":33}],,,,,,,,,12248,,,,,,,,,,,,,,,,,,,,,,,,,,,,,,,,,,,,3931888514,140736369328128,140736369328128,556040,524288,,,,,,,,,,,,,,,,,,,,,,,,,,,,,,,,,,,,,,,,,,,,,,,,,,,,,,,,,,,,,,,,,,,,,,,
"2025-09-02 15:13:10.9379951Z","ETW","Microsoft-Windows-Kernel-Process",5,"ImageLoadInfo ",3816,17724,"explorer.exe",,,,"C:\Windows\WinSxS\amd64_microsoft.windows.common-controls_6595b64144ccf1df_6.0.26100.4768_none_3e0c112ce331287c\comctl32.dll",,,,,,,,,,,,[{"addr":140736918203828,"idx":0},{"addr":140736917192506,"idx":1},{"addr":140736917191278,"idx":2},{"addr":140736917210764,"idx":3},{"addr":140736917202269,"idx":4},{"addr":140736917259140,"idx":5},{"addr":140736916785248,"idx":6},{"addr":140736916784352,"idx":7},{"addr":140736917101952,"idx":8},{"addr":140736872000198,"idx":9},{"addr":140736395417240,"idx":10},{"addr":140736394824024,"idx":11},{"addr":140736395391887,"idx":12},{"addr":140736394831942,"idx":13},{"addr":140736395417214,"idx":14},{"addr":140736394824024,"idx":15},{"addr":140736394957391,"idx":16},{"addr":140736394957332,"idx":17},{"addr":140736395074359,"idx":18},{"addr":140736395073599,"idx":19},{"addr":140736395071807,"idx":20},{"addr":140736882620003,"idx":21},{"addr":140736881849533,"idx":22},{"addr":140736881847412,"idx":23},{"addr":140736909646461,"idx":24},{"addr":140736909646267,"idx":25},{"addr":140736909643574,"idx":26},{"addr":140736909641089,"idx":27},{"addr":140736910206646,"idx":28},{"addr":140736909295908,"idx":29},{"addr":140736909422200,"idx":30},{"addr":140736909415344,"idx":31},{"addr":140736910591195,"idx":32},{"addr":140736914162134,"idx":33},{"addr":140736914152749,"idx":34},{"addr":140736395178640,"idx":35},{"addr":140736395178185,"idx":36},{"addr":140696088247332,"idx":37},{"addr":140696088445621,"idx":38},{"addr":140736897083607,"idx":39},{"addr":140736916996940,"idx":40}],,,,,,,,,3816,,,,,,,,,,,,,,,,,,,,,,,,,,,,,,,,,,,,688105963,140736430997504,140736430997504,2751895,2727936,,,,,,,,,,,,,,,,,,,,,,,,,,,,,,,,,,,,,,,,,,,,,,,,,,,,,,,,,,,,,,,,,,,,,,,
"2025-09-02 15:13:10.9399961Z","ETW","Microsoft-Windows-Kernel-Process",3,"ThreadStartStart ",3816,17724,"explorer.exe",,,,,,,,,,,,,,,,[{"addr":140736918208964,"idx":0},{"addr":140736872776761,"idx":1},{"addr":140736897102141,"idx":2},{"addr":140736902967069,"idx":3},{"addr":140736835926819,"idx":4},{"addr":140736832573520,"idx":5},{"addr":140736833578118,"idx":6},{"addr":140736831904913,"idx":7},{"addr":140736395074005,"idx":8},{"addr":140736395073620,"idx":9},{"addr":140736395071807,"idx":10},{"addr":140736882620003,"idx":11},{"addr":140736881849533,"idx":12},{"addr":140736881847412,"idx":13},{"addr":140736909646461,"idx":14},{"addr":140736909646267,"idx":15},{"addr":140736909643574,"idx":16},{"addr":140736909641089,"idx":17},{"addr":140736910206646,"idx":18},{"addr":140736909295908,"idx":19},{"addr":140736909422200,"idx":20},{"addr":140736909415344,"idx":21},{"addr":140736910591195,"idx":22},{"addr":140736914162134,"idx":23},{"addr":140736914152749,"idx":24},{"addr":140736395178640,"idx":25},{"addr":140736395178185,"idx":26},{"addr":140696088247332,"idx":27},{"addr":140696088445621,"idx":28},{"addr":140736897083607,"idx":29},{"addr":140736916996940,"idx":30}],,,,,,,,,3816,18446639081566273536,18446639081566248960,140736902954752,0,17440768,21308,144048128,143990784,140736902954752,,,,,,,,,,,,,,,,,,,,,,,,,,,,,,,,,,,,,,,,,,,,,,,,,,,,,,,,,,,,,,,,,,,,,,,,,,,,,,,,,,,,,,,,,,,,,,,,,,,,,,
"2025-09-02 15:13:10.9455639Z","ETW","Microsoft-Windows-Kernel-Process",5,"ImageLoadInfo ",3816,11608,"explorer.exe",,,,"C:\Windows\System32\Windows.StateRepositoryPS.dll",,,,,,,,,,,,[{"addr":140736918203828,"idx":0},{"addr":140736917192506,"idx":1},{"addr":140736917191278,"idx":2},{"addr":140736917210764,"idx":3},{"addr":140736917202269,"idx":4},{"addr":140736917259140,"idx":5},{"addr":140736916785248,"idx":6},{"addr":140736916784352,"idx":7},{"addr":140736917101952,"idx":8},{"addr":140736872000198,"idx":9},{"addr":140736909363845,"idx":10},{"addr":140736909362547,"idx":11},{"addr":140736909360794,"idx":12},{"addr":140736909561496,"idx":13},{"addr":140736909365281,"idx":14},{"addr":140736909339322,"idx":15},{"addr":140736909195691,"idx":16},{"addr":140736909191304,"idx":17},{"addr":140736909568050,"idx":18},{"addr":140736909567049,"idx":19},{"addr":140736910229700,"idx":20},{"addr":140736910858718,"idx":21},{"addr":140736909460923,"idx":22},{"addr":140736909455813,"idx":23},{"addr":140736909134403,"idx":24},{"addr":140736909231120,"idx":25},{"addr":140736909525351,"idx":26},{"addr":140736909523551,"idx":27},{"addr":140736783679428,"idx":28},{"addr":140736783678225,"idx":29},{"addr":140736783678102,"idx":30},{"addr":140736902703990,"idx":31},{"addr":140736902703274,"idx":32},{"addr":140736902700103,"idx":33},{"addr":140736897083607,"idx":34},{"addr":140736916996940,"idx":35}],,,,,,,,,3816,,,,,,,,,,,,,,,,,,,,,,,,,,,,,,,,,,,,367497931,140736602963968,140736602963968,846822,802816,,,,,,,,,,,,,,,,,,,,,,,,,,,,,,,,,,,,,,,,,,,,,,,,,,,,,,,,,,,,,,,,,,,,,,,
"2025-09-02 15:13:10.9461007Z","ETW","Microsoft-Windows-Kernel-Audit-API-Calls",5,"Info ",2828,1056,"svchost.exe",,,,,,,,,,,,,,,,[{"addr":140736918206916,"idx":0},{"addr":140736882337646,"idx":1},{"addr":140736910267593,"idx":2},{"addr":140736627175582,"idx":3},{"addr":140736627237265,"idx":4},{"addr":140736882620003,"idx":5},{"addr":140736882628366,"idx":6},{"addr":140736881847376,"idx":7},{"addr":140736909646499,"idx":8},{"addr":140736909646267,"idx":9},{"addr":140736909643574,"idx":10},{"addr":140736909641089,"idx":11},{"addr":140736910206646,"idx":12},{"addr":140736909298250,"idx":13},{"addr":140736909422200,"idx":14},{"addr":140736909684515,"idx":15},{"addr":140736882311415,"idx":16},{"addr":140736882088628,"idx":17},{"addr":140736882092154,"idx":18},{"addr":140736882015316,"idx":19},{"addr":140736882081820,"idx":20},{"addr":140736882106396,"idx":21},{"addr":140736882102691,"idx":22},{"addr":140736882098504,"idx":23},{"addr":140736917358174,"idx":24},{"addr":140736917350275,"idx":25},{"addr":140736897083607,"idx":26},{"addr":140736916996940,"idx":27}],,,,,,,,,,,,,,,,,,,4096,3221225506,3816,,,,,,,,,,,,,,,,,,,,,,,,,,,,,,,,,,,,,,,,,,,,,,,,,,,,,,,,,,,,,,,,,,,,,,,,,,,,,,,,,,,,,,,,,,,,,,,,,,,
"2025-09-02 15:13:10.9514722Z","ETW","Microsoft-Windows-Kernel-Process",5,"ImageLoadInfo ",3816,21308,"explorer.exe",,,,"C:\Windows\System32\edputil.dll",,,,,,,,,,,,[{"addr":140736918203828,"idx":0},{"addr":140736917192506,"idx":1},{"addr":140736917191278,"idx":2},{"addr":140736917210764,"idx":3},{"addr":140736917201516,"idx":4},{"addr":140736917258922,"idx":5},{"addr":140736916785248,"idx":6},{"addr":140736916786774,"idx":7},{"addr":140736917021315,"idx":8},{"addr":140736917023197,"idx":9},{"addr":140736832559570,"idx":10},{"addr":140736833628440,"idx":11},{"addr":140736831220646,"idx":12},{"addr":140736831218410,"idx":13},{"addr":140736832435755,"idx":14},{"addr":140736832434162,"idx":15},{"addr":140736884062167,"idx":16},{"addr":140736884061550,"idx":17},{"addr":140736884211506,"idx":18},{"addr":140736885254058,"idx":19},{"addr":140736833113982,"idx":20},{"addr":140736835926335,"idx":21},{"addr":140736835925825,"idx":22},{"addr":140736835914335,"idx":23},{"addr":140736902955098,"idx":24},{"addr":140736897083607,"idx":25},{"addr":140736916996940,"idx":26}],,,,,,,,,3816,,,,,,,,,,,,,,,,,,,,,,,,,,,,,,,,,,,,1763604982,140736565084160,140736565084160,193567,167936,,,,,,,,,,,,,,,,,,,,,,,,,,,,,,,,,,,,,,,,,,,,,,,,,,,,,,,,,,,,,,,,,,,,,,,
"2025-09-02 15:13:10.9527419Z","ETW","Microsoft-Windows-Kernel-Audit-API-Calls",5,"Info ",920,6132,"lsass.exe",,,,,,,,,,,,,,,,[{"addr":140736918206916,"idx":0},{"addr":140736882337646,"idx":1},{"addr":140736860928424,"idx":2},{"addr":140736845519773,"idx":3},{"addr":140736882620003,"idx":4},{"addr":140736882628366,"idx":5},{"addr":140736882319852,"idx":6},{"addr":140736882311415,"idx":7},{"addr":140736882088628,"idx":8},{"addr":140736882092744,"idx":9},{"addr":140736882015316,"idx":10},{"addr":140736882081820,"idx":11},{"addr":140736882106396,"idx":12},{"addr":140736882102691,"idx":13},{"addr":140736882098504,"idx":14},{"addr":140736917358174,"idx":15},{"addr":140736917350275,"idx":16},{"addr":140736897083607,"idx":17},{"addr":140736916996940,"idx":18}],,,,,,,,,,,,,,,,,,,4096,0,3816,,,,,,,,,,,,,,,,,,,,,,,,,,,,,,,,,,,,,,,,,,,,,,,,,,,,,,,,,,,,,,,,,,,,,,,,,,,,,,,,,,,,,,,,,,,,,,,,,,,
"2025-09-02 15:13:10.9527896Z","ETW","Microsoft-Windows-Kernel-Audit-API-Calls",5,"Info ",920,6132,"lsass.exe",,,,,,,,,,,,,,,,[{"addr":140736918203764,"idx":0},{"addr":140736860927872,"idx":1},{"addr":140736860929776,"idx":2},{"addr":140736860928739,"idx":3},{"addr":140736845519773,"idx":4},{"addr":140736882620003,"idx":5},{"addr":140736882628366,"idx":6},{"addr":140736882319852,"idx":7},{"addr":140736882311415,"idx":8},{"addr":140736882088628,"idx":9},{"addr":140736882092744,"idx":10},{"addr":140736882015316,"idx":11},{"addr":140736882081820,"idx":12},{"addr":140736882106396,"idx":13},{"addr":140736882102691,"idx":14},{"addr":140736882098504,"idx":15},{"addr":140736917358174,"idx":16},{"addr":140736917350275,"idx":17},{"addr":140736897083607,"idx":18},{"addr":140736916996940,"idx":19}],,,,,,,,,,,,,,,,,,,1144,0,3816,,,,,,,,,,,,,,,,,,,,,,,,,,,,,,,,,,,,,,,,,,,,,,,,,,,,,,,,,,,,,,,,,,,,,,,,,,,,,,,,,,,,,,,,,,,,,,,,,,,
"2025-09-02 15:13:10.9551353Z","ETW","Microsoft-Windows-Kernel-Process",5,"ImageLoadInfo ",3816,21308,"explorer.exe",,,,"C:\Windows\System32\virtdisk.dll",,,,,,,,,,,,[{"addr":140736918203828,"idx":0},{"addr":140736917192506,"idx":1},{"addr":140736917191278,"idx":2},{"addr":140736917210764,"idx":3},{"addr":140736917201516,"idx":4},{"addr":140736917258922,"idx":5},{"addr":140736916785248,"idx":6},{"addr":140736916784352,"idx":7},{"addr":140736917101952,"idx":8},{"addr":140736872000198,"idx":9},{"addr":140736736099164,"idx":10},{"addr":140736916975221,"idx":11},{"addr":140736872573249,"idx":12},{"addr":140736735978176,"idx":13},{"addr":140736735977672,"idx":14},{"addr":140736735977306,"idx":15},{"addr":140736736129593,"idx":16},{"addr":140736736132258,"idx":17},{"addr":140736736130760,"idx":18},{"addr":140736735744629,"idx":19},{"addr":140736735741941,"idx":20},{"addr":140736735740509,"idx":21},{"addr":140736735739597,"idx":22},{"addr":140736735733797,"idx":23},{"addr":140736735758331,"idx":24},{"addr":140736890648884,"idx":25},{"addr":140736890648525,"idx":26},{"addr":140736833400282,"idx":27},{"addr":140736831206863,"idx":28},{"addr":140736831204959,"idx":29},{"addr":140736831218535,"idx":30},{"addr":140736832435755,"idx":31},{"addr":140736832434162,"idx":32},{"addr":140736884062167,"idx":33},{"addr":140736884061550,"idx":34},{"addr":140736884211506,"idx":35},{"addr":140736885254058,"idx":36},{"addr":140736833113982,"idx":37},{"addr":140736835926335,"idx":38},{"addr":140736835925825,"idx":39},{"addr":140736835914335,"idx":40},{"addr":140736902955098,"idx":41},{"addr":140736897083607,"idx":42},{"addr":140736916996940,"idx":43}],,,,,,,,,3816,,,,,,,,,,,,,,,,,,,,,,,,,,,,,,,,,,,,3865638432,140736540246016,140736540246016,141471,94208,,,,,,,,,,,,,,,,,,,,,,,,,,,,,,,,,,,,,,,,,,,,,,,,,,,,,,,,,,,,,,,,,,,,,,,
"2025-09-02 15:13:10.9565095Z","ETW","Microsoft-Windows-Kernel-Process",5,"ImageLoadInfo ",3816,21308,"explorer.exe",,,,"C:\Windows\System32\wldp.dll",,,,,,,,,,,,[{"addr":140736918203828,"idx":0},{"addr":140736917192506,"idx":1},{"addr":140736917191278,"idx":2},{"addr":140736917210764,"idx":3},{"addr":140736917201516,"idx":4},{"addr":140736917258922,"idx":5},{"addr":140736916785248,"idx":6},{"addr":140736916786774,"idx":7},{"addr":140736917021315,"idx":8},{"addr":140736917023197,"idx":9},{"addr":140736832559570,"idx":10},{"addr":140736833632454,"idx":11},{"addr":140736832937166,"idx":12},{"addr":140736833400334,"idx":13},{"addr":140736831206863,"idx":14},{"addr":140736831204959,"idx":15},{"addr":140736831218535,"idx":16},{"addr":140736832435755,"idx":17},{"addr":140736832434162,"idx":18},{"addr":140736884062167,"idx":19},{"addr":140736884061550,"idx":20},{"addr":140736884211506,"idx":21},{"addr":140736885254058,"idx":22},{"addr":140736833113982,"idx":23},{"addr":140736835926335,"idx":24},{"addr":140736835925825,"idx":25},{"addr":140736835914335,"idx":26},{"addr":140736902955098,"idx":27},{"addr":140736897083607,"idx":28},{"addr":140736916996940,"idx":29}],,,,,,,,,3816,,,,,,,,,,,,,,,,,,,,,,,,,,,,,,,,,,,,86433228,140736857899008,140736857899008,450194,438272,,,,,,,,,,,,,,,,,,,,,,,,,,,,,,,,,,,,,,,,,,,,,,,,,,,,,,,,,,,,,,,,,,,,,,,
"2025-09-02 15:13:10.9572455Z","ETW","Microsoft-Windows-Kernel-Process",5,"ImageLoadInfo ",3816,21308,"explorer.exe",,,,"C:\Windows\System32\smartscreenps.dll",,,,,,,,,,,,[{"addr":140736918203828,"idx":0},{"addr":140736917192506,"idx":1},{"addr":140736917191278,"idx":2},{"addr":140736917210764,"idx":3},{"addr":140736917202269,"idx":4},{"addr":140736917259140,"idx":5},{"addr":140736916785248,"idx":6},{"addr":140736916784352,"idx":7},{"addr":140736917101952,"idx":8},{"addr":140736872000198,"idx":9},{"addr":140736909363845,"idx":10},{"addr":140736909362547,"idx":11},{"addr":140736909531736,"idx":12},{"addr":140736909524833,"idx":13},{"addr":140736909523551,"idx":14},{"addr":140736833400539,"idx":15},{"addr":140736831206863,"idx":16},{"addr":140736831204959,"idx":17},{"addr":140736831218535,"idx":18},{"addr":140736832435755,"idx":19},{"addr":140736832434162,"idx":20},{"addr":140736884062167,"idx":21},{"addr":140736884061550,"idx":22},{"addr":140736884211506,"idx":23},{"addr":140736885254058,"idx":24},{"addr":140736833113982,"idx":25},{"addr":140736835926335,"idx":26},{"addr":140736835925825,"idx":27},{"addr":140736835914335,"idx":28},{"addr":140736902955098,"idx":29},{"addr":140736897083607,"idx":30},{"addr":140736916996940,"idx":31}],,,,,,,,,3816,,,,,,,,,,,,,,,,,,,,,,,,,,,,,,,,,,,,1637249014,140736397180928,140736397180928,154143,122880,,,,,,,,,,,,,,,,,,,,,,,,,,,,,,,,,,,,,,,,,,,,,,,,,,,,,,,,,,,,,,,,,,,,,,,
"2025-09-02 15:13:10.9583848Z","ETW","Microsoft-Windows-Kernel-Audit-API-Calls",5,"Info ",3948,14724,"smartscreen.exe",,,,,,,,,,,,,,,,[{"addr":140736918206916,"idx":0},{"addr":140736882337646,"idx":1},{"addr":140736910267593,"idx":2},{"addr":140696802710018,"idx":3},{"addr":140696802756261,"idx":4},{"addr":140696802756231,"idx":5},{"addr":140736910455506,"idx":6},{"addr":140736881851008,"idx":7},{"addr":140736881847412,"idx":8},{"addr":140736909646461,"idx":9},{"addr":140736909646267,"idx":10},{"addr":140736909643574,"idx":11},{"addr":140736909641089,"idx":12},{"addr":140736910206646,"idx":13},{"addr":140736909298250,"idx":14},{"addr":140736909422200,"idx":15},{"addr":140736909684515,"idx":16},{"addr":140736882311415,"idx":17},{"addr":140736882088628,"idx":18},{"addr":140736882092154,"idx":19},{"addr":140736882015316,"idx":20},{"addr":140736882081820,"idx":21},{"addr":140736882106396,"idx":22},{"addr":140736882102691,"idx":23},{"addr":140736882098504,"idx":24},{"addr":140736917358174,"idx":25},{"addr":140736917350275,"idx":26},{"addr":140736897083607,"idx":27},{"addr":140736916996940,"idx":28}],,,,,,,,,,,,,,,,,,,1024,0,3816,,,,,,,,,,,,,,,,,,,,,,,,,,,,,,,,,,,,,,,,,,,,,,,,,,,,,,,,,,,,,,,,,,,,,,,,,,,,,,,,,,,,,,,,,,,,,,,,,,,
"2025-09-02 15:13:10.9601991Z","ETW","Microsoft-Windows-Kernel-Process",5,"ImageLoadInfo ",3816,21308,"explorer.exe",,,,"C:\Windows\System32\shdocvw.dll",,,,,,,,,,,,[{"addr":140736918203828,"idx":0},{"addr":140736917192506,"idx":1},{"addr":140736917191278,"idx":2},{"addr":140736917210764,"idx":3},{"addr":140736917202269,"idx":4},{"addr":140736917259140,"idx":5},{"addr":140736916785248,"idx":6},{"addr":140736916786774,"idx":7},{"addr":140736917021315,"idx":8},{"addr":140736917023197,"idx":9},{"addr":140736832559570,"idx":10},{"addr":140736833651454,"idx":11},{"addr":140736833400677,"idx":12},{"addr":140736831206863,"idx":13},{"addr":140736831204959,"idx":14},{"addr":140736831218535,"idx":15},{"addr":140736832435755,"idx":16},{"addr":140736832434162,"idx":17},{"addr":140736884062167,"idx":18},{"addr":140736884061550,"idx":19},{"addr":140736884211506,"idx":20},{"addr":140736885254058,"idx":21},{"addr":140736833113982,"idx":22},{"addr":140736835926335,"idx":23},{"addr":140736835925825,"idx":24},{"addr":140736835914335,"idx":25},{"addr":140736902955098,"idx":26},{"addr":140736897083607,"idx":27},{"addr":140736916996940,"idx":28}],,,,,,,,,3816,,,,,,,,,,,,,,,,,,,,,,,,,,,,,,,,,,,,3563589282,140736377913344,140736377913344,659556,602112,,,,,,,,,,,,,,,,,,,,,,,,,,,,,,,,,,,,,,,,,,,,,,,,,,,,,,,,,,,,,,,,,,,,,,,
"2025-09-02 15:13:10.9608397Z","ETW","Microsoft-Windows-Kernel-Process",5,"ImageLoadInfo ",3816,3296,"explorer.exe",,,,"C:\Windows\System32\winhttp.dll",,,,,,,,,,,,[{"addr":140736918203828,"idx":0},{"addr":140736917192506,"idx":1},{"addr":140736917191278,"idx":2},{"addr":140736917210764,"idx":3},{"addr":140736917201516,"idx":4},{"addr":140736917258922,"idx":5},{"addr":140736917255216,"idx":6},{"addr":140736917350945,"idx":7},{"addr":140736897083607,"idx":8},{"addr":140736916996940,"idx":9}],,,,,,,,,3816,,,,,,,,,,,,,,,,,,,,,,,,,,,,,,,,,,,,549875158,140736759791616,140736759791616,1195912,1171456,,,,,,,,,,,,,,,,,,,,,,,,,,,,,,,,,,,,,,,,,,,,,,,,,,,,,,,,,,,,,,,,,,,,,,,
"2025-09-02 15:13:10.9629913Z","ETW","Microsoft-Windows-Kernel-Audit-API-Calls",6,"Info ",1912,8,"MsMpEng.exe",,,,,,,,,,,,,,,,[{"addr":140736918212548,"idx":0},{"addr":140736872857142,"idx":1},{"addr":140736738243895,"idx":2},{"addr":140736738242452,"idx":3},{"addr":140736657604428,"idx":4},{"addr":140736657598535,"idx":5},{"addr":140736657597146,"idx":6},{"addr":140736658259206,"idx":7},{"addr":140736657749938,"idx":8},{"addr":140736657909615,"idx":9},{"addr":140736658079503,"idx":10},{"addr":140736897083607,"idx":11},{"addr":140736916996940,"idx":12}],,,,,,,,,,,,,,,,,,,2097151,0,1912,8,,,,,,,,,,,,,,,,,,,,,,,,,,,,,,,,,,,,,,,,,,,,,,,,,,,,,,,,,,,,,,,,,,,,,,,,,,,,,,,,,,,,,,,,,,,,,,,,,,
"2025-09-02 15:13:10.9710509Z","ETW","Microsoft-Windows-Kernel-Audit-API-Calls",5,"Info ",1912,8,"MsMpEng.exe",,,,,,,,,,,,,,,,[{"addr":140736918203764,"idx":0},{"addr":140736872731894,"idx":1},{"addr":140733810479103,"idx":2},{"addr":140733810478599,"idx":3},{"addr":140733810481824,"idx":4},{"addr":140733812314948,"idx":5},{"addr":140733812313419,"idx":6},{"addr":140733812313071,"idx":7},{"addr":140733812312233,"idx":8},{"addr":140733812311973,"idx":9},{"addr":140733808799556,"idx":10},{"addr":140733808804501,"idx":11},{"addr":140733808797687,"idx":12},{"addr":140733809165196,"idx":13},{"addr":140733809160564,"idx":14},{"addr":140733810770629,"idx":15},{"addr":140733810768249,"idx":16},{"addr":140733811588144,"idx":17},{"addr":140733811577063,"idx":18},{"addr":140733812986377,"idx":19},{"addr":140733810626173,"idx":20},{"addr":140733810627585,"idx":21},{"addr":140733809435032,"idx":22},{"addr":140733809428506,"idx":23},{"addr":140733810647361,"idx":24},{"addr":140733809420358,"idx":25},{"addr":140733811789991,"idx":26},{"addr":140733811785301,"idx":27},{"addr":140736738242841,"idx":28},{"addr":140736657604428,"idx":29},{"addr":140736657598535,"idx":30},{"addr":140736657597146,"idx":31},{"addr":140736658259206,"idx":32},{"addr":140736657749938,"idx":33},{"addr":140736657909615,"idx":34},{"addr":140736658079503,"idx":35},{"addr":140736897083607,"idx":36},{"addr":140736916996940,"idx":37}],,,,,,,,,,,,,,,,,,,4096,0,3816,,,,,,,,,,,,,,,,,,,,,,,,,,,,,,,,,,,,,,,,,,,,,,,,,,,,,,,,,,,,,,,,,,,,,,,,,,,,,,,,,,,,,,,,,,,,,,,,,,,
"2025-09-02 15:13:10.9788046Z","ETW","Microsoft-Windows-Kernel-Audit-API-Calls",5,"Info ",1912,8,"MsMpEng.exe",,,,,,,,,,,,,,,,[{"addr":140736918203764,"idx":0},{"addr":140736872731894,"idx":1},{"addr":140733810479103,"idx":2},{"addr":140733810478599,"idx":3},{"addr":140733810481824,"idx":4},{"addr":140733812314948,"idx":5},{"addr":140733812313419,"idx":6},{"addr":140733812313071,"idx":7},{"addr":140733812312233,"idx":8},{"addr":140733812311973,"idx":9},{"addr":140733808799556,"idx":10},{"addr":140733808804501,"idx":11},{"addr":140733808797687,"idx":12},{"addr":140733809165196,"idx":13},{"addr":140733809160564,"idx":14},{"addr":140733810770629,"idx":15},{"addr":140733810768249,"idx":16},{"addr":140733811588144,"idx":17},{"addr":140733811577063,"idx":18},{"addr":140733812986377,"idx":19},{"addr":140733810626173,"idx":20},{"addr":140733810627585,"idx":21},{"addr":140733809435032,"idx":22},{"addr":140733809428506,"idx":23},{"addr":140733810647361,"idx":24},{"addr":140733809420358,"idx":25},{"addr":140733811789991,"idx":26},{"addr":140733811785301,"idx":27},{"addr":140736738242841,"idx":28},{"addr":140736657604428,"idx":29},{"addr":140736657598535,"idx":30},{"addr":140736657597146,"idx":31},{"addr":140736658259206,"idx":32},{"addr":140736657749938,"idx":33},{"addr":140736657909615,"idx":34},{"addr":140736658079503,"idx":35},{"addr":140736897083607,"idx":36},{"addr":140736916996940,"idx":37}],,,,,,,,,,,,,,,,,,,4096,0,3816,,,,,,,,,,,,,,,,,,,,,,,,,,,,,,,,,,,,,,,,,,,,,,,,,,,,,,,,,,,,,,,,,,,,,,,,,,,,,,,,,,,,,,,,,,,,,,,,,,,
"2025-09-02 15:13:10.9891123Z","ETW","Microsoft-Windows-Kernel-Audit-API-Calls",5,"Info ",1912,3012,"MsMpEng.exe",,,,,,,,,,,,,,,,[{"addr":140736918203764,"idx":0},{"addr":140736872731894,"idx":1},{"addr":140736739838867,"idx":2},{"addr":140736738295497,"idx":3},{"addr":140736739180100,"idx":4},{"addr":140736882620003,"idx":5},{"addr":140736882628366,"idx":6},{"addr":140736882319852,"idx":7},{"addr":140736882311415,"idx":8},{"addr":140736882088628,"idx":9},{"addr":140736882092744,"idx":10},{"addr":140736882015316,"idx":11},{"addr":140736882081820,"idx":12},{"addr":140736882106396,"idx":13},{"addr":140736882102691,"idx":14},{"addr":140736882098504,"idx":15},{"addr":140736917358174,"idx":16},{"addr":140736917350275,"idx":17},{"addr":140736897083607,"idx":18},{"addr":140736916996940,"idx":19}],,,,,,,,,,,,,,,,,,,1040,0,1256,,,,,,,,,,,,,,,,,,,,,,,,,,,,,,,,,,,,,,,,,,,,,,,,,,,,,,,,,,,,,,,,,,,,,,,,,,,,,,,,,,,,,,,,,,,,,,,,,,,
"2025-09-02 15:13:10.9891378Z","ETW","Microsoft-Windows-Kernel-Audit-API-Calls",5,"Info ",1912,3012,"MsMpEng.exe",,,,,,,,,,,,,,,,[{"addr":140736918203764,"idx":0},{"addr":140736872733451,"idx":1},{"addr":140736738293573,"idx":2},{"addr":140736738295784,"idx":3},{"addr":140736739180100,"idx":4},{"addr":140736882620003,"idx":5},{"addr":140736882628366,"idx":6},{"addr":140736882319852,"idx":7},{"addr":140736882311415,"idx":8},{"addr":140736882088628,"idx":9},{"addr":140736882092744,"idx":10},{"addr":140736882015316,"idx":11},{"addr":140736882081820,"idx":12},{"addr":140736882106396,"idx":13},{"addr":140736882102691,"idx":14},{"addr":140736882098504,"idx":15},{"addr":140736917358174,"idx":16},{"addr":140736917350275,"idx":17},{"addr":140736897083607,"idx":18},{"addr":140736916996940,"idx":19}],,,,,,,,,,,,,,,,,,,4096,0,1256,,,,,,,,,,,,,,,,,,,,,,,,,,,,,,,,,,,,,,,,,,,,,,,,,,,,,,,,,,,,,,,,,,,,,,,,,,,,,,,,,,,,,,,,,,,,,,,,,,,
"2025-09-02 15:13:10.9893488Z","ETW","Microsoft-Windows-Kernel-Audit-API-Calls",6,"Info ",1912,11040,"MsMpEng.exe",,,,,,,,,,,,,,,,[{"addr":140736918212548,"idx":0},{"addr":140736872857142,"idx":1},{"addr":140736738243895,"idx":2},{"addr":140736738242452,"idx":3},{"addr":140736738229294,"idx":4},{"addr":140736738227746,"idx":5},{"addr":140736749360292,"idx":6},{"addr":140736749360015,"idx":7},{"addr":140736917255712,"idx":8},{"addr":140736917350945,"idx":9},{"addr":140736897083607,"idx":10},{"addr":140736916996940,"idx":11}],,,,,,,,,,,,,,,,,,,2097151,0,1912,11040,,,,,,,,,,,,,,,,,,,,,,,,,,,,,,,,,,,,,,,,,,,,,,,,,,,,,,,,,,,,,,,,,,,,,,,,,,,,,,,,,,,,,,,,,,,,,,,,,,
"2025-09-02 15:13:10.9893622Z","ETW","Microsoft-Antimalware-Engine",5,"Stream scan request Start ",0,11040,"<not found>",,,,"C:\Users\Public\Downloads\attack.exe",,,,,,,,,,,,[],,,,,,,,,,,,,,,,,,,,,,,,,,,,,,,,,,,,,,,,,,,,,,,,,,962368735,"pid:NA",16,1379062500,,,,,,,,,,,,,,,,,,,,,,,,,,,,,,,,,,,,,,,,,,,,,,,,,,,,,,,,,,,,,,,,,,,
"2025-09-02 15:13:10.9899555Z","ETW","Microsoft-Windows-Kernel-Audit-API-Calls",5,"Info ",1256,10056,"svchost.exe",,,,,,,,,,,,,,,,[{"addr":140736918203764,"idx":0},{"addr":140736872731894,"idx":1},{"addr":140736748676708,"idx":2},{"addr":140736748681651,"idx":3},{"addr":140736748679436,"idx":4},{"addr":140736748681135,"idx":5},{"addr":140736748839846,"idx":6},{"addr":140736748714546,"idx":7},{"addr":140736780064924,"idx":8},{"addr":140736780020438,"idx":9},{"addr":140736780069984,"idx":10},{"addr":140736882620003,"idx":11},{"addr":140736881849533,"idx":12},{"addr":140736881848122,"idx":13},{"addr":140736882311415,"idx":14},{"addr":140736882088628,"idx":15},{"addr":140736882092744,"idx":16},{"addr":140736882015316,"idx":17},{"addr":140736882081820,"idx":18},{"addr":140736882106396,"idx":19},{"addr":140736882102691,"idx":20},{"addr":140736882098504,"idx":21},{"addr":140736917358174,"idx":22},{"addr":140736917350275,"idx":23},{"addr":140736897083607,"idx":24},{"addr":140736916996940,"idx":25}],,,,,,,,,,,,,,,,,,,1048576,0,1912,,,,,,,,,,,,,,,,,,,,,,,,,,,,,,,,,,,,,,,,,,,,,,,,,,,,,,,,,,,,,,,,,,,,,,,,,,,,,,,,,,,,,,,,,,,,,,,,,,,
"2025-09-02 15:13:11.0057375Z","ETW","Microsoft-Windows-Kernel-Process",3,"ThreadStartStart ",4,72,"System",,,,,,,,,,,,,,,,[],,,,,,,,,2460,18446639081566388224,18446639081566363648,140736917348896,0,683246592000,13144,683248975872,683248943104,140736917348896,,,,,,,,,,,,,,,,,,,,,,,,,,,,,,,,,,,,,,,,,,,,,,,,,,,,,,,,,,,,,,,,,,,,,,,,,,,,,,,,,,,,,,,,,,,,,,,,,,,,,,
"2025-09-02 15:13:11.0058657Z","ETW","Microsoft-Windows-Kernel-Process",3,"ThreadStartStart ",4,72,"System",,,,,,,,,,,,,,,,[],,,,,,,,,3104,18446639081566416896,18446639081566392320,140736917348896,0,211275890688,5160,211278626816,211278594048,140736917348896,,,,,,,,,,,,,,,,,,,,,,,,,,,,,,,,,,,,,,,,,,,,,,,,,,,,,,,,,,,,,,,,,,,,,,,,,,,,,,,,,,,,,,,,,,,,,,,,,,,,,,
"2025-09-02 15:13:11.0121213Z","ETW","Microsoft-Antimalware-Engine",6,"Stream scan request Stop ",0,11040,"<not found>",,,,"C:\Users\Public\Downloads\attack.exe",,,,,,,,,,,,[],,,,,,,,,,,,,,,,,,,,,,,,,,,,,,,,,,,,,,,,,,,,,,,,,,962368735,"pid:NA",16,1379218750,,,,,,,,,,,,,,,,,,,,,,,,,,,,,,,,,,,,,,,,,,,,,,,,,,,,,,,,,,,,,,,,,,,
"2025-09-02 15:13:11.0140302Z","ETW","Microsoft-Windows-Kernel-Process",1,"ProcessStartStart ",3816,21308,"explorer.exe",,,,"C:\Users\Public\Downloads\attack.exe",,,,,,,,,,,,[{"addr":140736918209220,"idx":0},{"addr":140736872957146,"idx":1},{"addr":140736872946710,"idx":2},{"addr":140736897140436,"idx":3},{"addr":140736831480848,"idx":4},{"addr":140736831487806,"idx":5},{"addr":140736832500373,"idx":6},{"addr":140736831215142,"idx":7},{"addr":140736831217997,"idx":8},{"addr":140736831209133,"idx":9},{"addr":140736831208369,"idx":10},{"addr":140736831218605,"idx":11},{"addr":140736832435755,"idx":12},{"addr":140736832434162,"idx":13},{"addr":140736884062167,"idx":14},{"addr":140736884061550,"idx":15},{"addr":140736884211506,"idx":16},{"addr":140736885254058,"idx":17},{"addr":140736833113982,"idx":18},{"addr":140736835926335,"idx":19},{"addr":140736835925825,"idx":20},{"addr":140736835914335,"idx":21},{"addr":140736902955098,"idx":22},{"addr":140736897083607,"idx":23},{"addr":140736916996940,"idx":24}],,,,,,,,,16284,,,,,,,,,,,,,,,,,,,,,,,134012995910139602,0,0,"0x","","",3816,31817,31818,3,0,0,1,1756716975,,,,,,,,,,,,,,,,,,,,,,,,,,,,,,,,,,,,,,,,,,,,,,,,,,,,,,,,,,,,,,,,,,,,,,,,,,,
"2025-09-02 15:13:11.0141430Z","ETW","Microsoft-Windows-Kernel-Audit-API-Calls",6,"Info ",1912,8,"MsMpEng.exe",,,,,,,,,,,,,,,,[{"addr":140736918212548,"idx":0},{"addr":140736872857142,"idx":1},{"addr":140736738243895,"idx":2},{"addr":140736738242452,"idx":3},{"addr":140736657687525,"idx":4},{"addr":140736657686325,"idx":5},{"addr":140736657683993,"idx":6},{"addr":140736658258217,"idx":7},{"addr":140736657749938,"idx":8},{"addr":140736657909615,"idx":9},{"addr":140736658079503,"idx":10},{"addr":140736897083607,"idx":11},{"addr":140736916996940,"idx":12}],,,,,,,,,,,,,,,,,,,2097151,0,1912,8,,,,,,,,,,,,,,,,,,,,,,,,,,,,,,,,,,,,,,,,,,,,,,,,,,,,,,,,,,,,,,,,,,,,,,,,,,,,,,,,,,,,,,,,,,,,,,,,,,
"2025-09-02 15:13:11.0162142Z","ETW","Microsoft-Antimalware-Engine",36,"Cache MOACLookup",1912,8,"MsMpEng.exe",,,,"C:\Users\Public\Downloads\attack.exe",,"0x8002",,,,,,,,,,[],,,,,,,,,,,,,,,,,,,,,,,,,,,,,,,,,,,,,,,,,,,,,,,,,,,,,,1,56,624455,1968355096,"",0,,,,,,,,,,,,,,,,,,,,,,,,,,,,,,,,,,,,,,,,,,,,,,,,,,,,,,,,,,,,,
"2025-09-02 15:13:11.0162815Z","ETW","Microsoft-Antimalware-Engine",36,"Cache MOACLookup",1912,8,"MsMpEng.exe",,,,"C:\Users\Public\Downloads\attack.exe",,"0x8002",,,,,,,,,,[],,,,,,,,,,,,,,,,,,,,,,,,,,,,,,,,,,,,,,,,,,,,,,,,,,,,,,2,56,624455,1968355096,"",0,,,,,,,,,,,,,,,,,,,,,,,,,,,,,,,,,,,,,,,,,,,,,,,,,,,,,,,,,,,,,
"2025-09-02 15:13:11.0163301Z","ETW","Microsoft-Antimalware-Engine",36,"Cache MOACLookup",1912,8,"MsMpEng.exe",,,,"C:\Users\Public\Downloads\attack.exe",,"0x8002",,,,,,,,,,[],,,,,,,,,,,,,,,,,,,,,,,,,,,,,,,,,,,,,,,,,,,,,,,,,,,,,,128,56,624455,1968355096,"",0,,,,,,,,,,,,,,,,,,,,,,,,,,,,,,,,,,,,,,,,,,,,,,,,,,,,,,,,,,,,,
"2025-09-02 15:13:11.0163653Z","ETW","Microsoft-Antimalware-Engine",38,"Cache CacheLookup",1912,8,"MsMpEng.exe",,,,"C:\Users\Public\Downloads\attack.exe",,"MISS",,,,,,,,,,[],,,,,,,,,,,,,,,,,,,,,,,,,,,,,,,,,,,,,,,,,,,,,,,,,,,,,,,,,,,,"USN Cache",,,,,,,,,,,,,,,,,,,,,,,,,,,,,,,,,,,,,,,,,,,,,,,,,,,,,,,,,,,,
"2025-09-02 15:13:11.0164966Z","ETW","Microsoft-Windows-Kernel-Audit-API-Calls",5,"Info ",1912,8,"MsMpEng.exe",,,,,,,,,,,,,,,,[{"addr":140736918203764,"idx":0},{"addr":140736872731894,"idx":1},{"addr":140733815122067,"idx":2},{"addr":140733813533757,"idx":3},{"addr":140733820783122,"idx":4},{"addr":140733811457761,"idx":5},{"addr":140733811450648,"idx":6},{"addr":140733811449218,"idx":7},{"addr":140733811441856,"idx":8},{"addr":140733811790261,"idx":9},{"addr":140733811785301,"idx":10},{"addr":140736738242841,"idx":11},{"addr":140736657687525,"idx":12},{"addr":140736657686325,"idx":13},{"addr":140736657683993,"idx":14},{"addr":140736658258217,"idx":15},{"addr":140736657749938,"idx":16},{"addr":140736657909615,"idx":17},{"addr":140736658079503,"idx":18},{"addr":140736897083607,"idx":19},{"addr":140736916996940,"idx":20}],,,,,,,,,,,,,,,,,,,1536,0,16284,,,,,,,,,,,,,,,,,,,,,,,,,,,,,,,,,,,,,,,,,,,,,,,,,,,,,,,,,,,,,,,,,,,,,,,,,,,,,,,,,,,,,,,,,,,,,,,,,,,
"2025-09-02 15:13:11.0165050Z","ETW","Microsoft-Antimalware-Engine",73,"Behavior Monitoring ProcessMonitorFlags",16284,8,"attack.exe",,,,"C:\Users\Public\Downloads\attack.exe",,,,,,,,,,,,[],,,,,,,,,,,,,,,,,,,,,,,,134012995910139602,,,,,,,,,,,,,,,,,,,,,,,,,,,,,,,,,,,,,140733808574464,"SyncStart","0x400003FF","0x0","0x44","0x0","0x0","0x0",,,,,,,,,,,,,,,,,,,,,,,,,,,,,,,,,,,,,,,,,,,,,,,,,,,,
"2025-09-02 15:13:11.0166434Z","ETW","Microsoft-Antimalware-Engine",70,"Behavior Monitoring BmProcessCreate",16284,11040,"attack.exe",3816,,,"C:\Users\Public\Downloads\attack.exe",,,,,,,,,,,,[],,,,,,,,,,,,,,,,,,,,,,,,,,,,,,,,,33554432,,,,,,,,,,,,,,,,,,,,,,,,,,,,,,,,,,,,"'C:\Users\Public\Downloads\attack.exe' ",8192,,,,,,,,,,,,,,,,,,,,,,,,,,,,,,,,,,,,,,,,,,,,,,,,,,
"2025-09-02 15:13:11.0166783Z","ETW","Microsoft-Windows-Kernel-Audit-API-Calls",5,"Info ",3816,21308,"explorer.exe",,,,,,,,,,,,,,,,[{"addr":140736918209220,"idx":0},{"addr":140736872957146,"idx":1},{"addr":140736872946710,"idx":2},{"addr":140736897140436,"idx":3},{"addr":140736831480848,"idx":4},{"addr":140736831487806,"idx":5},{"addr":140736832500373,"idx":6},{"addr":140736831215142,"idx":7},{"addr":140736831217997,"idx":8},{"addr":140736831209133,"idx":9},{"addr":140736831208369,"idx":10},{"addr":140736831218605,"idx":11},{"addr":140736832435755,"idx":12},{"addr":140736832434162,"idx":13},{"addr":140736884062167,"idx":14},{"addr":140736884061550,"idx":15},{"addr":140736884211506,"idx":16},{"addr":140736885254058,"idx":17},{"addr":140736833113982,"idx":18},{"addr":140736835926335,"idx":19},{"addr":140736835925825,"idx":20},{"addr":140736835914335,"idx":21},{"addr":140736902955098,"idx":22},{"addr":140736897083607,"idx":23},{"addr":140736916996940,"idx":24}],,,,,,,,,,,,,,,,,,,1024,0,16284,,,,,,,,,,,,,,,,,,,,,,,,,,,,,,,,,,,,,,,,,,,,,,,,,,,,,,,,,,,,,,,,,,,,,,,,,,,,,,,,,,,,,,,,,,,,,,,,,,,
"2025-09-02 15:13:11.0166979Z","ETW","Microsoft-Windows-Kernel-Audit-API-Calls",5,"Info ",1912,11040,"MsMpEng.exe",,,,,,,,,,,,,,,,[{"addr":140736918203764,"idx":0},{"addr":140736872731894,"idx":1},{"addr":140733810479103,"idx":2},{"addr":140733810478599,"idx":3},{"addr":140733810481824,"idx":4},{"addr":140733811992461,"idx":5},{"addr":140733811987347,"idx":6},{"addr":140733811996001,"idx":7},{"addr":140733811994278,"idx":8},{"addr":140733810447018,"idx":9},{"addr":140733810434825,"idx":10},{"addr":140733810436081,"idx":11},{"addr":140733810435993,"idx":12},{"addr":140733812865289,"idx":13},{"addr":140733811799252,"idx":14},{"addr":140733811789863,"idx":15},{"addr":140733811785301,"idx":16},{"addr":140736738242841,"idx":17},{"addr":140736657613597,"idx":18},{"addr":140736657838177,"idx":19},{"addr":140736749360292,"idx":20},{"addr":140736749360015,"idx":21},{"addr":140736917255712,"idx":22},{"addr":140736917350945,"idx":23},{"addr":140736897083607,"idx":24},{"addr":140736916996940,"idx":25}],,,,,,,,,,,,,,,,,,,4096,0,16284,,,,,,,,,,,,,,,,,,,,,,,,,,,,,,,,,,,,,,,,,,,,,,,,,,,,,,,,,,,,,,,,,,,,,,,,,,,,,,,,,,,,,,,,,,,,,,,,,,,
"2025-09-02 15:13:11.0168492Z","ETW","Microsoft-Antimalware-Engine",109,"Behavior Monitoring BmProcessContextStart",16284,11040,"attack.exe",,,,"C:\Users\Public\Downloads\attack.exe",,,,,,,,,,,,[],,,,,,,,,,,,,,,,,,,,,,,,,,,,,,,,,,,,,,,,,,,,,,,,,,,,,,,,,,,,,,,,,,,,,,,2340855232352,,,,,,,,,,,,,,,,,,,,,,,,,,,,,,,,,,,,,,,,,,,,,,,,,
"2025-09-02 15:13:11.0169189Z","ETW","Microsoft-Windows-Kernel-Process",3,"ThreadStartStart ",3816,21308,"explorer.exe",,,,,,,,,,,,,,,,[{"addr":140736918209220,"idx":0},{"addr":140736872957146,"idx":1},{"addr":140736872946710,"idx":2},{"addr":140736897140436,"idx":3},{"addr":140736831480848,"idx":4},{"addr":140736831487806,"idx":5},{"addr":140736832500373,"idx":6},{"addr":140736831215142,"idx":7},{"addr":140736831217997,"idx":8},{"addr":140736831209133,"idx":9},{"addr":140736831208369,"idx":10},{"addr":140736831218605,"idx":11},{"addr":140736832435755,"idx":12},{"addr":140736832434162,"idx":13},{"addr":140736884062167,"idx":14},{"addr":140736884061550,"idx":15},{"addr":140736884211506,"idx":16},{"addr":140736885254058,"idx":17},{"addr":140736833113982,"idx":18},{"addr":140736835926335,"idx":19},{"addr":140736835925825,"idx":20},{"addr":140736835914335,"idx":21},{"addr":140736902955098,"idx":22},{"addr":140736897083607,"idx":23},{"addr":140736916996940,"idx":24}],,,,,,,,,16284,18446639081566531584,18446639081566507008,140694710272624,0,245447794688,14140,245449621504,245449617408,140694710272624,,,,,,,,,,,,,,,,,,,,,,,,,,,,,,,,,,,,,,,,,,,,,,,,,,,,,,,,,,,,,,,,,,,,,,,,,,,,,,,,,,,,,,,,,,,,,,,,,,,,,,
"2025-09-02 15:13:11.0170088Z","ETW","Microsoft-Antimalware-Engine",53,"Behavior Monitoring BmOpenProcess",3816,3012,"explorer.exe",,16284,,,,,,,,,,,,,,[],,,,,,,,,,,,,,,,,,,,,,,,,,,,,,,,,,,,,,,,,,,,,,,,,,,,,,,,,,,,,,,,,,,,,,,,2097151,false,,,,,,,,,,,,,,,,,,,,,,,,,,,,,,,,,,,,,,,,,,,,,,,
"2025-09-02 15:13:11.0180910Z","ETW","Microsoft-Antimalware-Engine",104,"Behavior Monitoring BmInternal",16284,11040,"attack.exe",,,,,,,,,,,,,,,,[],,,,,,,,,,,,,,,,,,,,,,,,,,,,,,,,,,,,,,,,,,,,,,,,,,,,,,,,,,,,,,,,,,,,,,,,,,35,"Parent","n/a",,,,,,,,,,,,,,,,,,,,,,,,,,,,,,,,,,,,,,,,,,,,
"2025-09-02 15:13:11.0184447Z","ETW","Microsoft-Antimalware-Engine",104,"Behavior Monitoring BmInternal",16284,22008,"attack.exe",,,,,,,,,,,,,,,,[],,,,,,,,,,,,,,,,,,,,,,,,,,,,,,,,,,,,,,,,,,,,,,,,,,,,,,,,,,,,,,,,,,,,,,,,,,35,"Parent","n/a",,,,,,,,,,,,,,,,,,,,,,,,,,,,,,,,,,,,,,,,,,,,
"2025-09-02 15:13:11.0192205Z","ETW","Microsoft-Windows-Kernel-Audit-API-Calls",6,"Info ",760,776,"csrss.exe",,,,,,,,,,,,,,,,[{"addr":140736918206948,"idx":0},{"addr":140736867540170,"idx":1},{"addr":140736867571939,"idx":2},{"addr":140736916996962,"idx":3}],,,,,,,,,,,,,,,,,,,2097151,0,3816,21308,,,,,,,,,,,,,,,,,,,,,,,,,,,,,,,,,,,,,,,,,,,,,,,,,,,,,,,,,,,,,,,,,,,,,,,,,,,,,,,,,,,,,,,,,,,,,,,,,,
"2025-09-02 15:13:11.0192329Z","ETW","Microsoft-Windows-Kernel-Audit-API-Calls",5,"Info ",760,776,"csrss.exe",,,,,,,,,,,,,,,,[{"addr":140736918203764,"idx":0},{"addr":140736867430364,"idx":1},{"addr":140736867572214,"idx":2},{"addr":140736916996962,"idx":3}],,,,,,,,,,,,,,,,,,,2097151,0,16284,,,,,,,,,,,,,,,,,,,,,,,,,,,,,,,,,,,,,,,,,,,,,,,,,,,,,,,,,,,,,,,,,,,,,,,,,,,,,,,,,,,,,,,,,,,,,,,,,,,
"2025-09-02 15:13:11.0192375Z","ETW","Microsoft-Windows-Kernel-Audit-API-Calls",6,"Info ",760,776,"csrss.exe",,,,,,,,,,,,,,,,[{"addr":140736918212548,"idx":0},{"addr":140736867430626,"idx":1},{"addr":140736867572214,"idx":2},{"addr":140736916996962,"idx":3}],,,,,,,,,,,,,,,,,,,2097151,0,16284,14140,,,,,,,,,,,,,,,,,,,,,,,,,,,,,,,,,,,,,,,,,,,,,,,,,,,,,,,,,,,,,,,,,,,,,,,,,,,,,,,,,,,,,,,,,,,,,,,,,,
"2025-09-02 15:13:11.0202892Z","ETW","Microsoft-Windows-Kernel-Process",5,"ImageLoadInfo ",3816,21308,"explorer.exe",,,,"C:\Windows\System32\pcacli.dll",,,,,,,,,,,,[{"addr":140736918203828,"idx":0},{"addr":140736917192506,"idx":1},{"addr":140736917191278,"idx":2},{"addr":140736917210764,"idx":3},{"addr":140736917202269,"idx":4},{"addr":140736917259140,"idx":5},{"addr":140736916785248,"idx":6},{"addr":140736916786774,"idx":7},{"addr":140736917021315,"idx":8},{"addr":140736917023197,"idx":9},{"addr":140736832559570,"idx":10},{"addr":140736833648936,"idx":11},{"addr":140736831483738,"idx":12},{"addr":140736831487806,"idx":13},{"addr":140736832500373,"idx":14},{"addr":140736831215142,"idx":15},{"addr":140736831217997,"idx":16},{"addr":140736831209133,"idx":17},{"addr":140736831208369,"idx":18},{"addr":140736831218605,"idx":19},{"addr":140736832435755,"idx":20},{"addr":140736832434162,"idx":21},{"addr":140736884062167,"idx":22},{"addr":140736884061550,"idx":23},{"addr":140736884211506,"idx":24},{"addr":140736885254058,"idx":25},{"addr":140736833113982,"idx":26},{"addr":140736835926335,"idx":27},{"addr":140736835925825,"idx":28},{"addr":140736835914335,"idx":29},{"addr":140736902955098,"idx":30},{"addr":140736897083607,"idx":31},{"addr":140736916996940,"idx":32}],,,,,,,,,3816,,,,,,,,,,,,,,,,,,,,,,,,,,,,,,,,,,,,1357072747,140736727744512,140736727744512,136289,102400,,,,,,,,,,,,,,,,,,,,,,,,,,,,,,,,,,,,,,,,,,,,,,,,,,,,,,,,,,,,,,,,,,,,,,,
"2025-09-02 15:13:11.0209421Z","ETW","Microsoft-Windows-Kernel-Process",5,"ImageLoadInfo ",3816,10724,"explorer.exe",,,,"C:\Windows\System32\mpr.dll",,,,,,,,,,,,[{"addr":140736918203828,"idx":0},{"addr":140736917192506,"idx":1},{"addr":140736917191278,"idx":2},{"addr":140736917210764,"idx":3},{"addr":140736917201516,"idx":4},{"addr":140736917258922,"idx":5},{"addr":140736917255216,"idx":6},{"addr":140736917350945,"idx":7},{"addr":140736897083607,"idx":8},{"addr":140736916996940,"idx":9}],,,,,,,,,3816,,,,,,,,,,,,,,,,,,,,,,,,,,,,,,,,,,,,2926912377,140736737509376,140736737509376,170982,135168,,,,,,,,,,,,,,,,,,,,,,,,,,,,,,,,,,,,,,,,,,,,,,,,,,,,,,,,,,,,,,,,,,,,,,,
"2025-09-02 15:13:11.0217901Z","ETW","Microsoft-Windows-Kernel-Process",5,"ImageLoadInfo ",3816,21308,"explorer.exe",,,,"C:\Windows\System32\sfc_os.dll",,,,,,,,,,,,[{"addr":140736918203828,"idx":0},{"addr":140736917192506,"idx":1},{"addr":140736917191278,"idx":2},{"addr":140736917210764,"idx":3},{"addr":140736917202269,"idx":4},{"addr":140736917259140,"idx":5},{"addr":140736916785248,"idx":6},{"addr":140736916784352,"idx":7},{"addr":140736917101952,"idx":8},{"addr":140736872000198,"idx":9},{"addr":140736727754668,"idx":10},{"addr":140736727754029,"idx":11},{"addr":140736727752022,"idx":12},{"addr":140736831483738,"idx":13},{"addr":140736831487806,"idx":14},{"addr":140736832500373,"idx":15},{"addr":140736831215142,"idx":16},{"addr":140736831217997,"idx":17},{"addr":140736831209133,"idx":18},{"addr":140736831208369,"idx":19},{"addr":140736831218605,"idx":20},{"addr":140736832435755,"idx":21},{"addr":140736832434162,"idx":22},{"addr":140736884062167,"idx":23},{"addr":140736884061550,"idx":24},{"addr":140736884211506,"idx":25},{"addr":140736885254058,"idx":26},{"addr":140736833113982,"idx":27},{"addr":140736835926335,"idx":28},{"addr":140736835925825,"idx":29},{"addr":140736835914335,"idx":30},{"addr":140736902955098,"idx":31},{"addr":140736897083607,"idx":32},{"addr":140736916996940,"idx":33}],,,,,,,,,3816,,,,,,,,,,,,,,,,,,,,,,,,,,,,,,,,,,,,3768413958,140736726827008,140736726827008,93769,40960,,,,,,,,,,,,,,,,,,,,,,,,,,,,,,,,,,,,,,,,,,,,,,,,,,,,,,,,,,,,,,,,,,,,,,,
"2025-09-02 15:13:11.0224359Z","ETW","Microsoft-Windows-Kernel-Process",5,"ImageLoadInfo ",3816,21308,"explorer.exe",,,,"C:\Windows\System32\ServicingCommon.dll",,,,,,,,,,,,[{"addr":140736918203828,"idx":0},{"addr":140736917192506,"idx":1},{"addr":140736917191278,"idx":2},{"addr":140736917210764,"idx":3},{"addr":140736917201516,"idx":4},{"addr":140736917258922,"idx":5},{"addr":140736916785248,"idx":6},{"addr":140736916786774,"idx":7},{"addr":140736917021315,"idx":8},{"addr":140736917023197,"idx":9},{"addr":140736726832482,"idx":10},{"addr":140736726833203,"idx":11},{"addr":140736726831320,"idx":12},{"addr":140736727754743,"idx":13},{"addr":140736727754029,"idx":14},{"addr":140736727752022,"idx":15},{"addr":140736831483738,"idx":16},{"addr":140736831487806,"idx":17},{"addr":140736832500373,"idx":18},{"addr":140736831215142,"idx":19},{"addr":140736831217997,"idx":20},{"addr":140736831209133,"idx":21},{"addr":140736831208369,"idx":22},{"addr":140736831218605,"idx":23},{"addr":140736832435755,"idx":24},{"addr":140736832434162,"idx":25},{"addr":140736884062167,"idx":26},{"addr":140736884061550,"idx":27},{"addr":140736884211506,"idx":28},{"addr":140736885254058,"idx":29},{"addr":140736833113982,"idx":30},{"addr":140736835926335,"idx":31},{"addr":140736835925825,"idx":32},{"addr":140736835914335,"idx":33},{"addr":140736902955098,"idx":34},{"addr":140736897083607,"idx":35},{"addr":140736916996940,"idx":36}],,,,,,,,,3816,,,,,,,,,,,,,,,,,,,,,,,,,,,,,,,,,,,,2843844471,140736863535104,140736863535104,982650,921600,,,,,,,,,,,,,,,,,,,,,,,,,,,,,,,,,,,,,,,,,,,,,,,,,,,,,,,,,,,,,,,,,,,,,,,
"2025-09-02 15:13:11.0229594Z","ETW","Microsoft-Windows-Kernel-Process",5,"ImageLoadInfo ",3816,21308,"explorer.exe",,,,"C:\Windows\System32\setupapi.dll",,,,,,,,,,,,[{"addr":140736918203828,"idx":0},{"addr":140736917192506,"idx":1},{"addr":140736917191278,"idx":2},{"addr":140736917190209,"idx":3},{"addr":140736916804181,"idx":4},{"addr":140736916785218,"idx":5},{"addr":140736916786774,"idx":6},{"addr":140736917021315,"idx":7},{"addr":140736917023197,"idx":8},{"addr":140736726832482,"idx":9},{"addr":140736726833414,"idx":10},{"addr":140736726831365,"idx":11},{"addr":140736727754743,"idx":12},{"addr":140736727754029,"idx":13},{"addr":140736727752022,"idx":14},{"addr":140736831483738,"idx":15},{"addr":140736831487806,"idx":16},{"addr":140736832500373,"idx":17},{"addr":140736831215142,"idx":18},{"addr":140736831217997,"idx":19},{"addr":140736831209133,"idx":20},{"addr":140736831208369,"idx":21},{"addr":140736831218605,"idx":22},{"addr":140736832435755,"idx":23},{"addr":140736832434162,"idx":24},{"addr":140736884062167,"idx":25},{"addr":140736884061550,"idx":26},{"addr":140736884211506,"idx":27},{"addr":140736885254058,"idx":28},{"addr":140736833113982,"idx":29},{"addr":140736835926335,"idx":30},{"addr":140736835925825,"idx":31},{"addr":140736835914335,"idx":32},{"addr":140736902955098,"idx":33},{"addr":140736897083607,"idx":34},{"addr":140736916996940,"idx":35}],,,,,,,,,3816,,,,,,,,,,,,,,,,,,,,,,,,,,,,,,,,,,,,968528655,140736903708672,140736903708672,4798844,4743168,,,,,,,,,,,,,,,,,,,,,,,,,,,,,,,,,,,,,,,,,,,,,,,,,,,,,,,,,,,,,,,,,,,,,,,
"2025-09-02 15:13:11.0237611Z","ETW","Microsoft-Windows-Kernel-Process",3,"ThreadStartStart ",2072,984,"svchost.exe",,,,,,,,,,,,,,,,[{"addr":140736918216388,"idx":0},{"addr":140736917669762,"idx":1},{"addr":140736882108009,"idx":2},{"addr":140736882120022,"idx":3},{"addr":140736882104053,"idx":4},{"addr":140736882098504,"idx":5},{"addr":140736917358174,"idx":6},{"addr":140736917350275,"idx":7},{"addr":140736897083607,"idx":8},{"addr":140736916996940,"idx":9}],,,,,,,,,2072,18446639081565843456,18446639081565818880,140736917348896,131,836545757184,2684,836549738496,836549705728,140736917348896,,,,,,,,,,,,,,,,,,,,,,,,,,,,,,,,,,,,,,,,,,,,,,,,,,,,,,,,,,,,,,,,,,,,,,,,,,,,,,,,,,,,,,,,,,,,,,,,,,,,,,
"2025-09-02 15:13:11.0238441Z","ETW","Microsoft-Windows-Kernel-Audit-API-Calls",5,"Info ",2072,984,"svchost.exe",,,,,,,,,,,,,,,,[{"addr":140736918203764,"idx":0},{"addr":140736872731894,"idx":1},{"addr":140735812770564,"idx":2},{"addr":140735812768829,"idx":3},{"addr":140736882620003,"idx":4},{"addr":140736882628366,"idx":5},{"addr":140736882319852,"idx":6},{"addr":140736882311415,"idx":7},{"addr":140736882088628,"idx":8},{"addr":140736882092154,"idx":9},{"addr":140736882015316,"idx":10},{"addr":140736882081820,"idx":11},{"addr":140736882106396,"idx":12},{"addr":140736882102691,"idx":13},{"addr":140736882098504,"idx":14},{"addr":140736917358174,"idx":15},{"addr":140736917350275,"idx":16},{"addr":140736897083607,"idx":17},{"addr":140736916996940,"idx":18}],,,,,,,,,,,,,,,,,,,1088,0,3816,,,,,,,,,,,,,,,,,,,,,,,,,,,,,,,,,,,,,,,,,,,,,,,,,,,,,,,,,,,,,,,,,,,,,,,,,,,,,,,,,,,,,,,,,,,,,,,,,,,
"2025-09-02 15:13:11.0238780Z","ETW","Microsoft-Windows-Kernel-Audit-API-Calls",5,"Info ",2072,984,"svchost.exe",,,,,,,,,,,,,,,,[{"addr":140736918203764,"idx":0},{"addr":140736872733451,"idx":1},{"addr":140735812639927,"idx":2},{"addr":140735812769430,"idx":3},{"addr":140735812768921,"idx":4},{"addr":140736882620003,"idx":5},{"addr":140736882628366,"idx":6},{"addr":140736882319852,"idx":7},{"addr":140736882311415,"idx":8},{"addr":140736882088628,"idx":9},{"addr":140736882092154,"idx":10},{"addr":140736882015316,"idx":11},{"addr":140736882081820,"idx":12},{"addr":140736882106396,"idx":13},{"addr":140736882102691,"idx":14},{"addr":140736882098504,"idx":15},{"addr":140736917358174,"idx":16},{"addr":140736917350275,"idx":17},{"addr":140736897083607,"idx":18},{"addr":140736916996940,"idx":19}],,,,,,,,,,,,,,,,,,,4096,0,16284,,,,,,,,,,,,,,,,,,,,,,,,,,,,,,,,,,,,,,,,,,,,,,,,,,,,,,,,,,,,,,,,,,,,,,,,,,,,,,,,,,,,,,,,,,,,,,,,,,,
"2025-09-02 15:13:11.0239261Z","ETW","Microsoft-Antimalware-Engine",53,"Behavior Monitoring BmOpenProcess",2072,11040,"svchost.exe",,16284,,,,,,,,,,,,,,[],,,,,,,,,,,,,,,,,,,,,,,,,,,,,,,,,,,,,,,,,,,,,,,,,,,,,,,,,,,,,,,,,,,,,,,,2097151,false,,,,,,,,,,,,,,,,,,,,,,,,,,,,,,,,,,,,,,,,,,,,,,,
"2025-09-02 15:13:11.0245804Z","ETW","Microsoft-Windows-Kernel-Process",5,"ImageLoadInfo ",2072,984,"svchost.exe",,,,"C:\Windows\System32\pcadm.dll",,,,,,,,,,,,[{"addr":140736918203828,"idx":0},{"addr":140736917192506,"idx":1},{"addr":140736917191278,"idx":2},{"addr":140736917210764,"idx":3},{"addr":140736917201516,"idx":4},{"addr":140736917258922,"idx":5},{"addr":140736916785248,"idx":6},{"addr":140736916784352,"idx":7},{"addr":140736917101952,"idx":8},{"addr":140736872000198,"idx":9},{"addr":140735812666223,"idx":10},{"addr":140735812676278,"idx":11},{"addr":140735812868771,"idx":12},{"addr":140735812771748,"idx":13},{"addr":140735812769476,"idx":14},{"addr":140735812768921,"idx":15},{"addr":140736882620003,"idx":16},{"addr":140736882628366,"idx":17},{"addr":140736882319852,"idx":18},{"addr":140736882311415,"idx":19},{"addr":140736882088628,"idx":20},{"addr":140736882092154,"idx":21},{"addr":140736882015316,"idx":22},{"addr":140736882081820,"idx":23},{"addr":140736882106396,"idx":24},{"addr":140736882102691,"idx":25},{"addr":140736882098504,"idx":26},{"addr":140736917358174,"idx":27},{"addr":140736917350275,"idx":28},{"addr":140736897083607,"idx":29},{"addr":140736916996940,"idx":30}],,,,,,,,,2072,,,,,,,,,,,,,,,,,,,,,,,,,,,,,,,,,,,,2619979843,140735244337152,140735244337152,234049,200704,,,,,,,,,,,,,,,,,,,,,,,,,,,,,,,,,,,,,,,,,,,,,,,,,,,,,,,,,,,,,,,,,,,,,,,
"2025-09-02 15:13:11.0247235Z","ETW","Microsoft-Windows-Kernel-Process",3,"ThreadStartStart ",2072,6920,"svchost.exe",,,,,,,,,,,,,,,,[{"addr":140736918214756,"idx":0},{"addr":140736917257428,"idx":1},{"addr":140736917254706,"idx":2},{"addr":140736917350945,"idx":3},{"addr":140736897083607,"idx":4},{"addr":140736916996940,"idx":5}],,,,,,,,,2072,18446639081567109120,18446639081567084544,140736917348896,0,836545765376,22352,836550262784,836550230016,140736917348896,,,,,,,,,,,,,,,,,,,,,,,,,,,,,,,,,,,,,,,,,,,,,,,,,,,,,,,,,,,,,,,,,,,,,,,,,,,,,,,,,,,,,,,,,,,,,,,,,,,,,,
"2025-09-02 15:13:11.0247970Z","ETW","Microsoft-Windows-Kernel-Process",3,"ThreadStartStart ",2072,22352,"svchost.exe",,,,,,,,,,,,,,,,[{"addr":140736918214756,"idx":0},{"addr":140736917257428,"idx":1},{"addr":140736917254706,"idx":2},{"addr":140736917350945,"idx":3},{"addr":140736897083607,"idx":4},{"addr":140736916996940,"idx":5}],,,,,,,,,2072,18446639081566908416,18446639081566883840,140736917348896,0,836545773568,16108,836550787072,836550754304,140736917348896,,,,,,,,,,,,,,,,,,,,,,,,,,,,,,,,,,,,,,,,,,,,,,,,,,,,,,,,,,,,,,,,,,,,,,,,,,,,,,,,,,,,,,,,,,,,,,,,,,,,,,
"2025-09-02 15:13:11.0249658Z","ETW","Microsoft-Windows-Kernel-Process",5,"ImageLoadInfo ",2072,6920,"svchost.exe",,,,"C:\Windows\System32\pcacli.dll",,,,,,,,,,,,[{"addr":140736918203828,"idx":0},{"addr":140736917192506,"idx":1},{"addr":140736917191278,"idx":2},{"addr":140736917210764,"idx":3},{"addr":140736917201516,"idx":4},{"addr":140736917258922,"idx":5},{"addr":140736917255216,"idx":6},{"addr":140736917350945,"idx":7},{"addr":140736897083607,"idx":8},{"addr":140736916996940,"idx":9}],,,,,,,,,2072,,,,,,,,,,,,,,,,,,,,,,,,,,,,,,,,,,,,1357072747,140736727744512,140736727744512,136289,102400,,,,,,,,,,,,,,,,,,,,,,,,,,,,,,,,,,,,,,,,,,,,,,,,,,,,,,,,,,,,,,,,,,,,,,,
"2025-09-02 15:13:11.0250226Z","ETW","Microsoft-Windows-Kernel-Process",5,"ImageLoadInfo ",2072,984,"svchost.exe",,,,"C:\Windows\System32\wdi.dll",,,,,,,,,,,,[{"addr":140736918203828,"idx":0},{"addr":140736917192506,"idx":1},{"addr":140736917191278,"idx":2},{"addr":140736917210764,"idx":3},{"addr":140736917201516,"idx":4},{"addr":140736917258922,"idx":5},{"addr":140736916999751,"idx":6},{"addr":140736916785258,"idx":7},{"addr":140736916784352,"idx":8},{"addr":140736917101952,"idx":9},{"addr":140736872000198,"idx":10},{"addr":140735812666223,"idx":11},{"addr":140735812676278,"idx":12},{"addr":140735812868771,"idx":13},{"addr":140735812771748,"idx":14},{"addr":140735812769476,"idx":15},{"addr":140735812768921,"idx":16},{"addr":140736882620003,"idx":17},{"addr":140736882628366,"idx":18},{"addr":140736882319852,"idx":19},{"addr":140736882311415,"idx":20},{"addr":140736882088628,"idx":21},{"addr":140736882092154,"idx":22},{"addr":140736882015316,"idx":23},{"addr":140736882081820,"idx":24},{"addr":140736882106396,"idx":25},{"addr":140736882102691,"idx":26},{"addr":140736882098504,"idx":27},{"addr":140736917358174,"idx":28},{"addr":140736917350275,"idx":29},{"addr":140736897083607,"idx":30},{"addr":140736916996940,"idx":31}],,,,,,,,,2072,,,,,,,,,,,,,,,,,,,,,,,,,,,,,,,,,,,,1813619229,140736587694080,140736587694080,165310,126976,,,,,,,,,,,,,,,,,,,,,,,,,,,,,,,,,,,,,,,,,,,,,,,,,,,,,,,,,,,,,,,,,,,,,,,
"2025-09-02 15:13:11.0251940Z","ETW","Microsoft-Windows-Kernel-Process",5,"ImageLoadInfo ",2072,22352,"svchost.exe",,,,"C:\Windows\System32\aepic.dll",,,,,,,,,,,,[{"addr":140736918203828,"idx":0},{"addr":140736917192506,"idx":1},{"addr":140736917191278,"idx":2},{"addr":140736917210764,"idx":3},{"addr":140736917201516,"idx":4},{"addr":140736917258922,"idx":5},{"addr":140736917255216,"idx":6},{"addr":140736917350945,"idx":7},{"addr":140736897083607,"idx":8},{"addr":140736916996940,"idx":9}],,,,,,,,,2072,,,,,,,,,,,,,,,,,,,,,,,,,,,,,,,,,,,,4046637662,140736540704768,140736540704768,675180,643072,,,,,,,,,,,,,,,,,,,,,,,,,,,,,,,,,,,,,,,,,,,,,,,,,,,,,,,,,,,,,,,,,,,,,,,
"2025-09-02 15:13:11.0254016Z","ETW","Microsoft-Windows-Kernel-Process",5,"ImageLoadInfo ",2072,6920,"svchost.exe",,,,"C:\Windows\System32\mpr.dll",,,,,,,,,,,,[{"addr":140736918203828,"idx":0},{"addr":140736917192506,"idx":1},{"addr":140736917191278,"idx":2},{"addr":140736917210764,"idx":3},{"addr":140736917201516,"idx":4},{"addr":140736917258922,"idx":5},{"addr":140736917255216,"idx":6},{"addr":140736917350945,"idx":7},{"addr":140736897083607,"idx":8},{"addr":140736916996940,"idx":9}],,,,,,,,,2072,,,,,,,,,,,,,,,,,,,,,,,,,,,,,,,,,,,,2926912377,140736737509376,140736737509376,170982,135168,,,,,,,,,,,,,,,,,,,,,,,,,,,,,,,,,,,,,,,,,,,,,,,,,,,,,,,,,,,,,,,,,,,,,,,
"2025-09-02 15:13:11.0269202Z","ETW","Microsoft-Windows-Kernel-Audit-API-Calls",6,"Info ",1912,8,"MsMpEng.exe",,,,,,,,,,,,,,,,[{"addr":140736918212548,"idx":0},{"addr":140736872857142,"idx":1},{"addr":140736738243895,"idx":2},{"addr":140736738242452,"idx":3},{"addr":140736657604428,"idx":4},{"addr":140736657598535,"idx":5},{"addr":140736657597146,"idx":6},{"addr":140736658259206,"idx":7},{"addr":140736657749938,"idx":8},{"addr":140736657909615,"idx":9},{"addr":140736658079503,"idx":10},{"addr":140736897083607,"idx":11},{"addr":140736916996940,"idx":12}],,,,,,,,,,,,,,,,,,,2097151,0,1912,8,,,,,,,,,,,,,,,,,,,,,,,,,,,,,,,,,,,,,,,,,,,,,,,,,,,,,,,,,,,,,,,,,,,,,,,,,,,,,,,,,,,,,,,,,,,,,,,,,,
"2025-09-02 15:13:11.0275100Z","ETW","Microsoft-Windows-Kernel-Audit-API-Calls",6,"Info ",1912,8,"MsMpEng.exe",,,,,,,,,,,,,,,,[{"addr":140736918212548,"idx":0},{"addr":140736872857142,"idx":1},{"addr":140736738243895,"idx":2},{"addr":140736738242452,"idx":3},{"addr":140736657604428,"idx":4},{"addr":140736657598535,"idx":5},{"addr":140736657597146,"idx":6},{"addr":140736658259206,"idx":7},{"addr":140736657749938,"idx":8},{"addr":140736657909615,"idx":9},{"addr":140736658079503,"idx":10},{"addr":140736897083607,"idx":11},{"addr":140736916996940,"idx":12}],,,,,,,,,,,,,,,,,,,2097151,0,1912,8,,,,,,,,,,,,,,,,,,,,,,,,,,,,,,,,,,,,,,,,,,,,,,,,,,,,,,,,,,,,,,,,,,,,,,,,,,,,,,,,,,,,,,,,,,,,,,,,,,
"2025-09-02 15:13:11.0276290Z","ETW","Microsoft-Windows-Kernel-Process",6,"ImageUnloadInfo ",2072,984,"svchost.exe",,,,"C:\Windows\System32\wdi.dll",,,,,,,,,,,,[{"addr":140736918203892,"idx":0},{"addr":140736917028534,"idx":1},{"addr":140736916779098,"idx":2},{"addr":140736916769422,"idx":3},{"addr":140736916769266,"idx":4},{"addr":140736916768404,"idx":5},{"addr":140736916773680,"idx":6},{"addr":140736872000489,"idx":7},{"addr":140735812666330,"idx":8},{"addr":140735812676278,"idx":9},{"addr":140735812868771,"idx":10},{"addr":140735812771748,"idx":11},{"addr":140735812769476,"idx":12},{"addr":140735812768921,"idx":13},{"addr":140736882620003,"idx":14},{"addr":140736882628366,"idx":15},{"addr":140736882319852,"idx":16},{"addr":140736882311415,"idx":17},{"addr":140736882088628,"idx":18},{"addr":140736882092154,"idx":19},{"addr":140736882015316,"idx":20},{"addr":140736882081820,"idx":21},{"addr":140736882106396,"idx":22},{"addr":140736882102691,"idx":23},{"addr":140736882098504,"idx":24},{"addr":140736917358174,"idx":25},{"addr":140736917350275,"idx":26},{"addr":140736897083607,"idx":27},{"addr":140736916996940,"idx":28}],,,,,,,,,2072,,,,,,,,,,,,,,,,,,,,,,,,,,,,,,,,,,,,1813619229,140736587694080,140736587694080,165310,139264,,,,,,,,,,,,,,,,,,,,,,,,,,,,,,,,,,,,,,,,,,,,,,,,,,,,,,,,,,,,,,,,,,,,,,,
"2025-09-02 15:13:11.0277507Z","ETW","Microsoft-Windows-Kernel-Process",6,"ImageUnloadInfo ",2072,984,"svchost.exe",,,,"C:\Windows\System32\mpr.dll",,,,,,,,,,,,[{"addr":140736918203892,"idx":0},{"addr":140736917028534,"idx":1},{"addr":140736916779098,"idx":2},{"addr":140736916769422,"idx":3},{"addr":140736916769266,"idx":4},{"addr":140736916769266,"idx":5},{"addr":140736916768404,"idx":6},{"addr":140736916773680,"idx":7},{"addr":140736872000489,"idx":8},{"addr":140735812666330,"idx":9},{"addr":140735812676278,"idx":10},{"addr":140735812868771,"idx":11},{"addr":140735812771748,"idx":12},{"addr":140735812769476,"idx":13},{"addr":140735812768921,"idx":14},{"addr":140736882620003,"idx":15},{"addr":140736882628366,"idx":16},{"addr":140736882319852,"idx":17},{"addr":140736882311415,"idx":18},{"addr":140736882088628,"idx":19},{"addr":140736882092154,"idx":20},{"addr":140736882015316,"idx":21},{"addr":140736882081820,"idx":22},{"addr":140736882106396,"idx":23},{"addr":140736882102691,"idx":24},{"addr":140736882098504,"idx":25},{"addr":140736917358174,"idx":26},{"addr":140736917350275,"idx":27},{"addr":140736897083607,"idx":28},{"addr":140736916996940,"idx":29}],,,,,,,,,2072,,,,,,,,,,,,,,,,,,,,,,,,,,,,,,,,,,,,2926912377,140736737509376,140736737509376,170982,147456,,,,,,,,,,,,,,,,,,,,,,,,,,,,,,,,,,,,,,,,,,,,,,,,,,,,,,,,,,,,,,,,,,,,,,,
"2025-09-02 15:13:11.0278091Z","ETW","Microsoft-Windows-Kernel-Process",6,"ImageUnloadInfo ",2072,984,"svchost.exe",,,,"C:\Windows\System32\pcacli.dll",,,,,,,,,,,,[{"addr":140736918203892,"idx":0},{"addr":140736917028534,"idx":1},{"addr":140736916779098,"idx":2},{"addr":140736916769422,"idx":3},{"addr":140736916769266,"idx":4},{"addr":140736916768404,"idx":5},{"addr":140736916773680,"idx":6},{"addr":140736872000489,"idx":7},{"addr":140735812666330,"idx":8},{"addr":140735812676278,"idx":9},{"addr":140735812868771,"idx":10},{"addr":140735812771748,"idx":11},{"addr":140735812769476,"idx":12},{"addr":140735812768921,"idx":13},{"addr":140736882620003,"idx":14},{"addr":140736882628366,"idx":15},{"addr":140736882319852,"idx":16},{"addr":140736882311415,"idx":17},{"addr":140736882088628,"idx":18},{"addr":140736882092154,"idx":19},{"addr":140736882015316,"idx":20},{"addr":140736882081820,"idx":21},{"addr":140736882106396,"idx":22},{"addr":140736882102691,"idx":23},{"addr":140736882098504,"idx":24},{"addr":140736917358174,"idx":25},{"addr":140736917350275,"idx":26},{"addr":140736897083607,"idx":27},{"addr":140736916996940,"idx":28}],,,,,,,,,2072,,,,,,,,,,,,,,,,,,,,,,,,,,,,,,,,,,,,1357072747,140736727744512,140736727744512,136289,114688,,,,,,,,,,,,,,,,,,,,,,,,,,,,,,,,,,,,,,,,,,,,,,,,,,,,,,,,,,,,,,,,,,,,,,,
"2025-09-02 15:13:11.0279520Z","ETW","Microsoft-Windows-Kernel-Process",6,"ImageUnloadInfo ",2072,984,"svchost.exe",,,,"C:\Windows\System32\aepic.dll",,,,,,,,,,,,[{"addr":140736918203892,"idx":0},{"addr":140736917028534,"idx":1},{"addr":140736916779098,"idx":2},{"addr":140736916769422,"idx":3},{"addr":140736916769266,"idx":4},{"addr":140736916768404,"idx":5},{"addr":140736916773680,"idx":6},{"addr":140736872000489,"idx":7},{"addr":140735812666330,"idx":8},{"addr":140735812676278,"idx":9},{"addr":140735812868771,"idx":10},{"addr":140735812771748,"idx":11},{"addr":140735812769476,"idx":12},{"addr":140735812768921,"idx":13},{"addr":140736882620003,"idx":14},{"addr":140736882628366,"idx":15},{"addr":140736882319852,"idx":16},{"addr":140736882311415,"idx":17},{"addr":140736882088628,"idx":18},{"addr":140736882092154,"idx":19},{"addr":140736882015316,"idx":20},{"addr":140736882081820,"idx":21},{"addr":140736882106396,"idx":22},{"addr":140736882102691,"idx":23},{"addr":140736882098504,"idx":24},{"addr":140736917358174,"idx":25},{"addr":140736917350275,"idx":26},{"addr":140736897083607,"idx":27},{"addr":140736916996940,"idx":28}],,,,,,,,,2072,,,,,,,,,,,,,,,,,,,,,,,,,,,,,,,,,,,,4046637662,140736540704768,140736540704768,675180,655360,,,,,,,,,,,,,,,,,,,,,,,,,,,,,,,,,,,,,,,,,,,,,,,,,,,,,,,,,,,,,,,,,,,,,,,
"2025-09-02 15:13:11.0280275Z","ETW","Microsoft-Windows-Kernel-Process",6,"ImageUnloadInfo ",2072,984,"svchost.exe",,,,"C:\Windows\System32\pcadm.dll",,,,,,,,,,,,[{"addr":140736918203892,"idx":0},{"addr":140736917028534,"idx":1},{"addr":140736916779098,"idx":2},{"addr":140736916773567,"idx":3},{"addr":140736872000489,"idx":4},{"addr":140735812666330,"idx":5},{"addr":140735812676278,"idx":6},{"addr":140735812868771,"idx":7},{"addr":140735812771748,"idx":8},{"addr":140735812769476,"idx":9},{"addr":140735812768921,"idx":10},{"addr":140736882620003,"idx":11},{"addr":140736882628366,"idx":12},{"addr":140736882319852,"idx":13},{"addr":140736882311415,"idx":14},{"addr":140736882088628,"idx":15},{"addr":140736882092154,"idx":16},{"addr":140736882015316,"idx":17},{"addr":140736882081820,"idx":18},{"addr":140736882106396,"idx":19},{"addr":140736882102691,"idx":20},{"addr":140736882098504,"idx":21},{"addr":140736917358174,"idx":22},{"addr":140736917350275,"idx":23},{"addr":140736897083607,"idx":24},{"addr":140736916996940,"idx":25}],,,,,,,,,2072,,,,,,,,,,,,,,,,,,,,,,,,,,,,,,,,,,,,2619979843,140735244337152,140735244337152,234049,212992,,,,,,,,,,,,,,,,,,,,,,,,,,,,,,,,,,,,,,,,,,,,,,,,,,,,,,,,,,,,,,,,,,,,,,,
"2025-09-02 15:13:11.0281744Z","ETW","Microsoft-Windows-Kernel-Audit-API-Calls",5,"Info ",2072,18292,"svchost.exe",,,,,,,,,,,,,,,,[{"addr":140736918203764,"idx":0},{"addr":140736872731894,"idx":1},{"addr":140735812629632,"idx":2},{"addr":140735812629062,"idx":3},{"addr":140735812765161,"idx":4},{"addr":140736897083607,"idx":5},{"addr":140736916996940,"idx":6}],,,,,,,,,,,,,,,,,,,2097151,0,16284,,,,,,,,,,,,,,,,,,,,,,,,,,,,,,,,,,,,,,,,,,,,,,,,,,,,,,,,,,,,,,,,,,,,,,,,,,,,,,,,,,,,,,,,,,,,,,,,,,,
"2025-09-02 15:13:11.0282130Z","ETW","Microsoft-Windows-Kernel-Process",5,"ImageLoadInfo ",16284,14140,"attack.exe",,,,"C:\Users\Public\Downloads\attack.exe",,,,,,,,,,,,[{"addr":140736916996896,"idx":0}],,,,,,,,,16284,,,,,,,,,,,,,,,,,,,,,,,,,,,,,,,,,,,,1756716975,140694710255616,140694710255616,0,53248,,,,,,,,,,,,,,,,,,,,,,,,,,,,,,,,,,,,,,,,,,,,,,,,,,,,,,,,,,,,,,,,,,,,,,,
"2025-09-02 15:13:11.0282197Z","ETW","Microsoft-Antimalware-Engine",53,"Behavior Monitoring BmOpenProcess",2072,3012,"svchost.exe",,16284,,,,,,,,,,,,,,[],,,,,,,,,,,,,,,,,,,,,,,,,,,,,,,,,,,,,,,,,,,,,,,,,,,,,,,,,,,,,,,,,,,,,,,,2097151,false,,,,,,,,,,,,,,,,,,,,,,,,,,,,,,,,,,,,,,,,,,,,,,,
"2025-09-02 15:13:11.0282490Z","ETW","Microsoft-Windows-Kernel-Process",5,"ImageLoadInfo ",16284,14140,"attack.exe",,,,"C:\Windows\System32\ntdll.dll",,,,,,,,,,,,[{"addr":140736916996896,"idx":0}],,,,,,,,,16284,,,,,,,,,,,,,,,,,,,,,,,,,,,,,,,,,,,,2512787800,140736916750336,140736916750336,2531053,2519040,,,,,,,,,,,,,,,,,,,,,,,,,,,,,,,,,,,,,,,,,,,,,,,,,,,,,,,,,,,,,,,,,,,,,,,
"2025-09-02 15:13:11.0283451Z","ETW","Microsoft-Antimalware-Engine",11,"Behavior Monitoring BmModuleLoad",16284,3012,"attack.exe",,,,"C:\Users\Public\Downloads\attack.exe",,,,,,,,,,,,[],,,,,,,,,,,,,,,,,,,,,,,,,,,,,,,,,,,,,,,,,,,,,,,,,,,,,,,,,,,,,,,,,,,,,,,,,,,,,,,,,,,,,,,,,,,,,,,,,,,,,,,,,,,,,,,,,,,,,,,,
"2025-09-02 15:13:11.0283457Z","ETW","Microsoft-Windows-Kernel-Audit-API-Calls",6,"Info ",1912,8,"MsMpEng.exe",,,,,,,,,,,,,,,,[{"addr":140736918212548,"idx":0},{"addr":140736872857142,"idx":1},{"addr":140736738243895,"idx":2},{"addr":140736738242452,"idx":3},{"addr":140736657604428,"idx":4},{"addr":140736657598535,"idx":5},{"addr":140736657597146,"idx":6},{"addr":140736658259206,"idx":7},{"addr":140736657749938,"idx":8},{"addr":140736657909615,"idx":9},{"addr":140736658079503,"idx":10},{"addr":140736897083607,"idx":11},{"addr":140736916996940,"idx":12}],,,,,,,,,,,,,,,,,,,2097151,0,1912,8,,,,,,,,,,,,,,,,,,,,,,,,,,,,,,,,,,,,,,,,,,,,,,,,,,,,,,,,,,,,,,,,,,,,,,,,,,,,,,,,,,,,,,,,,,,,,,,,,,
"2025-09-02 15:13:11.0283708Z","ETW","Microsoft-Windows-Kernel-Audit-API-Calls",5,"Info ",1912,8,"MsMpEng.exe",,,,,,,,,,,,,,,,[{"addr":140736918203764,"idx":0},{"addr":140736872731894,"idx":1},{"addr":140733810479103,"idx":2},{"addr":140733810478599,"idx":3},{"addr":140733809630809,"idx":4},{"addr":140733809420559,"idx":5},{"addr":140733811789991,"idx":6},{"addr":140733811785301,"idx":7},{"addr":140736738242841,"idx":8},{"addr":140736657604428,"idx":9},{"addr":140736657598535,"idx":10},{"addr":140736657597146,"idx":11},{"addr":140736658259206,"idx":12},{"addr":140736657749938,"idx":13},{"addr":140736657909615,"idx":14},{"addr":140736658079503,"idx":15},{"addr":140736897083607,"idx":16},{"addr":140736916996940,"idx":17}],,,,,,,,,,,,,,,,,,,1052672,0,16284,,,,,,,,,,,,,,,,,,,,,,,,,,,,,,,,,,,,,,,,,,,,,,,,,,,,,,,,,,,,,,,,,,,,,,,,,,,,,,,,,,,,,,,,,,,,,,,,,,,
"2025-09-02 15:13:11.0283776Z","ETW","Microsoft-Antimalware-Engine",43,"ExpensiveOperationTaskExpensiveOperationBegin",1912,11040,"MsMpEng.exe",,,"BM InitializeFriendlyStatus::IsKnownFriendly()","C:\Users\Public\Downloads\attack.exe",,,,,,,,,,,,[],,,,,,,,,,,,,,,,,,,,,,,,,,,,,,,,,,,,,,,,,,,,,,,,,,,,,1379218750,,,,,,,,,,,,,,,,,,,,,,,,16284,true,,,,,,,,,,,,,,,,,,,,,,,,,,,,,,,,,,,,,,,,,,
"2025-09-02 15:13:11.0283792Z","ETW","Microsoft-Antimalware-Engine",5,"Stream scan request Start ",16284,8,"attack.exe",,,,"C:\WINDOWS\Prefetch\ATTACK.EXE-3D92D789.pf",,,,,,,,,,,,[],,,,,,,,,,,,,,,,,,,,,,,,,,,,,,,,,,,,,,,,,,,,,,,,,,962368738,"C:\Users\Public\Downloads\attack.exe",2,277031250,,,,,,,,,,,,,,,,,,,,,,,,,,,,,,,,,,,,,,,,,,,,,,,,,,,,,,,,,,,,,,,,,,,
"2025-09-02 15:13:11.0283840Z","ETW","Microsoft-Antimalware-Engine",67,"ExpensiveOperationTaskExpensiveOperationEnd",1912,11040,"MsMpEng.exe",,,"BM InitializeFriendlyStatus::IsKnownFriendly()","C:\Users\Public\Downloads\attack.exe",,,,,,,,,,,,[],,,,,,,,,,,,,,,,,,,,,,,,,,,,,,,,,,,,,,,,,,,,,,,,,,,,,1379218750,,,,,,,,,,,,,,,,,,,,,,,,16284,false,0,0,,,,,,,,,,,,,,,,,,,,,,,,,,,,,,,,,,,,,,,,
"2025-09-02 15:13:11.0284273Z","ETW","Microsoft-Antimalware-Engine",11,"Behavior Monitoring BmModuleLoad",16284,3012,"attack.exe",,,,"C:\Windows\System32\ntdll.dll",,,,,,,,,,,,[],,,,,,,,,,,,,,,,,,,,,,,,,,,,,,,,,,,,,,,,,,,,,,,,,,,,,,,,,,,,,,,,,,,,,,,,,,,,,,,,,,,,,,,,,,,,,,,,,,,,,,,,,,,,,,,,,,,,,,,,
"2025-09-02 15:13:11.0284351Z","ETW","Microsoft-Windows-Kernel-Audit-API-Calls",5,"Info ",1912,11040,"MsMpEng.exe",,,,,,,,,,,,,,,,[{"addr":140736918203764,"idx":0},{"addr":140736872731894,"idx":1},{"addr":140733810479103,"idx":2},{"addr":140733810478599,"idx":3},{"addr":140733810481824,"idx":4},{"addr":140733809658813,"idx":5},{"addr":140733809657105,"idx":6},{"addr":140733810411971,"idx":7},{"addr":140733810411092,"idx":8},{"addr":140733815162932,"idx":9},{"addr":140733815162655,"idx":10},{"addr":140736917255712,"idx":11},{"addr":140736917350945,"idx":12},{"addr":140736897083607,"idx":13},{"addr":140736916996940,"idx":14}],,,,,,,,,,,,,,,,,,,4096,0,16284,,,,,,,,,,,,,,,,,,,,,,,,,,,,,,,,,,,,,,,,,,,,,,,,,,,,,,,,,,,,,,,,,,,,,,,,,,,,,,,,,,,,,,,,,,,,,,,,,,,
"2025-09-02 15:13:11.0284494Z","ETW","Microsoft-Windows-Kernel-Audit-API-Calls",5,"Info ",1912,11040,"MsMpEng.exe",,,,,,,,,,,,,,,,[{"addr":140736918203764,"idx":0},{"addr":140736872731894,"idx":1},{"addr":140733810479103,"idx":2},{"addr":140733810478599,"idx":3},{"addr":140733810481824,"idx":4},{"addr":140733809657336,"idx":5},{"addr":140733810411971,"idx":6},{"addr":140733810411092,"idx":7},{"addr":140733815162932,"idx":8},{"addr":140733815162655,"idx":9},{"addr":140736917255712,"idx":10},{"addr":140736917350945,"idx":11},{"addr":140736897083607,"idx":12},{"addr":140736916996940,"idx":13}],,,,,,,,,,,,,,,,,,,4096,0,16284,,,,,,,,,,,,,,,,,,,,,,,,,,,,,,,,,,,,,,,,,,,,,,,,,,,,,,,,,,,,,,,,,,,,,,,,,,,,,,,,,,,,,,,,,,,,,,,,,,,
"2025-09-02 15:13:11.0284552Z","ETW","Microsoft-Antimalware-Engine",111,"Behavior Monitoring BmNotificationHandleStart",16284,11040,"attack.exe",,,,,,,,,,,,,,,,[],,,,,,,,,,,,,,,,,,,,,,,,,,,,,,,,,,,,,,,,,,,,,,,,,,,,,,,,,,,,,,,,,,,,,,,,,,,,,,,,,16401,3935446,0,,,,,,,,,,,,,,,,,,,,,,,,,,,,,,,,,,,,,
"2025-09-02 15:13:11.0285325Z","ETW","Microsoft-Antimalware-Engine",6,"Stream scan request Stop ",16284,8,"attack.exe",,,,"C:\WINDOWS\Prefetch\ATTACK.EXE-3D92D789.pf",,,,,,,,,,,,[],,,,,,,,,,,,,,,,,,,,,,,,,,,,,,,,,,,,,,,,,,,,,,,,,,962368738,"C:\Users\Public\Downloads\attack.exe",2,277031250,,,,,,,,,,,,,,,,,,,,,,,,,,,,,,,,,,,,,,,,,,,,,,,,,,,,,,,,,,,,,,,,,,,
"2025-09-02 15:13:11.0291826Z","ETW","Microsoft-Windows-Kernel-Process",4,"ThreadStopStop ",3816,21308,"explorer.exe",,,,,,,,,,,,,,,,[],,,,,,,,97536500,3816,18446639081566273536,18446639081566248960,140736902954752,0,17440768,21308,144048128,143990784,140736902954752,,,,,,,,,,,,,,,,,,,,,,,,,,,,,,,,,,,,,,,,,,,,,,,,,,,,,,,,,,,,,,,,,,,,,,,,,,,,,,,,,,,,,,,,,,,,,,,,,,,,,,
"2025-09-02 15:13:11.0292142Z","ETW","Microsoft-Antimalware-Engine",59,"Message Info ",1912,11040,"MsMpEng.exe",,,,,,0,"!#BMLowfiTrigger.A","0xDBB39B890BFC","4dbf7bd615cfae8829011e03de200a1bc0bab7d3",,,,,,,[],,,,,,,,,,,,,,,,,,,,,,,,,,,,,,,,,,,,,,,,,,,,,,,,,,,,,,,,,,,,,,,,,,,,,,,,,,,,,,,,,,,,,,,,,,,,,,,,,,,,,,,,,,,,,,,,,,,,,,,,
"2025-09-02 15:13:11.0296298Z","ETW","Microsoft-Windows-Kernel-Process",6,"ImageUnloadInfo ",12248,12160,"explorer.exe",,,,"C:\Windows\System32\ExplorerFrame.dll",,,,,,,,,,,,[{"addr":140736918203892,"idx":0},{"addr":140736917028534,"idx":1},{"addr":140736916779098,"idx":2},{"addr":140736916773567,"idx":3},{"addr":140736872000489,"idx":4},{"addr":140736909949854,"idx":5},{"addr":140736909944133,"idx":6},{"addr":140736909943729,"idx":7},{"addr":140736909943194,"idx":8},{"addr":140736909941901,"idx":9},{"addr":140736909939897,"idx":10},{"addr":140736909234311,"idx":11},{"addr":140736909930487,"idx":12},{"addr":140696088247373,"idx":13},{"addr":140696088445621,"idx":14},{"addr":140736897083607,"idx":15},{"addr":140736916996940,"idx":16}],,,,,,,,,12248,,,,,,,,,,,,,,,,,,,,,,,,,,,,,,,,,,,,2565069523,140736394231808,140736394231808,2916794,2904064,,,,,,,,,,,,,,,,,,,,,,,,,,,,,,,,,,,,,,,,,,,,,,,,,,,,,,,,,,,,,,,,,,,,,,,
"2025-09-02 15:13:11.0297934Z","ETW","Microsoft-Antimalware-Engine",112,"Behavior Monitoring BmNotificationHandleStop",16284,11040,"attack.exe",,,,,,,,,,,,,,,,[],,,,,,,,,,,,,,,,,,,,,,,,,,,,,,,,,,,,,,,,,,,,,,,,,,,,,,,,,,,,,,,,,,,,,,,,,,,,,,,,,16401,3935446,0,false,true,0,,,,,,,,,,,,,,,,,,,,,,,,,,,,,,,,,,
"2025-09-02 15:13:11.0299785Z","ETW","Microsoft-Windows-Kernel-Audit-API-Calls",5,"Info ",1912,11040,"MsMpEng.exe",,,,,,,,,,,,,,,,[{"addr":140736918203764,"idx":0},{"addr":140736872731894,"idx":1},{"addr":140733810479103,"idx":2},{"addr":140733810478599,"idx":3},{"addr":140733811467421,"idx":4},{"addr":140733811466488,"idx":5},{"addr":140733810456419,"idx":6},{"addr":140733810413765,"idx":7},{"addr":140733810417057,"idx":8},{"addr":140733810415802,"idx":9},{"addr":140733810413462,"idx":10},{"addr":140733809657173,"idx":11},{"addr":140733810411971,"idx":12},{"addr":140733810411092,"idx":13},{"addr":140733815162932,"idx":14},{"addr":140733815162655,"idx":15},{"addr":140736917255712,"idx":16},{"addr":140736917350945,"idx":17},{"addr":140736897083607,"idx":18},{"addr":140736916996940,"idx":19}],,,,,,,,,,,,,,,,,,,5136,0,16284,,,,,,,,,,,,,,,,,,,,,,,,,,,,,,,,,,,,,,,,,,,,,,,,,,,,,,,,,,,,,,,,,,,,,,,,,,,,,,,,,,,,,,,,,,,,,,,,,,,
"2025-09-02 15:13:11.0299978Z","ETW","Microsoft-Antimalware-Engine",111,"Behavior Monitoring BmNotificationHandleStart",16284,11040,"attack.exe",,,,,,,,,,,,,,,,[],,,,,,,,,,,,,,,,,,,,,,,,,,,,,,,,,,,,,,,,,,,,,,,,,,,,,,,,,,,,,,,,,,,,,,,,,,,,,,,,,16407,3935446,0,,,,,,,,,,,,,,,,,,,,,,,,,,,,,,,,,,,,,
"2025-09-02 15:13:11.0300243Z","ETW","Microsoft-Antimalware-Engine",112,"Behavior Monitoring BmNotificationHandleStop",16284,11040,"attack.exe",,,,,,,,,,,,,,,,[],,,,,,,,,,,,,,,,,,,,,,,,,,,,,,,,,,,,,,,,,,,,,,,,,,,,,,,,,,,,,,,,,,,,,,,,,,,,,,,,,16407,3935446,0,false,false,0,,,,,,,,,,,,,,,,,,,,,,,,,,,,,,,,,,
"2025-09-02 15:13:11.0300302Z","ETW","Microsoft-Antimalware-Engine",111,"Behavior Monitoring BmNotificationHandleStart",16284,11040,"attack.exe",,,,,,,,,,,,,,,,[],,,,,,,,,,,,,,,,,,,,,,,,,,,,,,,,,,,,,,,,,,,,,,,,,,,,,,,,,,,,,,,,,,,,,,,,,,,,,,,,,16526,0,0,,,,,,,,,,,,,,,,,,,,,,,,,,,,,,,,,,,,,
"2025-09-02 15:13:11.0301768Z","ETW","Microsoft-Antimalware-Engine",112,"Behavior Monitoring BmNotificationHandleStop",16284,11040,"attack.exe",,,,,,,,,,,,,,,,[],,,,,,,,,,,,,,,,,,,,,,,,,,,,,,,,,,,,,,,,,,,,,,,,,,,,,,,,,,,,,,,,,,,,,,,,,,,,,,,,,16526,0,0,false,true,0,,,,,,,,,,,,,,,,,,,,,,,,,,,,,,,,,,
"2025-09-02 15:13:11.0301798Z","ETW","Microsoft-Antimalware-Engine",111,"Behavior Monitoring BmNotificationHandleStart",16284,11040,"attack.exe",,,,,,,,,,,,,,,,[],,,,,,,,,,,,,,,,,,,,,,,,,,,,,,,,,,,,,,,,,,,,,,,,,,,,,,,,,,,,,,,,,,,,,,,,,,,,,,,,,16526,0,0,,,,,,,,,,,,,,,,,,,,,,,,,,,,,,,,,,,,,
"2025-09-02 15:13:11.0302287Z","ETW","Microsoft-Antimalware-Engine",112,"Behavior Monitoring BmNotificationHandleStop",16284,11040,"attack.exe",,,,,,,,,,,,,,,,[],,,,,,,,,,,,,,,,,,,,,,,,,,,,,,,,,,,,,,,,,,,,,,,,,,,,,,,,,,,,,,,,,,,,,,,,,,,,,,,,,16526,0,0,false,true,0,,,,,,,,,,,,,,,,,,,,,,,,,,,,,,,,,,
"2025-09-02 15:13:11.0302448Z","ETW","Microsoft-Antimalware-Engine",111,"Behavior Monitoring BmNotificationHandleStart",16284,11040,"attack.exe",,,,,,,,,,,,,,,,[],,,,,,,,,,,,,,,,,,,,,,,,,,,,,,,,,,,,,,,,,,,,,,,,,,,,,,,,,,,,,,,,,,,,,,,,,,,,,,,,,16526,0,0,,,,,,,,,,,,,,,,,,,,,,,,,,,,,,,,,,,,,
"2025-09-02 15:13:11.0302770Z","ETW","Microsoft-Antimalware-Engine",112,"Behavior Monitoring BmNotificationHandleStop",16284,11040,"attack.exe",,,,,,,,,,,,,,,,[],,,,,,,,,,,,,,,,,,,,,,,,,,,,,,,,,,,,,,,,,,,,,,,,,,,,,,,,,,,,,,,,,,,,,,,,,,,,,,,,,16526,0,0,false,false,0,,,,,,,,,,,,,,,,,,,,,,,,,,,,,,,,,,
"2025-09-02 15:13:11.0302853Z","ETW","Microsoft-Antimalware-Engine",111,"Behavior Monitoring BmNotificationHandleStart",16284,11040,"attack.exe",,,,,,,,,,,,,,,,[],,,,,,,,,,,,,,,,,,,,,,,,,,,,,,,,,,,,,,,,,,,,,,,,,,,,,,,,,,,,,,,,,,,,,,,,,,,,,,,,,16404,3935463,0,,,,,,,,,,,,,,,,,,,,,,,,,,,,,,,,,,,,,
"2025-09-02 15:13:11.0303918Z","ETW","Microsoft-Antimalware-Engine",112,"Behavior Monitoring BmNotificationHandleStop",16284,11040,"attack.exe",,,,,,,,,,,,,,,,[],,,,,,,,,,,,,,,,,,,,,,,,,,,,,,,,,,,,,,,,,,,,,,,,,,,,,,,,,,,,,,,,,,,,,,,,,,,,,,,,,16404,3935463,0,false,true,0,,,,,,,,,,,,,,,,,,,,,,,,,,,,,,,,,,
"2025-09-02 15:13:11.0304686Z","ETW","Microsoft-Windows-Kernel-Process",6,"ImageUnloadInfo ",12248,12160,"explorer.exe",,,,"C:\Windows\System32\actxprxy.dll",,,,,,,,,,,,[{"addr":140736918203892,"idx":0},{"addr":140736917028534,"idx":1},{"addr":140736916779098,"idx":2},{"addr":140736916773567,"idx":3},{"addr":140736872000489,"idx":4},{"addr":140736909949854,"idx":5},{"addr":140736909944133,"idx":6},{"addr":140736909367016,"idx":7},{"addr":140736909232512,"idx":8},{"addr":140736909233542,"idx":9},{"addr":140736909233853,"idx":10},{"addr":140736909930487,"idx":11},{"addr":140696088247373,"idx":12},{"addr":140696088445621,"idx":13},{"addr":140736897083607,"idx":14},{"addr":140736916996940,"idx":15}],,,,,,,,,12248,,,,,,,,,,,,,,,,,,,,,,,,,,,,,,,,,,,,3931888514,140736369328128,140736369328128,556040,536576,,,,,,,,,,,,,,,,,,,,,,,,,,,,,,,,,,,,,,,,,,,,,,,,,,,,,,,,,,,,,,,,,,,,,,,
"2025-09-02 15:13:11.0306074Z","ETW","Microsoft-Windows-Kernel-Process",4,"ThreadStopStop ",12248,22240,"explorer.exe",,,,,,,,,,,,,,,,[],,,,,,,,184680,12248,18446639081546342400,18446639081546317824,140736910320112,0,15917056,22240,26279936,26222592,140736910320112,,,,,,,,,,,,,,,,,,,,,,,,,,,,,,,,,,,,,,,,,,,,,,,,,,,,,,,,,,,,,,,,,,,,,,,,,,,,,,,,,,,,,,,,,,,,,,,,,,,,,,
"2025-09-02 15:13:11.0306107Z","ETW","Microsoft-Windows-Kernel-Process",4,"ThreadStopStop ",12248,10136,"explorer.exe",,,,,,,,,,,,,,,,[],,,,,,,,1575860,12248,18446639081639264256,18446639081639239680,140736917348896,0,15908864,10136,25427968,25370624,140736917348896,,,,,,,,,,,,,,,,,,,,,,,,,,,,,,,,,,,,,,,,,,,,,,,,,,,,,,,,,,,,,,,,,,,,,,,,,,,,,,,,,,,,,,,,,,,,,,,,,,,,,,
"2025-09-02 15:13:11.0306158Z","ETW","Microsoft-Windows-Kernel-Process",4,"ThreadStopStop ",12248,6536,"explorer.exe",,,,,,,,,,,,,,,,[],,,,,,,,6352840,12248,18446639081551364096,18446639081551339520,140736917348896,0,15900672,6536,22609920,22552576,140736917348896,,,,,,,,,,,,,,,,,,,,,,,,,,,,,,,,,,,,,,,,,,,,,,,,,,,,,,,,,,,,,,,,,,,,,,,,,,,,,,,,,,,,,,,,,,,,,,,,,,,,,,
"2025-09-02 15:13:11.0306357Z","ETW","Microsoft-Windows-Kernel-Process",4,"ThreadStopStop ",12248,5828,"explorer.exe",,,,,,,,,,,,,,,,[],,,,,,,,6800480,12248,18446639081651503104,18446639081651478528,140736917348896,0,15892480,5828,21626880,21569536,140736917348896,,,,,,,,,,,,,,,,,,,,,,,,,,,,,,,,,,,,,,,,,,,,,,,,,,,,,,,,,,,,,,,,,,,,,,,,,,,,,,,,,,,,,,,,,,,,,,,,,,,,,,
"2025-09-02 15:13:11.0306425Z","ETW","Microsoft-Windows-Kernel-Process",4,"ThreadStopStop ",12248,10012,"explorer.exe",,,,,,,,,,,,,,,,[],,,,,,,,13526100,12248,18446639081549811712,18446639081549787136,140736917348896,0,15876096,10012,20578304,20520960,140736917348896,,,,,,,,,,,,,,,,,,,,,,,,,,,,,,,,,,,,,,,,,,,,,,,,,,,,,,,,,,,,,,,,,,,,,,,,,,,,,,,,,,,,,,,,,,,,,,,,,,,,,,
"2025-09-02 15:13:11.0306480Z","ETW","Microsoft-Windows-Kernel-Process",4,"ThreadStopStop ",12248,6708,"explorer.exe",,,,,,,,,,,,,,,,[],,,,,,,,16522020,12248,18446639081546514432,18446639081546489856,140736917348896,0,15884288,6708,21102592,21045248,140736917348896,,,,,,,,,,,,,,,,,,,,,,,,,,,,,,,,,,,,,,,,,,,,,,,,,,,,,,,,,,,,,,,,,,,,,,,,,,,,,,,,,,,,,,,,,,,,,,,,,,,,,,
"2025-09-02 15:13:11.0311965Z","ETW","Microsoft-Windows-Kernel-Process",5,"ImageLoadInfo ",16284,14140,"attack.exe",,,,"C:\Windows\System32\kernel32.dll",,,,,,,,,,,,[{"addr":140736918203828,"idx":0},{"addr":140736917192506,"idx":1},{"addr":140736917191278,"idx":2},{"addr":140736917190209,"idx":3},{"addr":140736916804181,"idx":4},{"addr":140736916785218,"idx":5},{"addr":140736916784352,"idx":6},{"addr":140736917101952,"idx":7},{"addr":140736917649076,"idx":8},{"addr":140736917165243,"idx":9},{"addr":140736917158036,"idx":10},{"addr":140736917157502,"idx":11},{"addr":140736916971470,"idx":12}],,,,,,,,,16284,,,,,,,,,,,,,,,,,,,,,,,,,,,,,,,,,,,,2842556120,140736896892928,140736896892928,880212,823296,,,,,,,,,,,,,,,,,,,,,,,,,,,,,,,,,,,,,,,,,,,,,,,,,,,,,,,,,,,,,,,,,,,,,,,
"2025-09-02 15:13:11.0313321Z","ETW","Microsoft-Windows-Kernel-Process",5,"ImageLoadInfo ",16284,14140,"attack.exe",,,,"C:\Windows\System32\KernelBase.dll",,,,,,,,,,,,[{"addr":140736918203828,"idx":0},{"addr":140736917192506,"idx":1},{"addr":140736917191278,"idx":2},{"addr":140736917190209,"idx":3},{"addr":140736916798526,"idx":4},{"addr":140736916790798,"idx":5},{"addr":140736917191656,"idx":6},{"addr":140736917190209,"idx":7},{"addr":140736916804181,"idx":8},{"addr":140736916785218,"idx":9},{"addr":140736916784352,"idx":10},{"addr":140736917101952,"idx":11},{"addr":140736917649076,"idx":12},{"addr":140736917165243,"idx":13},{"addr":140736917158036,"idx":14},{"addr":140736917157502,"idx":15},{"addr":140736916971470,"idx":16}],,,,,,,,,16284,,,,,,,,,,,,,,,,,,,,,,,,,,,,,,,,,,,,1916522255,140736871923712,140736871923712,4150506,4128768,,,,,,,,,,,,,,,,,,,,,,,,,,,,,,,,,,,,,,,,,,,,,,,,,,,,,,,,,,,,,,,,,,,,,,,
"2025-09-02 15:13:11.0313626Z","ETW","Microsoft-Antimalware-Engine",11,"Behavior Monitoring BmModuleLoad",16284,11040,"attack.exe",,,,"C:\Windows\System32\kernel32.dll",,,,,,,,,,,,[],,,,,,,,,,,,,,,,,,,,,,,,,,,,,,,,,,,,,,,,,,,,,,,,,,,,,,,,,,,,,,,,,,,,,,,,,,,,,,,,,,,,,,,,,,,,,,,,,,,,,,,,,,,,,,,,,,,,,,,,
"2025-09-02 15:13:11.0313944Z","ETW","Microsoft-Antimalware-Engine",111,"Behavior Monitoring BmNotificationHandleStart",16284,13020,"attack.exe",,,,,,,,,,,,,,,,[],,,,,,,,,,,,,,,,,,,,,,,,,,,,,,,,,,,,,,,,,,,,,,,,,,,,,,,,,,,,,,,,,,,,,,,,,,,,,,,,,16404,3935465,0,,,,,,,,,,,,,,,,,,,,,,,,,,,,,,,,,,,,,
"2025-09-02 15:13:11.0314321Z","ETW","Microsoft-Antimalware-Engine",112,"Behavior Monitoring BmNotificationHandleStop",16284,13020,"attack.exe",,,,,,,,,,,,,,,,[],,,,,,,,,,,,,,,,,,,,,,,,,,,,,,,,,,,,,,,,,,,,,,,,,,,,,,,,,,,,,,,,,,,,,,,,,,,,,,,,,16404,3935465,0,false,false,0,,,,,,,,,,,,,,,,,,,,,,,,,,,,,,,,,,
"2025-09-02 15:13:11.0314477Z","ETW","Microsoft-Antimalware-Engine",11,"Behavior Monitoring BmModuleLoad",16284,11040,"attack.exe",,,,"C:\Windows\System32\KernelBase.dll",,,,,,,,,,,,[],,,,,,,,,,,,,,,,,,,,,,,,,,,,,,,,,,,,,,,,,,,,,,,,,,,,,,,,,,,,,,,,,,,,,,,,,,,,,,,,,,,,,,,,,,,,,,,,,,,,,,,,,,,,,,,,,,,,,,,,
"2025-09-02 15:13:11.0314685Z","ETW","Microsoft-Antimalware-Engine",111,"Behavior Monitoring BmNotificationHandleStart",16284,11040,"attack.exe",,,,,,,,,,,,,,,,[],,,,,,,,,,,,,,,,,,,,,,,,,,,,,,,,,,,,,,,,,,,,,,,,,,,,,,,,,,,,,,,,,,,,,,,,,,,,,,,,,16404,3935466,0,,,,,,,,,,,,,,,,,,,,,,,,,,,,,,,,,,,,,
"2025-09-02 15:13:11.0315152Z","ETW","Microsoft-Antimalware-Engine",112,"Behavior Monitoring BmNotificationHandleStop",16284,11040,"attack.exe",,,,,,,,,,,,,,,,[],,,,,,,,,,,,,,,,,,,,,,,,,,,,,,,,,,,,,,,,,,,,,,,,,,,,,,,,,,,,,,,,,,,,,,,,,,,,,,,,,16404,3935466,0,false,false,0,,,,,,,,,,,,,,,,,,,,,,,,,,,,,,,,,,
"2025-09-02 15:13:11.0317913Z","ETW","Microsoft-Windows-Kernel-Process",4,"ThreadStopStop ",12248,12160,"explorer.exe",,,,,,,,,,,,,,,,[],,,,,,,,100804880,12248,18446639081550417920,18446639081550393344,140696088445744,0,15867904,12160,14680064,14622720,140696088445744,,,,,,,,,,,,,,,,,,,,,,,,,,,,,,,,,,,,,,,,,,,,,,,,,,,,,,,,,,,,,,,,,,,,,,,,,,,,,,,,,,,,,,,,,,,,,,,,,,,,,,
"2025-09-02 15:13:11.0321389Z","ETW","Microsoft-Windows-Kernel-Audit-API-Calls",5,"Info ",2072,18292,"svchost.exe",,,,,,,,,,,,,,,,[{"addr":140736918203764,"idx":0},{"addr":140736872731894,"idx":1},{"addr":140735812629632,"idx":2},{"addr":140735812629062,"idx":3},{"addr":140735812765161,"idx":4},{"addr":140736897083607,"idx":5},{"addr":140736916996940,"idx":6}],,,,,,,,,,,,,,,,,,,2097151,0,20964,,,,,,,,,,,,,,,,,,,,,,,,,,,,,,,,,,,,,,,,,,,,,,,,,,,,,,,,,,,,,,,,,,,,,,,,,,,,,,,,,,,,,,,,,,,,,,,,,,,
"2025-09-02 15:13:11.0321463Z","ETW","Microsoft-Windows-Kernel-Process",1,"ProcessStartStart ",16284,14140,"attack.exe",,,,"C:\Windows\System32\conhost.exe",,,,,,,,,,,,[{"addr":140736918202772,"idx":0},{"addr":140736872972369,"idx":1},{"addr":140736872971867,"idx":2},{"addr":140736872210700,"idx":3},{"addr":140736872221854,"idx":4},{"addr":140736873111901,"idx":5},{"addr":140736918195438,"idx":6},{"addr":140736917219838,"idx":7},{"addr":140736917215596,"idx":8},{"addr":140736916995194,"idx":9},{"addr":140736916995238,"idx":10},{"addr":140736916991491,"idx":11},{"addr":140736916785364,"idx":12},{"addr":140736916784352,"idx":13},{"addr":140736917101952,"idx":14},{"addr":140736917649076,"idx":15},{"addr":140736917165243,"idx":16},{"addr":140736917158036,"idx":17},{"addr":140736917157502,"idx":18},{"addr":140736916971470,"idx":19}],,,,,,,,,20964,,,,,,,,,,,,,,,,,,,,,,,134012995910320867,0,1067594,"0x","","",16284,31818,31819,3,0,0,1,4143398864,,,,,,,,,,,,,,,,,,,,,,,,,,,,,,,,,,,,,,,,,,,,,,,,,,,,,,,,,,,,,,,,,,,,,,,,,,,
"2025-09-02 15:13:11.0321561Z","ETW","Microsoft-Windows-Kernel-Process",6,"ImageUnloadInfo ",12248,12160,"explorer.exe",,,,"C:\Windows\explorer.exe",,,,,,,,,,,,[],,,,,,,,,12248,,,,,,,,,,,,,,,,,,,,,,,,,,,,,,,,,,,,3173288389,140696087691264,140696087691264,3042828,3026944,,,,,,,,,,,,,,,,,,,,,,,,,,,,,,,,,,,,,,,,,,,,,,,,,,,,,,,,,,,,,,,,,,,,,,,
"2025-09-02 15:13:11.0321679Z","ETW","Microsoft-Windows-Kernel-Process",6,"ImageUnloadInfo ",12248,12160,"explorer.exe",,,,"C:\Windows\System32\ninput.dll",,,,,,,,,,,,[],,,,,,,,,12248,,,,,,,,,,,,,,,,,,,,,,,,,,,,,,,,,,,,1475300263,140736433750016,140736433750016,601538,548864,,,,,,,,,,,,,,,,,,,,,,,,,,,,,,,,,,,,,,,,,,,,,,,,,,,,,,,,,,,,,,,,,,,,,,,
"2025-09-02 15:13:11.0321785Z","ETW","Microsoft-Windows-Kernel-Process",6,"ImageUnloadInfo ",12248,12160,"explorer.exe",,,,"C:\Windows\System32\mdmregistration.dll",,,,,,,,,,,,[],,,,,,,,,12248,,,,,,,,,,,,,,,,,,,,,,,,,,,,,,,,,,,,3684383189,140736503087104,140736503087104,601450,581632,,,,,,,,,,,,,,,,,,,,,,,,,,,,,,,,,,,,,,,,,,,,,,,,,,,,,,,,,,,,,,,,,,,,,,,
"2025-09-02 15:13:11.0321844Z","ETW","Microsoft-Windows-Kernel-Process",6,"ImageUnloadInfo ",12248,12160,"explorer.exe",,,,"C:\Windows\System32\aepic.dll",,,,,,,,,,,,[],,,,,,,,,12248,,,,,,,,,,,,,,,,,,,,,,,,,,,,,,,,,,,,4046637662,140736540704768,140736540704768,675180,643072,,,,,,,,,,,,,,,,,,,,,,,,,,,,,,,,,,,,,,,,,,,,,,,,,,,,,,,,,,,,,,,,,,,,,,,
"2025-09-02 15:13:11.0321915Z","ETW","Microsoft-Windows-Kernel-Process",6,"ImageUnloadInfo ",12248,12160,"explorer.exe",,,,"C:\Windows\System32\wininet.dll",,,,,,,,,,,,[],,,,,,,,,12248,,,,,,,,,,,,,,,,,,,,,,,,,,,,,,,,,,,,302585447,140736707100672,140736707100672,2716732,2658304,,,,,,,,,,,,,,,,,,,,,,,,,,,,,,,,,,,,,,,,,,,,,,,,,,,,,,,,,,,,,,,,,,,,,,,
"2025-09-02 15:13:11.0322001Z","ETW","Microsoft-Windows-Kernel-Process",6,"ImageUnloadInfo ",12248,12160,"explorer.exe",,,,"C:\Windows\System32\twinapi.appcore.dll",,,,,,,,,,,,[],,,,,,,,,12248,,,,,,,,,,,,,,,,,,,,,,,,,,,,,,,,,,,,2889134449,140736717651968,140736717651968,2408796,2326528,,,,,,,,,,,,,,,,,,,,,,,,,,,,,,,,,,,,,,,,,,,,,,,,,,,,,,,,,,,,,,,,,,,,,,,
"2025-09-02 15:13:11.0322071Z","ETW","Microsoft-Windows-Kernel-Process",6,"ImageUnloadInfo ",12248,12160,"explorer.exe",,,,"C:\Windows\System32\mscms.dll",,,,,,,,,,,,[],,,,,,,,,12248,,,,,,,,,,,,,,,,,,,,,,,,,,,,,,,,,,,,3904747775,140736729186304,140736729186304,893310,823296,,,,,,,,,,,,,,,,,,,,,,,,,,,,,,,,,,,,,,,,,,,,,,,,,,,,,,,,,,,,,,,,,,,,,,,
"2025-09-02 15:13:11.0322185Z","ETW","Microsoft-Windows-Kernel-Process",6,"ImageUnloadInfo ",12248,12160,"explorer.exe",,,,"C:\Windows\System32\propsys.dll",,,,,,,,,,,,[],,,,,,,,,12248,,,,,,,,,,,,,,,,,,,,,,,,,,,,,,,,,,,,3411663920,140736783384576,140736783384576,1157670,1101824,,,,,,,,,,,,,,,,,,,,,,,,,,,,,,,,,,,,,,,,,,,,,,,,,,,,,,,,,,,,,,,,,,,,,,,
"2025-09-02 15:13:11.0322269Z","ETW","Microsoft-Windows-Kernel-Process",6,"ImageUnloadInfo ",12248,12160,"explorer.exe",,,,"C:\Windows\System32\msvcp110_win.dll",,,,,,,,,,,,[],,,,,,,,,12248,,,,,,,,,,,,,,,,,,,,,,,,,,,,,,,,,,,,3464179610,140736793542656,140736793542656,602786,593920,,,,,,,,,,,,,,,,,,,,,,,,,,,,,,,,,,,,,,,,,,,,,,,,,,,,,,,,,,,,,,,,,,,,,,,
"2025-09-02 15:13:11.0322347Z","ETW","Microsoft-Windows-Kernel-Process",6,"ImageUnloadInfo ",12248,12160,"explorer.exe",,,,"C:\Windows\System32\CoreMessaging.dll",,,,,,,,,,,,[],,,,,,,,,12248,,,,,,,,,,,,,,,,,,,,,,,,,,,,,,,,,,,,3802617839,140736813531136,140736813531136,1276090,1200128,,,,,,,,,,,,,,,,,,,,,,,,,,,,,,,,,,,,,,,,,,,,,,,,,,,,,,,,,,,,,,,,,,,,,,,
"2025-09-02 15:13:11.0322416Z","ETW","Microsoft-Windows-Kernel-Process",6,"ImageUnloadInfo ",12248,12160,"explorer.exe",,,,"C:\Windows\System32\uxtheme.dll",,,,,,,,,,,,[],,,,,,,,,12248,,,,,,,,,,,,,,,,,,,,,,,,,,,,,,,,,,,,1095616687,140736820019200,140736820019200,769574,716800,,,,,,,,,,,,,,,,,,,,,,,,,,,,,,,,,,,,,,,,,,,,,,,,,,,,,,,,,,,,,,,,,,,,,,,
"2025-09-02 15:13:11.0322481Z","ETW","Microsoft-Windows-Kernel-Process",6,"ImageUnloadInfo ",12248,12160,"explorer.exe",,,,"C:\Windows\System32\DXCore.dll",,,,,,,,,,,,[],,,,,,,,,12248,,,,,,,,,,,,,,,,,,,,,,,,,,,,,,,,,,,,2132968074,140736821067776,140736821067776,351724,315392,,,,,,,,,,,,,,,,,,,,,,,,,,,,,,,,,,,,,,,,,,,,,,,,,,,,,,,,,,,,,,,,,,,,,,,
"2025-09-02 15:13:11.0322549Z","ETW","Microsoft-Windows-Kernel-Process",6,"ImageUnloadInfo ",12248,12160,"explorer.exe",,,,"C:\Windows\System32\dxgi.dll",,,,,,,,,,,,[],,,,,,,,,12248,,,,,,,,,,,,,,,,,,,,,,,,,,,,,,,,,,,,179780312,140736821395456,140736821395456,1361123,1302528,,,,,,,,,,,,,,,,,,,,,,,,,,,,,,,,,,,,,,,,,,,,,,,,,,,,,,,,,,,,,,,,,,,,,,,
"2025-09-02 15:13:11.0322563Z","ETW","Microsoft-Windows-Kernel-Audit-API-Calls",6,"Info ",1912,8,"MsMpEng.exe",,,,,,,,,,,,,,,,[{"addr":140736918212548,"idx":0},{"addr":140736872857142,"idx":1},{"addr":140736738243895,"idx":2},{"addr":140736738242452,"idx":3},{"addr":140736657687525,"idx":4},{"addr":140736657686325,"idx":5},{"addr":140736657683993,"idx":6},{"addr":140736658258217,"idx":7},{"addr":140736657749938,"idx":8},{"addr":140736657909615,"idx":9},{"addr":140736658079503,"idx":10},{"addr":140736897083607,"idx":11},{"addr":140736916996940,"idx":12}],,,,,,,,,,,,,,,,,,,2097151,0,1912,8,,,,,,,,,,,,,,,,,,,,,,,,,,,,,,,,,,,,,,,,,,,,,,,,,,,,,,,,,,,,,,,,,,,,,,,,,,,,,,,,,,,,,,,,,,,,,,,,,,
"2025-09-02 15:13:11.0322626Z","ETW","Microsoft-Windows-Kernel-Process",6,"ImageUnloadInfo ",12248,12160,"explorer.exe",,,,"C:\Windows\System32\dwmapi.dll",,,,,,,,,,,,[],,,,,,,,,12248,,,,,,,,,,,,,,,,,,,,,,,,,,,,,,,,,,,,960295296,140736822902784,140736822902784,264900,217088,,,,,,,,,,,,,,,,,,,,,,,,,,,,,,,,,,,,,,,,,,,,,,,,,,,,,,,,,,,,,,,,,,,,,,,
"2025-09-02 15:13:11.0322693Z","ETW","Microsoft-Windows-Kernel-Process",6,"ImageUnloadInfo ",12248,12160,"explorer.exe",,,,"C:\Windows\System32\wtsapi32.dll",,,,,,,,,,,,[],,,,,,,,,12248,,,,,,,,,,,,,,,,,,,,,,,,,,,,,,,,,,,,2751019176,140736825393152,140736825393152,119123,90112,,,,,,,,,,,,,,,,,,,,,,,,,,,,,,,,,,,,,,,,,,,,,,,,,,,,,,,,,,,,,,,,,,,,,,,
"2025-09-02 15:13:11.0322801Z","ETW","Microsoft-Windows-Kernel-Process",6,"ImageUnloadInfo ",12248,12160,"explorer.exe",,,,"C:\Windows\System32\rmclient.dll",,,,,,,,,,,,[],,,,,,,,,12248,,,,,,,,,,,,,,,,,,,,,,,,,,,,,,,,,,,,3900896147,140736825524224,140736825524224,254612,221184,,,,,,,,,,,,,,,,,,,,,,,,,,,,,,,,,,,,,,,,,,,,,,,,,,,,,,,,,,,,,,,,,,,,,,,
"2025-09-02 15:13:11.0322891Z","ETW","Microsoft-Windows-Kernel-Process",6,"ImageUnloadInfo ",12248,12160,"explorer.exe",,,,"C:\Windows\System32\windows.storage.dll",,,,,,,,,,,,[],,,,,,,,,12248,,,,,,,,,,,,,,,,,,,,,,,,,,,,,,,,,,,,156427775,140736830046208,140736830046208,8870321,8781824,,,,,,,,,,,,,,,,,,,,,,,,,,,,,,,,,,,,,,,,,,,,,,,,,,,,,,,,,,,,,,,,,,,,,,,
"2025-09-02 15:13:11.0322968Z","ETW","Microsoft-Windows-Kernel-Process",6,"ImageUnloadInfo ",12248,12160,"explorer.exe",,,,"C:\Windows\System32\kernel.appcore.dll",,,,,,,,,,,,[],,,,,,,,,12248,,,,,,,,,,,,,,,,,,,,,,,,,,,,,,,,,,,,4117383687,140736848265216,140736848265216,158572,110592,,,,,,,,,,,,,,,,,,,,,,,,,,,,,,,,,,,,,,,,,,,,,,,,,,,,,,,,,,,,,,,,,,,,,,,
"2025-09-02 15:13:11.0323034Z","ETW","Microsoft-Windows-Kernel-Process",6,"ImageUnloadInfo ",12248,12160,"explorer.exe",,,,"C:\Windows\System32\sspicli.dll",,,,,,,,,,,,[],,,,,,,,,12248,,,,,,,,,,,,,,,,,,,,,,,,,,,,,,,,,,,,100434550,140736851083264,140736851083264,322206,299008,,,,,,,,,,,,,,,,,,,,,,,,,,,,,,,,,,,,,,,,,,,,,,,,,,,,,,,,,,,,,,,,,,,,,,,
"2025-09-02 15:13:11.0323100Z","ETW","Microsoft-Windows-Kernel-Process",6,"ImageUnloadInfo ",12248,12160,"explorer.exe",,,,"C:\Windows\System32\userenv.dll",,,,,,,,,,,,[],,,,,,,,,12248,,,,,,,,,,,,,,,,,,,,,,,,,,,,,,,,,,,,4021294584,140736854753280,140736854753280,247163,176128,,,,,,,,,,,,,,,,,,,,,,,,,,,,,,,,,,,,,,,,,,,,,,,,,,,,,,,,,,,,,,,,,,,,,,,
"2025-09-02 15:13:11.0323169Z","ETW","Microsoft-Windows-Kernel-Process",6,"ImageUnloadInfo ",12248,12160,"explorer.exe",,,,"C:\Windows\System32\cfgmgr32.dll",,,,,,,,,,,,[],,,,,,,,,12248,,,,,,,,,,,,,,,,,,,,,,,,,,,,,,,,,,,,836129831,140736862748672,140736862748672,378754,356352,,,,,,,,,,,,,,,,,,,,,,,,,,,,,,,,,,,,,,,,,,,,,,,,,,,,,,,,,,,,,,,,,,,,,,,
"2025-09-02 15:13:11.0323236Z","ETW","Microsoft-Windows-Kernel-Process",6,"ImageUnloadInfo ",12248,12160,"explorer.exe",,,,"C:\Windows\System32\umpdc.dll",,,,,,,,,,,,[],,,,,,,,,12248,,,,,,,,,,,,,,,,,,,,,,,,,,,,,,,,,,,,212057710,140736865959936,140736865959936,140109,81920,,,,,,,,,,,,,,,,,,,,,,,,,,,,,,,,,,,,,,,,,,,,,,,,,,,,,,,,,,,,,,,,,,,,,,,
"2025-09-02 15:13:11.0323301Z","ETW","Microsoft-Windows-Kernel-Process",6,"ImageUnloadInfo ",12248,12160,"explorer.exe",,,,"C:\Windows\System32\powrprof.dll",,,,,,,,,,,,[],,,,,,,,,12248,,,,,,,,,,,,,,,,,,,,,,,,,,,,,,,,,,,,2858637235,140736866091008,140736866091008,457799,385024,,,,,,,,,,,,,,,,,,,,,,,,,,,,,,,,,,,,,,,,,,,,,,,,,,,,,,,,,,,,,,,,,,,,,,,
"2025-09-02 15:13:11.0323436Z","ETW","Microsoft-Windows-Kernel-Process",6,"ImageUnloadInfo ",12248,12160,"explorer.exe",,,,"C:\Windows\System32\bcryptprimitives.dll",,,,,,,,,,,,[],,,,,,,,,12248,,,,,,,,,,,,,,,,,,,,,,,,,,,,,,,,,,,,3318233078,140736867663872,140736867663872,705120,626688,,,,,,,,,,,,,,,,,,,,,,,,,,,,,,,,,,,,,,,,,,,,,,,,,,,,,,,,,,,,,,,,,,,,,,,
"2025-09-02 15:13:11.0323515Z","ETW","Microsoft-Windows-Kernel-Process",6,"ImageUnloadInfo ",12248,12160,"explorer.exe",,,,"C:\Windows\System32\msvcp_win.dll",,,,,,,,,,,,[],,,,,,,,,12248,,,,,,,,,,,,,,,,,,,,,,,,,,,,,,,,,,,,2240469762,140736868319232,140736868319232,703256,667648,,,,,,,,,,,,,,,,,,,,,,,,,,,,,,,,,,,,,,,,,,,,,,,,,,,,,,,,,,,,,,,,,,,,,,,
"2025-09-02 15:13:11.0323592Z","ETW","Microsoft-Windows-Kernel-Process",6,"ImageUnloadInfo ",12248,12160,"explorer.exe",,,,"C:\Windows\System32\gdi32full.dll",,,,,,,,,,,,[],,,,,,,,,12248,,,,,,,,,,,,,,,,,,,,,,,,,,,,,,,,,,,,4226913238,140736869040128,140736869040128,1298614,1277952,,,,,,,,,,,,,,,,,,,,,,,,,,,,,,,,,,,,,,,,,,,,,,,,,,,,,,,,,,,,,,,,,,,,,,,
"2025-09-02 15:13:11.0323659Z","ETW","Microsoft-Windows-Kernel-Process",6,"ImageUnloadInfo ",12248,12160,"explorer.exe",,,,"C:\Windows\System32\WinTypes.dll",,,,,,,,,,,,[],,,,,,,,,12248,,,,,,,,,,,,,,,,,,,,,,,,,,,,,,,,,,,,3655579039,140736870350848,140736870350848,1545528,1519616,,,,,,,,,,,,,,,,,,,,,,,,,,,,,,,,,,,,,,,,,,,,,,,,,,,,,,,,,,,,,,,,,,,,,,,
"2025-09-02 15:13:11.0323717Z","ETW","Microsoft-Windows-Kernel-Process",6,"ImageUnloadInfo ",12248,12160,"explorer.exe",,,,"C:\Windows\System32\KernelBase.dll",,,,,,,,,,,,[],,,,,,,,,12248,,,,,,,,,,,,,,,,,,,,,,,,,,,,,,,,,,,,1916522255,140736871923712,140736871923712,4150506,4128768,,,,,,,,,,,,,,,,,,,,,,,,,,,,,,,,,,,,,,,,,,,,,,,,,,,,,,,,,,,,,,,,,,,,,,,
"2025-09-02 15:13:11.0323783Z","ETW","Microsoft-Windows-Kernel-Process",6,"ImageUnloadInfo ",12248,12160,"explorer.exe",,,,"C:\Windows\System32\win32u.dll",,,,,,,,,,,,[],,,,,,,,,12248,,,,,,,,,,,,,,,,,,,,,,,,,,,,,,,,,,,,4080079730,140736876118016,140736876118016,179667,159744,,,,,,,,,,,,,,,,,,,,,,,,,,,,,,,,,,,,,,,,,,,,,,,,,,,,,,,,,,,,,,,,,,,,,,,
"2025-09-02 15:13:11.0323841Z","ETW","Microsoft-Windows-Kernel-Process",6,"ImageUnloadInfo ",12248,12160,"explorer.exe",,,,"C:\Windows\System32\ucrtbase.dll",,,,,,,,,,,,[],,,,,,,,,12248,,,,,,,,,,,,,,,,,,,,,,,,,,,,,,,,,,,,3686092271,140736876314624,140736876314624,1418583,1355776,,,,,,,,,,,,,,,,,,,,,,,,,,,,,,,,,,,,,,,,,,,,,,,,,,,,,,,,,,,,,,,,,,,,,,,
"2025-09-02 15:13:11.0323895Z","ETW","Microsoft-Windows-Kernel-Process",6,"ImageUnloadInfo ",12248,12160,"explorer.exe",,,,"C:\Windows\System32\sechost.dll",,,,,,,,,,,,[],,,,,,,,,12248,,,,,,,,,,,,,,,,,,,,,,,,,,,,,,,,,,,,918957807,140736881033216,140736881033216,733904,679936,,,,,,,,,,,,,,,,,,,,,,,,,,,,,,,,,,,,,,,,,,,,,,,,,,,,,,,,,,,,,,,,,,,,,,,
"2025-09-02 15:13:11.0323988Z","ETW","Microsoft-Windows-Kernel-Process",6,"ImageUnloadInfo ",12248,12160,"explorer.exe",,,,"C:\Windows\System32\rpcrt4.dll",,,,,,,,,,,,[],,,,,,,,,12248,,,,,,,,,,,,,,,,,,,,,,,,,,,,,,,,,,,,755903142,140736881754112,140736881754112,1201440,1146880,,,,,,,,,,,,,,,,,,,,,,,,,,,,,,,,,,,,,,,,,,,,,,,,,,,,,,,,,,,,,,,,,,,,,,,
"2025-09-02 15:13:11.0324073Z","ETW","Microsoft-Windows-Kernel-Process",6,"ImageUnloadInfo ",12248,12160,"explorer.exe",,,,"C:\Windows\System32\shell32.dll",,,,,,,,,,,,[],,,,,,,,,12248,,,,,,,,,,,,,,,,,,,,,,,,,,,,,,,,,,,,951285368,140736882933760,140736882933760,7762708,7655424,,,,,,,,,,,,,,,,,,,,,,,,,,,,,,,,,,,,,,,,,,,,,,,,,,,,,,,,,,,,,,,,,,,,,,,
"2025-09-02 15:13:11.0324147Z","ETW","Microsoft-Windows-Kernel-Process",6,"ImageUnloadInfo ",12248,12160,"explorer.exe",,,,"C:\Windows\System32\shlwapi.dll",,,,,,,,,,,,[],,,,,,,,,12248,,,,,,,,,,,,,,,,,,,,,,,,,,,,,,,,,,,,17834217,140736890601472,140736890601472,465141,434176,,,,,,,,,,,,,,,,,,,,,,,,,,,,,,,,,,,,,,,,,,,,,,,,,,,,,,,,,,,,,,,,,,,,,,,
"2025-09-02 15:13:11.0324212Z","ETW","Microsoft-Windows-Kernel-Process",6,"ImageUnloadInfo ",12248,12160,"explorer.exe",,,,"C:\Windows\System32\clbcatq.dll",,,,,,,,,,,,[],,,,,,,,,12248,,,,,,,,,,,,,,,,,,,,,,,,,,,,,,,,,,,,1600192633,140736892108800,140736892108800,700133,688128,,,,,,,,,,,,,,,,,,,,,,,,,,,,,,,,,,,,,,,,,,,,,,,,,,,,,,,,,,,,,,,,,,,,,,,
"2025-09-02 15:13:11.0324276Z","ETW","Microsoft-Windows-Kernel-Process",6,"ImageUnloadInfo ",12248,12160,"explorer.exe",,,,"C:\Windows\System32\oleaut32.dll",,,,,,,,,,,,[],,,,,,,,,12248,,,,,,,,,,,,,,,,,,,,,,,,,,,,,,,,,,,,2785821912,140736894861312,140736894861312,927709,917504,,,,,,,,,,,,,,,,,,,,,,,,,,,,,,,,,,,,,,,,,,,,,,,,,,,,,,,,,,,,,,,,,,,,,,,
"2025-09-02 15:13:11.0324334Z","ETW","Microsoft-Windows-Kernel-Process",6,"ImageUnloadInfo ",12248,12160,"explorer.exe",,,,"C:\Windows\System32\advapi32.dll",,,,,,,,,,,,[],,,,,,,,,12248,,,,,,,,,,,,,,,,,,,,,,,,,,,,,,,,,,,,2886261828,140736895844352,140736895844352,804270,737280,,,,,,,,,,,,,,,,,,,,,,,,,,,,,,,,,,,,,,,,,,,,,,,,,,,,,,,,,,,,,,,,,,,,,,,
"2025-09-02 15:13:11.0324404Z","ETW","Microsoft-Windows-Kernel-Process",6,"ImageUnloadInfo ",12248,12160,"explorer.exe",,,,"C:\Windows\System32\imm32.dll",,,,,,,,,,,,[],,,,,,,,,12248,,,,,,,,,,,,,,,,,,,,,,,,,,,,,,,,,,,,2763417762,140736896630784,140736896630784,237947,192512,,,,,,,,,,,,,,,,,,,,,,,,,,,,,,,,,,,,,,,,,,,,,,,,,,,,,,,,,,,,,,,,,,,,,,,
"2025-09-02 15:13:11.0324465Z","ETW","Microsoft-Windows-Kernel-Process",6,"ImageUnloadInfo ",12248,12160,"explorer.exe",,,,"C:\Windows\System32\kernel32.dll",,,,,,,,,,,,[],,,,,,,,,12248,,,,,,,,,,,,,,,,,,,,,,,,,,,,,,,,,,,,2842556120,140736896892928,140736896892928,880212,823296,,,,,,,,,,,,,,,,,,,,,,,,,,,,,,,,,,,,,,,,,,,,,,,,,,,,,,,,,,,,,,,,,,,,,,,
"2025-09-02 15:13:11.0324527Z","ETW","Microsoft-Windows-Kernel-Process",6,"ImageUnloadInfo ",12248,12160,"explorer.exe",,,,"C:\Windows\System32\ole32.dll",,,,,,,,,,,,[],,,,,,,,,12248,,,,,,,,,,,,,,,,,,,,,,,,,,,,,,,,,,,,916019586,140736897744896,140736897744896,1774113,1703936,,,,,,,,,,,,,,,,,,,,,,,,,,,,,,,,,,,,,,,,,,,,,,,,,,,,,,,,,,,,,,,,,,,,,,,
"2025-09-02 15:13:11.0324644Z","ETW","Microsoft-Windows-Kernel-Process",6,"ImageUnloadInfo ",12248,12160,"explorer.exe",,,,"C:\Windows\System32\gdi32.dll",,,,,,,,,,,,[],,,,,,,,,12248,,,,,,,,,,,,,,,,,,,,,,,,,,,,,,,,,,,,226377214,140736902135808,140736902135808,213118,176128,,,,,,,,,,,,,,,,,,,,,,,,,,,,,,,,,,,,,,,,,,,,,,,,,,,,,,,,,,,,,,,,,,,,,,,
"2025-09-02 15:13:11.0324710Z","ETW","Microsoft-Windows-Kernel-Process",6,"ImageUnloadInfo ",12248,12160,"explorer.exe",,,,"C:\Windows\System32\SHCore.dll",,,,,,,,,,,,[],,,,,,,,,12248,,,,,,,,,,,,,,,,,,,,,,,,,,,,,,,,,,,,742317482,140736902660096,140736902660096,1049363,1003520,,,,,,,,,,,,,,,,,,,,,,,,,,,,,,,,,,,,,,,,,,,,,,,,,,,,,,,,,,,,,,,,,,,,,,,
"2025-09-02 15:13:11.0324772Z","ETW","Microsoft-Windows-Kernel-Process",6,"ImageUnloadInfo ",12248,12160,"explorer.exe",,,,"C:\Windows\System32\combase.dll",,,,,,,,,,,,[],,,,,,,,,12248,,,,,,,,,,,,,,,,,,,,,,,,,,,,,,,,,,,,670765882,140736909082624,140736909082624,3776119,3690496,,,,,,,,,,,,,,,,,,,,,,,,,,,,,,,,,,,,,,,,,,,,,,,,,,,,,,,,,,,,,,,,,,,,,,,
"2025-09-02 15:13:11.0324829Z","ETW","Microsoft-Windows-Kernel-Process",6,"ImageUnloadInfo ",12248,12160,"explorer.exe",,,,"C:\Windows\System32\msvcrt.dll",,,,,,,,,,,,[],,,,,,,,,12248,,,,,,,,,,,,,,,,,,,,,,,,,,,,,,,,,,,,2634004398,140736913342464,140736913342464,729924,692224,,,,,,,,,,,,,,,,,,,,,,,,,,,,,,,,,,,,,,,,,,,,,,,,,,,,,,,,,,,,,,,,,,,,,,,
"2025-09-02 15:13:11.0324889Z","ETW","Microsoft-Windows-Kernel-Process",6,"ImageUnloadInfo ",12248,12160,"explorer.exe",,,,"C:\Windows\System32\user32.dll",,,,,,,,,,,,[],,,,,,,,,12248,,,,,,,,,,,,,,,,,,,,,,,,,,,,,,,,,,,,3594986103,140736914063360,140736914063360,1919723,1855488,,,,,,,,,,,,,,,,,,,,,,,,,,,,,,,,,,,,,,,,,,,,,,,,,,,,,,,,,,,,,,,,,,,,,,,
"2025-09-02 15:13:11.0324941Z","ETW","Microsoft-Windows-Kernel-Process",6,"ImageUnloadInfo ",12248,12160,"explorer.exe",,,,"C:\Windows\System32\ntdll.dll",,,,,,,,,,,,[],,,,,,,,,12248,,,,,,,,,,,,,,,,,,,,,,,,,,,,,,,,,,,,2512787800,140736916750336,140736916750336,2531053,2519040,,,,,,,,,,,,,,,,,,,,,,,,,,,,,,,,,,,,,,,,,,,,,,,,,,,,,,,,,,,,,,,,,,,,,,,
"2025-09-02 15:13:11.0325082Z","ETW","Microsoft-Windows-Kernel-Process",2,"ProcessStopStop ",12248,12160,"explorer.exe",,,,"explorer.exe",,,,,,,,,,,,[],,,,,,,,,12248,,,,,,,,,,,,,,,,,,,,,,,134012995907609986,,,,,,,,31816,,,,,,,,,,,,,,,,,,,,,,,,,,,,,,,,,,,,,,,,,,,,,,,150202600,2875392,2990080,1,134012995910320872,91,0,4,28,2,0,0,,,,,,,,,,,,,,,,,,,,,,
"2025-09-02 15:13:11.0325533Z","ETW","Microsoft-Windows-Kernel-Audit-API-Calls",5,"Info ",12248,12160,"explorer.exe",,,,,,,,,,,,,,,,[],,,,,,,,,,,,,,,,,,,1024,0,12248,,,,,,,,,,,,,,,,,,,,,,,,,,,,,,,,,,,,,,,,,,,,,,,,,,,,,,,,,,,,,,,,,,,,,,,,,,,,,,,,,,,,,,,,,,,,,,,,,,,
"2025-09-02 15:13:11.0325693Z","ETW","Microsoft-Windows-Kernel-Audit-API-Calls",5,"Info ",12248,12160,"explorer.exe",,,,,,,,,,,,,,,,[],,,,,,,,,,,,,,,,,,,1024,0,12248,,,,,,,,,,,,,,,,,,,,,,,,,,,,,,,,,,,,,,,,,,,,,,,,,,,,,,,,,,,,,,,,,,,,,,,,,,,,,,,,,,,,,,,,,,,,,,,,,,,
"2025-09-02 15:13:11.0325963Z","ETW","Microsoft-Windows-Kernel-Audit-API-Calls",5,"Info ",1912,11040,"MsMpEng.exe",,,,,,,,,,,,,,,,[{"addr":140736918203764,"idx":0},{"addr":140736872731894,"idx":1},{"addr":140733810479103,"idx":2},{"addr":140733810478599,"idx":3},{"addr":140733811467421,"idx":4},{"addr":140733811466488,"idx":5},{"addr":140733810455581,"idx":6},{"addr":140733810413765,"idx":7},{"addr":140733810417057,"idx":8},{"addr":140733810415802,"idx":9},{"addr":140733810413462,"idx":10},{"addr":140733810411633,"idx":11},{"addr":140733810411092,"idx":12},{"addr":140733815162932,"idx":13},{"addr":140733815162655,"idx":14},{"addr":140736917255712,"idx":15},{"addr":140736917350945,"idx":16},{"addr":140736897083607,"idx":17},{"addr":140736916996940,"idx":18}],,,,,,,,,,,,,,,,,,,5136,0,12248,,,,,,,,,,,,,,,,,,,,,,,,,,,,,,,,,,,,,,,,,,,,,,,,,,,,,,,,,,,,,,,,,,,,,,,,,,,,,,,,,,,,,,,,,,,,,,,,,,,
"2025-09-02 15:13:11.0330334Z","ETW","Microsoft-Windows-Kernel-Audit-API-Calls",5,"Info ",1912,8,"MsMpEng.exe",,,,,,,,,,,,,,,,[{"addr":140736918203764,"idx":0},{"addr":140736872731894,"idx":1},{"addr":140733815122067,"idx":2},{"addr":140733813533757,"idx":3},{"addr":140733820783122,"idx":4},{"addr":140733811457761,"idx":5},{"addr":140733811450648,"idx":6},{"addr":140733811449218,"idx":7},{"addr":140733811441856,"idx":8},{"addr":140733811790261,"idx":9},{"addr":140733811785301,"idx":10},{"addr":140736738242841,"idx":11},{"addr":140736657687525,"idx":12},{"addr":140736657686325,"idx":13},{"addr":140736657683993,"idx":14},{"addr":140736658258217,"idx":15},{"addr":140736657749938,"idx":16},{"addr":140736657909615,"idx":17},{"addr":140736658079503,"idx":18},{"addr":140736897083607,"idx":19},{"addr":140736916996940,"idx":20}],,,,,,,,,,,,,,,,,,,1536,0,20964,,,,,,,,,,,,,,,,,,,,,,,,,,,,,,,,,,,,,,,,,,,,,,,,,,,,,,,,,,,,,,,,,,,,,,,,,,,,,,,,,,,,,,,,,,,,,,,,,,,
"2025-09-02 15:13:11.0331841Z","ETW","Microsoft-Windows-Kernel-Audit-API-Calls",5,"Info ",16284,14140,"attack.exe",,,,,,,,,,,,,,,,[{"addr":140736918202772,"idx":0},{"addr":140736872972369,"idx":1},{"addr":140736872971867,"idx":2},{"addr":140736872210700,"idx":3},{"addr":140736872221854,"idx":4},{"addr":140736873111901,"idx":5},{"addr":140736918195438,"idx":6},{"addr":140736917219838,"idx":7},{"addr":140736917215596,"idx":8},{"addr":140736916995194,"idx":9},{"addr":140736916995238,"idx":10},{"addr":140736916991491,"idx":11},{"addr":140736916785364,"idx":12},{"addr":140736916784352,"idx":13},{"addr":140736917101952,"idx":14},{"addr":140736917649076,"idx":15},{"addr":140736917165243,"idx":16},{"addr":140736917158036,"idx":17},{"addr":140736917157502,"idx":18},{"addr":140736916971470,"idx":19}],,,,,,,,,,,,,,,,,,,1024,0,20964,,,,,,,,,,,,,,,,,,,,,,,,,,,,,,,,,,,,,,,,,,,,,,,,,,,,,,,,,,,,,,,,,,,,,,,,,,,,,,,,,,,,,,,,,,,,,,,,,,,
"2025-09-02 15:13:11.0332081Z","ETW","Microsoft-Windows-Kernel-Audit-API-Calls",5,"Info ",1912,11040,"MsMpEng.exe",,,,,,,,,,,,,,,,[{"addr":140736918203764,"idx":0},{"addr":140736872731894,"idx":1},{"addr":140733810479103,"idx":2},{"addr":140733810478599,"idx":3},{"addr":140733810481824,"idx":4},{"addr":140733811992461,"idx":5},{"addr":140733811987347,"idx":6},{"addr":140733811996001,"idx":7},{"addr":140733811994278,"idx":8},{"addr":140733810447018,"idx":9},{"addr":140733810434825,"idx":10},{"addr":140733810436081,"idx":11},{"addr":140733810435993,"idx":12},{"addr":140733812865289,"idx":13},{"addr":140733811799252,"idx":14},{"addr":140733811789863,"idx":15},{"addr":140733811785301,"idx":16},{"addr":140736738242841,"idx":17},{"addr":140736657613597,"idx":18},{"addr":140736657838177,"idx":19},{"addr":140736749360292,"idx":20},{"addr":140736749360015,"idx":21},{"addr":140736917255712,"idx":22},{"addr":140736917350945,"idx":23},{"addr":140736897083607,"idx":24},{"addr":140736916996940,"idx":25}],,,,,,,,,,,,,,,,,,,4096,0,20964,,,,,,,,,,,,,,,,,,,,,,,,,,,,,,,,,,,,,,,,,,,,,,,,,,,,,,,,,,,,,,,,,,,,,,,,,,,,,,,,,,,,,,,,,,,,,,,,,,,
"2025-09-02 15:13:11.0333278Z","ETW","Microsoft-Antimalware-Engine",111,"Behavior Monitoring BmNotificationHandleStart",16284,11040,"attack.exe",,,,,,,,,,,,,,,,[],,,,,,,,,,,,,,,,,,,,,,,,,,,,,,,,,,,,,,,,,,,,,,,,,,,,,,,,,,,,,,,,,,,,,,,,,,,,,,,,,16400,3935467,0,,,,,,,,,,,,,,,,,,,,,,,,,,,,,,,,,,,,,
"2025-09-02 15:13:11.0333336Z","ETW","Microsoft-Windows-Kernel-Audit-API-Calls",5,"Info ",16284,14140,"attack.exe",,,,,,,,,,,,,,,,[{"addr":140736918202772,"idx":0},{"addr":140736872972369,"idx":1},{"addr":140736872971867,"idx":2},{"addr":140736872210700,"idx":3},{"addr":140736872221854,"idx":4},{"addr":140736873111901,"idx":5},{"addr":140736918195438,"idx":6},{"addr":140736917219838,"idx":7},{"addr":140736917215596,"idx":8},{"addr":140736916995194,"idx":9},{"addr":140736916995238,"idx":10},{"addr":140736916991491,"idx":11},{"addr":140736916785364,"idx":12},{"addr":140736916784352,"idx":13},{"addr":140736917101952,"idx":14},{"addr":140736917649076,"idx":15},{"addr":140736917165243,"idx":16},{"addr":140736917158036,"idx":17},{"addr":140736917157502,"idx":18},{"addr":140736916971470,"idx":19}],,,,,,,,,,,,,,,,,,,1024,0,16284,,,,,,,,,,,,,,,,,,,,,,,,,,,,,,,,,,,,,,,,,,,,,,,,,,,,,,,,,,,,,,,,,,,,,,,,,,,,,,,,,,,,,,,,,,,,,,,,,,,
"2025-09-02 15:13:11.0333455Z","ETW","Microsoft-Windows-Kernel-Audit-API-Calls",6,"Info ",1912,8,"MsMpEng.exe",,,,,,,,,,,,,,,,[{"addr":140736918212548,"idx":0},{"addr":140736872857142,"idx":1},{"addr":140736738243895,"idx":2},{"addr":140736738242452,"idx":3},{"addr":140736657604428,"idx":4},{"addr":140736657598535,"idx":5},{"addr":140736657597146,"idx":6},{"addr":140736658259206,"idx":7},{"addr":140736657749938,"idx":8},{"addr":140736657909615,"idx":9},{"addr":140736658079503,"idx":10},{"addr":140736897083607,"idx":11},{"addr":140736916996940,"idx":12}],,,,,,,,,,,,,,,,,,,2097151,0,1912,8,,,,,,,,,,,,,,,,,,,,,,,,,,,,,,,,,,,,,,,,,,,,,,,,,,,,,,,,,,,,,,,,,,,,,,,,,,,,,,,,,,,,,,,,,,,,,,,,,,
"2025-09-02 15:13:11.0335169Z","ETW","Microsoft-Windows-Kernel-Process",3,"ThreadStartStart ",16284,14140,"attack.exe",,,,,,,,,,,,,,,,[{"addr":140736918202772,"idx":0},{"addr":140736872972369,"idx":1},{"addr":140736872971867,"idx":2},{"addr":140736872210700,"idx":3},{"addr":140736872221854,"idx":4},{"addr":140736873111901,"idx":5},{"addr":140736918195438,"idx":6},{"addr":140736917219838,"idx":7},{"addr":140736917215596,"idx":8},{"addr":140736916995194,"idx":9},{"addr":140736916995238,"idx":10},{"addr":140736916991491,"idx":11},{"addr":140736916785364,"idx":12},{"addr":140736916784352,"idx":13},{"addr":140736917101952,"idx":14},{"addr":140736917649076,"idx":15},{"addr":140736917165243,"idx":16},{"addr":140736917158036,"idx":17},{"addr":140736917157502,"idx":18},{"addr":140736916971470,"idx":19}],,,,,,,,,20964,18446639081546514432,18446639081546489856,140699016680496,0,12003430400,12824,12000755712,12000747520,140699016680496,,,,,,,,,,,,,,,,,,,,,,,,,,,,,,,,,,,,,,,,,,,,,,,,,,,,,,,,,,,,,,,,,,,,,,,,,,,,,,,,,,,,,,,,,,,,,,,,,,,,,,
"2025-09-02 15:13:11.0335902Z","ETW","Microsoft-Windows-Kernel-Process",5,"ImageLoadInfo ",20964,12824,"conhost.exe",,,,"C:\Windows\System32\conhost.exe",,,,,,,,,,,,[{"addr":140736916996896,"idx":0}],,,,,,,,,20964,,,,,,,,,,,,,,,,,,,,,,,,,,,,,,,,,,,,4143398864,140699016364032,140699016364032,1067594,1048576,,,,,,,,,,,,,,,,,,,,,,,,,,,,,,,,,,,,,,,,,,,,,,,,,,,,,,,,,,,,,,,,,,,,,,,
"2025-09-02 15:13:11.0336214Z","ETW","Microsoft-Windows-Kernel-Process",5,"ImageLoadInfo ",20964,12824,"conhost.exe",,,,"C:\Windows\System32\ntdll.dll",,,,,,,,,,,,[{"addr":140736916996896,"idx":0}],,,,,,,,,20964,,,,,,,,,,,,,,,,,,,,,,,,,,,,,,,,,,,,2512787800,140736916750336,140736916750336,2531053,2519040,,,,,,,,,,,,,,,,,,,,,,,,,,,,,,,,,,,,,,,,,,,,,,,,,,,,,,,,,,,,,,,,,,,,,,,
"2025-09-02 15:13:11.0342225Z","ETW","Microsoft-Antimalware-Engine",112,"Behavior Monitoring BmNotificationHandleStop",16284,11040,"attack.exe",,,,,,,,,,,,,,,,[],,,,,,,,,,,,,,,,,,,,,,,,,,,,,,,,,,,,,,,,,,,,,,,,,,,,,,,,,,,,,,,,,,,,,,,,,,,,,,,,,16400,3935467,0,false,true,0,,,,,,,,,,,,,,,,,,,,,,,,,,,,,,,,,,
"2025-09-02 15:13:11.0342377Z","ETW","Microsoft-Windows-Kernel-Audit-API-Calls",5,"Info ",1912,11040,"MsMpEng.exe",,,,,,,,,,,,,,,,[{"addr":140736918203764,"idx":0},{"addr":140736872731894,"idx":1},{"addr":140733810479103,"idx":2},{"addr":140733810478599,"idx":3},{"addr":140733811467421,"idx":4},{"addr":140733811466488,"idx":5},{"addr":140733810456992,"idx":6},{"addr":140733810413765,"idx":7},{"addr":140733810417057,"idx":8},{"addr":140733810415802,"idx":9},{"addr":140733810413462,"idx":10},{"addr":140733810411633,"idx":11},{"addr":140733810411092,"idx":12},{"addr":140733815162932,"idx":13},{"addr":140733815162655,"idx":14},{"addr":140736917255712,"idx":15},{"addr":140736917350945,"idx":16},{"addr":140736897083607,"idx":17},{"addr":140736916996940,"idx":18}],,,,,,,,,,,,,,,,,,,5136,0,16284,,,,,,,,,,,,,,,,,,,,,,,,,,,,,,,,,,,,,,,,,,,,,,,,,,,,,,,,,,,,,,,,,,,,,,,,,,,,,,,,,,,,,,,,,,,,,,,,,,,
"2025-09-02 15:13:11.0342424Z","ETW","Microsoft-Windows-Kernel-Process",5,"ImageLoadInfo ",20964,12824,"conhost.exe",,,,"C:\Windows\System32\kernel32.dll",,,,,,,,,,,,[{"addr":140736918203828,"idx":0},{"addr":140736917192506,"idx":1},{"addr":140736917191278,"idx":2},{"addr":140736917190209,"idx":3},{"addr":140736916804181,"idx":4},{"addr":140736916785218,"idx":5},{"addr":140736916784352,"idx":6},{"addr":140736917101952,"idx":7},{"addr":140736917649076,"idx":8},{"addr":140736917165243,"idx":9},{"addr":140736917158036,"idx":10},{"addr":140736917157502,"idx":11},{"addr":140736916971470,"idx":12}],,,,,,,,,20964,,,,,,,,,,,,,,,,,,,,,,,,,,,,,,,,,,,,2842556120,140736896892928,140736896892928,880212,823296,,,,,,,,,,,,,,,,,,,,,,,,,,,,,,,,,,,,,,,,,,,,,,,,,,,,,,,,,,,,,,,,,,,,,,,
"2025-09-02 15:13:11.0343730Z","ETW","Microsoft-Windows-Kernel-Process",5,"ImageLoadInfo ",20964,12824,"conhost.exe",,,,"C:\Windows\System32\KernelBase.dll",,,,,,,,,,,,[{"addr":140736918203828,"idx":0},{"addr":140736917192506,"idx":1},{"addr":140736917191278,"idx":2},{"addr":140736917190209,"idx":3},{"addr":140736916798526,"idx":4},{"addr":140736916790798,"idx":5},{"addr":140736917191656,"idx":6},{"addr":140736917190209,"idx":7},{"addr":140736916804181,"idx":8},{"addr":140736916785218,"idx":9},{"addr":140736916784352,"idx":10},{"addr":140736917101952,"idx":11},{"addr":140736917649076,"idx":12},{"addr":140736917165243,"idx":13},{"addr":140736917158036,"idx":14},{"addr":140736917157502,"idx":15},{"addr":140736916971470,"idx":16}],,,,,,,,,20964,,,,,,,,,,,,,,,,,,,,,,,,,,,,,,,,,,,,1916522255,140736871923712,140736871923712,4150506,4128768,,,,,,,,,,,,,,,,,,,,,,,,,,,,,,,,,,,,,,,,,,,,,,,,,,,,,,,,,,,,,,,,,,,,,,,
"2025-09-02 15:13:11.0347603Z","ETW","Microsoft-Windows-Kernel-Audit-API-Calls",5,"Info ",760,15356,"csrss.exe",,,,,,,,,,,,,,,,[{"addr":140736918206916,"idx":0},{"addr":140736867541693,"idx":1},{"addr":140736867538681,"idx":2},{"addr":140736867571143,"idx":3},{"addr":140736916996962,"idx":4}],,,,,,,,,,,,,,,,,,,33554432,0,20964,,,,,,,,,,,,,,,,,,,,,,,,,,,,,,,,,,,,,,,,,,,,,,,,,,,,,,,,,,,,,,,,,,,,,,,,,,,,,,,,,,,,,,,,,,,,,,,,,,,
"2025-09-02 15:13:11.0347671Z","ETW","Microsoft-Windows-Kernel-Audit-API-Calls",6,"Info ",760,15356,"csrss.exe",,,,,,,,,,,,,,,,[{"addr":140736918206948,"idx":0},{"addr":140736867541965,"idx":1},{"addr":140736867538681,"idx":2},{"addr":140736867571143,"idx":3},{"addr":140736916996962,"idx":4}],,,,,,,,,,,,,,,,,,,33554432,0,20964,12824,,,,,,,,,,,,,,,,,,,,,,,,,,,,,,,,,,,,,,,,,,,,,,,,,,,,,,,,,,,,,,,,,,,,,,,,,,,,,,,,,,,,,,,,,,,,,,,,,,
"2025-09-02 15:13:11.0347776Z","ETW","Microsoft-Windows-Kernel-Audit-API-Calls",5,"Info ",1912,3012,"MsMpEng.exe",,,,,,,,,,,,,,,,[{"addr":140736918203764,"idx":0},{"addr":140736872731894,"idx":1},{"addr":140733810479103,"idx":2},{"addr":140733810478599,"idx":3},{"addr":140733811467421,"idx":4},{"addr":140733811466488,"idx":5},{"addr":140733810456419,"idx":6},{"addr":140733810413765,"idx":7},{"addr":140733810417057,"idx":8},{"addr":140733810415802,"idx":9},{"addr":140733810413462,"idx":10},{"addr":140733809657173,"idx":11},{"addr":140733810411971,"idx":12},{"addr":140733810411092,"idx":13},{"addr":140733815162932,"idx":14},{"addr":140733815162655,"idx":15},{"addr":140736917255712,"idx":16},{"addr":140736917350945,"idx":17},{"addr":140736897083607,"idx":18},{"addr":140736916996940,"idx":19}],,,,,,,,,,,,,,,,,,,5136,0,20964,,,,,,,,,,,,,,,,,,,,,,,,,,,,,,,,,,,,,,,,,,,,,,,,,,,,,,,,,,,,,,,,,,,,,,,,,,,,,,,,,,,,,,,,,,,,,,,,,,,
"2025-09-02 15:13:11.0353698Z","ETW","Microsoft-Antimalware-Engine",111,"Behavior Monitoring BmNotificationHandleStart",16284,11040,"attack.exe",,,,,,,,,,,,,,,,[],,,,,,,,,,,,,,,,,,,,,,,,,,,,,,,,,,,,,,,,,,,,,,,,,,,,,,,,,,,,,,,,,,,,,,,,,,,,,,,,,16526,0,1,,,,,,,,,,,,,,,,,,,,,,,,,,,,,,,,,,,,,
"2025-09-02 15:13:11.0353830Z","ETW","Microsoft-Antimalware-Engine",112,"Behavior Monitoring BmNotificationHandleStop",16284,11040,"attack.exe",,,,,,,,,,,,,,,,[],,,,,,,,,,,,,,,,,,,,,,,,,,,,,,,,,,,,,,,,,,,,,,,,,,,,,,,,,,,,,,,,,,,,,,,,,,,,,,,,,16526,0,1,false,false,0,,,,,,,,,,,,,,,,,,,,,,,,,,,,,,,,,,
"2025-09-02 15:13:11.0353901Z","ETW","Microsoft-Antimalware-Engine",111,"Behavior Monitoring BmNotificationHandleStart",16284,11040,"attack.exe",,,,,,,,,,,,,,,,[],,,,,,,,,,,,,,,,,,,,,,,,,,,,,,,,,,,,,,,,,,,,,,,,,,,,,,,,,,,,,,,,,,,,,,,,,,,,,,,,,16526,0,1,,,,,,,,,,,,,,,,,,,,,,,,,,,,,,,,,,,,,
"2025-09-02 15:13:11.0354085Z","ETW","Microsoft-Antimalware-Engine",112,"Behavior Monitoring BmNotificationHandleStop",16284,11040,"attack.exe",,,,,,,,,,,,,,,,[],,,,,,,,,,,,,,,,,,,,,,,,,,,,,,,,,,,,,,,,,,,,,,,,,,,,,,,,,,,,,,,,,,,,,,,,,,,,,,,,,16526,0,1,false,true,0,,,,,,,,,,,,,,,,,,,,,,,,,,,,,,,,,,
"2025-09-02 15:13:11.0354193Z","ETW","Microsoft-Antimalware-Engine",111,"Behavior Monitoring BmNotificationHandleStart",16284,11040,"attack.exe",,,,,,,,,,,,,,,,[],,,,,,,,,,,,,,,,,,,,,,,,,,,,,,,,,,,,,,,,,,,,,,,,,,,,,,,,,,,,,,,,,,,,,,,,,,,,,,,,,16526,0,1,,,,,,,,,,,,,,,,,,,,,,,,,,,,,,,,,,,,,
"2025-09-02 15:13:11.0354251Z","ETW","Microsoft-Windows-Kernel-Process",5,"ImageLoadInfo ",9380,2844,"cmd.exe",,,,"C:\Windows\System32\kernel.appcore.dll",,,,,,,,,,,,[{"addr":140736918203828,"idx":0},{"addr":140736917192506,"idx":1},{"addr":140736917191278,"idx":2},{"addr":140736917210764,"idx":3},{"addr":140736917202269,"idx":4},{"addr":140736917259140,"idx":5},{"addr":140736916785248,"idx":6},{"addr":140736916784352,"idx":7},{"addr":140736917101952,"idx":8},{"addr":140736872000198,"idx":9},{"addr":140736876798501,"idx":10},{"addr":140736876397115,"idx":11},{"addr":140736876860733,"idx":12},{"addr":140736876970054,"idx":13},{"addr":140736876844501,"idx":14},{"addr":140695049346104,"idx":15},{"addr":140695049518079,"idx":16},{"addr":140695049436235,"idx":17},{"addr":140736897083607,"idx":18},{"addr":140736916996940,"idx":19}],,,,,,,,,9380,,,,,,,,,,,,,,,,,,,,,,,,,,,,,,,,,,,,4117383687,140736848265216,140736848265216,158572,110592,,,,,,,,,,,,,,,,,,,,,,,,,,,,,,,,,,,,,,,,,,,,,,,,,,,,,,,,,,,,,,,,,,,,,,,
"2025-09-02 15:13:11.0354286Z","ETW","Microsoft-Antimalware-Engine",112,"Behavior Monitoring BmNotificationHandleStop",16284,11040,"attack.exe",,,,,,,,,,,,,,,,[],,,,,,,,,,,,,,,,,,,,,,,,,,,,,,,,,,,,,,,,,,,,,,,,,,,,,,,,,,,,,,,,,,,,,,,,,,,,,,,,,16526,0,1,false,false,0,,,,,,,,,,,,,,,,,,,,,,,,,,,,,,,,,,
"2025-09-02 15:13:11.0354304Z","ETW","Microsoft-Antimalware-Engine",111,"Behavior Monitoring BmNotificationHandleStart",16284,11040,"attack.exe",,,,,,,,,,,,,,,,[],,,,,,,,,,,,,,,,,,,,,,,,,,,,,,,,,,,,,,,,,,,,,,,,,,,,,,,,,,,,,,,,,,,,,,,,,,,,,,,,,16526,0,1,,,,,,,,,,,,,,,,,,,,,,,,,,,,,,,,,,,,,
"2025-09-02 15:13:11.0354368Z","ETW","Microsoft-Antimalware-Engine",112,"Behavior Monitoring BmNotificationHandleStop",16284,11040,"attack.exe",,,,,,,,,,,,,,,,[],,,,,,,,,,,,,,,,,,,,,,,,,,,,,,,,,,,,,,,,,,,,,,,,,,,,,,,,,,,,,,,,,,,,,,,,,,,,,,,,,16526,0,1,false,false,0,,,,,,,,,,,,,,,,,,,,,,,,,,,,,,,,,,
"2025-09-02 15:13:11.0354426Z","ETW","Microsoft-Antimalware-Engine",111,"Behavior Monitoring BmNotificationHandleStart",16284,11040,"attack.exe",,,,,,,,,,,,,,,,[],,,,,,,,,,,,,,,,,,,,,,,,,,,,,,,,,,,,,,,,,,,,,,,,,,,,,,,,,,,,,,,,,,,,,,,,,,,,,,,,,16404,3935470,1,,,,,,,,,,,,,,,,,,,,,,,,,,,,,,,,,,,,,
"2025-09-02 15:13:11.0354857Z","ETW","Microsoft-Antimalware-Engine",112,"Behavior Monitoring BmNotificationHandleStop",16284,11040,"attack.exe",,,,,,,,,,,,,,,,[],,,,,,,,,,,,,,,,,,,,,,,,,,,,,,,,,,,,,,,,,,,,,,,,,,,,,,,,,,,,,,,,,,,,,,,,,,,,,,,,,16404,3935470,1,false,false,0,,,,,,,,,,,,,,,,,,,,,,,,,,,,,,,,,,
"2025-09-02 15:13:11.0355117Z","ETW","Microsoft-Windows-Kernel-Process",5,"ImageLoadInfo ",20964,12824,"conhost.exe",,,,"C:\Windows\System32\msvcp_win.dll",,,,,,,,,,,,[{"addr":140736918203828,"idx":0},{"addr":140736917192506,"idx":1},{"addr":140736917191278,"idx":2},{"addr":140736917190209,"idx":3},{"addr":140736916798526,"idx":4},{"addr":140736916790798,"idx":5},{"addr":140736917165509,"idx":6},{"addr":140736917158036,"idx":7},{"addr":140736917157502,"idx":8},{"addr":140736916971470,"idx":9}],,,,,,,,,20964,,,,,,,,,,,,,,,,,,,,,,,,,,,,,,,,,,,,2240469762,140736868319232,140736868319232,703256,667648,,,,,,,,,,,,,,,,,,,,,,,,,,,,,,,,,,,,,,,,,,,,,,,,,,,,,,,,,,,,,,,,,,,,,,,
"2025-09-02 15:13:11.0355869Z","ETW","Microsoft-Windows-Kernel-Process",5,"ImageLoadInfo ",9380,2844,"cmd.exe",,,,"C:\Windows\System32\msvcrt.dll",,,,,,,,,,,,[{"addr":140736918203828,"idx":0},{"addr":140736917192506,"idx":1},{"addr":140736917191278,"idx":2},{"addr":140736917190209,"idx":3},{"addr":140736916798526,"idx":4},{"addr":140736916790798,"idx":5},{"addr":140736917191656,"idx":6},{"addr":140736917210764,"idx":7},{"addr":140736917202269,"idx":8},{"addr":140736917259140,"idx":9},{"addr":140736916785248,"idx":10},{"addr":140736916784352,"idx":11},{"addr":140736917101952,"idx":12},{"addr":140736872000198,"idx":13},{"addr":140736876798501,"idx":14},{"addr":140736876397115,"idx":15},{"addr":140736876860733,"idx":16},{"addr":140736876970054,"idx":17},{"addr":140736876844501,"idx":18},{"addr":140695049346104,"idx":19},{"addr":140695049518079,"idx":20},{"addr":140695049436235,"idx":21},{"addr":140736897083607,"idx":22},{"addr":140736916996940,"idx":23}],,,,,,,,,9380,,,,,,,,,,,,,,,,,,,,,,,,,,,,,,,,,,,,2634004398,140736913342464,140736913342464,729924,692224,,,,,,,,,,,,,,,,,,,,,,,,,,,,,,,,,,,,,,,,,,,,,,,,,,,,,,,,,,,,,,,,,,,,,,,
"2025-09-02 15:13:11.0356497Z","ETW","Microsoft-Windows-Kernel-Process",5,"ImageLoadInfo ",20964,12824,"conhost.exe",,,,"C:\Windows\System32\ucrtbase.dll",,,,,,,,,,,,[{"addr":140736918203828,"idx":0},{"addr":140736917192506,"idx":1},{"addr":140736917191278,"idx":2},{"addr":140736917190209,"idx":3},{"addr":140736916798526,"idx":4},{"addr":140736916790798,"idx":5},{"addr":140736917191656,"idx":6},{"addr":140736917190209,"idx":7},{"addr":140736916798526,"idx":8},{"addr":140736916790798,"idx":9},{"addr":140736917165509,"idx":10},{"addr":140736917158036,"idx":11},{"addr":140736917157502,"idx":12},{"addr":140736916971470,"idx":13}],,,,,,,,,20964,,,,,,,,,,,,,,,,,,,,,,,,,,,,,,,,,,,,3686092271,140736876314624,140736876314624,1418583,1355776,,,,,,,,,,,,,,,,,,,,,,,,,,,,,,,,,,,,,,,,,,,,,,,,,,,,,,,,,,,,,,,,,,,,,,,
"2025-09-02 15:13:11.0357433Z","ETW","Microsoft-Windows-Kernel-Process",3,"ThreadStartStart ",20964,12824,"conhost.exe",,,,,,,,,,,,,,,,[{"addr":140736918214756,"idx":0},{"addr":140736917348769,"idx":1},{"addr":140736917700534,"idx":2},{"addr":140736916791223,"idx":3},{"addr":140736917191656,"idx":4},{"addr":140736917190209,"idx":5},{"addr":140736916798526,"idx":6},{"addr":140736916790798,"idx":7},{"addr":140736917191656,"idx":8},{"addr":140736917190209,"idx":9},{"addr":140736916798526,"idx":10},{"addr":140736916790798,"idx":11},{"addr":140736917165509,"idx":12},{"addr":140736917158036,"idx":13},{"addr":140736917157502,"idx":14},{"addr":140736916971470,"idx":15}],,,,,,,,,20964,18446639081550417920,18446639081550393344,140736917348896,0,12003438592,11956,12001280000,12001271808,140736917348896,,,,,,,,,,,,,,,,,,,,,,,,,,,,,,,,,,,,,,,,,,,,,,,,,,,,,,,,,,,,,,,,,,,,,,,,,,,,,,,,,,,,,,,,,,,,,,,,,,,,,,
"2025-09-02 15:13:11.0359846Z","ETW","Microsoft-Windows-Kernel-Process",4,"ThreadStopStop ",9380,2844,"cmd.exe",,,,,,,,,,,,,,,,[],,,,,,,,29465580,9380,18446639081551335424,18446639081551310848,140695049436368,0,1065362132992,2844,1065364750336,1065363718144,140695049436368,,,,,,,,,,,,,,,,,,,,,,,,,,,,,,,,,,,,,,,,,,,,,,,,,,,,,,,,,,,,,,,,,,,,,,,,,,,,,,,,,,,,,,,,,,,,,,,,,,,,,,
"2025-09-02 15:13:11.0360047Z","ETW","Microsoft-Windows-Kernel-Process",4,"ThreadStopStop ",9380,14592,"cmd.exe",,,,,,,,,,,,,,,,[],,,,,,,,301340,9380,18446639081550589952,18446639081550565376,140736917348896,0,1065362141184,14592,1065365798912,1065364766720,140736917348896,,,,,,,,,,,,,,,,,,,,,,,,,,,,,,,,,,,,,,,,,,,,,,,,,,,,,,,,,,,,,,,,,,,,,,,,,,,,,,,,,,,,,,,,,,,,,,,,,,,,,,
"2025-09-02 15:13:11.0360831Z","ETW","Microsoft-Windows-Kernel-Process",6,"ImageUnloadInfo ",9380,14592,"cmd.exe",,,,"C:\Windows\System32\cmd.exe",,,,,,,,,,,,[],,,,,,,,,9380,,,,,,,,,,,,,,,,,,,,,,,,,,,,,,,,,,,,4203077948,140695049273344,140695049273344,399494,491520,,,,,,,,,,,,,,,,,,,,,,,,,,,,,,,,,,,,,,,,,,,,,,,,,,,,,,,,,,,,,,,,,,,,,,,
"2025-09-02 15:13:11.0360967Z","ETW","Microsoft-Windows-Kernel-Process",6,"ImageUnloadInfo ",9380,14592,"cmd.exe",,,,"C:\Windows\System32\kernel.appcore.dll",,,,,,,,,,,,[],,,,,,,,,9380,,,,,,,,,,,,,,,,,,,,,,,,,,,,,,,,,,,,4117383687,140736848265216,140736848265216,158572,110592,,,,,,,,,,,,,,,,,,,,,,,,,,,,,,,,,,,,,,,,,,,,,,,,,,,,,,,,,,,,,,,,,,,,,,,
"2025-09-02 15:13:11.0360977Z","ETW","Microsoft-Windows-Kernel-Process",3,"ThreadStartStart ",20964,11956,"conhost.exe",,,,,,,,,,,,,,,,[{"addr":140736918214756,"idx":0},{"addr":140736917257428,"idx":1},{"addr":140736917254706,"idx":2},{"addr":140736917350945,"idx":3},{"addr":140736897083607,"idx":4},{"addr":140736916996940,"idx":5}],,,,,,,,,20964,18446639081551335424,18446639081551310848,140736917348896,0,12003446784,10556,12001804288,12001796096,140736917348896,,,,,,,,,,,,,,,,,,,,,,,,,,,,,,,,,,,,,,,,,,,,,,,,,,,,,,,,,,,,,,,,,,,,,,,,,,,,,,,,,,,,,,,,,,,,,,,,,,,,,,
"2025-09-02 15:13:11.0361044Z","ETW","Microsoft-Windows-Kernel-Process",6,"ImageUnloadInfo ",9380,14592,"cmd.exe",,,,"C:\Windows\System32\KernelBase.dll",,,,,,,,,,,,[],,,,,,,,,9380,,,,,,,,,,,,,,,,,,,,,,,,,,,,,,,,,,,,1916522255,140736871923712,140736871923712,4150506,4128768,,,,,,,,,,,,,,,,,,,,,,,,,,,,,,,,,,,,,,,,,,,,,,,,,,,,,,,,,,,,,,,,,,,,,,,
"2025-09-02 15:13:11.0361103Z","ETW","Microsoft-Windows-Kernel-Process",6,"ImageUnloadInfo ",9380,14592,"cmd.exe",,,,"C:\Windows\System32\ucrtbase.dll",,,,,,,,,,,,[],,,,,,,,,9380,,,,,,,,,,,,,,,,,,,,,,,,,,,,,,,,,,,,3686092271,140736876314624,140736876314624,1418583,1355776,,,,,,,,,,,,,,,,,,,,,,,,,,,,,,,,,,,,,,,,,,,,,,,,,,,,,,,,,,,,,,,,,,,,,,,
"2025-09-02 15:13:11.0361169Z","ETW","Microsoft-Windows-Kernel-Process",6,"ImageUnloadInfo ",9380,14592,"cmd.exe",,,,"C:\Windows\System32\sechost.dll",,,,,,,,,,,,[],,,,,,,,,9380,,,,,,,,,,,,,,,,,,,,,,,,,,,,,,,,,,,,918957807,140736881033216,140736881033216,733904,679936,,,,,,,,,,,,,,,,,,,,,,,,,,,,,,,,,,,,,,,,,,,,,,,,,,,,,,,,,,,,,,,,,,,,,,,
"2025-09-02 15:13:11.0361235Z","ETW","Microsoft-Windows-Kernel-Process",6,"ImageUnloadInfo ",9380,14592,"cmd.exe",,,,"C:\Windows\System32\kernel32.dll",,,,,,,,,,,,[],,,,,,,,,9380,,,,,,,,,,,,,,,,,,,,,,,,,,,,,,,,,,,,2842556120,140736896892928,140736896892928,880212,823296,,,,,,,,,,,,,,,,,,,,,,,,,,,,,,,,,,,,,,,,,,,,,,,,,,,,,,,,,,,,,,,,,,,,,,,
"2025-09-02 15:13:11.0361289Z","ETW","Microsoft-Windows-Kernel-Process",6,"ImageUnloadInfo ",9380,14592,"cmd.exe",,,,"C:\Windows\System32\msvcrt.dll",,,,,,,,,,,,[],,,,,,,,,9380,,,,,,,,,,,,,,,,,,,,,,,,,,,,,,,,,,,,2634004398,140736913342464,140736913342464,729924,692224,,,,,,,,,,,,,,,,,,,,,,,,,,,,,,,,,,,,,,,,,,,,,,,,,,,,,,,,,,,,,,,,,,,,,,,
"2025-09-02 15:13:11.0361341Z","ETW","Microsoft-Windows-Kernel-Process",6,"ImageUnloadInfo ",9380,14592,"cmd.exe",,,,"C:\Windows\System32\ntdll.dll",,,,,,,,,,,,[],,,,,,,,,9380,,,,,,,,,,,,,,,,,,,,,,,,,,,,,,,,,,,,2512787800,140736916750336,140736916750336,2531053,2519040,,,,,,,,,,,,,,,,,,,,,,,,,,,,,,,,,,,,,,,,,,,,,,,,,,,,,,,,,,,,,,,,,,,,,,,
"2025-09-02 15:13:11.0361395Z","ETW","Microsoft-Windows-Kernel-Process",2,"ProcessStopStop ",9380,14592,"cmd.exe",,,,"cmd.exe",,,,,,,,,,,,[],,,,,,,,,9380,,,,,,,,,,,,,,,,,,,,,,,134012995907385587,,,,,,,,31815,,,,,,,,,,,,,,,,,,,,,,,,,,,,,,,,,,,,,,,,,,,,,,,31639560,3108864,3153920,1,134012995910360488,54,0,1,2,2,0,0,,,,,,,,,,,,,,,,,,,,,,
"2025-09-02 15:13:11.0361744Z","ETW","Microsoft-Windows-Kernel-Audit-API-Calls",5,"Info ",9380,14592,"cmd.exe",,,,,,,,,,,,,,,,[],,,,,,,,,,,,,,,,,,,1024,0,9380,,,,,,,,,,,,,,,,,,,,,,,,,,,,,,,,,,,,,,,,,,,,,,,,,,,,,,,,,,,,,,,,,,,,,,,,,,,,,,,,,,,,,,,,,,,,,,,,,,,
"2025-09-02 15:13:11.0361797Z","ETW","Microsoft-Windows-Kernel-Audit-API-Calls",5,"Info ",9380,14592,"cmd.exe",,,,,,,,,,,,,,,,[],,,,,,,,,,,,,,,,,,,1024,0,9380,,,,,,,,,,,,,,,,,,,,,,,,,,,,,,,,,,,,,,,,,,,,,,,,,,,,,,,,,,,,,,,,,,,,,,,,,,,,,,,,,,,,,,,,,,,,,,,,,,,
"2025-09-02 15:13:11.0363722Z","ETW","Microsoft-Windows-Kernel-Audit-API-Calls",5,"Info ",1912,13020,"MsMpEng.exe",,,,,,,,,,,,,,,,[{"addr":140736918203764,"idx":0},{"addr":140736872731894,"idx":1},{"addr":140733810479103,"idx":2},{"addr":140733810478599,"idx":3},{"addr":140733811467421,"idx":4},{"addr":140733811466488,"idx":5},{"addr":140733810455581,"idx":6},{"addr":140733810413765,"idx":7},{"addr":140733810417057,"idx":8},{"addr":140733810415802,"idx":9},{"addr":140733810413462,"idx":10},{"addr":140733810411633,"idx":11},{"addr":140733810411092,"idx":12},{"addr":140733815162932,"idx":13},{"addr":140733815162655,"idx":14},{"addr":140736917255712,"idx":15},{"addr":140736917350945,"idx":16},{"addr":140736897083607,"idx":17},{"addr":140736916996940,"idx":18}],,,,,,,,,,,,,,,,,,,5136,0,9380,,,,,,,,,,,,,,,,,,,,,,,,,,,,,,,,,,,,,,,,,,,,,,,,,,,,,,,,,,,,,,,,,,,,,,,,,,,,,,,,,,,,,,,,,,,,,,,,,,,
"2025-09-02 15:13:11.0365514Z","ETW","Microsoft-Windows-Kernel-Process",5,"ImageLoadInfo ",20964,12824,"conhost.exe",,,,"C:\Windows\System32\advapi32.dll",,,,,,,,,,,,[{"addr":140736918203828,"idx":0},{"addr":140736917192506,"idx":1},{"addr":140736917191278,"idx":2},{"addr":140736917190209,"idx":3},{"addr":140736916804181,"idx":4},{"addr":140736916785218,"idx":5},{"addr":140736916786774,"idx":6},{"addr":140736917021315,"idx":7},{"addr":140736917023197,"idx":8},{"addr":140699016602402,"idx":9},{"addr":140699016687790,"idx":10},{"addr":140699016556861,"idx":11},{"addr":140699016556724,"idx":12},{"addr":140699016414111,"idx":13},{"addr":140699016413288,"idx":14},{"addr":140699016408006,"idx":15},{"addr":140699016680373,"idx":16},{"addr":140736897083607,"idx":17},{"addr":140736916996940,"idx":18}],,,,,,,,,20964,,,,,,,,,,,,,,,,,,,,,,,,,,,,,,,,,,,,2886261828,140736895844352,140736895844352,804270,737280,,,,,,,,,,,,,,,,,,,,,,,,,,,,,,,,,,,,,,,,,,,,,,,,,,,,,,,,,,,,,,,,,,,,,,,
"2025-09-02 15:13:11.0366461Z","ETW","Microsoft-Windows-Kernel-Process",5,"ImageLoadInfo ",20964,12824,"conhost.exe",,,,"C:\Windows\System32\msvcrt.dll",,,,,,,,,,,,[{"addr":140736918203828,"idx":0},{"addr":140736917192506,"idx":1},{"addr":140736917191278,"idx":2},{"addr":140736917190209,"idx":3},{"addr":140736916798526,"idx":4},{"addr":140736916790798,"idx":5},{"addr":140736917191656,"idx":6},{"addr":140736917190209,"idx":7},{"addr":140736916804181,"idx":8},{"addr":140736916785218,"idx":9},{"addr":140736916786774,"idx":10},{"addr":140736917021315,"idx":11},{"addr":140736917023197,"idx":12},{"addr":140699016602402,"idx":13},{"addr":140699016687790,"idx":14},{"addr":140699016556861,"idx":15},{"addr":140699016556724,"idx":16},{"addr":140699016414111,"idx":17},{"addr":140699016413288,"idx":18},{"addr":140699016408006,"idx":19},{"addr":140699016680373,"idx":20},{"addr":140736897083607,"idx":21},{"addr":140736916996940,"idx":22}],,,,,,,,,20964,,,,,,,,,,,,,,,,,,,,,,,,,,,,,,,,,,,,2634004398,140736913342464,140736913342464,729924,692224,,,,,,,,,,,,,,,,,,,,,,,,,,,,,,,,,,,,,,,,,,,,,,,,,,,,,,,,,,,,,,,,,,,,,,,
"2025-09-02 15:13:11.0367365Z","ETW","Microsoft-Windows-Kernel-Process",5,"ImageLoadInfo ",20964,12824,"conhost.exe",,,,"C:\Windows\System32\sechost.dll",,,,,,,,,,,,[{"addr":140736918203828,"idx":0},{"addr":140736917192506,"idx":1},{"addr":140736917191278,"idx":2},{"addr":140736917190209,"idx":3},{"addr":140736916798526,"idx":4},{"addr":140736916790798,"idx":5},{"addr":140736917191656,"idx":6},{"addr":140736917190209,"idx":7},{"addr":140736916804181,"idx":8},{"addr":140736916785218,"idx":9},{"addr":140736916786774,"idx":10},{"addr":140736917021315,"idx":11},{"addr":140736917023197,"idx":12},{"addr":140699016602402,"idx":13},{"addr":140699016687790,"idx":14},{"addr":140699016556861,"idx":15},{"addr":140699016556724,"idx":16},{"addr":140699016414111,"idx":17},{"addr":140699016413288,"idx":18},{"addr":140699016408006,"idx":19},{"addr":140699016680373,"idx":20},{"addr":140736897083607,"idx":21},{"addr":140736916996940,"idx":22}],,,,,,,,,20964,,,,,,,,,,,,,,,,,,,,,,,,,,,,,,,,,,,,918957807,140736881033216,140736881033216,733904,679936,,,,,,,,,,,,,,,,,,,,,,,,,,,,,,,,,,,,,,,,,,,,,,,,,,,,,,,,,,,,,,,,,,,,,,,
"2025-09-02 15:13:11.0368494Z","ETW","Microsoft-Windows-Kernel-Process",5,"ImageLoadInfo ",20964,12824,"conhost.exe",,,,"C:\Windows\System32\rpcrt4.dll",,,,,,,,,,,,[{"addr":140736918203828,"idx":0},{"addr":140736917192506,"idx":1},{"addr":140736917191278,"idx":2},{"addr":140736917190209,"idx":3},{"addr":140736916798526,"idx":4},{"addr":140736916790798,"idx":5},{"addr":140736917191656,"idx":6},{"addr":140736917190209,"idx":7},{"addr":140736916804181,"idx":8},{"addr":140736916785218,"idx":9},{"addr":140736916786774,"idx":10},{"addr":140736917021315,"idx":11},{"addr":140736917023197,"idx":12},{"addr":140699016602402,"idx":13},{"addr":140699016687790,"idx":14},{"addr":140699016556861,"idx":15},{"addr":140699016556724,"idx":16},{"addr":140699016414111,"idx":17},{"addr":140699016413288,"idx":18},{"addr":140699016408006,"idx":19},{"addr":140699016680373,"idx":20},{"addr":140736897083607,"idx":21},{"addr":140736916996940,"idx":22}],,,,,,,,,20964,,,,,,,,,,,,,,,,,,,,,,,,,,,,,,,,,,,,755903142,140736881754112,140736881754112,1201440,1146880,,,,,,,,,,,,,,,,,,,,,,,,,,,,,,,,,,,,,,,,,,,,,,,,,,,,,,,,,,,,,,,,,,,,,,,
"2025-09-02 15:13:11.0370442Z","ETW","Microsoft-Windows-Kernel-Process",3,"ThreadStartStart ",20964,11956,"conhost.exe",,,,,,,,,,,,,,,,[{"addr":140736918214756,"idx":0},{"addr":140736917257428,"idx":1},{"addr":140736917254706,"idx":2},{"addr":140736917350945,"idx":3},{"addr":140736897083607,"idx":4},{"addr":140736916996940,"idx":5}],,,,,,,,,20964,18446639081566330880,18446639081566306304,140736917348896,0,12003454976,17020,12004622336,12004614144,140736917348896,,,,,,,,,,,,,,,,,,,,,,,,,,,,,,,,,,,,,,,,,,,,,,,,,,,,,,,,,,,,,,,,,,,,,,,,,,,,,,,,,,,,,,,,,,,,,,,,,,,,,,
"2025-09-02 15:13:11.0375163Z","ETW","Microsoft-Windows-Kernel-Process",5,"ImageLoadInfo ",20964,12824,"conhost.exe",,,,"C:\Windows\System32\user32.dll",,,,,,,,,,,,[{"addr":140736918203828,"idx":0},{"addr":140736917192506,"idx":1},{"addr":140736917191278,"idx":2},{"addr":140736917190209,"idx":3},{"addr":140736916804181,"idx":4},{"addr":140736916785218,"idx":5},{"addr":140736916784352,"idx":6},{"addr":140736917101952,"idx":7},{"addr":140736872000198,"idx":8},{"addr":140699016572151,"idx":9},{"addr":140699016571375,"idx":10},{"addr":140699016612809,"idx":11},{"addr":140699016414281,"idx":12},{"addr":140699016413288,"idx":13},{"addr":140699016408006,"idx":14},{"addr":140699016680373,"idx":15},{"addr":140736897083607,"idx":16},{"addr":140736916996940,"idx":17}],,,,,,,,,20964,,,,,,,,,,,,,,,,,,,,,,,,,,,,,,,,,,,,3594986103,140736914063360,140736914063360,1919723,1855488,,,,,,,,,,,,,,,,,,,,,,,,,,,,,,,,,,,,,,,,,,,,,,,,,,,,,,,,,,,,,,,,,,,,,,,
"2025-09-02 15:13:11.0376070Z","ETW","Microsoft-Windows-Kernel-Process",5,"ImageLoadInfo ",20964,12824,"conhost.exe",,,,"C:\Windows\System32\win32u.dll",,,,,,,,,,,,[{"addr":140736918203828,"idx":0},{"addr":140736917192506,"idx":1},{"addr":140736917191278,"idx":2},{"addr":140736917190209,"idx":3},{"addr":140736916798526,"idx":4},{"addr":140736916790798,"idx":5},{"addr":140736917191656,"idx":6},{"addr":140736917190209,"idx":7},{"addr":140736916804181,"idx":8},{"addr":140736916785218,"idx":9},{"addr":140736916784352,"idx":10},{"addr":140736917101952,"idx":11},{"addr":140736872000198,"idx":12},{"addr":140699016572151,"idx":13},{"addr":140699016571375,"idx":14},{"addr":140699016612809,"idx":15},{"addr":140699016414281,"idx":16},{"addr":140699016413288,"idx":17},{"addr":140699016408006,"idx":18},{"addr":140699016680373,"idx":19},{"addr":140736897083607,"idx":20},{"addr":140736916996940,"idx":21}],,,,,,,,,20964,,,,,,,,,,,,,,,,,,,,,,,,,,,,,,,,,,,,4080079730,140736876118016,140736876118016,179667,159744,,,,,,,,,,,,,,,,,,,,,,,,,,,,,,,,,,,,,,,,,,,,,,,,,,,,,,,,,,,,,,,,,,,,,,,
"2025-09-02 15:13:11.0377156Z","ETW","Microsoft-Windows-Kernel-Process",5,"ImageLoadInfo ",20964,12824,"conhost.exe",,,,"C:\Windows\System32\gdi32.dll",,,,,,,,,,,,[{"addr":140736918203828,"idx":0},{"addr":140736917192506,"idx":1},{"addr":140736917191278,"idx":2},{"addr":140736917190209,"idx":3},{"addr":140736916798526,"idx":4},{"addr":140736916790798,"idx":5},{"addr":140736917191656,"idx":6},{"addr":140736917190209,"idx":7},{"addr":140736916804181,"idx":8},{"addr":140736916785218,"idx":9},{"addr":140736916784352,"idx":10},{"addr":140736917101952,"idx":11},{"addr":140736872000198,"idx":12},{"addr":140699016572151,"idx":13},{"addr":140699016571375,"idx":14},{"addr":140699016612809,"idx":15},{"addr":140699016414281,"idx":16},{"addr":140699016413288,"idx":17},{"addr":140699016408006,"idx":18},{"addr":140699016680373,"idx":19},{"addr":140736897083607,"idx":20},{"addr":140736916996940,"idx":21}],,,,,,,,,20964,,,,,,,,,,,,,,,,,,,,,,,,,,,,,,,,,,,,226377214,140736902135808,140736902135808,213118,176128,,,,,,,,,,,,,,,,,,,,,,,,,,,,,,,,,,,,,,,,,,,,,,,,,,,,,,,,,,,,,,,,,,,,,,,
"2025-09-02 15:13:11.0378116Z","ETW","Microsoft-Windows-Kernel-Process",5,"ImageLoadInfo ",20964,12824,"conhost.exe",,,,"C:\Windows\System32\gdi32full.dll",,,,,,,,,,,,[{"addr":140736918203828,"idx":0},{"addr":140736917192506,"idx":1},{"addr":140736917191278,"idx":2},{"addr":140736917190209,"idx":3},{"addr":140736916798526,"idx":4},{"addr":140736916790798,"idx":5},{"addr":140736917191656,"idx":6},{"addr":140736917190209,"idx":7},{"addr":140736916798526,"idx":8},{"addr":140736916790798,"idx":9},{"addr":140736917191656,"idx":10},{"addr":140736917190209,"idx":11},{"addr":140736916804181,"idx":12},{"addr":140736916785218,"idx":13},{"addr":140736916784352,"idx":14},{"addr":140736917101952,"idx":15},{"addr":140736872000198,"idx":16},{"addr":140699016572151,"idx":17},{"addr":140699016571375,"idx":18},{"addr":140699016612809,"idx":19},{"addr":140699016414281,"idx":20},{"addr":140699016413288,"idx":21},{"addr":140699016408006,"idx":22},{"addr":140699016680373,"idx":23},{"addr":140736897083607,"idx":24},{"addr":140736916996940,"idx":25}],,,,,,,,,20964,,,,,,,,,,,,,,,,,,,,,,,,,,,,,,,,,,,,4226913238,140736869040128,140736869040128,1298614,1277952,,,,,,,,,,,,,,,,,,,,,,,,,,,,,,,,,,,,,,,,,,,,,,,,,,,,,,,,,,,,,,,,,,,,,,,
"2025-09-02 15:13:11.0385878Z","ETW","Microsoft-Windows-Kernel-Process",5,"ImageLoadInfo ",20964,12824,"conhost.exe",,,,"C:\Windows\System32\imm32.dll",,,,,,,,,,,,[{"addr":140736918203828,"idx":0},{"addr":140736917192506,"idx":1},{"addr":140736917191278,"idx":2},{"addr":140736917190209,"idx":3},{"addr":140736916804181,"idx":4},{"addr":140736916785218,"idx":5},{"addr":140736916784352,"idx":6},{"addr":140736917101952,"idx":7},{"addr":140736872000198,"idx":8},{"addr":140736914283356,"idx":9},{"addr":140736914516183,"idx":10},{"addr":140736918195438,"idx":11},{"addr":140736917219838,"idx":12},{"addr":140736917215596,"idx":13},{"addr":140736916995194,"idx":14},{"addr":140736916991491,"idx":15},{"addr":140736916785364,"idx":16},{"addr":140736916784352,"idx":17},{"addr":140736917101952,"idx":18},{"addr":140736872000198,"idx":19},{"addr":140699016572151,"idx":20},{"addr":140699016571375,"idx":21},{"addr":140699016612809,"idx":22},{"addr":140699016414281,"idx":23},{"addr":140699016413288,"idx":24},{"addr":140699016408006,"idx":25},{"addr":140699016680373,"idx":26},{"addr":140736897083607,"idx":27},{"addr":140736916996940,"idx":28}],,,,,,,,,20964,,,,,,,,,,,,,,,,,,,,,,,,,,,,,,,,,,,,2763417762,140736896630784,140736896630784,237947,192512,,,,,,,,,,,,,,,,,,,,,,,,,,,,,,,,,,,,,,,,,,,,,,,,,,,,,,,,,,,,,,,,,,,,,,,
"2025-09-02 15:13:11.0396904Z","ETW","Microsoft-Windows-Kernel-Audit-API-Calls",6,"Info ",1912,8,"MsMpEng.exe",,,,,,,,,,,,,,,,[{"addr":140736918212548,"idx":0},{"addr":140736872857142,"idx":1},{"addr":140736738243895,"idx":2},{"addr":140736738242452,"idx":3},{"addr":140736657604428,"idx":4},{"addr":140736657598535,"idx":5},{"addr":140736657597146,"idx":6},{"addr":140736658259206,"idx":7},{"addr":140736657749938,"idx":8},{"addr":140736657909615,"idx":9},{"addr":140736658079503,"idx":10},{"addr":140736897083607,"idx":11},{"addr":140736916996940,"idx":12}],,,,,,,,,,,,,,,,,,,2097151,0,1912,8,,,,,,,,,,,,,,,,,,,,,,,,,,,,,,,,,,,,,,,,,,,,,,,,,,,,,,,,,,,,,,,,,,,,,,,,,,,,,,,,,,,,,,,,,,,,,,,,,,
"2025-09-02 15:13:11.0397164Z","ETW","Microsoft-Windows-Kernel-Audit-API-Calls",5,"Info ",1912,8,"MsMpEng.exe",,,,,,,,,,,,,,,,[{"addr":140736918203764,"idx":0},{"addr":140736872731894,"idx":1},{"addr":140733810479103,"idx":2},{"addr":140733810478599,"idx":3},{"addr":140733809630809,"idx":4},{"addr":140733809420559,"idx":5},{"addr":140733811789991,"idx":6},{"addr":140733811785301,"idx":7},{"addr":140736738242841,"idx":8},{"addr":140736657604428,"idx":9},{"addr":140736657598535,"idx":10},{"addr":140736657597146,"idx":11},{"addr":140736658259206,"idx":12},{"addr":140736657749938,"idx":13},{"addr":140736657909615,"idx":14},{"addr":140736658079503,"idx":15},{"addr":140736897083607,"idx":16},{"addr":140736916996940,"idx":17}],,,,,,,,,,,,,,,,,,,1052672,0,20964,,,,,,,,,,,,,,,,,,,,,,,,,,,,,,,,,,,,,,,,,,,,,,,,,,,,,,,,,,,,,,,,,,,,,,,,,,,,,,,,,,,,,,,,,,,,,,,,,,,
"2025-09-02 15:13:11.0402457Z","ETW","Microsoft-Windows-Kernel-Process",3,"ThreadStartStart ",20964,12824,"conhost.exe",,,,,,,,,,,,,,,,[{"addr":140736918208964,"idx":0},{"addr":140736872776761,"idx":1},{"addr":140736897102141,"idx":2},{"addr":140699016413494,"idx":3},{"addr":140699016408006,"idx":4},{"addr":140699016680373,"idx":5},{"addr":140736897083607,"idx":6},{"addr":140736916996940,"idx":7}],,,,,,,,,20964,18446639081551364096,18446639081551339520,140699016519648,0,12003463168,21880,12005146624,12005138432,140699016519648,,,,,,,,,,,,,,,,,,,,,,,,,,,,,,,,,,,,,,,,,,,,,,,,,,,,,,,,,,,,,,,,,,,,,,,,,,,,,,,,,,,,,,,,,,,,,,,,,,,,,,
"2025-09-02 15:13:11.0406152Z","ETW","Microsoft-Antimalware-Engine",111,"Behavior Monitoring BmNotificationHandleStart",16284,22008,"attack.exe",,,,,,,,,,,,,,,,[],,,,,,,,,,,,,,,,,,,,,,,,,,,,,,,,,,,,,,,,,,,,,,,,,,,,,,,,,,,,,,,,,,,,,,,,,,,,,,,,,16426,3935487,1,,,,,,,,,,,,,,,,,,,,,,,,,,,,,,,,,,,,,
"2025-09-02 15:13:11.0406379Z","ETW","Microsoft-Antimalware-Engine",112,"Behavior Monitoring BmNotificationHandleStop",16284,22008,"attack.exe",,,,,,,,,,,,,,,,[],,,,,,,,,,,,,,,,,,,,,,,,,,,,,,,,,,,,,,,,,,,,,,,,,,,,,,,,,,,,,,,,,,,,,,,,,,,,,,,,,16426,3935487,1,false,true,0,,,,,,,,,,,,,,,,,,,,,,,,,,,,,,,,,,
"2025-09-02 15:13:11.0409625Z","ETW","Microsoft-Windows-Kernel-Process",5,"ImageLoadInfo ",20964,21880,"conhost.exe",,,,"C:\Windows\System32\combase.dll",,,,,,,,,,,,[{"addr":140736918203828,"idx":0},{"addr":140736917192506,"idx":1},{"addr":140736917191278,"idx":2},{"addr":140736917190209,"idx":3},{"addr":140736916804181,"idx":4},{"addr":140736916785218,"idx":5},{"addr":140736916786774,"idx":6},{"addr":140736917021315,"idx":7},{"addr":140736917023197,"idx":8},{"addr":140699016602402,"idx":9},{"addr":140699016687597,"idx":10},{"addr":140699016638568,"idx":11},{"addr":140699016513576,"idx":12},{"addr":140699016510980,"idx":13},{"addr":140699016520465,"idx":14},{"addr":140736897083607,"idx":15},{"addr":140736916996940,"idx":16}],,,,,,,,,20964,,,,,,,,,,,,,,,,,,,,,,,,,,,,,,,,,,,,670765882,140736909082624,140736909082624,3776119,3690496,,,,,,,,,,,,,,,,,,,,,,,,,,,,,,,,,,,,,,,,,,,,,,,,,,,,,,,,,,,,,,,,,,,,,,,
"2025-09-02 15:13:11.0423013Z","ETW","Microsoft-Windows-Kernel-Process",5,"ImageLoadInfo ",20964,21880,"conhost.exe",,,,"C:\Windows\System32\kernel.appcore.dll",,,,,,,,,,,,[{"addr":140736918203828,"idx":0},{"addr":140736917192506,"idx":1},{"addr":140736917191278,"idx":2},{"addr":140736917210764,"idx":3},{"addr":140736917202269,"idx":4},{"addr":140736917259140,"idx":5},{"addr":140736916785248,"idx":6},{"addr":140736916786774,"idx":7},{"addr":140736917021315,"idx":8},{"addr":140736917023197,"idx":9},{"addr":140736910389554,"idx":10},{"addr":140736910690375,"idx":11},{"addr":140736910448320,"idx":12},{"addr":140736916975221,"idx":13},{"addr":140736872573249,"idx":14},{"addr":140736910291875,"idx":15},{"addr":140736910291808,"idx":16},{"addr":140736909934810,"idx":17},{"addr":140736909933889,"idx":18},{"addr":140736909932542,"idx":19},{"addr":140736909930953,"idx":20},{"addr":140699016638568,"idx":21},{"addr":140699016513576,"idx":22},{"addr":140699016510980,"idx":23},{"addr":140699016520465,"idx":24},{"addr":140736897083607,"idx":25},{"addr":140736916996940,"idx":26}],,,,,,,,,20964,,,,,,,,,,,,,,,,,,,,,,,,,,,,,,,,,,,,4117383687,140736848265216,140736848265216,158572,110592,,,,,,,,,,,,,,,,,,,,,,,,,,,,,,,,,,,,,,,,,,,,,,,,,,,,,,,,,,,,,,,,,,,,,,,
"2025-09-02 15:13:11.0427253Z","ETW","Microsoft-Windows-Kernel-Process",5,"ImageLoadInfo ",20964,21880,"conhost.exe",,,,"C:\Windows\System32\bcryptprimitives.dll",,,,,,,,,,,,[{"addr":140736918203828,"idx":0},{"addr":140736917192506,"idx":1},{"addr":140736917191278,"idx":2},{"addr":140736917190209,"idx":3},{"addr":140736916804181,"idx":4},{"addr":140736916785218,"idx":5},{"addr":140736916786774,"idx":6},{"addr":140736917021315,"idx":7},{"addr":140736917023197,"idx":8},{"addr":140736882386290,"idx":9},{"addr":140736882460095,"idx":10},{"addr":140736881997317,"idx":11},{"addr":140736909937766,"idx":12},{"addr":140736909936267,"idx":13},{"addr":140736909935376,"idx":14},{"addr":140736909934840,"idx":15},{"addr":140736909933889,"idx":16},{"addr":140736909932542,"idx":17},{"addr":140736909930953,"idx":18},{"addr":140699016638568,"idx":19},{"addr":140699016513576,"idx":20},{"addr":140699016510980,"idx":21},{"addr":140699016520465,"idx":22},{"addr":140736897083607,"idx":23},{"addr":140736916996940,"idx":24}],,,,,,,,,20964,,,,,,,,,,,,,,,,,,,,,,,,,,,,,,,,,,,,3318233078,140736867663872,140736867663872,705120,626688,,,,,,,,,,,,,,,,,,,,,,,,,,,,,,,,,,,,,,,,,,,,,,,,,,,,,,,,,,,,,,,,,,,,,,,
"2025-09-02 15:13:11.0430097Z","ETW","Microsoft-Windows-Kernel-Process",4,"ThreadStopStop ",20964,17020,"conhost.exe",,,,,,,,,,,,,,,,[],,,,,,,,177840,20964,18446639081566330880,18446639081566306304,140736917348896,0,12003454976,17020,12004622336,12004614144,140736917348896,,,,,,,,,,,,,,,,,,,,,,,,,,,,,,,,,,,,,,,,,,,,,,,,,,,,,,,,,,,,,,,,,,,,,,,,,,,,,,,,,,,,,,,,,,,,,,,,,,,,,,
"2025-09-02 15:13:11.0430926Z","ETW","Microsoft-Windows-Kernel-Process",4,"ThreadStopStop ",20964,11956,"conhost.exe",,,,,,,,,,,,,,,,[],,,,,,,,480320,20964,18446639081550417920,18446639081550393344,140736917348896,0,12003438592,11956,12001280000,12001271808,140736917348896,,,,,,,,,,,,,,,,,,,,,,,,,,,,,,,,,,,,,,,,,,,,,,,,,,,,,,,,,,,,,,,,,,,,,,,,,,,,,,,,,,,,,,,,,,,,,,,,,,,,,,
"2025-09-02 15:13:11.0431312Z","ETW","Microsoft-Windows-Kernel-Process",4,"ThreadStopStop ",20964,12824,"conhost.exe",,,,,,,,,,,,,,,,[],,,,,,,,22475480,20964,18446639081546514432,18446639081546489856,140699016680496,0,12003430400,12824,12000755712,12000739328,140699016680496,,,,,,,,,,,,,,,,,,,,,,,,,,,,,,,,,,,,,,,,,,,,,,,,,,,,,,,,,,,,,,,,,,,,,,,,,,,,,,,,,,,,,,,,,,,,,,,,,,,,,,
"2025-09-02 15:13:11.0435290Z","ETW","Microsoft-Windows-Kernel-Process",3,"ThreadStartStart ",20964,10556,"conhost.exe",,,,,,,,,,,,,,,,[{"addr":140736918214756,"idx":0},{"addr":140736917257428,"idx":1},{"addr":140736917254706,"idx":2},{"addr":140736917350945,"idx":3},{"addr":140736897083607,"idx":4},{"addr":140736916996940,"idx":5}],,,,,,,,,20964,18446639081546514432,18446639081546489856,140736917348896,0,12003471360,13580,12000755712,12000747520,140736917348896,,,,,,,,,,,,,,,,,,,,,,,,,,,,,,,,,,,,,,,,,,,,,,,,,,,,,,,,,,,,,,,,,,,,,,,,,,,,,,,,,,,,,,,,,,,,,,,,,,,,,,
"2025-09-02 15:13:11.0438531Z","ETW","Microsoft-Windows-Kernel-Process",5,"ImageLoadInfo ",20964,21880,"conhost.exe",,,,"C:\Windows\System32\clbcatq.dll",,,,,,,,,,,,[{"addr":140736918203828,"idx":0},{"addr":140736917192506,"idx":1},{"addr":140736917191278,"idx":2},{"addr":140736917190209,"idx":3},{"addr":140736916804181,"idx":4},{"addr":140736916785218,"idx":5},{"addr":140736916786774,"idx":6},{"addr":140736917021315,"idx":7},{"addr":140736917023197,"idx":8},{"addr":140736910389554,"idx":9},{"addr":140736910688281,"idx":10},{"addr":140736910347186,"idx":11},{"addr":140736911036234,"idx":12},{"addr":140736909552714,"idx":13},{"addr":140736909548907,"idx":14},{"addr":140736909576880,"idx":15},{"addr":140699016513632,"idx":16},{"addr":140699016510980,"idx":17},{"addr":140699016520465,"idx":18},{"addr":140736897083607,"idx":19},{"addr":140736916996940,"idx":20}],,,,,,,,,20964,,,,,,,,,,,,,,,,,,,,,,,,,,,,,,,,,,,,1600192633,140736892108800,140736892108800,700133,688128,,,,,,,,,,,,,,,,,,,,,,,,,,,,,,,,,,,,,,,,,,,,,,,,,,,,,,,,,,,,,,,,,,,,,,,
"2025-09-02 15:13:11.0446714Z","ETW","Microsoft-Windows-Kernel-Process",5,"ImageLoadInfo ",20964,21880,"conhost.exe",,,,"C:\Windows\System32\Windows.StateRepositoryCore.dll",,,,,,,,,,,,[{"addr":140736918203828,"idx":0},{"addr":140736917192506,"idx":1},{"addr":140736917191278,"idx":2},{"addr":140736917210764,"idx":3},{"addr":140736917202269,"idx":4},{"addr":140736917259140,"idx":5},{"addr":140736916785248,"idx":6},{"addr":140736916786774,"idx":7},{"addr":140736917021315,"idx":8},{"addr":140736917023197,"idx":9},{"addr":140736910389554,"idx":10},{"addr":140736910693447,"idx":11},{"addr":140736910612933,"idx":12},{"addr":140736911129911,"idx":13},{"addr":140736910624131,"idx":14},{"addr":140736911079193,"idx":15},{"addr":140736911105886,"idx":16},{"addr":140736910633230,"idx":17},{"addr":140736911026929,"idx":18},{"addr":140736909547824,"idx":19},{"addr":140736909550454,"idx":20},{"addr":140736909548907,"idx":21},{"addr":140736909576880,"idx":22},{"addr":140699016513632,"idx":23},{"addr":140699016510980,"idx":24},{"addr":140699016520465,"idx":25},{"addr":140736897083607,"idx":26},{"addr":140736916996940,"idx":27}],,,,,,,,,20964,,,,,,,,,,,,,,,,,,,,,,,,,,,,,,,,,,,,3847844510,140736632913920,140736632913920,174488,106496,,,,,,,,,,,,,,,,,,,,,,,,,,,,,,,,,,,,,,,,,,,,,,,,,,,,,,,,,,,,,,,,,,,,,,,
"2025-09-02 15:13:11.0462010Z","ETW","Microsoft-Windows-Kernel-File",30,"CreateNewFileInfo ",2544,2728,"svchost.exe",,,,"C:\Windows\Prefetch\EXPLORER.EXE-03C49D11.pf",,,,,,,,,,,,[{"addr":140736918205268,"idx":0},{"addr":140736872716567,"idx":1},{"addr":140736872407957,"idx":2},{"addr":140736622686411,"idx":3},{"addr":140736622799555,"idx":4},{"addr":140736622805526,"idx":5},{"addr":140736622878872,"idx":6},{"addr":140736622877246,"idx":7},{"addr":140736623007058,"idx":8},{"addr":140736623083887,"idx":9},{"addr":140700308678045,"idx":10},{"addr":140736881194535,"idx":11},{"addr":140736897083607,"idx":12},{"addr":140736916996940,"idx":13}],0,83886176,18446660011223909280,18446660011197135016,2728,0,,,,,,,,,,,,,,,,,,,,,,,,,,,,,,,,,,,,,,,,,,,,,,,,,,,,,,,,,,,,,,,,,,,,,,,,,,,,,,,,,,,,,,,,,,,,,,,,,,,,,,,,,,,,,,,,,,
"2025-09-02 15:13:11.0463690Z","ETW","Microsoft-Windows-Kernel-Audit-API-Calls",6,"Info ",1912,8,"MsMpEng.exe",,,,,,,,,,,,,,,,[{"addr":140736918212548,"idx":0},{"addr":140736872857142,"idx":1},{"addr":140736738243895,"idx":2},{"addr":140736738242452,"idx":3},{"addr":140736657604428,"idx":4},{"addr":140736657598535,"idx":5},{"addr":140736657597146,"idx":6},{"addr":140736658259206,"idx":7},{"addr":140736657749938,"idx":8},{"addr":140736657909615,"idx":9},{"addr":140736658079503,"idx":10},{"addr":140736897083607,"idx":11},{"addr":140736916996940,"idx":12}],,,,,,,,,,,,,,,,,,,2097151,0,1912,8,,,,,,,,,,,,,,,,,,,,,,,,,,,,,,,,,,,,,,,,,,,,,,,,,,,,,,,,,,,,,,,,,,,,,,,,,,,,,,,,,,,,,,,,,,,,,,,,,,
"2025-09-02 15:13:11.0464773Z","ETW","Microsoft-Windows-Kernel-Audit-API-Calls",5,"Info ",528,13948,"svchost.exe",,,,,,,,,,,,,,,,[{"addr":140736918203764,"idx":0},{"addr":140736872731894,"idx":1},{"addr":140736829045620,"idx":2},{"addr":140736829045555,"idx":3},{"addr":140736882620003,"idx":4},{"addr":140736881849533,"idx":5},{"addr":140736881848122,"idx":6},{"addr":140736882311415,"idx":7},{"addr":140736882088628,"idx":8},{"addr":140736882092744,"idx":9},{"addr":140736882015316,"idx":10},{"addr":140736882081820,"idx":11},{"addr":140736882106396,"idx":12},{"addr":140736882102691,"idx":13},{"addr":140736882098504,"idx":14},{"addr":140736917358174,"idx":15},{"addr":140736917350275,"idx":16},{"addr":140736897083607,"idx":17},{"addr":140736916996940,"idx":18}],,,,,,,,,,,,,,,,,,,4096,0,20964,,,,,,,,,,,,,,,,,,,,,,,,,,,,,,,,,,,,,,,,,,,,,,,,,,,,,,,,,,,,,,,,,,,,,,,,,,,,,,,,,,,,,,,,,,,,,,,,,,,
"2025-09-02 15:13:11.0465181Z","ETW","Microsoft-Windows-Kernel-Audit-API-Calls",5,"Info ",944,17404,"svchost.exe",,,,,,,,,,,,,,,,[{"addr":140736918206916,"idx":0},{"addr":140736882337646,"idx":1},{"addr":140736828644345,"idx":2},{"addr":140736828636082,"idx":3},{"addr":140736882620003,"idx":4},{"addr":140736881849533,"idx":5},{"addr":140736881848122,"idx":6},{"addr":140736882311415,"idx":7},{"addr":140736882088628,"idx":8},{"addr":140736882092744,"idx":9},{"addr":140736882015316,"idx":10},{"addr":140736882081820,"idx":11},{"addr":140736882106396,"idx":12},{"addr":140736882102691,"idx":13},{"addr":140736882098504,"idx":14},{"addr":140736917358174,"idx":15},{"addr":140736917350275,"idx":16},{"addr":140736897083607,"idx":17},{"addr":140736916996940,"idx":18}],,,,,,,,,,,,,,,,,,,1048576,0,20964,,,,,,,,,,,,,,,,,,,,,,,,,,,,,,,,,,,,,,,,,,,,,,,,,,,,,,,,,,,,,,,,,,,,,,,,,,,,,,,,,,,,,,,,,,,,,,,,,,,
"2025-09-02 15:13:11.0474006Z","ETW","Microsoft-Windows-Kernel-File",30,"CreateNewFileInfo ",2544,2728,"svchost.exe",,,,"C:\Windows\Prefetch\CMD.EXE-CD245F9E.pf",,,,,,,,,,,,[{"addr":140736918205268,"idx":0},{"addr":140736872716567,"idx":1},{"addr":140736872407957,"idx":2},{"addr":140736622686411,"idx":3},{"addr":140736622799555,"idx":4},{"addr":140736622805526,"idx":5},{"addr":140736622878872,"idx":6},{"addr":140736622877246,"idx":7},{"addr":140736623007058,"idx":8},{"addr":140736623083887,"idx":9},{"addr":140700308678045,"idx":10},{"addr":140736881194535,"idx":11},{"addr":140736897083607,"idx":12},{"addr":140736916996940,"idx":13}],0,83886176,18446660011223921280,18446660011197135016,2728,0,,,,,,,,,,,,,,,,,,,,,,,,,,,,,,,,,,,,,,,,,,,,,,,,,,,,,,,,,,,,,,,,,,,,,,,,,,,,,,,,,,,,,,,,,,,,,,,,,,,,,,,,,,,,,,,,,,
"2025-09-02 15:13:11.0475464Z","ETW","Microsoft-Windows-Kernel-Audit-API-Calls",6,"Info ",1912,8,"MsMpEng.exe",,,,,,,,,,,,,,,,[{"addr":140736918212548,"idx":0},{"addr":140736872857142,"idx":1},{"addr":140736738243895,"idx":2},{"addr":140736738242452,"idx":3},{"addr":140736657604428,"idx":4},{"addr":140736657598535,"idx":5},{"addr":140736657597146,"idx":6},{"addr":140736658259206,"idx":7},{"addr":140736657749938,"idx":8},{"addr":140736657909615,"idx":9},{"addr":140736658079503,"idx":10},{"addr":140736897083607,"idx":11},{"addr":140736916996940,"idx":12}],,,,,,,,,,,,,,,,,,,2097151,0,1912,8,,,,,,,,,,,,,,,,,,,,,,,,,,,,,,,,,,,,,,,,,,,,,,,,,,,,,,,,,,,,,,,,,,,,,,,,,,,,,,,,,,,,,,,,,,,,,,,,,,
"2025-09-02 15:13:11.0476306Z","ETW","Microsoft-Windows-Kernel-Process",3,"ThreadStartStart ",20964,21880,"conhost.exe",,,,,,,,,,,,,,,,[{"addr":140736918208964,"idx":0},{"addr":140736872776761,"idx":1},{"addr":140736897102141,"idx":2},{"addr":140736909291405,"idx":3},{"addr":140736909289761,"idx":4},{"addr":140736909471518,"idx":5},{"addr":140736909472222,"idx":6},{"addr":140736909469257,"idx":7},{"addr":140736909469042,"idx":8},{"addr":140736909468649,"idx":9},{"addr":140736909472335,"idx":10},{"addr":140736909678884,"idx":11},{"addr":140736909678529,"idx":12},{"addr":140736909281945,"idx":13},{"addr":140736909357884,"idx":14},{"addr":140736909350491,"idx":15},{"addr":140736910270317,"idx":16},{"addr":140736909553458,"idx":17},{"addr":140736909548907,"idx":18},{"addr":140736909576880,"idx":19},{"addr":140699016513632,"idx":20},{"addr":140699016510980,"idx":21},{"addr":140699016520465,"idx":22},{"addr":140736897083607,"idx":23},{"addr":140736916996940,"idx":24}],,,,,,,,,20964,18446639081550417920,18446639081550393344,140736910320112,0,12003479552,19284,12001280000,12001271808,140736910320112,,,,,,,,,,,,,,,,,,,,,,,,,,,,,,,,,,,,,,,,,,,,,,,,,,,,,,,,,,,,,,,,,,,,,,,,,,,,,,,,,,,,,,,,,,,,,,,,,,,,,,
"2025-09-02 15:13:11.0478800Z","ETW","Microsoft-Windows-Kernel-Process",3,"ThreadStartStart ",4,72,"System",,,,,,,,,,,,,,,,[],,,,,,,,,20964,18446639081566330880,18446639081566306304,140736917348896,0,12003487744,17608,12004622336,12004614144,140736917348896,,,,,,,,,,,,,,,,,,,,,,,,,,,,,,,,,,,,,,,,,,,,,,,,,,,,,,,,,,,,,,,,,,,,,,,,,,,,,,,,,,,,,,,,,,,,,,,,,,,,,,
"2025-09-02 15:13:11.0480185Z","ETW","Microsoft-Windows-Kernel-Process",3,"ThreadStartStart ",20964,17608,"conhost.exe",,,,,,,,,,,,,,,,[{"addr":140736918216388,"idx":0},{"addr":140736917669762,"idx":1},{"addr":140736882108009,"idx":2},{"addr":140736882120022,"idx":3},{"addr":140736882104053,"idx":4},{"addr":140736882098504,"idx":5},{"addr":140736917358174,"idx":6},{"addr":140736917350275,"idx":7},{"addr":140736897083607,"idx":8},{"addr":140736916996940,"idx":9}],,,,,,,,,20964,18446639081546342400,18446639081546317824,140736917348896,0,12003495936,15888,12005670912,12005662720,140736917348896,,,,,,,,,,,,,,,,,,,,,,,,,,,,,,,,,,,,,,,,,,,,,,,,,,,,,,,,,,,,,,,,,,,,,,,,,,,,,,,,,,,,,,,,,,,,,,,,,,,,,,
"2025-09-02 15:13:11.0486560Z","ETW","Microsoft-Windows-Kernel-Audit-API-Calls",5,"Info ",1076,15876,"svchost.exe",,,,,,,,,,,,,,,,[{"addr":140736918203764,"idx":0},{"addr":140736872733451,"idx":1},{"addr":140736825975970,"idx":2},{"addr":140736825975662,"idx":3},{"addr":140736882620003,"idx":4},{"addr":140736882628366,"idx":5},{"addr":140736882319852,"idx":6},{"addr":140736882311415,"idx":7},{"addr":140736882088628,"idx":8},{"addr":140736882092744,"idx":9},{"addr":140736882015316,"idx":10},{"addr":140736882081820,"idx":11},{"addr":140736882106396,"idx":12},{"addr":140736882102691,"idx":13},{"addr":140736882098504,"idx":14},{"addr":140736917358174,"idx":15},{"addr":140736917350275,"idx":16},{"addr":140736897083607,"idx":17},{"addr":140736916996940,"idx":18}],,,,,,,,,,,,,,,,,,,4096,0,528,,,,,,,,,,,,,,,,,,,,,,,,,,,,,,,,,,,,,,,,,,,,,,,,,,,,,,,,,,,,,,,,,,,,,,,,,,,,,,,,,,,,,,,,,,,,,,,,,,,
"2025-09-02 15:13:11.0486696Z","ETW","Microsoft-Windows-Kernel-Audit-API-Calls",5,"Info ",1076,15876,"svchost.exe",,,,,,,,,,,,,,,,[{"addr":140736918203764,"idx":0},{"addr":140736872731894,"idx":1},{"addr":140736825941677,"idx":2},{"addr":140736825976196,"idx":3},{"addr":140736825975662,"idx":4},{"addr":140736882620003,"idx":5},{"addr":140736882628366,"idx":6},{"addr":140736882319852,"idx":7},{"addr":140736882311415,"idx":8},{"addr":140736882088628,"idx":9},{"addr":140736882092744,"idx":10},{"addr":140736882015316,"idx":11},{"addr":140736882081820,"idx":12},{"addr":140736882106396,"idx":13},{"addr":140736882102691,"idx":14},{"addr":140736882098504,"idx":15},{"addr":140736917358174,"idx":16},{"addr":140736917350275,"idx":17},{"addr":140736897083607,"idx":18},{"addr":140736916996940,"idx":19}],,,,,,,,,,,,,,,,,,,64,0,1076,,,,,,,,,,,,,,,,,,,,,,,,,,,,,,,,,,,,,,,,,,,,,,,,,,,,,,,,,,,,,,,,,,,,,,,,,,,,,,,,,,,,,,,,,,,,,,,,,,,
"2025-09-02 15:13:11.0513816Z","ETW","Microsoft-Windows-Kernel-Audit-API-Calls",5,"Info ",2828,1056,"svchost.exe",,,,,,,,,,,,,,,,[{"addr":140736918206916,"idx":0},{"addr":140736882337646,"idx":1},{"addr":140736910267593,"idx":2},{"addr":140736627175582,"idx":3},{"addr":140736627576768,"idx":4},{"addr":140736882620003,"idx":5},{"addr":140736882628366,"idx":6},{"addr":140736881847376,"idx":7},{"addr":140736909646499,"idx":8},{"addr":140736909646267,"idx":9},{"addr":140736909643574,"idx":10},{"addr":140736909641089,"idx":11},{"addr":140736910206646,"idx":12},{"addr":140736909298250,"idx":13},{"addr":140736909422200,"idx":14},{"addr":140736909684515,"idx":15},{"addr":140736882311415,"idx":16},{"addr":140736882088628,"idx":17},{"addr":140736882092154,"idx":18},{"addr":140736882015316,"idx":19},{"addr":140736882081820,"idx":20},{"addr":140736882106396,"idx":21},{"addr":140736882102691,"idx":22},{"addr":140736882098504,"idx":23},{"addr":140736917358174,"idx":24},{"addr":140736917350275,"idx":25},{"addr":140736897083607,"idx":26},{"addr":140736916996940,"idx":27}],,,,,,,,,,,,,,,,,,,4096,0,528,,,,,,,,,,,,,,,,,,,,,,,,,,,,,,,,,,,,,,,,,,,,,,,,,,,,,,,,,,,,,,,,,,,,,,,,,,,,,,,,,,,,,,,,,,,,,,,,,,,
"2025-09-02 15:13:11.0521243Z","ETW","Microsoft-Windows-Kernel-Audit-API-Calls",5,"Info ",2828,1056,"svchost.exe",,,,,,,,,,,,,,,,[{"addr":140736918206916,"idx":0},{"addr":140736882337646,"idx":1},{"addr":140736910267593,"idx":2},{"addr":140736627175582,"idx":3},{"addr":140736627653072,"idx":4},{"addr":140736882620003,"idx":5},{"addr":140736882628366,"idx":6},{"addr":140736881847376,"idx":7},{"addr":140736909646499,"idx":8},{"addr":140736909646267,"idx":9},{"addr":140736909643574,"idx":10},{"addr":140736909641089,"idx":11},{"addr":140736910206646,"idx":12},{"addr":140736909298250,"idx":13},{"addr":140736909422200,"idx":14},{"addr":140736909684515,"idx":15},{"addr":140736882311415,"idx":16},{"addr":140736882088628,"idx":17},{"addr":140736882092154,"idx":18},{"addr":140736882015316,"idx":19},{"addr":140736882081820,"idx":20},{"addr":140736882106396,"idx":21},{"addr":140736882102691,"idx":22},{"addr":140736882098504,"idx":23},{"addr":140736917358174,"idx":24},{"addr":140736917350275,"idx":25},{"addr":140736897083607,"idx":26},{"addr":140736916996940,"idx":27}],,,,,,,,,,,,,,,,,,,4096,0,528,,,,,,,,,,,,,,,,,,,,,,,,,,,,,,,,,,,,,,,,,,,,,,,,,,,,,,,,,,,,,,,,,,,,,,,,,,,,,,,,,,,,,,,,,,,,,,,,,,,
"2025-09-02 15:13:11.0525279Z","ETW","Microsoft-Windows-Kernel-Process",3,"ThreadStartStart ",2828,1056,"svchost.exe",,,,,,,,,,,,,,,,[{"addr":140736918216388,"idx":0},{"addr":140736917669762,"idx":1},{"addr":140736882108009,"idx":2},{"addr":140736882106619,"idx":3},{"addr":140736882102691,"idx":4},{"addr":140736882098504,"idx":5},{"addr":140736917358174,"idx":6},{"addr":140736917350275,"idx":7},{"addr":140736897083607,"idx":8},{"addr":140736916996940,"idx":9}],,,,,,,,,2828,18446639081651503104,18446639081651478528,140736917348896,185,367498928128,8368,367501246464,367501213696,140736917348896,,,,,,,,,,,,,,,,,,,,,,,,,,,,,,,,,,,,,,,,,,,,,,,,,,,,,,,,,,,,,,,,,,,,,,,,,,,,,,,,,,,,,,,,,,,,,,,,,,,,,,
"2025-09-02 15:13:11.0560369Z","ETW","Microsoft-Windows-Kernel-Audit-API-Calls",6,"Info ",1912,8,"MsMpEng.exe",,,,,,,,,,,,,,,,[{"addr":140736918212548,"idx":0},{"addr":140736872857142,"idx":1},{"addr":140736738243895,"idx":2},{"addr":140736738242452,"idx":3},{"addr":140736657604428,"idx":4},{"addr":140736657598535,"idx":5},{"addr":140736657597146,"idx":6},{"addr":140736658259206,"idx":7},{"addr":140736657749938,"idx":8},{"addr":140736657909615,"idx":9},{"addr":140736658079503,"idx":10},{"addr":140736897083607,"idx":11},{"addr":140736916996940,"idx":12}],,,,,,,,,,,,,,,,,,,2097151,0,1912,8,,,,,,,,,,,,,,,,,,,,,,,,,,,,,,,,,,,,,,,,,,,,,,,,,,,,,,,,,,,,,,,,,,,,,,,,,,,,,,,,,,,,,,,,,,,,,,,,,,
"2025-09-02 15:13:11.0560546Z","ETW","Microsoft-Windows-Kernel-File",10,"NameCreateInfo ",504,12996,"PerfWatson2.exe",,,,"C:\Users\hacker\AppData\Local\Microsoft\VSApplicationInsights\vstelf3e86b4023cc43f0be495508d51f588a\20250902151301_9e85e2a328604048a9286c8c2b2b4903.trn",,,,,,,,,,,,[{"addr":140736918203796,"idx":0},{"addr":140736872933501,"idx":1},{"addr":140736872933206,"idx":2},{"addr":140736650074171,"idx":3},{"addr":140736650082842,"idx":4},{"addr":140736650106536,"idx":5},{"addr":140736650102613,"idx":6},{"addr":140735494842275,"idx":7},{"addr":140735494841375,"idx":8},{"addr":140735494812234,"idx":9},{"addr":140735644872007,"idx":10},{"addr":140735644703736,"idx":11},{"addr":140735644703461,"idx":12},{"addr":140735644876225,"idx":13},{"addr":140735644872337,"idx":14},{"addr":140735644703736,"idx":15},{"addr":140735644703461,"idx":16},{"addr":140735644703413,"idx":17},{"addr":140735654719792,"idx":18},{"addr":140735664821955,"idx":19},{"addr":140735663497947,"idx":20},{"addr":140735663204394,"idx":21},{"addr":140735666985267,"idx":22},{"addr":140735663599563,"idx":23},{"addr":140735663599343,"idx":24},{"addr":140735663599035,"idx":25},{"addr":140735663598895,"idx":26},{"addr":140735664346161,"idx":27},{"addr":140735664709546,"idx":28},{"addr":140736897083607,"idx":29},{"addr":140736916996940,"idx":30}],,,,,,,18446708904992438208,,,,,,,,,,,,,,,,,,,,,,,,,,,,,,,,,,,,,,,,,,,,,,,,,,,,,,,,,,,,,,,,,,,,,,,,,,,,,,,,,,,,,,,,,,,,,,,,,,,,,,,,,,,,,,,,,
"2025-09-02 15:13:11.0562861Z","ETW","Microsoft-Antimalware-Engine",59,"Message Info ",1912,22008,"MsMpEng.exe",,,,,,0,"Behavior:Win32/ASRUsbCopiedRenamed","0x19B3CC206E0B","7cd6872bd369cad262956a7857d3829369d711f7",,,,,,,[],,,,,,,,,,,,,,,,,,,,,,,,,,,,,,,,,,,,,,,,,,,,,,,,,,,,,,,,,,,,,,,,,,,,,,,,,,,,,,,,,,,,,,,,,,,,,,,,,,,,,,,,,,,,,,,,,,,,,,,,
"2025-09-02 15:13:11.0565635Z","ETW","Microsoft-Windows-Kernel-Process",3,"ThreadStartStart ",504,12996,"PerfWatson2.exe",,,,,,,,,,,,,,,,[{"addr":140736918208964,"idx":0},{"addr":140736872776761,"idx":1},{"addr":140736897102141,"idx":2},{"addr":140735663334047,"idx":3},{"addr":140735664153845,"idx":4},{"addr":140735664153753,"idx":5},{"addr":140735664502749,"idx":6},{"addr":140735664502454,"idx":7},{"addr":140735645168569,"idx":8},{"addr":140735645006392,"idx":9},{"addr":140735645006324,"idx":10},{"addr":140735644875426,"idx":11},{"addr":140735653701223,"idx":12},{"addr":140735645197972,"idx":13},{"addr":140735655566588,"idx":14},{"addr":140735655790207,"idx":15},{"addr":140735653701616,"idx":16},{"addr":140735653190149,"idx":17},{"addr":140735653701270,"idx":18},{"addr":140735655573292,"idx":19},{"addr":140735654069177,"idx":20},{"addr":140735653151945,"idx":21},{"addr":140735655568294,"idx":22},{"addr":140735655337234,"idx":23},{"addr":140735653150785,"idx":24},{"addr":140735653150665,"idx":25},{"addr":140735495110774,"idx":26},{"addr":140735494475906,"idx":27},{"addr":140735494828465,"idx":28},{"addr":140735495108836,"idx":29},{"addr":140735494476258,"idx":30},{"addr":140735494828228,"idx":31},{"addr":140735495106631,"idx":32},{"addr":140735494476434,"idx":33},{"addr":140735494940411,"idx":34},{"addr":140735495100678,"idx":35},{"addr":140735494476786,"idx":36},{"addr":140735494843957,"idx":37},{"addr":140735494842329,"idx":38},{"addr":140735494841375,"idx":39},{"addr":140735494812234,"idx":40},{"addr":140735644872007,"idx":41},{"addr":140735644703736,"idx":42},{"addr":140735644703461,"idx":43},{"addr":140735644876225,"idx":44},{"addr":140735644872337,"idx":45},{"addr":140735644703736,"idx":46},{"addr":140735644703461,"idx":47},{"addr":140735644703413,"idx":48},{"addr":140735654719792,"idx":49},{"addr":140735664821955,"idx":50},{"addr":140735663497947,"idx":51},{"addr":140735663204394,"idx":52},{"addr":140735666985267,"idx":53},{"addr":140735663599563,"idx":54},{"addr":140735663599343,"idx":55},{"addr":140735663599035,"idx":56},{"addr":140735663598895,"idx":57},{"addr":140735664346161,"idx":58},{"addr":140735664709546,"idx":59},{"addr":140736897083607,"idx":60},{"addr":140736916996940,"idx":61}],,,,,,,,,504,18446639081549811712,18446639081549787136,140735664156336,0,264449196032,3900,264476295168,264476278784,140735664156336,,,,,,,,,,,,,,,,,,,,,,,,,,,,,,,,,,,,,,,,,,,,,,,,,,,,,,,,,,,,,,,,,,,,,,,,,,,,,,,,,,,,,,,,,,,,,,,,,,,,,,
"2025-09-02 15:13:11.0565911Z","ETW","Microsoft-Windows-Kernel-Process",3,"ThreadStartStart ",504,16988,"PerfWatson2.exe",,,,,,,,,,,,,,,,[{"addr":140736918208964,"idx":0},{"addr":140736872776761,"idx":1},{"addr":140736897102141,"idx":2},{"addr":140735663330216,"idx":3},{"addr":140735663329863,"idx":4},{"addr":140735664154939,"idx":5},{"addr":140735664154144,"idx":6},{"addr":140735664153748,"idx":7},{"addr":140735664502749,"idx":8},{"addr":140735664502454,"idx":9},{"addr":140735645168569,"idx":10},{"addr":140735644946553,"idx":11},{"addr":140735644946124,"idx":12},{"addr":140735664821955,"idx":13},{"addr":140735663497947,"idx":14},{"addr":140735663204394,"idx":15},{"addr":140735663203658,"idx":16},{"addr":140735663599563,"idx":17},{"addr":140735663599343,"idx":18},{"addr":140735663599035,"idx":19},{"addr":140735663598895,"idx":20},{"addr":140735664478250,"idx":21},{"addr":140735664153021,"idx":22},{"addr":140735664152441,"idx":23},{"addr":140735664709546,"idx":24},{"addr":140736897083607,"idx":25},{"addr":140736916996940,"idx":26}],,,,,,,,,504,18446639081639264256,18446639081639239680,140735664709408,0,264449204224,22020,264480489472,264480473088,140735664709408,,,,,,,,,,,,,,,,,,,,,,,,,,,,,,,,,,,,,,,,,,,,,,,,,,,,,,,,,,,,,,,,,,,,,,,,,,,,,,,,,,,,,,,,,,,,,,,,,,,,,,
"2025-09-02 15:13:11.0567442Z","ETW","Microsoft-Windows-Kernel-Process",3,"ThreadStartStart ",504,16988,"PerfWatson2.exe",,,,,,,,,,,,,,,,[{"addr":140736918208964,"idx":0},{"addr":140736872776761,"idx":1},{"addr":140736897102141,"idx":2},{"addr":140735663330216,"idx":3},{"addr":140735663329863,"idx":4},{"addr":140735664154939,"idx":5},{"addr":140735664154144,"idx":6},{"addr":140735664153748,"idx":7},{"addr":140735664502749,"idx":8},{"addr":140735664502454,"idx":9},{"addr":140735645168569,"idx":10},{"addr":140735645006392,"idx":11},{"addr":140735645006324,"idx":12},{"addr":140735644875426,"idx":13},{"addr":140735653701223,"idx":14},{"addr":140735645197972,"idx":15},{"addr":140735655566588,"idx":16},{"addr":140735655790207,"idx":17},{"addr":140735653701616,"idx":18},{"addr":140735653190149,"idx":19},{"addr":140735653701270,"idx":20},{"addr":140735655573801,"idx":21},{"addr":140735654069177,"idx":22},{"addr":140735653151945,"idx":23},{"addr":140735655570149,"idx":24},{"addr":140735655337058,"idx":25},{"addr":140735653151025,"idx":26},{"addr":140735653150905,"idx":27},{"addr":140735495111351,"idx":28},{"addr":140735494475730,"idx":29},{"addr":140735494828577,"idx":30},{"addr":140735495110205,"idx":31},{"addr":140735644703736,"idx":32},{"addr":140735644703461,"idx":33},{"addr":140735645089679,"idx":34},{"addr":140735645109715,"idx":35},{"addr":140735644560208,"idx":36},{"addr":140735644584408,"idx":37},{"addr":140735645086387,"idx":38},{"addr":140735495111148,"idx":39},{"addr":140735644703736,"idx":40},{"addr":140735644703461,"idx":41},{"addr":140735645089679,"idx":42},{"addr":140735645109715,"idx":43},{"addr":140735644560208,"idx":44},{"addr":140735644584408,"idx":45},{"addr":140735645086387,"idx":46},{"addr":140735655569728,"idx":47},{"addr":140735644703736,"idx":48},{"addr":140735644703461,"idx":49},{"addr":140735645089679,"idx":50},{"addr":140735645109715,"idx":51},{"addr":140735644560208,"idx":52},{"addr":140735645112525,"idx":53},{"addr":140735645112763,"idx":54},{"addr":140735655574388,"idx":55},{"addr":140735644703736,"idx":56},{"addr":140735644703461,"idx":57},{"addr":140735645089679,"idx":58},{"addr":140735645109715,"idx":59},{"addr":140735644560208,"idx":60},{"addr":140735645112525,"idx":61},{"addr":140735655796517,"idx":62},{"addr":140735655796803,"idx":63},{"addr":140735644703736,"idx":64},{"addr":140735644703461,"idx":65},{"addr":140735655561566,"idx":66},{"addr":140735644560279,"idx":67},{"addr":140735644870932,"idx":68},{"addr":140735644876263,"idx":69},{"addr":140735644872337,"idx":70},{"addr":140735644946198,"idx":71},{"addr":140735664821955,"idx":72},{"addr":140735663497947,"idx":73},{"addr":140735663204394,"idx":74},{"addr":140735663203658,"idx":75},{"addr":140735663599563,"idx":76},{"addr":140735663599343,"idx":77},{"addr":140735663599035,"idx":78},{"addr":140735663598895,"idx":79},{"addr":140735664478250,"idx":80},{"addr":140735664153021,"idx":81},{"addr":140735664152441,"idx":82},{"addr":140735664709546,"idx":83},{"addr":140736897083607,"idx":84},{"addr":140736916996940,"idx":85}],,,,,,,,,504,18446639081566273536,18446639081566248960,140735664709408,0,264449212416,14552,264484683776,264484667392,140735664709408,,,,,,,,,,,,,,,,,,,,,,,,,,,,,,,,,,,,,,,,,,,,,,,,,,,,,,,,,,,,,,,,,,,,,,,,,,,,,,,,,,,,,,,,,,,,,,,,,,,,,,
"2025-09-02 15:13:11.0568131Z","ETW","Microsoft-Windows-Kernel-Process",3,"ThreadStartStart ",504,16988,"PerfWatson2.exe",,,,,,,,,,,,,,,,[{"addr":140736918208964,"idx":0},{"addr":140736872776761,"idx":1},{"addr":140736897102141,"idx":2},{"addr":140735663330216,"idx":3},{"addr":140735663329863,"idx":4},{"addr":140735664154939,"idx":5},{"addr":140735664154144,"idx":6},{"addr":140735664153748,"idx":7},{"addr":140735664502749,"idx":8},{"addr":140735664502454,"idx":9},{"addr":140735645168569,"idx":10},{"addr":140735644946553,"idx":11},{"addr":140735644946124,"idx":12},{"addr":140735664821955,"idx":13},{"addr":140735663497947,"idx":14},{"addr":140735663204394,"idx":15},{"addr":140735663203658,"idx":16},{"addr":140735663599563,"idx":17},{"addr":140735663599343,"idx":18},{"addr":140735663599035,"idx":19},{"addr":140735663598895,"idx":20},{"addr":140735664478250,"idx":21},{"addr":140735664153021,"idx":22},{"addr":140735664152441,"idx":23},{"addr":140735664709546,"idx":24},{"addr":140736897083607,"idx":25},{"addr":140736916996940,"idx":26}],,,,,,,,,504,18446639081566851072,18446639081566826496,140735664709408,0,264449220608,9008,264497266688,264497250304,140735664709408,,,,,,,,,,,,,,,,,,,,,,,,,,,,,,,,,,,,,,,,,,,,,,,,,,,,,,,,,,,,,,,,,,,,,,,,,,,,,,,,,,,,,,,,,,,,,,,,,,,,,,
"2025-09-02 15:13:11.0582846Z","ETW","Microsoft-Windows-Kernel-Process",1,"ProcessStartStart ",528,13948,"svchost.exe",,,,"C:\Program Files\WindowsApps\Microsoft.WindowsTerminal_1.22.12111.0_x64__8wekyb3d8bbwe\OpenConsole.exe",,,,,,,,,,,,[{"addr":140736918209220,"idx":0},{"addr":140736872957146,"idx":1},{"addr":140736872946835,"idx":2},{"addr":140736897134736,"idx":3},{"addr":140736829140225,"idx":4},{"addr":140736829503159,"idx":5},{"addr":140736829015752,"idx":6},{"addr":140736882620003,"idx":7},{"addr":140736881849533,"idx":8},{"addr":140736881848122,"idx":9},{"addr":140736882311415,"idx":10},{"addr":140736882088628,"idx":11},{"addr":140736882092744,"idx":12},{"addr":140736882015316,"idx":13},{"addr":140736882081820,"idx":14},{"addr":140736882106396,"idx":15},{"addr":140736882102691,"idx":16},{"addr":140736882098504,"idx":17},{"addr":140736917358174,"idx":18},{"addr":140736917350275,"idx":19},{"addr":140736897083607,"idx":20},{"addr":140736916996940,"idx":21}],,,,,,,,,22412,,,,,,,,,,,,,,,,,,,,,,,134012995910582239,3,1203547,"0x","Microsoft.WindowsTerminal_1.22.12111.0_x64__8wekyb3d8bbwe","App",528,13,31820,3,0,0,1,1753896228,,,,,,,,,,,,,,,,,,,,,,,,,,,,,,,,,,,,,,,,,,,,,,,,,,,,,,,,,,,,,,,,,,,,,,,,,,,
"2025-09-02 15:13:11.0583451Z","ETW","Microsoft-Windows-Kernel-Process",3,"ThreadStartStart ",504,12876,"PerfWatson2.exe",,,,,,,,,,,,,,,,[{"addr":140736918208964,"idx":0},{"addr":140736872776761,"idx":1},{"addr":140736897102141,"idx":2},{"addr":140735663330216,"idx":3},{"addr":140735663329863,"idx":4},{"addr":140735664154939,"idx":5},{"addr":140735667005926,"idx":6},{"addr":140735667009156,"idx":7},{"addr":140735667005574,"idx":8},{"addr":140735664709546,"idx":9},{"addr":140736897083607,"idx":10},{"addr":140736916996940,"idx":11}],,,,,,,,,504,18446639081565814784,18446639081565790208,140735664709408,0,264449228800,2892,264505655296,264505638912,140735664709408,,,,,,,,,,,,,,,,,,,,,,,,,,,,,,,,,,,,,,,,,,,,,,,,,,,,,,,,,,,,,,,,,,,,,,,,,,,,,,,,,,,,,,,,,,,,,,,,,,,,,,
"2025-09-02 15:13:11.0584159Z","ETW","Microsoft-Windows-Kernel-Audit-API-Calls",6,"Info ",1912,8,"MsMpEng.exe",,,,,,,,,,,,,,,,[{"addr":140736918212548,"idx":0},{"addr":140736872857142,"idx":1},{"addr":140736738243895,"idx":2},{"addr":140736738242452,"idx":3},{"addr":140736657687525,"idx":4},{"addr":140736657686325,"idx":5},{"addr":140736657683993,"idx":6},{"addr":140736658258217,"idx":7},{"addr":140736657749938,"idx":8},{"addr":140736657909615,"idx":9},{"addr":140736658079503,"idx":10},{"addr":140736897083607,"idx":11},{"addr":140736916996940,"idx":12}],,,,,,,,,,,,,,,,,,,2097151,0,1912,8,,,,,,,,,,,,,,,,,,,,,,,,,,,,,,,,,,,,,,,,,,,,,,,,,,,,,,,,,,,,,,,,,,,,,,,,,,,,,,,,,,,,,,,,,,,,,,,,,,
"2025-09-02 15:13:11.0586526Z","ETW","Microsoft-Windows-Kernel-Audit-API-Calls",5,"Info ",1912,8,"MsMpEng.exe",,,,,,,,,,,,,,,,[{"addr":140736918203764,"idx":0},{"addr":140736872731894,"idx":1},{"addr":140733815122067,"idx":2},{"addr":140733813533757,"idx":3},{"addr":140733820783122,"idx":4},{"addr":140733811457761,"idx":5},{"addr":140733811450648,"idx":6},{"addr":140733811449218,"idx":7},{"addr":140733811441856,"idx":8},{"addr":140733811790261,"idx":9},{"addr":140733811785301,"idx":10},{"addr":140736738242841,"idx":11},{"addr":140736657687525,"idx":12},{"addr":140736657686325,"idx":13},{"addr":140736657683993,"idx":14},{"addr":140736658258217,"idx":15},{"addr":140736657749938,"idx":16},{"addr":140736657909615,"idx":17},{"addr":140736658079503,"idx":18},{"addr":140736897083607,"idx":19},{"addr":140736916996940,"idx":20}],,,,,,,,,,,,,,,,,,,1536,0,22412,,,,,,,,,,,,,,,,,,,,,,,,,,,,,,,,,,,,,,,,,,,,,,,,,,,,,,,,,,,,,,,,,,,,,,,,,,,,,,,,,,,,,,,,,,,,,,,,,,,
"2025-09-02 15:13:11.0588799Z","ETW","Microsoft-Windows-Kernel-Audit-API-Calls",5,"Info ",1912,22008,"MsMpEng.exe",,,,,,,,,,,,,,,,[{"addr":140736918203764,"idx":0},{"addr":140736872731894,"idx":1},{"addr":140733810479103,"idx":2},{"addr":140733810478599,"idx":3},{"addr":140733810481824,"idx":4},{"addr":140733811992461,"idx":5},{"addr":140733811987347,"idx":6},{"addr":140733811996001,"idx":7},{"addr":140733811994278,"idx":8},{"addr":140733810447018,"idx":9},{"addr":140733810434825,"idx":10},{"addr":140733810436081,"idx":11},{"addr":140733810435993,"idx":12},{"addr":140733812865289,"idx":13},{"addr":140733811799252,"idx":14},{"addr":140733811789863,"idx":15},{"addr":140733811785301,"idx":16},{"addr":140736738242841,"idx":17},{"addr":140736657613597,"idx":18},{"addr":140736657838177,"idx":19},{"addr":140736749360292,"idx":20},{"addr":140736749360015,"idx":21},{"addr":140736917255712,"idx":22},{"addr":140736917350945,"idx":23},{"addr":140736897083607,"idx":24},{"addr":140736916996940,"idx":25}],,,,,,,,,,,,,,,,,,,4096,0,22412,,,,,,,,,,,,,,,,,,,,,,,,,,,,,,,,,,,,,,,,,,,,,,,,,,,,,,,,,,,,,,,,,,,,,,,,,,,,,,,,,,,,,,,,,,,,,,,,,,,
"2025-09-02 15:13:11.0591153Z","ETW","Microsoft-Windows-Kernel-Process",3,"ThreadStartStart ",528,13948,"svchost.exe",,,,,,,,,,,,,,,,[{"addr":140736918209220,"idx":0},{"addr":140736872957146,"idx":1},{"addr":140736872946835,"idx":2},{"addr":140736897134736,"idx":3},{"addr":140736829140225,"idx":4},{"addr":140736829503159,"idx":5},{"addr":140736829015752,"idx":6},{"addr":140736882620003,"idx":7},{"addr":140736881849533,"idx":8},{"addr":140736881848122,"idx":9},{"addr":140736882311415,"idx":10},{"addr":140736882088628,"idx":11},{"addr":140736882092744,"idx":12},{"addr":140736882015316,"idx":13},{"addr":140736882081820,"idx":14},{"addr":140736882106396,"idx":15},{"addr":140736882102691,"idx":16},{"addr":140736882098504,"idx":17},{"addr":140736917358174,"idx":18},{"addr":140736917350275,"idx":19},{"addr":140736897083607,"idx":20},{"addr":140736916996940,"idx":21}],,,,,,,,,22412,18446639081566502912,18446639081566478336,140700077527200,40,595717816320,15032,595720142848,595720138752,140700077527200,,,,,,,,,,,,,,,,,,,,,,,,,,,,,,,,,,,,,,,,,,,,,,,,,,,,,,,,,,,,,,,,,,,,,,,,,,,,,,,,,,,,,,,,,,,,,,,,,,,,,,
"2025-09-02 15:13:11.0594652Z","ETW","Microsoft-Windows-Kernel-Audit-API-Calls",6,"Info ",1912,8,"MsMpEng.exe",,,,,,,,,,,,,,,,[{"addr":140736918212548,"idx":0},{"addr":140736872857142,"idx":1},{"addr":140736738243895,"idx":2},{"addr":140736738242452,"idx":3},{"addr":140736657604428,"idx":4},{"addr":140736657598535,"idx":5},{"addr":140736657597146,"idx":6},{"addr":140736658259206,"idx":7},{"addr":140736657749938,"idx":8},{"addr":140736657909615,"idx":9},{"addr":140736658079503,"idx":10},{"addr":140736897083607,"idx":11},{"addr":140736916996940,"idx":12}],,,,,,,,,,,,,,,,,,,2097151,0,1912,8,,,,,,,,,,,,,,,,,,,,,,,,,,,,,,,,,,,,,,,,,,,,,,,,,,,,,,,,,,,,,,,,,,,,,,,,,,,,,,,,,,,,,,,,,,,,,,,,,,
"2025-09-02 15:13:11.0602331Z","ETW","Microsoft-Windows-Kernel-Audit-API-Calls",5,"Info ",676,940,"csrss.exe",,,,,,,,,,,,,,,,[{"addr":140736918203764,"idx":0},{"addr":140736867430364,"idx":1},{"addr":140736867572214,"idx":2},{"addr":140736916996962,"idx":3}],,,,,,,,,,,,,,,,,,,2097151,0,22412,,,,,,,,,,,,,,,,,,,,,,,,,,,,,,,,,,,,,,,,,,,,,,,,,,,,,,,,,,,,,,,,,,,,,,,,,,,,,,,,,,,,,,,,,,,,,,,,,,,
"2025-09-02 15:13:11.0602386Z","ETW","Microsoft-Windows-Kernel-Audit-API-Calls",6,"Info ",676,940,"csrss.exe",,,,,,,,,,,,,,,,[{"addr":140736918212548,"idx":0},{"addr":140736867430626,"idx":1},{"addr":140736867572214,"idx":2},{"addr":140736916996962,"idx":3}],,,,,,,,,,,,,,,,,,,2097151,0,22412,15032,,,,,,,,,,,,,,,,,,,,,,,,,,,,,,,,,,,,,,,,,,,,,,,,,,,,,,,,,,,,,,,,,,,,,,,,,,,,,,,,,,,,,,,,,,,,,,,,,,
"2025-09-02 15:13:11.0607784Z","ETW","Microsoft-Windows-Kernel-Audit-API-Calls",5,"Info ",528,13948,"svchost.exe",,,,,,,,,,,,,,,,[{"addr":140736918203764,"idx":0},{"addr":140736872731894,"idx":1},{"addr":140736463393958,"idx":2},{"addr":140736829140853,"idx":3},{"addr":140736829503159,"idx":4},{"addr":140736829015752,"idx":5},{"addr":140736882620003,"idx":6},{"addr":140736881849533,"idx":7},{"addr":140736881848122,"idx":8},{"addr":140736882311415,"idx":9},{"addr":140736882088628,"idx":10},{"addr":140736882092744,"idx":11},{"addr":140736882015316,"idx":12},{"addr":140736882081820,"idx":13},{"addr":140736882106396,"idx":14},{"addr":140736882102691,"idx":15},{"addr":140736882098504,"idx":16},{"addr":140736917358174,"idx":17},{"addr":140736917350275,"idx":18},{"addr":140736897083607,"idx":19},{"addr":140736916996940,"idx":20}],,,,,,,,,,,,,,,,,,,4353,0,22412,,,,,,,,,,,,,,,,,,,,,,,,,,,,,,,,,,,,,,,,,,,,,,,,,,,,,,,,,,,,,,,,,,,,,,,,,,,,,,,,,,,,,,,,,,,,,,,,,,,
"2025-09-02 15:13:11.0607985Z","ETW","Microsoft-Windows-Kernel-Audit-API-Calls",6,"Info ",528,13948,"svchost.exe",,,,,,,,,,,,,,,,[{"addr":140736918212548,"idx":0},{"addr":140736872857142,"idx":1},{"addr":140736463394091,"idx":2},{"addr":140736829140853,"idx":3},{"addr":140736829503159,"idx":4},{"addr":140736829015752,"idx":5},{"addr":140736882620003,"idx":6},{"addr":140736881849533,"idx":7},{"addr":140736881848122,"idx":8},{"addr":140736882311415,"idx":9},{"addr":140736882088628,"idx":10},{"addr":140736882092744,"idx":11},{"addr":140736882015316,"idx":12},{"addr":140736882081820,"idx":13},{"addr":140736882106396,"idx":14},{"addr":140736882102691,"idx":15},{"addr":140736882098504,"idx":16},{"addr":140736917358174,"idx":17},{"addr":140736917350275,"idx":18},{"addr":140736897083607,"idx":19},{"addr":140736916996940,"idx":20}],,,,,,,,,,,,,,,,,,,2,0,22412,15032,,,,,,,,,,,,,,,,,,,,,,,,,,,,,,,,,,,,,,,,,,,,,,,,,,,,,,,,,,,,,,,,,,,,,,,,,,,,,,,,,,,,,,,,,,,,,,,,,,
"2025-09-02 15:13:11.0611714Z","ETW","Microsoft-Windows-Kernel-Audit-API-Calls",3,"Info ",528,13948,"svchost.exe",,,,,,,,,,,,,,,,[{"addr":140736918208932,"idx":0},{"addr":140736872807932,"idx":1},{"addr":140736872803064,"idx":2},{"addr":140736872799513,"idx":3},{"addr":140736872799017,"idx":4},{"addr":140736463332752,"idx":5},{"addr":140736463394311,"idx":6},{"addr":140736829140853,"idx":7},{"addr":140736829503159,"idx":8},{"addr":140736829015752,"idx":9},{"addr":140736882620003,"idx":10},{"addr":140736881849533,"idx":11},{"addr":140736881848122,"idx":12},{"addr":140736882311415,"idx":13},{"addr":140736882088628,"idx":14},{"addr":140736882092744,"idx":15},{"addr":140736882015316,"idx":16},{"addr":140736882081820,"idx":17},{"addr":140736882106396,"idx":18},{"addr":140736882102691,"idx":19},{"addr":140736882098504,"idx":20},{"addr":140736917358174,"idx":21},{"addr":140736917350275,"idx":22},{"addr":140736897083607,"idx":23},{"addr":140736916996940,"idx":24}],,,,,,,,,,,,,,,,,,,983041,0,,,,,,,,,,,,,,,,,,,,,,,,,,,,,,,,,,,,,,,,,,,,,,,,,,,,,,,,,,,,,,,,,,,,,,,,,,,,,,,"Local","\Sessions\1\AppContainerNamedObjects\S-1-15-2-1254322593-1477425798-1529151232-702750859-81020123-3651049416-2875749711",,,,,,,,,,,,,,,,,,,,
"2025-09-02 15:13:11.0611796Z","ETW","Microsoft-Windows-Kernel-Audit-API-Calls",3,"Info ",528,13948,"svchost.exe",,,,,,,,,,,,,,,,[{"addr":140736918208932,"idx":0},{"addr":140736872808007,"idx":1},{"addr":140736872803064,"idx":2},{"addr":140736872799513,"idx":3},{"addr":140736872799017,"idx":4},{"addr":140736463332752,"idx":5},{"addr":140736463394311,"idx":6},{"addr":140736829140853,"idx":7},{"addr":140736829503159,"idx":8},{"addr":140736829015752,"idx":9},{"addr":140736882620003,"idx":10},{"addr":140736881849533,"idx":11},{"addr":140736881848122,"idx":12},{"addr":140736882311415,"idx":13},{"addr":140736882088628,"idx":14},{"addr":140736882092744,"idx":15},{"addr":140736882015316,"idx":16},{"addr":140736882081820,"idx":17},{"addr":140736882106396,"idx":18},{"addr":140736882102691,"idx":19},{"addr":140736882098504,"idx":20},{"addr":140736917358174,"idx":21},{"addr":140736917350275,"idx":22},{"addr":140736897083607,"idx":23},{"addr":140736916996940,"idx":24}],,,,,,,,,,,,,,,,,,,983041,0,,,,,,,,,,,,,,,,,,,,,,,,,,,,,,,,,,,,,,,,,,,,,,,,,,,,,,,,,,,,,,,,,,,,,,,,,,,,,,,"Session","\Sessions\1\AppContainerNamedObjects\S-1-15-2-1254322593-1477425798-1529151232-702750859-81020123-3651049416-2875749711",,,,,,,,,,,,,,,,,,,,
"2025-09-02 15:13:11.0617385Z","ETW","Microsoft-Windows-Kernel-Process",5,"ImageLoadInfo ",22412,15032,"OpenConsole.exe",,,,"C:\Program Files\WindowsApps\Microsoft.WindowsTerminal_1.22.12111.0_x64__8wekyb3d8bbwe\OpenConsole.exe",,,,,,,,,,,,[{"addr":140736916996896,"idx":0}],,,,,,,,,22412,,,,,,,,,,,,,,,,,,,,,,,,,,,,,,,,,,,,1753896228,140700076736512,140700076736512,1203547,1159168,,,,,,,,,,,,,,,,,,,,,,,,,,,,,,,,,,,,,,,,,,,,,,,,,,,,,,,,,,,,,,,,,,,,,,,
"2025-09-02 15:13:11.0617847Z","ETW","Microsoft-Windows-Kernel-Process",5,"ImageLoadInfo ",22412,15032,"OpenConsole.exe",,,,"C:\Windows\System32\ntdll.dll",,,,,,,,,,,,[{"addr":140736916996896,"idx":0}],,,,,,,,,22412,,,,,,,,,,,,,,,,,,,,,,,,,,,,,,,,,,,,2512787800,140736916750336,140736916750336,2531053,2519040,,,,,,,,,,,,,,,,,,,,,,,,,,,,,,,,,,,,,,,,,,,,,,,,,,,,,,,,,,,,,,,,,,,,,,,
"2025-09-02 15:13:11.0619150Z","ETW","Microsoft-Windows-Kernel-Audit-API-Calls",6,"Info ",1912,8,"MsMpEng.exe",,,,,,,,,,,,,,,,[{"addr":140736918212548,"idx":0},{"addr":140736872857142,"idx":1},{"addr":140736738243895,"idx":2},{"addr":140736738242452,"idx":3},{"addr":140736657604428,"idx":4},{"addr":140736657598535,"idx":5},{"addr":140736657597146,"idx":6},{"addr":140736658259206,"idx":7},{"addr":140736657749938,"idx":8},{"addr":140736657909615,"idx":9},{"addr":140736658079503,"idx":10},{"addr":140736897083607,"idx":11},{"addr":140736916996940,"idx":12}],,,,,,,,,,,,,,,,,,,2097151,0,1912,8,,,,,,,,,,,,,,,,,,,,,,,,,,,,,,,,,,,,,,,,,,,,,,,,,,,,,,,,,,,,,,,,,,,,,,,,,,,,,,,,,,,,,,,,,,,,,,,,,,
"2025-09-02 15:13:11.0619367Z","ETW","Microsoft-Windows-Kernel-Audit-API-Calls",5,"Info ",1912,8,"MsMpEng.exe",,,,,,,,,,,,,,,,[{"addr":140736918203764,"idx":0},{"addr":140736872731894,"idx":1},{"addr":140733810479103,"idx":2},{"addr":140733810478599,"idx":3},{"addr":140733809630809,"idx":4},{"addr":140733809420559,"idx":5},{"addr":140733811789991,"idx":6},{"addr":140733811785301,"idx":7},{"addr":140736738242841,"idx":8},{"addr":140736657604428,"idx":9},{"addr":140736657598535,"idx":10},{"addr":140736657597146,"idx":11},{"addr":140736658259206,"idx":12},{"addr":140736657749938,"idx":13},{"addr":140736657909615,"idx":14},{"addr":140736658079503,"idx":15},{"addr":140736897083607,"idx":16},{"addr":140736916996940,"idx":17}],,,,,,,,,,,,,,,,,,,1052672,0,22412,,,,,,,,,,,,,,,,,,,,,,,,,,,,,,,,,,,,,,,,,,,,,,,,,,,,,,,,,,,,,,,,,,,,,,,,,,,,,,,,,,,,,,,,,,,,,,,,,,,
"2025-09-02 15:13:11.0663771Z","ETW","Microsoft-Windows-Kernel-Process",5,"ImageLoadInfo ",22412,15032,"OpenConsole.exe",,,,"C:\Windows\System32\kernel32.dll",,,,,,,,,,,,[{"addr":140736918203828,"idx":0},{"addr":140736917192506,"idx":1},{"addr":140736917191278,"idx":2},{"addr":140736917190209,"idx":3},{"addr":140736916804181,"idx":4},{"addr":140736916785218,"idx":5},{"addr":140736916784352,"idx":6},{"addr":140736917101952,"idx":7},{"addr":140736917649076,"idx":8},{"addr":140736917165243,"idx":9},{"addr":140736917158036,"idx":10},{"addr":140736917157502,"idx":11},{"addr":140736916971470,"idx":12}],,,,,,,,,22412,,,,,,,,,,,,,,,,,,,,,,,,,,,,,,,,,,,,2842556120,140736896892928,140736896892928,880212,823296,,,,,,,,,,,,,,,,,,,,,,,,,,,,,,,,,,,,,,,,,,,,,,,,,,,,,,,,,,,,,,,,,,,,,,,
"2025-09-02 15:13:11.0664947Z","ETW","Microsoft-Windows-Kernel-Process",5,"ImageLoadInfo ",22412,15032,"OpenConsole.exe",,,,"C:\Windows\System32\KernelBase.dll",,,,,,,,,,,,[{"addr":140736918203828,"idx":0},{"addr":140736917192506,"idx":1},{"addr":140736917191278,"idx":2},{"addr":140736917190209,"idx":3},{"addr":140736916798526,"idx":4},{"addr":140736916790798,"idx":5},{"addr":140736917191656,"idx":6},{"addr":140736917190209,"idx":7},{"addr":140736916804181,"idx":8},{"addr":140736916785218,"idx":9},{"addr":140736916784352,"idx":10},{"addr":140736917101952,"idx":11},{"addr":140736917649076,"idx":12},{"addr":140736917165243,"idx":13},{"addr":140736917158036,"idx":14},{"addr":140736917157502,"idx":15},{"addr":140736916971470,"idx":16}],,,,,,,,,22412,,,,,,,,,,,,,,,,,,,,,,,,,,,,,,,,,,,,1916522255,140736871923712,140736871923712,4150506,4128768,,,,,,,,,,,,,,,,,,,,,,,,,,,,,,,,,,,,,,,,,,,,,,,,,,,,,,,,,,,,,,,,,,,,,,,
"2025-09-02 15:13:11.0669009Z","ETW","Microsoft-Windows-Kernel-Audit-API-Calls",5,"Info ",760,776,"csrss.exe",,,,,,,,,,,,,,,,[{"addr":140736918206916,"idx":0},{"addr":140736867541693,"idx":1},{"addr":140736867538681,"idx":2},{"addr":140736867571143,"idx":3},{"addr":140736916996962,"idx":4}],,,,,,,,,,,,,,,,,,,33554432,0,22412,,,,,,,,,,,,,,,,,,,,,,,,,,,,,,,,,,,,,,,,,,,,,,,,,,,,,,,,,,,,,,,,,,,,,,,,,,,,,,,,,,,,,,,,,,,,,,,,,,,
"2025-09-02 15:13:11.0669134Z","ETW","Microsoft-Windows-Kernel-Audit-API-Calls",6,"Info ",760,776,"csrss.exe",,,,,,,,,,,,,,,,[{"addr":140736918206948,"idx":0},{"addr":140736867541965,"idx":1},{"addr":140736867538681,"idx":2},{"addr":140736867571143,"idx":3},{"addr":140736916996962,"idx":4}],,,,,,,,,,,,,,,,,,,33554432,0,22412,15032,,,,,,,,,,,,,,,,,,,,,,,,,,,,,,,,,,,,,,,,,,,,,,,,,,,,,,,,,,,,,,,,,,,,,,,,,,,,,,,,,,,,,,,,,,,,,,,,,,
"2025-09-02 15:13:11.0677954Z","ETW","Microsoft-Windows-Kernel-Process",5,"ImageLoadInfo ",22412,15032,"OpenConsole.exe",,,,"C:\Windows\System32\combase.dll",,,,,,,,,,,,[{"addr":140736918203828,"idx":0},{"addr":140736917192506,"idx":1},{"addr":140736917191278,"idx":2},{"addr":140736917190209,"idx":3},{"addr":140736916798526,"idx":4},{"addr":140736916790798,"idx":5},{"addr":140736917165509,"idx":6},{"addr":140736917158036,"idx":7},{"addr":140736917157502,"idx":8},{"addr":140736916971470,"idx":9}],,,,,,,,,22412,,,,,,,,,,,,,,,,,,,,,,,,,,,,,,,,,,,,670765882,140736909082624,140736909082624,3776119,3690496,,,,,,,,,,,,,,,,,,,,,,,,,,,,,,,,,,,,,,,,,,,,,,,,,,,,,,,,,,,,,,,,,,,,,,,
"2025-09-02 15:13:11.0679454Z","ETW","Microsoft-Windows-Kernel-Process",5,"ImageLoadInfo ",22412,15032,"OpenConsole.exe",,,,"C:\Windows\System32\ucrtbase.dll",,,,,,,,,,,,[{"addr":140736918203828,"idx":0},{"addr":140736917192506,"idx":1},{"addr":140736917191278,"idx":2},{"addr":140736917190209,"idx":3},{"addr":140736916798526,"idx":4},{"addr":140736916790798,"idx":5},{"addr":140736917191656,"idx":6},{"addr":140736917190209,"idx":7},{"addr":140736916798526,"idx":8},{"addr":140736916790798,"idx":9},{"addr":140736917165509,"idx":10},{"addr":140736917158036,"idx":11},{"addr":140736917157502,"idx":12},{"addr":140736916971470,"idx":13}],,,,,,,,,22412,,,,,,,,,,,,,,,,,,,,,,,,,,,,,,,,,,,,3686092271,140736876314624,140736876314624,1418583,1355776,,,,,,,,,,,,,,,,,,,,,,,,,,,,,,,,,,,,,,,,,,,,,,,,,,,,,,,,,,,,,,,,,,,,,,,
"2025-09-02 15:13:11.0680546Z","ETW","Microsoft-Windows-Kernel-Process",3,"ThreadStartStart ",22412,15032,"OpenConsole.exe",,,,,,,,,,,,,,,,[{"addr":140736918214756,"idx":0},{"addr":140736917348769,"idx":1},{"addr":140736917700534,"idx":2},{"addr":140736916791223,"idx":3},{"addr":140736917191656,"idx":4},{"addr":140736917190209,"idx":5},{"addr":140736916798526,"idx":6},{"addr":140736916790798,"idx":7},{"addr":140736917191656,"idx":8},{"addr":140736917190209,"idx":9},{"addr":140736916798526,"idx":10},{"addr":140736916790798,"idx":11},{"addr":140736917165509,"idx":12},{"addr":140736917158036,"idx":13},{"addr":140736917157502,"idx":14},{"addr":140736916971470,"idx":15}],,,,,,,,,22412,18446639081567137792,18446639081567113216,140736917348896,0,595717824512,18880,595721191424,595721187328,140736917348896,,,,,,,,,,,,,,,,,,,,,,,,,,,,,,,,,,,,,,,,,,,,,,,,,,,,,,,,,,,,,,,,,,,,,,,,,,,,,,,,,,,,,,,,,,,,,,,,,,,,,,
"2025-09-02 15:13:11.0681332Z","ETW","Microsoft-Windows-Kernel-Process",5,"ImageLoadInfo ",22412,15032,"OpenConsole.exe",,,,"C:\Windows\System32\rpcrt4.dll",,,,,,,,,,,,[{"addr":140736918203828,"idx":0},{"addr":140736917192506,"idx":1},{"addr":140736917191278,"idx":2},{"addr":140736917190209,"idx":3},{"addr":140736916798526,"idx":4},{"addr":140736916790798,"idx":5},{"addr":140736917191656,"idx":6},{"addr":140736917190209,"idx":7},{"addr":140736916798526,"idx":8},{"addr":140736916790798,"idx":9},{"addr":140736917165509,"idx":10},{"addr":140736917158036,"idx":11},{"addr":140736917157502,"idx":12},{"addr":140736916971470,"idx":13}],,,,,,,,,22412,,,,,,,,,,,,,,,,,,,,,,,,,,,,,,,,,,,,755903142,140736881754112,140736881754112,1201440,1146880,,,,,,,,,,,,,,,,,,,,,,,,,,,,,,,,,,,,,,,,,,,,,,,,,,,,,,,,,,,,,,,,,,,,,,,
"2025-09-02 15:13:11.0682957Z","ETW","Microsoft-Windows-Kernel-Process",3,"ThreadStartStart ",22412,15032,"OpenConsole.exe",,,,,,,,,,,,,,,,[{"addr":140736918214756,"idx":0},{"addr":140736917348769,"idx":1},{"addr":140736917700534,"idx":2},{"addr":140736916791223,"idx":3},{"addr":140736917191656,"idx":4},{"addr":140736917190209,"idx":5},{"addr":140736916798526,"idx":6},{"addr":140736916790798,"idx":7},{"addr":140736917165509,"idx":8},{"addr":140736917158036,"idx":9},{"addr":140736917157502,"idx":10},{"addr":140736916971470,"idx":11}],,,,,,,,,22412,18446639081566822400,18446639081566797824,140736917348896,0,595717832704,1536,595722240000,595722235904,140736917348896,,,,,,,,,,,,,,,,,,,,,,,,,,,,,,,,,,,,,,,,,,,,,,,,,,,,,,,,,,,,,,,,,,,,,,,,,,,,,,,,,,,,,,,,,,,,,,,,,,,,,,
"2025-09-02 15:13:11.0683859Z","ETW","Microsoft-Windows-Kernel-Process",3,"ThreadStartStart ",22412,1536,"OpenConsole.exe",,,,,,,,,,,,,,,,[{"addr":140736918214756,"idx":0},{"addr":140736917257428,"idx":1},{"addr":140736917254706,"idx":2},{"addr":140736917350945,"idx":3},{"addr":140736897083607,"idx":4},{"addr":140736916996940,"idx":5}],,,,,,,,,22412,18446639081566994432,18446639081566969856,140736917348896,0,595717840896,2488,595723288576,595723284480,140736917348896,,,,,,,,,,,,,,,,,,,,,,,,,,,,,,,,,,,,,,,,,,,,,,,,,,,,,,,,,,,,,,,,,,,,,,,,,,,,,,,,,,,,,,,,,,,,,,,,,,,,,,
"2025-09-02 15:13:11.0683861Z","ETW","Microsoft-Windows-Kernel-Process",5,"ImageLoadInfo ",22412,15032,"OpenConsole.exe",,,,"C:\Windows\System32\oleaut32.dll",,,,,,,,,,,,[{"addr":140736918203828,"idx":0},{"addr":140736917192506,"idx":1},{"addr":140736917191278,"idx":2},{"addr":140736917190209,"idx":3},{"addr":140736916798526,"idx":4},{"addr":140736916790798,"idx":5},{"addr":140736917165509,"idx":6},{"addr":140736917158036,"idx":7},{"addr":140736917157502,"idx":8},{"addr":140736916971470,"idx":9}],,,,,,,,,22412,,,,,,,,,,,,,,,,,,,,,,,,,,,,,,,,,,,,2785821912,140736894861312,140736894861312,927709,917504,,,,,,,,,,,,,,,,,,,,,,,,,,,,,,,,,,,,,,,,,,,,,,,,,,,,,,,,,,,,,,,,,,,,,,,
"2025-09-02 15:13:11.0685426Z","ETW","Microsoft-Windows-Kernel-Process",5,"ImageLoadInfo ",22412,15032,"OpenConsole.exe",,,,"C:\Windows\System32\msvcp_win.dll",,,,,,,,,,,,[{"addr":140736918203828,"idx":0},{"addr":140736917192506,"idx":1},{"addr":140736917191278,"idx":2},{"addr":140736917190209,"idx":3},{"addr":140736916798526,"idx":4},{"addr":140736916790798,"idx":5},{"addr":140736917191656,"idx":6},{"addr":140736917190209,"idx":7},{"addr":140736916798526,"idx":8},{"addr":140736916790798,"idx":9},{"addr":140736917165509,"idx":10},{"addr":140736917158036,"idx":11},{"addr":140736917157502,"idx":12},{"addr":140736916971470,"idx":13}],,,,,,,,,22412,,,,,,,,,,,,,,,,,,,,,,,,,,,,,,,,,,,,2240469762,140736868319232,140736868319232,703256,667648,,,,,,,,,,,,,,,,,,,,,,,,,,,,,,,,,,,,,,,,,,,,,,,,,,,,,,,,,,,,,,,,,,,,,,,
"2025-09-02 15:13:11.0689749Z","ETW","Microsoft-Windows-Kernel-Process",5,"ImageLoadInfo ",22412,15032,"OpenConsole.exe",,,,"C:\Windows\System32\SHCore.dll",,,,,,,,,,,,[{"addr":140736918203828,"idx":0},{"addr":140736917192506,"idx":1},{"addr":140736917191278,"idx":2},{"addr":140736917190209,"idx":3},{"addr":140736916798526,"idx":4},{"addr":140736916790798,"idx":5},{"addr":140736917165509,"idx":6},{"addr":140736917158036,"idx":7},{"addr":140736917157502,"idx":8},{"addr":140736916971470,"idx":9}],,,,,,,,,22412,,,,,,,,,,,,,,,,,,,,,,,,,,,,,,,,,,,,742317482,140736902660096,140736902660096,1049363,1003520,,,,,,,,,,,,,,,,,,,,,,,,,,,,,,,,,,,,,,,,,,,,,,,,,,,,,,,,,,,,,,,,,,,,,,,
"2025-09-02 15:13:11.0689978Z","ETW","Microsoft-Windows-Kernel-Process",5,"ImageLoadInfo ",22412,1536,"OpenConsole.exe",,,,"C:\Windows\System32\UIAutomationCore.dll",,,,,,,,,,,,[{"addr":140736918203828,"idx":0},{"addr":140736917192506,"idx":1},{"addr":140736917191278,"idx":2},{"addr":140736917210764,"idx":3},{"addr":140736917202269,"idx":4},{"addr":140736917259140,"idx":5},{"addr":140736917255216,"idx":6},{"addr":140736917350945,"idx":7},{"addr":140736897083607,"idx":8},{"addr":140736916996940,"idx":9}],,,,,,,,,22412,,,,,,,,,,,,,,,,,,,,,,,,,,,,,,,,,,,,2499371108,140736439713792,140736439713792,4406480,4395008,,,,,,,,,,,,,,,,,,,,,,,,,,,,,,,,,,,,,,,,,,,,,,,,,,,,,,,,,,,,,,,,,,,,,,,
"2025-09-02 15:13:11.0693131Z","ETW","Microsoft-Windows-Kernel-Process",5,"ImageLoadInfo ",22412,15032,"OpenConsole.exe",,,,"C:\Windows\System32\user32.dll",,,,,,,,,,,,[{"addr":140736918203828,"idx":0},{"addr":140736917192506,"idx":1},{"addr":140736917191278,"idx":2},{"addr":140736917190209,"idx":3},{"addr":140736916798526,"idx":4},{"addr":140736916790798,"idx":5},{"addr":140736917165509,"idx":6},{"addr":140736917158036,"idx":7},{"addr":140736917157502,"idx":8},{"addr":140736916971470,"idx":9}],,,,,,,,,22412,,,,,,,,,,,,,,,,,,,,,,,,,,,,,,,,,,,,3594986103,140736914063360,140736914063360,1919723,1855488,,,,,,,,,,,,,,,,,,,,,,,,,,,,,,,,,,,,,,,,,,,,,,,,,,,,,,,,,,,,,,,,,,,,,,,
"2025-09-02 15:13:11.0695216Z","ETW","Microsoft-Windows-Kernel-Process",5,"ImageLoadInfo ",22412,15032,"OpenConsole.exe",,,,"C:\Windows\System32\win32u.dll",,,,,,,,,,,,[{"addr":140736918203828,"idx":0},{"addr":140736917192506,"idx":1},{"addr":140736917191278,"idx":2},{"addr":140736917190209,"idx":3},{"addr":140736916798526,"idx":4},{"addr":140736916790798,"idx":5},{"addr":140736917191656,"idx":6},{"addr":140736917190209,"idx":7},{"addr":140736916798526,"idx":8},{"addr":140736916790798,"idx":9},{"addr":140736917165509,"idx":10},{"addr":140736917158036,"idx":11},{"addr":140736917157502,"idx":12},{"addr":140736916971470,"idx":13}],,,,,,,,,22412,,,,,,,,,,,,,,,,,,,,,,,,,,,,,,,,,,,,4080079730,140736876118016,140736876118016,179667,159744,,,,,,,,,,,,,,,,,,,,,,,,,,,,,,,,,,,,,,,,,,,,,,,,,,,,,,,,,,,,,,,,,,,,,,,
"2025-09-02 15:13:11.0696477Z","ETW","Microsoft-Windows-Kernel-Process",5,"ImageLoadInfo ",22412,15032,"OpenConsole.exe",,,,"C:\Windows\System32\gdi32.dll",,,,,,,,,,,,[{"addr":140736918203828,"idx":0},{"addr":140736917192506,"idx":1},{"addr":140736917191278,"idx":2},{"addr":140736917190209,"idx":3},{"addr":140736916798526,"idx":4},{"addr":140736916790798,"idx":5},{"addr":140736917191656,"idx":6},{"addr":140736917190209,"idx":7},{"addr":140736916798526,"idx":8},{"addr":140736916790798,"idx":9},{"addr":140736917165509,"idx":10},{"addr":140736917158036,"idx":11},{"addr":140736917157502,"idx":12},{"addr":140736916971470,"idx":13}],,,,,,,,,22412,,,,,,,,,,,,,,,,,,,,,,,,,,,,,,,,,,,,226377214,140736902135808,140736902135808,213118,176128,,,,,,,,,,,,,,,,,,,,,,,,,,,,,,,,,,,,,,,,,,,,,,,,,,,,,,,,,,,,,,,,,,,,,,,
"2025-09-02 15:13:11.0698027Z","ETW","Microsoft-Windows-Kernel-Process",5,"ImageLoadInfo ",22412,15032,"OpenConsole.exe",,,,"C:\Windows\System32\gdi32full.dll",,,,,,,,,,,,[{"addr":140736918203828,"idx":0},{"addr":140736917192506,"idx":1},{"addr":140736917191278,"idx":2},{"addr":140736917190209,"idx":3},{"addr":140736916798526,"idx":4},{"addr":140736916790798,"idx":5},{"addr":140736917191656,"idx":6},{"addr":140736917190209,"idx":7},{"addr":140736916798526,"idx":8},{"addr":140736916790798,"idx":9},{"addr":140736917191656,"idx":10},{"addr":140736917190209,"idx":11},{"addr":140736916798526,"idx":12},{"addr":140736916790798,"idx":13},{"addr":140736917165509,"idx":14},{"addr":140736917158036,"idx":15},{"addr":140736917157502,"idx":16},{"addr":140736916971470,"idx":17}],,,,,,,,,22412,,,,,,,,,,,,,,,,,,,,,,,,,,,,,,,,,,,,4226913238,140736869040128,140736869040128,1298614,1277952,,,,,,,,,,,,,,,,,,,,,,,,,,,,,,,,,,,,,,,,,,,,,,,,,,,,,,,,,,,,,,,,,,,,,,,
"2025-09-02 15:13:11.0699705Z","ETW","Microsoft-Windows-Kernel-Process",5,"ImageLoadInfo ",22412,15032,"OpenConsole.exe",,,,"C:\Windows\System32\advapi32.dll",,,,,,,,,,,,[{"addr":140736918203828,"idx":0},{"addr":140736917192506,"idx":1},{"addr":140736917191278,"idx":2},{"addr":140736917190209,"idx":3},{"addr":140736916798526,"idx":4},{"addr":140736916790798,"idx":5},{"addr":140736917165509,"idx":6},{"addr":140736917158036,"idx":7},{"addr":140736917157502,"idx":8},{"addr":140736916971470,"idx":9}],,,,,,,,,22412,,,,,,,,,,,,,,,,,,,,,,,,,,,,,,,,,,,,2886261828,140736895844352,140736895844352,804270,737280,,,,,,,,,,,,,,,,,,,,,,,,,,,,,,,,,,,,,,,,,,,,,,,,,,,,,,,,,,,,,,,,,,,,,,,
"2025-09-02 15:13:11.0700743Z","ETW","Microsoft-Windows-Kernel-Process",5,"ImageLoadInfo ",22412,15032,"OpenConsole.exe",,,,"C:\Windows\System32\msvcrt.dll",,,,,,,,,,,,[{"addr":140736918203828,"idx":0},{"addr":140736917192506,"idx":1},{"addr":140736917191278,"idx":2},{"addr":140736917190209,"idx":3},{"addr":140736916798526,"idx":4},{"addr":140736916790798,"idx":5},{"addr":140736917191656,"idx":6},{"addr":140736917190209,"idx":7},{"addr":140736916798526,"idx":8},{"addr":140736916790798,"idx":9},{"addr":140736917165509,"idx":10},{"addr":140736917158036,"idx":11},{"addr":140736917157502,"idx":12},{"addr":140736916971470,"idx":13}],,,,,,,,,22412,,,,,,,,,,,,,,,,,,,,,,,,,,,,,,,,,,,,2634004398,140736913342464,140736913342464,729924,692224,,,,,,,,,,,,,,,,,,,,,,,,,,,,,,,,,,,,,,,,,,,,,,,,,,,,,,,,,,,,,,,,,,,,,,,
"2025-09-02 15:13:11.0701693Z","ETW","Microsoft-Windows-Kernel-Process",5,"ImageLoadInfo ",22412,15032,"OpenConsole.exe",,,,"C:\Windows\System32\sechost.dll",,,,,,,,,,,,[{"addr":140736918203828,"idx":0},{"addr":140736917192506,"idx":1},{"addr":140736917191278,"idx":2},{"addr":140736917190209,"idx":3},{"addr":140736916798526,"idx":4},{"addr":140736916790798,"idx":5},{"addr":140736917191656,"idx":6},{"addr":140736917190209,"idx":7},{"addr":140736916798526,"idx":8},{"addr":140736916790798,"idx":9},{"addr":140736917165509,"idx":10},{"addr":140736917158036,"idx":11},{"addr":140736917157502,"idx":12},{"addr":140736916971470,"idx":13}],,,,,,,,,22412,,,,,,,,,,,,,,,,,,,,,,,,,,,,,,,,,,,,918957807,140736881033216,140736881033216,733904,679936,,,,,,,,,,,,,,,,,,,,,,,,,,,,,,,,,,,,,,,,,,,,,,,,,,,,,,,,,,,,,,,,,,,,,,,
"2025-09-02 15:13:11.0703811Z","ETW","Microsoft-Windows-Kernel-Process",5,"ImageLoadInfo ",22412,15032,"OpenConsole.exe",,,,"C:\Windows\System32\shell32.dll",,,,,,,,,,,,[{"addr":140736918203828,"idx":0},{"addr":140736917192506,"idx":1},{"addr":140736917191278,"idx":2},{"addr":140736917190209,"idx":3},{"addr":140736916798526,"idx":4},{"addr":140736916790798,"idx":5},{"addr":140736917165509,"idx":6},{"addr":140736917158036,"idx":7},{"addr":140736917157502,"idx":8},{"addr":140736916971470,"idx":9}],,,,,,,,,22412,,,,,,,,,,,,,,,,,,,,,,,,,,,,,,,,,,,,951285368,140736882933760,140736882933760,7762708,7655424,,,,,,,,,,,,,,,,,,,,,,,,,,,,,,,,,,,,,,,,,,,,,,,,,,,,,,,,,,,,,,,,,,,,,,,
"2025-09-02 15:13:11.0706097Z","ETW","Microsoft-Windows-Kernel-Process",5,"ImageLoadInfo ",22412,15032,"OpenConsole.exe",,,,"C:\Windows\System32\WinTypes.dll",,,,,,,,,,,,[{"addr":140736918203828,"idx":0},{"addr":140736917192506,"idx":1},{"addr":140736917191278,"idx":2},{"addr":140736917190209,"idx":3},{"addr":140736916798526,"idx":4},{"addr":140736916790798,"idx":5},{"addr":140736917191656,"idx":6},{"addr":140736917190209,"idx":7},{"addr":140736916798526,"idx":8},{"addr":140736916790798,"idx":9},{"addr":140736917165509,"idx":10},{"addr":140736917158036,"idx":11},{"addr":140736917157502,"idx":12},{"addr":140736916971470,"idx":13}],,,,,,,,,22412,,,,,,,,,,,,,,,,,,,,,,,,,,,,,,,,,,,,3655579039,140736870350848,140736870350848,1545528,1519616,,,,,,,,,,,,,,,,,,,,,,,,,,,,,,,,,,,,,,,,,,,,,,,,,,,,,,,,,,,,,,,,,,,,,,,
"2025-09-02 15:13:11.0708078Z","ETW","Microsoft-Windows-Kernel-Process",5,"ImageLoadInfo ",22412,15032,"OpenConsole.exe",,,,"C:\Windows\System32\imm32.dll",,,,,,,,,,,,[{"addr":140736918203828,"idx":0},{"addr":140736917192506,"idx":1},{"addr":140736917191278,"idx":2},{"addr":140736917190209,"idx":3},{"addr":140736916798526,"idx":4},{"addr":140736916790798,"idx":5},{"addr":140736917165509,"idx":6},{"addr":140736917158036,"idx":7},{"addr":140736917157502,"idx":8},{"addr":140736916971470,"idx":9}],,,,,,,,,22412,,,,,,,,,,,,,,,,,,,,,,,,,,,,,,,,,,,,2763417762,140736896630784,140736896630784,237947,192512,,,,,,,,,,,,,,,,,,,,,,,,,,,,,,,,,,,,,,,,,,,,,,,,,,,,,,,,,,,,,,,,,,,,,,,
"2025-09-02 15:13:11.0711862Z","ETW","Microsoft-Windows-Kernel-Process",5,"ImageLoadInfo ",22412,2488,"OpenConsole.exe",,,,"C:\Windows\System32\propsys.dll",,,,,,,,,,,,[{"addr":140736918203828,"idx":0},{"addr":140736917192506,"idx":1},{"addr":140736917191278,"idx":2},{"addr":140736917210764,"idx":3},{"addr":140736917201516,"idx":4},{"addr":140736917258922,"idx":5},{"addr":140736917255216,"idx":6},{"addr":140736917350945,"idx":7},{"addr":140736897083607,"idx":8},{"addr":140736916996940,"idx":9}],,,,,,,,,22412,,,,,,,,,,,,,,,,,,,,,,,,,,,,,,,,,,,,3411663920,140736783384576,140736783384576,1157670,1101824,,,,,,,,,,,,,,,,,,,,,,,,,,,,,,,,,,,,,,,,,,,,,,,,,,,,,,,,,,,,,,,,,,,,,,,
"2025-09-02 15:13:11.0713979Z","ETW","Microsoft-Windows-Kernel-Process",5,"ImageLoadInfo ",22412,15032,"OpenConsole.exe",,,,"C:\Windows\System32\windows.storage.dll",,,,,,,,,,,,[{"addr":140736918203828,"idx":0},{"addr":140736917192506,"idx":1},{"addr":140736917191278,"idx":2},{"addr":140736917210764,"idx":3},{"addr":140736917202269,"idx":4},{"addr":140736917259140,"idx":5},{"addr":140736916999751,"idx":6},{"addr":140736917165517,"idx":7},{"addr":140736917158036,"idx":8},{"addr":140736917157502,"idx":9},{"addr":140736916971470,"idx":10}],,,,,,,,,22412,,,,,,,,,,,,,,,,,,,,,,,,,,,,,,,,,,,,156427775,140736830046208,140736830046208,8870321,8781824,,,,,,,,,,,,,,,,,,,,,,,,,,,,,,,,,,,,,,,,,,,,,,,,,,,,,,,,,,,,,,,,,,,,,,,
"2025-09-02 15:13:11.0725941Z","ETW","Microsoft-Windows-Kernel-Process",5,"ImageLoadInfo ",22412,1536,"OpenConsole.exe",,,,"C:\Windows\System32\DWrite.dll",,,,,,,,,,,,[{"addr":140736918203828,"idx":0},{"addr":140736917192506,"idx":1},{"addr":140736917191278,"idx":2},{"addr":140736917210764,"idx":3},{"addr":140736917201516,"idx":4},{"addr":140736917258922,"idx":5},{"addr":140736917255216,"idx":6},{"addr":140736917350945,"idx":7},{"addr":140736897083607,"idx":8},{"addr":140736916996940,"idx":9}],,,,,,,,,22412,,,,,,,,,,,,,,,,,,,,,,,,,,,,,,,,,,,,1496558505,140736794198016,140736794198016,2527455,2535424,,,,,,,,,,,,,,,,,,,,,,,,,,,,,,,,,,,,,,,,,,,,,,,,,,,,,,,,,,,,,,,,,,,,,,,
"2025-09-02 15:13:11.0726340Z","ETW","Microsoft-Windows-Kernel-Process",5,"ImageLoadInfo ",22412,15032,"OpenConsole.exe",,,,"C:\Windows\System32\winmm.dll",,,,,,,,,,,,[{"addr":140736918203828,"idx":0},{"addr":140736917192506,"idx":1},{"addr":140736917191278,"idx":2},{"addr":140736917210764,"idx":3},{"addr":140736917201516,"idx":4},{"addr":140736917258922,"idx":5},{"addr":140736916999751,"idx":6},{"addr":140736917165517,"idx":7},{"addr":140736917158036,"idx":8},{"addr":140736917157502,"idx":9},{"addr":140736916971470,"idx":10}],,,,,,,,,22412,,,,,,,,,,,,,,,,,,,,,,,,,,,,,,,,,,,,3704786662,140735970738176,140735970738176,264511,217088,,,,,,,,,,,,,,,,,,,,,,,,,,,,,,,,,,,,,,,,,,,,,,,,,,,,,,,,,,,,,,,,,,,,,,,
"2025-09-02 15:13:11.0731529Z","ETW","Microsoft-Windows-Kernel-Process",5,"ImageLoadInfo ",22412,1536,"OpenConsole.exe",,,,"C:\Windows\System32\dxgi.dll",,,,,,,,,,,,[{"addr":140736918203828,"idx":0},{"addr":140736917192506,"idx":1},{"addr":140736917191278,"idx":2},{"addr":140736917210764,"idx":3},{"addr":140736917201516,"idx":4},{"addr":140736917258922,"idx":5},{"addr":140736917255216,"idx":6},{"addr":140736917350945,"idx":7},{"addr":140736897083607,"idx":8},{"addr":140736916996940,"idx":9}],,,,,,,,,22412,,,,,,,,,,,,,,,,,,,,,,,,,,,,,,,,,,,,179780312,140736821395456,140736821395456,1361123,1302528,,,,,,,,,,,,,,,,,,,,,,,,,,,,,,,,,,,,,,,,,,,,,,,,,,,,,,,,,,,,,,,,,,,,,,,
"2025-09-02 15:13:11.0732756Z","ETW","Microsoft-Antimalware-Engine",59,"Message Info ",1912,22008,"MsMpEng.exe",,,,,,0,"!BMGroup:DridexVulnDlls.A","0x195B3BF987774","01184f82067d771b42525bbf6c6541ec7a8114a3",,,,,,,[],,,,,,,,,,,,,,,,,,,,,,,,,,,,,,,,,,,,,,,,,,,,,,,,,,,,,,,,,,,,,,,,,,,,,,,,,,,,,,,,,,,,,,,,,,,,,,,,,,,,,,,,,,,,,,,,,,,,,,,,
"2025-09-02 15:13:11.0733196Z","ETW","Microsoft-Windows-Kernel-Process",5,"ImageLoadInfo ",22412,15032,"OpenConsole.exe",,,,"C:\Windows\System32\d3d11.dll",,,,,,,,,,,,[{"addr":140736918203828,"idx":0},{"addr":140736917192506,"idx":1},{"addr":140736917191278,"idx":2},{"addr":140736917210764,"idx":3},{"addr":140736917201516,"idx":4},{"addr":140736917258922,"idx":5},{"addr":140736916999751,"idx":6},{"addr":140736917165517,"idx":7},{"addr":140736917158036,"idx":8},{"addr":140736917157502,"idx":9},{"addr":140736916971470,"idx":10}],,,,,,,,,22412,,,,,,,,,,,,,,,,,,,,,,,,,,,,,,,,,,,,3657003287,140736803373056,140736803373056,2576804,2519040,,,,,,,,,,,,,,,,,,,,,,,,,,,,,,,,,,,,,,,,,,,,,,,,,,,,,,,,,,,,,,,,,,,,,,,
"2025-09-02 15:13:11.0737976Z","ETW","Microsoft-Windows-Kernel-Process",5,"ImageLoadInfo ",22412,1536,"OpenConsole.exe",,,,"C:\Windows\System32\D3DCompiler_47.dll",,,,,,,,,,,,[{"addr":140736918203828,"idx":0},{"addr":140736917192506,"idx":1},{"addr":140736917191278,"idx":2},{"addr":140736917210764,"idx":3},{"addr":140736917201516,"idx":4},{"addr":140736917258922,"idx":5},{"addr":140736917255216,"idx":6},{"addr":140736917350945,"idx":7},{"addr":140736897083607,"idx":8},{"addr":140736916996940,"idx":9}],,,,,,,,,22412,,,,,,,,,,,,,,,,,,,,,,,,,,,,,,,,,,,,936958366,140736786202624,140736786202624,4728664,4714496,,,,,,,,,,,,,,,,,,,,,,,,,,,,,,,,,,,,,,,,,,,,,,,,,,,,,,,,,,,,,,,,,,,,,,,
"2025-09-02 15:13:11.0742372Z","ETW","Microsoft-Windows-Kernel-Process",5,"ImageLoadInfo ",22412,15032,"OpenConsole.exe",,,,"C:\Windows\System32\cryptsp.dll",,,,,,,,,,,,[{"addr":140736918203828,"idx":0},{"addr":140736917192506,"idx":1},{"addr":140736917191278,"idx":2},{"addr":140736917210764,"idx":3},{"addr":140736917202269,"idx":4},{"addr":140736917259140,"idx":5},{"addr":140736916999751,"idx":6},{"addr":140736917165517,"idx":7},{"addr":140736917158036,"idx":8},{"addr":140736917157502,"idx":9},{"addr":140736916971470,"idx":10}],,,,,,,,,22412,,,,,,,,,,,,,,,,,,,,,,,,,,,,,,,,,,,,1637991129,140736856981504,140736856981504,133346,110592,,,,,,,,,,,,,,,,,,,,,,,,,,,,,,,,,,,,,,,,,,,,,,,,,,,,,,,,,,,,,,,,,,,,,,,
"2025-09-02 15:13:11.0743335Z","ETW","Microsoft-Antimalware-Engine",59,"Message Info ",1912,13020,"MsMpEng.exe",,,,,,0,"!BMGroup:DridexVulnDlls.A","0x195B3BF987774","01184f82067d771b42525bbf6c6541ec7a8114a3",,,,,,,[],,,,,,,,,,,,,,,,,,,,,,,,,,,,,,,,,,,,,,,,,,,,,,,,,,,,,,,,,,,,,,,,,,,,,,,,,,,,,,,,,,,,,,,,,,,,,,,,,,,,,,,,,,,,,,,,,,,,,,,,
"2025-09-02 15:13:11.0745408Z","ETW","Microsoft-Windows-Kernel-Process",5,"ImageLoadInfo ",22412,2488,"OpenConsole.exe",,,,"C:\Windows\System32\usp10.dll",,,,,,,,,,,,[{"addr":140736918203828,"idx":0},{"addr":140736917192506,"idx":1},{"addr":140736917191278,"idx":2},{"addr":140736917210764,"idx":3},{"addr":140736917201516,"idx":4},{"addr":140736917258922,"idx":5},{"addr":140736917255216,"idx":6},{"addr":140736917350945,"idx":7},{"addr":140736897083607,"idx":8},{"addr":140736916996940,"idx":9}],,,,,,,,,22412,,,,,,,,,,,,,,,,,,,,,,,,,,,,,,,,,,,,728066498,140736558923776,140736558923776,161304,102400,,,,,,,,,,,,,,,,,,,,,,,,,,,,,,,,,,,,,,,,,,,,,,,,,,,,,,,,,,,,,,,,,,,,,,,
"2025-09-02 15:13:11.0745597Z","ETW","Microsoft-Windows-Kernel-Process",5,"ImageLoadInfo ",22412,18880,"OpenConsole.exe",,,,"C:\Windows\System32\d2d1.dll",,,,,,,,,,,,[{"addr":140736918203828,"idx":0},{"addr":140736917192506,"idx":1},{"addr":140736917191278,"idx":2},{"addr":140736917210764,"idx":3},{"addr":140736917201516,"idx":4},{"addr":140736917258922,"idx":5},{"addr":140736917255216,"idx":6},{"addr":140736917350945,"idx":7},{"addr":140736897083607,"idx":8},{"addr":140736916996940,"idx":9}],,,,,,,,,22412,,,,,,,,,,,,,,,,,,,,,,,,,,,,,,,,,,,,2898039771,140736796753920,140736796753920,6680845,6565888,,,,,,,,,,,,,,,,,,,,,,,,,,,,,,,,,,,,,,,,,,,,,,,,,,,,,,,,,,,,,,,,,,,,,,,
"2025-09-02 15:13:11.0793944Z","ETW","Microsoft-Windows-Kernel-Process",5,"ImageLoadInfo ",22412,15032,"OpenConsole.exe",,,,"C:\Windows\System32\bcryptprimitives.dll",,,,,,,,,,,,[{"addr":140736918203828,"idx":0},{"addr":140736917192506,"idx":1},{"addr":140736917191278,"idx":2},{"addr":140736917190209,"idx":3},{"addr":140736916804181,"idx":4},{"addr":140736916785218,"idx":5},{"addr":140736916786774,"idx":6},{"addr":140736917021315,"idx":7},{"addr":140736917023197,"idx":8},{"addr":140736882386290,"idx":9},{"addr":140736882460095,"idx":10},{"addr":140736881997317,"idx":11},{"addr":140736795111412,"idx":12},{"addr":140736795110978,"idx":13},{"addr":140736795301846,"idx":14},{"addr":140736918195438,"idx":15},{"addr":140736917219838,"idx":16},{"addr":140736917215596,"idx":17},{"addr":140736916995194,"idx":18},{"addr":140736916995238,"idx":19},{"addr":140736917165788,"idx":20},{"addr":140736917158036,"idx":21},{"addr":140736917157502,"idx":22},{"addr":140736916971470,"idx":23}],,,,,,,,,22412,,,,,,,,,,,,,,,,,,,,,,,,,,,,,,,,,,,,3318233078,140736867663872,140736867663872,705120,626688,,,,,,,,,,,,,,,,,,,,,,,,,,,,,,,,,,,,,,,,,,,,,,,,,,,,,,,,,,,,,,,,,,,,,,,
"2025-09-02 15:13:11.0813051Z","ETW","Microsoft-Windows-Kernel-Process",5,"ImageLoadInfo ",22412,15032,"OpenConsole.exe",,,,"C:\Windows\System32\kernel.appcore.dll",,,,,,,,,,,,[{"addr":140736918203828,"idx":0},{"addr":140736917192506,"idx":1},{"addr":140736917191278,"idx":2},{"addr":140736917210764,"idx":3},{"addr":140736917202269,"idx":4},{"addr":140736917259140,"idx":5},{"addr":140736916785248,"idx":6},{"addr":140736916786774,"idx":7},{"addr":140736917021315,"idx":8},{"addr":140736917023197,"idx":9},{"addr":140736910389554,"idx":10},{"addr":140736910690375,"idx":11},{"addr":140736910448320,"idx":12},{"addr":140736916975221,"idx":13},{"addr":140736872573249,"idx":14},{"addr":140736910291875,"idx":15},{"addr":140736910291808,"idx":16},{"addr":140736909934810,"idx":17},{"addr":140736909933889,"idx":18},{"addr":140736909932542,"idx":19},{"addr":140736909930953,"idx":20},{"addr":140700076770486,"idx":21},{"addr":140700077527090,"idx":22},{"addr":140736897083607,"idx":23},{"addr":140736916996940,"idx":24}],,,,,,,,,22412,,,,,,,,,,,,,,,,,,,,,,,,,,,,,,,,,,,,4117383687,140736848265216,140736848265216,158572,110592,,,,,,,,,,,,,,,,,,,,,,,,,,,,,,,,,,,,,,,,,,,,,,,,,,,,,,,,,,,,,,,,,,,,,,,
"2025-09-02 15:13:11.0818190Z","ETW","Microsoft-Windows-Kernel-Process",5,"ImageLoadInfo ",22412,15032,"OpenConsole.exe",,,,"C:\Windows\System32\clbcatq.dll",,,,,,,,,,,,[{"addr":140736918203828,"idx":0},{"addr":140736917192506,"idx":1},{"addr":140736917191278,"idx":2},{"addr":140736917190209,"idx":3},{"addr":140736916804181,"idx":4},{"addr":140736916785218,"idx":5},{"addr":140736916786774,"idx":6},{"addr":140736917021315,"idx":7},{"addr":140736917023197,"idx":8},{"addr":140736910389554,"idx":9},{"addr":140736910688281,"idx":10},{"addr":140736910347186,"idx":11},{"addr":140736911036234,"idx":12},{"addr":140736909543810,"idx":13},{"addr":140736909958550,"idx":14},{"addr":140700076772200,"idx":15},{"addr":140700076772919,"idx":16},{"addr":140700076770514,"idx":17},{"addr":140700077527090,"idx":18},{"addr":140736897083607,"idx":19},{"addr":140736916996940,"idx":20}],,,,,,,,,22412,,,,,,,,,,,,,,,,,,,,,,,,,,,,,,,,,,,,1600192633,140736892108800,140736892108800,700133,688128,,,,,,,,,,,,,,,,,,,,,,,,,,,,,,,,,,,,,,,,,,,,,,,,,,,,,,,,,,,,,,,,,,,,,,,
"2025-09-02 15:13:11.0827040Z","ETW","Microsoft-Windows-Kernel-Process",5,"ImageLoadInfo ",22412,15032,"OpenConsole.exe",,,,"C:\Windows\System32\Windows.StateRepositoryCore.dll",,,,,,,,,,,,[{"addr":140736918203828,"idx":0},{"addr":140736917192506,"idx":1},{"addr":140736917191278,"idx":2},{"addr":140736917210764,"idx":3},{"addr":140736917202269,"idx":4},{"addr":140736917259140,"idx":5},{"addr":140736916785248,"idx":6},{"addr":140736916786774,"idx":7},{"addr":140736917021315,"idx":8},{"addr":140736917023197,"idx":9},{"addr":140736910389554,"idx":10},{"addr":140736910693447,"idx":11},{"addr":140736910612933,"idx":12},{"addr":140736911129911,"idx":13},{"addr":140736910624131,"idx":14},{"addr":140736911079193,"idx":15},{"addr":140736911105886,"idx":16},{"addr":140736910633230,"idx":17},{"addr":140736911026929,"idx":18},{"addr":140736909547824,"idx":19},{"addr":140736909543154,"idx":20},{"addr":140736909958550,"idx":21},{"addr":140700076772200,"idx":22},{"addr":140700076772919,"idx":23},{"addr":140700076770514,"idx":24},{"addr":140700077527090,"idx":25},{"addr":140736897083607,"idx":26},{"addr":140736916996940,"idx":27}],,,,,,,,,22412,,,,,,,,,,,,,,,,,,,,,,,,,,,,,,,,,,,,3847844510,140736632913920,140736632913920,174488,106496,,,,,,,,,,,,,,,,,,,,,,,,,,,,,,,,,,,,,,,,,,,,,,,,,,,,,,,,,,,,,,,,,,,,,,,
"2025-09-02 15:13:11.0852011Z","ETW","Microsoft-Windows-Kernel-Audit-API-Calls",5,"Info ",528,13948,"svchost.exe",,,,,,,,,,,,,,,,[{"addr":140736918203764,"idx":0},{"addr":140736872731894,"idx":1},{"addr":140736829045620,"idx":2},{"addr":140736829045555,"idx":3},{"addr":140736882620003,"idx":4},{"addr":140736881849533,"idx":5},{"addr":140736881848122,"idx":6},{"addr":140736882311415,"idx":7},{"addr":140736882088628,"idx":8},{"addr":140736882092744,"idx":9},{"addr":140736882015316,"idx":10},{"addr":140736882081820,"idx":11},{"addr":140736882106396,"idx":12},{"addr":140736882102691,"idx":13},{"addr":140736882098504,"idx":14},{"addr":140736917358174,"idx":15},{"addr":140736917350275,"idx":16},{"addr":140736897083607,"idx":17},{"addr":140736916996940,"idx":18}],,,,,,,,,,,,,,,,,,,4096,0,22412,,,,,,,,,,,,,,,,,,,,,,,,,,,,,,,,,,,,,,,,,,,,,,,,,,,,,,,,,,,,,,,,,,,,,,,,,,,,,,,,,,,,,,,,,,,,,,,,,,,
"2025-09-02 15:13:11.0852442Z","ETW","Microsoft-Windows-Kernel-Audit-API-Calls",5,"Info ",944,10020,"svchost.exe",,,,,,,,,,,,,,,,[{"addr":140736918206916,"idx":0},{"addr":140736882337646,"idx":1},{"addr":140736828644345,"idx":2},{"addr":140736828636082,"idx":3},{"addr":140736882620003,"idx":4},{"addr":140736881849533,"idx":5},{"addr":140736881848122,"idx":6},{"addr":140736882311415,"idx":7},{"addr":140736882088628,"idx":8},{"addr":140736882092744,"idx":9},{"addr":140736882015316,"idx":10},{"addr":140736882081820,"idx":11},{"addr":140736882106396,"idx":12},{"addr":140736882102691,"idx":13},{"addr":140736882098504,"idx":14},{"addr":140736917358174,"idx":15},{"addr":140736917350275,"idx":16},{"addr":140736897083607,"idx":17},{"addr":140736916996940,"idx":18}],,,,,,,,,,,,,,,,,,,1048576,0,22412,,,,,,,,,,,,,,,,,,,,,,,,,,,,,,,,,,,,,,,,,,,,,,,,,,,,,,,,,,,,,,,,,,,,,,,,,,,,,,,,,,,,,,,,,,,,,,,,,,,
"2025-09-02 15:13:11.0866698Z","ETW","Microsoft-Windows-Kernel-Process",3,"ThreadStartStart ",22412,15032,"OpenConsole.exe",,,,,,,,,,,,,,,,[{"addr":140736918208964,"idx":0},{"addr":140736872776761,"idx":1},{"addr":140736897102141,"idx":2},{"addr":140736909291405,"idx":3},{"addr":140736909289761,"idx":4},{"addr":140736909471518,"idx":5},{"addr":140736909472222,"idx":6},{"addr":140736909469257,"idx":7},{"addr":140736909469042,"idx":8},{"addr":140736909468649,"idx":9},{"addr":140736909472335,"idx":10},{"addr":140736909678884,"idx":11},{"addr":140736909678529,"idx":12},{"addr":140736909950857,"idx":13},{"addr":140736909959566,"idx":14},{"addr":140736909959260,"idx":15},{"addr":140736909958670,"idx":16},{"addr":140700076772200,"idx":17},{"addr":140700076772919,"idx":18},{"addr":140700076770514,"idx":19},{"addr":140700077527090,"idx":20},{"addr":140736897083607,"idx":21},{"addr":140736916996940,"idx":22}],,,,,,,,,22412,18446639081565900800,18446639081565876224,140736910320112,0,595717849088,6048,595724337152,595724328960,140736910320112,,,,,,,,,,,,,,,,,,,,,,,,,,,,,,,,,,,,,,,,,,,,,,,,,,,,,,,,,,,,,,,,,,,,,,,,,,,,,,,,,,,,,,,,,,,,,,,,,,,,,,
"2025-09-02 15:13:11.0870007Z","ETW","Microsoft-Windows-Kernel-Process",3,"ThreadStartStart ",4,72,"System",,,,,,,,,,,,,,,,[],,,,,,,,,22412,18446639081673809920,18446639081673785344,140736917348896,0,595717857280,16128,595725385728,595725381632,140736917348896,,,,,,,,,,,,,,,,,,,,,,,,,,,,,,,,,,,,,,,,,,,,,,,,,,,,,,,,,,,,,,,,,,,,,,,,,,,,,,,,,,,,,,,,,,,,,,,,,,,,,,
"2025-09-02 15:13:11.0871908Z","ETW","Microsoft-Windows-Kernel-Process",3,"ThreadStartStart ",22412,16128,"OpenConsole.exe",,,,,,,,,,,,,,,,[{"addr":140736918216388,"idx":0},{"addr":140736917669762,"idx":1},{"addr":140736882108009,"idx":2},{"addr":140736882120022,"idx":3},{"addr":140736882104053,"idx":4},{"addr":140736882098504,"idx":5},{"addr":140736917358174,"idx":6},{"addr":140736917350275,"idx":7},{"addr":140736897083607,"idx":8},{"addr":140736916996940,"idx":9}],,,,,,,,,22412,18446639081550274560,18446639081550249984,140736917348896,0,595717865472,15064,595726434304,595726430208,140736917348896,,,,,,,,,,,,,,,,,,,,,,,,,,,,,,,,,,,,,,,,,,,,,,,,,,,,,,,,,,,,,,,,,,,,,,,,,,,,,,,,,,,,,,,,,,,,,,,,,,,,,,
"2025-09-02 15:13:11.0883584Z","ETW","Microsoft-Windows-Kernel-Audit-API-Calls",6,"Info ",1912,8,"MsMpEng.exe",,,,,,,,,,,,,,,,[{"addr":140736918212548,"idx":0},{"addr":140736872857142,"idx":1},{"addr":140736738243895,"idx":2},{"addr":140736738242452,"idx":3},{"addr":140736657604428,"idx":4},{"addr":140736657598535,"idx":5},{"addr":140736657597146,"idx":6},{"addr":140736658259206,"idx":7},{"addr":140736657749938,"idx":8},{"addr":140736657909615,"idx":9},{"addr":140736658079503,"idx":10},{"addr":140736897083607,"idx":11},{"addr":140736916996940,"idx":12}],,,,,,,,,,,,,,,,,,,2097151,0,1912,8,,,,,,,,,,,,,,,,,,,,,,,,,,,,,,,,,,,,,,,,,,,,,,,,,,,,,,,,,,,,,,,,,,,,,,,,,,,,,,,,,,,,,,,,,,,,,,,,,,
"2025-09-02 15:13:11.0888660Z","ETW","Microsoft-Windows-Kernel-Audit-API-Calls",6,"Info ",1912,8,"MsMpEng.exe",,,,,,,,,,,,,,,,[{"addr":140736918212548,"idx":0},{"addr":140736872857142,"idx":1},{"addr":140736738243895,"idx":2},{"addr":140736738242452,"idx":3},{"addr":140736657604428,"idx":4},{"addr":140736657598535,"idx":5},{"addr":140736657597146,"idx":6},{"addr":140736658259206,"idx":7},{"addr":140736657749938,"idx":8},{"addr":140736657909615,"idx":9},{"addr":140736658079503,"idx":10},{"addr":140736897083607,"idx":11},{"addr":140736916996940,"idx":12}],,,,,,,,,,,,,,,,,,,2097151,0,1912,8,,,,,,,,,,,,,,,,,,,,,,,,,,,,,,,,,,,,,,,,,,,,,,,,,,,,,,,,,,,,,,,,,,,,,,,,,,,,,,,,,,,,,,,,,,,,,,,,,,
"2025-09-02 15:13:11.0901008Z","ETW","Microsoft-Windows-Kernel-Audit-API-Calls",6,"Info ",1912,8,"MsMpEng.exe",,,,,,,,,,,,,,,,[{"addr":140736918212548,"idx":0},{"addr":140736872857142,"idx":1},{"addr":140736738243895,"idx":2},{"addr":140736738242452,"idx":3},{"addr":140736657604428,"idx":4},{"addr":140736657598535,"idx":5},{"addr":140736657597146,"idx":6},{"addr":140736658259206,"idx":7},{"addr":140736657749938,"idx":8},{"addr":140736657909615,"idx":9},{"addr":140736658079503,"idx":10},{"addr":140736897083607,"idx":11},{"addr":140736916996940,"idx":12}],,,,,,,,,,,,,,,,,,,2097151,0,1912,8,,,,,,,,,,,,,,,,,,,,,,,,,,,,,,,,,,,,,,,,,,,,,,,,,,,,,,,,,,,,,,,,,,,,,,,,,,,,,,,,,,,,,,,,,,,,,,,,,,
"2025-09-02 15:13:11.0945483Z","ETW","Microsoft-Windows-Kernel-Process",5,"ImageLoadInfo ",22412,15064,"OpenConsole.exe",,,,"C:\ProgramData\Microsoft\Windows\AppRepository\Packages\Microsoft.WindowsTerminal_1.22.12111.0_x64__8wekyb3d8bbwe\PackagedCom\OpenConsoleProxy.dll",,,,,,,,,,,,[{"addr":140736918203828,"idx":0},{"addr":140736917192506,"idx":1},{"addr":140736917191278,"idx":2},{"addr":140736917210764,"idx":3},{"addr":140736917202269,"idx":4},{"addr":140736917259140,"idx":5},{"addr":140736916785248,"idx":6},{"addr":140736916784352,"idx":7},{"addr":140736917101952,"idx":8},{"addr":140736872000198,"idx":9},{"addr":140736909363845,"idx":10},{"addr":140736909362547,"idx":11},{"addr":140736909360794,"idx":12},{"addr":140736909561496,"idx":13},{"addr":140736909365281,"idx":14},{"addr":140736910416420,"idx":15},{"addr":140736909195604,"idx":16},{"addr":140736909191304,"idx":17},{"addr":140736910023632,"idx":18},{"addr":140736909168718,"idx":19},{"addr":140736909164962,"idx":20},{"addr":140736909163671,"idx":21},{"addr":140736909162770,"idx":22},{"addr":140736909159073,"idx":23},{"addr":140736909113640,"idx":24},{"addr":140736909452308,"idx":25},{"addr":140736909865358,"idx":26},{"addr":140736910592231,"idx":27},{"addr":140736910595527,"idx":28},{"addr":140736882620003,"idx":29},{"addr":140736881849533,"idx":30},{"addr":140736881847412,"idx":31},{"addr":140736909646461,"idx":32},{"addr":140736909646267,"idx":33},{"addr":140736909643574,"idx":34},{"addr":140736909641089,"idx":35},{"addr":140736910206646,"idx":36},{"addr":140736909298250,"idx":37},{"addr":140736909422200,"idx":38},{"addr":140736909684515,"idx":39},{"addr":140736882311415,"idx":40},{"addr":140736882088628,"idx":41},{"addr":140736882092154,"idx":42},{"addr":140736882015316,"idx":43},{"addr":140736882081820,"idx":44},{"addr":140736882106396,"idx":45},{"addr":140736882102691,"idx":46},{"addr":140736882098504,"idx":47},{"addr":140736917358174,"idx":48},{"addr":140736917350275,"idx":49},{"addr":140736897083607,"idx":50},{"addr":140736916996940,"idx":51}],,,,,,,,,22412,,,,,,,,,,,,,,,,,,,,,,,,,,,,,,,,,,,,1753895690,140736388923392,140736388923392,84912,53248,,,,,,,,,,,,,,,,,,,,,,,,,,,,,,,,,,,,,,,,,,,,,,,,,,,,,,,,,,,,,,,,,,,,,,,
"2025-09-02 15:13:11.0948843Z","ETW","Microsoft-Windows-Kernel-Audit-API-Calls",6,"Info ",760,848,"csrss.exe",,,,,,,,,,,,,,,,[{"addr":140736918206948,"idx":0},{"addr":140736867540170,"idx":1},{"addr":140736867571939,"idx":2},{"addr":140736916996962,"idx":3}],,,,,,,,,,,,,,,,,,,2097151,0,22412,15064,,,,,,,,,,,,,,,,,,,,,,,,,,,,,,,,,,,,,,,,,,,,,,,,,,,,,,,,,,,,,,,,,,,,,,,,,,,,,,,,,,,,,,,,,,,,,,,,,,
"2025-09-02 15:13:11.0951930Z","ETW","Microsoft-Antimalware-Engine",59,"Message Info ",1912,10404,"MsMpEng.exe",,,,,,0,"Behavior:Win32/SuspDllSideLoaded.B","0x1A5B3D8FF6402","84db5fe770e0d0198f480427d1ce9babd9f03e0e",,,,,,,[],,,,,,,,,,,,,,,,,,,,,,,,,,,,,,,,,,,,,,,,,,,,,,,,,,,,,,,,,,,,,,,,,,,,,,,,,,,,,,,,,,,,,,,,,,,,,,,,,,,,,,,,,,,,,,,,,,,,,,,,
"2025-09-02 15:13:11.0965758Z","ETW","Microsoft-Windows-Kernel-Process",5,"ImageLoadInfo ",20964,21880,"conhost.exe",,,,"C:\ProgramData\Microsoft\Windows\AppRepository\Packages\Microsoft.WindowsTerminal_1.22.12111.0_x64__8wekyb3d8bbwe\PackagedCom\OpenConsoleProxy.dll",,,,,,,,,,,,[{"addr":140736918203828,"idx":0},{"addr":140736917192506,"idx":1},{"addr":140736917191278,"idx":2},{"addr":140736917210764,"idx":3},{"addr":140736917202269,"idx":4},{"addr":140736917259140,"idx":5},{"addr":140736916785248,"idx":6},{"addr":140736916784352,"idx":7},{"addr":140736917101952,"idx":8},{"addr":140736872000198,"idx":9},{"addr":140736909363845,"idx":10},{"addr":140736909362547,"idx":11},{"addr":140736909360794,"idx":12},{"addr":140736909561496,"idx":13},{"addr":140736909365281,"idx":14},{"addr":140736910416420,"idx":15},{"addr":140736909195604,"idx":16},{"addr":140736909191304,"idx":17},{"addr":140736909568050,"idx":18},{"addr":140736909567049,"idx":19},{"addr":140736910229700,"idx":20},{"addr":140736910858718,"idx":21},{"addr":140736909460923,"idx":22},{"addr":140736909455813,"idx":23},{"addr":140736909134403,"idx":24},{"addr":140736909553551,"idx":25},{"addr":140736909548907,"idx":26},{"addr":140736909576880,"idx":27},{"addr":140699016513632,"idx":28},{"addr":140699016510980,"idx":29},{"addr":140699016520465,"idx":30},{"addr":140736897083607,"idx":31},{"addr":140736916996940,"idx":32}],,,,,,,,,20964,,,,,,,,,,,,,,,,,,,,,,,,,,,,,,,,,,,,1753895690,140736388923392,140736388923392,84912,53248,,,,,,,,,,,,,,,,,,,,,,,,,,,,,,,,,,,,,,,,,,,,,,,,,,,,,,,,,,,,,,,,,,,,,,,
"2025-09-02 15:13:11.0968340Z","ETW","Microsoft-Windows-Kernel-Audit-API-Calls",6,"Info ",760,3656,"csrss.exe",,,,,,,,,,,,,,,,[{"addr":140736918206948,"idx":0},{"addr":140736867540170,"idx":1},{"addr":140736867571939,"idx":2},{"addr":140736916996962,"idx":3}],,,,,,,,,,,,,,,,,,,2097151,0,20964,21880,,,,,,,,,,,,,,,,,,,,,,,,,,,,,,,,,,,,,,,,,,,,,,,,,,,,,,,,,,,,,,,,,,,,,,,,,,,,,,,,,,,,,,,,,,,,,,,,,,
"2025-09-02 15:13:11.0970570Z","ETW","Microsoft-Windows-Kernel-Process",5,"ImageLoadInfo ",20964,21880,"conhost.exe",,,,"C:\Windows\System32\oleaut32.dll",,,,,,,,,,,,[{"addr":140736918203828,"idx":0},{"addr":140736917192506,"idx":1},{"addr":140736917191278,"idx":2},{"addr":140736917190209,"idx":3},{"addr":140736916798526,"idx":4},{"addr":140736916790798,"idx":5},{"addr":140736917191656,"idx":6},{"addr":140736917210764,"idx":7},{"addr":140736917202269,"idx":8},{"addr":140736917259140,"idx":9},{"addr":140736916785248,"idx":10},{"addr":140736916784352,"idx":11},{"addr":140736917101952,"idx":12},{"addr":140736872000198,"idx":13},{"addr":140736909363845,"idx":14},{"addr":140736909362547,"idx":15},{"addr":140736909360794,"idx":16},{"addr":140736909561496,"idx":17},{"addr":140736909365281,"idx":18},{"addr":140736910416420,"idx":19},{"addr":140736909195604,"idx":20},{"addr":140736909191304,"idx":21},{"addr":140736909568050,"idx":22},{"addr":140736909567049,"idx":23},{"addr":140736910229700,"idx":24},{"addr":140736910858718,"idx":25},{"addr":140736909460923,"idx":26},{"addr":140736909455813,"idx":27},{"addr":140736909134403,"idx":28},{"addr":140736909553551,"idx":29},{"addr":140736909548907,"idx":30},{"addr":140736909576880,"idx":31},{"addr":140699016513632,"idx":32},{"addr":140699016510980,"idx":33},{"addr":140699016520465,"idx":34},{"addr":140736897083607,"idx":35},{"addr":140736916996940,"idx":36}],,,,,,,,,20964,,,,,,,,,,,,,,,,,,,,,,,,,,,,,,,,,,,,2785821912,140736894861312,140736894861312,927709,917504,,,,,,,,,,,,,,,,,,,,,,,,,,,,,,,,,,,,,,,,,,,,,,,,,,,,,,,,,,,,,,,,,,,,,,,
"2025-09-02 15:13:11.1004782Z","ETW","Microsoft-Windows-Kernel-Audit-API-Calls",5,"Info ",22412,16128,"OpenConsole.exe",,,,,,,,,,,,,,,,[{"addr":140736918203764,"idx":0},{"addr":140736872731894,"idx":1},{"addr":140700076920672,"idx":2},{"addr":140700076767210,"idx":3},{"addr":140736882620003,"idx":4},{"addr":140736882628366,"idx":5},{"addr":140736881847376,"idx":6},{"addr":140736909646461,"idx":7},{"addr":140736882199830,"idx":8},{"addr":140736909646274,"idx":9},{"addr":140736909643574,"idx":10},{"addr":140736909641089,"idx":11},{"addr":140736910206646,"idx":12},{"addr":140736909298250,"idx":13},{"addr":140736909422200,"idx":14},{"addr":140736909684515,"idx":15},{"addr":140736882311415,"idx":16},{"addr":140736882088628,"idx":17},{"addr":140736882092154,"idx":18},{"addr":140736882015316,"idx":19},{"addr":140736882081820,"idx":20},{"addr":140736882106396,"idx":21},{"addr":140736882102691,"idx":22},{"addr":140736882098504,"idx":23},{"addr":140736917358174,"idx":24},{"addr":140736917350275,"idx":25},{"addr":140736897083607,"idx":26},{"addr":140736916996940,"idx":27}],,,,,,,,,,,,,,,,,,,1049616,0,16284,,,,,,,,,,,,,,,,,,,,,,,,,,,,,,,,,,,,,,,,,,,,,,,,,,,,,,,,,,,,,,,,,,,,,,,,,,,,,,,,,,,,,,,,,,,,,,,,,,,
"2025-09-02 15:13:11.1006436Z","ETW","Microsoft-Windows-Kernel-Process",4,"ThreadStopStop ",11144,15964,"svchost.exe",,,,,,,,,,,,,,,,[],,,,,,,,497800,11144,18446639081668907008,18446639081668882432,140736917348896,0,817213759488,15964,817211179008,817211146240,140736917348896,,,,,,,,,,,,,,,,,,,,,,,,,,,,,,,,,,,,,,,,,,,,,,,,,,,,,,,,,,,,,,,,,,,,,,,,,,,,,,,,,,,,,,,,,,,,,,,,,,,,,,
"2025-09-02 15:13:11.1006488Z","ETW","Microsoft-Windows-Kernel-Process",4,"ThreadStopStop ",6760,2092,"svchost.exe",,,,,,,,,,,,,,,,[],,,,,,,,284620,6760,18446639081551908864,18446639081551884288,140736917348896,0,109177151488,2092,109178781696,109178748928,140736917348896,,,,,,,,,,,,,,,,,,,,,,,,,,,,,,,,,,,,,,,,,,,,,,,,,,,,,,,,,,,,,,,,,,,,,,,,,,,,,,,,,,,,,,,,,,,,,,,,,,,,,,
"2025-09-02 15:13:11.1028642Z","ETW","Microsoft-Windows-Kernel-Audit-API-Calls",6,"Info ",1912,8,"MsMpEng.exe",,,,,,,,,,,,,,,,[{"addr":140736918212548,"idx":0},{"addr":140736872857142,"idx":1},{"addr":140736738243895,"idx":2},{"addr":140736738242452,"idx":3},{"addr":140736657604428,"idx":4},{"addr":140736657598535,"idx":5},{"addr":140736657597146,"idx":6},{"addr":140736658259206,"idx":7},{"addr":140736657749938,"idx":8},{"addr":140736657909615,"idx":9},{"addr":140736658079503,"idx":10},{"addr":140736897083607,"idx":11},{"addr":140736916996940,"idx":12}],,,,,,,,,,,,,,,,,,,2097151,0,1912,8,,,,,,,,,,,,,,,,,,,,,,,,,,,,,,,,,,,,,,,,,,,,,,,,,,,,,,,,,,,,,,,,,,,,,,,,,,,,,,,,,,,,,,,,,,,,,,,,,,
"2025-09-02 15:13:11.1033364Z","ETW","Microsoft-Windows-Kernel-Audit-API-Calls",6,"Info ",1912,8,"MsMpEng.exe",,,,,,,,,,,,,,,,[{"addr":140736918212548,"idx":0},{"addr":140736872857142,"idx":1},{"addr":140736738243895,"idx":2},{"addr":140736738242452,"idx":3},{"addr":140736657604428,"idx":4},{"addr":140736657598535,"idx":5},{"addr":140736657597146,"idx":6},{"addr":140736658259206,"idx":7},{"addr":140736657749938,"idx":8},{"addr":140736657909615,"idx":9},{"addr":140736658079503,"idx":10},{"addr":140736897083607,"idx":11},{"addr":140736916996940,"idx":12}],,,,,,,,,,,,,,,,,,,2097151,0,1912,8,,,,,,,,,,,,,,,,,,,,,,,,,,,,,,,,,,,,,,,,,,,,,,,,,,,,,,,,,,,,,,,,,,,,,,,,,,,,,,,,,,,,,,,,,,,,,,,,,,
"2025-09-02 15:13:11.1044391Z","ETW","Microsoft-Windows-Kernel-Audit-API-Calls",6,"Info ",1912,8,"MsMpEng.exe",,,,,,,,,,,,,,,,[{"addr":140736918212548,"idx":0},{"addr":140736872857142,"idx":1},{"addr":140736738243895,"idx":2},{"addr":140736738242452,"idx":3},{"addr":140736657604428,"idx":4},{"addr":140736657598535,"idx":5},{"addr":140736657597146,"idx":6},{"addr":140736658259206,"idx":7},{"addr":140736657749938,"idx":8},{"addr":140736657909615,"idx":9},{"addr":140736658079503,"idx":10},{"addr":140736897083607,"idx":11},{"addr":140736916996940,"idx":12}],,,,,,,,,,,,,,,,,,,2097151,0,1912,8,,,,,,,,,,,,,,,,,,,,,,,,,,,,,,,,,,,,,,,,,,,,,,,,,,,,,,,,,,,,,,,,,,,,,,,,,,,,,,,,,,,,,,,,,,,,,,,,,,
"2025-09-02 15:13:11.1047219Z","ETW","Microsoft-Windows-Kernel-Audit-API-Calls",5,"Info ",1076,15876,"svchost.exe",,,,,,,,,,,,,,,,[{"addr":140736918203764,"idx":0},{"addr":140736872733451,"idx":1},{"addr":140736825975970,"idx":2},{"addr":140736825975662,"idx":3},{"addr":140736882620003,"idx":4},{"addr":140736882628366,"idx":5},{"addr":140736882319852,"idx":6},{"addr":140736882311415,"idx":7},{"addr":140736882088628,"idx":8},{"addr":140736882092744,"idx":9},{"addr":140736882015316,"idx":10},{"addr":140736882081820,"idx":11},{"addr":140736882106396,"idx":12},{"addr":140736882102691,"idx":13},{"addr":140736882098504,"idx":14},{"addr":140736917358174,"idx":15},{"addr":140736917350275,"idx":16},{"addr":140736897083607,"idx":17},{"addr":140736916996940,"idx":18}],,,,,,,,,,,,,,,,,,,4096,0,528,,,,,,,,,,,,,,,,,,,,,,,,,,,,,,,,,,,,,,,,,,,,,,,,,,,,,,,,,,,,,,,,,,,,,,,,,,,,,,,,,,,,,,,,,,,,,,,,,,,
"2025-09-02 15:13:11.1047334Z","ETW","Microsoft-Windows-Kernel-Audit-API-Calls",5,"Info ",1076,15876,"svchost.exe",,,,,,,,,,,,,,,,[{"addr":140736918203764,"idx":0},{"addr":140736872731894,"idx":1},{"addr":140736825941677,"idx":2},{"addr":140736825976196,"idx":3},{"addr":140736825975662,"idx":4},{"addr":140736882620003,"idx":5},{"addr":140736882628366,"idx":6},{"addr":140736882319852,"idx":7},{"addr":140736882311415,"idx":8},{"addr":140736882088628,"idx":9},{"addr":140736882092744,"idx":10},{"addr":140736882015316,"idx":11},{"addr":140736882081820,"idx":12},{"addr":140736882106396,"idx":13},{"addr":140736882102691,"idx":14},{"addr":140736882098504,"idx":15},{"addr":140736917358174,"idx":16},{"addr":140736917350275,"idx":17},{"addr":140736897083607,"idx":18},{"addr":140736916996940,"idx":19}],,,,,,,,,,,,,,,,,,,64,0,1076,,,,,,,,,,,,,,,,,,,,,,,,,,,,,,,,,,,,,,,,,,,,,,,,,,,,,,,,,,,,,,,,,,,,,,,,,,,,,,,,,,,,,,,,,,,,,,,,,,,
"2025-09-02 15:13:11.1053492Z","ETW","Microsoft-Windows-Kernel-Audit-API-Calls",6,"Info ",1912,8,"MsMpEng.exe",,,,,,,,,,,,,,,,[{"addr":140736918212548,"idx":0},{"addr":140736872857142,"idx":1},{"addr":140736738243895,"idx":2},{"addr":140736738242452,"idx":3},{"addr":140736657604428,"idx":4},{"addr":140736657598535,"idx":5},{"addr":140736657597146,"idx":6},{"addr":140736658259206,"idx":7},{"addr":140736657749938,"idx":8},{"addr":140736657909615,"idx":9},{"addr":140736658079503,"idx":10},{"addr":140736897083607,"idx":11},{"addr":140736916996940,"idx":12}],,,,,,,,,,,,,,,,,,,2097151,0,1912,8,,,,,,,,,,,,,,,,,,,,,,,,,,,,,,,,,,,,,,,,,,,,,,,,,,,,,,,,,,,,,,,,,,,,,,,,,,,,,,,,,,,,,,,,,,,,,,,,,,
"2025-09-02 15:13:11.1058159Z","ETW","Microsoft-Windows-Kernel-Audit-API-Calls",6,"Info ",1912,8,"MsMpEng.exe",,,,,,,,,,,,,,,,[{"addr":140736918212548,"idx":0},{"addr":140736872857142,"idx":1},{"addr":140736738243895,"idx":2},{"addr":140736738242452,"idx":3},{"addr":140736657604428,"idx":4},{"addr":140736657598535,"idx":5},{"addr":140736657597146,"idx":6},{"addr":140736658259206,"idx":7},{"addr":140736657749938,"idx":8},{"addr":140736657909615,"idx":9},{"addr":140736658079503,"idx":10},{"addr":140736897083607,"idx":11},{"addr":140736916996940,"idx":12}],,,,,,,,,,,,,,,,,,,2097151,0,1912,8,,,,,,,,,,,,,,,,,,,,,,,,,,,,,,,,,,,,,,,,,,,,,,,,,,,,,,,,,,,,,,,,,,,,,,,,,,,,,,,,,,,,,,,,,,,,,,,,,,
"2025-09-02 15:13:11.1071774Z","ETW","Microsoft-Windows-Kernel-Audit-API-Calls",6,"Info ",1912,8,"MsMpEng.exe",,,,,,,,,,,,,,,,[{"addr":140736918212548,"idx":0},{"addr":140736872857142,"idx":1},{"addr":140736738243895,"idx":2},{"addr":140736738242452,"idx":3},{"addr":140736657604428,"idx":4},{"addr":140736657598535,"idx":5},{"addr":140736657597146,"idx":6},{"addr":140736658259206,"idx":7},{"addr":140736657749938,"idx":8},{"addr":140736657909615,"idx":9},{"addr":140736658079503,"idx":10},{"addr":140736897083607,"idx":11},{"addr":140736916996940,"idx":12}],,,,,,,,,,,,,,,,,,,2097151,0,1912,8,,,,,,,,,,,,,,,,,,,,,,,,,,,,,,,,,,,,,,,,,,,,,,,,,,,,,,,,,,,,,,,,,,,,,,,,,,,,,,,,,,,,,,,,,,,,,,,,,,
"2025-09-02 15:13:11.1093414Z","ETW","Microsoft-Windows-Kernel-Audit-API-Calls",5,"Info ",2828,1056,"svchost.exe",,,,,,,,,,,,,,,,[{"addr":140736918206916,"idx":0},{"addr":140736882337646,"idx":1},{"addr":140736910267593,"idx":2},{"addr":140736627175582,"idx":3},{"addr":140736627576768,"idx":4},{"addr":140736882620003,"idx":5},{"addr":140736882628366,"idx":6},{"addr":140736881847376,"idx":7},{"addr":140736909646499,"idx":8},{"addr":140736909646267,"idx":9},{"addr":140736909643574,"idx":10},{"addr":140736909641089,"idx":11},{"addr":140736910206646,"idx":12},{"addr":140736909298250,"idx":13},{"addr":140736909422200,"idx":14},{"addr":140736909684515,"idx":15},{"addr":140736882311415,"idx":16},{"addr":140736882088628,"idx":17},{"addr":140736882092154,"idx":18},{"addr":140736882015316,"idx":19},{"addr":140736882081820,"idx":20},{"addr":140736882106396,"idx":21},{"addr":140736882102691,"idx":22},{"addr":140736882098504,"idx":23},{"addr":140736917358174,"idx":24},{"addr":140736917350275,"idx":25},{"addr":140736897083607,"idx":26},{"addr":140736916996940,"idx":27}],,,,,,,,,,,,,,,,,,,4096,0,528,,,,,,,,,,,,,,,,,,,,,,,,,,,,,,,,,,,,,,,,,,,,,,,,,,,,,,,,,,,,,,,,,,,,,,,,,,,,,,,,,,,,,,,,,,,,,,,,,,,
"2025-09-02 15:13:11.1101546Z","ETW","Microsoft-Windows-Kernel-Audit-API-Calls",5,"Info ",2828,1056,"svchost.exe",,,,,,,,,,,,,,,,[{"addr":140736918206916,"idx":0},{"addr":140736882337646,"idx":1},{"addr":140736910267593,"idx":2},{"addr":140736627175582,"idx":3},{"addr":140736627653072,"idx":4},{"addr":140736882620003,"idx":5},{"addr":140736882628366,"idx":6},{"addr":140736881847376,"idx":7},{"addr":140736909646499,"idx":8},{"addr":140736909646267,"idx":9},{"addr":140736909643574,"idx":10},{"addr":140736909641089,"idx":11},{"addr":140736910206646,"idx":12},{"addr":140736909298250,"idx":13},{"addr":140736909422200,"idx":14},{"addr":140736909684515,"idx":15},{"addr":140736882311415,"idx":16},{"addr":140736882088628,"idx":17},{"addr":140736882092154,"idx":18},{"addr":140736882015316,"idx":19},{"addr":140736882081820,"idx":20},{"addr":140736882106396,"idx":21},{"addr":140736882102691,"idx":22},{"addr":140736882098504,"idx":23},{"addr":140736917358174,"idx":24},{"addr":140736917350275,"idx":25},{"addr":140736897083607,"idx":26},{"addr":140736916996940,"idx":27}],,,,,,,,,,,,,,,,,,,4096,0,528,,,,,,,,,,,,,,,,,,,,,,,,,,,,,,,,,,,,,,,,,,,,,,,,,,,,,,,,,,,,,,,,,,,,,,,,,,,,,,,,,,,,,,,,,,,,,,,,,,,
"2025-09-02 15:13:11.1115761Z","ETW","Microsoft-Windows-Kernel-Audit-API-Calls",6,"Info ",1912,8,"MsMpEng.exe",,,,,,,,,,,,,,,,[{"addr":140736918212548,"idx":0},{"addr":140736872857142,"idx":1},{"addr":140736738243895,"idx":2},{"addr":140736738242452,"idx":3},{"addr":140736657604428,"idx":4},{"addr":140736657598535,"idx":5},{"addr":140736657597146,"idx":6},{"addr":140736658259206,"idx":7},{"addr":140736657749938,"idx":8},{"addr":140736657909615,"idx":9},{"addr":140736658079503,"idx":10},{"addr":140736897083607,"idx":11},{"addr":140736916996940,"idx":12}],,,,,,,,,,,,,,,,,,,2097151,0,1912,8,,,,,,,,,,,,,,,,,,,,,,,,,,,,,,,,,,,,,,,,,,,,,,,,,,,,,,,,,,,,,,,,,,,,,,,,,,,,,,,,,,,,,,,,,,,,,,,,,,
"2025-09-02 15:13:11.1130014Z","ETW","Microsoft-Windows-Kernel-Process",1,"ProcessStartStart ",528,13948,"svchost.exe",,,,"C:\Program Files\WindowsApps\Microsoft.WindowsTerminal_1.22.12111.0_x64__8wekyb3d8bbwe\WindowsTerminal.exe",,,,,,,,,,,,[{"addr":140736918209220,"idx":0},{"addr":140736872957146,"idx":1},{"addr":140736872946835,"idx":2},{"addr":140736897134736,"idx":3},{"addr":140736829140225,"idx":4},{"addr":140736829503159,"idx":5},{"addr":140736829015752,"idx":6},{"addr":140736882620003,"idx":7},{"addr":140736881849533,"idx":8},{"addr":140736881848122,"idx":9},{"addr":140736882311415,"idx":10},{"addr":140736882088628,"idx":11},{"addr":140736882092744,"idx":12},{"addr":140736882015316,"idx":13},{"addr":140736882081820,"idx":14},{"addr":140736882106396,"idx":15},{"addr":140736882102691,"idx":16},{"addr":140736882098504,"idx":17},{"addr":140736917358174,"idx":18},{"addr":140736917350275,"idx":19},{"addr":140736897083607,"idx":20},{"addr":140736916996940,"idx":21}],,,,,,,,,5540,,,,,,,,,,,,,,,,,,,,,,,134012995911129514,3,717315,"0x","Microsoft.WindowsTerminal_1.22.12111.0_x64__8wekyb3d8bbwe","App",528,13,31821,3,0,0,1,1753896267,,,,,,,,,,,,,,,,,,,,,,,,,,,,,,,,,,,,,,,,,,,,,,,,,,,,,,,,,,,,,,,,,,,,,,,,,,,
"2025-09-02 15:13:11.1130969Z","ETW","Microsoft-Windows-Kernel-Audit-API-Calls",6,"Info ",1912,8,"MsMpEng.exe",,,,,,,,,,,,,,,,[{"addr":140736918212548,"idx":0},{"addr":140736872857142,"idx":1},{"addr":140736738243895,"idx":2},{"addr":140736738242452,"idx":3},{"addr":140736657687525,"idx":4},{"addr":140736657686325,"idx":5},{"addr":140736657683993,"idx":6},{"addr":140736658258217,"idx":7},{"addr":140736657749938,"idx":8},{"addr":140736657909615,"idx":9},{"addr":140736658079503,"idx":10},{"addr":140736897083607,"idx":11},{"addr":140736916996940,"idx":12}],,,,,,,,,,,,,,,,,,,2097151,0,1912,8,,,,,,,,,,,,,,,,,,,,,,,,,,,,,,,,,,,,,,,,,,,,,,,,,,,,,,,,,,,,,,,,,,,,,,,,,,,,,,,,,,,,,,,,,,,,,,,,,,
"2025-09-02 15:13:11.1133312Z","ETW","Microsoft-Windows-Kernel-Audit-API-Calls",5,"Info ",1912,8,"MsMpEng.exe",,,,,,,,,,,,,,,,[{"addr":140736918203764,"idx":0},{"addr":140736872731894,"idx":1},{"addr":140733815122067,"idx":2},{"addr":140733813533757,"idx":3},{"addr":140733820783122,"idx":4},{"addr":140733811457761,"idx":5},{"addr":140733811450648,"idx":6},{"addr":140733811449218,"idx":7},{"addr":140733811441856,"idx":8},{"addr":140733811790261,"idx":9},{"addr":140733811785301,"idx":10},{"addr":140736738242841,"idx":11},{"addr":140736657687525,"idx":12},{"addr":140736657686325,"idx":13},{"addr":140736657683993,"idx":14},{"addr":140736658258217,"idx":15},{"addr":140736657749938,"idx":16},{"addr":140736657909615,"idx":17},{"addr":140736658079503,"idx":18},{"addr":140736897083607,"idx":19},{"addr":140736916996940,"idx":20}],,,,,,,,,,,,,,,,,,,1536,0,5540,,,,,,,,,,,,,,,,,,,,,,,,,,,,,,,,,,,,,,,,,,,,,,,,,,,,,,,,,,,,,,,,,,,,,,,,,,,,,,,,,,,,,,,,,,,,,,,,,,,
"2025-09-02 15:13:11.1135777Z","ETW","Microsoft-Windows-Kernel-Audit-API-Calls",5,"Info ",1912,13020,"MsMpEng.exe",,,,,,,,,,,,,,,,[{"addr":140736918203764,"idx":0},{"addr":140736872731894,"idx":1},{"addr":140733810479103,"idx":2},{"addr":140733810478599,"idx":3},{"addr":140733810481824,"idx":4},{"addr":140733811992461,"idx":5},{"addr":140733811987347,"idx":6},{"addr":140733811996001,"idx":7},{"addr":140733811994278,"idx":8},{"addr":140733810447018,"idx":9},{"addr":140733810434825,"idx":10},{"addr":140733810436081,"idx":11},{"addr":140733810435993,"idx":12},{"addr":140733812865289,"idx":13},{"addr":140733811799252,"idx":14},{"addr":140733811789863,"idx":15},{"addr":140733811785301,"idx":16},{"addr":140736738242841,"idx":17},{"addr":140736657613597,"idx":18},{"addr":140736657838177,"idx":19},{"addr":140736749360292,"idx":20},{"addr":140736749360015,"idx":21},{"addr":140736917255712,"idx":22},{"addr":140736917350945,"idx":23},{"addr":140736897083607,"idx":24},{"addr":140736916996940,"idx":25}],,,,,,,,,,,,,,,,,,,4096,0,5540,,,,,,,,,,,,,,,,,,,,,,,,,,,,,,,,,,,,,,,,,,,,,,,,,,,,,,,,,,,,,,,,,,,,,,,,,,,,,,,,,,,,,,,,,,,,,,,,,,,
"2025-09-02 15:13:11.1137813Z","ETW","Microsoft-Windows-Kernel-Process",3,"ThreadStartStart ",528,13948,"svchost.exe",,,,,,,,,,,,,,,,[{"addr":140736918209220,"idx":0},{"addr":140736872957146,"idx":1},{"addr":140736872946835,"idx":2},{"addr":140736897134736,"idx":3},{"addr":140736829140225,"idx":4},{"addr":140736829503159,"idx":5},{"addr":140736829015752,"idx":6},{"addr":140736882620003,"idx":7},{"addr":140736881849533,"idx":8},{"addr":140736881848122,"idx":9},{"addr":140736882311415,"idx":10},{"addr":140736882088628,"idx":11},{"addr":140736882092744,"idx":12},{"addr":140736882015316,"idx":13},{"addr":140736882081820,"idx":14},{"addr":140736882106396,"idx":15},{"addr":140736882102691,"idx":16},{"addr":140736882098504,"idx":17},{"addr":140736917358174,"idx":18},{"addr":140736917350275,"idx":19},{"addr":140736897083607,"idx":20},{"addr":140736916996940,"idx":21}],,,,,,,,,5540,18446639081551908864,18446639081551884288,140702555954816,40,346622705664,18592,346620755968,346620751872,140702555954816,,,,,,,,,,,,,,,,,,,,,,,,,,,,,,,,,,,,,,,,,,,,,,,,,,,,,,,,,,,,,,,,,,,,,,,,,,,,,,,,,,,,,,,,,,,,,,,,,,,,,,
"2025-09-02 15:13:11.1140942Z","ETW","Microsoft-Windows-Kernel-Audit-API-Calls",6,"Info ",1912,8,"MsMpEng.exe",,,,,,,,,,,,,,,,[{"addr":140736918212548,"idx":0},{"addr":140736872857142,"idx":1},{"addr":140736738243895,"idx":2},{"addr":140736738242452,"idx":3},{"addr":140736657604428,"idx":4},{"addr":140736657598535,"idx":5},{"addr":140736657597146,"idx":6},{"addr":140736658259206,"idx":7},{"addr":140736657749938,"idx":8},{"addr":140736657909615,"idx":9},{"addr":140736658079503,"idx":10},{"addr":140736897083607,"idx":11},{"addr":140736916996940,"idx":12}],,,,,,,,,,,,,,,,,,,2097151,0,1912,8,,,,,,,,,,,,,,,,,,,,,,,,,,,,,,,,,,,,,,,,,,,,,,,,,,,,,,,,,,,,,,,,,,,,,,,,,,,,,,,,,,,,,,,,,,,,,,,,,,
"2025-09-02 15:13:11.1147870Z","ETW","Microsoft-Windows-Kernel-Audit-API-Calls",5,"Info ",676,692,"csrss.exe",,,,,,,,,,,,,,,,[{"addr":140736918203764,"idx":0},{"addr":140736867430364,"idx":1},{"addr":140736867572214,"idx":2},{"addr":140736916996962,"idx":3}],,,,,,,,,,,,,,,,,,,2097151,0,5540,,,,,,,,,,,,,,,,,,,,,,,,,,,,,,,,,,,,,,,,,,,,,,,,,,,,,,,,,,,,,,,,,,,,,,,,,,,,,,,,,,,,,,,,,,,,,,,,,,,
"2025-09-02 15:13:11.1148008Z","ETW","Microsoft-Windows-Kernel-Audit-API-Calls",6,"Info ",676,692,"csrss.exe",,,,,,,,,,,,,,,,[{"addr":140736918212548,"idx":0},{"addr":140736867430626,"idx":1},{"addr":140736867572214,"idx":2},{"addr":140736916996962,"idx":3}],,,,,,,,,,,,,,,,,,,2097151,0,5540,18592,,,,,,,,,,,,,,,,,,,,,,,,,,,,,,,,,,,,,,,,,,,,,,,,,,,,,,,,,,,,,,,,,,,,,,,,,,,,,,,,,,,,,,,,,,,,,,,,,,
"2025-09-02 15:13:11.1157972Z","ETW","Microsoft-Windows-Kernel-Audit-API-Calls",5,"Info ",528,13948,"svchost.exe",,,,,,,,,,,,,,,,[{"addr":140736918203764,"idx":0},{"addr":140736872731894,"idx":1},{"addr":140736463393958,"idx":2},{"addr":140736829140853,"idx":3},{"addr":140736829503159,"idx":4},{"addr":140736829015752,"idx":5},{"addr":140736882620003,"idx":6},{"addr":140736881849533,"idx":7},{"addr":140736881848122,"idx":8},{"addr":140736882311415,"idx":9},{"addr":140736882088628,"idx":10},{"addr":140736882092744,"idx":11},{"addr":140736882015316,"idx":12},{"addr":140736882081820,"idx":13},{"addr":140736882106396,"idx":14},{"addr":140736882102691,"idx":15},{"addr":140736882098504,"idx":16},{"addr":140736917358174,"idx":17},{"addr":140736917350275,"idx":18},{"addr":140736897083607,"idx":19},{"addr":140736916996940,"idx":20}],,,,,,,,,,,,,,,,,,,4353,0,5540,,,,,,,,,,,,,,,,,,,,,,,,,,,,,,,,,,,,,,,,,,,,,,,,,,,,,,,,,,,,,,,,,,,,,,,,,,,,,,,,,,,,,,,,,,,,,,,,,,,
"2025-09-02 15:13:11.1158094Z","ETW","Microsoft-Windows-Kernel-Audit-API-Calls",6,"Info ",528,13948,"svchost.exe",,,,,,,,,,,,,,,,[{"addr":140736918212548,"idx":0},{"addr":140736872857142,"idx":1},{"addr":140736463394091,"idx":2},{"addr":140736829140853,"idx":3},{"addr":140736829503159,"idx":4},{"addr":140736829015752,"idx":5},{"addr":140736882620003,"idx":6},{"addr":140736881849533,"idx":7},{"addr":140736881848122,"idx":8},{"addr":140736882311415,"idx":9},{"addr":140736882088628,"idx":10},{"addr":140736882092744,"idx":11},{"addr":140736882015316,"idx":12},{"addr":140736882081820,"idx":13},{"addr":140736882106396,"idx":14},{"addr":140736882102691,"idx":15},{"addr":140736882098504,"idx":16},{"addr":140736917358174,"idx":17},{"addr":140736917350275,"idx":18},{"addr":140736897083607,"idx":19},{"addr":140736916996940,"idx":20}],,,,,,,,,,,,,,,,,,,2,0,5540,18592,,,,,,,,,,,,,,,,,,,,,,,,,,,,,,,,,,,,,,,,,,,,,,,,,,,,,,,,,,,,,,,,,,,,,,,,,,,,,,,,,,,,,,,,,,,,,,,,,,
"2025-09-02 15:13:11.1161877Z","ETW","Microsoft-Windows-Kernel-Audit-API-Calls",3,"Info ",528,13948,"svchost.exe",,,,,,,,,,,,,,,,[{"addr":140736918208932,"idx":0},{"addr":140736872807932,"idx":1},{"addr":140736872803064,"idx":2},{"addr":140736872799513,"idx":3},{"addr":140736872799017,"idx":4},{"addr":140736463332752,"idx":5},{"addr":140736463394311,"idx":6},{"addr":140736829140853,"idx":7},{"addr":140736829503159,"idx":8},{"addr":140736829015752,"idx":9},{"addr":140736882620003,"idx":10},{"addr":140736881849533,"idx":11},{"addr":140736881848122,"idx":12},{"addr":140736882311415,"idx":13},{"addr":140736882088628,"idx":14},{"addr":140736882092744,"idx":15},{"addr":140736882015316,"idx":16},{"addr":140736882081820,"idx":17},{"addr":140736882106396,"idx":18},{"addr":140736882102691,"idx":19},{"addr":140736882098504,"idx":20},{"addr":140736917358174,"idx":21},{"addr":140736917350275,"idx":22},{"addr":140736897083607,"idx":23},{"addr":140736916996940,"idx":24}],,,,,,,,,,,,,,,,,,,983041,0,,,,,,,,,,,,,,,,,,,,,,,,,,,,,,,,,,,,,,,,,,,,,,,,,,,,,,,,,,,,,,,,,,,,,,,,,,,,,,,"Local","\Sessions\1\AppContainerNamedObjects\S-1-15-2-1254322593-1477425798-1529151232-702750859-81020123-3651049416-2875749711",,,,,,,,,,,,,,,,,,,,
"2025-09-02 15:13:11.1162023Z","ETW","Microsoft-Windows-Kernel-Audit-API-Calls",3,"Info ",528,13948,"svchost.exe",,,,,,,,,,,,,,,,[{"addr":140736918208932,"idx":0},{"addr":140736872808007,"idx":1},{"addr":140736872803064,"idx":2},{"addr":140736872799513,"idx":3},{"addr":140736872799017,"idx":4},{"addr":140736463332752,"idx":5},{"addr":140736463394311,"idx":6},{"addr":140736829140853,"idx":7},{"addr":140736829503159,"idx":8},{"addr":140736829015752,"idx":9},{"addr":140736882620003,"idx":10},{"addr":140736881849533,"idx":11},{"addr":140736881848122,"idx":12},{"addr":140736882311415,"idx":13},{"addr":140736882088628,"idx":14},{"addr":140736882092744,"idx":15},{"addr":140736882015316,"idx":16},{"addr":140736882081820,"idx":17},{"addr":140736882106396,"idx":18},{"addr":140736882102691,"idx":19},{"addr":140736882098504,"idx":20},{"addr":140736917358174,"idx":21},{"addr":140736917350275,"idx":22},{"addr":140736897083607,"idx":23},{"addr":140736916996940,"idx":24}],,,,,,,,,,,,,,,,,,,983041,0,,,,,,,,,,,,,,,,,,,,,,,,,,,,,,,,,,,,,,,,,,,,,,,,,,,,,,,,,,,,,,,,,,,,,,,,,,,,,,,"Session","\Sessions\1\AppContainerNamedObjects\S-1-15-2-1254322593-1477425798-1529151232-702750859-81020123-3651049416-2875749711",,,,,,,,,,,,,,,,,,,,
"2025-09-02 15:13:11.1167273Z","ETW","Microsoft-Windows-Kernel-Process",5,"ImageLoadInfo ",5540,18592,"WindowsTerminal.exe",,,,"C:\Program Files\WindowsApps\Microsoft.WindowsTerminal_1.22.12111.0_x64__8wekyb3d8bbwe\WindowsTerminal.exe",,,,,,,,,,,,[{"addr":140736916996896,"idx":0}],,,,,,,,,5540,,,,,,,,,,,,,,,,,,,,,,,,,,,,,,,,,,,,1753896267,140702555701248,140702555701248,717315,688128,,,,,,,,,,,,,,,,,,,,,,,,,,,,,,,,,,,,,,,,,,,,,,,,,,,,,,,,,,,,,,,,,,,,,,,
"2025-09-02 15:13:11.1167722Z","ETW","Microsoft-Windows-Kernel-Process",5,"ImageLoadInfo ",5540,18592,"WindowsTerminal.exe",,,,"C:\Windows\System32\ntdll.dll",,,,,,,,,,,,[{"addr":140736916996896,"idx":0}],,,,,,,,,5540,,,,,,,,,,,,,,,,,,,,,,,,,,,,,,,,,,,,2512787800,140736916750336,140736916750336,2531053,2519040,,,,,,,,,,,,,,,,,,,,,,,,,,,,,,,,,,,,,,,,,,,,,,,,,,,,,,,,,,,,,,,,,,,,,,,
"2025-09-02 15:13:11.1169742Z","ETW","Microsoft-Windows-Kernel-Audit-API-Calls",6,"Info ",1912,8,"MsMpEng.exe",,,,,,,,,,,,,,,,[{"addr":140736918212548,"idx":0},{"addr":140736872857142,"idx":1},{"addr":140736738243895,"idx":2},{"addr":140736738242452,"idx":3},{"addr":140736657604428,"idx":4},{"addr":140736657598535,"idx":5},{"addr":140736657597146,"idx":6},{"addr":140736658259206,"idx":7},{"addr":140736657749938,"idx":8},{"addr":140736657909615,"idx":9},{"addr":140736658079503,"idx":10},{"addr":140736897083607,"idx":11},{"addr":140736916996940,"idx":12}],,,,,,,,,,,,,,,,,,,2097151,0,1912,8,,,,,,,,,,,,,,,,,,,,,,,,,,,,,,,,,,,,,,,,,,,,,,,,,,,,,,,,,,,,,,,,,,,,,,,,,,,,,,,,,,,,,,,,,,,,,,,,,,
"2025-09-02 15:13:11.1170088Z","ETW","Microsoft-Windows-Kernel-Audit-API-Calls",5,"Info ",1912,8,"MsMpEng.exe",,,,,,,,,,,,,,,,[{"addr":140736918203764,"idx":0},{"addr":140736872731894,"idx":1},{"addr":140733810479103,"idx":2},{"addr":140733810478599,"idx":3},{"addr":140733809630809,"idx":4},{"addr":140733809420559,"idx":5},{"addr":140733811789991,"idx":6},{"addr":140733811785301,"idx":7},{"addr":140736738242841,"idx":8},{"addr":140736657604428,"idx":9},{"addr":140736657598535,"idx":10},{"addr":140736657597146,"idx":11},{"addr":140736658259206,"idx":12},{"addr":140736657749938,"idx":13},{"addr":140736657909615,"idx":14},{"addr":140736658079503,"idx":15},{"addr":140736897083607,"idx":16},{"addr":140736916996940,"idx":17}],,,,,,,,,,,,,,,,,,,1052672,0,5540,,,,,,,,,,,,,,,,,,,,,,,,,,,,,,,,,,,,,,,,,,,,,,,,,,,,,,,,,,,,,,,,,,,,,,,,,,,,,,,,,,,,,,,,,,,,,,,,,,,
"2025-09-02 15:13:11.1271055Z","ETW","Microsoft-Windows-Kernel-Process",5,"ImageLoadInfo ",5540,18592,"WindowsTerminal.exe",,,,"C:\Windows\System32\kernel32.dll",,,,,,,,,,,,[{"addr":140736918203828,"idx":0},{"addr":140736917192506,"idx":1},{"addr":140736917191278,"idx":2},{"addr":140736917190209,"idx":3},{"addr":140736916804181,"idx":4},{"addr":140736916785218,"idx":5},{"addr":140736916784352,"idx":6},{"addr":140736917101952,"idx":7},{"addr":140736917649076,"idx":8},{"addr":140736917165243,"idx":9},{"addr":140736917158036,"idx":10},{"addr":140736917157502,"idx":11},{"addr":140736916971470,"idx":12}],,,,,,,,,5540,,,,,,,,,,,,,,,,,,,,,,,,,,,,,,,,,,,,2842556120,140736896892928,140736896892928,880212,823296,,,,,,,,,,,,,,,,,,,,,,,,,,,,,,,,,,,,,,,,,,,,,,,,,,,,,,,,,,,,,,,,,,,,,,,
"2025-09-02 15:13:11.1272209Z","ETW","Microsoft-Windows-Kernel-Process",5,"ImageLoadInfo ",5540,18592,"WindowsTerminal.exe",,,,"C:\Windows\System32\KernelBase.dll",,,,,,,,,,,,[{"addr":140736918203828,"idx":0},{"addr":140736917192506,"idx":1},{"addr":140736917191278,"idx":2},{"addr":140736917190209,"idx":3},{"addr":140736916798526,"idx":4},{"addr":140736916790798,"idx":5},{"addr":140736917191656,"idx":6},{"addr":140736917190209,"idx":7},{"addr":140736916804181,"idx":8},{"addr":140736916785218,"idx":9},{"addr":140736916784352,"idx":10},{"addr":140736917101952,"idx":11},{"addr":140736917649076,"idx":12},{"addr":140736917165243,"idx":13},{"addr":140736917158036,"idx":14},{"addr":140736917157502,"idx":15},{"addr":140736916971470,"idx":16}],,,,,,,,,5540,,,,,,,,,,,,,,,,,,,,,,,,,,,,,,,,,,,,1916522255,140736871923712,140736871923712,4150506,4128768,,,,,,,,,,,,,,,,,,,,,,,,,,,,,,,,,,,,,,,,,,,,,,,,,,,,,,,,,,,,,,,,,,,,,,,
"2025-09-02 15:13:11.1276200Z","ETW","Microsoft-Windows-Kernel-Audit-API-Calls",5,"Info ",760,776,"csrss.exe",,,,,,,,,,,,,,,,[{"addr":140736918206916,"idx":0},{"addr":140736867541693,"idx":1},{"addr":140736867538681,"idx":2},{"addr":140736867571143,"idx":3},{"addr":140736916996962,"idx":4}],,,,,,,,,,,,,,,,,,,33554432,0,5540,,,,,,,,,,,,,,,,,,,,,,,,,,,,,,,,,,,,,,,,,,,,,,,,,,,,,,,,,,,,,,,,,,,,,,,,,,,,,,,,,,,,,,,,,,,,,,,,,,,
"2025-09-02 15:13:11.1276268Z","ETW","Microsoft-Windows-Kernel-Audit-API-Calls",6,"Info ",760,776,"csrss.exe",,,,,,,,,,,,,,,,[{"addr":140736918206948,"idx":0},{"addr":140736867541965,"idx":1},{"addr":140736867538681,"idx":2},{"addr":140736867571143,"idx":3},{"addr":140736916996962,"idx":4}],,,,,,,,,,,,,,,,,,,33554432,0,5540,18592,,,,,,,,,,,,,,,,,,,,,,,,,,,,,,,,,,,,,,,,,,,,,,,,,,,,,,,,,,,,,,,,,,,,,,,,,,,,,,,,,,,,,,,,,,,,,,,,,,
"2025-09-02 15:13:11.1285513Z","ETW","Microsoft-Windows-Kernel-Process",3,"ThreadStartStart ",5540,18592,"WindowsTerminal.exe",,,,,,,,,,,,,,,,[{"addr":140736918214756,"idx":0},{"addr":140736917348769,"idx":1},{"addr":140736917700534,"idx":2},{"addr":140736916798680,"idx":3},{"addr":140736916790798,"idx":4},{"addr":140736917165509,"idx":5},{"addr":140736917158036,"idx":6},{"addr":140736917157502,"idx":7},{"addr":140736916971470,"idx":8}],,,,,,,,,5540,18446639081668907008,18446639081668882432,140736917348896,0,346622713856,19768,346624622592,346624618496,140736917348896,,,,,,,,,,,,,,,,,,,,,,,,,,,,,,,,,,,,,,,,,,,,,,,,,,,,,,,,,,,,,,,,,,,,,,,,,,,,,,,,,,,,,,,,,,,,,,,,,,,,,,
"2025-09-02 15:13:11.1286319Z","ETW","Microsoft-Windows-Kernel-Process",5,"ImageLoadInfo ",5540,18592,"WindowsTerminal.exe",,,,"C:\Windows\System32\user32.dll",,,,,,,,,,,,[{"addr":140736918203828,"idx":0},{"addr":140736917192506,"idx":1},{"addr":140736917191278,"idx":2},{"addr":140736917190209,"idx":3},{"addr":140736916798526,"idx":4},{"addr":140736916790798,"idx":5},{"addr":140736917165509,"idx":6},{"addr":140736917158036,"idx":7},{"addr":140736917157502,"idx":8},{"addr":140736916971470,"idx":9}],,,,,,,,,5540,,,,,,,,,,,,,,,,,,,,,,,,,,,,,,,,,,,,3594986103,140736914063360,140736914063360,1919723,1855488,,,,,,,,,,,,,,,,,,,,,,,,,,,,,,,,,,,,,,,,,,,,,,,,,,,,,,,,,,,,,,,,,,,,,,,
"2025-09-02 15:13:11.1288757Z","ETW","Microsoft-Windows-Kernel-Process",5,"ImageLoadInfo ",5540,18592,"WindowsTerminal.exe",,,,"C:\Windows\System32\win32u.dll",,,,,,,,,,,,[{"addr":140736918203828,"idx":0},{"addr":140736917192506,"idx":1},{"addr":140736917191278,"idx":2},{"addr":140736917190209,"idx":3},{"addr":140736916798526,"idx":4},{"addr":140736916790798,"idx":5},{"addr":140736917191656,"idx":6},{"addr":140736917190209,"idx":7},{"addr":140736916798526,"idx":8},{"addr":140736916790798,"idx":9},{"addr":140736917165509,"idx":10},{"addr":140736917158036,"idx":11},{"addr":140736917157502,"idx":12},{"addr":140736916971470,"idx":13}],,,,,,,,,5540,,,,,,,,,,,,,,,,,,,,,,,,,,,,,,,,,,,,4080079730,140736876118016,140736876118016,179667,159744,,,,,,,,,,,,,,,,,,,,,,,,,,,,,,,,,,,,,,,,,,,,,,,,,,,,,,,,,,,,,,,,,,,,,,,
"2025-09-02 15:13:11.1289895Z","ETW","Microsoft-Windows-Kernel-Process",3,"ThreadStartStart ",5540,18592,"WindowsTerminal.exe",,,,,,,,,,,,,,,,[{"addr":140736918214756,"idx":0},{"addr":140736917348769,"idx":1},{"addr":140736917700534,"idx":2},{"addr":140736916791223,"idx":3},{"addr":140736917191656,"idx":4},{"addr":140736917190209,"idx":5},{"addr":140736916798526,"idx":6},{"addr":140736916790798,"idx":7},{"addr":140736917191656,"idx":8},{"addr":140736917190209,"idx":9},{"addr":140736916798526,"idx":10},{"addr":140736916790798,"idx":11},{"addr":140736917165509,"idx":12},{"addr":140736917158036,"idx":13},{"addr":140736917157502,"idx":14},{"addr":140736916971470,"idx":15}],,,,,,,,,5540,18446639081567166464,18446639081567141888,140736917348896,0,346622722048,15796,346625671168,346625667072,140736917348896,,,,,,,,,,,,,,,,,,,,,,,,,,,,,,,,,,,,,,,,,,,,,,,,,,,,,,,,,,,,,,,,,,,,,,,,,,,,,,,,,,,,,,,,,,,,,,,,,,,,,,
"2025-09-02 15:13:11.1291093Z","ETW","Microsoft-Windows-Kernel-Process",5,"ImageLoadInfo ",5540,18592,"WindowsTerminal.exe",,,,"C:\Windows\System32\gdi32.dll",,,,,,,,,,,,[{"addr":140736918203828,"idx":0},{"addr":140736917192506,"idx":1},{"addr":140736917191278,"idx":2},{"addr":140736917190209,"idx":3},{"addr":140736916798526,"idx":4},{"addr":140736916790798,"idx":5},{"addr":140736917191656,"idx":6},{"addr":140736917190209,"idx":7},{"addr":140736916798526,"idx":8},{"addr":140736916790798,"idx":9},{"addr":140736917165509,"idx":10},{"addr":140736917158036,"idx":11},{"addr":140736917157502,"idx":12},{"addr":140736916971470,"idx":13}],,,,,,,,,5540,,,,,,,,,,,,,,,,,,,,,,,,,,,,,,,,,,,,226377214,140736902135808,140736902135808,213118,176128,,,,,,,,,,,,,,,,,,,,,,,,,,,,,,,,,,,,,,,,,,,,,,,,,,,,,,,,,,,,,,,,,,,,,,,
"2025-09-02 15:13:11.1291222Z","ETW","Microsoft-Windows-Kernel-Process",5,"ImageLoadInfo ",5540,19768,"WindowsTerminal.exe",,,,"C:\Program Files\WindowsApps\Microsoft.WindowsTerminal_1.22.12111.0_x64__8wekyb3d8bbwe\TerminalThemeHelpers.dll",,,,,,,,,,,,[{"addr":140736918203828,"idx":0},{"addr":140736917192506,"idx":1},{"addr":140736917191278,"idx":2},{"addr":140736917210764,"idx":3},{"addr":140736917201516,"idx":4},{"addr":140736917258922,"idx":5},{"addr":140736917255216,"idx":6},{"addr":140736917350945,"idx":7},{"addr":140736897083607,"idx":8},{"addr":140736916996940,"idx":9}],,,,,,,,,5540,,,,,,,,,,,,,,,,,,,,,,,,,,,,,,,,,,,,1688677566,140736280002560,140736280002560,110590,61440,,,,,,,,,,,,,,,,,,,,,,,,,,,,,,,,,,,,,,,,,,,,,,,,,,,,,,,,,,,,,,,,,,,,,,,
"2025-09-02 15:13:11.1293100Z","ETW","Microsoft-Windows-Kernel-Process",5,"ImageLoadInfo ",5540,18592,"WindowsTerminal.exe",,,,"C:\Windows\System32\gdi32full.dll",,,,,,,,,,,,[{"addr":140736918203828,"idx":0},{"addr":140736917192506,"idx":1},{"addr":140736917191278,"idx":2},{"addr":140736917190209,"idx":3},{"addr":140736916798526,"idx":4},{"addr":140736916790798,"idx":5},{"addr":140736917191656,"idx":6},{"addr":140736917190209,"idx":7},{"addr":140736916798526,"idx":8},{"addr":140736916790798,"idx":9},{"addr":140736917191656,"idx":10},{"addr":140736917190209,"idx":11},{"addr":140736916798526,"idx":12},{"addr":140736916790798,"idx":13},{"addr":140736917165509,"idx":14},{"addr":140736917158036,"idx":15},{"addr":140736917157502,"idx":16},{"addr":140736916971470,"idx":17}],,,,,,,,,5540,,,,,,,,,,,,,,,,,,,,,,,,,,,,,,,,,,,,4226913238,140736869040128,140736869040128,1298614,1277952,,,,,,,,,,,,,,,,,,,,,,,,,,,,,,,,,,,,,,,,,,,,,,,,,,,,,,,,,,,,,,,,,,,,,,,
"2025-09-02 15:13:11.1295167Z","ETW","Microsoft-Windows-Kernel-Process",5,"ImageLoadInfo ",5540,18592,"WindowsTerminal.exe",,,,"C:\Windows\System32\msvcp_win.dll",,,,,,,,,,,,[{"addr":140736918203828,"idx":0},{"addr":140736917192506,"idx":1},{"addr":140736917191278,"idx":2},{"addr":140736917190209,"idx":3},{"addr":140736916798526,"idx":4},{"addr":140736916790798,"idx":5},{"addr":140736917191656,"idx":6},{"addr":140736917190209,"idx":7},{"addr":140736916798526,"idx":8},{"addr":140736916790798,"idx":9},{"addr":140736917191656,"idx":10},{"addr":140736917190209,"idx":11},{"addr":140736916798526,"idx":12},{"addr":140736916790798,"idx":13},{"addr":140736917191656,"idx":14},{"addr":140736917190209,"idx":15},{"addr":140736916798526,"idx":16},{"addr":140736916790798,"idx":17},{"addr":140736917165509,"idx":18},{"addr":140736917158036,"idx":19},{"addr":140736917157502,"idx":20},{"addr":140736916971470,"idx":21}],,,,,,,,,5540,,,,,,,,,,,,,,,,,,,,,,,,,,,,,,,,,,,,2240469762,140736868319232,140736868319232,703256,667648,,,,,,,,,,,,,,,,,,,,,,,,,,,,,,,,,,,,,,,,,,,,,,,,,,,,,,,,,,,,,,,,,,,,,,,
"2025-09-02 15:13:11.1297142Z","ETW","Microsoft-Windows-Kernel-Process",5,"ImageLoadInfo ",5540,18592,"WindowsTerminal.exe",,,,"C:\Windows\System32\ucrtbase.dll",,,,,,,,,,,,[{"addr":140736918203828,"idx":0},{"addr":140736917192506,"idx":1},{"addr":140736917191278,"idx":2},{"addr":140736917190209,"idx":3},{"addr":140736916798526,"idx":4},{"addr":140736916790798,"idx":5},{"addr":140736917191656,"idx":6},{"addr":140736917190209,"idx":7},{"addr":140736916798526,"idx":8},{"addr":140736916790798,"idx":9},{"addr":140736917191656,"idx":10},{"addr":140736917190209,"idx":11},{"addr":140736916798526,"idx":12},{"addr":140736916790798,"idx":13},{"addr":140736917191656,"idx":14},{"addr":140736917190209,"idx":15},{"addr":140736916798526,"idx":16},{"addr":140736916790798,"idx":17},{"addr":140736917191656,"idx":18},{"addr":140736917190209,"idx":19},{"addr":140736916798526,"idx":20},{"addr":140736916790798,"idx":21},{"addr":140736917165509,"idx":22},{"addr":140736917158036,"idx":23},{"addr":140736917157502,"idx":24},{"addr":140736916971470,"idx":25}],,,,,,,,,5540,,,,,,,,,,,,,,,,,,,,,,,,,,,,,,,,,,,,3686092271,140736876314624,140736876314624,1418583,1355776,,,,,,,,,,,,,,,,,,,,,,,,,,,,,,,,,,,,,,,,,,,,,,,,,,,,,,,,,,,,,,,,,,,,,,,
"2025-09-02 15:13:11.1298190Z","ETW","Microsoft-Windows-Kernel-Audit-API-Calls",6,"Info ",760,15356,"csrss.exe",,,,,,,,,,,,,,,,[{"addr":140736918206948,"idx":0},{"addr":140736867540170,"idx":1},{"addr":140736867571939,"idx":2},{"addr":140736916996962,"idx":3}],,,,,,,,,,,,,,,,,,,2097151,0,5540,19768,,,,,,,,,,,,,,,,,,,,,,,,,,,,,,,,,,,,,,,,,,,,,,,,,,,,,,,,,,,,,,,,,,,,,,,,,,,,,,,,,,,,,,,,,,,,,,,,,,
"2025-09-02 15:13:11.1298965Z","ETW","Microsoft-Windows-Kernel-Process",3,"ThreadStartStart ",5540,15796,"WindowsTerminal.exe",,,,,,,,,,,,,,,,[{"addr":140736918214756,"idx":0},{"addr":140736917257428,"idx":1},{"addr":140736917254706,"idx":2},{"addr":140736917350945,"idx":3},{"addr":140736897083607,"idx":4},{"addr":140736916996940,"idx":5}],,,,,,,,,5540,18446639081567195136,18446639081567170560,140736917348896,0,346622730240,15696,346626719744,346626715648,140736917348896,,,,,,,,,,,,,,,,,,,,,,,,,,,,,,,,,,,,,,,,,,,,,,,,,,,,,,,,,,,,,,,,,,,,,,,,,,,,,,,,,,,,,,,,,,,,,,,,,,,,,,
"2025-09-02 15:13:11.1300025Z","ETW","Microsoft-Antimalware-Engine",59,"Message Info ",1912,10404,"MsMpEng.exe",,,,,,0,"Behavior:Win32/SuspDllSideLoaded.B","0x1A5B3D8FF6402","84db5fe770e0d0198f480427d1ce9babd9f03e0e",,,,,,,[],,,,,,,,,,,,,,,,,,,,,,,,,,,,,,,,,,,,,,,,,,,,,,,,,,,,,,,,,,,,,,,,,,,,,,,,,,,,,,,,,,,,,,,,,,,,,,,,,,,,,,,,,,,,,,,,,,,,,,,,
"2025-09-02 15:13:11.1301040Z","ETW","Microsoft-Windows-Kernel-Process",5,"ImageLoadInfo ",5540,18592,"WindowsTerminal.exe",,,,"C:\Windows\System32\SHCore.dll",,,,,,,,,,,,[{"addr":140736918203828,"idx":0},{"addr":140736917192506,"idx":1},{"addr":140736917191278,"idx":2},{"addr":140736917190209,"idx":3},{"addr":140736916798526,"idx":4},{"addr":140736916790798,"idx":5},{"addr":140736917165509,"idx":6},{"addr":140736917158036,"idx":7},{"addr":140736917157502,"idx":8},{"addr":140736916971470,"idx":9}],,,,,,,,,5540,,,,,,,,,,,,,,,,,,,,,,,,,,,,,,,,,,,,742317482,140736902660096,140736902660096,1049363,1003520,,,,,,,,,,,,,,,,,,,,,,,,,,,,,,,,,,,,,,,,,,,,,,,,,,,,,,,,,,,,,,,,,,,,,,,
"2025-09-02 15:13:11.1301225Z","ETW","Microsoft-Windows-Kernel-Process",5,"ImageLoadInfo ",5540,19768,"WindowsTerminal.exe",,,,"C:\Windows\System32\combase.dll",,,,,,,,,,,,[{"addr":140736918203828,"idx":0},{"addr":140736917192506,"idx":1},{"addr":140736917191278,"idx":2},{"addr":140736917190209,"idx":3},{"addr":140736916798526,"idx":4},{"addr":140736916790798,"idx":5},{"addr":140736917191656,"idx":6},{"addr":140736917210764,"idx":7},{"addr":140736917201516,"idx":8},{"addr":140736917258922,"idx":9},{"addr":140736917255216,"idx":10},{"addr":140736917350945,"idx":11},{"addr":140736897083607,"idx":12},{"addr":140736916996940,"idx":13}],,,,,,,,,5540,,,,,,,,,,,,,,,,,,,,,,,,,,,,,,,,,,,,670765882,140736909082624,140736909082624,3776119,3690496,,,,,,,,,,,,,,,,,,,,,,,,,,,,,,,,,,,,,,,,,,,,,,,,,,,,,,,,,,,,,,,,,,,,,,,
"2025-09-02 15:13:11.1303682Z","ETW","Microsoft-Windows-Kernel-Process",5,"ImageLoadInfo ",5540,19768,"WindowsTerminal.exe",,,,"C:\Windows\System32\rpcrt4.dll",,,,,,,,,,,,[{"addr":140736918203828,"idx":0},{"addr":140736917192506,"idx":1},{"addr":140736917191278,"idx":2},{"addr":140736917190209,"idx":3},{"addr":140736916798526,"idx":4},{"addr":140736916790798,"idx":5},{"addr":140736917191656,"idx":6},{"addr":140736917190209,"idx":7},{"addr":140736916798526,"idx":8},{"addr":140736916790798,"idx":9},{"addr":140736917191656,"idx":10},{"addr":140736917210764,"idx":11},{"addr":140736917201516,"idx":12},{"addr":140736917258922,"idx":13},{"addr":140736917255216,"idx":14},{"addr":140736917350945,"idx":15},{"addr":140736897083607,"idx":16},{"addr":140736916996940,"idx":17}],,,,,,,,,5540,,,,,,,,,,,,,,,,,,,,,,,,,,,,,,,,,,,,755903142,140736881754112,140736881754112,1201440,1146880,,,,,,,,,,,,,,,,,,,,,,,,,,,,,,,,,,,,,,,,,,,,,,,,,,,,,,,,,,,,,,,,,,,,,,,
"2025-09-02 15:13:11.1304648Z","ETW","Microsoft-Windows-Kernel-Process",5,"ImageLoadInfo ",5540,18592,"WindowsTerminal.exe",,,,"C:\Windows\System32\shell32.dll",,,,,,,,,,,,[{"addr":140736918203828,"idx":0},{"addr":140736917192506,"idx":1},{"addr":140736917191278,"idx":2},{"addr":140736917190209,"idx":3},{"addr":140736916798526,"idx":4},{"addr":140736916790798,"idx":5},{"addr":140736917165509,"idx":6},{"addr":140736917158036,"idx":7},{"addr":140736917157502,"idx":8},{"addr":140736916971470,"idx":9}],,,,,,,,,5540,,,,,,,,,,,,,,,,,,,,,,,,,,,,,,,,,,,,951285368,140736882933760,140736882933760,7762708,7655424,,,,,,,,,,,,,,,,,,,,,,,,,,,,,,,,,,,,,,,,,,,,,,,,,,,,,,,,,,,,,,,,,,,,,,,
"2025-09-02 15:13:11.1307493Z","ETW","Microsoft-Windows-Kernel-Process",5,"ImageLoadInfo ",5540,18592,"WindowsTerminal.exe",,,,"C:\Windows\System32\WinTypes.dll",,,,,,,,,,,,[{"addr":140736918203828,"idx":0},{"addr":140736917192506,"idx":1},{"addr":140736917191278,"idx":2},{"addr":140736917190209,"idx":3},{"addr":140736916798526,"idx":4},{"addr":140736916790798,"idx":5},{"addr":140736917191656,"idx":6},{"addr":140736917190209,"idx":7},{"addr":140736916798526,"idx":8},{"addr":140736916790798,"idx":9},{"addr":140736917165509,"idx":10},{"addr":140736917158036,"idx":11},{"addr":140736917157502,"idx":12},{"addr":140736916971470,"idx":13}],,,,,,,,,5540,,,,,,,,,,,,,,,,,,,,,,,,,,,,,,,,,,,,3655579039,140736870350848,140736870350848,1545528,1519616,,,,,,,,,,,,,,,,,,,,,,,,,,,,,,,,,,,,,,,,,,,,,,,,,,,,,,,,,,,,,,,,,,,,,,,
"2025-09-02 15:13:11.1309229Z","ETW","Microsoft-Windows-Kernel-Process",5,"ImageLoadInfo ",5540,18592,"WindowsTerminal.exe",,,,"C:\Windows\System32\oleaut32.dll",,,,,,,,,,,,[{"addr":140736918203828,"idx":0},{"addr":140736917192506,"idx":1},{"addr":140736917191278,"idx":2},{"addr":140736917190209,"idx":3},{"addr":140736916798526,"idx":4},{"addr":140736916790798,"idx":5},{"addr":140736917165509,"idx":6},{"addr":140736917158036,"idx":7},{"addr":140736917157502,"idx":8},{"addr":140736916971470,"idx":9}],,,,,,,,,5540,,,,,,,,,,,,,,,,,,,,,,,,,,,,,,,,,,,,2785821912,140736894861312,140736894861312,927709,917504,,,,,,,,,,,,,,,,,,,,,,,,,,,,,,,,,,,,,,,,,,,,,,,,,,,,,,,,,,,,,,,,,,,,,,,
"2025-09-02 15:13:11.1313118Z","ETW","Microsoft-Windows-Kernel-Process",5,"ImageLoadInfo ",5540,19768,"WindowsTerminal.exe",,,,"C:\Windows\System32\uxtheme.dll",,,,,,,,,,,,[{"addr":140736918203828,"idx":0},{"addr":140736917192506,"idx":1},{"addr":140736917191278,"idx":2},{"addr":140736917210764,"idx":3},{"addr":140736917201516,"idx":4},{"addr":140736917258922,"idx":5},{"addr":140736917255216,"idx":6},{"addr":140736917350945,"idx":7},{"addr":140736897083607,"idx":8},{"addr":140736916996940,"idx":9}],,,,,,,,,5540,,,,,,,,,,,,,,,,,,,,,,,,,,,,,,,,,,,,1095616687,140736820019200,140736820019200,769574,716800,,,,,,,,,,,,,,,,,,,,,,,,,,,,,,,,,,,,,,,,,,,,,,,,,,,,,,,,,,,,,,,,,,,,,,,
"2025-09-02 15:13:11.1314623Z","ETW","Microsoft-Windows-Kernel-Process",5,"ImageLoadInfo ",5540,15696,"WindowsTerminal.exe",,,,"C:\Windows\System32\dwmapi.dll",,,,,,,,,,,,[{"addr":140736918203828,"idx":0},{"addr":140736917192506,"idx":1},{"addr":140736917191278,"idx":2},{"addr":140736917210764,"idx":3},{"addr":140736917201516,"idx":4},{"addr":140736917258922,"idx":5},{"addr":140736917255216,"idx":6},{"addr":140736917350945,"idx":7},{"addr":140736897083607,"idx":8},{"addr":140736916996940,"idx":9}],,,,,,,,,5540,,,,,,,,,,,,,,,,,,,,,,,,,,,,,,,,,,,,960295296,140736822902784,140736822902784,264900,217088,,,,,,,,,,,,,,,,,,,,,,,,,,,,,,,,,,,,,,,,,,,,,,,,,,,,,,,,,,,,,,,,,,,,,,,
"2025-09-02 15:13:11.1315847Z","ETW","Microsoft-Antimalware-Engine",59,"Message Info ",1912,13020,"MsMpEng.exe",,,,,,0,"!BMGroup:DridexVulnDlls.A","0x195B3BF987774","01184f82067d771b42525bbf6c6541ec7a8114a3",,,,,,,[],,,,,,,,,,,,,,,,,,,,,,,,,,,,,,,,,,,,,,,,,,,,,,,,,,,,,,,,,,,,,,,,,,,,,,,,,,,,,,,,,,,,,,,,,,,,,,,,,,,,,,,,,,,,,,,,,,,,,,,,
"2025-09-02 15:13:11.1321633Z","ETW","Microsoft-Antimalware-Engine",59,"Message Info ",1912,13020,"MsMpEng.exe",,,,,,0,"!BMGroup:DridexVulnDlls.A","0x195B3BF987774","01184f82067d771b42525bbf6c6541ec7a8114a3",,,,,,,[],,,,,,,,,,,,,,,,,,,,,,,,,,,,,,,,,,,,,,,,,,,,,,,,,,,,,,,,,,,,,,,,,,,,,,,,,,,,,,,,,,,,,,,,,,,,,,,,,,,,,,,,,,,,,,,,,,,,,,,,
"2025-09-02 15:13:11.1330793Z","ETW","Microsoft-Windows-Kernel-Process",5,"ImageLoadInfo ",5540,18592,"WindowsTerminal.exe",,,,"C:\Windows\System32\imm32.dll",,,,,,,,,,,,[{"addr":140736918203828,"idx":0},{"addr":140736917192506,"idx":1},{"addr":140736917191278,"idx":2},{"addr":140736917190209,"idx":3},{"addr":140736916804181,"idx":4},{"addr":140736916785218,"idx":5},{"addr":140736916784352,"idx":6},{"addr":140736917101952,"idx":7},{"addr":140736872000198,"idx":8},{"addr":140736914283356,"idx":9},{"addr":140736914516183,"idx":10},{"addr":140736918195438,"idx":11},{"addr":140736917219838,"idx":12},{"addr":140736917215596,"idx":13},{"addr":140736916995194,"idx":14},{"addr":140736916995238,"idx":15},{"addr":140736917165788,"idx":16},{"addr":140736917158036,"idx":17},{"addr":140736917157502,"idx":18},{"addr":140736916971470,"idx":19}],,,,,,,,,5540,,,,,,,,,,,,,,,,,,,,,,,,,,,,,,,,,,,,2763417762,140736896630784,140736896630784,237947,192512,,,,,,,,,,,,,,,,,,,,,,,,,,,,,,,,,,,,,,,,,,,,,,,,,,,,,,,,,,,,,,,,,,,,,,,
"2025-09-02 15:13:11.1358498Z","ETW","Microsoft-Windows-Kernel-Process",5,"ImageLoadInfo ",5540,18592,"WindowsTerminal.exe",,,,"C:\Windows\System32\kernel.appcore.dll",,,,,,,,,,,,[{"addr":140736918203828,"idx":0},{"addr":140736917192506,"idx":1},{"addr":140736917191278,"idx":2},{"addr":140736917210764,"idx":3},{"addr":140736917202269,"idx":4},{"addr":140736917259140,"idx":5},{"addr":140736916785248,"idx":6},{"addr":140736916786774,"idx":7},{"addr":140736917021315,"idx":8},{"addr":140736917023197,"idx":9},{"addr":140736910389554,"idx":10},{"addr":140736910690375,"idx":11},{"addr":140736910448320,"idx":12},{"addr":140736916975221,"idx":13},{"addr":140736872573249,"idx":14},{"addr":140736910291875,"idx":15},{"addr":140736910291808,"idx":16},{"addr":140736909934810,"idx":17},{"addr":140736909933889,"idx":18},{"addr":140736909932542,"idx":19},{"addr":140736909930953,"idx":20},{"addr":140702555731952,"idx":21},{"addr":140702555726739,"idx":22},{"addr":140702555954706,"idx":23},{"addr":140736897083607,"idx":24},{"addr":140736916996940,"idx":25}],,,,,,,,,5540,,,,,,,,,,,,,,,,,,,,,,,,,,,,,,,,,,,,4117383687,140736848265216,140736848265216,158572,110592,,,,,,,,,,,,,,,,,,,,,,,,,,,,,,,,,,,,,,,,,,,,,,,,,,,,,,,,,,,,,,,,,,,,,,,
"2025-09-02 15:13:11.1359675Z","ETW","Microsoft-Windows-Kernel-Process",5,"ImageLoadInfo ",5540,18592,"WindowsTerminal.exe",,,,"C:\Windows\System32\msvcrt.dll",,,,,,,,,,,,[{"addr":140736918203828,"idx":0},{"addr":140736917192506,"idx":1},{"addr":140736917191278,"idx":2},{"addr":140736917190209,"idx":3},{"addr":140736916798526,"idx":4},{"addr":140736916790798,"idx":5},{"addr":140736917191656,"idx":6},{"addr":140736917210764,"idx":7},{"addr":140736917202269,"idx":8},{"addr":140736917259140,"idx":9},{"addr":140736916785248,"idx":10},{"addr":140736916786774,"idx":11},{"addr":140736917021315,"idx":12},{"addr":140736917023197,"idx":13},{"addr":140736910389554,"idx":14},{"addr":140736910690375,"idx":15},{"addr":140736910448320,"idx":16},{"addr":140736916975221,"idx":17},{"addr":140736872573249,"idx":18},{"addr":140736910291875,"idx":19},{"addr":140736910291808,"idx":20},{"addr":140736909934810,"idx":21},{"addr":140736909933889,"idx":22},{"addr":140736909932542,"idx":23},{"addr":140736909930953,"idx":24},{"addr":140702555731952,"idx":25},{"addr":140702555726739,"idx":26},{"addr":140702555954706,"idx":27},{"addr":140736897083607,"idx":28},{"addr":140736916996940,"idx":29}],,,,,,,,,5540,,,,,,,,,,,,,,,,,,,,,,,,,,,,,,,,,,,,2634004398,140736913342464,140736913342464,729924,692224,,,,,,,,,,,,,,,,,,,,,,,,,,,,,,,,,,,,,,,,,,,,,,,,,,,,,,,,,,,,,,,,,,,,,,,
"2025-09-02 15:13:11.1362742Z","ETW","Microsoft-Windows-Kernel-Process",5,"ImageLoadInfo ",5540,18592,"WindowsTerminal.exe",,,,"C:\Windows\System32\bcryptprimitives.dll",,,,,,,,,,,,[{"addr":140736918203828,"idx":0},{"addr":140736917192506,"idx":1},{"addr":140736917191278,"idx":2},{"addr":140736917190209,"idx":3},{"addr":140736916804181,"idx":4},{"addr":140736916785218,"idx":5},{"addr":140736916786774,"idx":6},{"addr":140736917021315,"idx":7},{"addr":140736917023197,"idx":8},{"addr":140736882386290,"idx":9},{"addr":140736882460095,"idx":10},{"addr":140736881997317,"idx":11},{"addr":140736909937766,"idx":12},{"addr":140736909936267,"idx":13},{"addr":140736909935376,"idx":14},{"addr":140736909934840,"idx":15},{"addr":140736909933889,"idx":16},{"addr":140736909932542,"idx":17},{"addr":140736909930953,"idx":18},{"addr":140702555731952,"idx":19},{"addr":140702555726739,"idx":20},{"addr":140702555954706,"idx":21},{"addr":140736897083607,"idx":22},{"addr":140736916996940,"idx":23}],,,,,,,,,5540,,,,,,,,,,,,,,,,,,,,,,,,,,,,,,,,,,,,3318233078,140736867663872,140736867663872,705120,626688,,,,,,,,,,,,,,,,,,,,,,,,,,,,,,,,,,,,,,,,,,,,,,,,,,,,,,,,,,,,,,,,,,,,,,,
"2025-09-02 15:13:11.1367539Z","ETW","Microsoft-Windows-Kernel-Audit-API-Calls",5,"Info ",2496,2756,"svchost.exe",,,,,,,,,,,,,,,,[{"addr":140736918203764,"idx":0},{"addr":140736624153375,"idx":1},{"addr":140736624146038,"idx":2},{"addr":140736624145118,"idx":3},{"addr":140736624193741,"idx":4},{"addr":140700308678045,"idx":5},{"addr":140736881194535,"idx":6},{"addr":140736897083607,"idx":7},{"addr":140736916996940,"idx":8}],,,,,,,,,,,,,,,,,,,5240,0,5540,,,,,,,,,,,,,,,,,,,,,,,,,,,,,,,,,,,,,,,,,,,,,,,,,,,,,,,,,,,,,,,,,,,,,,,,,,,,,,,,,,,,,,,,,,,,,,,,,,,
"2025-09-02 15:13:11.1368147Z","ETW","Microsoft-Windows-Kernel-Audit-API-Calls",6,"Info ",2496,4360,"svchost.exe",,,,,,,,,,,,,,,,[{"addr":140736918212548,"idx":0},{"addr":140736624141675,"idx":1},{"addr":140736624140828,"idx":2},{"addr":140736624140307,"idx":3},{"addr":140736624148436,"idx":4},{"addr":140736624147998,"idx":5},{"addr":140736624154053,"idx":6},{"addr":140736917453874,"idx":7},{"addr":140736917350976,"idx":8},{"addr":140736897083607,"idx":9},{"addr":140736916996940,"idx":10}],,,,,,,,,,,,,,,,,,,64,0,5540,18592,,,,,,,,,,,,,,,,,,,,,,,,,,,,,,,,,,,,,,,,,,,,,,,,,,,,,,,,,,,,,,,,,,,,,,,,,,,,,,,,,,,,,,,,,,,,,,,,,,
"2025-09-02 15:13:11.1368286Z","ETW","Microsoft-Windows-Kernel-Audit-API-Calls",5,"Info ",2496,4360,"svchost.exe",,,,,,,,,,,,,,,,[{"addr":140736918203764,"idx":0},{"addr":140736624141781,"idx":1},{"addr":140736624140828,"idx":2},{"addr":140736624140307,"idx":3},{"addr":140736624148436,"idx":4},{"addr":140736624147998,"idx":5},{"addr":140736624154053,"idx":6},{"addr":140736917453874,"idx":7},{"addr":140736917350976,"idx":8},{"addr":140736897083607,"idx":9},{"addr":140736916996940,"idx":10}],,,,,,,,,,,,,,,,,,,1024,0,5540,,,,,,,,,,,,,,,,,,,,,,,,,,,,,,,,,,,,,,,,,,,,,,,,,,,,,,,,,,,,,,,,,,,,,,,,,,,,,,,,,,,,,,,,,,,,,,,,,,,
"2025-09-02 15:13:11.1374921Z","ETW","Microsoft-Windows-Kernel-Process",5,"ImageLoadInfo ",5540,18592,"WindowsTerminal.exe",,,,"C:\Windows\System32\clbcatq.dll",,,,,,,,,,,,[{"addr":140736918203828,"idx":0},{"addr":140736917192506,"idx":1},{"addr":140736917191278,"idx":2},{"addr":140736917190209,"idx":3},{"addr":140736916804181,"idx":4},{"addr":140736916785218,"idx":5},{"addr":140736916786774,"idx":6},{"addr":140736917021315,"idx":7},{"addr":140736917023197,"idx":8},{"addr":140736910389554,"idx":9},{"addr":140736910688281,"idx":10},{"addr":140736910347186,"idx":11},{"addr":140736911036234,"idx":12},{"addr":140736909566763,"idx":13},{"addr":140736909524306,"idx":14},{"addr":140736909523551,"idx":15},{"addr":140702555816633,"idx":16},{"addr":140702555935197,"idx":17},{"addr":140702555900604,"idx":18},{"addr":140702555726885,"idx":19},{"addr":140702555726759,"idx":20},{"addr":140702555954706,"idx":21},{"addr":140736897083607,"idx":22},{"addr":140736916996940,"idx":23}],,,,,,,,,5540,,,,,,,,,,,,,,,,,,,,,,,,,,,,,,,,,,,,1600192633,140736892108800,140736892108800,700133,688128,,,,,,,,,,,,,,,,,,,,,,,,,,,,,,,,,,,,,,,,,,,,,,,,,,,,,,,,,,,,,,,,,,,,,,,
"2025-09-02 15:13:11.1380082Z","ETW","Microsoft-Windows-Kernel-Process",5,"ImageLoadInfo ",5540,18592,"WindowsTerminal.exe",,,,"C:\Windows\System32\sechost.dll",,,,,,,,,,,,[{"addr":140736918203828,"idx":0},{"addr":140736917192506,"idx":1},{"addr":140736917191278,"idx":2},{"addr":140736917190209,"idx":3},{"addr":140736916804181,"idx":4},{"addr":140736916785218,"idx":5},{"addr":140736916786774,"idx":6},{"addr":140736917021315,"idx":7},{"addr":140736917023197,"idx":8},{"addr":140736910389554,"idx":9},{"addr":140736910684769,"idx":10},{"addr":140736909315930,"idx":11},{"addr":140736909315106,"idx":12},{"addr":140736909202737,"idx":13},{"addr":140736909206133,"idx":14},{"addr":140736909541701,"idx":15},{"addr":140736910606405,"idx":16},{"addr":140736909547205,"idx":17},{"addr":140736909524462,"idx":18},{"addr":140736909523551,"idx":19},{"addr":140702555816633,"idx":20},{"addr":140702555935197,"idx":21},{"addr":140702555900604,"idx":22},{"addr":140702555726885,"idx":23},{"addr":140702555726759,"idx":24},{"addr":140702555954706,"idx":25},{"addr":140736897083607,"idx":26},{"addr":140736916996940,"idx":27}],,,,,,,,,5540,,,,,,,,,,,,,,,,,,,,,,,,,,,,,,,,,,,,918957807,140736881033216,140736881033216,733904,679936,,,,,,,,,,,,,,,,,,,,,,,,,,,,,,,,,,,,,,,,,,,,,,,,,,,,,,,,,,,,,,,,,,,,,,,
"2025-09-02 15:13:11.1390953Z","ETW","Microsoft-Windows-Kernel-Process",5,"ImageLoadInfo ",5540,18592,"WindowsTerminal.exe",,,,"C:\Windows\System32\Windows.StateRepositoryCore.dll",,,,,,,,,,,,[{"addr":140736918203828,"idx":0},{"addr":140736917192506,"idx":1},{"addr":140736917191278,"idx":2},{"addr":140736917210764,"idx":3},{"addr":140736917202269,"idx":4},{"addr":140736917259140,"idx":5},{"addr":140736916785248,"idx":6},{"addr":140736916786774,"idx":7},{"addr":140736917021315,"idx":8},{"addr":140736917023197,"idx":9},{"addr":140736873012562,"idx":10},{"addr":140736873171359,"idx":11},{"addr":140736872368125,"idx":12},{"addr":140736872603342,"idx":13},{"addr":140736909497054,"idx":14},{"addr":140736909500575,"idx":15},{"addr":140736909503282,"idx":16},{"addr":140736909540407,"idx":17},{"addr":140736910606405,"idx":18},{"addr":140736909547205,"idx":19},{"addr":140736909524462,"idx":20},{"addr":140736909523551,"idx":21},{"addr":140702555816633,"idx":22},{"addr":140702555935197,"idx":23},{"addr":140702555900604,"idx":24},{"addr":140702555726885,"idx":25},{"addr":140702555726759,"idx":26},{"addr":140702555954706,"idx":27},{"addr":140736897083607,"idx":28},{"addr":140736916996940,"idx":29}],,,,,,,,,5540,,,,,,,,,,,,,,,,,,,,,,,,,,,,,,,,,,,,3847844510,140736632913920,140736632913920,174488,106496,,,,,,,,,,,,,,,,,,,,,,,,,,,,,,,,,,,,,,,,,,,,,,,,,,,,,,,,,,,,,,,,,,,,,,,
"2025-09-02 15:13:11.1405897Z","ETW","Microsoft-Windows-Kernel-Process",5,"ImageLoadInfo ",5540,18592,"WindowsTerminal.exe",,,,"C:\Program Files\WindowsApps\Microsoft.WindowsTerminal_1.22.12111.0_x64__8wekyb3d8bbwe\TerminalApp.dll",,,,,,,,,,,,[{"addr":140736918203828,"idx":0},{"addr":140736917192506,"idx":1},{"addr":140736917191278,"idx":2},{"addr":140736917210764,"idx":3},{"addr":140736917202269,"idx":4},{"addr":140736917259140,"idx":5},{"addr":140736916785248,"idx":6},{"addr":140736916784352,"idx":7},{"addr":140736917101952,"idx":8},{"addr":140736872000198,"idx":9},{"addr":140736909363845,"idx":10},{"addr":140736909362547,"idx":11},{"addr":140736909531736,"idx":12},{"addr":140736909524833,"idx":13},{"addr":140736909523551,"idx":14},{"addr":140702555816633,"idx":15},{"addr":140702555935197,"idx":16},{"addr":140702555900604,"idx":17},{"addr":140702555726885,"idx":18},{"addr":140702555726759,"idx":19},{"addr":140702555954706,"idx":20},{"addr":140736897083607,"idx":21},{"addr":140736916996940,"idx":22}],,,,,,,,,5540,,,,,,,,,,,,,,,,,,,,,,,,,,,,,,,,,,,,1753896188,140733849600000,140733849600000,3394621,3391488,,,,,,,,,,,,,,,,,,,,,,,,,,,,,,,,,,,,,,,,,,,,,,,,,,,,,,,,,,,,,,,,,,,,,,,
"2025-09-02 15:13:11.1407700Z","ETW","Microsoft-Windows-Kernel-Process",5,"ImageLoadInfo ",5540,18592,"WindowsTerminal.exe",,,,"C:\Windows\System32\ole32.dll",,,,,,,,,,,,[{"addr":140736918203828,"idx":0},{"addr":140736917192506,"idx":1},{"addr":140736917191278,"idx":2},{"addr":140736917190209,"idx":3},{"addr":140736916798526,"idx":4},{"addr":140736916790798,"idx":5},{"addr":140736917191656,"idx":6},{"addr":140736917210764,"idx":7},{"addr":140736917202269,"idx":8},{"addr":140736917259140,"idx":9},{"addr":140736916785248,"idx":10},{"addr":140736916784352,"idx":11},{"addr":140736917101952,"idx":12},{"addr":140736872000198,"idx":13},{"addr":140736909363845,"idx":14},{"addr":140736909362547,"idx":15},{"addr":140736909531736,"idx":16},{"addr":140736909524833,"idx":17},{"addr":140736909523551,"idx":18},{"addr":140702555816633,"idx":19},{"addr":140702555935197,"idx":20},{"addr":140702555900604,"idx":21},{"addr":140702555726885,"idx":22},{"addr":140702555726759,"idx":23},{"addr":140702555954706,"idx":24},{"addr":140736897083607,"idx":25},{"addr":140736916996940,"idx":26}],,,,,,,,,5540,,,,,,,,,,,,,,,,,,,,,,,,,,,,,,,,,,,,916019586,140736897744896,140736897744896,1774113,1703936,,,,,,,,,,,,,,,,,,,,,,,,,,,,,,,,,,,,,,,,,,,,,,,,,,,,,,,,,,,,,,,,,,,,,,,
"2025-09-02 15:13:11.1411708Z","ETW","Microsoft-Windows-Kernel-Process",5,"ImageLoadInfo ",5540,19768,"WindowsTerminal.exe",,,,"C:\Windows\System32\winmm.dll",,,,,,,,,,,,[{"addr":140736918203828,"idx":0},{"addr":140736917192506,"idx":1},{"addr":140736917191278,"idx":2},{"addr":140736917210764,"idx":3},{"addr":140736917201516,"idx":4},{"addr":140736917258922,"idx":5},{"addr":140736917255216,"idx":6},{"addr":140736917350945,"idx":7},{"addr":140736897083607,"idx":8},{"addr":140736916996940,"idx":9}],,,,,,,,,5540,,,,,,,,,,,,,,,,,,,,,,,,,,,,,,,,,,,,3704786662,140735970738176,140735970738176,264511,217088,,,,,,,,,,,,,,,,,,,,,,,,,,,,,,,,,,,,,,,,,,,,,,,,,,,,,,,,,,,,,,,,,,,,,,,
"2025-09-02 15:13:11.1414550Z","ETW","Microsoft-Antimalware-Engine",59,"Message Info ",1912,3012,"MsMpEng.exe",,,,,,0,"Behavior:Win32/SuspDllSideLoaded.B","0x1A5B3D8FF6402","84db5fe770e0d0198f480427d1ce9babd9f03e0e",,,,,,,[],,,,,,,,,,,,,,,,,,,,,,,,,,,,,,,,,,,,,,,,,,,,,,,,,,,,,,,,,,,,,,,,,,,,,,,,,,,,,,,,,,,,,,,,,,,,,,,,,,,,,,,,,,,,,,,,,,,,,,,,
"2025-09-02 15:13:11.1420887Z","ETW","Microsoft-Antimalware-Engine",59,"Message Info ",1912,3012,"MsMpEng.exe",,,,,,0,"!BMGroup:DridexVulnDlls.A","0x195B3BF987774","01184f82067d771b42525bbf6c6541ec7a8114a3",,,,,,,[],,,,,,,,,,,,,,,,,,,,,,,,,,,,,,,,,,,,,,,,,,,,,,,,,,,,,,,,,,,,,,,,,,,,,,,,,,,,,,,,,,,,,,,,,,,,,,,,,,,,,,,,,,,,,,,,,,,,,,,,
"2025-09-02 15:13:11.1420934Z","ETW","Microsoft-Windows-Kernel-Process",5,"ImageLoadInfo ",5540,18592,"WindowsTerminal.exe",,,,"C:\Windows\System32\Windows.UI.Xaml.dll",,,,,,,,,,,,[{"addr":140736918203828,"idx":0},{"addr":140736917192506,"idx":1},{"addr":140736917191278,"idx":2},{"addr":140736917210764,"idx":3},{"addr":140736917202269,"idx":4},{"addr":140736917259140,"idx":5},{"addr":140736916785248,"idx":6},{"addr":140736916784352,"idx":7},{"addr":140736917101952,"idx":8},{"addr":140736872000198,"idx":9},{"addr":140736909363845,"idx":10},{"addr":140736909362547,"idx":11},{"addr":140736909531736,"idx":12},{"addr":140736909524833,"idx":13},{"addr":140736909523551,"idx":14},{"addr":140733849702131,"idx":15},{"addr":140733849979380,"idx":16},{"addr":140733849607969,"idx":17},{"addr":140736876766998,"idx":18},{"addr":140733851325098,"idx":19},{"addr":140733851325467,"idx":20},{"addr":140736918195438,"idx":21},{"addr":140736917219838,"idx":22},{"addr":140736917215596,"idx":23},{"addr":140736916995194,"idx":24},{"addr":140736916991491,"idx":25},{"addr":140736916785364,"idx":26},{"addr":140736916784352,"idx":27},{"addr":140736917101952,"idx":28},{"addr":140736872000198,"idx":29},{"addr":140736909363845,"idx":30},{"addr":140736909362547,"idx":31},{"addr":140736909531736,"idx":32},{"addr":140736909524833,"idx":33},{"addr":140736909523551,"idx":34},{"addr":140702555816633,"idx":35},{"addr":140702555935197,"idx":36},{"addr":140702555900604,"idx":37},{"addr":140702555726885,"idx":38},{"addr":140702555726759,"idx":39},{"addr":140702555954706,"idx":40},{"addr":140736897083607,"idx":41},{"addr":140736916996940,"idx":42}],,,,,,,,,5540,,,,,,,,,,,,,,,,,,,,,,,,,,,,,,,,,,,,1131723279,140736674791424,140736674791424,17910789,17891328,,,,,,,,,,,,,,,,,,,,,,,,,,,,,,,,,,,,,,,,,,,,,,,,,,,,,,,,,,,,,,,,,,,,,,,
"2025-09-02 15:13:11.1434111Z","ETW","Microsoft-Windows-Kernel-Process",5,"ImageLoadInfo ",5540,18592,"WindowsTerminal.exe",,,,"C:\Windows\System32\twinapi.appcore.dll",,,,,,,,,,,,[{"addr":140736918203828,"idx":0},{"addr":140736917192506,"idx":1},{"addr":140736917191278,"idx":2},{"addr":140736917210764,"idx":3},{"addr":140736917202269,"idx":4},{"addr":140736917259140,"idx":5},{"addr":140736916785248,"idx":6},{"addr":140736916784352,"idx":7},{"addr":140736917101952,"idx":8},{"addr":140736872000198,"idx":9},{"addr":140736909363845,"idx":10},{"addr":140736909362547,"idx":11},{"addr":140736909531736,"idx":12},{"addr":140736909524833,"idx":13},{"addr":140736909523551,"idx":14},{"addr":140736678633508,"idx":15},{"addr":140736678630879,"idx":16},{"addr":140736677467174,"idx":17},{"addr":140736680941052,"idx":18},{"addr":140736680940697,"idx":19},{"addr":140736680940155,"idx":20},{"addr":140736680940006,"idx":21},{"addr":140733849719552,"idx":22},{"addr":140733849719947,"idx":23},{"addr":140733849716091,"idx":24},{"addr":140733849716348,"idx":25},{"addr":140702555935541,"idx":26},{"addr":140702555935684,"idx":27},{"addr":140702555935352,"idx":28},{"addr":140702555900604,"idx":29},{"addr":140702555726885,"idx":30},{"addr":140702555726759,"idx":31},{"addr":140702555954706,"idx":32},{"addr":140736897083607,"idx":33},{"addr":140736916996940,"idx":34}],,,,,,,,,5540,,,,,,,,,,,,,,,,,,,,,,,,,,,,,,,,,,,,2889134449,140736717651968,140736717651968,2408796,2326528,,,,,,,,,,,,,,,,,,,,,,,,,,,,,,,,,,,,,,,,,,,,,,,,,,,,,,,,,,,,,,,,,,,,,,,
"2025-09-02 15:13:11.1437826Z","ETW","Microsoft-Windows-Kernel-Process",3,"ThreadStartStart ",5540,18592,"WindowsTerminal.exe",,,,,,,,,,,,,,,,[{"addr":140736918214756,"idx":0},{"addr":140736917452953,"idx":1},{"addr":140736917451578,"idx":2},{"addr":140736872925435,"idx":3},{"addr":140736717766192,"idx":4},{"addr":140736717765625,"idx":5},{"addr":140736916975221,"idx":6},{"addr":140736872573249,"idx":7},{"addr":140736717718491,"idx":8},{"addr":140736718235024,"idx":9},{"addr":140736678633623,"idx":10},{"addr":140736678630879,"idx":11},{"addr":140736677467174,"idx":12},{"addr":140736680941052,"idx":13},{"addr":140736680940697,"idx":14},{"addr":140736680940155,"idx":15},{"addr":140736680940006,"idx":16},{"addr":140733849719552,"idx":17},{"addr":140733849719947,"idx":18},{"addr":140733849716091,"idx":19},{"addr":140733849716348,"idx":20},{"addr":140702555935541,"idx":21},{"addr":140702555935684,"idx":22},{"addr":140702555935352,"idx":23},{"addr":140702555900604,"idx":24},{"addr":140702555726885,"idx":25},{"addr":140702555726759,"idx":26},{"addr":140702555954706,"idx":27},{"addr":140736897083607,"idx":28},{"addr":140736916996940,"idx":29}],,,,,,,,,5540,18446639081566187520,18446639081566162944,140736917348896,0,346622738432,856,346627768320,346627764224,140736917348896,,,,,,,,,,,,,,,,,,,,,,,,,,,,,,,,,,,,,,,,,,,,,,,,,,,,,,,,,,,,,,,,,,,,,,,,,,,,,,,,,,,,,,,,,,,,,,,,,,,,,,
"2025-09-02 15:13:11.1449905Z","ETW","Microsoft-Windows-Kernel-Audit-API-Calls",5,"Info ",528,13948,"svchost.exe",,,,,,,,,,,,,,,,[{"addr":140736918203764,"idx":0},{"addr":140736872731894,"idx":1},{"addr":140736829045620,"idx":2},{"addr":140736829045555,"idx":3},{"addr":140736882620003,"idx":4},{"addr":140736881849533,"idx":5},{"addr":140736881848122,"idx":6},{"addr":140736882311415,"idx":7},{"addr":140736882088628,"idx":8},{"addr":140736882092744,"idx":9},{"addr":140736882015316,"idx":10},{"addr":140736882081820,"idx":11},{"addr":140736882106396,"idx":12},{"addr":140736882102691,"idx":13},{"addr":140736882098504,"idx":14},{"addr":140736917358174,"idx":15},{"addr":140736917350275,"idx":16},{"addr":140736897083607,"idx":17},{"addr":140736916996940,"idx":18}],,,,,,,,,,,,,,,,,,,4096,0,5540,,,,,,,,,,,,,,,,,,,,,,,,,,,,,,,,,,,,,,,,,,,,,,,,,,,,,,,,,,,,,,,,,,,,,,,,,,,,,,,,,,,,,,,,,,,,,,,,,,,
"2025-09-02 15:13:11.1450146Z","ETW","Microsoft-Windows-Kernel-Audit-API-Calls",5,"Info ",944,13532,"svchost.exe",,,,,,,,,,,,,,,,[{"addr":140736918206916,"idx":0},{"addr":140736882337646,"idx":1},{"addr":140736828644345,"idx":2},{"addr":140736828636082,"idx":3},{"addr":140736882620003,"idx":4},{"addr":140736881849533,"idx":5},{"addr":140736881848122,"idx":6},{"addr":140736882311415,"idx":7},{"addr":140736882088628,"idx":8},{"addr":140736882092744,"idx":9},{"addr":140736882015316,"idx":10},{"addr":140736882081820,"idx":11},{"addr":140736882106396,"idx":12},{"addr":140736882102691,"idx":13},{"addr":140736882098504,"idx":14},{"addr":140736917358174,"idx":15},{"addr":140736917350275,"idx":16},{"addr":140736897083607,"idx":17},{"addr":140736916996940,"idx":18}],,,,,,,,,,,,,,,,,,,1048576,0,5540,,,,,,,,,,,,,,,,,,,,,,,,,,,,,,,,,,,,,,,,,,,,,,,,,,,,,,,,,,,,,,,,,,,,,,,,,,,,,,,,,,,,,,,,,,,,,,,,,,,
"2025-09-02 15:13:11.1460151Z","ETW","Microsoft-Windows-Kernel-Process",3,"ThreadStartStart ",5540,18592,"WindowsTerminal.exe",,,,,,,,,,,,,,,,[{"addr":140736918208964,"idx":0},{"addr":140736872776761,"idx":1},{"addr":140736897102141,"idx":2},{"addr":140736909291405,"idx":3},{"addr":140736909289761,"idx":4},{"addr":140736909471518,"idx":5},{"addr":140736909472222,"idx":6},{"addr":140736909469257,"idx":7},{"addr":140736909469042,"idx":8},{"addr":140736909468649,"idx":9},{"addr":140736909472335,"idx":10},{"addr":140736909678884,"idx":11},{"addr":140736909678529,"idx":12},{"addr":140736909240624,"idx":13},{"addr":140736717685662,"idx":14},{"addr":140736717685418,"idx":15},{"addr":140736717684129,"idx":16},{"addr":140736718235131,"idx":17},{"addr":140736678633623,"idx":18},{"addr":140736678630879,"idx":19},{"addr":140736677467174,"idx":20},{"addr":140736680941052,"idx":21},{"addr":140736680940697,"idx":22},{"addr":140736680940155,"idx":23},{"addr":140736680940006,"idx":24},{"addr":140733849719552,"idx":25},{"addr":140733849719947,"idx":26},{"addr":140733849716091,"idx":27},{"addr":140733849716348,"idx":28},{"addr":140702555935541,"idx":29},{"addr":140702555935684,"idx":30},{"addr":140702555935352,"idx":31},{"addr":140702555900604,"idx":32},{"addr":140702555726885,"idx":33},{"addr":140702555726759,"idx":34},{"addr":140702555954706,"idx":35},{"addr":140736897083607,"idx":36},{"addr":140736916996940,"idx":37}],,,,,,,,,5540,18446639081567252480,18446639081567227904,140736910320112,0,346622746624,1452,346628816896,346628808704,140736910320112,,,,,,,,,,,,,,,,,,,,,,,,,,,,,,,,,,,,,,,,,,,,,,,,,,,,,,,,,,,,,,,,,,,,,,,,,,,,,,,,,,,,,,,,,,,,,,,,,,,,,,
"2025-09-02 15:13:11.1463457Z","ETW","Microsoft-Windows-Kernel-Process",3,"ThreadStartStart ",5540,856,"WindowsTerminal.exe",,,,,,,,,,,,,,,,[{"addr":140736918216388,"idx":0},{"addr":140736917669762,"idx":1},{"addr":140736882108009,"idx":2},{"addr":140736882120022,"idx":3},{"addr":140736882104053,"idx":4},{"addr":140736882098504,"idx":5},{"addr":140736917358174,"idx":6},{"addr":140736917350275,"idx":7},{"addr":140736897083607,"idx":8},{"addr":140736916996940,"idx":9}],,,,,,,,,5540,18446639081567281152,18446639081567256576,140736917348896,0,346622754816,1992,346629865472,346629861376,140736917348896,,,,,,,,,,,,,,,,,,,,,,,,,,,,,,,,,,,,,,,,,,,,,,,,,,,,,,,,,,,,,,,,,,,,,,,,,,,,,,,,,,,,,,,,,,,,,,,,,,,,,,
"2025-09-02 15:13:11.1475750Z","ETW","Microsoft-Windows-Kernel-Process",5,"ImageLoadInfo ",5540,18592,"WindowsTerminal.exe",,,,"C:\Windows\System32\OneCoreUAPCommonProxyStub.dll",,,,,,,,,,,,[{"addr":140736918203828,"idx":0},{"addr":140736917192506,"idx":1},{"addr":140736917191278,"idx":2},{"addr":140736917210764,"idx":3},{"addr":140736917202269,"idx":4},{"addr":140736917259140,"idx":5},{"addr":140736916785248,"idx":6},{"addr":140736916784352,"idx":7},{"addr":140736917101952,"idx":8},{"addr":140736872000198,"idx":9},{"addr":140736909363845,"idx":10},{"addr":140736909362547,"idx":11},{"addr":140736909360794,"idx":12},{"addr":140736909561496,"idx":13},{"addr":140736909365281,"idx":14},{"addr":140736909339322,"idx":15},{"addr":140736909195691,"idx":16},{"addr":140736909191304,"idx":17},{"addr":140736910023632,"idx":18},{"addr":140736909168718,"idx":19},{"addr":140736909164962,"idx":20},{"addr":140736909163671,"idx":21},{"addr":140736909162770,"idx":22},{"addr":140736909135305,"idx":23},{"addr":140736909240714,"idx":24},{"addr":140736717685662,"idx":25},{"addr":140736717685418,"idx":26},{"addr":140736717684129,"idx":27},{"addr":140736718235131,"idx":28},{"addr":140736678633623,"idx":29},{"addr":140736678630879,"idx":30},{"addr":140736677467174,"idx":31},{"addr":140736680941052,"idx":32},{"addr":140736680940697,"idx":33},{"addr":140736680940155,"idx":34},{"addr":140736680940006,"idx":35},{"addr":140733849719552,"idx":36},{"addr":140733849719947,"idx":37},{"addr":140733849716091,"idx":38},{"addr":140733849716348,"idx":39},{"addr":140702555935541,"idx":40},{"addr":140702555935684,"idx":41},{"addr":140702555935352,"idx":42},{"addr":140702555900604,"idx":43},{"addr":140702555726885,"idx":44},{"addr":140702555726759,"idx":45},{"addr":140702555954706,"idx":46},{"addr":140736897083607,"idx":47},{"addr":140736916996940,"idx":48}],,,,,,,,,5540,,,,,,,,,,,,,,,,,,,,,,,,,,,,,,,,,,,,1635141586,140736710443008,140736710443008,6653254,6569984,,,,,,,,,,,,,,,,,,,,,,,,,,,,,,,,,,,,,,,,,,,,,,,,,,,,,,,,,,,,,,,,,,,,,,,
"2025-09-02 15:13:11.1502038Z","ETW","Microsoft-Windows-Kernel-Process",5,"ImageLoadInfo ",5540,18592,"WindowsTerminal.exe",,,,"C:\Program Files\WindowsApps\Microsoft.WindowsTerminal_1.22.12111.0_x64__8wekyb3d8bbwe\Microsoft.Terminal.Control.dll",,,,,,,,,,,,[{"addr":140736918203828,"idx":0},{"addr":140736917192506,"idx":1},{"addr":140736917191278,"idx":2},{"addr":140736917210764,"idx":3},{"addr":140736917202269,"idx":4},{"addr":140736917259140,"idx":5},{"addr":140736916785248,"idx":6},{"addr":140736916784352,"idx":7},{"addr":140736917101952,"idx":8},{"addr":140736872000198,"idx":9},{"addr":140736909363845,"idx":10},{"addr":140736909362547,"idx":11},{"addr":140736909531736,"idx":12},{"addr":140736909524833,"idx":13},{"addr":140736909523551,"idx":14},{"addr":140733849705545,"idx":15},{"addr":140733849724989,"idx":16},{"addr":140733849714780,"idx":17},{"addr":140733849716128,"idx":18},{"addr":140733849716348,"idx":19},{"addr":140702555935541,"idx":20},{"addr":140702555935684,"idx":21},{"addr":140702555935352,"idx":22},{"addr":140702555900604,"idx":23},{"addr":140702555726885,"idx":24},{"addr":140702555726759,"idx":25},{"addr":140702555954706,"idx":26},{"addr":140736897083607,"idx":27},{"addr":140736916996940,"idx":28}],,,,,,,,,5540,,,,,,,,,,,,,,,,,,,,,,,,,,,,,,,,,,,,1753895817,140733906223104,140733906223104,2034894,1994752,,,,,,,,,,,,,,,,,,,,,,,,,,,,,,,,,,,,,,,,,,,,,,,,,,,,,,,,,,,,,,,,,,,,,,,
"2025-09-02 15:13:11.1507132Z","ETW","Microsoft-Windows-Kernel-Process",5,"ImageLoadInfo ",5540,19768,"WindowsTerminal.exe",,,,"C:\Windows\System32\UIAutomationCore.dll",,,,,,,,,,,,[{"addr":140736918203828,"idx":0},{"addr":140736917192506,"idx":1},{"addr":140736917191278,"idx":2},{"addr":140736917210764,"idx":3},{"addr":140736917202269,"idx":4},{"addr":140736917259140,"idx":5},{"addr":140736917255216,"idx":6},{"addr":140736917350945,"idx":7},{"addr":140736897083607,"idx":8},{"addr":140736916996940,"idx":9}],,,,,,,,,5540,,,,,,,,,,,,,,,,,,,,,,,,,,,,,,,,,,,,2499371108,140736439713792,140736439713792,4406480,4395008,,,,,,,,,,,,,,,,,,,,,,,,,,,,,,,,,,,,,,,,,,,,,,,,,,,,,,,,,,,,,,,,,,,,,,,
"2025-09-02 15:13:11.1510146Z","ETW","Microsoft-Windows-Kernel-Process",5,"ImageLoadInfo ",5540,15696,"WindowsTerminal.exe",,,,"C:\Windows\System32\UIAutomationCore.dll",,,,,,,,,,,,[{"addr":140736918203828,"idx":0},{"addr":140736917192506,"idx":1},{"addr":140736917191278,"idx":2},{"addr":140736917210764,"idx":3},{"addr":140736917202269,"idx":4},{"addr":140736917259140,"idx":5},{"addr":140736917255216,"idx":6},{"addr":140736917350945,"idx":7},{"addr":140736897083607,"idx":8},{"addr":140736916996940,"idx":9}],,,,,,,,,5540,,,,,,,,,,,,,,,,,,,,,,,,,,,,,,,,,,,,2499371108,2432389611520,2432389611520,4406480,4395008,,,,,,,,,,,,,,,,,,,,,,,,,,,,,,,,,,,,,,,,,,,,,,,,,,,,,,,,,,,,,,,,,,,,,,,
"2025-09-02 15:13:11.1510494Z","ETW","Microsoft-Windows-Kernel-Process",5,"ImageLoadInfo ",5540,18592,"WindowsTerminal.exe",,,,"C:\Windows\System32\d2d1.dll",,,,,,,,,,,,[{"addr":140736918203828,"idx":0},{"addr":140736917192506,"idx":1},{"addr":140736917191278,"idx":2},{"addr":140736917210764,"idx":3},{"addr":140736917201516,"idx":4},{"addr":140736917258922,"idx":5},{"addr":140736916999751,"idx":6},{"addr":140736916785258,"idx":7},{"addr":140736916784352,"idx":8},{"addr":140736917101952,"idx":9},{"addr":140736872000198,"idx":10},{"addr":140736909363845,"idx":11},{"addr":140736909362547,"idx":12},{"addr":140736909531736,"idx":13},{"addr":140736909524833,"idx":14},{"addr":140736909523551,"idx":15},{"addr":140733849705545,"idx":16},{"addr":140733849724989,"idx":17},{"addr":140733849714780,"idx":18},{"addr":140733849716128,"idx":19},{"addr":140733849716348,"idx":20},{"addr":140702555935541,"idx":21},{"addr":140702555935684,"idx":22},{"addr":140702555935352,"idx":23},{"addr":140702555900604,"idx":24},{"addr":140702555726885,"idx":25},{"addr":140702555726759,"idx":26},{"addr":140702555954706,"idx":27},{"addr":140736897083607,"idx":28},{"addr":140736916996940,"idx":29}],,,,,,,,,5540,,,,,,,,,,,,,,,,,,,,,,,,,,,,,,,,,,,,2898039771,140736796753920,140736796753920,6680845,6565888,,,,,,,,,,,,,,,,,,,,,,,,,,,,,,,,,,,,,,,,,,,,,,,,,,,,,,,,,,,,,,,,,,,,,,,
"2025-09-02 15:13:11.1511130Z","ETW","Microsoft-Windows-Kernel-Process",6,"ImageUnloadInfo ",5540,15696,"WindowsTerminal.exe",,,,"C:\Windows\System32\UIAutomationCore.dll",,,,,,,,,,,,[{"addr":140736918203892,"idx":0},{"addr":140736917192863,"idx":1},{"addr":140736917191278,"idx":2},{"addr":140736917210764,"idx":3},{"addr":140736917202269,"idx":4},{"addr":140736917259140,"idx":5},{"addr":140736917255216,"idx":6},{"addr":140736917350945,"idx":7},{"addr":140736897083607,"idx":8},{"addr":140736916996940,"idx":9}],,,,,,,,,5540,,,,,,,,,,,,,,,,,,,,,,,,,,,,,,,,,,,,2499371108,2432389611520,2432389611520,4406480,4407296,,,,,,,,,,,,,,,,,,,,,,,,,,,,,,,,,,,,,,,,,,,,,,,,,,,,,,,,,,,,,,,,,,,,,,,
"2025-09-02 15:13:11.1513967Z","ETW","Microsoft-Windows-Kernel-Process",5,"ImageLoadInfo ",5540,19768,"WindowsTerminal.exe",,,,"C:\Windows\System32\dxgi.dll",,,,,,,,,,,,[{"addr":140736918203828,"idx":0},{"addr":140736917192506,"idx":1},{"addr":140736917191278,"idx":2},{"addr":140736917210764,"idx":3},{"addr":140736917201516,"idx":4},{"addr":140736917258922,"idx":5},{"addr":140736917255216,"idx":6},{"addr":140736917350945,"idx":7},{"addr":140736897083607,"idx":8},{"addr":140736916996940,"idx":9}],,,,,,,,,5540,,,,,,,,,,,,,,,,,,,,,,,,,,,,,,,,,,,,179780312,140736821395456,140736821395456,1361123,1302528,,,,,,,,,,,,,,,,,,,,,,,,,,,,,,,,,,,,,,,,,,,,,,,,,,,,,,,,,,,,,,,,,,,,,,,
"2025-09-02 15:13:11.1517668Z","ETW","Microsoft-Windows-Kernel-Process",5,"ImageLoadInfo ",5540,18592,"WindowsTerminal.exe",,,,"C:\Windows\System32\D3DCompiler_47.dll",,,,,,,,,,,,[{"addr":140736918203828,"idx":0},{"addr":140736917192506,"idx":1},{"addr":140736917191278,"idx":2},{"addr":140736917210764,"idx":3},{"addr":140736917201516,"idx":4},{"addr":140736917258922,"idx":5},{"addr":140736916999751,"idx":6},{"addr":140736916785258,"idx":7},{"addr":140736916784352,"idx":8},{"addr":140736917101952,"idx":9},{"addr":140736872000198,"idx":10},{"addr":140736909363845,"idx":11},{"addr":140736909362547,"idx":12},{"addr":140736909531736,"idx":13},{"addr":140736909524833,"idx":14},{"addr":140736909523551,"idx":15},{"addr":140733849705545,"idx":16},{"addr":140733849724989,"idx":17},{"addr":140733849714780,"idx":18},{"addr":140733849716128,"idx":19},{"addr":140733849716348,"idx":20},{"addr":140702555935541,"idx":21},{"addr":140702555935684,"idx":22},{"addr":140702555935352,"idx":23},{"addr":140702555900604,"idx":24},{"addr":140702555726885,"idx":25},{"addr":140702555726759,"idx":26},{"addr":140702555954706,"idx":27},{"addr":140736897083607,"idx":28},{"addr":140736916996940,"idx":29}],,,,,,,,,5540,,,,,,,,,,,,,,,,,,,,,,,,,,,,,,,,,,,,936958366,140736786202624,140736786202624,4728664,4714496,,,,,,,,,,,,,,,,,,,,,,,,,,,,,,,,,,,,,,,,,,,,,,,,,,,,,,,,,,,,,,,,,,,,,,,
"2025-09-02 15:13:11.1518651Z","ETW","Microsoft-Antimalware-Engine",59,"Message Info ",1912,10404,"MsMpEng.exe",,,,,,0,"Behavior:Win32/SuspDllSideLoaded.B","0x1A5B3D8FF6402","84db5fe770e0d0198f480427d1ce9babd9f03e0e",,,,,,,[],,,,,,,,,,,,,,,,,,,,,,,,,,,,,,,,,,,,,,,,,,,,,,,,,,,,,,,,,,,,,,,,,,,,,,,,,,,,,,,,,,,,,,,,,,,,,,,,,,,,,,,,,,,,,,,,,,,,,,,,
"2025-09-02 15:13:11.1518838Z","ETW","Microsoft-Windows-Kernel-Process",5,"ImageLoadInfo ",5540,15796,"WindowsTerminal.exe",,,,"C:\Windows\System32\DWrite.dll",,,,,,,,,,,,[{"addr":140736918203828,"idx":0},{"addr":140736917192506,"idx":1},{"addr":140736917191278,"idx":2},{"addr":140736917210764,"idx":3},{"addr":140736917201516,"idx":4},{"addr":140736917258922,"idx":5},{"addr":140736917255216,"idx":6},{"addr":140736917350945,"idx":7},{"addr":140736897083607,"idx":8},{"addr":140736916996940,"idx":9}],,,,,,,,,5540,,,,,,,,,,,,,,,,,,,,,,,,,,,,,,,,,,,,1496558505,140736794198016,140736794198016,2527455,2535424,,,,,,,,,,,,,,,,,,,,,,,,,,,,,,,,,,,,,,,,,,,,,,,,,,,,,,,,,,,,,,,,,,,,,,,
"2025-09-02 15:13:11.1522674Z","ETW","Microsoft-Windows-Kernel-Process",5,"ImageLoadInfo ",5540,15696,"WindowsTerminal.exe",,,,"C:\Windows\System32\d3d11.dll",,,,,,,,,,,,[{"addr":140736918203828,"idx":0},{"addr":140736917192506,"idx":1},{"addr":140736917191278,"idx":2},{"addr":140736917210764,"idx":3},{"addr":140736917201516,"idx":4},{"addr":140736917258922,"idx":5},{"addr":140736917255216,"idx":6},{"addr":140736917350945,"idx":7},{"addr":140736897083607,"idx":8},{"addr":140736916996940,"idx":9}],,,,,,,,,5540,,,,,,,,,,,,,,,,,,,,,,,,,,,,,,,,,,,,3657003287,140736803373056,140736803373056,2576804,2519040,,,,,,,,,,,,,,,,,,,,,,,,,,,,,,,,,,,,,,,,,,,,,,,,,,,,,,,,,,,,,,,,,,,,,,,
"2025-09-02 15:13:11.1523871Z","ETW","Microsoft-Windows-Kernel-Process",5,"ImageLoadInfo ",5540,19768,"WindowsTerminal.exe",,,,"C:\Windows\System32\cryptsp.dll",,,,,,,,,,,,[{"addr":140736918203828,"idx":0},{"addr":140736917192506,"idx":1},{"addr":140736917191278,"idx":2},{"addr":140736917210764,"idx":3},{"addr":140736917202269,"idx":4},{"addr":140736917259140,"idx":5},{"addr":140736917255216,"idx":6},{"addr":140736917350945,"idx":7},{"addr":140736897083607,"idx":8},{"addr":140736916996940,"idx":9}],,,,,,,,,5540,,,,,,,,,,,,,,,,,,,,,,,,,,,,,,,,,,,,1637991129,140736856981504,140736856981504,133346,110592,,,,,,,,,,,,,,,,,,,,,,,,,,,,,,,,,,,,,,,,,,,,,,,,,,,,,,,,,,,,,,,,,,,,,,,
"2025-09-02 15:13:11.1525627Z","ETW","Microsoft-Antimalware-Engine",59,"Message Info ",1912,10404,"MsMpEng.exe",,,,,,0,"!BMGroup:DridexVulnDlls.A","0x195B3BF987774","01184f82067d771b42525bbf6c6541ec7a8114a3",,,,,,,[],,,,,,,,,,,,,,,,,,,,,,,,,,,,,,,,,,,,,,,,,,,,,,,,,,,,,,,,,,,,,,,,,,,,,,,,,,,,,,,,,,,,,,,,,,,,,,,,,,,,,,,,,,,,,,,,,,,,,,,,
"2025-09-02 15:13:11.1554377Z","ETW","Microsoft-Windows-Kernel-Process",5,"ImageLoadInfo ",5540,18592,"WindowsTerminal.exe",,,,"C:\Program Files\WindowsApps\Microsoft.UI.Xaml.2.8_8.2501.31001.0_x64__8wekyb3d8bbwe\Microsoft.UI.Xaml.dll",,,,,,,,,,,,[{"addr":140736918203828,"idx":0},{"addr":140736917192506,"idx":1},{"addr":140736917191278,"idx":2},{"addr":140736917210764,"idx":3},{"addr":140736917202269,"idx":4},{"addr":140736917259140,"idx":5},{"addr":140736916785248,"idx":6},{"addr":140736916784352,"idx":7},{"addr":140736917101952,"idx":8},{"addr":140736872000198,"idx":9},{"addr":140736909363845,"idx":10},{"addr":140736909362547,"idx":11},{"addr":140736909531736,"idx":12},{"addr":140736909524833,"idx":13},{"addr":140736909523551,"idx":14},{"addr":140733849705545,"idx":15},{"addr":140733849724349,"idx":16},{"addr":140733849714898,"idx":17},{"addr":140733849716128,"idx":18},{"addr":140733849716348,"idx":19},{"addr":140702555935541,"idx":20},{"addr":140702555935684,"idx":21},{"addr":140702555935352,"idx":22},{"addr":140702555900604,"idx":23},{"addr":140702555726885,"idx":24},{"addr":140702555726759,"idx":25},{"addr":140702555954706,"idx":26},{"addr":140736897083607,"idx":27},{"addr":140736916996940,"idx":28}],,,,,,,,,5540,,,,,,,,,,,,,,,,,,,,,,,,,,,,,,,,,,,,2056920596,140733615702016,140733615702016,5866761,5873664,,,,,,,,,,,,,,,,,,,,,,,,,,,,,,,,,,,,,,,,,,,,,,,,,,,,,,,,,,,,,,,,,,,,,,,
"2025-09-02 15:13:11.1561284Z","ETW","Microsoft-Antimalware-Engine",59,"Message Info ",1912,11040,"MsMpEng.exe",,,,,,0,"Behavior:Win32/SuspDllSideLoaded.B","0x1A5B3D8FF6402","84db5fe770e0d0198f480427d1ce9babd9f03e0e",,,,,,,[],,,,,,,,,,,,,,,,,,,,,,,,,,,,,,,,,,,,,,,,,,,,,,,,,,,,,,,,,,,,,,,,,,,,,,,,,,,,,,,,,,,,,,,,,,,,,,,,,,,,,,,,,,,,,,,,,,,,,,,,
"2025-09-02 15:13:11.1563606Z","ETW","Microsoft-Windows-Kernel-Process",5,"ImageLoadInfo ",5540,18592,"WindowsTerminal.exe",,,,"C:\Windows\System32\CoreMessaging.dll",,,,,,,,,,,,[{"addr":140736918203828,"idx":0},{"addr":140736917192506,"idx":1},{"addr":140736917191278,"idx":2},{"addr":140736917210764,"idx":3},{"addr":140736917202269,"idx":4},{"addr":140736917259140,"idx":5},{"addr":140736916785248,"idx":6},{"addr":140736916784352,"idx":7},{"addr":140736917101952,"idx":8},{"addr":140736872000198,"idx":9},{"addr":140736909363845,"idx":10},{"addr":140736909362547,"idx":11},{"addr":140736909531736,"idx":12},{"addr":140736909524833,"idx":13},{"addr":140736909523551,"idx":14},{"addr":140733849702131,"idx":15},{"addr":140733849723597,"idx":16},{"addr":140733849724165,"idx":17},{"addr":140733849714937,"idx":18},{"addr":140733849716128,"idx":19},{"addr":140733849716348,"idx":20},{"addr":140702555935541,"idx":21},{"addr":140702555935684,"idx":22},{"addr":140702555935352,"idx":23},{"addr":140702555900604,"idx":24},{"addr":140702555726885,"idx":25},{"addr":140702555726759,"idx":26},{"addr":140702555954706,"idx":27},{"addr":140736897083607,"idx":28},{"addr":140736916996940,"idx":29}],,,,,,,,,5540,,,,,,,,,,,,,,,,,,,,,,,,,,,,,,,,,,,,3802617839,140736813531136,140736813531136,1276090,1200128,,,,,,,,,,,,,,,,,,,,,,,,,,,,,,,,,,,,,,,,,,,,,,,,,,,,,,,,,,,,,,,,,,,,,,,
"2025-09-02 15:13:11.1572697Z","ETW","Microsoft-Windows-Kernel-Process",5,"ImageLoadInfo ",5540,18592,"WindowsTerminal.exe",,,,"C:\Windows\System32\Windows.UI.dll",,,,,,,,,,,,[{"addr":140736918203828,"idx":0},{"addr":140736917192506,"idx":1},{"addr":140736917191278,"idx":2},{"addr":140736917210764,"idx":3},{"addr":140736917202269,"idx":4},{"addr":140736917259140,"idx":5},{"addr":140736916785248,"idx":6},{"addr":140736916784352,"idx":7},{"addr":140736917101952,"idx":8},{"addr":140736872000198,"idx":9},{"addr":140736909363845,"idx":10},{"addr":140736909362547,"idx":11},{"addr":140736909531736,"idx":12},{"addr":140736909524833,"idx":13},{"addr":140736909523551,"idx":14},{"addr":140736678007005,"idx":15},{"addr":140736678628250,"idx":16},{"addr":140736678626826,"idx":17},{"addr":140736677467174,"idx":18},{"addr":140736678619618,"idx":19},{"addr":140736678619329,"idx":20},{"addr":140736678618946,"idx":21},{"addr":140736678618813,"idx":22},{"addr":140733849714033,"idx":23},{"addr":140733849714392,"idx":24},{"addr":140733849715095,"idx":25},{"addr":140733849716128,"idx":26},{"addr":140733849716348,"idx":27},{"addr":140702555935541,"idx":28},{"addr":140702555935684,"idx":29},{"addr":140702555935352,"idx":30},{"addr":140702555900604,"idx":31},{"addr":140702555726885,"idx":32},{"addr":140702555726759,"idx":33},{"addr":140702555954706,"idx":34},{"addr":140736897083607,"idx":35},{"addr":140736916996940,"idx":36}],,,,,,,,,5540,,,,,,,,,,,,,,,,,,,,,,,,,,,,,,,,,,,,2192056598,140736701202432,140736701202432,1455945,1409024,,,,,,,,,,,,,,,,,,,,,,,,,,,,,,,,,,,,,,,,,,,,,,,,,,,,,,,,,,,,,,,,,,,,,,,
"2025-09-02 15:13:11.1585196Z","ETW","Microsoft-Windows-Kernel-Process",5,"ImageLoadInfo ",5540,18592,"WindowsTerminal.exe",,,,"C:\Windows\System32\InputHost.dll",,,,,,,,,,,,[{"addr":140736918203828,"idx":0},{"addr":140736917192506,"idx":1},{"addr":140736917191278,"idx":2},{"addr":140736917210764,"idx":3},{"addr":140736917202269,"idx":4},{"addr":140736917259140,"idx":5},{"addr":140736916785248,"idx":6},{"addr":140736916784352,"idx":7},{"addr":140736917101952,"idx":8},{"addr":140736872000198,"idx":9},{"addr":140736909363845,"idx":10},{"addr":140736909362547,"idx":11},{"addr":140736909531736,"idx":12},{"addr":140736909524833,"idx":13},{"addr":140736909523551,"idx":14},{"addr":140736701288519,"idx":15},{"addr":140736701312976,"idx":16},{"addr":140736914162134,"idx":17},{"addr":140736914160220,"idx":18},{"addr":140736914286798,"idx":19},{"addr":140736918218964,"idx":20},{"addr":140736876126340,"idx":21},{"addr":140736914229722,"idx":22},{"addr":140736914228583,"idx":23},{"addr":140736914234672,"idx":24},{"addr":140736701273516,"idx":25},{"addr":140736701266710,"idx":26},{"addr":140736701278126,"idx":27},{"addr":140736681565650,"idx":28},{"addr":140736678007124,"idx":29},{"addr":140736678628250,"idx":30},{"addr":140736678626826,"idx":31},{"addr":140736677467174,"idx":32},{"addr":140736678619618,"idx":33},{"addr":140736678619329,"idx":34},{"addr":140736678618946,"idx":35},{"addr":140736678618813,"idx":36},{"addr":140733849714033,"idx":37},{"addr":140733849714392,"idx":38},{"addr":140733849715095,"idx":39},{"addr":140733849716128,"idx":40},{"addr":140733849716348,"idx":41},{"addr":140702555935541,"idx":42},{"addr":140702555935684,"idx":43},{"addr":140702555935352,"idx":44},{"addr":140702555900604,"idx":45},{"addr":140702555726885,"idx":46},{"addr":140702555726759,"idx":47},{"addr":140702555954706,"idx":48},{"addr":140736897083607,"idx":49},{"addr":140736916996940,"idx":50}],,,,,,,,,5540,,,,,,,,,,,,,,,,,,,,,,,,,,,,,,,,,,,,2855433698,140736662077440,140736662077440,2027883,1974272,,,,,,,,,,,,,,,,,,,,,,,,,,,,,,,,,,,,,,,,,,,,,,,,,,,,,,,,,,,,,,,,,,,,,,,
"2025-09-02 15:13:11.1599955Z","ETW","Microsoft-Windows-Kernel-Process",5,"ImageLoadInfo ",5540,18592,"WindowsTerminal.exe",,,,"C:\Windows\System32\advapi32.dll",,,,,,,,,,,,[{"addr":140736918203828,"idx":0},{"addr":140736917192506,"idx":1},{"addr":140736917191278,"idx":2},{"addr":140736917190209,"idx":3},{"addr":140736916804181,"idx":4},{"addr":140736916785218,"idx":5},{"addr":140736916784352,"idx":6},{"addr":140736917101952,"idx":7},{"addr":140736872000198,"idx":8},{"addr":140736876798501,"idx":9},{"addr":140736876397115,"idx":10},{"addr":140736876792776,"idx":11},{"addr":140736876792657,"idx":12},{"addr":140736876792597,"idx":13},{"addr":140736868441444,"idx":14},{"addr":140736813982227,"idx":15},{"addr":140736813982141,"idx":16},{"addr":140736814115006,"idx":17},{"addr":140736814114092,"idx":18},{"addr":140736814042873,"idx":19},{"addr":140736814185684,"idx":20},{"addr":140736814186789,"idx":21},{"addr":140736814186866,"idx":22},{"addr":140736813539564,"idx":23},{"addr":140736813768847,"idx":24},{"addr":140736813798176,"idx":25},{"addr":140736813797285,"idx":26},{"addr":140736813796997,"idx":27},{"addr":140736813796754,"idx":28},{"addr":140736813862346,"idx":29},{"addr":140736662128124,"idx":30},{"addr":140736662135252,"idx":31},{"addr":140736662136819,"idx":32},{"addr":140736662162746,"idx":33},{"addr":140736662160890,"idx":34},{"addr":140736662136958,"idx":35},{"addr":140736662294570,"idx":36},{"addr":140736662294318,"idx":37},{"addr":140736662294040,"idx":38},{"addr":140736662293582,"idx":39},{"addr":140736701288562,"idx":40},{"addr":140736701312976,"idx":41},{"addr":140736914162134,"idx":42},{"addr":140736914160220,"idx":43},{"addr":140736914286798,"idx":44},{"addr":140736918218964,"idx":45},{"addr":140736876126340,"idx":46},{"addr":140736914229722,"idx":47},{"addr":140736914228583,"idx":48},{"addr":140736914234672,"idx":49},{"addr":140736701273516,"idx":50},{"addr":140736701266710,"idx":51},{"addr":140736701278126,"idx":52},{"addr":140736681565650,"idx":53},{"addr":140736678007124,"idx":54},{"addr":140736678628250,"idx":55},{"addr":140736678626826,"idx":56},{"addr":140736677467174,"idx":57},{"addr":140736678619618,"idx":58},{"addr":140736678619329,"idx":59},{"addr":140736678618946,"idx":60},{"addr":140736678618813,"idx":61},{"addr":140733849714033,"idx":62},{"addr":140733849714392,"idx":63},{"addr":140733849715095,"idx":64},{"addr":140733849716128,"idx":65},{"addr":140733849716348,"idx":66},{"addr":140702555935541,"idx":67},{"addr":140702555935684,"idx":68},{"addr":140702555935352,"idx":69},{"addr":140702555900604,"idx":70},{"addr":140702555726885,"idx":71},{"addr":140702555726759,"idx":72},{"addr":140702555954706,"idx":73},{"addr":140736897083607,"idx":74},{"addr":140736916996940,"idx":75}],,,,,,,,,5540,,,,,,,,,,,,,,,,,,,,,,,,,,,,,,,,,,,,2886261828,140736895844352,140736895844352,804270,737280,,,,,,,,,,,,,,,,,,,,,,,,,,,,,,,,,,,,,,,,,,,,,,,,,,,,,,,,,,,,,,,,,,,,,,,
"2025-09-02 15:13:11.1608430Z","ETW","Microsoft-Windows-Kernel-Process",5,"ImageLoadInfo ",5540,18592,"WindowsTerminal.exe",,,,"C:\Windows\System32\cryptbase.dll",,,,,,,,,,,,[{"addr":140736918203828,"idx":0},{"addr":140736917192506,"idx":1},{"addr":140736917191278,"idx":2},{"addr":140736917210764,"idx":3},{"addr":140736917201516,"idx":4},{"addr":140736917258922,"idx":5},{"addr":140736916785248,"idx":6},{"addr":140736916786774,"idx":7},{"addr":140736917098157,"idx":8},{"addr":140736916993351,"idx":9},{"addr":140736872145058,"idx":10},{"addr":140736876397138,"idx":11},{"addr":140736876792776,"idx":12},{"addr":140736876792657,"idx":13},{"addr":140736876792597,"idx":14},{"addr":140736868441444,"idx":15},{"addr":140736813982227,"idx":16},{"addr":140736813982141,"idx":17},{"addr":140736814115006,"idx":18},{"addr":140736814114092,"idx":19},{"addr":140736814042873,"idx":20},{"addr":140736814185684,"idx":21},{"addr":140736814186789,"idx":22},{"addr":140736814186866,"idx":23},{"addr":140736813539564,"idx":24},{"addr":140736813768847,"idx":25},{"addr":140736813798176,"idx":26},{"addr":140736813797285,"idx":27},{"addr":140736813796997,"idx":28},{"addr":140736813796754,"idx":29},{"addr":140736813862346,"idx":30},{"addr":140736662128124,"idx":31},{"addr":140736662135252,"idx":32},{"addr":140736662136819,"idx":33},{"addr":140736662162746,"idx":34},{"addr":140736662160890,"idx":35},{"addr":140736662136958,"idx":36},{"addr":140736662294570,"idx":37},{"addr":140736662294318,"idx":38},{"addr":140736662294040,"idx":39},{"addr":140736662293582,"idx":40},{"addr":140736701288562,"idx":41},{"addr":140736701312976,"idx":42},{"addr":140736914162134,"idx":43},{"addr":140736914160220,"idx":44},{"addr":140736914286798,"idx":45},{"addr":140736918218964,"idx":46},{"addr":140736876126340,"idx":47},{"addr":140736914229722,"idx":48},{"addr":140736914228583,"idx":49},{"addr":140736914234672,"idx":50},{"addr":140736701273516,"idx":51},{"addr":140736701266710,"idx":52},{"addr":140736701278126,"idx":53},{"addr":140736681565650,"idx":54},{"addr":140736678007124,"idx":55},{"addr":140736678628250,"idx":56},{"addr":140736678626826,"idx":57},{"addr":140736677467174,"idx":58},{"addr":140736678619618,"idx":59},{"addr":140736678619329,"idx":60},{"addr":140736678618946,"idx":61},{"addr":140736678618813,"idx":62},{"addr":140733849714033,"idx":63},{"addr":140733849714392,"idx":64},{"addr":140733849715095,"idx":65},{"addr":140733849716128,"idx":66},{"addr":140733849716348,"idx":67},{"addr":140702555935541,"idx":68},{"addr":140702555935684,"idx":69},{"addr":140702555935352,"idx":70},{"addr":140702555900604,"idx":71},{"addr":140702555726885,"idx":72},{"addr":140702555726759,"idx":73},{"addr":140702555954706,"idx":74},{"addr":140736897083607,"idx":75},{"addr":140736916996940,"idx":76}],,,,,,,,,5540,,,,,,,,,,,,,,,,,,,,,,,,,,,,,,,,,,,,850532204,140736857112576,140736857112576,94938,49152,,,,,,,,,,,,,,,,,,,,,,,,,,,,,,,,,,,,,,,,,,,,,,,,,,,,,,,,,,,,,,,,,,,,,,,
"2025-09-02 15:13:11.1633094Z","ETW","Microsoft-Windows-Kernel-Process",3,"ThreadStartStart ",504,12876,"PerfWatson2.exe",,,,,,,,,,,,,,,,[{"addr":140736918208964,"idx":0},{"addr":140736872776761,"idx":1},{"addr":140736897102141,"idx":2},{"addr":140735663330216,"idx":3},{"addr":140735663329863,"idx":4},{"addr":140735664154939,"idx":5},{"addr":140735667005926,"idx":6},{"addr":140735667009156,"idx":7},{"addr":140735667005574,"idx":8},{"addr":140735664709546,"idx":9},{"addr":140736897083607,"idx":10},{"addr":140736916996940,"idx":11}],,,,,,,,,504,18446639081568141312,18446639081568116736,140735664709408,0,264449236992,3860,264509849600,264509833216,140735664709408,,,,,,,,,,,,,,,,,,,,,,,,,,,,,,,,,,,,,,,,,,,,,,,,,,,,,,,,,,,,,,,,,,,,,,,,,,,,,,,,,,,,,,,,,,,,,,,,,,,,,,
"2025-09-02 15:13:11.1636799Z","ETW","Microsoft-Windows-Kernel-Process",3,"ThreadStartStart ",504,2892,"PerfWatson2.exe",,,,,,,,,,,,,,,,[{"addr":140736918208964,"idx":0},{"addr":140736872776761,"idx":1},{"addr":140736897102141,"idx":2},{"addr":140735663330216,"idx":3},{"addr":140735663329863,"idx":4},{"addr":140735664154939,"idx":5},{"addr":140735667005926,"idx":6},{"addr":140735667009156,"idx":7},{"addr":140735667005574,"idx":8},{"addr":140735664709546,"idx":9},{"addr":140736897083607,"idx":10},{"addr":140736916996940,"idx":11}],,,,,,,,,504,18446639081568198656,18446639081568174080,140735664709408,0,264449245184,16424,264522694656,264522678272,140735664709408,,,,,,,,,,,,,,,,,,,,,,,,,,,,,,,,,,,,,,,,,,,,,,,,,,,,,,,,,,,,,,,,,,,,,,,,,,,,,,,,,,,,,,,,,,,,,,,,,,,,,,
"2025-09-02 15:13:11.1639875Z","ETW","Microsoft-Windows-Kernel-Process",4,"ThreadStopStop ",3720,14288,"svchost.exe",,,,,,,,,,,,,,,,[],,,,,,,,40939680,3720,18446639081563803648,18446639081563779072,140735795384736,248,276593451008,14288,276601241600,276601208832,140735795384736,,,,,,,,,,,,,,,,,,,,,,,,,,,,,,,,,,,,,,,,,,,,,,,,,,,,,,,,,,,,,,,,,,,,,,,,,,,,,,,,,,,,,,,,,,,,,,,,,,,,,,
"2025-09-02 15:13:11.1642371Z","ETW","Microsoft-Windows-Kernel-Process",5,"ImageLoadInfo ",5540,18592,"WindowsTerminal.exe",,,,"C:\Windows\System32\msctf.dll",,,,,,,,,,,,[{"addr":140736918203828,"idx":0},{"addr":140736917192506,"idx":1},{"addr":140736917191278,"idx":2},{"addr":140736917190209,"idx":3},{"addr":140736916804181,"idx":4},{"addr":140736916785218,"idx":5},{"addr":140736916786774,"idx":6},{"addr":140736917021315,"idx":7},{"addr":140736917023197,"idx":8},{"addr":140736896668978,"idx":9},{"addr":140736896681008,"idx":10},{"addr":140736896667516,"idx":11},{"addr":140736914114250,"idx":12},{"addr":140736914114102,"idx":13},{"addr":140736914162134,"idx":14},{"addr":140736914160220,"idx":15},{"addr":140736914286798,"idx":16},{"addr":140736918218964,"idx":17},{"addr":140736876126340,"idx":18},{"addr":140736914229722,"idx":19},{"addr":140736914228583,"idx":20},{"addr":140736914234672,"idx":21},{"addr":140736701273516,"idx":22},{"addr":140736701266710,"idx":23},{"addr":140736701278126,"idx":24},{"addr":140736681565650,"idx":25},{"addr":140736678007124,"idx":26},{"addr":140736678628250,"idx":27},{"addr":140736678626826,"idx":28},{"addr":140736677467174,"idx":29},{"addr":140736678619618,"idx":30},{"addr":140736678619329,"idx":31},{"addr":140736678618946,"idx":32},{"addr":140736678618813,"idx":33},{"addr":140733849714033,"idx":34},{"addr":140733849714392,"idx":35},{"addr":140733849715095,"idx":36},{"addr":140733849716128,"idx":37},{"addr":140733849716348,"idx":38},{"addr":140702555935541,"idx":39},{"addr":140702555935684,"idx":40},{"addr":140702555935352,"idx":41},{"addr":140702555900604,"idx":42},{"addr":140702555726885,"idx":43},{"addr":140702555726759,"idx":44},{"addr":140702555954706,"idx":45},{"addr":140736897083607,"idx":46},{"addr":140736916996940,"idx":47}],,,,,,,,,5540,,,,,,,,,,,,,,,,,,,,,,,,,,,,,,,,,,,,2469319063,140736900562944,140736900562944,1473651,1445888,,,,,,,,,,,,,,,,,,,,,,,,,,,,,,,,,,,,,,,,,,,,,,,,,,,,,,,,,,,,,,,,,,,,,,,
"2025-09-02 15:13:11.1704716Z","ETW","Microsoft-Windows-Kernel-Process",5,"ImageLoadInfo ",5540,18592,"WindowsTerminal.exe",,,,"C:\Windows\System32\UiaManager.dll",,,,,,,,,,,,[{"addr":140736918203828,"idx":0},{"addr":140736917192506,"idx":1},{"addr":140736917191278,"idx":2},{"addr":140736917210764,"idx":3},{"addr":140736917202269,"idx":4},{"addr":140736917259140,"idx":5},{"addr":140736916785248,"idx":6},{"addr":140736916784352,"idx":7},{"addr":140736917101952,"idx":8},{"addr":140736872000198,"idx":9},{"addr":140736909363845,"idx":10},{"addr":140736909362547,"idx":11},{"addr":140736909360794,"idx":12},{"addr":140736909561496,"idx":13},{"addr":140736909365281,"idx":14},{"addr":140736909356853,"idx":15},{"addr":140736910270317,"idx":16},{"addr":140736909359719,"idx":17},{"addr":140736909871367,"idx":18},{"addr":140736910338829,"idx":19},{"addr":140736910332465,"idx":20},{"addr":140736910348734,"idx":21},{"addr":140736910270317,"idx":22},{"addr":140736909350430,"idx":23},{"addr":140736910270317,"idx":24},{"addr":140736909553458,"idx":25},{"addr":140736909548907,"idx":26},{"addr":140736909576880,"idx":27},{"addr":140736701266858,"idx":28},{"addr":140736701278126,"idx":29},{"addr":140736681565650,"idx":30},{"addr":140736678007124,"idx":31},{"addr":140736678628250,"idx":32},{"addr":140736678626826,"idx":33},{"addr":140736677467174,"idx":34},{"addr":140736678619618,"idx":35},{"addr":140736678619329,"idx":36},{"addr":140736678618946,"idx":37},{"addr":140736678618813,"idx":38},{"addr":140733849714033,"idx":39},{"addr":140733849714392,"idx":40},{"addr":140733849715095,"idx":41},{"addr":140733849716128,"idx":42},{"addr":140733849716348,"idx":43},{"addr":140702555935541,"idx":44},{"addr":140702555935684,"idx":45},{"addr":140702555935352,"idx":46},{"addr":140702555900604,"idx":47},{"addr":140702555726885,"idx":48},{"addr":140702555726759,"idx":49},{"addr":140702555954706,"idx":50},{"addr":140736897083607,"idx":51},{"addr":140736916996940,"idx":52}],,,,,,,,,5540,,,,,,,,,,,,,,,,,,,,,,,,,,,,,,,,,,,,1594385284,140736471105536,140736471105536,947549,921600,,,,,,,,,,,,,,,,,,,,,,,,,,,,,,,,,,,,,,,,,,,,,,,,,,,,,,,,,,,,,,,,,,,,,,,
"2025-09-02 15:13:11.1715926Z","ETW","Microsoft-Windows-Kernel-Audit-API-Calls",6,"Info ",1912,8,"MsMpEng.exe",,,,,,,,,,,,,,,,[{"addr":140736918212548,"idx":0},{"addr":140736872857142,"idx":1},{"addr":140736738243895,"idx":2},{"addr":140736738242452,"idx":3},{"addr":140736657604428,"idx":4},{"addr":140736657598535,"idx":5},{"addr":140736657597146,"idx":6},{"addr":140736658259206,"idx":7},{"addr":140736657749938,"idx":8},{"addr":140736657909615,"idx":9},{"addr":140736658079503,"idx":10},{"addr":140736897083607,"idx":11},{"addr":140736916996940,"idx":12}],,,,,,,,,,,,,,,,,,,2097151,0,1912,8,,,,,,,,,,,,,,,,,,,,,,,,,,,,,,,,,,,,,,,,,,,,,,,,,,,,,,,,,,,,,,,,,,,,,,,,,,,,,,,,,,,,,,,,,,,,,,,,,,
"2025-09-02 15:13:11.1721616Z","ETW","Microsoft-Windows-Kernel-Audit-API-Calls",6,"Info ",1912,8,"MsMpEng.exe",,,,,,,,,,,,,,,,[{"addr":140736918212548,"idx":0},{"addr":140736872857142,"idx":1},{"addr":140736738243895,"idx":2},{"addr":140736738242452,"idx":3},{"addr":140736657604428,"idx":4},{"addr":140736657598535,"idx":5},{"addr":140736657597146,"idx":6},{"addr":140736658259206,"idx":7},{"addr":140736657749938,"idx":8},{"addr":140736657909615,"idx":9},{"addr":140736658079503,"idx":10},{"addr":140736897083607,"idx":11},{"addr":140736916996940,"idx":12}],,,,,,,,,,,,,,,,,,,2097151,0,1912,8,,,,,,,,,,,,,,,,,,,,,,,,,,,,,,,,,,,,,,,,,,,,,,,,,,,,,,,,,,,,,,,,,,,,,,,,,,,,,,,,,,,,,,,,,,,,,,,,,,
"2025-09-02 15:13:11.1755450Z","ETW","Microsoft-Windows-Kernel-Process",3,"ThreadStartStart ",5540,18592,"WindowsTerminal.exe",,,,,,,,,,,,,,,,[{"addr":140736918208964,"idx":0},{"addr":140736872776761,"idx":1},{"addr":140736897102141,"idx":2},{"addr":140736902701861,"idx":3},{"addr":140736903122914,"idx":4},{"addr":140736902708086,"idx":5},{"addr":140736902706669,"idx":6},{"addr":140736902741470,"idx":7},{"addr":140736902741304,"idx":8},{"addr":140736902738515,"idx":9},{"addr":140736902734379,"idx":10},{"addr":140736902734010,"idx":11},{"addr":140736902730657,"idx":12},{"addr":140736902730101,"idx":13},{"addr":140736902732657,"idx":14},{"addr":140736902732319,"idx":15},{"addr":140736902731827,"idx":16},{"addr":140736902731314,"idx":17},{"addr":140736902905929,"idx":18},{"addr":140736902905370,"idx":19},{"addr":140736701267006,"idx":20},{"addr":140736701278126,"idx":21},{"addr":140736681565650,"idx":22},{"addr":140736678007124,"idx":23},{"addr":140736678628250,"idx":24},{"addr":140736678626826,"idx":25},{"addr":140736677467174,"idx":26},{"addr":140736678619618,"idx":27},{"addr":140736678619329,"idx":28},{"addr":140736678618946,"idx":29},{"addr":140736678618813,"idx":30},{"addr":140733849714033,"idx":31},{"addr":140733849714392,"idx":32},{"addr":140733849715095,"idx":33},{"addr":140733849716128,"idx":34},{"addr":140733849716348,"idx":35},{"addr":140702555935541,"idx":36},{"addr":140702555935684,"idx":37},{"addr":140702555935352,"idx":38},{"addr":140702555900604,"idx":39},{"addr":140702555726885,"idx":40},{"addr":140702555726759,"idx":41},{"addr":140702555954706,"idx":42},{"addr":140736897083607,"idx":43},{"addr":140736916996940,"idx":44}],,,,,,,,,5540,18446639081567481856,18446639081567457280,140736902700080,0,346622763008,12584,346630914048,346630909952,140736902700080,,,,,,,,,,,,,,,,,,,,,,,,,,,,,,,,,,,,,,,,,,,,,,,,,,,,,,,,,,,,,,,,,,,,,,,,,,,,,,,,,,,,,,,,,,,,,,,,,,,,,,
"2025-09-02 15:13:11.1763232Z","ETW","Microsoft-Windows-Kernel-Process",5,"ImageLoadInfo ",5540,18592,"WindowsTerminal.exe",,,,"C:\Windows\System32\WindowManagementAPI.dll",,,,,,,,,,,,[{"addr":140736918203828,"idx":0},{"addr":140736917192506,"idx":1},{"addr":140736917191278,"idx":2},{"addr":140736917210764,"idx":3},{"addr":140736917201516,"idx":4},{"addr":140736917258922,"idx":5},{"addr":140736916785248,"idx":6},{"addr":140736916786774,"idx":7},{"addr":140736917021315,"idx":8},{"addr":140736917023197,"idx":9},{"addr":140736701493458,"idx":10},{"addr":140736701588581,"idx":11},{"addr":140736701267045,"idx":12},{"addr":140736701278126,"idx":13},{"addr":140736681565650,"idx":14},{"addr":140736678007124,"idx":15},{"addr":140736678628250,"idx":16},{"addr":140736678626826,"idx":17},{"addr":140736677467174,"idx":18},{"addr":140736678619618,"idx":19},{"addr":140736678619329,"idx":20},{"addr":140736678618946,"idx":21},{"addr":140736678618813,"idx":22},{"addr":140733849714033,"idx":23},{"addr":140733849714392,"idx":24},{"addr":140733849715095,"idx":25},{"addr":140733849716128,"idx":26},{"addr":140733849716348,"idx":27},{"addr":140702555935541,"idx":28},{"addr":140702555935684,"idx":29},{"addr":140702555935352,"idx":30},{"addr":140702555900604,"idx":31},{"addr":140702555726885,"idx":32},{"addr":140702555726759,"idx":33},{"addr":140702555954706,"idx":34},{"addr":140736897083607,"idx":35},{"addr":140736916996940,"idx":36}],,,,,,,,,5540,,,,,,,,,,,,,,,,,,,,,,,,,,,,,,,,,,,,563737174,140736757956608,140736757956608,1828450,1794048,,,,,,,,,,,,,,,,,,,,,,,,,,,,,,,,,,,,,,,,,,,,,,,,,,,,,,,,,,,,,,,,,,,,,,,
"2025-09-02 15:13:11.1767668Z","ETW","Microsoft-Windows-Kernel-Audit-API-Calls",6,"Info ",5540,18592,"WindowsTerminal.exe",,,,,,,,,,,,,,,,[{"addr":140736918212548,"idx":0},{"addr":140736872857142,"idx":1},{"addr":140736717799273,"idx":2},{"addr":140736717815586,"idx":3},{"addr":140736717679308,"idx":4},{"addr":140736717678849,"idx":5},{"addr":140736718244889,"idx":6},{"addr":140736678628435,"idx":7},{"addr":140736678626826,"idx":8},{"addr":140736677467174,"idx":9},{"addr":140736678619618,"idx":10},{"addr":140736678619329,"idx":11},{"addr":140736678618946,"idx":12},{"addr":140736678618813,"idx":13},{"addr":140733849714033,"idx":14},{"addr":140733849714392,"idx":15},{"addr":140733849715095,"idx":16},{"addr":140733849716128,"idx":17},{"addr":140733849716348,"idx":18},{"addr":140702555935541,"idx":19},{"addr":140702555935684,"idx":20},{"addr":140702555935352,"idx":21},{"addr":140702555900604,"idx":22},{"addr":140702555726885,"idx":23},{"addr":140702555726759,"idx":24},{"addr":140702555954706,"idx":25},{"addr":140736897083607,"idx":26},{"addr":140736916996940,"idx":27}],,,,,,,,,,,,,,,,,,,1048576,0,5540,18592,,,,,,,,,,,,,,,,,,,,,,,,,,,,,,,,,,,,,,,,,,,,,,,,,,,,,,,,,,,,,,,,,,,,,,,,,,,,,,,,,,,,,,,,,,,,,,,,,,
"2025-09-02 15:13:11.1777481Z","ETW","Microsoft-Windows-Kernel-Process",5,"ImageLoadInfo ",5540,18592,"WindowsTerminal.exe",,,,"C:\Windows\System32\urlmon.dll",,,,,,,,,,,,[{"addr":140736918203828,"idx":0},{"addr":140736917192506,"idx":1},{"addr":140736917191278,"idx":2},{"addr":140736917210764,"idx":3},{"addr":140736917202269,"idx":4},{"addr":140736917259140,"idx":5},{"addr":140736916785248,"idx":6},{"addr":140736916786774,"idx":7},{"addr":140736917021315,"idx":8},{"addr":140736917023197,"idx":9},{"addr":140736680378386,"idx":10},{"addr":140736682261615,"idx":11},{"addr":140736676786664,"idx":12},{"addr":140736681099007,"idx":13},{"addr":140736679698532,"idx":14},{"addr":140736679698112,"idx":15},{"addr":140736678108701,"idx":16},{"addr":140736678106514,"idx":17},{"addr":140736678124833,"idx":18},{"addr":140736678123086,"idx":19},{"addr":140736678122946,"idx":20},{"addr":140736678628467,"idx":21},{"addr":140736678626826,"idx":22},{"addr":140736677467174,"idx":23},{"addr":140736678619618,"idx":24},{"addr":140736678619329,"idx":25},{"addr":140736678618946,"idx":26},{"addr":140736678618813,"idx":27},{"addr":140733849714033,"idx":28},{"addr":140733849714392,"idx":29},{"addr":140733849715095,"idx":30},{"addr":140733849716128,"idx":31},{"addr":140733849716348,"idx":32},{"addr":140702555935541,"idx":33},{"addr":140702555935684,"idx":34},{"addr":140702555935352,"idx":35},{"addr":140702555900604,"idx":36},{"addr":140702555726885,"idx":37},{"addr":140702555726759,"idx":38},{"addr":140702555954706,"idx":39},{"addr":140736897083607,"idx":40},{"addr":140736916996940,"idx":41}],,,,,,,,,5540,,,,,,,,,,,,,,,,,,,,,,,,,,,,,,,,,,,,4167353037,140736735477760,140736735477760,1997412,1986560,,,,,,,,,,,,,,,,,,,,,,,,,,,,,,,,,,,,,,,,,,,,,,,,,,,,,,,,,,,,,,,,,,,,,,,
"2025-09-02 15:13:11.1782185Z","ETW","Microsoft-Windows-Kernel-Process",5,"ImageLoadInfo ",5540,15796,"WindowsTerminal.exe",,,,"C:\Windows\System32\iertutil.dll",,,,,,,,,,,,[{"addr":140736918203828,"idx":0},{"addr":140736917192506,"idx":1},{"addr":140736917191278,"idx":2},{"addr":140736917210764,"idx":3},{"addr":140736917201516,"idx":4},{"addr":140736917258922,"idx":5},{"addr":140736917255216,"idx":6},{"addr":140736917350945,"idx":7},{"addr":140736897083607,"idx":8},{"addr":140736916996940,"idx":9}],,,,,,,,,5540,,,,,,,,,,,,,,,,,,,,,,,,,,,,,,,,,,,,4273941920,140736732528640,140736732528640,2989039,2924544,,,,,,,,,,,,,,,,,,,,,,,,,,,,,,,,,,,,,,,,,,,,,,,,,,,,,,,,,,,,,,,,,,,,,,,
"2025-09-02 15:13:11.1783275Z","ETW","Microsoft-Windows-Kernel-Process",5,"ImageLoadInfo ",5540,19768,"WindowsTerminal.exe",,,,"C:\Windows\System32\windows.storage.dll",,,,,,,,,,,,[{"addr":140736918203828,"idx":0},{"addr":140736917192506,"idx":1},{"addr":140736917191278,"idx":2},{"addr":140736917210764,"idx":3},{"addr":140736917202269,"idx":4},{"addr":140736917259140,"idx":5},{"addr":140736917255216,"idx":6},{"addr":140736917350945,"idx":7},{"addr":140736897083607,"idx":8},{"addr":140736916996940,"idx":9}],,,,,,,,,5540,,,,,,,,,,,,,,,,,,,,,,,,,,,,,,,,,,,,156427775,140736830046208,140736830046208,8870321,8781824,,,,,,,,,,,,,,,,,,,,,,,,,,,,,,,,,,,,,,,,,,,,,,,,,,,,,,,,,,,,,,,,,,,,,,,
"2025-09-02 15:13:11.1788096Z","ETW","Microsoft-Windows-Kernel-Process",5,"ImageLoadInfo ",5540,15796,"WindowsTerminal.exe",,,,"C:\Windows\System32\netutils.dll",,,,,,,,,,,,[{"addr":140736918203828,"idx":0},{"addr":140736917192506,"idx":1},{"addr":140736917191278,"idx":2},{"addr":140736917210764,"idx":3},{"addr":140736917201516,"idx":4},{"addr":140736917258922,"idx":5},{"addr":140736917255216,"idx":6},{"addr":140736917350945,"idx":7},{"addr":140736897083607,"idx":8},{"addr":140736916996940,"idx":9}],,,,,,,,,5540,,,,,,,,,,,,,,,,,,,,,,,,,,,,,,,,,,,,865845000,140736841973760,140736841973760,80696,53248,,,,,,,,,,,,,,,,,,,,,,,,,,,,,,,,,,,,,,,,,,,,,,,,,,,,,,,,,,,,,,,,,,,,,,,
"2025-09-02 15:13:11.1789053Z","ETW","Microsoft-Windows-Kernel-Process",5,"ImageLoadInfo ",5540,15696,"WindowsTerminal.exe",,,,"C:\Windows\System32\srvcli.dll",,,,,,,,,,,,[{"addr":140736918203828,"idx":0},{"addr":140736917192506,"idx":1},{"addr":140736917191278,"idx":2},{"addr":140736917210764,"idx":3},{"addr":140736917201516,"idx":4},{"addr":140736917258922,"idx":5},{"addr":140736917255216,"idx":6},{"addr":140736917350945,"idx":7},{"addr":140736897083607,"idx":8},{"addr":140736916996940,"idx":9}],,,,,,,,,5540,,,,,,,,,,,,,,,,,,,,,,,,,,,,,,,,,,,,239922031,140736732135424,140736732135424,181029,167936,,,,,,,,,,,,,,,,,,,,,,,,,,,,,,,,,,,,,,,,,,,,,,,,,,,,,,,,,,,,,,,,,,,,,,,
"2025-09-02 15:13:11.1801454Z","ETW","Microsoft-Windows-Kernel-Audit-API-Calls",5,"Info ",5540,18592,"WindowsTerminal.exe",,,,,,,,,,,,,,,,[{"addr":140736918203764,"idx":0},{"addr":140736872731894,"idx":1},{"addr":140736732662431,"idx":2},{"addr":140736732658563,"idx":3},{"addr":140736732655943,"idx":4},{"addr":140736732637152,"idx":5},{"addr":140736732632626,"idx":6},{"addr":140736732844814,"idx":7},{"addr":140736916975221,"idx":8},{"addr":140736872573249,"idx":9},{"addr":140736732629242,"idx":10},{"addr":140736732624534,"idx":11},{"addr":140736676786664,"idx":12},{"addr":140736681099007,"idx":13},{"addr":140736679698532,"idx":14},{"addr":140736679698112,"idx":15},{"addr":140736678108701,"idx":16},{"addr":140736678106514,"idx":17},{"addr":140736678124833,"idx":18},{"addr":140736678123086,"idx":19},{"addr":140736678122946,"idx":20},{"addr":140736678628467,"idx":21},{"addr":140736678626826,"idx":22},{"addr":140736677467174,"idx":23},{"addr":140736678619618,"idx":24},{"addr":140736678619329,"idx":25},{"addr":140736678618946,"idx":26},{"addr":140736678618813,"idx":27},{"addr":140733849714033,"idx":28},{"addr":140733849714392,"idx":29},{"addr":140733849715095,"idx":30},{"addr":140733849716128,"idx":31},{"addr":140733849716348,"idx":32},{"addr":140702555935541,"idx":33},{"addr":140702555935684,"idx":34},{"addr":140702555935352,"idx":35},{"addr":140702555900604,"idx":36},{"addr":140702555726885,"idx":37},{"addr":140702555726759,"idx":38},{"addr":140702555954706,"idx":39},{"addr":140736897083607,"idx":40},{"addr":140736916996940,"idx":41}],,,,,,,,,,,,,,,,,,,1024,0,5540,,,,,,,,,,,,,,,,,,,,,,,,,,,,,,,,,,,,,,,,,,,,,,,,,,,,,,,,,,,,,,,,,,,,,,,,,,,,,,,,,,,,,,,,,,,,,,,,,,,
"2025-09-02 15:13:11.1802255Z","ETW","Microsoft-Windows-Kernel-Audit-API-Calls",5,"Info ",5540,18592,"WindowsTerminal.exe",,,,,,,,,,,,,,,,[{"addr":140736918203764,"idx":0},{"addr":140736872731894,"idx":1},{"addr":140736732662431,"idx":2},{"addr":140736732657011,"idx":3},{"addr":140736732637152,"idx":4},{"addr":140736732632626,"idx":5},{"addr":140736732844814,"idx":6},{"addr":140736916975221,"idx":7},{"addr":140736872573249,"idx":8},{"addr":140736732629242,"idx":9},{"addr":140736732624534,"idx":10},{"addr":140736676786664,"idx":11},{"addr":140736681099007,"idx":12},{"addr":140736679698532,"idx":13},{"addr":140736679698112,"idx":14},{"addr":140736678108701,"idx":15},{"addr":140736678106514,"idx":16},{"addr":140736678124833,"idx":17},{"addr":140736678123086,"idx":18},{"addr":140736678122946,"idx":19},{"addr":140736678628467,"idx":20},{"addr":140736678626826,"idx":21},{"addr":140736677467174,"idx":22},{"addr":140736678619618,"idx":23},{"addr":140736678619329,"idx":24},{"addr":140736678618946,"idx":25},{"addr":140736678618813,"idx":26},{"addr":140733849714033,"idx":27},{"addr":140733849714392,"idx":28},{"addr":140733849715095,"idx":29},{"addr":140733849716128,"idx":30},{"addr":140733849716348,"idx":31},{"addr":140702555935541,"idx":32},{"addr":140702555935684,"idx":33},{"addr":140702555935352,"idx":34},{"addr":140702555900604,"idx":35},{"addr":140702555726885,"idx":36},{"addr":140702555726759,"idx":37},{"addr":140702555954706,"idx":38},{"addr":140736897083607,"idx":39},{"addr":140736916996940,"idx":40}],,,,,,,,,,,,,,,,,,,1024,0,5540,,,,,,,,,,,,,,,,,,,,,,,,,,,,,,,,,,,,,,,,,,,,,,,,,,,,,,,,,,,,,,,,,,,,,,,,,,,,,,,,,,,,,,,,,,,,,,,,,,,
"2025-09-02 15:13:11.1824488Z","ETW","Microsoft-Windows-Kernel-Process",3,"ThreadStartStart ",5540,18592,"WindowsTerminal.exe",,,,,,,,,,,,,,,,[{"addr":140736918208964,"idx":0},{"addr":140736872776761,"idx":1},{"addr":140736897102141,"idx":2},{"addr":140736678170764,"idx":3},{"addr":140736678170314,"idx":4},{"addr":140736678167972,"idx":5},{"addr":140736678167797,"idx":6},{"addr":140736678167602,"idx":7},{"addr":140736678167261,"idx":8},{"addr":140736677019946,"idx":9},{"addr":140736677019479,"idx":10},{"addr":140736677019370,"idx":11},{"addr":140736679698903,"idx":12},{"addr":140736679698214,"idx":13},{"addr":140736678108701,"idx":14},{"addr":140736678106514,"idx":15},{"addr":140736678124833,"idx":16},{"addr":140736678123086,"idx":17},{"addr":140736678122946,"idx":18},{"addr":140736678628467,"idx":19},{"addr":140736678626826,"idx":20},{"addr":140736677467174,"idx":21},{"addr":140736678619618,"idx":22},{"addr":140736678619329,"idx":23},{"addr":140736678618946,"idx":24},{"addr":140736678618813,"idx":25},{"addr":140733849714033,"idx":26},{"addr":140733849714392,"idx":27},{"addr":140733849715095,"idx":28},{"addr":140733849716128,"idx":29},{"addr":140733849716348,"idx":30},{"addr":140702555935541,"idx":31},{"addr":140702555935684,"idx":32},{"addr":140702555935352,"idx":33},{"addr":140702555900604,"idx":34},{"addr":140702555726885,"idx":35},{"addr":140702555726759,"idx":36},{"addr":140702555954706,"idx":37},{"addr":140736897083607,"idx":38},{"addr":140736916996940,"idx":39}],,,,,,,,,5540,18446639081567338496,18446639081567313920,140736678173040,0,346622771200,19708,346631962624,346631958528,140736678173040,,,,,,,,,,,,,,,,,,,,,,,,,,,,,,,,,,,,,,,,,,,,,,,,,,,,,,,,,,,,,,,,,,,,,,,,,,,,,,,,,,,,,,,,,,,,,,,,,,,,,,
"2025-09-02 15:13:11.1824909Z","ETW","Microsoft-Windows-Kernel-Process",3,"ThreadStartStart ",5540,18592,"WindowsTerminal.exe",,,,,,,,,,,,,,,,[{"addr":140736918208964,"idx":0},{"addr":140736872776761,"idx":1},{"addr":140736897102141,"idx":2},{"addr":140736681124632,"idx":3},{"addr":140736678171081,"idx":4},{"addr":140736678168041,"idx":5},{"addr":140736678167797,"idx":6},{"addr":140736678167602,"idx":7},{"addr":140736678167261,"idx":8},{"addr":140736677019946,"idx":9},{"addr":140736677019479,"idx":10},{"addr":140736677019370,"idx":11},{"addr":140736679698903,"idx":12},{"addr":140736679698214,"idx":13},{"addr":140736678108701,"idx":14},{"addr":140736678106514,"idx":15},{"addr":140736678124833,"idx":16},{"addr":140736678123086,"idx":17},{"addr":140736678122946,"idx":18},{"addr":140736678628467,"idx":19},{"addr":140736678626826,"idx":20},{"addr":140736677467174,"idx":21},{"addr":140736678619618,"idx":22},{"addr":140736678619329,"idx":23},{"addr":140736678618946,"idx":24},{"addr":140736678618813,"idx":25},{"addr":140733849714033,"idx":26},{"addr":140733849714392,"idx":27},{"addr":140733849715095,"idx":28},{"addr":140733849716128,"idx":29},{"addr":140733849716348,"idx":30},{"addr":140702555935541,"idx":31},{"addr":140702555935684,"idx":32},{"addr":140702555935352,"idx":33},{"addr":140702555900604,"idx":34},{"addr":140702555726885,"idx":35},{"addr":140702555726759,"idx":36},{"addr":140702555954706,"idx":37},{"addr":140736897083607,"idx":38},{"addr":140736916996940,"idx":39}],,,,,,,,,5540,18446639081567023104,18446639081566998528,140736682109920,0,346622779392,4200,346633011200,346633007104,140736682109920,,,,,,,,,,,,,,,,,,,,,,,,,,,,,,,,,,,,,,,,,,,,,,,,,,,,,,,,,,,,,,,,,,,,,,,,,,,,,,,,,,,,,,,,,,,,,,,,,,,,,,
"2025-09-02 15:13:11.1831376Z","ETW","Microsoft-Windows-Kernel-Process",5,"ImageLoadInfo ",5540,19708,"WindowsTerminal.exe",,,,"C:\Windows\System32\DXCore.dll",,,,,,,,,,,,[{"addr":140736918203828,"idx":0},{"addr":140736917192506,"idx":1},{"addr":140736917191278,"idx":2},{"addr":140736917210764,"idx":3},{"addr":140736917202269,"idx":4},{"addr":140736917259140,"idx":5},{"addr":140736916785248,"idx":6},{"addr":140736916786774,"idx":7},{"addr":140736917098157,"idx":8},{"addr":140736916993351,"idx":9},{"addr":140736872145058,"idx":10},{"addr":140736821446777,"idx":11},{"addr":140736821718493,"idx":12},{"addr":140736821478507,"idx":13},{"addr":140736821476572,"idx":14},{"addr":140736821475930,"idx":15},{"addr":140736821477466,"idx":16},{"addr":140736821714085,"idx":17},{"addr":140736678175882,"idx":18},{"addr":140736678174026,"idx":19},{"addr":140736678173091,"idx":20},{"addr":140736897083607,"idx":21},{"addr":140736916996940,"idx":22}],,,,,,,,,5540,,,,,,,,,,,,,,,,,,,,,,,,,,,,,,,,,,,,2132968074,140736821067776,140736821067776,351724,315392,,,,,,,,,,,,,,,,,,,,,,,,,,,,,,,,,,,,,,,,,,,,,,,,,,,,,,,,,,,,,,,,,,,,,,,
"2025-09-02 15:13:11.1838695Z","ETW","Microsoft-Windows-Kernel-Process",5,"ImageLoadInfo ",5540,19708,"WindowsTerminal.exe",,,,"C:\Windows\System32\ResourcePolicyClient.dll",,,,,,,,,,,,[{"addr":140736918203828,"idx":0},{"addr":140736917192506,"idx":1},{"addr":140736917191278,"idx":2},{"addr":140736917210764,"idx":3},{"addr":140736917202269,"idx":4},{"addr":140736917259140,"idx":5},{"addr":140736916785248,"idx":6},{"addr":140736916784352,"idx":7},{"addr":140736917101952,"idx":8},{"addr":140736872000198,"idx":9},{"addr":140736821727374,"idx":10},{"addr":140736821961885,"idx":11},{"addr":140736821718812,"idx":12},{"addr":140736821718361,"idx":13},{"addr":140736821478507,"idx":14},{"addr":140736821476572,"idx":15},{"addr":140736821475930,"idx":16},{"addr":140736821477466,"idx":17},{"addr":140736821714085,"idx":18},{"addr":140736678175882,"idx":19},{"addr":140736678174026,"idx":20},{"addr":140736678173091,"idx":21},{"addr":140736897083607,"idx":22},{"addr":140736916996940,"idx":23}],,,,,,,,,5540,,,,,,,,,,,,,,,,,,,,,,,,,,,,,,,,,,,,2069163340,140736825786368,140736825786368,104020,81920,,,,,,,,,,,,,,,,,,,,,,,,,,,,,,,,,,,,,,,,,,,,,,,,,,,,,,,,,,,,,,,,,,,,,,,
"2025-09-02 15:13:11.1845582Z","ETW","Microsoft-Windows-Kernel-Audit-API-Calls",5,"Info ",528,8112,"svchost.exe",,,,,,,,,,,,,,,,[{"addr":140736918203764,"idx":0},{"addr":140736872731894,"idx":1},{"addr":140736819599374,"idx":2},{"addr":140736819599845,"idx":3},{"addr":140736819601600,"idx":4},{"addr":140736819596293,"idx":5},{"addr":140736819588315,"idx":6},{"addr":140736882620003,"idx":7},{"addr":140736882628366,"idx":8},{"addr":140736882319852,"idx":9},{"addr":140736882311415,"idx":10},{"addr":140736882088628,"idx":11},{"addr":140736882092744,"idx":12},{"addr":140736882015316,"idx":13},{"addr":140736882081820,"idx":14},{"addr":140736882106396,"idx":15},{"addr":140736882102691,"idx":16},{"addr":140736882098504,"idx":17},{"addr":140736917358174,"idx":18},{"addr":140736917350275,"idx":19},{"addr":140736897083607,"idx":20},{"addr":140736916996940,"idx":21}],,,,,,,,,,,,,,,,,,,4096,0,5540,,,,,,,,,,,,,,,,,,,,,,,,,,,,,,,,,,,,,,,,,,,,,,,,,,,,,,,,,,,,,,,,,,,,,,,,,,,,,,,,,,,,,,,,,,,,,,,,,,,
"2025-09-02 15:13:11.1849082Z","ETW","Microsoft-Windows-Kernel-Audit-API-Calls",5,"Info ",528,8112,"svchost.exe",,,,,,,,,,,,,,,,[{"addr":140736918203764,"idx":0},{"addr":140736872731894,"idx":1},{"addr":140736819653411,"idx":2},{"addr":140736819601237,"idx":3},{"addr":140736819596310,"idx":4},{"addr":140736819588315,"idx":5},{"addr":140736882620003,"idx":6},{"addr":140736882628366,"idx":7},{"addr":140736882319852,"idx":8},{"addr":140736882311415,"idx":9},{"addr":140736882088628,"idx":10},{"addr":140736882092744,"idx":11},{"addr":140736882015316,"idx":12},{"addr":140736882081820,"idx":13},{"addr":140736882106396,"idx":14},{"addr":140736882102691,"idx":15},{"addr":140736882098504,"idx":16},{"addr":140736917358174,"idx":17},{"addr":140736917350275,"idx":18},{"addr":140736897083607,"idx":19},{"addr":140736916996940,"idx":20}],,,,,,,,,,,,,,,,,,,4096,0,5540,,,,,,,,,,,,,,,,,,,,,,,,,,,,,,,,,,,,,,,,,,,,,,,,,,,,,,,,,,,,,,,,,,,,,,,,,,,,,,,,,,,,,,,,,,,,,,,,,,,
"2025-09-02 15:13:11.1853821Z","ETW","Microsoft-Windows-Kernel-Process",5,"ImageLoadInfo ",5540,18592,"WindowsTerminal.exe",,,,"C:\Windows\System32\MrmCoreR.dll",,,,,,,,,,,,[{"addr":140736918203828,"idx":0},{"addr":140736917192506,"idx":1},{"addr":140736917191278,"idx":2},{"addr":140736917210764,"idx":3},{"addr":140736917202269,"idx":4},{"addr":140736917259140,"idx":5},{"addr":140736916785248,"idx":6},{"addr":140736916784352,"idx":7},{"addr":140736917101952,"idx":8},{"addr":140736872000198,"idx":9},{"addr":140736909363845,"idx":10},{"addr":140736909362547,"idx":11},{"addr":140736909360794,"idx":12},{"addr":140736909561496,"idx":13},{"addr":140736909365281,"idx":14},{"addr":140736909356853,"idx":15},{"addr":140736910270317,"idx":16},{"addr":140736909359719,"idx":17},{"addr":140736909871367,"idx":18},{"addr":140736910338829,"idx":19},{"addr":140736910332465,"idx":20},{"addr":140736910348734,"idx":21},{"addr":140736910270317,"idx":22},{"addr":140736909350430,"idx":23},{"addr":140736910270317,"idx":24},{"addr":140736909553458,"idx":25},{"addr":140736909548907,"idx":26},{"addr":140736909576880,"idx":27},{"addr":140736680184021,"idx":28},{"addr":140736680183631,"idx":29},{"addr":140736680183423,"idx":30},{"addr":140736680428146,"idx":31},{"addr":140736680427942,"idx":32},{"addr":140736676969379,"idx":33},{"addr":140736677560788,"idx":34},{"addr":140736678066582,"idx":35},{"addr":140736678065840,"idx":36},{"addr":140736678123109,"idx":37},{"addr":140736678122946,"idx":38},{"addr":140736678628467,"idx":39},{"addr":140736678626826,"idx":40},{"addr":140736677467174,"idx":41},{"addr":140736678619618,"idx":42},{"addr":140736678619329,"idx":43},{"addr":140736678618946,"idx":44},{"addr":140736678618813,"idx":45},{"addr":140733849714033,"idx":46},{"addr":140733849714392,"idx":47},{"addr":140733849715095,"idx":48},{"addr":140733849716128,"idx":49},{"addr":140733849716348,"idx":50},{"addr":140702555935541,"idx":51},{"addr":140702555935684,"idx":52},{"addr":140702555935352,"idx":53},{"addr":140702555900604,"idx":54},{"addr":140702555726885,"idx":55},{"addr":140702555726759,"idx":56},{"addr":140702555954706,"idx":57},{"addr":140736897083607,"idx":58},{"addr":140736916996940,"idx":59}],,,,,,,,,5540,,,,,,,,,,,,,,,,,,,,,,,,,,,,,,,,,,,,3079985832,140736702644224,140736702644224,1208911,1175552,,,,,,,,,,,,,,,,,,,,,,,,,,,,,,,,,,,,,,,,,,,,,,,,,,,,,,,,,,,,,,,,,,,,,,,
"2025-09-02 15:13:11.1857841Z","ETW","Microsoft-Windows-Kernel-Process",6,"ImageUnloadInfo ",5540,19708,"WindowsTerminal.exe",,,,"C:\Windows\System32\ResourcePolicyClient.dll",,,,,,,,,,,,[{"addr":140736918203892,"idx":0},{"addr":140736917028534,"idx":1},{"addr":140736916779098,"idx":2},{"addr":140736916773567,"idx":3},{"addr":140736872000489,"idx":4},{"addr":140736821734943,"idx":5},{"addr":140736821962005,"idx":6},{"addr":140736821718812,"idx":7},{"addr":140736821718361,"idx":8},{"addr":140736821478507,"idx":9},{"addr":140736821476572,"idx":10},{"addr":140736821475930,"idx":11},{"addr":140736821477466,"idx":12},{"addr":140736821714085,"idx":13},{"addr":140736678175882,"idx":14},{"addr":140736678174026,"idx":15},{"addr":140736678173091,"idx":16},{"addr":140736897083607,"idx":17},{"addr":140736916996940,"idx":18}],,,,,,,,,5540,,,,,,,,,,,,,,,,,,,,,,,,,,,,,,,,,,,,2069163340,140736825786368,140736825786368,104020,94208,,,,,,,,,,,,,,,,,,,,,,,,,,,,,,,,,,,,,,,,,,,,,,,,,,,,,,,,,,,,,,,,,,,,,,,
"2025-09-02 15:13:11.1861558Z","ETW","Microsoft-Windows-Kernel-Process",5,"ImageLoadInfo ",5540,19708,"WindowsTerminal.exe",,,,"C:\Windows\System32\directxdatabasehelper.dll",,,,,,,,,,,,[{"addr":140736918203828,"idx":0},{"addr":140736917192506,"idx":1},{"addr":140736917191278,"idx":2},{"addr":140736917210764,"idx":3},{"addr":140736917202269,"idx":4},{"addr":140736917259140,"idx":5},{"addr":140736916785248,"idx":6},{"addr":140736916786774,"idx":7},{"addr":140736917021315,"idx":8},{"addr":140736917023197,"idx":9},{"addr":140736821738210,"idx":10},{"addr":140736821867495,"idx":11},{"addr":140736821719118,"idx":12},{"addr":140736821718361,"idx":13},{"addr":140736821478507,"idx":14},{"addr":140736821476572,"idx":15},{"addr":140736821475930,"idx":16},{"addr":140736821477466,"idx":17},{"addr":140736821714085,"idx":18},{"addr":140736678175882,"idx":19},{"addr":140736678174026,"idx":20},{"addr":140736678173091,"idx":21},{"addr":140736897083607,"idx":22},{"addr":140736916996940,"idx":23}],,,,,,,,,5540,,,,,,,,,,,,,,,,,,,,,,,,,,,,,,,,,,,,741009652,140736772046848,140736772046848,486960,434176,,,,,,,,,,,,,,,,,,,,,,,,,,,,,,,,,,,,,,,,,,,,,,,,,,,,,,,,,,,,,,,,,,,,,,,
"2025-09-02 15:13:11.1867794Z","ETW","Microsoft-Windows-Kernel-Process",5,"ImageLoadInfo ",5540,18592,"WindowsTerminal.exe",,,,"C:\Windows\System32\Windows.StateRepositoryClient.dll",,,,,,,,,,,,[{"addr":140736918203828,"idx":0},{"addr":140736917192506,"idx":1},{"addr":140736917191278,"idx":2},{"addr":140736917210764,"idx":3},{"addr":140736917202269,"idx":4},{"addr":140736917259140,"idx":5},{"addr":140736916785248,"idx":6},{"addr":140736916786774,"idx":7},{"addr":140736917021315,"idx":8},{"addr":140736917023197,"idx":9},{"addr":140736873012562,"idx":10},{"addr":140736873178377,"idx":11},{"addr":140736872448750,"idx":12},{"addr":140736873275128,"idx":13},{"addr":140736872566978,"idx":14},{"addr":140736872566582,"idx":15},{"addr":140736702862398,"idx":16},{"addr":140736702858885,"idx":17},{"addr":140736702774434,"idx":18},{"addr":140736702820497,"idx":19},{"addr":140736702908861,"idx":20},{"addr":140736702902985,"idx":21},{"addr":140736702899092,"idx":22},{"addr":140736702900388,"idx":23},{"addr":140736702905246,"idx":24},{"addr":140736702905084,"idx":25},{"addr":140736680184170,"idx":26},{"addr":140736680183631,"idx":27},{"addr":140736680183423,"idx":28},{"addr":140736680428146,"idx":29},{"addr":140736680427942,"idx":30},{"addr":140736676969379,"idx":31},{"addr":140736677560788,"idx":32},{"addr":140736678066582,"idx":33},{"addr":140736678065840,"idx":34},{"addr":140736678123109,"idx":35},{"addr":140736678122946,"idx":36},{"addr":140736678628467,"idx":37},{"addr":140736678626826,"idx":38},{"addr":140736677467174,"idx":39},{"addr":140736678619618,"idx":40},{"addr":140736678619329,"idx":41},{"addr":140736678618946,"idx":42},{"addr":140736678618813,"idx":43},{"addr":140733849714033,"idx":44},{"addr":140733849714392,"idx":45},{"addr":140733849715095,"idx":46},{"addr":140733849716128,"idx":47},{"addr":140733849716348,"idx":48},{"addr":140702555935541,"idx":49},{"addr":140702555935684,"idx":50},{"addr":140702555935352,"idx":51},{"addr":140702555900604,"idx":52},{"addr":140702555726885,"idx":53},{"addr":140702555726759,"idx":54},{"addr":140702555954706,"idx":55},{"addr":140736897083607,"idx":56},{"addr":140736916996940,"idx":57}],,,,,,,,,5540,,,,,,,,,,,,,,,,,,,,,,,,,,,,,,,,,,,,3001738537,140736632520704,140736632520704,374661,327680,,,,,,,,,,,,,,,,,,,,,,,,,,,,,,,,,,,,,,,,,,,,,,,,,,,,,,,,,,,,,,,,,,,,,,,
"2025-09-02 15:13:11.1873176Z","ETW","Microsoft-Windows-Kernel-Process",5,"ImageLoadInfo ",5540,19708,"WindowsTerminal.exe",,,,"C:\Windows\System32\cfgmgr32.dll",,,,,,,,,,,,[{"addr":140736918203828,"idx":0},{"addr":140736917192506,"idx":1},{"addr":140736917191278,"idx":2},{"addr":140736917210764,"idx":3},{"addr":140736917202269,"idx":4},{"addr":140736917259140,"idx":5},{"addr":140736916785248,"idx":6},{"addr":140736916786774,"idx":7},{"addr":140736917021315,"idx":8},{"addr":140736917023197,"idx":9},{"addr":140736821265202,"idx":10},{"addr":140736821082932,"idx":11},{"addr":140736821248895,"idx":12},{"addr":140736821182326,"idx":13},{"addr":140736821110781,"idx":14},{"addr":140736821199870,"idx":15},{"addr":140736772160239,"idx":16},{"addr":140736821811961,"idx":17},{"addr":140736821976533,"idx":18},{"addr":140736821719465,"idx":19},{"addr":140736821718361,"idx":20},{"addr":140736821478507,"idx":21},{"addr":140736821476572,"idx":22},{"addr":140736821475930,"idx":23},{"addr":140736821477466,"idx":24},{"addr":140736821714085,"idx":25},{"addr":140736678175882,"idx":26},{"addr":140736678174026,"idx":27},{"addr":140736678173091,"idx":28},{"addr":140736897083607,"idx":29},{"addr":140736916996940,"idx":30}],,,,,,,,,5540,,,,,,,,,,,,,,,,,,,,,,,,,,,,,,,,,,,,836129831,140736862748672,140736862748672,378754,356352,,,,,,,,,,,,,,,,,,,,,,,,,,,,,,,,,,,,,,,,,,,,,,,,,,,,,,,,,,,,,,,,,,,,,,,
"2025-09-02 15:13:11.1901824Z","ETW","Microsoft-Windows-Kernel-Process",5,"ImageLoadInfo ",5540,18592,"WindowsTerminal.exe",,,,"C:\Windows\System32\profapi.dll",,,,,,,,,,,,[{"addr":140736918203828,"idx":0},{"addr":140736917192506,"idx":1},{"addr":140736917191278,"idx":2},{"addr":140736917210764,"idx":3},{"addr":140736917201516,"idx":4},{"addr":140736917258922,"idx":5},{"addr":140736916785248,"idx":6},{"addr":140736916786774,"idx":7},{"addr":140736917021315,"idx":8},{"addr":140736917023197,"idx":9},{"addr":140736703051298,"idx":10},{"addr":140736703132406,"idx":11},{"addr":140736702757649,"idx":12},{"addr":140736702752960,"idx":13},{"addr":140736702732919,"idx":14},{"addr":140736703015154,"idx":15},{"addr":140736702816694,"idx":16},{"addr":140736702820592,"idx":17},{"addr":140736702908861,"idx":18},{"addr":140736702902985,"idx":19},{"addr":140736702899092,"idx":20},{"addr":140736702900388,"idx":21},{"addr":140736702905246,"idx":22},{"addr":140736702905084,"idx":23},{"addr":140736680184170,"idx":24},{"addr":140736680183631,"idx":25},{"addr":140736680183423,"idx":26},{"addr":140736680428146,"idx":27},{"addr":140736680427942,"idx":28},{"addr":140736676969379,"idx":29},{"addr":140736677560788,"idx":30},{"addr":140736678066582,"idx":31},{"addr":140736678065840,"idx":32},{"addr":140736678123109,"idx":33},{"addr":140736678122946,"idx":34},{"addr":140736678628467,"idx":35},{"addr":140736678626826,"idx":36},{"addr":140736677467174,"idx":37},{"addr":140736678619618,"idx":38},{"addr":140736678619329,"idx":39},{"addr":140736678618946,"idx":40},{"addr":140736678618813,"idx":41},{"addr":140733849714033,"idx":42},{"addr":140733849714392,"idx":43},{"addr":140733849715095,"idx":44},{"addr":140733849716128,"idx":45},{"addr":140733849716348,"idx":46},{"addr":140702555935541,"idx":47},{"addr":140702555935684,"idx":48},{"addr":140702555935352,"idx":49},{"addr":140702555900604,"idx":50},{"addr":140702555726885,"idx":51},{"addr":140702555726759,"idx":52},{"addr":140702555954706,"idx":53},{"addr":140736897083607,"idx":54},{"addr":140736916996940,"idx":55}],,,,,,,,,5540,,,,,,,,,,,,,,,,,,,,,,,,,,,,,,,,,,,,2107422311,140736866746368,140736866746368,182967,167936,,,,,,,,,,,,,,,,,,,,,,,,,,,,,,,,,,,,,,,,,,,,,,,,,,,,,,,,,,,,,,,,,,,,,,,
"2025-09-02 15:13:11.1908553Z","ETW","Microsoft-Windows-Kernel-Process",5,"ImageLoadInfo ",5540,19708,"WindowsTerminal.exe",,,,"C:\Windows\System32\d3d10warp.dll",,,,,,,,,,,,[{"addr":140736918203828,"idx":0},{"addr":140736917192506,"idx":1},{"addr":140736917191278,"idx":2},{"addr":140736917210764,"idx":3},{"addr":140736917201516,"idx":4},{"addr":140736917258922,"idx":5},{"addr":140736916785248,"idx":6},{"addr":140736916784352,"idx":7},{"addr":140736917101952,"idx":8},{"addr":140736872000198,"idx":9},{"addr":140736821404050,"idx":10},{"addr":140736803796665,"idx":11},{"addr":140736803791217,"idx":12},{"addr":140736803705062,"idx":13},{"addr":140736803697254,"idx":14},{"addr":140736803878163,"idx":15},{"addr":140736803908446,"idx":16},{"addr":140736803908268,"idx":17},{"addr":140736803914646,"idx":18},{"addr":140736678180664,"idx":19},{"addr":140736678174980,"idx":20},{"addr":140736678173091,"idx":21},{"addr":140736897083607,"idx":22},{"addr":140736916996940,"idx":23}],,,,,,,,,5540,,,,,,,,,,,,,,,,,,,,,,,,,,,,,,,,,,,,426759432,140736750878720,140736750878720,6027108,5988352,,,,,,,,,,,,,,,,,,,,,,,,,,,,,,,,,,,,,,,,,,,,,,,,,,,,,,,,,,,,,,,,,,,,,,,
"2025-09-02 15:13:11.1914537Z","ETW","Microsoft-Windows-Kernel-Process",5,"ImageLoadInfo ",5540,18592,"WindowsTerminal.exe",,,,"C:\Windows\System32\dcomp.dll",,,,,,,,,,,,[{"addr":140736918203828,"idx":0},{"addr":140736917192506,"idx":1},{"addr":140736917191278,"idx":2},{"addr":140736917210764,"idx":3},{"addr":140736917202269,"idx":4},{"addr":140736917259140,"idx":5},{"addr":140736916785248,"idx":6},{"addr":140736916784352,"idx":7},{"addr":140736917101952,"idx":8},{"addr":140736872000198,"idx":9},{"addr":140736909363845,"idx":10},{"addr":140736909362547,"idx":11},{"addr":140736909531736,"idx":12},{"addr":140736909524833,"idx":13},{"addr":140736909523551,"idx":14},{"addr":140736701474756,"idx":15},{"addr":140736702790048,"idx":16},{"addr":140736702789888,"idx":17},{"addr":140736702789390,"idx":18},{"addr":140736702789093,"idx":19},{"addr":140736702782188,"idx":20},{"addr":140736702815159,"idx":21},{"addr":140736702808724,"idx":22},{"addr":140736702807932,"idx":23},{"addr":140736702802202,"idx":24},{"addr":140736702820702,"idx":25},{"addr":140736702908861,"idx":26},{"addr":140736702902985,"idx":27},{"addr":140736702899092,"idx":28},{"addr":140736702900388,"idx":29},{"addr":140736702905246,"idx":30},{"addr":140736702905084,"idx":31},{"addr":140736680184170,"idx":32},{"addr":140736680183631,"idx":33},{"addr":140736680183423,"idx":34},{"addr":140736680428146,"idx":35},{"addr":140736680427942,"idx":36},{"addr":140736676969379,"idx":37},{"addr":140736677560788,"idx":38},{"addr":140736678066582,"idx":39},{"addr":140736678065840,"idx":40},{"addr":140736678123109,"idx":41},{"addr":140736678122946,"idx":42},{"addr":140736678628467,"idx":43},{"addr":140736678626826,"idx":44},{"addr":140736677467174,"idx":45},{"addr":140736678619618,"idx":46},{"addr":140736678619329,"idx":47},{"addr":140736678618946,"idx":48},{"addr":140736678618813,"idx":49},{"addr":140733849714033,"idx":50},{"addr":140733849714392,"idx":51},{"addr":140733849715095,"idx":52},{"addr":140733849716128,"idx":53},{"addr":140733849716348,"idx":54},{"addr":140702555935541,"idx":55},{"addr":140702555935684,"idx":56},{"addr":140702555935352,"idx":57},{"addr":140702555900604,"idx":58},{"addr":140702555726885,"idx":59},{"addr":140702555726759,"idx":60},{"addr":140702555954706,"idx":61},{"addr":140736897083607,"idx":62},{"addr":140736916996940,"idx":63}],,,,,,,,,5540,,,,,,,,,,,,,,,,,,,,,,,,,,,,,,,,,,,,3115286930,140736806715392,140736806715392,2336173,2269184,,,,,,,,,,,,,,,,,,,,,,,,,,,,,,,,,,,,,,,,,,,,,,,,,,,,,,,,,,,,,,,,,,,,,,,
"2025-09-02 15:13:11.1915978Z","ETW","Microsoft-Windows-Kernel-Audit-API-Calls",5,"Info ",5540,19708,"WindowsTerminal.exe",,,,,,,,,,,,,,,,[{"addr":140736876137252,"idx":0},{"addr":140736803693221,"idx":1},{"addr":140736803693489,"idx":2},{"addr":140736803419410,"idx":3},{"addr":140736803417894,"idx":4},{"addr":140736803459531,"idx":5},{"addr":140736803461042,"idx":6},{"addr":140736803460006,"idx":7},{"addr":140736804015323,"idx":8},{"addr":140736803691627,"idx":9},{"addr":140736803705684,"idx":10},{"addr":140736803705946,"idx":11},{"addr":140736803691169,"idx":12},{"addr":140736803700219,"idx":13},{"addr":140736803702775,"idx":14},{"addr":140736803696639,"idx":15},{"addr":140736803878163,"idx":16},{"addr":140736803908446,"idx":17},{"addr":140736803908268,"idx":18},{"addr":140736803914646,"idx":19},{"addr":140736678180664,"idx":20},{"addr":140736678174980,"idx":21},{"addr":140736678173091,"idx":22},{"addr":140736897083607,"idx":23},{"addr":140736916996940,"idx":24}],,,,,,,,,,,,,,,,,,,64,0,5540,,,,,,,,,,,,,,,,,,,,,,,,,,,,,,,,,,,,,,,,,,,,,,,,,,,,,,,,,,,,,,,,,,,,,,,,,,,,,,,,,,,,,,,,,,,,,,,,,,,
"2025-09-02 15:13:11.1920171Z","ETW","Microsoft-Windows-Kernel-Process",5,"ImageLoadInfo ",5540,19768,"WindowsTerminal.exe",,,,"C:\Windows\System32\Microsoft.Internal.WarpPal.dll",,,,,,,,,,,,[{"addr":140736918203828,"idx":0},{"addr":140736917192506,"idx":1},{"addr":140736917191278,"idx":2},{"addr":140736917210764,"idx":3},{"addr":140736917201516,"idx":4},{"addr":140736917258922,"idx":5},{"addr":140736917255216,"idx":6},{"addr":140736917350945,"idx":7},{"addr":140736897083607,"idx":8},{"addr":140736916996940,"idx":9}],,,,,,,,,5540,,,,,,,,,,,,,,,,,,,,,,,,,,,,,,,,,,,,2132685858,140736790986752,140736790986752,167600,102400,,,,,,,,,,,,,,,,,,,,,,,,,,,,,,,,,,,,,,,,,,,,,,,,,,,,,,,,,,,,,,,,,,,,,,,
"2025-09-02 15:13:11.1934251Z","ETW","Microsoft-Windows-Kernel-Process",5,"ImageLoadInfo ",5540,18592,"WindowsTerminal.exe",,,,"C:\Windows\System32\BCP47mrm.dll",,,,,,,,,,,,[{"addr":140736918203828,"idx":0},{"addr":140736917192506,"idx":1},{"addr":140736917191278,"idx":2},{"addr":140736917210764,"idx":3},{"addr":140736917201516,"idx":4},{"addr":140736917258922,"idx":5},{"addr":140736916785248,"idx":6},{"addr":140736916786774,"idx":7},{"addr":140736917021315,"idx":8},{"addr":140736917023197,"idx":9},{"addr":140736703051298,"idx":10},{"addr":140736703131541,"idx":11},{"addr":140736703003161,"idx":12},{"addr":140736702686835,"idx":13},{"addr":140736702685902,"idx":14},{"addr":140736702688778,"idx":15},{"addr":140736702835290,"idx":16},{"addr":140736702834932,"idx":17},{"addr":140736702833187,"idx":18},{"addr":140736702832039,"idx":19},{"addr":140736702830680,"idx":20},{"addr":140736702827317,"idx":21},{"addr":140736702824326,"idx":22},{"addr":140736702822885,"idx":23},{"addr":140736702820774,"idx":24},{"addr":140736702908861,"idx":25},{"addr":140736702902985,"idx":26},{"addr":140736702899092,"idx":27},{"addr":140736702900388,"idx":28},{"addr":140736702905246,"idx":29},{"addr":140736702905084,"idx":30},{"addr":140736680184170,"idx":31},{"addr":140736680183631,"idx":32},{"addr":140736680183423,"idx":33},{"addr":140736680428146,"idx":34},{"addr":140736680427942,"idx":35},{"addr":140736676969379,"idx":36},{"addr":140736677560788,"idx":37},{"addr":140736678066582,"idx":38},{"addr":140736678065840,"idx":39},{"addr":140736678123109,"idx":40},{"addr":140736678122946,"idx":41},{"addr":140736678628467,"idx":42},{"addr":140736678626826,"idx":43},{"addr":140736677467174,"idx":44},{"addr":140736678619618,"idx":45},{"addr":140736678619329,"idx":46},{"addr":140736678618946,"idx":47},{"addr":140736678618813,"idx":48},{"addr":140733849714033,"idx":49},{"addr":140733849714392,"idx":50},{"addr":140733849715095,"idx":51},{"addr":140733849716128,"idx":52},{"addr":140733849716348,"idx":53},{"addr":140702555935541,"idx":54},{"addr":140702555935684,"idx":55},{"addr":140702555935352,"idx":56},{"addr":140702555900604,"idx":57},{"addr":140702555726885,"idx":58},{"addr":140702555726759,"idx":59},{"addr":140702555954706,"idx":60},{"addr":140736897083607,"idx":61},{"addr":140736916996940,"idx":62}],,,,,,,,,5540,,,,,,,,,,,,,,,,,,,,,,,,,,,,,,,,,,,,4048268187,140736704151552,140736704151552,233481,212992,,,,,,,,,,,,,,,,,,,,,,,,,,,,,,,,,,,,,,,,,,,,,,,,,,,,,,,,,,,,,,,,,,,,,,,
"2025-09-02 15:13:11.1936981Z","ETW","Microsoft-Windows-Kernel-Audit-API-Calls",5,"Info ",2644,2676,"svchost.exe",,,,,,,,,,,,,,,,[{"addr":140736918206916,"idx":0},{"addr":140736673549164,"idx":1},{"addr":140736673667204,"idx":2},{"addr":140736673553439,"idx":3},{"addr":140736673552238,"idx":4},{"addr":140736674069630,"idx":5},{"addr":140736897083607,"idx":6},{"addr":140736916996940,"idx":7}],,,,,,,,,,,,,,,,,,,64,0,5540,,,,,,,,,,,,,,,,,,,,,,,,,,,,,,,,,,,,,,,,,,,,,,,,,,,,,,,,,,,,,,,,,,,,,,,,,,,,,,,,,,,,,,,,,,,,,,,,,,,
"2025-09-02 15:13:11.1937903Z","ETW","Microsoft-Windows-Kernel-Audit-API-Calls",5,"Info ",2644,2676,"svchost.exe",,,,,,,,,,,,,,,,[{"addr":140736918206916,"idx":0},{"addr":140736673549164,"idx":1},{"addr":140736673550120,"idx":2},{"addr":140736673552852,"idx":3},{"addr":140736673552238,"idx":4},{"addr":140736674069630,"idx":5},{"addr":140736897083607,"idx":6},{"addr":140736916996940,"idx":7}],,,,,,,,,,,,,,,,,,,64,0,5540,,,,,,,,,,,,,,,,,,,,,,,,,,,,,,,,,,,,,,,,,,,,,,,,,,,,,,,,,,,,,,,,,,,,,,,,,,,,,,,,,,,,,,,,,,,,,,,,,,,
"2025-09-02 15:13:11.1945993Z","ETW","Microsoft-Windows-Kernel-Audit-API-Calls",5,"Info ",2644,2676,"svchost.exe",,,,,,,,,,,,,,,,[{"addr":140736918206916,"idx":0},{"addr":140736673549164,"idx":1},{"addr":140736673550120,"idx":2},{"addr":140736673552852,"idx":3},{"addr":140736673552238,"idx":4},{"addr":140736674069630,"idx":5},{"addr":140736897083607,"idx":6},{"addr":140736916996940,"idx":7}],,,,,,,,,,,,,,,,,,,64,0,5540,,,,,,,,,,,,,,,,,,,,,,,,,,,,,,,,,,,,,,,,,,,,,,,,,,,,,,,,,,,,,,,,,,,,,,,,,,,,,,,,,,,,,,,,,,,,,,,,,,,
"2025-09-02 15:13:11.1952483Z","ETW","Microsoft-Windows-Kernel-Process",5,"ImageLoadInfo ",5540,19708,"WindowsTerminal.exe",,,,"C:\Windows\System32\TextShaping.dll",,,,,,,,,,,,[{"addr":140736918203828,"idx":0},{"addr":140736917192506,"idx":1},{"addr":140736917191278,"idx":2},{"addr":140736917210764,"idx":3},{"addr":140736917201516,"idx":4},{"addr":140736917258922,"idx":5},{"addr":140736916785248,"idx":6},{"addr":140736916786774,"idx":7},{"addr":140736917021315,"idx":8},{"addr":140736917023197,"idx":9},{"addr":140736795166530,"idx":10},{"addr":140736795305733,"idx":11},{"addr":140736794479174,"idx":12},{"addr":140736794594528,"idx":13},{"addr":140736794591355,"idx":14},{"addr":140736794587876,"idx":15},{"addr":140736794419359,"idx":16},{"addr":140736794853546,"idx":17},{"addr":140736794851703,"idx":18},{"addr":140736794845834,"idx":19},{"addr":140736798099462,"idx":20},{"addr":140736798094117,"idx":21},{"addr":140736798093533,"idx":22},{"addr":140736798375876,"idx":23},{"addr":140736675467233,"idx":24},{"addr":140736678173134,"idx":25},{"addr":140736897083607,"idx":26},{"addr":140736916996940,"idx":27}],,,,,,,,,5540,,,,,,,,,,,,,,,,,,,,,,,,,,,,,,,,,,,,1814550754,140736700219392,140736700219392,757881,733184,,,,,,,,,,,,,,,,,,,,,,,,,,,,,,,,,,,,,,,,,,,,,,,,,,,,,,,,,,,,,,,,,,,,,,,
"2025-09-02 15:13:11.1954711Z","ETW","Microsoft-Windows-Kernel-Audit-API-Calls",5,"Info ",2644,2676,"svchost.exe",,,,,,,,,,,,,,,,[{"addr":140736918206916,"idx":0},{"addr":140736673549164,"idx":1},{"addr":140736673550120,"idx":2},{"addr":140736673552852,"idx":3},{"addr":140736673552238,"idx":4},{"addr":140736674069630,"idx":5},{"addr":140736897083607,"idx":6},{"addr":140736916996940,"idx":7}],,,,,,,,,,,,,,,,,,,64,0,5540,,,,,,,,,,,,,,,,,,,,,,,,,,,,,,,,,,,,,,,,,,,,,,,,,,,,,,,,,,,,,,,,,,,,,,,,,,,,,,,,,,,,,,,,,,,,,,,,,,,
"2025-09-02 15:13:11.1966324Z","ETW","Microsoft-Windows-Kernel-Process",4,"ThreadStopStop ",5540,19708,"WindowsTerminal.exe",,,,,,,,,,,,,,,,[],,,,,,,,44852920,5540,18446639081567338496,18446639081567313920,140736678173040,0,346622771200,19708,346631962624,346631938048,140736678173040,,,,,,,,,,,,,,,,,,,,,,,,,,,,,,,,,,,,,,,,,,,,,,,,,,,,,,,,,,,,,,,,,,,,,,,,,,,,,,,,,,,,,,,,,,,,,,,,,,,,,,
"2025-09-02 15:13:11.1972625Z","ETW","Microsoft-Windows-Kernel-Process",3,"ThreadStartStart ",5540,18592,"WindowsTerminal.exe",,,,,,,,,,,,,,,,[{"addr":140736918208964,"idx":0},{"addr":140736872776761,"idx":1},{"addr":140736897102141,"idx":2},{"addr":140736702944758,"idx":3},{"addr":140736702943770,"idx":4},{"addr":140736702942784,"idx":5},{"addr":140736703036884,"idx":6},{"addr":140736702903189,"idx":7},{"addr":140736702899120,"idx":8},{"addr":140736702900388,"idx":9},{"addr":140736702905246,"idx":10},{"addr":140736702905084,"idx":11},{"addr":140736680184170,"idx":12},{"addr":140736680183631,"idx":13},{"addr":140736680183423,"idx":14},{"addr":140736680428146,"idx":15},{"addr":140736680427942,"idx":16},{"addr":140736676969379,"idx":17},{"addr":140736677560788,"idx":18},{"addr":140736678066582,"idx":19},{"addr":140736678065840,"idx":20},{"addr":140736678123109,"idx":21},{"addr":140736678122946,"idx":22},{"addr":140736678628467,"idx":23},{"addr":140736678626826,"idx":24},{"addr":140736677467174,"idx":25},{"addr":140736678619618,"idx":26},{"addr":140736678619329,"idx":27},{"addr":140736678618946,"idx":28},{"addr":140736678618813,"idx":29},{"addr":140733849714033,"idx":30},{"addr":140733849714392,"idx":31},{"addr":140733849715095,"idx":32},{"addr":140733849716128,"idx":33},{"addr":140733849716348,"idx":34},{"addr":140702555935541,"idx":35},{"addr":140702555935684,"idx":36},{"addr":140702555935352,"idx":37},{"addr":140702555900604,"idx":38},{"addr":140702555726885,"idx":39},{"addr":140702555726759,"idx":40},{"addr":140702555954706,"idx":41},{"addr":140736897083607,"idx":42},{"addr":140736916996940,"idx":43}],,,,,,,,,5540,18446639081567338496,18446639081567313920,140736702935312,0,346622787584,8544,346631962624,346631958528,140736702935312,,,,,,,,,,,,,,,,,,,,,,,,,,,,,,,,,,,,,,,,,,,,,,,,,,,,,,,,,,,,,,,,,,,,,,,,,,,,,,,,,,,,,,,,,,,,,,,,,,,,,,
"2025-09-02 15:13:11.2043403Z","ETW","Microsoft-Windows-Kernel-Process",5,"ImageLoadInfo ",5540,18592,"WindowsTerminal.exe",,,,"C:\Windows\System32\Windows.UI.Xaml.Controls.dll",,,,,,,,,,,,[{"addr":140736918203828,"idx":0},{"addr":140736917192506,"idx":1},{"addr":140736917191278,"idx":2},{"addr":140736917210764,"idx":3},{"addr":140736917201516,"idx":4},{"addr":140736917258922,"idx":5},{"addr":140736916785248,"idx":6},{"addr":140736916784352,"idx":7},{"addr":140736917101952,"idx":8},{"addr":140736872000198,"idx":9},{"addr":140736677606276,"idx":10},{"addr":140736677606824,"idx":11},{"addr":140736678255565,"idx":12},{"addr":140736678255333,"idx":13},{"addr":140736678255220,"idx":14},{"addr":140736675983592,"idx":15},{"addr":140736675985712,"idx":16},{"addr":140736678187914,"idx":17},{"addr":140736677263333,"idx":18},{"addr":140736675600156,"idx":19},{"addr":140736674911457,"idx":20},{"addr":140736674903926,"idx":21},{"addr":140736676423567,"idx":22},{"addr":140736676258719,"idx":23},{"addr":140733616365497,"idx":24},{"addr":140733615736632,"idx":25},{"addr":140733616168210,"idx":26},{"addr":140733616167149,"idx":27},{"addr":140733616354462,"idx":28},{"addr":140733616251415,"idx":29},{"addr":140733850840933,"idx":30},{"addr":140733850841076,"idx":31},{"addr":140733850840744,"idx":32},{"addr":140733850518777,"idx":33},{"addr":140733850856636,"idx":34},{"addr":140736675983592,"idx":35},{"addr":140736675985712,"idx":36},{"addr":140736678187914,"idx":37},{"addr":140736677262225,"idx":38},{"addr":140736675600156,"idx":39},{"addr":140736675588551,"idx":40},{"addr":140736676970747,"idx":41},{"addr":140736676967520,"idx":42},{"addr":140736676966814,"idx":43},{"addr":140736676966213,"idx":44},{"addr":140736678066016,"idx":45},{"addr":140736678123109,"idx":46},{"addr":140736678122946,"idx":47},{"addr":140736678628467,"idx":48},{"addr":140736678626826,"idx":49},{"addr":140736677467174,"idx":50},{"addr":140736678619618,"idx":51},{"addr":140736678619329,"idx":52},{"addr":140736678618946,"idx":53},{"addr":140736678618813,"idx":54},{"addr":140733849714033,"idx":55},{"addr":140733849714392,"idx":56},{"addr":140733849715095,"idx":57},{"addr":140733849716128,"idx":58},{"addr":140733849716348,"idx":59},{"addr":140702555935541,"idx":60},{"addr":140702555935684,"idx":61},{"addr":140702555935352,"idx":62},{"addr":140702555900604,"idx":63},{"addr":140702555726885,"idx":64},{"addr":140702555726759,"idx":65},{"addr":140702555954706,"idx":66},{"addr":140736897083607,"idx":67},{"addr":140736916996940,"idx":68}],,,,,,,,,5540,,,,,,,,,,,,,,,,,,,,,,,,,,,,,,,,,,,,792886794,140736664109056,140736664109056,3316927,3313664,,,,,,,,,,,,,,,,,,,,,,,,,,,,,,,,,,,,,,,,,,,,,,,,,,,,,,,,,,,,,,,,,,,,,,,
"2025-09-02 15:13:11.2125986Z","ETW","Microsoft-Windows-Kernel-Process",5,"ImageLoadInfo ",5540,18592,"WindowsTerminal.exe",,,,"C:\Windows\System32\Windows.UI.Immersive.dll",,,,,,,,,,,,[{"addr":140736918203828,"idx":0},{"addr":140736917192506,"idx":1},{"addr":140736917191278,"idx":2},{"addr":140736917210764,"idx":3},{"addr":140736917202269,"idx":4},{"addr":140736917259140,"idx":5},{"addr":140736916785248,"idx":6},{"addr":140736916784352,"idx":7},{"addr":140736917101952,"idx":8},{"addr":140736872000198,"idx":9},{"addr":140736909363845,"idx":10},{"addr":140736909362547,"idx":11},{"addr":140736909531736,"idx":12},{"addr":140736909524833,"idx":13},{"addr":140736909523551,"idx":14},{"addr":140736701386716,"idx":15},{"addr":140736701385887,"idx":16},{"addr":140736701384783,"idx":17},{"addr":140736678056520,"idx":18},{"addr":140736678081075,"idx":19},{"addr":140736678080096,"idx":20},{"addr":140736678077932,"idx":21},{"addr":140736678074355,"idx":22},{"addr":140736678123245,"idx":23},{"addr":140736678122946,"idx":24},{"addr":140736678628467,"idx":25},{"addr":140736678626826,"idx":26},{"addr":140736677467174,"idx":27},{"addr":140736678619618,"idx":28},{"addr":140736678619329,"idx":29},{"addr":140736678618946,"idx":30},{"addr":140736678618813,"idx":31},{"addr":140733849714033,"idx":32},{"addr":140733849714392,"idx":33},{"addr":140733849715095,"idx":34},{"addr":140733849716128,"idx":35},{"addr":140733849716348,"idx":36},{"addr":140702555935541,"idx":37},{"addr":140702555935684,"idx":38},{"addr":140702555935352,"idx":39},{"addr":140702555900604,"idx":40},{"addr":140702555726885,"idx":41},{"addr":140702555726759,"idx":42},{"addr":140702555954706,"idx":43},{"addr":140736897083607,"idx":44},{"addr":140736916996940,"idx":45}],,,,,,,,,5540,,,,,,,,,,,,,,,,,,,,,,,,,,,,,,,,,,,,533653671,140736697729024,140736697729024,1376848,1363968,,,,,,,,,,,,,,,,,,,,,,,,,,,,,,,,,,,,,,,,,,,,,,,,,,,,,,,,,,,,,,,,,,,,,,,
"2025-09-02 15:13:11.2131637Z","ETW","Microsoft-Windows-Kernel-Audit-API-Calls",5,"Info ",5540,18592,"WindowsTerminal.exe",,,,,,,,,,,,,,,,[{"addr":140736918203764,"idx":0},{"addr":140736872731894,"idx":1},{"addr":140736697808266,"idx":2},{"addr":140736697808036,"idx":3},{"addr":140736697994150,"idx":4},{"addr":140736918195438,"idx":5},{"addr":140736917219838,"idx":6},{"addr":140736917215596,"idx":7},{"addr":140736916995194,"idx":8},{"addr":140736916991491,"idx":9},{"addr":140736916785364,"idx":10},{"addr":140736916784352,"idx":11},{"addr":140736917101952,"idx":12},{"addr":140736872000198,"idx":13},{"addr":140736909363845,"idx":14},{"addr":140736909362547,"idx":15},{"addr":140736909531736,"idx":16},{"addr":140736909524833,"idx":17},{"addr":140736909523551,"idx":18},{"addr":140736701386716,"idx":19},{"addr":140736701385887,"idx":20},{"addr":140736701384783,"idx":21},{"addr":140736678056520,"idx":22},{"addr":140736678081075,"idx":23},{"addr":140736678080096,"idx":24},{"addr":140736678077932,"idx":25},{"addr":140736678074355,"idx":26},{"addr":140736678123245,"idx":27},{"addr":140736678122946,"idx":28},{"addr":140736678628467,"idx":29},{"addr":140736678626826,"idx":30},{"addr":140736677467174,"idx":31},{"addr":140736678619618,"idx":32},{"addr":140736678619329,"idx":33},{"addr":140736678618946,"idx":34},{"addr":140736678618813,"idx":35},{"addr":140733849714033,"idx":36},{"addr":140733849714392,"idx":37},{"addr":140733849715095,"idx":38},{"addr":140733849716128,"idx":39},{"addr":140733849716348,"idx":40},{"addr":140702555935541,"idx":41},{"addr":140702555935684,"idx":42},{"addr":140702555935352,"idx":43},{"addr":140702555900604,"idx":44},{"addr":140702555726885,"idx":45},{"addr":140702555726759,"idx":46},{"addr":140702555954706,"idx":47},{"addr":140736897083607,"idx":48},{"addr":140736916996940,"idx":49}],,,,,,,,,,,,,,,,,,,4096,0,5540,,,,,,,,,,,,,,,,,,,,,,,,,,,,,,,,,,,,,,,,,,,,,,,,,,,,,,,,,,,,,,,,,,,,,,,,,,,,,,,,,,,,,,,,,,,,,,,,,,,
"2025-09-02 15:13:11.2142053Z","ETW","Microsoft-Windows-Kernel-Process",5,"ImageLoadInfo ",5540,18592,"WindowsTerminal.exe",,,,"C:\Windows\System32\DataExchange.dll",,,,,,,,,,,,[{"addr":140736918203828,"idx":0},{"addr":140736917192506,"idx":1},{"addr":140736917191278,"idx":2},{"addr":140736917210764,"idx":3},{"addr":140736917202269,"idx":4},{"addr":140736917259140,"idx":5},{"addr":140736916785248,"idx":6},{"addr":140736916784352,"idx":7},{"addr":140736917101952,"idx":8},{"addr":140736872000198,"idx":9},{"addr":140736909363845,"idx":10},{"addr":140736909362547,"idx":11},{"addr":140736909531736,"idx":12},{"addr":140736909524833,"idx":13},{"addr":140736909523551,"idx":14},{"addr":140736679943043,"idx":15},{"addr":140736679942284,"idx":16},{"addr":140736678081097,"idx":17},{"addr":140736678080096,"idx":18},{"addr":140736678077932,"idx":19},{"addr":140736678074355,"idx":20},{"addr":140736678123245,"idx":21},{"addr":140736678122946,"idx":22},{"addr":140736678628467,"idx":23},{"addr":140736678626826,"idx":24},{"addr":140736677467174,"idx":25},{"addr":140736678619618,"idx":26},{"addr":140736678619329,"idx":27},{"addr":140736678618946,"idx":28},{"addr":140736678618813,"idx":29},{"addr":140733849714033,"idx":30},{"addr":140733849714392,"idx":31},{"addr":140733849715095,"idx":32},{"addr":140733849716128,"idx":33},{"addr":140733849716348,"idx":34},{"addr":140702555935541,"idx":35},{"addr":140702555935684,"idx":36},{"addr":140702555935352,"idx":37},{"addr":140702555900604,"idx":38},{"addr":140702555726885,"idx":39},{"addr":140702555726759,"idx":40},{"addr":140702555954706,"idx":41},{"addr":140736897083607,"idx":42},{"addr":140736916996940,"idx":43}],,,,,,,,,5540,,,,,,,,,,,,,,,,,,,,,,,,,,,,,,,,,,,,1473623662,140736401637376,140736401637376,413852,368640,,,,,,,,,,,,,,,,,,,,,,,,,,,,,,,,,,,,,,,,,,,,,,,,,,,,,,,,,,,,,,,,,,,,,,,
"2025-09-02 15:13:11.2145659Z","ETW","Microsoft-Windows-Kernel-Audit-API-Calls",5,"Info ",5540,18592,"WindowsTerminal.exe",,,,,,,,,,,,,,,,[{"addr":140736918203764,"idx":0},{"addr":140736872731894,"idx":1},{"addr":140736717697306,"idx":2},{"addr":140736401658233,"idx":3},{"addr":140736401662072,"idx":4},{"addr":140736679943092,"idx":5},{"addr":140736679942284,"idx":6},{"addr":140736678081097,"idx":7},{"addr":140736678080096,"idx":8},{"addr":140736678077932,"idx":9},{"addr":140736678074355,"idx":10},{"addr":140736678123245,"idx":11},{"addr":140736678122946,"idx":12},{"addr":140736678628467,"idx":13},{"addr":140736678626826,"idx":14},{"addr":140736677467174,"idx":15},{"addr":140736678619618,"idx":16},{"addr":140736678619329,"idx":17},{"addr":140736678618946,"idx":18},{"addr":140736678618813,"idx":19},{"addr":140733849714033,"idx":20},{"addr":140733849714392,"idx":21},{"addr":140733849715095,"idx":22},{"addr":140733849716128,"idx":23},{"addr":140733849716348,"idx":24},{"addr":140702555935541,"idx":25},{"addr":140702555935684,"idx":26},{"addr":140702555935352,"idx":27},{"addr":140702555900604,"idx":28},{"addr":140702555726885,"idx":29},{"addr":140702555726759,"idx":30},{"addr":140702555954706,"idx":31},{"addr":140736897083607,"idx":32},{"addr":140736916996940,"idx":33}],,,,,,,,,,,,,,,,,,,4096,0,5540,,,,,,,,,,,,,,,,,,,,,,,,,,,,,,,,,,,,,,,,,,,,,,,,,,,,,,,,,,,,,,,,,,,,,,,,,,,,,,,,,,,,,,,,,,,,,,,,,,,
"2025-09-02 15:13:11.2162825Z","ETW","Microsoft-Windows-Kernel-Process",5,"ImageLoadInfo ",5540,18592,"WindowsTerminal.exe",,,,"C:\Program Files\WindowsApps\Microsoft.WindowsTerminal_1.22.12111.0_x64__8wekyb3d8bbwe\Microsoft.Terminal.Remoting.dll",,,,,,,,,,,,[{"addr":140736918203828,"idx":0},{"addr":140736917192506,"idx":1},{"addr":140736917191278,"idx":2},{"addr":140736917210764,"idx":3},{"addr":140736917202269,"idx":4},{"addr":140736917259140,"idx":5},{"addr":140736916785248,"idx":6},{"addr":140736916784352,"idx":7},{"addr":140736917101952,"idx":8},{"addr":140736872000198,"idx":9},{"addr":140736909363845,"idx":10},{"addr":140736909362547,"idx":11},{"addr":140736909531736,"idx":12},{"addr":140736909524833,"idx":13},{"addr":140736909523551,"idx":14},{"addr":140702555816633,"idx":15},{"addr":140702555934557,"idx":16},{"addr":140702555900684,"idx":17},{"addr":140702555726885,"idx":18},{"addr":140702555726759,"idx":19},{"addr":140702555954706,"idx":20},{"addr":140736897083607,"idx":21},{"addr":140736916996940,"idx":22}],,,,,,,,,5540,,,,,,,,,,,,,,,,,,,,,,,,,,,,,,,,,,,,1753895703,140734228135936,140734228135936,321080,311296,,,,,,,,,,,,,,,,,,,,,,,,,,,,,,,,,,,,,,,,,,,,,,,,,,,,,,,,,,,,,,,,,,,,,,,
"2025-09-02 15:13:11.2168493Z","ETW","Microsoft-Windows-Kernel-Process",5,"ImageLoadInfo ",5540,15796,"WindowsTerminal.exe",,,,"C:\Windows\System32\bcrypt.dll",,,,,,,,,,,,[{"addr":140736918203828,"idx":0},{"addr":140736917192506,"idx":1},{"addr":140736917191278,"idx":2},{"addr":140736917210764,"idx":3},{"addr":140736917201516,"idx":4},{"addr":140736917258922,"idx":5},{"addr":140736917255216,"idx":6},{"addr":140736917350945,"idx":7},{"addr":140736897083607,"idx":8},{"addr":140736916996940,"idx":9}],,,,,,,,,5540,,,,,,,,,,,,,,,,,,,,,,,,,,,,,,,,,,,,3023801214,140736866549760,140736866549760,216761,155648,,,,,,,,,,,,,,,,,,,,,,,,,,,,,,,,,,,,,,,,,,,,,,,,,,,,,,,,,,,,,,,,,,,,,,,
"2025-09-02 15:13:11.2172138Z","ETW","Microsoft-Antimalware-Engine",59,"Message Info ",1912,10404,"MsMpEng.exe",,,,,,0,"Behavior:Win32/SuspDllSideLoaded.B","0x1A5B3D8FF6402","84db5fe770e0d0198f480427d1ce9babd9f03e0e",,,,,,,[],,,,,,,,,,,,,,,,,,,,,,,,,,,,,,,,,,,,,,,,,,,,,,,,,,,,,,,,,,,,,,,,,,,,,,,,,,,,,,,,,,,,,,,,,,,,,,,,,,,,,,,,,,,,,,,,,,,,,,,,
"2025-09-02 15:13:11.2186167Z","ETW","Microsoft-Windows-Kernel-Process",5,"ImageLoadInfo ",5540,18592,"WindowsTerminal.exe",,,,"C:\Windows\System32\Windows.ApplicationModel.dll",,,,,,,,,,,,[{"addr":140736918203828,"idx":0},{"addr":140736917192506,"idx":1},{"addr":140736917191278,"idx":2},{"addr":140736917210764,"idx":3},{"addr":140736917202269,"idx":4},{"addr":140736917259140,"idx":5},{"addr":140736916785248,"idx":6},{"addr":140736916784352,"idx":7},{"addr":140736917101952,"idx":8},{"addr":140736872000198,"idx":9},{"addr":140736909363845,"idx":10},{"addr":140736909362547,"idx":11},{"addr":140736909531736,"idx":12},{"addr":140736909524833,"idx":13},{"addr":140736909523551,"idx":14},{"addr":140736702949265,"idx":15},{"addr":140736702949031,"idx":16},{"addr":140736702942009,"idx":17},{"addr":140736702947272,"idx":18},{"addr":140736702896661,"idx":19},{"addr":140736702899661,"idx":20},{"addr":140736702898230,"idx":21},{"addr":140733851324225,"idx":22},{"addr":140733851324040,"idx":23},{"addr":140733851323636,"idx":24},{"addr":140733851322156,"idx":25},{"addr":140733851322285,"idx":26},{"addr":140733850897675,"idx":27},{"addr":140733850895783,"idx":28},{"addr":140733849727701,"idx":29},{"addr":140733849727212,"idx":30},{"addr":140733849719019,"idx":31},{"addr":140702555901137,"idx":32},{"addr":140702555902928,"idx":33},{"addr":140702555726779,"idx":34},{"addr":140702555954706,"idx":35},{"addr":140736897083607,"idx":36},{"addr":140736916996940,"idx":37}],,,,,,,,,5540,,,,,,,,,,,,,,,,,,,,,,,,,,,,,,,,,,,,3909170685,140736601587712,140736601587712,906950,868352,,,,,,,,,,,,,,,,,,,,,,,,,,,,,,,,,,,,,,,,,,,,,,,,,,,,,,,,,,,,,,,,,,,,,,,
"2025-09-02 15:13:11.2223516Z","ETW","Microsoft-Windows-Kernel-Process",5,"ImageLoadInfo ",5540,18592,"WindowsTerminal.exe",,,,"C:\Program Files\WindowsApps\Microsoft.WindowsTerminal_1.22.12111.0_x64__8wekyb3d8bbwe\Microsoft.Terminal.Settings.Model.dll",,,,,,,,,,,,[{"addr":140736918203828,"idx":0},{"addr":140736917192506,"idx":1},{"addr":140736917191278,"idx":2},{"addr":140736917210764,"idx":3},{"addr":140736917202269,"idx":4},{"addr":140736917259140,"idx":5},{"addr":140736916785248,"idx":6},{"addr":140736916784352,"idx":7},{"addr":140736917101952,"idx":8},{"addr":140736872000198,"idx":9},{"addr":140736909363845,"idx":10},{"addr":140736909362547,"idx":11},{"addr":140736909531736,"idx":12},{"addr":140736909524833,"idx":13},{"addr":140736909523551,"idx":14},{"addr":140733849702131,"idx":15},{"addr":140733849698525,"idx":16},{"addr":140733849763301,"idx":17},{"addr":140733849739263,"idx":18},{"addr":140733849728643,"idx":19},{"addr":140733849727212,"idx":20},{"addr":140733849719019,"idx":21},{"addr":140702555901137,"idx":22},{"addr":140702555902928,"idx":23},{"addr":140702555726779,"idx":24},{"addr":140702555954706,"idx":25},{"addr":140736897083607,"idx":26},{"addr":140736916996940,"idx":27}],,,,,,,,,5540,,,,,,,,,,,,,,,,,,,,,,,,,,,,,,,,,,,,1753895931,140733847306240,140733847306240,2220513,2248704,,,,,,,,,,,,,,,,,,,,,,,,,,,,,,,,,,,,,,,,,,,,,,,,,,,,,,,,,,,,,,,,,,,,,,,
"2025-09-02 15:13:11.2228788Z","ETW","Microsoft-Windows-Kernel-Process",5,"ImageLoadInfo ",5540,15696,"WindowsTerminal.exe",,,,"C:\Windows\System32\ntmarta.dll",,,,,,,,,,,,[{"addr":140736918203828,"idx":0},{"addr":140736917192506,"idx":1},{"addr":140736917191278,"idx":2},{"addr":140736917210764,"idx":3},{"addr":140736917202269,"idx":4},{"addr":140736917259140,"idx":5},{"addr":140736917255216,"idx":6},{"addr":140736917350945,"idx":7},{"addr":140736897083607,"idx":8},{"addr":140736916996940,"idx":9}],,,,,,,,,5540,,,,,,,,,,,,,,,,,,,,,,,,,,,,,,,,,,,,2803059627,140736849510400,140736849510400,286201,221184,,,,,,,,,,,,,,,,,,,,,,,,,,,,,,,,,,,,,,,,,,,,,,,,,,,,,,,,,,,,,,,,,,,,,,,
"2025-09-02 15:13:11.2231989Z","ETW","Microsoft-Antimalware-Engine",59,"Message Info ",1912,13020,"MsMpEng.exe",,,,,,0,"Behavior:Win32/SuspDllSideLoaded.B","0x1A5B3D8FF6402","84db5fe770e0d0198f480427d1ce9babd9f03e0e",,,,,,,[],,,,,,,,,,,,,,,,,,,,,,,,,,,,,,,,,,,,,,,,,,,,,,,,,,,,,,,,,,,,,,,,,,,,,,,,,,,,,,,,,,,,,,,,,,,,,,,,,,,,,,,,,,,,,,,,,,,,,,,,
"2025-09-02 15:13:11.2242168Z","ETW","Microsoft-Windows-Kernel-Process",5,"ImageLoadInfo ",5540,18592,"WindowsTerminal.exe",,,,"C:\Windows\System32\shlwapi.dll",,,,,,,,,,,,[{"addr":140736918203828,"idx":0},{"addr":140736917192506,"idx":1},{"addr":140736917191278,"idx":2},{"addr":140736917190209,"idx":3},{"addr":140736916804181,"idx":4},{"addr":140736916785218,"idx":5},{"addr":140736916786774,"idx":6},{"addr":140736917021315,"idx":7},{"addr":140736917023197,"idx":8},{"addr":140736832559570,"idx":9},{"addr":140736833643786,"idx":10},{"addr":140736830222801,"idx":11},{"addr":140736830219809,"idx":12},{"addr":140736830220815,"idx":13},{"addr":140736830621837,"idx":14},{"addr":140736830149842,"idx":15},{"addr":140736830146064,"idx":16},{"addr":140736830152357,"idx":17},{"addr":140733848213661,"idx":18},{"addr":140733848274142,"idx":19},{"addr":140733847858498,"idx":20},{"addr":140733849763073,"idx":21},{"addr":140733849698680,"idx":22},{"addr":140733849763301,"idx":23},{"addr":140733849739263,"idx":24},{"addr":140733849728643,"idx":25},{"addr":140733849727212,"idx":26},{"addr":140733849719019,"idx":27},{"addr":140702555901137,"idx":28},{"addr":140702555902928,"idx":29},{"addr":140702555726779,"idx":30},{"addr":140702555954706,"idx":31},{"addr":140736897083607,"idx":32},{"addr":140736916996940,"idx":33}],,,,,,,,,5540,,,,,,,,,,,,,,,,,,,,,,,,,,,,,,,,,,,,17834217,140736890601472,140736890601472,465141,434176,,,,,,,,,,,,,,,,,,,,,,,,,,,,,,,,,,,,,,,,,,,,,,,,,,,,,,,,,,,,,,,,,,,,,,,
"2025-09-02 15:13:11.2310307Z","ETW","Microsoft-Windows-Kernel-Process",5,"ImageLoadInfo ",5540,18592,"WindowsTerminal.exe",,,,"C:\Program Files\WindowsApps\Microsoft.WindowsTerminal_1.22.12111.0_x64__8wekyb3d8bbwe\TerminalConnection.dll",,,,,,,,,,,,[{"addr":140736918203828,"idx":0},{"addr":140736917192506,"idx":1},{"addr":140736917191278,"idx":2},{"addr":140736917210764,"idx":3},{"addr":140736917202269,"idx":4},{"addr":140736917259140,"idx":5},{"addr":140736916785248,"idx":6},{"addr":140736916784352,"idx":7},{"addr":140736917101952,"idx":8},{"addr":140736872000198,"idx":9},{"addr":140736909363845,"idx":10},{"addr":140736909362547,"idx":11},{"addr":140736909531736,"idx":12},{"addr":140736909524833,"idx":13},{"addr":140736909523551,"idx":14},{"addr":140733847527619,"idx":15},{"addr":140733848475385,"idx":16},{"addr":140733848473975,"idx":17},{"addr":140733848265766,"idx":18},{"addr":140733848266653,"idx":19},{"addr":140733847858700,"idx":20},{"addr":140733849730036,"idx":21},{"addr":140733849735213,"idx":22},{"addr":140733849742652,"idx":23},{"addr":140702555903301,"idx":24},{"addr":140702555902937,"idx":25},{"addr":140702555726779,"idx":26},{"addr":140702555954706,"idx":27},{"addr":140736897083607,"idx":28},{"addr":140736916996940,"idx":29}],,,,,,,,,5540,,,,,,,,,,,,,,,,,,,,,,,,,,,,,,,,,,,,1753895710,140733992009728,140733992009728,513495,491520,,,,,,,,,,,,,,,,,,,,,,,,,,,,,,,,,,,,,,,,,,,,,,,,,,,,,,,,,,,,,,,,,,,,,,,
"2025-09-02 15:13:11.2315996Z","ETW","Microsoft-Antimalware-Engine",59,"Message Info ",1912,10404,"MsMpEng.exe",,,,,,0,"Behavior:Win32/SuspDllSideLoaded.B","0x1A5B3D8FF6402","84db5fe770e0d0198f480427d1ce9babd9f03e0e",,,,,,,[],,,,,,,,,,,,,,,,,,,,,,,,,,,,,,,,,,,,,,,,,,,,,,,,,,,,,,,,,,,,,,,,,,,,,,,,,,,,,,,,,,,,,,,,,,,,,,,,,,,,,,,,,,,,,,,,,,,,,,,,
"2025-09-02 15:13:11.2316053Z","ETW","Microsoft-Windows-Kernel-Process",5,"ImageLoadInfo ",5540,19768,"WindowsTerminal.exe",,,,"C:\Windows\System32\winhttp.dll",,,,,,,,,,,,[{"addr":140736918203828,"idx":0},{"addr":140736917192506,"idx":1},{"addr":140736917191278,"idx":2},{"addr":140736917210764,"idx":3},{"addr":140736917201516,"idx":4},{"addr":140736917258922,"idx":5},{"addr":140736917255216,"idx":6},{"addr":140736917350945,"idx":7},{"addr":140736897083607,"idx":8},{"addr":140736916996940,"idx":9}],,,,,,,,,5540,,,,,,,,,,,,,,,,,,,,,,,,,,,,,,,,,,,,549875158,140736759791616,140736759791616,1195912,1171456,,,,,,,,,,,,,,,,,,,,,,,,,,,,,,,,,,,,,,,,,,,,,,,,,,,,,,,,,,,,,,,,,,,,,,,
"2025-09-02 15:13:11.2333110Z","ETW","Microsoft-Windows-Kernel-Process",5,"ImageLoadInfo ",5540,18592,"WindowsTerminal.exe",,,,"C:\ProgramData\Microsoft\VisualStudio\Setup\x64\Microsoft.VisualStudio.Setup.Configuration.Native.dll",,,,,,,,,,,,[{"addr":140736918203828,"idx":0},{"addr":140736917192506,"idx":1},{"addr":140736917191278,"idx":2},{"addr":140736917210764,"idx":3},{"addr":140736917202269,"idx":4},{"addr":140736917259140,"idx":5},{"addr":140736916785248,"idx":6},{"addr":140736916784352,"idx":7},{"addr":140736917101952,"idx":8},{"addr":140736872000198,"idx":9},{"addr":140736909363845,"idx":10},{"addr":140736909362547,"idx":11},{"addr":140736909360794,"idx":12},{"addr":140736909561496,"idx":13},{"addr":140736909365281,"idx":14},{"addr":140736909356853,"idx":15},{"addr":140736910270317,"idx":16},{"addr":140736909359719,"idx":17},{"addr":140736909871367,"idx":18},{"addr":140736910338829,"idx":19},{"addr":140736910332465,"idx":20},{"addr":140736910348734,"idx":21},{"addr":140736910270317,"idx":22},{"addr":140736909350430,"idx":23},{"addr":140736910270317,"idx":24},{"addr":140736909553458,"idx":25},{"addr":140736909548907,"idx":26},{"addr":140736909576880,"idx":27},{"addr":140733848485403,"idx":28},{"addr":140733848473279,"idx":29},{"addr":140733848265766,"idx":30},{"addr":140733848266683,"idx":31},{"addr":140733847858700,"idx":32},{"addr":140733849730036,"idx":33},{"addr":140733849735213,"idx":34},{"addr":140733849742652,"idx":35},{"addr":140702555903301,"idx":36},{"addr":140702555902937,"idx":37},{"addr":140702555726779,"idx":38},{"addr":140702555954706,"idx":39},{"addr":140736897083607,"idx":40},{"addr":140736916996940,"idx":41}],,,,,,,,,5540,,,,,,,,,,,,,,,,,,,,,,,,,,,,,,,,,,,,1726088073,140735487475712,140735487475712,1007466,1015808,,,,,,,,,,,,,,,,,,,,,,,,,,,,,,,,,,,,,,,,,,,,,,,,,,,,,,,,,,,,,,,,,,,,,,,
"2025-09-02 15:13:11.2342366Z","ETW","Microsoft-Antimalware-Engine",59,"Message Info ",1912,10404,"MsMpEng.exe",,,,,,0,"Behavior:Win32/SuspDllSideLoaded.B","0x1A5B3D8FF6402","84db5fe770e0d0198f480427d1ce9babd9f03e0e",,,,,,,[],,,,,,,,,,,,,,,,,,,,,,,,,,,,,,,,,,,,,,,,,,,,,,,,,,,,,,,,,,,,,,,,,,,,,,,,,,,,,,,,,,,,,,,,,,,,,,,,,,,,,,,,,,,,,,,,,,,,,,,,
"2025-09-02 15:13:11.2375492Z","ETW","Microsoft-Windows-Kernel-Process",5,"ImageLoadInfo ",5540,18592,"WindowsTerminal.exe",,,,"C:\Windows\System32\AppExtension.dll",,,,,,,,,,,,[{"addr":140736918203828,"idx":0},{"addr":140736917192506,"idx":1},{"addr":140736917191278,"idx":2},{"addr":140736917210764,"idx":3},{"addr":140736917202269,"idx":4},{"addr":140736917259140,"idx":5},{"addr":140736916785248,"idx":6},{"addr":140736916784352,"idx":7},{"addr":140736917101952,"idx":8},{"addr":140736872000198,"idx":9},{"addr":140736909363845,"idx":10},{"addr":140736909362547,"idx":11},{"addr":140736909531736,"idx":12},{"addr":140736909524833,"idx":13},{"addr":140736909523551,"idx":14},{"addr":140733847527619,"idx":15},{"addr":140733848307142,"idx":16},{"addr":140733848249701,"idx":17},{"addr":140733848266752,"idx":18},{"addr":140733847858700,"idx":19},{"addr":140733849730036,"idx":20},{"addr":140733849735213,"idx":21},{"addr":140733849742652,"idx":22},{"addr":140702555903301,"idx":23},{"addr":140702555902937,"idx":24},{"addr":140702555726779,"idx":25},{"addr":140702555954706,"idx":26},{"addr":140736897083607,"idx":27},{"addr":140736916996940,"idx":28}],,,,,,,,,5540,,,,,,,,,,,,,,,,,,,,,,,,,,,,,,,,,,,,2909574040,140736414679040,140736414679040,357747,299008,,,,,,,,,,,,,,,,,,,,,,,,,,,,,,,,,,,,,,,,,,,,,,,,,,,,,,,,,,,,,,,,,,,,,,,
"2025-09-02 15:13:11.2379406Z","ETW","Microsoft-Windows-Kernel-Audit-API-Calls",5,"Info ",5540,18592,"WindowsTerminal.exe",,,,,,,,,,,,,,,,[{"addr":140736918203764,"idx":0},{"addr":140736872731894,"idx":1},{"addr":140736414730282,"idx":2},{"addr":140736916975221,"idx":3},{"addr":140736872573249,"idx":4},{"addr":140736414688683,"idx":5},{"addr":140736414685927,"idx":6},{"addr":140733848249808,"idx":7},{"addr":140733848266752,"idx":8},{"addr":140733847858700,"idx":9},{"addr":140733849730036,"idx":10},{"addr":140733849735213,"idx":11},{"addr":140733849742652,"idx":12},{"addr":140702555903301,"idx":13},{"addr":140702555902937,"idx":14},{"addr":140702555726779,"idx":15},{"addr":140702555954706,"idx":16},{"addr":140736897083607,"idx":17},{"addr":140736916996940,"idx":18}],,,,,,,,,,,,,,,,,,,4096,0,5540,,,,,,,,,,,,,,,,,,,,,,,,,,,,,,,,,,,,,,,,,,,,,,,,,,,,,,,,,,,,,,,,,,,,,,,,,,,,,,,,,,,,,,,,,,,,,,,,,,,
"2025-09-02 15:13:11.2400125Z","ETW","Microsoft-Windows-Kernel-Process",5,"ImageLoadInfo ",5540,12584,"WindowsTerminal.exe",,,,"C:\Windows\System32\Windows.StateRepositoryPS.dll",,,,,,,,,,,,[{"addr":140736918203828,"idx":0},{"addr":140736917192506,"idx":1},{"addr":140736917191278,"idx":2},{"addr":140736917210764,"idx":3},{"addr":140736917202269,"idx":4},{"addr":140736917259140,"idx":5},{"addr":140736916785248,"idx":6},{"addr":140736916784352,"idx":7},{"addr":140736917101952,"idx":8},{"addr":140736872000198,"idx":9},{"addr":140736909363845,"idx":10},{"addr":140736909362547,"idx":11},{"addr":140736909360794,"idx":12},{"addr":140736909561496,"idx":13},{"addr":140736909365281,"idx":14},{"addr":140736909339322,"idx":15},{"addr":140736909195691,"idx":16},{"addr":140736909191304,"idx":17},{"addr":140736909568050,"idx":18},{"addr":140736909567049,"idx":19},{"addr":140736910229700,"idx":20},{"addr":140736910858718,"idx":21},{"addr":140736909460923,"idx":22},{"addr":140736909455813,"idx":23},{"addr":140736909134403,"idx":24},{"addr":140736909231120,"idx":25},{"addr":140736909525351,"idx":26},{"addr":140736909523551,"idx":27},{"addr":140736414720364,"idx":28},{"addr":140736414719947,"idx":29},{"addr":140736414730638,"idx":30},{"addr":140736414712281,"idx":31},{"addr":140736902703990,"idx":32},{"addr":140736902703274,"idx":33},{"addr":140736902700103,"idx":34},{"addr":140736897083607,"idx":35},{"addr":140736916996940,"idx":36}],,,,,,,,,5540,,,,,,,,,,,,,,,,,,,,,,,,,,,,,,,,,,,,367497931,140736602963968,140736602963968,846822,802816,,,,,,,,,,,,,,,,,,,,,,,,,,,,,,,,,,,,,,,,,,,,,,,,,,,,,,,,,,,,,,,,,,,,,,,
"2025-09-02 15:13:11.2405440Z","ETW","Microsoft-Windows-Kernel-Audit-API-Calls",5,"Info ",2828,1056,"svchost.exe",,,,,,,,,,,,,,,,[{"addr":140736918206916,"idx":0},{"addr":140736882337646,"idx":1},{"addr":140736910267593,"idx":2},{"addr":140736627175582,"idx":3},{"addr":140736627233201,"idx":4},{"addr":140736882620003,"idx":5},{"addr":140736882628366,"idx":6},{"addr":140736881847376,"idx":7},{"addr":140736909646499,"idx":8},{"addr":140736909646267,"idx":9},{"addr":140736909643574,"idx":10},{"addr":140736909641089,"idx":11},{"addr":140736910206646,"idx":12},{"addr":140736909298250,"idx":13},{"addr":140736909422200,"idx":14},{"addr":140736909684515,"idx":15},{"addr":140736882311415,"idx":16},{"addr":140736882088628,"idx":17},{"addr":140736882092154,"idx":18},{"addr":140736882015316,"idx":19},{"addr":140736882081820,"idx":20},{"addr":140736882106396,"idx":21},{"addr":140736882102691,"idx":22},{"addr":140736882098504,"idx":23},{"addr":140736917358174,"idx":24},{"addr":140736917350275,"idx":25},{"addr":140736897083607,"idx":26},{"addr":140736916996940,"idx":27}],,,,,,,,,,,,,,,,,,,4096,0,5540,,,,,,,,,,,,,,,,,,,,,,,,,,,,,,,,,,,,,,,,,,,,,,,,,,,,,,,,,,,,,,,,,,,,,,,,,,,,,,,,,,,,,,,,,,,,,,,,,,,
"2025-09-02 15:13:11.2441868Z","ETW","Microsoft-Windows-Kernel-Audit-API-Calls",6,"Info ",1912,8,"MsMpEng.exe",,,,,,,,,,,,,,,,[{"addr":140736918212548,"idx":0},{"addr":140736872857142,"idx":1},{"addr":140736738243895,"idx":2},{"addr":140736738242452,"idx":3},{"addr":140736657604428,"idx":4},{"addr":140736657598535,"idx":5},{"addr":140736657597146,"idx":6},{"addr":140736658259206,"idx":7},{"addr":140736657749938,"idx":8},{"addr":140736657909615,"idx":9},{"addr":140736658079503,"idx":10},{"addr":140736897083607,"idx":11},{"addr":140736916996940,"idx":12}],,,,,,,,,,,,,,,,,,,2097151,0,1912,8,,,,,,,,,,,,,,,,,,,,,,,,,,,,,,,,,,,,,,,,,,,,,,,,,,,,,,,,,,,,,,,,,,,,,,,,,,,,,,,,,,,,,,,,,,,,,,,,,,
"2025-09-02 15:13:11.2447347Z","ETW","Microsoft-Windows-Kernel-Audit-API-Calls",6,"Info ",1912,8,"MsMpEng.exe",,,,,,,,,,,,,,,,[{"addr":140736918212548,"idx":0},{"addr":140736872857142,"idx":1},{"addr":140736738243895,"idx":2},{"addr":140736738242452,"idx":3},{"addr":140736657604428,"idx":4},{"addr":140736657598535,"idx":5},{"addr":140736657597146,"idx":6},{"addr":140736658259206,"idx":7},{"addr":140736657749938,"idx":8},{"addr":140736657909615,"idx":9},{"addr":140736658079503,"idx":10},{"addr":140736897083607,"idx":11},{"addr":140736916996940,"idx":12}],,,,,,,,,,,,,,,,,,,2097151,0,1912,8,,,,,,,,,,,,,,,,,,,,,,,,,,,,,,,,,,,,,,,,,,,,,,,,,,,,,,,,,,,,,,,,,,,,,,,,,,,,,,,,,,,,,,,,,,,,,,,,,,
"2025-09-02 15:13:11.2453669Z","ETW","Microsoft-Windows-Kernel-Process",3,"ThreadStartStart ",4,72,"System",,,,,,,,,,,,,,,,[],,,,,,,,,18424,18446639081567625216,18446639081567600640,140736917348896,0,210395811840,4552,210398871552,210398867456,140736917348896,,,,,,,,,,,,,,,,,,,,,,,,,,,,,,,,,,,,,,,,,,,,,,,,,,,,,,,,,,,,,,,,,,,,,,,,,,,,,,,,,,,,,,,,,,,,,,,,,,,,,,
"2025-09-02 15:13:11.2457640Z","ETW","Microsoft-Windows-Kernel-Process",3,"ThreadStartStart ",18424,4552,"WindowsTerminal.exe",,,,,,,,,,,,,,,,[{"addr":140736918216388,"idx":0},{"addr":140736917669762,"idx":1},{"addr":140736882108009,"idx":2},{"addr":140736882106619,"idx":3},{"addr":140736882102691,"idx":4},{"addr":140736882098504,"idx":5},{"addr":140736917358174,"idx":6},{"addr":140736917350275,"idx":7},{"addr":140736897083607,"idx":8},{"addr":140736916996940,"idx":9}],,,,,,,,,18424,18446639081550589952,18446639081550565376,140736917348896,0,210395820032,21840,210399920128,210399916032,140736917348896,,,,,,,,,,,,,,,,,,,,,,,,,,,,,,,,,,,,,,,,,,,,,,,,,,,,,,,,,,,,,,,,,,,,,,,,,,,,,,,,,,,,,,,,,,,,,,,,,,,,,,
"2025-09-02 15:13:11.2479911Z","ETW","Microsoft-Windows-Kernel-Process",5,"ImageLoadInfo ",5540,18592,"WindowsTerminal.exe",,,,"C:\Windows\System32\rometadata.dll",,,,,,,,,,,,[{"addr":140736918203828,"idx":0},{"addr":140736917192506,"idx":1},{"addr":140736917191278,"idx":2},{"addr":140736917210764,"idx":3},{"addr":140736917202269,"idx":4},{"addr":140736917259140,"idx":5},{"addr":140736916785248,"idx":6},{"addr":140736916786774,"idx":7},{"addr":140736917021315,"idx":8},{"addr":140736917023197,"idx":9},{"addr":140736870628402,"idx":10},{"addr":140736870684933,"idx":11},{"addr":140736870503239,"idx":12},{"addr":140736910000657,"idx":13},{"addr":140736909984549,"idx":14},{"addr":140736909800119,"idx":15},{"addr":140736909796489,"idx":16},{"addr":140736909796244,"idx":17},{"addr":140736909795405,"idx":18},{"addr":140736909569277,"idx":19},{"addr":140736909567049,"idx":20},{"addr":140736910229700,"idx":21},{"addr":140736910858718,"idx":22},{"addr":140736909460923,"idx":23},{"addr":140736909455813,"idx":24},{"addr":140736909134403,"idx":25},{"addr":140736909553551,"idx":26},{"addr":140736909548907,"idx":27},{"addr":140736909576880,"idx":28},{"addr":140734228262576,"idx":29},{"addr":140734228264271,"idx":30},{"addr":140734228270820,"idx":31},{"addr":140702555903455,"idx":32},{"addr":140702555902971,"idx":33},{"addr":140702555726779,"idx":34},{"addr":140702555954706,"idx":35},{"addr":140736897083607,"idx":36},{"addr":140736916996940,"idx":37}],,,,,,,,,5540,,,,,,,,,,,,,,,,,,,,,,,,,,,,,,,,,,,,1649453319,140736299728896,140736299728896,246211,233472,,,,,,,,,,,,,,,,,,,,,,,,,,,,,,,,,,,,,,,,,,,,,,,,,,,,,,,,,,,,,,,,,,,,,,,
"2025-09-02 15:13:11.2484834Z","ETW","Microsoft-Windows-Kernel-Process",5,"ImageLoadInfo ",5540,18592,"WindowsTerminal.exe",,,,"C:\Program Files\WindowsApps\Microsoft.WindowsTerminal_1.22.12111.0_x64__8wekyb3d8bbwe\Microsoft.Terminal.Remoting.winmd",,,,,,,,,,,,[{"addr":140736918203828,"idx":0},{"addr":140736872619472,"idx":1},{"addr":140736299829581,"idx":2},{"addr":140736299827593,"idx":3},{"addr":140736299824275,"idx":4},{"addr":140736299737091,"idx":5},{"addr":140736299733594,"idx":6},{"addr":140736870510083,"idx":7},{"addr":140736870509282,"idx":8},{"addr":140736870507742,"idx":9},{"addr":140736870507153,"idx":10},{"addr":140736870667907,"idx":11},{"addr":140736870503473,"idx":12},{"addr":140736910000657,"idx":13},{"addr":140736909984549,"idx":14},{"addr":140736909800119,"idx":15},{"addr":140736909796489,"idx":16},{"addr":140736909796244,"idx":17},{"addr":140736909795405,"idx":18},{"addr":140736909569277,"idx":19},{"addr":140736909567049,"idx":20},{"addr":140736910229700,"idx":21},{"addr":140736910858718,"idx":22},{"addr":140736909460923,"idx":23},{"addr":140736909455813,"idx":24},{"addr":140736909134403,"idx":25},{"addr":140736909553551,"idx":26},{"addr":140736909548907,"idx":27},{"addr":140736909576880,"idx":28},{"addr":140734228262576,"idx":29},{"addr":140734228264271,"idx":30},{"addr":140734228270820,"idx":31},{"addr":140702555903455,"idx":32},{"addr":140702555902971,"idx":33},{"addr":140702555726779,"idx":34},{"addr":140702555954706,"idx":35},{"addr":140736897083607,"idx":36},{"addr":140736916996940,"idx":37}],,,,,,,,,5540,,,,,,,,,,,,,,,,,,,,,,,,,,,,,,,,,,,,1753895698,18014398509481984,2432521928704,33175,24576,,,,,,,,,,,,,,,,,,,,,,,,,,,,,,,,,,,,,,,,,,,,,,,,,,,,,,,,,,,,,,,,,,,,,,,
"2025-09-02 15:13:11.2489597Z","ETW","Microsoft-Windows-Kernel-Process",5,"ImageLoadInfo ",5540,18592,"WindowsTerminal.exe",,,,"C:\Windows\System32\WinMetadata\Windows.Foundation.winmd",,,,,,,,,,,,[{"addr":140736918203828,"idx":0},{"addr":140736872619472,"idx":1},{"addr":140736299829581,"idx":2},{"addr":140736299827593,"idx":3},{"addr":140736299824275,"idx":4},{"addr":140736299737091,"idx":5},{"addr":140736299733594,"idx":6},{"addr":140736870510083,"idx":7},{"addr":140736870509282,"idx":8},{"addr":140736870507742,"idx":9},{"addr":140736870504423,"idx":10},{"addr":140736870503325,"idx":11},{"addr":140736910000657,"idx":12},{"addr":140736910004000,"idx":13},{"addr":140736910241662,"idx":14},{"addr":140736910009832,"idx":15},{"addr":140736910241018,"idx":16},{"addr":140736910009832,"idx":17},{"addr":140736910008650,"idx":18},{"addr":140736910006706,"idx":19},{"addr":140736910005195,"idx":20},{"addr":140736910002957,"idx":21},{"addr":140736909984731,"idx":22},{"addr":140736909800119,"idx":23},{"addr":140736909796489,"idx":24},{"addr":140736909796244,"idx":25},{"addr":140736909795405,"idx":26},{"addr":140736909569277,"idx":27},{"addr":140736909567049,"idx":28},{"addr":140736910229700,"idx":29},{"addr":140736910858718,"idx":30},{"addr":140736909460923,"idx":31},{"addr":140736909455813,"idx":32},{"addr":140736909134403,"idx":33},{"addr":140736909553551,"idx":34},{"addr":140736909548907,"idx":35},{"addr":140736909576880,"idx":36},{"addr":140734228262576,"idx":37},{"addr":140734228264271,"idx":38},{"addr":140734228270820,"idx":39},{"addr":140702555903455,"idx":40},{"addr":140702555902971,"idx":41},{"addr":140702555726779,"idx":42},{"addr":140702555954706,"idx":43},{"addr":140736897083607,"idx":44},{"addr":140736916996940,"idx":45}],,,,,,,,,5540,,,,,,,,,,,,,,,,,,,,,,,,,,,,,,,,,,,,1752635257,18014398509481984,2432521994240,128295,69632,,,,,,,,,,,,,,,,,,,,,,,,,,,,,,,,,,,,,,,,,,,,,,,,,,,,,,,,,,,,,,,,,,,,,,,
"2025-09-02 15:13:11.2491967Z","ETW","Microsoft-Antimalware-Engine",59,"Message Info ",1912,10404,"MsMpEng.exe",,,,,,0,"Behavior:Win32/SuspDllSideLoaded.B","0x1A5B3D8FF6402","84db5fe770e0d0198f480427d1ce9babd9f03e0e",,,,,,,[],,,,,,,,,,,,,,,,,,,,,,,,,,,,,,,,,,,,,,,,,,,,,,,,,,,,,,,,,,,,,,,,,,,,,,,,,,,,,,,,,,,,,,,,,,,,,,,,,,,,,,,,,,,,,,,,,,,,,,,,
"2025-09-02 15:13:11.2499803Z","ETW","Microsoft-Windows-Kernel-Process",3,"ThreadStartStart ",18424,21840,"WindowsTerminal.exe",,,,,,,,,,,,,,,,[{"addr":140736918208964,"idx":0},{"addr":140736872776761,"idx":1},{"addr":140736897102141,"idx":2},{"addr":140736909291405,"idx":3},{"addr":140736909682048,"idx":4},{"addr":140736909569993,"idx":5},{"addr":140736909567266,"idx":6},{"addr":140736910229700,"idx":7},{"addr":140736910858718,"idx":8},{"addr":140736909460923,"idx":9},{"addr":140736909455813,"idx":10},{"addr":140736909449069,"idx":11},{"addr":140736882273667,"idx":12},{"addr":140736881852544,"idx":13},{"addr":140736881849242,"idx":14},{"addr":140736909646657,"idx":15},{"addr":140736910458422,"idx":16},{"addr":140736909646274,"idx":17},{"addr":140736909643574,"idx":18},{"addr":140736909641089,"idx":19},{"addr":140736910206646,"idx":20},{"addr":140736909298250,"idx":21},{"addr":140736909422200,"idx":22},{"addr":140736909684515,"idx":23},{"addr":140736882311415,"idx":24},{"addr":140736882088628,"idx":25},{"addr":140736882092154,"idx":26},{"addr":140736882015316,"idx":27},{"addr":140736882081820,"idx":28},{"addr":140736882106396,"idx":29},{"addr":140736882102691,"idx":30},{"addr":140736882098504,"idx":31},{"addr":140736917358174,"idx":32},{"addr":140736917350275,"idx":33},{"addr":140736897083607,"idx":34},{"addr":140736916996940,"idx":35}],,,,,,,,,18424,18446639081567711232,18446639081567686656,140736910320112,0,210395828224,11216,210400968704,210400960512,140736910320112,,,,,,,,,,,,,,,,,,,,,,,,,,,,,,,,,,,,,,,,,,,,,,,,,,,,,,,,,,,,,,,,,,,,,,,,,,,,,,,,,,,,,,,,,,,,,,,,,,,,,,
"2025-09-02 15:13:11.2517268Z","ETW","Microsoft-Windows-Kernel-Process",3,"ThreadStartStart ",18424,21840,"WindowsTerminal.exe",,,,,,,,,,,,,,,,[{"addr":140736918208964,"idx":0},{"addr":140736872776761,"idx":1},{"addr":140736897102141,"idx":2},{"addr":140736876812648,"idx":3},{"addr":140702555904878,"idx":4},{"addr":140702555926278,"idx":5},{"addr":140734228271410,"idx":6},{"addr":140734228264111,"idx":7},{"addr":140734228273813,"idx":8},{"addr":140734228216775,"idx":9},{"addr":140734228199982,"idx":10},{"addr":140734228188991,"idx":11},{"addr":140734228208579,"idx":12},{"addr":140736882620003,"idx":13},{"addr":140736881849533,"idx":14},{"addr":140736909646657,"idx":15},{"addr":140736910458422,"idx":16},{"addr":140736909646274,"idx":17},{"addr":140736909643574,"idx":18},{"addr":140736909641089,"idx":19},{"addr":140736910206646,"idx":20},{"addr":140736909298250,"idx":21},{"addr":140736909422200,"idx":22},{"addr":140736909684515,"idx":23},{"addr":140736882311415,"idx":24},{"addr":140736882088628,"idx":25},{"addr":140736882092154,"idx":26},{"addr":140736882015316,"idx":27},{"addr":140736882081820,"idx":28},{"addr":140736882106396,"idx":29},{"addr":140736882102691,"idx":30},{"addr":140736882098504,"idx":31},{"addr":140736917358174,"idx":32},{"addr":140736917350275,"idx":33},{"addr":140736897083607,"idx":34},{"addr":140736916996940,"idx":35}],,,,,,,,,18424,18446639081568112640,18446639081568088064,140736876328832,0,210395836416,12888,210402017280,210402013184,140736876328832,,,,,,,,,,,,,,,,,,,,,,,,,,,,,,,,,,,,,,,,,,,,,,,,,,,,,,,,,,,,,,,,,,,,,,,,,,,,,,,,,,,,,,,,,,,,,,,,,,,,,,
"2025-09-02 15:13:11.2519084Z","ETW","Microsoft-Windows-Kernel-Process",3,"ThreadStartStart ",5540,1992,"WindowsTerminal.exe",,,,,,,,,,,,,,,,[{"addr":140736918216388,"idx":0},{"addr":140736917669762,"idx":1},{"addr":140736882108009,"idx":2},{"addr":140736882106619,"idx":3},{"addr":140736882102691,"idx":4},{"addr":140736882098504,"idx":5},{"addr":140736917358174,"idx":6},{"addr":140736917350275,"idx":7},{"addr":140736897083607,"idx":8},{"addr":140736916996940,"idx":9}],,,,,,,,,5540,18446639081567739904,18446639081567715328,140736917348896,0,346622795776,8588,346634059776,346634055680,140736917348896,,,,,,,,,,,,,,,,,,,,,,,,,,,,,,,,,,,,,,,,,,,,,,,,,,,,,,,,,,,,,,,,,,,,,,,,,,,,,,,,,,,,,,,,,,,,,,,,,,,,,,
"2025-09-02 15:13:11.2533751Z","ETW","Microsoft-Windows-Kernel-Process",4,"ThreadStopStop ",5540,8588,"WindowsTerminal.exe",,,,,,,,,,,,,,,,[],,,,,,,,506540,5540,18446639081567739904,18446639081567715328,140736917348896,0,346622795776,8588,346634059776,346634051584,140736917348896,,,,,,,,,,,,,,,,,,,,,,,,,,,,,,,,,,,,,,,,,,,,,,,,,,,,,,,,,,,,,,,,,,,,,,,,,,,,,,,,,,,,,,,,,,,,,,,,,,,,,,
"2025-09-02 15:13:11.2533768Z","ETW","Microsoft-Windows-Kernel-Process",4,"ThreadStopStop ",5540,18592,"WindowsTerminal.exe",,,,,,,,,,,,,,,,[],,,,,,,,381017260,5540,18446639081551908864,18446639081551884288,140702555954816,0,346622705664,18592,346620755968,346620723200,140702555954816,,,,,,,,,,,,,,,,,,,,,,,,,,,,,,,,,,,,,,,,,,,,,,,,,,,,,,,,,,,,,,,,,,,,,,,,,,,,,,,,,,,,,,,,,,,,,,,,,,,,,,
"2025-09-02 15:13:11.2533820Z","ETW","Microsoft-Windows-Kernel-Process",4,"ThreadStopStop ",5540,4200,"WindowsTerminal.exe",,,,,,,,,,,,,,,,[],,,,,,,,790780,5540,18446639081567023104,18446639081566998528,140736682109920,0,346622779392,4200,346633011200,346633003008,140736682109920,,,,,,,,,,,,,,,,,,,,,,,,,,,,,,,,,,,,,,,,,,,,,,,,,,,,,,,,,,,,,,,,,,,,,,,,,,,,,,,,,,,,,,,,,,,,,,,,,,,,,,
"2025-09-02 15:13:11.2533830Z","ETW","Microsoft-Windows-Kernel-Process",4,"ThreadStopStop ",5540,15796,"WindowsTerminal.exe",,,,,,,,,,,,,,,,[],,,,,,,,15450420,5540,18446639081567166464,18446639081567141888,140736917348896,0,346622722048,15796,346625671168,346625658880,140736917348896,,,,,,,,,,,,,,,,,,,,,,,,,,,,,,,,,,,,,,,,,,,,,,,,,,,,,,,,,,,,,,,,,,,,,,,,,,,,,,,,,,,,,,,,,,,,,,,,,,,,,,
"2025-09-02 15:13:11.2533873Z","ETW","Microsoft-Windows-Kernel-Process",4,"ThreadStopStop ",5540,19768,"WindowsTerminal.exe",,,,,,,,,,,,,,,,[],,,,,,,,30637880,5540,18446639081668907008,18446639081668882432,140736917348896,0,346622713856,19768,346624622592,346624606208,140736917348896,,,,,,,,,,,,,,,,,,,,,,,,,,,,,,,,,,,,,,,,,,,,,,,,,,,,,,,,,,,,,,,,,,,,,,,,,,,,,,,,,,,,,,,,,,,,,,,,,,,,,,
"2025-09-02 15:13:11.2533946Z","ETW","Microsoft-Windows-Kernel-Process",4,"ThreadStopStop ",5540,8544,"WindowsTerminal.exe",,,,,,,,,,,,,,,,[],,,,,,,,2604520,5540,18446639081567338496,18446639081567313920,140736702935312,0,346622787584,8544,346631962624,346631950336,140736702935312,,,,,,,,,,,,,,,,,,,,,,,,,,,,,,,,,,,,,,,,,,,,,,,,,,,,,,,,,,,,,,,,,,,,,,,,,,,,,,,,,,,,,,,,,,,,,,,,,,,,,,
"2025-09-02 15:13:11.2534522Z","ETW","Microsoft-Windows-Kernel-Process",4,"ThreadStopStop ",5540,1992,"WindowsTerminal.exe",,,,,,,,,,,,,,,,[],,,,,,,,1763960,5540,18446639081567281152,18446639081567256576,140736917348896,0,346622754816,1992,346629865472,346629853184,140736917348896,,,,,,,,,,,,,,,,,,,,,,,,,,,,,,,,,,,,,,,,,,,,,,,,,,,,,,,,,,,,,,,,,,,,,,,,,,,,,,,,,,,,,,,,,,,,,,,,,,,,,,
"2025-09-02 15:13:11.2534614Z","ETW","Microsoft-Windows-Kernel-Process",4,"ThreadStopStop ",5540,1452,"WindowsTerminal.exe",,,,,,,,,,,,,,,,[],,,,,,,,183920,5540,18446639081567252480,18446639081567227904,140736910320112,0,346622746624,1452,346628816896,346628808704,140736910320112,,,,,,,,,,,,,,,,,,,,,,,,,,,,,,,,,,,,,,,,,,,,,,,,,,,,,,,,,,,,,,,,,,,,,,,,,,,,,,,,,,,,,,,,,,,,,,,,,,,,,,
"2025-09-02 15:13:11.2534725Z","ETW","Microsoft-Windows-Kernel-Process",4,"ThreadStopStop ",5540,15696,"WindowsTerminal.exe",,,,,,,,,,,,,,,,[],,,,,,,,15156300,5540,18446639081567195136,18446639081567170560,140736917348896,0,346622730240,15696,346626719744,346626711552,140736917348896,,,,,,,,,,,,,,,,,,,,,,,,,,,,,,,,,,,,,,,,,,,,,,,,,,,,,,,,,,,,,,,,,,,,,,,,,,,,,,,,,,,,,,,,,,,,,,,,,,,,,,
"2025-09-02 15:13:11.2534867Z","ETW","Microsoft-Windows-Kernel-Process",4,"ThreadStopStop ",5540,856,"WindowsTerminal.exe",,,,,,,,,,,,,,,,[],,,,,,,,3768080,5540,18446639081566187520,18446639081566162944,140736917348896,0,346622738432,856,346627768320,346627756032,140736917348896,,,,,,,,,,,,,,,,,,,,,,,,,,,,,,,,,,,,,,,,,,,,,,,,,,,,,,,,,,,,,,,,,,,,,,,,,,,,,,,,,,,,,,,,,,,,,,,,,,,,,,
"2025-09-02 15:13:11.2540949Z","ETW","Microsoft-Windows-Kernel-Process",4,"ThreadStopStop ",5540,12584,"WindowsTerminal.exe",,,,,,,,,,,,,,,,[],,,,,,,,9130260,5540,18446639081567481856,18446639081567457280,140736902700080,0,346622763008,12584,346630914048,346630893568,140736902700080,,,,,,,,,,,,,,,,,,,,,,,,,,,,,,,,,,,,,,,,,,,,,,,,,,,,,,,,,,,,,,,,,,,,,,,,,,,,,,,,,,,,,,,,,,,,,,,,,,,,,,
"2025-09-02 15:13:11.2585022Z","ETW","Microsoft-Windows-Kernel-Process",6,"ImageUnloadInfo ",5540,12584,"WindowsTerminal.exe",,,,"C:\Program Files\WindowsApps\Microsoft.WindowsTerminal_1.22.12111.0_x64__8wekyb3d8bbwe\Microsoft.Terminal.Remoting.winmd",,,,,,,,,,,,[],,,,,,,,,5540,,,,,,,,,,,,,,,,,,,,,,,,,,,,,,,,,,,,1753895698,18014398509481984,2432521928704,33175,24576,,,,,,,,,,,,,,,,,,,,,,,,,,,,,,,,,,,,,,,,,,,,,,,,,,,,,,,,,,,,,,,,,,,,,,,
"2025-09-02 15:13:11.2585071Z","ETW","Microsoft-Windows-Kernel-Process",6,"ImageUnloadInfo ",5540,12584,"WindowsTerminal.exe",,,,"C:\Windows\System32\WinMetadata\Windows.Foundation.winmd",,,,,,,,,,,,[],,,,,,,,,5540,,,,,,,,,,,,,,,,,,,,,,,,,,,,,,,,,,,,1752635257,18014398509481984,2432521994240,128295,69632,,,,,,,,,,,,,,,,,,,,,,,,,,,,,,,,,,,,,,,,,,,,,,,,,,,,,,,,,,,,,,,,,,,,,,,
"2025-09-02 15:13:11.2585112Z","ETW","Microsoft-Windows-Kernel-Process",6,"ImageUnloadInfo ",5540,12584,"WindowsTerminal.exe",,,,"C:\Program Files\WindowsApps\Microsoft.WindowsTerminal_1.22.12111.0_x64__8wekyb3d8bbwe\WindowsTerminal.exe",,,,,,,,,,,,[],,,,,,,,,5540,,,,,,,,,,,,,,,,,,,,,,,,,,,,,,,,,,,,1753896267,140702555701248,140702555701248,717315,688128,,,,,,,,,,,,,,,,,,,,,,,,,,,,,,,,,,,,,,,,,,,,,,,,,,,,,,,,,,,,,,,,,,,,,,,
"2025-09-02 15:13:11.2585152Z","ETW","Microsoft-Windows-Kernel-Process",6,"ImageUnloadInfo ",5540,12584,"WindowsTerminal.exe",,,,"C:\Program Files\WindowsApps\Microsoft.UI.Xaml.2.8_8.2501.31001.0_x64__8wekyb3d8bbwe\Microsoft.UI.Xaml.dll",,,,,,,,,,,,[],,,,,,,,,5540,,,,,,,,,,,,,,,,,,,,,,,,,,,,,,,,,,,,2056920596,140733615702016,140733615702016,5866761,5873664,,,,,,,,,,,,,,,,,,,,,,,,,,,,,,,,,,,,,,,,,,,,,,,,,,,,,,,,,,,,,,,,,,,,,,,
"2025-09-02 15:13:11.2585191Z","ETW","Microsoft-Windows-Kernel-Process",6,"ImageUnloadInfo ",5540,12584,"WindowsTerminal.exe",,,,"C:\Program Files\WindowsApps\Microsoft.WindowsTerminal_1.22.12111.0_x64__8wekyb3d8bbwe\Microsoft.Terminal.Settings.Model.dll",,,,,,,,,,,,[],,,,,,,,,5540,,,,,,,,,,,,,,,,,,,,,,,,,,,,,,,,,,,,1753895931,140733847306240,140733847306240,2220513,2248704,,,,,,,,,,,,,,,,,,,,,,,,,,,,,,,,,,,,,,,,,,,,,,,,,,,,,,,,,,,,,,,,,,,,,,,
"2025-09-02 15:13:11.2585232Z","ETW","Microsoft-Windows-Kernel-Process",6,"ImageUnloadInfo ",5540,12584,"WindowsTerminal.exe",,,,"C:\Program Files\WindowsApps\Microsoft.WindowsTerminal_1.22.12111.0_x64__8wekyb3d8bbwe\TerminalApp.dll",,,,,,,,,,,,[],,,,,,,,,5540,,,,,,,,,,,,,,,,,,,,,,,,,,,,,,,,,,,,1753896188,140733849600000,140733849600000,3394621,3391488,,,,,,,,,,,,,,,,,,,,,,,,,,,,,,,,,,,,,,,,,,,,,,,,,,,,,,,,,,,,,,,,,,,,,,,
"2025-09-02 15:13:11.2585313Z","ETW","Microsoft-Windows-Kernel-Process",6,"ImageUnloadInfo ",5540,12584,"WindowsTerminal.exe",,,,"C:\Program Files\WindowsApps\Microsoft.WindowsTerminal_1.22.12111.0_x64__8wekyb3d8bbwe\Microsoft.Terminal.Control.dll",,,,,,,,,,,,[],,,,,,,,,5540,,,,,,,,,,,,,,,,,,,,,,,,,,,,,,,,,,,,1753895817,140733906223104,140733906223104,2034894,1994752,,,,,,,,,,,,,,,,,,,,,,,,,,,,,,,,,,,,,,,,,,,,,,,,,,,,,,,,,,,,,,,,,,,,,,,
"2025-09-02 15:13:11.2585353Z","ETW","Microsoft-Windows-Kernel-Process",6,"ImageUnloadInfo ",5540,12584,"WindowsTerminal.exe",,,,"C:\Program Files\WindowsApps\Microsoft.WindowsTerminal_1.22.12111.0_x64__8wekyb3d8bbwe\TerminalConnection.dll",,,,,,,,,,,,[],,,,,,,,,5540,,,,,,,,,,,,,,,,,,,,,,,,,,,,,,,,,,,,1753895710,140733992009728,140733992009728,513495,491520,,,,,,,,,,,,,,,,,,,,,,,,,,,,,,,,,,,,,,,,,,,,,,,,,,,,,,,,,,,,,,,,,,,,,,,
"2025-09-02 15:13:11.2585386Z","ETW","Microsoft-Windows-Kernel-Process",6,"ImageUnloadInfo ",5540,12584,"WindowsTerminal.exe",,,,"C:\Program Files\WindowsApps\Microsoft.WindowsTerminal_1.22.12111.0_x64__8wekyb3d8bbwe\Microsoft.Terminal.Remoting.dll",,,,,,,,,,,,[],,,,,,,,,5540,,,,,,,,,,,,,,,,,,,,,,,,,,,,,,,,,,,,1753895703,140734228135936,140734228135936,321080,311296,,,,,,,,,,,,,,,,,,,,,,,,,,,,,,,,,,,,,,,,,,,,,,,,,,,,,,,,,,,,,,,,,,,,,,,
"2025-09-02 15:13:11.2585422Z","ETW","Microsoft-Windows-Kernel-Process",6,"ImageUnloadInfo ",5540,12584,"WindowsTerminal.exe",,,,"C:\ProgramData\Microsoft\VisualStudio\Setup\x64\Microsoft.VisualStudio.Setup.Configuration.Native.dll",,,,,,,,,,,,[],,,,,,,,,5540,,,,,,,,,,,,,,,,,,,,,,,,,,,,,,,,,,,,1726088073,140735487475712,140735487475712,1007466,1015808,,,,,,,,,,,,,,,,,,,,,,,,,,,,,,,,,,,,,,,,,,,,,,,,,,,,,,,,,,,,,,,,,,,,,,,
"2025-09-02 15:13:11.2585618Z","ETW","Microsoft-Windows-Kernel-Process",6,"ImageUnloadInfo ",5540,12584,"WindowsTerminal.exe",,,,"C:\Windows\System32\winmm.dll",,,,,,,,,,,,[],,,,,,,,,5540,,,,,,,,,,,,,,,,,,,,,,,,,,,,,,,,,,,,3704786662,140735970738176,140735970738176,264511,217088,,,,,,,,,,,,,,,,,,,,,,,,,,,,,,,,,,,,,,,,,,,,,,,,,,,,,,,,,,,,,,,,,,,,,,,
"2025-09-02 15:13:11.2585657Z","ETW","Microsoft-Windows-Kernel-Process",6,"ImageUnloadInfo ",5540,12584,"WindowsTerminal.exe",,,,"C:\Program Files\WindowsApps\Microsoft.WindowsTerminal_1.22.12111.0_x64__8wekyb3d8bbwe\TerminalThemeHelpers.dll",,,,,,,,,,,,[],,,,,,,,,5540,,,,,,,,,,,,,,,,,,,,,,,,,,,,,,,,,,,,1688677566,140736280002560,140736280002560,110590,61440,,,,,,,,,,,,,,,,,,,,,,,,,,,,,,,,,,,,,,,,,,,,,,,,,,,,,,,,,,,,,,,,,,,,,,,
"2025-09-02 15:13:11.2585760Z","ETW","Microsoft-Windows-Kernel-Process",6,"ImageUnloadInfo ",5540,12584,"WindowsTerminal.exe",,,,"C:\Windows\System32\rometadata.dll",,,,,,,,,,,,[],,,,,,,,,5540,,,,,,,,,,,,,,,,,,,,,,,,,,,,,,,,,,,,1649453319,140736299728896,140736299728896,246211,233472,,,,,,,,,,,,,,,,,,,,,,,,,,,,,,,,,,,,,,,,,,,,,,,,,,,,,,,,,,,,,,,,,,,,,,,
"2025-09-02 15:13:11.2585862Z","ETW","Microsoft-Windows-Kernel-Process",6,"ImageUnloadInfo ",5540,12584,"WindowsTerminal.exe",,,,"C:\Windows\System32\DataExchange.dll",,,,,,,,,,,,[],,,,,,,,,5540,,,,,,,,,,,,,,,,,,,,,,,,,,,,,,,,,,,,1473623662,140736401637376,140736401637376,413852,368640,,,,,,,,,,,,,,,,,,,,,,,,,,,,,,,,,,,,,,,,,,,,,,,,,,,,,,,,,,,,,,,,,,,,,,,
"2025-09-02 15:13:11.2585998Z","ETW","Microsoft-Windows-Kernel-Process",6,"ImageUnloadInfo ",5540,12584,"WindowsTerminal.exe",,,,"C:\Windows\System32\AppExtension.dll",,,,,,,,,,,,[],,,,,,,,,5540,,,,,,,,,,,,,,,,,,,,,,,,,,,,,,,,,,,,2909574040,140736414679040,140736414679040,357747,299008,,,,,,,,,,,,,,,,,,,,,,,,,,,,,,,,,,,,,,,,,,,,,,,,,,,,,,,,,,,,,,,,,,,,,,,
"2025-09-02 15:13:11.2586118Z","ETW","Microsoft-Windows-Kernel-Process",6,"ImageUnloadInfo ",5540,12584,"WindowsTerminal.exe",,,,"C:\Windows\System32\UIAutomationCore.dll",,,,,,,,,,,,[],,,,,,,,,5540,,,,,,,,,,,,,,,,,,,,,,,,,,,,,,,,,,,,2499371108,140736439713792,140736439713792,4406480,4395008,,,,,,,,,,,,,,,,,,,,,,,,,,,,,,,,,,,,,,,,,,,,,,,,,,,,,,,,,,,,,,,,,,,,,,,
"2025-09-02 15:13:11.2586214Z","ETW","Microsoft-Windows-Kernel-Process",6,"ImageUnloadInfo ",5540,12584,"WindowsTerminal.exe",,,,"C:\Windows\System32\UiaManager.dll",,,,,,,,,,,,[],,,,,,,,,5540,,,,,,,,,,,,,,,,,,,,,,,,,,,,,,,,,,,,1594385284,140736471105536,140736471105536,947549,921600,,,,,,,,,,,,,,,,,,,,,,,,,,,,,,,,,,,,,,,,,,,,,,,,,,,,,,,,,,,,,,,,,,,,,,,
"2025-09-02 15:13:11.2586304Z","ETW","Microsoft-Windows-Kernel-Process",6,"ImageUnloadInfo ",5540,12584,"WindowsTerminal.exe",,,,"C:\Windows\System32\Windows.ApplicationModel.dll",,,,,,,,,,,,[],,,,,,,,,5540,,,,,,,,,,,,,,,,,,,,,,,,,,,,,,,,,,,,3909170685,140736601587712,140736601587712,906950,868352,,,,,,,,,,,,,,,,,,,,,,,,,,,,,,,,,,,,,,,,,,,,,,,,,,,,,,,,,,,,,,,,,,,,,,,
"2025-09-02 15:13:11.2586393Z","ETW","Microsoft-Windows-Kernel-Process",6,"ImageUnloadInfo ",5540,12584,"WindowsTerminal.exe",,,,"C:\Windows\System32\Windows.StateRepositoryPS.dll",,,,,,,,,,,,[],,,,,,,,,5540,,,,,,,,,,,,,,,,,,,,,,,,,,,,,,,,,,,,367497931,140736602963968,140736602963968,846822,802816,,,,,,,,,,,,,,,,,,,,,,,,,,,,,,,,,,,,,,,,,,,,,,,,,,,,,,,,,,,,,,,,,,,,,,,
"2025-09-02 15:13:11.2586481Z","ETW","Microsoft-Windows-Kernel-Process",6,"ImageUnloadInfo ",5540,12584,"WindowsTerminal.exe",,,,"C:\Windows\System32\Windows.StateRepositoryClient.dll",,,,,,,,,,,,[],,,,,,,,,5540,,,,,,,,,,,,,,,,,,,,,,,,,,,,,,,,,,,,3001738537,140736632520704,140736632520704,374661,327680,,,,,,,,,,,,,,,,,,,,,,,,,,,,,,,,,,,,,,,,,,,,,,,,,,,,,,,,,,,,,,,,,,,,,,,
"2025-09-02 15:13:11.2586606Z","ETW","Microsoft-Windows-Kernel-Process",6,"ImageUnloadInfo ",5540,12584,"WindowsTerminal.exe",,,,"C:\Windows\System32\Windows.StateRepositoryCore.dll",,,,,,,,,,,,[],,,,,,,,,5540,,,,,,,,,,,,,,,,,,,,,,,,,,,,,,,,,,,,3847844510,140736632913920,140736632913920,174488,106496,,,,,,,,,,,,,,,,,,,,,,,,,,,,,,,,,,,,,,,,,,,,,,,,,,,,,,,,,,,,,,,,,,,,,,,
"2025-09-02 15:13:11.2586717Z","ETW","Microsoft-Windows-Kernel-Process",6,"ImageUnloadInfo ",5540,12584,"WindowsTerminal.exe",,,,"C:\Windows\System32\InputHost.dll",,,,,,,,,,,,[],,,,,,,,,5540,,,,,,,,,,,,,,,,,,,,,,,,,,,,,,,,,,,,2855433698,140736662077440,140736662077440,2027883,1974272,,,,,,,,,,,,,,,,,,,,,,,,,,,,,,,,,,,,,,,,,,,,,,,,,,,,,,,,,,,,,,,,,,,,,,,
"2025-09-02 15:13:11.2586893Z","ETW","Microsoft-Windows-Kernel-Process",6,"ImageUnloadInfo ",5540,12584,"WindowsTerminal.exe",,,,"C:\Windows\System32\Windows.UI.Xaml.Controls.dll",,,,,,,,,,,,[],,,,,,,,,5540,,,,,,,,,,,,,,,,,,,,,,,,,,,,,,,,,,,,792886794,140736664109056,140736664109056,3316927,3313664,,,,,,,,,,,,,,,,,,,,,,,,,,,,,,,,,,,,,,,,,,,,,,,,,,,,,,,,,,,,,,,,,,,,,,,
"2025-09-02 15:13:11.2586991Z","ETW","Microsoft-Windows-Kernel-Process",6,"ImageUnloadInfo ",5540,12584,"WindowsTerminal.exe",,,,"C:\Windows\System32\Windows.UI.Xaml.dll",,,,,,,,,,,,[],,,,,,,,,5540,,,,,,,,,,,,,,,,,,,,,,,,,,,,,,,,,,,,1131723279,140736674791424,140736674791424,17910789,17891328,,,,,,,,,,,,,,,,,,,,,,,,,,,,,,,,,,,,,,,,,,,,,,,,,,,,,,,,,,,,,,,,,,,,,,,
"2025-09-02 15:13:11.2587085Z","ETW","Microsoft-Windows-Kernel-Process",6,"ImageUnloadInfo ",5540,12584,"WindowsTerminal.exe",,,,"C:\Windows\System32\Windows.UI.Immersive.dll",,,,,,,,,,,,[],,,,,,,,,5540,,,,,,,,,,,,,,,,,,,,,,,,,,,,,,,,,,,,533653671,140736697729024,140736697729024,1376848,1363968,,,,,,,,,,,,,,,,,,,,,,,,,,,,,,,,,,,,,,,,,,,,,,,,,,,,,,,,,,,,,,,,,,,,,,,
"2025-09-02 15:13:11.2587213Z","ETW","Microsoft-Windows-Kernel-Process",6,"ImageUnloadInfo ",5540,12584,"WindowsTerminal.exe",,,,"C:\Windows\System32\TextShaping.dll",,,,,,,,,,,,[],,,,,,,,,5540,,,,,,,,,,,,,,,,,,,,,,,,,,,,,,,,,,,,1814550754,140736700219392,140736700219392,757881,733184,,,,,,,,,,,,,,,,,,,,,,,,,,,,,,,,,,,,,,,,,,,,,,,,,,,,,,,,,,,,,,,,,,,,,,,
"2025-09-02 15:13:11.2587297Z","ETW","Microsoft-Windows-Kernel-Process",6,"ImageUnloadInfo ",5540,12584,"WindowsTerminal.exe",,,,"C:\Windows\System32\Windows.UI.dll",,,,,,,,,,,,[],,,,,,,,,5540,,,,,,,,,,,,,,,,,,,,,,,,,,,,,,,,,,,,2192056598,140736701202432,140736701202432,1455945,1409024,,,,,,,,,,,,,,,,,,,,,,,,,,,,,,,,,,,,,,,,,,,,,,,,,,,,,,,,,,,,,,,,,,,,,,,
"2025-09-02 15:13:11.2587393Z","ETW","Microsoft-Windows-Kernel-Process",6,"ImageUnloadInfo ",5540,12584,"WindowsTerminal.exe",,,,"C:\Windows\System32\MrmCoreR.dll",,,,,,,,,,,,[],,,,,,,,,5540,,,,,,,,,,,,,,,,,,,,,,,,,,,,,,,,,,,,3079985832,140736702644224,140736702644224,1208911,1175552,,,,,,,,,,,,,,,,,,,,,,,,,,,,,,,,,,,,,,,,,,,,,,,,,,,,,,,,,,,,,,,,,,,,,,,
"2025-09-02 15:13:11.2587482Z","ETW","Microsoft-Windows-Kernel-Process",6,"ImageUnloadInfo ",5540,12584,"WindowsTerminal.exe",,,,"C:\Windows\System32\BCP47mrm.dll",,,,,,,,,,,,[],,,,,,,,,5540,,,,,,,,,,,,,,,,,,,,,,,,,,,,,,,,,,,,4048268187,140736704151552,140736704151552,233481,212992,,,,,,,,,,,,,,,,,,,,,,,,,,,,,,,,,,,,,,,,,,,,,,,,,,,,,,,,,,,,,,,,,,,,,,,
"2025-09-02 15:13:11.2587572Z","ETW","Microsoft-Windows-Kernel-Process",6,"ImageUnloadInfo ",5540,12584,"WindowsTerminal.exe",,,,"C:\Windows\System32\OneCoreUAPCommonProxyStub.dll",,,,,,,,,,,,[],,,,,,,,,5540,,,,,,,,,,,,,,,,,,,,,,,,,,,,,,,,,,,,1635141586,140736710443008,140736710443008,6653254,6569984,,,,,,,,,,,,,,,,,,,,,,,,,,,,,,,,,,,,,,,,,,,,,,,,,,,,,,,,,,,,,,,,,,,,,,,
"2025-09-02 15:13:11.2587663Z","ETW","Microsoft-Windows-Kernel-Process",6,"ImageUnloadInfo ",5540,12584,"WindowsTerminal.exe",,,,"C:\Windows\System32\twinapi.appcore.dll",,,,,,,,,,,,[],,,,,,,,,5540,,,,,,,,,,,,,,,,,,,,,,,,,,,,,,,,,,,,2889134449,140736717651968,140736717651968,2408796,2326528,,,,,,,,,,,,,,,,,,,,,,,,,,,,,,,,,,,,,,,,,,,,,,,,,,,,,,,,,,,,,,,,,,,,,,,
"2025-09-02 15:13:11.2587789Z","ETW","Microsoft-Windows-Kernel-Process",6,"ImageUnloadInfo ",5540,12584,"WindowsTerminal.exe",,,,"C:\Windows\System32\srvcli.dll",,,,,,,,,,,,[],,,,,,,,,5540,,,,,,,,,,,,,,,,,,,,,,,,,,,,,,,,,,,,239922031,140736732135424,140736732135424,181029,167936,,,,,,,,,,,,,,,,,,,,,,,,,,,,,,,,,,,,,,,,,,,,,,,,,,,,,,,,,,,,,,,,,,,,,,,
"2025-09-02 15:13:11.2587866Z","ETW","Microsoft-Windows-Kernel-Process",6,"ImageUnloadInfo ",5540,12584,"WindowsTerminal.exe",,,,"C:\Windows\System32\iertutil.dll",,,,,,,,,,,,[],,,,,,,,,5540,,,,,,,,,,,,,,,,,,,,,,,,,,,,,,,,,,,,4273941920,140736732528640,140736732528640,2989039,2924544,,,,,,,,,,,,,,,,,,,,,,,,,,,,,,,,,,,,,,,,,,,,,,,,,,,,,,,,,,,,,,,,,,,,,,,
"2025-09-02 15:13:11.2588067Z","ETW","Microsoft-Windows-Kernel-Process",6,"ImageUnloadInfo ",5540,12584,"WindowsTerminal.exe",,,,"C:\Windows\System32\urlmon.dll",,,,,,,,,,,,[],,,,,,,,,5540,,,,,,,,,,,,,,,,,,,,,,,,,,,,,,,,,,,,4167353037,140736735477760,140736735477760,1997412,1986560,,,,,,,,,,,,,,,,,,,,,,,,,,,,,,,,,,,,,,,,,,,,,,,,,,,,,,,,,,,,,,,,,,,,,,,
"2025-09-02 15:13:11.2588297Z","ETW","Microsoft-Windows-Kernel-Process",6,"ImageUnloadInfo ",5540,12584,"WindowsTerminal.exe",,,,"C:\Windows\System32\d3d10warp.dll",,,,,,,,,,,,[],,,,,,,,,5540,,,,,,,,,,,,,,,,,,,,,,,,,,,,,,,,,,,,426759432,140736750878720,140736750878720,6027108,5988352,,,,,,,,,,,,,,,,,,,,,,,,,,,,,,,,,,,,,,,,,,,,,,,,,,,,,,,,,,,,,,,,,,,,,,,
"2025-09-02 15:13:11.2588405Z","ETW","Microsoft-Windows-Kernel-Process",6,"ImageUnloadInfo ",5540,12584,"WindowsTerminal.exe",,,,"C:\Windows\System32\WindowManagementAPI.dll",,,,,,,,,,,,[],,,,,,,,,5540,,,,,,,,,,,,,,,,,,,,,,,,,,,,,,,,,,,,563737174,140736757956608,140736757956608,1828450,1794048,,,,,,,,,,,,,,,,,,,,,,,,,,,,,,,,,,,,,,,,,,,,,,,,,,,,,,,,,,,,,,,,,,,,,,,
"2025-09-02 15:13:11.2588490Z","ETW","Microsoft-Windows-Kernel-Process",6,"ImageUnloadInfo ",5540,12584,"WindowsTerminal.exe",,,,"C:\Windows\System32\winhttp.dll",,,,,,,,,,,,[],,,,,,,,,5540,,,,,,,,,,,,,,,,,,,,,,,,,,,,,,,,,,,,549875158,140736759791616,140736759791616,1195912,1171456,,,,,,,,,,,,,,,,,,,,,,,,,,,,,,,,,,,,,,,,,,,,,,,,,,,,,,,,,,,,,,,,,,,,,,,
"2025-09-02 15:13:11.2588574Z","ETW","Microsoft-Windows-Kernel-Process",6,"ImageUnloadInfo ",5540,12584,"WindowsTerminal.exe",,,,"C:\Windows\System32\directxdatabasehelper.dll",,,,,,,,,,,,[],,,,,,,,,5540,,,,,,,,,,,,,,,,,,,,,,,,,,,,,,,,,,,,741009652,140736772046848,140736772046848,486960,434176,,,,,,,,,,,,,,,,,,,,,,,,,,,,,,,,,,,,,,,,,,,,,,,,,,,,,,,,,,,,,,,,,,,,,,,
"2025-09-02 15:13:11.2588712Z","ETW","Microsoft-Windows-Kernel-Process",6,"ImageUnloadInfo ",5540,12584,"WindowsTerminal.exe",,,,"C:\Windows\System32\D3DCompiler_47.dll",,,,,,,,,,,,[],,,,,,,,,5540,,,,,,,,,,,,,,,,,,,,,,,,,,,,,,,,,,,,936958366,140736786202624,140736786202624,4728664,4714496,,,,,,,,,,,,,,,,,,,,,,,,,,,,,,,,,,,,,,,,,,,,,,,,,,,,,,,,,,,,,,,,,,,,,,,
"2025-09-02 15:13:11.2588799Z","ETW","Microsoft-Windows-Kernel-Process",6,"ImageUnloadInfo ",5540,12584,"WindowsTerminal.exe",,,,"C:\Windows\System32\Microsoft.Internal.WarpPal.dll",,,,,,,,,,,,[],,,,,,,,,5540,,,,,,,,,,,,,,,,,,,,,,,,,,,,,,,,,,,,2132685858,140736790986752,140736790986752,167600,102400,,,,,,,,,,,,,,,,,,,,,,,,,,,,,,,,,,,,,,,,,,,,,,,,,,,,,,,,,,,,,,,,,,,,,,,
"2025-09-02 15:13:11.2588866Z","ETW","Microsoft-Windows-Kernel-Process",6,"ImageUnloadInfo ",5540,12584,"WindowsTerminal.exe",,,,"C:\Windows\System32\DWrite.dll",,,,,,,,,,,,[],,,,,,,,,5540,,,,,,,,,,,,,,,,,,,,,,,,,,,,,,,,,,,,1496558505,140736794198016,140736794198016,2527455,2535424,,,,,,,,,,,,,,,,,,,,,,,,,,,,,,,,,,,,,,,,,,,,,,,,,,,,,,,,,,,,,,,,,,,,,,,
"2025-09-02 15:13:11.2588932Z","ETW","Microsoft-Windows-Kernel-Process",6,"ImageUnloadInfo ",5540,12584,"WindowsTerminal.exe",,,,"C:\Windows\System32\d2d1.dll",,,,,,,,,,,,[],,,,,,,,,5540,,,,,,,,,,,,,,,,,,,,,,,,,,,,,,,,,,,,2898039771,140736796753920,140736796753920,6680845,6565888,,,,,,,,,,,,,,,,,,,,,,,,,,,,,,,,,,,,,,,,,,,,,,,,,,,,,,,,,,,,,,,,,,,,,,,
"2025-09-02 15:13:11.2588997Z","ETW","Microsoft-Windows-Kernel-Process",6,"ImageUnloadInfo ",5540,12584,"WindowsTerminal.exe",,,,"C:\Windows\System32\d3d11.dll",,,,,,,,,,,,[],,,,,,,,,5540,,,,,,,,,,,,,,,,,,,,,,,,,,,,,,,,,,,,3657003287,140736803373056,140736803373056,2576804,2519040,,,,,,,,,,,,,,,,,,,,,,,,,,,,,,,,,,,,,,,,,,,,,,,,,,,,,,,,,,,,,,,,,,,,,,,
"2025-09-02 15:13:11.2589065Z","ETW","Microsoft-Windows-Kernel-Process",6,"ImageUnloadInfo ",5540,12584,"WindowsTerminal.exe",,,,"C:\Windows\System32\dcomp.dll",,,,,,,,,,,,[],,,,,,,,,5540,,,,,,,,,,,,,,,,,,,,,,,,,,,,,,,,,,,,3115286930,140736806715392,140736806715392,2336173,2269184,,,,,,,,,,,,,,,,,,,,,,,,,,,,,,,,,,,,,,,,,,,,,,,,,,,,,,,,,,,,,,,,,,,,,,,
"2025-09-02 15:13:11.2589144Z","ETW","Microsoft-Windows-Kernel-Process",6,"ImageUnloadInfo ",5540,12584,"WindowsTerminal.exe",,,,"C:\Windows\System32\CoreMessaging.dll",,,,,,,,,,,,[],,,,,,,,,5540,,,,,,,,,,,,,,,,,,,,,,,,,,,,,,,,,,,,3802617839,140736813531136,140736813531136,1276090,1200128,,,,,,,,,,,,,,,,,,,,,,,,,,,,,,,,,,,,,,,,,,,,,,,,,,,,,,,,,,,,,,,,,,,,,,,
"2025-09-02 15:13:11.2589246Z","ETW","Microsoft-Windows-Kernel-Process",6,"ImageUnloadInfo ",5540,12584,"WindowsTerminal.exe",,,,"C:\Windows\System32\uxtheme.dll",,,,,,,,,,,,[],,,,,,,,,5540,,,,,,,,,,,,,,,,,,,,,,,,,,,,,,,,,,,,1095616687,140736820019200,140736820019200,769574,716800,,,,,,,,,,,,,,,,,,,,,,,,,,,,,,,,,,,,,,,,,,,,,,,,,,,,,,,,,,,,,,,,,,,,,,,
"2025-09-02 15:13:11.2589458Z","ETW","Microsoft-Windows-Kernel-Process",6,"ImageUnloadInfo ",5540,12584,"WindowsTerminal.exe",,,,"C:\Windows\System32\DXCore.dll",,,,,,,,,,,,[],,,,,,,,,5540,,,,,,,,,,,,,,,,,,,,,,,,,,,,,,,,,,,,2132968074,140736821067776,140736821067776,351724,315392,,,,,,,,,,,,,,,,,,,,,,,,,,,,,,,,,,,,,,,,,,,,,,,,,,,,,,,,,,,,,,,,,,,,,,,
"2025-09-02 15:13:11.2589517Z","ETW","Microsoft-Windows-Kernel-Process",6,"ImageUnloadInfo ",5540,12584,"WindowsTerminal.exe",,,,"C:\Windows\System32\dxgi.dll",,,,,,,,,,,,[],,,,,,,,,5540,,,,,,,,,,,,,,,,,,,,,,,,,,,,,,,,,,,,179780312,140736821395456,140736821395456,1361123,1302528,,,,,,,,,,,,,,,,,,,,,,,,,,,,,,,,,,,,,,,,,,,,,,,,,,,,,,,,,,,,,,,,,,,,,,,
"2025-09-02 15:13:11.2589581Z","ETW","Microsoft-Windows-Kernel-Process",6,"ImageUnloadInfo ",5540,12584,"WindowsTerminal.exe",,,,"C:\Windows\System32\dwmapi.dll",,,,,,,,,,,,[],,,,,,,,,5540,,,,,,,,,,,,,,,,,,,,,,,,,,,,,,,,,,,,960295296,140736822902784,140736822902784,264900,217088,,,,,,,,,,,,,,,,,,,,,,,,,,,,,,,,,,,,,,,,,,,,,,,,,,,,,,,,,,,,,,,,,,,,,,,
"2025-09-02 15:13:11.2589656Z","ETW","Microsoft-Windows-Kernel-Process",6,"ImageUnloadInfo ",5540,12584,"WindowsTerminal.exe",,,,"C:\Windows\System32\windows.storage.dll",,,,,,,,,,,,[],,,,,,,,,5540,,,,,,,,,,,,,,,,,,,,,,,,,,,,,,,,,,,,156427775,140736830046208,140736830046208,8870321,8781824,,,,,,,,,,,,,,,,,,,,,,,,,,,,,,,,,,,,,,,,,,,,,,,,,,,,,,,,,,,,,,,,,,,,,,,
"2025-09-02 15:13:11.2589725Z","ETW","Microsoft-Windows-Kernel-Process",6,"ImageUnloadInfo ",5540,12584,"WindowsTerminal.exe",,,,"C:\Windows\System32\netutils.dll",,,,,,,,,,,,[],,,,,,,,,5540,,,,,,,,,,,,,,,,,,,,,,,,,,,,,,,,,,,,865845000,140736841973760,140736841973760,80696,53248,,,,,,,,,,,,,,,,,,,,,,,,,,,,,,,,,,,,,,,,,,,,,,,,,,,,,,,,,,,,,,,,,,,,,,,
"2025-09-02 15:13:11.2589807Z","ETW","Microsoft-Windows-Kernel-Process",6,"ImageUnloadInfo ",5540,12584,"WindowsTerminal.exe",,,,"C:\Windows\System32\kernel.appcore.dll",,,,,,,,,,,,[],,,,,,,,,5540,,,,,,,,,,,,,,,,,,,,,,,,,,,,,,,,,,,,4117383687,140736848265216,140736848265216,158572,110592,,,,,,,,,,,,,,,,,,,,,,,,,,,,,,,,,,,,,,,,,,,,,,,,,,,,,,,,,,,,,,,,,,,,,,,
"2025-09-02 15:13:11.2589923Z","ETW","Microsoft-Windows-Kernel-Process",6,"ImageUnloadInfo ",5540,12584,"WindowsTerminal.exe",,,,"C:\Windows\System32\ntmarta.dll",,,,,,,,,,,,[],,,,,,,,,5540,,,,,,,,,,,,,,,,,,,,,,,,,,,,,,,,,,,,2803059627,140736849510400,140736849510400,286201,221184,,,,,,,,,,,,,,,,,,,,,,,,,,,,,,,,,,,,,,,,,,,,,,,,,,,,,,,,,,,,,,,,,,,,,,,
"2025-09-02 15:13:11.2589994Z","ETW","Microsoft-Windows-Kernel-Process",6,"ImageUnloadInfo ",5540,12584,"WindowsTerminal.exe",,,,"C:\Windows\System32\cryptsp.dll",,,,,,,,,,,,[],,,,,,,,,5540,,,,,,,,,,,,,,,,,,,,,,,,,,,,,,,,,,,,1637991129,140736856981504,140736856981504,133346,110592,,,,,,,,,,,,,,,,,,,,,,,,,,,,,,,,,,,,,,,,,,,,,,,,,,,,,,,,,,,,,,,,,,,,,,,
"2025-09-02 15:13:11.2590071Z","ETW","Microsoft-Windows-Kernel-Process",6,"ImageUnloadInfo ",5540,12584,"WindowsTerminal.exe",,,,"C:\Windows\System32\cryptbase.dll",,,,,,,,,,,,[],,,,,,,,,5540,,,,,,,,,,,,,,,,,,,,,,,,,,,,,,,,,,,,850532204,140736857112576,140736857112576,94938,49152,,,,,,,,,,,,,,,,,,,,,,,,,,,,,,,,,,,,,,,,,,,,,,,,,,,,,,,,,,,,,,,,,,,,,,,
"2025-09-02 15:13:11.2590138Z","ETW","Microsoft-Windows-Kernel-Process",6,"ImageUnloadInfo ",5540,12584,"WindowsTerminal.exe",,,,"C:\Windows\System32\cfgmgr32.dll",,,,,,,,,,,,[],,,,,,,,,5540,,,,,,,,,,,,,,,,,,,,,,,,,,,,,,,,,,,,836129831,140736862748672,140736862748672,378754,356352,,,,,,,,,,,,,,,,,,,,,,,,,,,,,,,,,,,,,,,,,,,,,,,,,,,,,,,,,,,,,,,,,,,,,,,
"2025-09-02 15:13:11.2590202Z","ETW","Microsoft-Windows-Kernel-Process",6,"ImageUnloadInfo ",5540,12584,"WindowsTerminal.exe",,,,"C:\Windows\System32\bcrypt.dll",,,,,,,,,,,,[],,,,,,,,,5540,,,,,,,,,,,,,,,,,,,,,,,,,,,,,,,,,,,,3023801214,140736866549760,140736866549760,216761,155648,,,,,,,,,,,,,,,,,,,,,,,,,,,,,,,,,,,,,,,,,,,,,,,,,,,,,,,,,,,,,,,,,,,,,,,
"2025-09-02 15:13:11.2590266Z","ETW","Microsoft-Windows-Kernel-Process",6,"ImageUnloadInfo ",5540,12584,"WindowsTerminal.exe",,,,"C:\Windows\System32\profapi.dll",,,,,,,,,,,,[],,,,,,,,,5540,,,,,,,,,,,,,,,,,,,,,,,,,,,,,,,,,,,,2107422311,140736866746368,140736866746368,182967,167936,,,,,,,,,,,,,,,,,,,,,,,,,,,,,,,,,,,,,,,,,,,,,,,,,,,,,,,,,,,,,,,,,,,,,,,
"2025-09-02 15:13:11.2590344Z","ETW","Microsoft-Windows-Kernel-Process",6,"ImageUnloadInfo ",5540,12584,"WindowsTerminal.exe",,,,"C:\Windows\System32\bcryptprimitives.dll",,,,,,,,,,,,[],,,,,,,,,5540,,,,,,,,,,,,,,,,,,,,,,,,,,,,,,,,,,,,3318233078,140736867663872,140736867663872,705120,626688,,,,,,,,,,,,,,,,,,,,,,,,,,,,,,,,,,,,,,,,,,,,,,,,,,,,,,,,,,,,,,,,,,,,,,,
"2025-09-02 15:13:11.2590421Z","ETW","Microsoft-Windows-Kernel-Process",6,"ImageUnloadInfo ",5540,12584,"WindowsTerminal.exe",,,,"C:\Windows\System32\msvcp_win.dll",,,,,,,,,,,,[],,,,,,,,,5540,,,,,,,,,,,,,,,,,,,,,,,,,,,,,,,,,,,,2240469762,140736868319232,140736868319232,703256,667648,,,,,,,,,,,,,,,,,,,,,,,,,,,,,,,,,,,,,,,,,,,,,,,,,,,,,,,,,,,,,,,,,,,,,,,
"2025-09-02 15:13:11.2590540Z","ETW","Microsoft-Windows-Kernel-Process",6,"ImageUnloadInfo ",5540,12584,"WindowsTerminal.exe",,,,"C:\Windows\System32\gdi32full.dll",,,,,,,,,,,,[],,,,,,,,,5540,,,,,,,,,,,,,,,,,,,,,,,,,,,,,,,,,,,,4226913238,140736869040128,140736869040128,1298614,1277952,,,,,,,,,,,,,,,,,,,,,,,,,,,,,,,,,,,,,,,,,,,,,,,,,,,,,,,,,,,,,,,,,,,,,,,
"2025-09-02 15:13:11.2590609Z","ETW","Microsoft-Windows-Kernel-Process",6,"ImageUnloadInfo ",5540,12584,"WindowsTerminal.exe",,,,"C:\Windows\System32\WinTypes.dll",,,,,,,,,,,,[],,,,,,,,,5540,,,,,,,,,,,,,,,,,,,,,,,,,,,,,,,,,,,,3655579039,140736870350848,140736870350848,1545528,1519616,,,,,,,,,,,,,,,,,,,,,,,,,,,,,,,,,,,,,,,,,,,,,,,,,,,,,,,,,,,,,,,,,,,,,,,
"2025-09-02 15:13:11.2590674Z","ETW","Microsoft-Windows-Kernel-Process",6,"ImageUnloadInfo ",5540,12584,"WindowsTerminal.exe",,,,"C:\Windows\System32\KernelBase.dll",,,,,,,,,,,,[],,,,,,,,,5540,,,,,,,,,,,,,,,,,,,,,,,,,,,,,,,,,,,,1916522255,140736871923712,140736871923712,4150506,4128768,,,,,,,,,,,,,,,,,,,,,,,,,,,,,,,,,,,,,,,,,,,,,,,,,,,,,,,,,,,,,,,,,,,,,,,
"2025-09-02 15:13:11.2590740Z","ETW","Microsoft-Windows-Kernel-Process",6,"ImageUnloadInfo ",5540,12584,"WindowsTerminal.exe",,,,"C:\Windows\System32\win32u.dll",,,,,,,,,,,,[],,,,,,,,,5540,,,,,,,,,,,,,,,,,,,,,,,,,,,,,,,,,,,,4080079730,140736876118016,140736876118016,179667,159744,,,,,,,,,,,,,,,,,,,,,,,,,,,,,,,,,,,,,,,,,,,,,,,,,,,,,,,,,,,,,,,,,,,,,,,
"2025-09-02 15:13:11.2590796Z","ETW","Microsoft-Windows-Kernel-Process",6,"ImageUnloadInfo ",5540,12584,"WindowsTerminal.exe",,,,"C:\Windows\System32\ucrtbase.dll",,,,,,,,,,,,[],,,,,,,,,5540,,,,,,,,,,,,,,,,,,,,,,,,,,,,,,,,,,,,3686092271,140736876314624,140736876314624,1418583,1355776,,,,,,,,,,,,,,,,,,,,,,,,,,,,,,,,,,,,,,,,,,,,,,,,,,,,,,,,,,,,,,,,,,,,,,,
"2025-09-02 15:13:11.2590862Z","ETW","Microsoft-Windows-Kernel-Process",6,"ImageUnloadInfo ",5540,12584,"WindowsTerminal.exe",,,,"C:\Windows\System32\sechost.dll",,,,,,,,,,,,[],,,,,,,,,5540,,,,,,,,,,,,,,,,,,,,,,,,,,,,,,,,,,,,918957807,140736881033216,140736881033216,733904,679936,,,,,,,,,,,,,,,,,,,,,,,,,,,,,,,,,,,,,,,,,,,,,,,,,,,,,,,,,,,,,,,,,,,,,,,
"2025-09-02 15:13:11.2590924Z","ETW","Microsoft-Windows-Kernel-Process",6,"ImageUnloadInfo ",5540,12584,"WindowsTerminal.exe",,,,"C:\Windows\System32\rpcrt4.dll",,,,,,,,,,,,[],,,,,,,,,5540,,,,,,,,,,,,,,,,,,,,,,,,,,,,,,,,,,,,755903142,140736881754112,140736881754112,1201440,1146880,,,,,,,,,,,,,,,,,,,,,,,,,,,,,,,,,,,,,,,,,,,,,,,,,,,,,,,,,,,,,,,,,,,,,,,
"2025-09-02 15:13:11.2590989Z","ETW","Microsoft-Windows-Kernel-Process",6,"ImageUnloadInfo ",5540,12584,"WindowsTerminal.exe",,,,"C:\Windows\System32\shell32.dll",,,,,,,,,,,,[],,,,,,,,,5540,,,,,,,,,,,,,,,,,,,,,,,,,,,,,,,,,,,,951285368,140736882933760,140736882933760,7762708,7655424,,,,,,,,,,,,,,,,,,,,,,,,,,,,,,,,,,,,,,,,,,,,,,,,,,,,,,,,,,,,,,,,,,,,,,,
"2025-09-02 15:13:11.2591088Z","ETW","Microsoft-Windows-Kernel-Process",6,"ImageUnloadInfo ",5540,12584,"WindowsTerminal.exe",,,,"C:\Windows\System32\shlwapi.dll",,,,,,,,,,,,[],,,,,,,,,5540,,,,,,,,,,,,,,,,,,,,,,,,,,,,,,,,,,,,17834217,140736890601472,140736890601472,465141,434176,,,,,,,,,,,,,,,,,,,,,,,,,,,,,,,,,,,,,,,,,,,,,,,,,,,,,,,,,,,,,,,,,,,,,,,
"2025-09-02 15:13:11.2591164Z","ETW","Microsoft-Windows-Kernel-Process",6,"ImageUnloadInfo ",5540,12584,"WindowsTerminal.exe",,,,"C:\Windows\System32\clbcatq.dll",,,,,,,,,,,,[],,,,,,,,,5540,,,,,,,,,,,,,,,,,,,,,,,,,,,,,,,,,,,,1600192633,140736892108800,140736892108800,700133,688128,,,,,,,,,,,,,,,,,,,,,,,,,,,,,,,,,,,,,,,,,,,,,,,,,,,,,,,,,,,,,,,,,,,,,,,
"2025-09-02 15:13:11.2591228Z","ETW","Microsoft-Windows-Kernel-Process",6,"ImageUnloadInfo ",5540,12584,"WindowsTerminal.exe",,,,"C:\Windows\System32\oleaut32.dll",,,,,,,,,,,,[],,,,,,,,,5540,,,,,,,,,,,,,,,,,,,,,,,,,,,,,,,,,,,,2785821912,140736894861312,140736894861312,927709,917504,,,,,,,,,,,,,,,,,,,,,,,,,,,,,,,,,,,,,,,,,,,,,,,,,,,,,,,,,,,,,,,,,,,,,,,
"2025-09-02 15:13:11.2591536Z","ETW","Microsoft-Windows-Kernel-Process",6,"ImageUnloadInfo ",5540,12584,"WindowsTerminal.exe",,,,"C:\Windows\System32\advapi32.dll",,,,,,,,,,,,[],,,,,,,,,5540,,,,,,,,,,,,,,,,,,,,,,,,,,,,,,,,,,,,2886261828,140736895844352,140736895844352,804270,737280,,,,,,,,,,,,,,,,,,,,,,,,,,,,,,,,,,,,,,,,,,,,,,,,,,,,,,,,,,,,,,,,,,,,,,,
"2025-09-02 15:13:11.2591718Z","ETW","Microsoft-Windows-Kernel-Process",6,"ImageUnloadInfo ",5540,12584,"WindowsTerminal.exe",,,,"C:\Windows\System32\imm32.dll",,,,,,,,,,,,[],,,,,,,,,5540,,,,,,,,,,,,,,,,,,,,,,,,,,,,,,,,,,,,2763417762,140736896630784,140736896630784,237947,192512,,,,,,,,,,,,,,,,,,,,,,,,,,,,,,,,,,,,,,,,,,,,,,,,,,,,,,,,,,,,,,,,,,,,,,,
"2025-09-02 15:13:11.2591806Z","ETW","Microsoft-Windows-Kernel-Process",6,"ImageUnloadInfo ",5540,12584,"WindowsTerminal.exe",,,,"C:\Windows\System32\kernel32.dll",,,,,,,,,,,,[],,,,,,,,,5540,,,,,,,,,,,,,,,,,,,,,,,,,,,,,,,,,,,,2842556120,140736896892928,140736896892928,880212,823296,,,,,,,,,,,,,,,,,,,,,,,,,,,,,,,,,,,,,,,,,,,,,,,,,,,,,,,,,,,,,,,,,,,,,,,
"2025-09-02 15:13:11.2591889Z","ETW","Microsoft-Windows-Kernel-Process",6,"ImageUnloadInfo ",5540,12584,"WindowsTerminal.exe",,,,"C:\Windows\System32\ole32.dll",,,,,,,,,,,,[],,,,,,,,,5540,,,,,,,,,,,,,,,,,,,,,,,,,,,,,,,,,,,,916019586,140736897744896,140736897744896,1774113,1703936,,,,,,,,,,,,,,,,,,,,,,,,,,,,,,,,,,,,,,,,,,,,,,,,,,,,,,,,,,,,,,,,,,,,,,,
"2025-09-02 15:13:11.2591968Z","ETW","Microsoft-Windows-Kernel-Process",6,"ImageUnloadInfo ",5540,12584,"WindowsTerminal.exe",,,,"C:\Windows\System32\msctf.dll",,,,,,,,,,,,[],,,,,,,,,5540,,,,,,,,,,,,,,,,,,,,,,,,,,,,,,,,,,,,2469319063,140736900562944,140736900562944,1473651,1445888,,,,,,,,,,,,,,,,,,,,,,,,,,,,,,,,,,,,,,,,,,,,,,,,,,,,,,,,,,,,,,,,,,,,,,,
"2025-09-02 15:13:11.2592101Z","ETW","Microsoft-Windows-Kernel-Process",6,"ImageUnloadInfo ",5540,12584,"WindowsTerminal.exe",,,,"C:\Windows\System32\gdi32.dll",,,,,,,,,,,,[],,,,,,,,,5540,,,,,,,,,,,,,,,,,,,,,,,,,,,,,,,,,,,,226377214,140736902135808,140736902135808,213118,176128,,,,,,,,,,,,,,,,,,,,,,,,,,,,,,,,,,,,,,,,,,,,,,,,,,,,,,,,,,,,,,,,,,,,,,,
"2025-09-02 15:13:11.2592178Z","ETW","Microsoft-Windows-Kernel-Process",6,"ImageUnloadInfo ",5540,12584,"WindowsTerminal.exe",,,,"C:\Windows\System32\SHCore.dll",,,,,,,,,,,,[],,,,,,,,,5540,,,,,,,,,,,,,,,,,,,,,,,,,,,,,,,,,,,,742317482,140736902660096,140736902660096,1049363,1003520,,,,,,,,,,,,,,,,,,,,,,,,,,,,,,,,,,,,,,,,,,,,,,,,,,,,,,,,,,,,,,,,,,,,,,,
"2025-09-02 15:13:11.2592276Z","ETW","Microsoft-Windows-Kernel-Process",6,"ImageUnloadInfo ",5540,12584,"WindowsTerminal.exe",,,,"C:\Windows\System32\combase.dll",,,,,,,,,,,,[],,,,,,,,,5540,,,,,,,,,,,,,,,,,,,,,,,,,,,,,,,,,,,,670765882,140736909082624,140736909082624,3776119,3690496,,,,,,,,,,,,,,,,,,,,,,,,,,,,,,,,,,,,,,,,,,,,,,,,,,,,,,,,,,,,,,,,,,,,,,,
"2025-09-02 15:13:11.2592360Z","ETW","Microsoft-Windows-Kernel-Process",6,"ImageUnloadInfo ",5540,12584,"WindowsTerminal.exe",,,,"C:\Windows\System32\msvcrt.dll",,,,,,,,,,,,[],,,,,,,,,5540,,,,,,,,,,,,,,,,,,,,,,,,,,,,,,,,,,,,2634004398,140736913342464,140736913342464,729924,692224,,,,,,,,,,,,,,,,,,,,,,,,,,,,,,,,,,,,,,,,,,,,,,,,,,,,,,,,,,,,,,,,,,,,,,,
"2025-09-02 15:13:11.2592435Z","ETW","Microsoft-Windows-Kernel-Process",6,"ImageUnloadInfo ",5540,12584,"WindowsTerminal.exe",,,,"C:\Windows\System32\user32.dll",,,,,,,,,,,,[],,,,,,,,,5540,,,,,,,,,,,,,,,,,,,,,,,,,,,,,,,,,,,,3594986103,140736914063360,140736914063360,1919723,1855488,,,,,,,,,,,,,,,,,,,,,,,,,,,,,,,,,,,,,,,,,,,,,,,,,,,,,,,,,,,,,,,,,,,,,,,
"2025-09-02 15:13:11.2592588Z","ETW","Microsoft-Windows-Kernel-Process",6,"ImageUnloadInfo ",5540,12584,"WindowsTerminal.exe",,,,"C:\Windows\System32\ntdll.dll",,,,,,,,,,,,[],,,,,,,,,5540,,,,,,,,,,,,,,,,,,,,,,,,,,,,,,,,,,,,2512787800,140736916750336,140736916750336,2531053,2519040,,,,,,,,,,,,,,,,,,,,,,,,,,,,,,,,,,,,,,,,,,,,,,,,,,,,,,,,,,,,,,,,,,,,,,,
"2025-09-02 15:13:11.2593180Z","ETW","Microsoft-Windows-Kernel-Process",2,"ProcessStopStop ",5540,12584,"WindowsTerminal.exe",,,,"WindowsTermina",,,,,,,,,,,,[],,,,,,,,,5540,,,,,,,,,,,,,,,,,,,,,,,134012995911129514,,,,,,,,31821,,,,,,,,,,,,,,,,,,,,,,,,,,,,,,,,,,,,,,,,,,,,,,,521329600,8286208,9019392,0,134012995912584207,428,0,9,51,3,0,0,,,,,,,,,,,,,,,,,,,,,,
"2025-09-02 15:13:11.2593708Z","ETW","Microsoft-Windows-Kernel-Audit-API-Calls",5,"Info ",5540,12584,"WindowsTerminal.exe",,,,,,,,,,,,,,,,[],,,,,,,,,,,,,,,,,,,1024,0,5540,,,,,,,,,,,,,,,,,,,,,,,,,,,,,,,,,,,,,,,,,,,,,,,,,,,,,,,,,,,,,,,,,,,,,,,,,,,,,,,,,,,,,,,,,,,,,,,,,,,
"2025-09-02 15:13:11.2593780Z","ETW","Microsoft-Windows-Kernel-Audit-API-Calls",5,"Info ",5540,12584,"WindowsTerminal.exe",,,,,,,,,,,,,,,,[],,,,,,,,,,,,,,,,,,,1024,0,5540,,,,,,,,,,,,,,,,,,,,,,,,,,,,,,,,,,,,,,,,,,,,,,,,,,,,,,,,,,,,,,,,,,,,,,,,,,,,,,,,,,,,,,,,,,,,,,,,,,,
"2025-09-02 15:13:11.2640695Z","ETW","Microsoft-Windows-Kernel-Audit-API-Calls",6,"Info ",1912,8,"MsMpEng.exe",,,,,,,,,,,,,,,,[{"addr":140736918212548,"idx":0},{"addr":140736872857142,"idx":1},{"addr":140736738243895,"idx":2},{"addr":140736738242452,"idx":3},{"addr":140736657604428,"idx":4},{"addr":140736657598535,"idx":5},{"addr":140736657597146,"idx":6},{"addr":140736658259206,"idx":7},{"addr":140736657749938,"idx":8},{"addr":140736657909615,"idx":9},{"addr":140736658079503,"idx":10},{"addr":140736897083607,"idx":11},{"addr":140736916996940,"idx":12}],,,,,,,,,,,,,,,,,,,2097151,0,1912,8,,,,,,,,,,,,,,,,,,,,,,,,,,,,,,,,,,,,,,,,,,,,,,,,,,,,,,,,,,,,,,,,,,,,,,,,,,,,,,,,,,,,,,,,,,,,,,,,,,
"2025-09-02 15:13:11.2685109Z","ETW","Microsoft-Windows-Kernel-File",30,"CreateNewFileInfo ",2544,2728,"svchost.exe",,,,"C:\Windows\Prefetch\WINDOWSTERMINAL.EXE-0C52821B.pf",,,,,,,,,,,,[{"addr":140736918205268,"idx":0},{"addr":140736872716567,"idx":1},{"addr":140736872407957,"idx":2},{"addr":140736622686411,"idx":3},{"addr":140736622799555,"idx":4},{"addr":140736622805526,"idx":5},{"addr":140736622878872,"idx":6},{"addr":140736622877246,"idx":7},{"addr":140736623007058,"idx":8},{"addr":140736623083887,"idx":9},{"addr":140700308678045,"idx":10},{"addr":140736881194535,"idx":11},{"addr":140736897083607,"idx":12},{"addr":140736916996940,"idx":13}],0,83886176,18446660011106695808,18446660011199729912,2728,0,,,,,,,,,,,,,,,,,,,,,,,,,,,,,,,,,,,,,,,,,,,,,,,,,,,,,,,,,,,,,,,,,,,,,,,,,,,,,,,,,,,,,,,,,,,,,,,,,,,,,,,,,,,,,,,,,,
"2025-09-02 15:13:11.2687086Z","ETW","Microsoft-Windows-Kernel-Audit-API-Calls",6,"Info ",1912,8,"MsMpEng.exe",,,,,,,,,,,,,,,,[{"addr":140736918212548,"idx":0},{"addr":140736872857142,"idx":1},{"addr":140736738243895,"idx":2},{"addr":140736738242452,"idx":3},{"addr":140736657604428,"idx":4},{"addr":140736657598535,"idx":5},{"addr":140736657597146,"idx":6},{"addr":140736658259206,"idx":7},{"addr":140736657749938,"idx":8},{"addr":140736657909615,"idx":9},{"addr":140736658079503,"idx":10},{"addr":140736897083607,"idx":11},{"addr":140736916996940,"idx":12}],,,,,,,,,,,,,,,,,,,2097151,0,1912,8,,,,,,,,,,,,,,,,,,,,,,,,,,,,,,,,,,,,,,,,,,,,,,,,,,,,,,,,,,,,,,,,,,,,,,,,,,,,,,,,,,,,,,,,,,,,,,,,,,
"2025-09-02 15:13:11.2721525Z","ETW","Microsoft-Windows-Kernel-Audit-API-Calls",6,"Info ",1912,8,"MsMpEng.exe",,,,,,,,,,,,,,,,[{"addr":140736918212548,"idx":0},{"addr":140736872857142,"idx":1},{"addr":140736738243895,"idx":2},{"addr":140736738242452,"idx":3},{"addr":140736657604428,"idx":4},{"addr":140736657598535,"idx":5},{"addr":140736657597146,"idx":6},{"addr":140736658259206,"idx":7},{"addr":140736657749938,"idx":8},{"addr":140736657909615,"idx":9},{"addr":140736658079503,"idx":10},{"addr":140736897083607,"idx":11},{"addr":140736916996940,"idx":12}],,,,,,,,,,,,,,,,,,,2097151,0,1912,8,,,,,,,,,,,,,,,,,,,,,,,,,,,,,,,,,,,,,,,,,,,,,,,,,,,,,,,,,,,,,,,,,,,,,,,,,,,,,,,,,,,,,,,,,,,,,,,,,,
"2025-09-02 15:13:11.2725408Z","ETW","Microsoft-Windows-Kernel-Audit-API-Calls",6,"Info ",1912,8,"MsMpEng.exe",,,,,,,,,,,,,,,,[{"addr":140736918212548,"idx":0},{"addr":140736872857142,"idx":1},{"addr":140736738243895,"idx":2},{"addr":140736738242452,"idx":3},{"addr":140736657604428,"idx":4},{"addr":140736657598535,"idx":5},{"addr":140736657597146,"idx":6},{"addr":140736658259206,"idx":7},{"addr":140736657749938,"idx":8},{"addr":140736657909615,"idx":9},{"addr":140736658079503,"idx":10},{"addr":140736897083607,"idx":11},{"addr":140736916996940,"idx":12}],,,,,,,,,,,,,,,,,,,2097151,0,1912,8,,,,,,,,,,,,,,,,,,,,,,,,,,,,,,,,,,,,,,,,,,,,,,,,,,,,,,,,,,,,,,,,,,,,,,,,,,,,,,,,,,,,,,,,,,,,,,,,,,
"2025-09-02 15:13:11.2736974Z","ETW","Microsoft-Windows-Kernel-Audit-API-Calls",6,"Info ",18424,12888,"WindowsTerminal.exe",,,,,,,,,,,,,,,,[{"addr":140736918212548,"idx":0},{"addr":140736872857142,"idx":1},{"addr":140736717799273,"idx":2},{"addr":140736717815586,"idx":3},{"addr":140736717679308,"idx":4},{"addr":140736717678849,"idx":5},{"addr":140736718244889,"idx":6},{"addr":140736678628435,"idx":7},{"addr":140736678626826,"idx":8},{"addr":140736677467174,"idx":9},{"addr":140736678619618,"idx":10},{"addr":140736678619329,"idx":11},{"addr":140736678618946,"idx":12},{"addr":140736678618813,"idx":13},{"addr":140736678620078,"idx":14},{"addr":140736677467174,"idx":15},{"addr":140736681150436,"idx":16},{"addr":140736681150292,"idx":17},{"addr":140736681149750,"idx":18},{"addr":140736681149606,"idx":19},{"addr":140702555846938,"idx":20},{"addr":140702555827902,"idx":21},{"addr":140702555850822,"idx":22},{"addr":140702555749699,"idx":23},{"addr":140702555938831,"idx":24},{"addr":140702555905254,"idx":25},{"addr":140702555923982,"idx":26},{"addr":140736876328880,"idx":27},{"addr":140736897083607,"idx":28},{"addr":140736916996940,"idx":29}],,,,,,,,,,,,,,,,,,,1048576,0,18424,12888,,,,,,,,,,,,,,,,,,,,,,,,,,,,,,,,,,,,,,,,,,,,,,,,,,,,,,,,,,,,,,,,,,,,,,,,,,,,,,,,,,,,,,,,,,,,,,,,,,
"2025-09-02 15:13:11.2744181Z","ETW","Microsoft-Windows-Kernel-Process",3,"ThreadStartStart ",18424,12888,"WindowsTerminal.exe",,,,,,,,,,,,,,,,[{"addr":140736918208964,"idx":0},{"addr":140736872776761,"idx":1},{"addr":140736897102141,"idx":2},{"addr":140736678170764,"idx":3},{"addr":140736678170314,"idx":4},{"addr":140736678167972,"idx":5},{"addr":140736678167797,"idx":6},{"addr":140736678167602,"idx":7},{"addr":140736678167261,"idx":8},{"addr":140736677019946,"idx":9},{"addr":140736677019479,"idx":10},{"addr":140736677019370,"idx":11},{"addr":140736679698903,"idx":12},{"addr":140736679698214,"idx":13},{"addr":140736678108701,"idx":14},{"addr":140736678106514,"idx":15},{"addr":140736678124833,"idx":16},{"addr":140736678123086,"idx":17},{"addr":140736678122946,"idx":18},{"addr":140736678628467,"idx":19},{"addr":140736678626826,"idx":20},{"addr":140736677467174,"idx":21},{"addr":140736678619618,"idx":22},{"addr":140736678619329,"idx":23},{"addr":140736678618946,"idx":24},{"addr":140736678618813,"idx":25},{"addr":140736678620078,"idx":26},{"addr":140736677467174,"idx":27},{"addr":140736681150436,"idx":28},{"addr":140736681150292,"idx":29},{"addr":140736681149750,"idx":30},{"addr":140736681149606,"idx":31},{"addr":140702555846938,"idx":32},{"addr":140702555827902,"idx":33},{"addr":140702555850822,"idx":34},{"addr":140702555749699,"idx":35},{"addr":140702555938831,"idx":36},{"addr":140702555905254,"idx":37},{"addr":140702555923982,"idx":38},{"addr":140736876328880,"idx":39},{"addr":140736897083607,"idx":40},{"addr":140736916996940,"idx":41}],,,,,,,,,18424,18446639081567768576,18446639081567744000,140736678173040,0,210395844608,5820,210403065856,210403061760,140736678173040,,,,,,,,,,,,,,,,,,,,,,,,,,,,,,,,,,,,,,,,,,,,,,,,,,,,,,,,,,,,,,,,,,,,,,,,,,,,,,,,,,,,,,,,,,,,,,,,,,,,,,
"2025-09-02 15:13:11.2744552Z","ETW","Microsoft-Windows-Kernel-Process",3,"ThreadStartStart ",18424,12888,"WindowsTerminal.exe",,,,,,,,,,,,,,,,[{"addr":140736918208964,"idx":0},{"addr":140736872776761,"idx":1},{"addr":140736897102141,"idx":2},{"addr":140736681124632,"idx":3},{"addr":140736678171081,"idx":4},{"addr":140736678168041,"idx":5},{"addr":140736678167797,"idx":6},{"addr":140736678167602,"idx":7},{"addr":140736678167261,"idx":8},{"addr":140736677019946,"idx":9},{"addr":140736677019479,"idx":10},{"addr":140736677019370,"idx":11},{"addr":140736679698903,"idx":12},{"addr":140736679698214,"idx":13},{"addr":140736678108701,"idx":14},{"addr":140736678106514,"idx":15},{"addr":140736678124833,"idx":16},{"addr":140736678123086,"idx":17},{"addr":140736678122946,"idx":18},{"addr":140736678628467,"idx":19},{"addr":140736678626826,"idx":20},{"addr":140736677467174,"idx":21},{"addr":140736678619618,"idx":22},{"addr":140736678619329,"idx":23},{"addr":140736678618946,"idx":24},{"addr":140736678618813,"idx":25},{"addr":140736678620078,"idx":26},{"addr":140736677467174,"idx":27},{"addr":140736681150436,"idx":28},{"addr":140736681150292,"idx":29},{"addr":140736681149750,"idx":30},{"addr":140736681149606,"idx":31},{"addr":140702555846938,"idx":32},{"addr":140702555827902,"idx":33},{"addr":140702555850822,"idx":34},{"addr":140702555749699,"idx":35},{"addr":140702555938831,"idx":36},{"addr":140702555905254,"idx":37},{"addr":140702555923982,"idx":38},{"addr":140736876328880,"idx":39},{"addr":140736897083607,"idx":40},{"addr":140736916996940,"idx":41}],,,,,,,,,18424,18446639081567338496,18446639081567313920,140736682109920,0,210395852800,10352,210404114432,210404110336,140736682109920,,,,,,,,,,,,,,,,,,,,,,,,,,,,,,,,,,,,,,,,,,,,,,,,,,,,,,,,,,,,,,,,,,,,,,,,,,,,,,,,,,,,,,,,,,,,,,,,,,,,,,
"2025-09-02 15:13:11.2757116Z","ETW","Microsoft-Windows-Kernel-Process",4,"ThreadStopStop ",18424,5820,"WindowsTerminal.exe",,,,,,,,,,,,,,,,[],,,,,,,,3378200,18424,18446639081567768576,18446639081567744000,140736678173040,0,210395844608,5820,210403065856,210403053568,140736678173040,,,,,,,,,,,,,,,,,,,,,,,,,,,,,,,,,,,,,,,,,,,,,,,,,,,,,,,,,,,,,,,,,,,,,,,,,,,,,,,,,,,,,,,,,,,,,,,,,,,,,,
"2025-09-02 15:13:11.2823584Z","ETW","Microsoft-Windows-Kernel-Audit-API-Calls",5,"Info ",18424,12888,"WindowsTerminal.exe",,,,,,,,,,,,,,,,[{"addr":140736918203764,"idx":0},{"addr":140736872731894,"idx":1},{"addr":140736717697306,"idx":2},{"addr":140736401658233,"idx":3},{"addr":140736401662072,"idx":4},{"addr":140736679943092,"idx":5},{"addr":140736679942284,"idx":6},{"addr":140736678081097,"idx":7},{"addr":140736678080096,"idx":8},{"addr":140736678077932,"idx":9},{"addr":140736678074355,"idx":10},{"addr":140736678123245,"idx":11},{"addr":140736678122946,"idx":12},{"addr":140736678628467,"idx":13},{"addr":140736678626826,"idx":14},{"addr":140736677467174,"idx":15},{"addr":140736678619618,"idx":16},{"addr":140736678619329,"idx":17},{"addr":140736678618946,"idx":18},{"addr":140736678618813,"idx":19},{"addr":140736678620078,"idx":20},{"addr":140736677467174,"idx":21},{"addr":140736681150436,"idx":22},{"addr":140736681150292,"idx":23},{"addr":140736681149750,"idx":24},{"addr":140736681149606,"idx":25},{"addr":140702555846938,"idx":26},{"addr":140702555827902,"idx":27},{"addr":140702555850822,"idx":28},{"addr":140702555749699,"idx":29},{"addr":140702555938831,"idx":30},{"addr":140702555905254,"idx":31},{"addr":140702555923982,"idx":32},{"addr":140736876328880,"idx":33},{"addr":140736897083607,"idx":34},{"addr":140736916996940,"idx":35}],,,,,,,,,,,,,,,,,,,4096,0,18424,,,,,,,,,,,,,,,,,,,,,,,,,,,,,,,,,,,,,,,,,,,,,,,,,,,,,,,,,,,,,,,,,,,,,,,,,,,,,,,,,,,,,,,,,,,,,,,,,,,
"2025-09-02 15:13:11.2842600Z","ETW","Microsoft-Windows-Kernel-Audit-API-Calls",6,"Info ",1912,8,"MsMpEng.exe",,,,,,,,,,,,,,,,[{"addr":140736918212548,"idx":0},{"addr":140736872857142,"idx":1},{"addr":140736738243895,"idx":2},{"addr":140736738242452,"idx":3},{"addr":140736657604428,"idx":4},{"addr":140736657598535,"idx":5},{"addr":140736657597146,"idx":6},{"addr":140736658259206,"idx":7},{"addr":140736657749938,"idx":8},{"addr":140736657909615,"idx":9},{"addr":140736658079503,"idx":10},{"addr":140736897083607,"idx":11},{"addr":140736916996940,"idx":12}],,,,,,,,,,,,,,,,,,,2097151,0,1912,8,,,,,,,,,,,,,,,,,,,,,,,,,,,,,,,,,,,,,,,,,,,,,,,,,,,,,,,,,,,,,,,,,,,,,,,,,,,,,,,,,,,,,,,,,,,,,,,,,,
"2025-09-02 15:13:11.2849122Z","ETW","Microsoft-Windows-Kernel-Audit-API-Calls",6,"Info ",1912,8,"MsMpEng.exe",,,,,,,,,,,,,,,,[{"addr":140736918212548,"idx":0},{"addr":140736872857142,"idx":1},{"addr":140736738243895,"idx":2},{"addr":140736738242452,"idx":3},{"addr":140736657604428,"idx":4},{"addr":140736657598535,"idx":5},{"addr":140736657597146,"idx":6},{"addr":140736658259206,"idx":7},{"addr":140736657749938,"idx":8},{"addr":140736657909615,"idx":9},{"addr":140736658079503,"idx":10},{"addr":140736897083607,"idx":11},{"addr":140736916996940,"idx":12}],,,,,,,,,,,,,,,,,,,2097151,0,1912,8,,,,,,,,,,,,,,,,,,,,,,,,,,,,,,,,,,,,,,,,,,,,,,,,,,,,,,,,,,,,,,,,,,,,,,,,,,,,,,,,,,,,,,,,,,,,,,,,,,
"2025-09-02 15:13:11.2858545Z","ETW","Microsoft-Windows-Kernel-Audit-API-Calls",6,"Info ",1912,8,"MsMpEng.exe",,,,,,,,,,,,,,,,[{"addr":140736918212548,"idx":0},{"addr":140736872857142,"idx":1},{"addr":140736738243895,"idx":2},{"addr":140736738242452,"idx":3},{"addr":140736657604428,"idx":4},{"addr":140736657598535,"idx":5},{"addr":140736657597146,"idx":6},{"addr":140736658259206,"idx":7},{"addr":140736657749938,"idx":8},{"addr":140736657909615,"idx":9},{"addr":140736658079503,"idx":10},{"addr":140736897083607,"idx":11},{"addr":140736916996940,"idx":12}],,,,,,,,,,,,,,,,,,,2097151,0,1912,8,,,,,,,,,,,,,,,,,,,,,,,,,,,,,,,,,,,,,,,,,,,,,,,,,,,,,,,,,,,,,,,,,,,,,,,,,,,,,,,,,,,,,,,,,,,,,,,,,,
"2025-09-02 15:13:11.2876265Z","ETW","Microsoft-Windows-Kernel-Audit-API-Calls",5,"Info ",18424,12888,"WindowsTerminal.exe",,,,,,,,,,,,,,,,[{"addr":140736918203764,"idx":0},{"addr":140736872731894,"idx":1},{"addr":140736717697306,"idx":2},{"addr":140736401658233,"idx":3},{"addr":140736401657472,"idx":4},{"addr":140736679944055,"idx":5},{"addr":140736679942875,"idx":6},{"addr":140736678134432,"idx":7},{"addr":140736681580210,"idx":8},{"addr":140702555828179,"idx":9},{"addr":140702555850822,"idx":10},{"addr":140702555749699,"idx":11},{"addr":140702555938831,"idx":12},{"addr":140702555905254,"idx":13},{"addr":140702555923982,"idx":14},{"addr":140736876328880,"idx":15},{"addr":140736897083607,"idx":16},{"addr":140736916996940,"idx":17}],,,,,,,,,,,,,,,,,,,4096,0,18424,,,,,,,,,,,,,,,,,,,,,,,,,,,,,,,,,,,,,,,,,,,,,,,,,,,,,,,,,,,,,,,,,,,,,,,,,,,,,,,,,,,,,,,,,,,,,,,,,,,
"2025-09-02 15:13:11.3035076Z","ETW","Microsoft-Windows-Kernel-Process",3,"ThreadStartStart ",18424,12888,"WindowsTerminal.exe",,,,,,,,,,,,,,,,[{"addr":140736918214756,"idx":0},{"addr":140736917348769,"idx":1},{"addr":140736526113564,"idx":2},{"addr":140736526106360,"idx":3},{"addr":140736526108274,"idx":4},{"addr":140736526102679,"idx":5},{"addr":140736677635084,"idx":6},{"addr":140736677633155,"idx":7},{"addr":140736677631557,"idx":8},{"addr":140736677625472,"idx":9},{"addr":140736677626392,"idx":10},{"addr":140736675391619,"idx":11},{"addr":140736680144450,"idx":12},{"addr":140736675634265,"idx":13},{"addr":140736675626670,"idx":14},{"addr":140736679658534,"idx":15},{"addr":140736813613757,"idx":16},{"addr":140736813610267,"idx":17},{"addr":140736813940562,"idx":18},{"addr":140736813625204,"idx":19},{"addr":140736813624077,"idx":20},{"addr":140736813683309,"idx":21},{"addr":140736813684989,"idx":22},{"addr":140736813684120,"idx":23},{"addr":140736813678539,"idx":24},{"addr":140736914162134,"idx":25},{"addr":140736914160220,"idx":26},{"addr":140736914362035,"idx":27},{"addr":140736918218964,"idx":28},{"addr":140736876122916,"idx":29},{"addr":140736914326306,"idx":30},{"addr":140702555940008,"idx":31},{"addr":140702555906205,"idx":32},{"addr":140702555923982,"idx":33},{"addr":140736876328880,"idx":34},{"addr":140736897083607,"idx":35},{"addr":140736916996940,"idx":36}],,,,,,,,,18424,18446639081567997952,18446639081567973376,140736917348896,0,210395860992,19848,210403065856,210403061760,140736917348896,,,,,,,,,,,,,,,,,,,,,,,,,,,,,,,,,,,,,,,,,,,,,,,,,,,,,,,,,,,,,,,,,,,,,,,,,,,,,,,,,,,,,,,,,,,,,,,,,,,,,,
"2025-09-02 15:13:11.3038129Z","ETW","Microsoft-Windows-Kernel-Process",3,"ThreadStartStart ",18424,19848,"WindowsTerminal.exe",,,,,,,,,,,,,,,,[{"addr":140736918214756,"idx":0},{"addr":140736917356893,"idx":1},{"addr":140736917350035,"idx":2},{"addr":140736897083607,"idx":3},{"addr":140736916996940,"idx":4}],,,,,,,,,18424,18446639081567854592,18446639081567830016,140736917348896,0,210395869184,14668,210410405888,210410401792,140736917348896,,,,,,,,,,,,,,,,,,,,,,,,,,,,,,,,,,,,,,,,,,,,,,,,,,,,,,,,,,,,,,,,,,,,,,,,,,,,,,,,,,,,,,,,,,,,,,,,,,,,,,
"2025-09-02 15:13:11.3039711Z","ETW","Microsoft-Windows-Kernel-Process",3,"ThreadStartStart ",18424,14668,"WindowsTerminal.exe",,,,,,,,,,,,,,,,[{"addr":140736918214756,"idx":0},{"addr":140736917356893,"idx":1},{"addr":140736917350035,"idx":2},{"addr":140736897083607,"idx":3},{"addr":140736916996940,"idx":4}],,,,,,,,,18424,18446639081563803648,18446639081563779072,140736917348896,0,210395877376,7412,210411454464,210411450368,140736917348896,,,,,,,,,,,,,,,,,,,,,,,,,,,,,,,,,,,,,,,,,,,,,,,,,,,,,,,,,,,,,,,,,,,,,,,,,,,,,,,,,,,,,,,,,,,,,,,,,,,,,,
"2025-09-02 15:13:11.3068117Z","ETW","Microsoft-Windows-Kernel-Process",3,"ThreadStartStart ",18424,12888,"WindowsTerminal.exe",,,,,,,,,,,,,,,,[{"addr":140736918208964,"idx":0},{"addr":140736872776761,"idx":1},{"addr":140736897102141,"idx":2},{"addr":140736660253420,"idx":3},{"addr":140736659934220,"idx":4},{"addr":140736660250364,"idx":5},{"addr":140736681212320,"idx":6},{"addr":140736675731499,"idx":7},{"addr":140736675727622,"idx":8},{"addr":140736675726347,"idx":9},{"addr":140736679701401,"idx":10},{"addr":140736679700628,"idx":11},{"addr":140736675626782,"idx":12},{"addr":140736679658534,"idx":13},{"addr":140736813613757,"idx":14},{"addr":140736813610267,"idx":15},{"addr":140736813940562,"idx":16},{"addr":140736813625204,"idx":17},{"addr":140736813624077,"idx":18},{"addr":140736813683309,"idx":19},{"addr":140736813684989,"idx":20},{"addr":140736813684120,"idx":21},{"addr":140736813678304,"idx":22},{"addr":140736914162134,"idx":23},{"addr":140736914160220,"idx":24},{"addr":140736914362035,"idx":25},{"addr":140736918218964,"idx":26},{"addr":140736876122916,"idx":27},{"addr":140736914326306,"idx":28},{"addr":140702555940008,"idx":29},{"addr":140702555906205,"idx":30},{"addr":140702555923982,"idx":31},{"addr":140736876328880,"idx":32},{"addr":140736897083607,"idx":33},{"addr":140736916996940,"idx":34}],,,,,,,,,18424,18446639081568055296,18446639081568030720,140736660282816,0,210395885568,17088,210412503040,210412498944,140736660282816,,,,,,,,,,,,,,,,,,,,,,,,,,,,,,,,,,,,,,,,,,,,,,,,,,,,,,,,,,,,,,,,,,,,,,,,,,,,,,,,,,,,,,,,,,,,,,,,,,,,,,
"2025-09-02 15:13:11.3072381Z","ETW","Microsoft-Windows-Kernel-Process",3,"ThreadStartStart ",18424,4552,"WindowsTerminal.exe",,,,,,,,,,,,,,,,[{"addr":140736918214756,"idx":0},{"addr":140736917257428,"idx":1},{"addr":140736917254706,"idx":2},{"addr":140736917350945,"idx":3},{"addr":140736897083607,"idx":4},{"addr":140736916996940,"idx":5}],,,,,,,,,18424,18446639081567825920,18446639081567801344,140736917348896,0,210395893760,15668,210413551616,210413547520,140736917348896,,,,,,,,,,,,,,,,,,,,,,,,,,,,,,,,,,,,,,,,,,,,,,,,,,,,,,,,,,,,,,,,,,,,,,,,,,,,,,,,,,,,,,,,,,,,,,,,,,,,,,
"2025-09-02 15:13:11.3150152Z","ETW","Microsoft-Windows-Kernel-Audit-API-Calls",5,"Info ",18424,12888,"WindowsTerminal.exe",,,,,,,,,,,,,,,,[{"addr":140736918203764,"idx":0},{"addr":140736872731894,"idx":1},{"addr":140736717697306,"idx":2},{"addr":140736717692980,"idx":3},{"addr":140736677540753,"idx":4},{"addr":140736677539661,"idx":5},{"addr":140736677538987,"idx":6},{"addr":140733850186540,"idx":7},{"addr":140736679706084,"idx":8},{"addr":140736681910509,"idx":9},{"addr":140736676584053,"idx":10},{"addr":140736674979003,"idx":11},{"addr":140736674976221,"idx":12},{"addr":140736674974577,"idx":13},{"addr":140736681910598,"idx":14},{"addr":140736676584053,"idx":15},{"addr":140736674979003,"idx":16},{"addr":140736675018951,"idx":17},{"addr":140736681910598,"idx":18},{"addr":140736676584053,"idx":19},{"addr":140736674979003,"idx":20},{"addr":140736674975774,"idx":21},{"addr":140736678668275,"idx":22},{"addr":140736679705768,"idx":23},{"addr":140736681910509,"idx":24},{"addr":140736676584053,"idx":25},{"addr":140736674979003,"idx":26},{"addr":140736674975774,"idx":27},{"addr":140736680276127,"idx":28},{"addr":140736679705768,"idx":29},{"addr":140736681910509,"idx":30},{"addr":140736676584053,"idx":31},{"addr":140736674979003,"idx":32},{"addr":140736681079983,"idx":33},{"addr":140736681910598,"idx":34},{"addr":140736676584053,"idx":35},{"addr":140736674979003,"idx":36},{"addr":140736677545632,"idx":37},{"addr":140736681910598,"idx":38},{"addr":140736676584053,"idx":39},{"addr":140736674979003,"idx":40},{"addr":140736680920444,"idx":41},{"addr":140736681910598,"idx":42},{"addr":140736676584053,"idx":43},{"addr":140736674979003,"idx":44},{"addr":140736676592352,"idx":45},{"addr":140736676339278,"idx":46},{"addr":140736675726409,"idx":47},{"addr":140736679701401,"idx":48},{"addr":140736679700628,"idx":49},{"addr":140736675626782,"idx":50},{"addr":140736679658534,"idx":51},{"addr":140736813613757,"idx":52},{"addr":140736813610267,"idx":53},{"addr":140736813940562,"idx":54},{"addr":140736813625204,"idx":55},{"addr":140736813624077,"idx":56},{"addr":140736813683309,"idx":57},{"addr":140736813684989,"idx":58},{"addr":140736813684120,"idx":59},{"addr":140736813678304,"idx":60},{"addr":140736914162134,"idx":61},{"addr":140736914160220,"idx":62},{"addr":140736914362035,"idx":63},{"addr":140736918218964,"idx":64},{"addr":140736876122916,"idx":65},{"addr":140736914326306,"idx":66},{"addr":140702555940008,"idx":67},{"addr":140702555906205,"idx":68},{"addr":140702555923982,"idx":69},{"addr":140736876328880,"idx":70},{"addr":140736897083607,"idx":71},{"addr":140736916996940,"idx":72}],,,,,,,,,,,,,,,,,,,4096,0,18424,,,,,,,,,,,,,,,,,,,,,,,,,,,,,,,,,,,,,,,,,,,,,,,,,,,,,,,,,,,,,,,,,,,,,,,,,,,,,,,,,,,,,,,,,,,,,,,,,,,
"2025-09-02 15:13:11.3176475Z","ETW","Microsoft-Windows-Kernel-Audit-API-Calls",6,"Info ",1912,8,"MsMpEng.exe",,,,,,,,,,,,,,,,[{"addr":140736918212548,"idx":0},{"addr":140736872857142,"idx":1},{"addr":140736738243895,"idx":2},{"addr":140736738242452,"idx":3},{"addr":140736657604428,"idx":4},{"addr":140736657598535,"idx":5},{"addr":140736657597146,"idx":6},{"addr":140736658259206,"idx":7},{"addr":140736657749938,"idx":8},{"addr":140736657909615,"idx":9},{"addr":140736658079503,"idx":10},{"addr":140736897083607,"idx":11},{"addr":140736916996940,"idx":12}],,,,,,,,,,,,,,,,,,,2097151,0,1912,8,,,,,,,,,,,,,,,,,,,,,,,,,,,,,,,,,,,,,,,,,,,,,,,,,,,,,,,,,,,,,,,,,,,,,,,,,,,,,,,,,,,,,,,,,,,,,,,,,,
"2025-09-02 15:13:11.3182532Z","ETW","Microsoft-Windows-Kernel-Audit-API-Calls",6,"Info ",1912,8,"MsMpEng.exe",,,,,,,,,,,,,,,,[{"addr":140736918212548,"idx":0},{"addr":140736872857142,"idx":1},{"addr":140736738243895,"idx":2},{"addr":140736738242452,"idx":3},{"addr":140736657604428,"idx":4},{"addr":140736657598535,"idx":5},{"addr":140736657597146,"idx":6},{"addr":140736658259206,"idx":7},{"addr":140736657749938,"idx":8},{"addr":140736657909615,"idx":9},{"addr":140736658079503,"idx":10},{"addr":140736897083607,"idx":11},{"addr":140736916996940,"idx":12}],,,,,,,,,,,,,,,,,,,2097151,0,1912,8,,,,,,,,,,,,,,,,,,,,,,,,,,,,,,,,,,,,,,,,,,,,,,,,,,,,,,,,,,,,,,,,,,,,,,,,,,,,,,,,,,,,,,,,,,,,,,,,,,
"2025-09-02 15:13:11.3197270Z","ETW","Microsoft-Windows-Kernel-Audit-API-Calls",6,"Info ",1912,8,"MsMpEng.exe",,,,,,,,,,,,,,,,[{"addr":140736918212548,"idx":0},{"addr":140736872857142,"idx":1},{"addr":140736738243895,"idx":2},{"addr":140736738242452,"idx":3},{"addr":140736657604428,"idx":4},{"addr":140736657598535,"idx":5},{"addr":140736657597146,"idx":6},{"addr":140736658259206,"idx":7},{"addr":140736657749938,"idx":8},{"addr":140736657909615,"idx":9},{"addr":140736658079503,"idx":10},{"addr":140736897083607,"idx":11},{"addr":140736916996940,"idx":12}],,,,,,,,,,,,,,,,,,,2097151,0,1912,8,,,,,,,,,,,,,,,,,,,,,,,,,,,,,,,,,,,,,,,,,,,,,,,,,,,,,,,,,,,,,,,,,,,,,,,,,,,,,,,,,,,,,,,,,,,,,,,,,,
"2025-09-02 15:13:11.3245996Z","ETW","Microsoft-Windows-Kernel-Audit-API-Calls",5,"Info ",18424,12888,"WindowsTerminal.exe",,,,,,,,,,,,,,,,[{"addr":140736918203764,"idx":0},{"addr":140736872731894,"idx":1},{"addr":140736717697306,"idx":2},{"addr":140736717690536,"idx":3},{"addr":140736677501644,"idx":4},{"addr":140736677502671,"idx":5},{"addr":140736678182437,"idx":6},{"addr":140736674827674,"idx":7},{"addr":140736676341087,"idx":8},{"addr":140736675726409,"idx":9},{"addr":140736679701401,"idx":10},{"addr":140736679700628,"idx":11},{"addr":140736675626782,"idx":12},{"addr":140736679658534,"idx":13},{"addr":140736813613757,"idx":14},{"addr":140736813610267,"idx":15},{"addr":140736813940562,"idx":16},{"addr":140736813625204,"idx":17},{"addr":140736813624077,"idx":18},{"addr":140736813683309,"idx":19},{"addr":140736813684989,"idx":20},{"addr":140736813684120,"idx":21},{"addr":140736813678304,"idx":22},{"addr":140736914162134,"idx":23},{"addr":140736914160220,"idx":24},{"addr":140736914362035,"idx":25},{"addr":140736918218964,"idx":26},{"addr":140736876122916,"idx":27},{"addr":140736914326306,"idx":28},{"addr":140702555940008,"idx":29},{"addr":140702555906205,"idx":30},{"addr":140702555923982,"idx":31},{"addr":140736876328880,"idx":32},{"addr":140736897083607,"idx":33},{"addr":140736916996940,"idx":34}],,,,,,,,,,,,,,,,,,,4096,0,18424,,,,,,,,,,,,,,,,,,,,,,,,,,,,,,,,,,,,,,,,,,,,,,,,,,,,,,,,,,,,,,,,,,,,,,,,,,,,,,,,,,,,,,,,,,,,,,,,,,,
"2025-09-02 15:13:11.3269358Z","ETW","Microsoft-Windows-Kernel-Audit-API-Calls",5,"Info ",944,17404,"svchost.exe",,,,,,,,,,,,,,,,[{"addr":140736918206916,"idx":0},{"addr":140736882337646,"idx":1},{"addr":140736910041537,"idx":2},{"addr":140736909754615,"idx":3},{"addr":140736909757881,"idx":4},{"addr":140736909757258,"idx":5},{"addr":140736909857403,"idx":6},{"addr":140736909856136,"idx":7},{"addr":140736828915800,"idx":8},{"addr":140736828923631,"idx":9},{"addr":140736829129490,"idx":10},{"addr":140736882620003,"idx":11},{"addr":140736881849533,"idx":12},{"addr":140736881848122,"idx":13},{"addr":140736882311415,"idx":14},{"addr":140736882088628,"idx":15},{"addr":140736882092744,"idx":16},{"addr":140736882015316,"idx":17},{"addr":140736882081820,"idx":18},{"addr":140736882106396,"idx":19},{"addr":140736882102691,"idx":20},{"addr":140736882098504,"idx":21},{"addr":140736917358174,"idx":22},{"addr":140736917350275,"idx":23},{"addr":140736897083607,"idx":24},{"addr":140736916996940,"idx":25}],,,,,,,,,,,,,,,,,,,4160,3221225506,22412,,,,,,,,,,,,,,,,,,,,,,,,,,,,,,,,,,,,,,,,,,,,,,,,,,,,,,,,,,,,,,,,,,,,,,,,,,,,,,,,,,,,,,,,,,,,,,,,,,,
"2025-09-02 15:13:11.3282610Z","ETW","Microsoft-Windows-Kernel-Audit-API-Calls",5,"Info ",5380,5932,"explorer.exe",,,,,,,,,,,,,,,,[{"addr":140736918203764,"idx":0},{"addr":140736872731894,"idx":1},{"addr":140736444440318,"idx":2},{"addr":140736444439143,"idx":3},{"addr":140736446083290,"idx":4},{"addr":140736446083204,"idx":5},{"addr":140736446083163,"idx":6},{"addr":140736914375392,"idx":7},{"addr":140736918218964,"idx":8},{"addr":140736876122820,"idx":9},{"addr":140736914122143,"idx":10},{"addr":140736914122024,"idx":11},{"addr":140736385071913,"idx":12},{"addr":140736385153039,"idx":13},{"addr":140736385398901,"idx":14},{"addr":140736385399961,"idx":15},{"addr":140736897083607,"idx":16},{"addr":140736916996940,"idx":17}],,,,,,,,,,,,,,,,,,,4096,0,18424,,,,,,,,,,,,,,,,,,,,,,,,,,,,,,,,,,,,,,,,,,,,,,,,,,,,,,,,,,,,,,,,,,,,,,,,,,,,,,,,,,,,,,,,,,,,,,,,,,,
"2025-09-02 15:13:11.3282707Z","ETW","Microsoft-Windows-Kernel-Audit-API-Calls",5,"Info ",5380,5932,"explorer.exe",,,,,,,,,,,,,,,,[{"addr":140736918203764,"idx":0},{"addr":140736872731894,"idx":1},{"addr":140736444440532,"idx":2},{"addr":140736444439143,"idx":3},{"addr":140736446083290,"idx":4},{"addr":140736446083204,"idx":5},{"addr":140736446083163,"idx":6},{"addr":140736914375392,"idx":7},{"addr":140736918218964,"idx":8},{"addr":140736876122820,"idx":9},{"addr":140736914122143,"idx":10},{"addr":140736914122024,"idx":11},{"addr":140736385071913,"idx":12},{"addr":140736385153039,"idx":13},{"addr":140736385398901,"idx":14},{"addr":140736385399961,"idx":15},{"addr":140736897083607,"idx":16},{"addr":140736916996940,"idx":17}],,,,,,,,,,,,,,,,,,,4096,0,18424,,,,,,,,,,,,,,,,,,,,,,,,,,,,,,,,,,,,,,,,,,,,,,,,,,,,,,,,,,,,,,,,,,,,,,,,,,,,,,,,,,,,,,,,,,,,,,,,,,,
"2025-09-02 15:13:11.3288006Z","ETW","Microsoft-Windows-Kernel-Audit-API-Calls",5,"Info ",5380,5932,"explorer.exe",,,,,,,,,,,,,,,,[{"addr":140736918203764,"idx":0},{"addr":140736872731894,"idx":1},{"addr":140736402635997,"idx":2},{"addr":140736444426842,"idx":3},{"addr":140736444422450,"idx":4},{"addr":140736380163635,"idx":5},{"addr":140736379887339,"idx":6},{"addr":140736379886107,"idx":7},{"addr":140736380085383,"idx":8},{"addr":140736380059802,"idx":9},{"addr":140736380059676,"idx":10},{"addr":140736914162134,"idx":11},{"addr":140736914152749,"idx":12},{"addr":140736385072015,"idx":13},{"addr":140736385153039,"idx":14},{"addr":140736385398901,"idx":15},{"addr":140736385399961,"idx":16},{"addr":140736897083607,"idx":17},{"addr":140736916996940,"idx":18}],,,,,,,,,,,,,,,,,,,4096,0,18424,,,,,,,,,,,,,,,,,,,,,,,,,,,,,,,,,,,,,,,,,,,,,,,,,,,,,,,,,,,,,,,,,,,,,,,,,,,,,,,,,,,,,,,,,,,,,,,,,,,
"2025-09-02 15:13:11.3291423Z","ETW","Microsoft-Windows-Kernel-Audit-API-Calls",5,"Info ",5380,1508,"explorer.exe",,,,,,,,,,,,,,,,[{"addr":140736918203764,"idx":0},{"addr":140736872731894,"idx":1},{"addr":140736398714600,"idx":2},{"addr":140736398712748,"idx":3},{"addr":140736398711234,"idx":4},{"addr":140736398710503,"idx":5},{"addr":140736398712005,"idx":6},{"addr":140736398711769,"idx":7},{"addr":140736398711514,"idx":8},{"addr":140736831089126,"idx":9},{"addr":140736831087936,"idx":10},{"addr":140736902972741,"idx":11},{"addr":140736917453874,"idx":12},{"addr":140736917350976,"idx":13},{"addr":140736897083607,"idx":14},{"addr":140736916996940,"idx":15}],,,,,,,,,,,,,,,,,,,4096,0,18424,,,,,,,,,,,,,,,,,,,,,,,,,,,,,,,,,,,,,,,,,,,,,,,,,,,,,,,,,,,,,,,,,,,,,,,,,,,,,,,,,,,,,,,,,,,,,,,,,,,
"2025-09-02 15:13:11.3292539Z","ETW","Microsoft-Windows-Kernel-Audit-API-Calls",5,"Info ",5380,11960,"explorer.exe",,,,,,,,,,,,,,,,[{"addr":140736918203764,"idx":0},{"addr":140736872731894,"idx":1},{"addr":140736444438058,"idx":2},{"addr":140736446554414,"idx":3},{"addr":140736445126775,"idx":4},{"addr":140736446857623,"idx":5},{"addr":140736902703990,"idx":6},{"addr":140736902703274,"idx":7},{"addr":140736902700103,"idx":8},{"addr":140736897083607,"idx":9},{"addr":140736916996940,"idx":10}],,,,,,,,,,,,,,,,,,,4096,0,18424,,,,,,,,,,,,,,,,,,,,,,,,,,,,,,,,,,,,,,,,,,,,,,,,,,,,,,,,,,,,,,,,,,,,,,,,,,,,,,,,,,,,,,,,,,,,,,,,,,,
"2025-09-02 15:13:11.3293115Z","ETW","Microsoft-Windows-Kernel-Audit-API-Calls",5,"Info ",5380,1508,"explorer.exe",,,,,,,,,,,,,,,,[{"addr":140736918203764,"idx":0},{"addr":140736872731894,"idx":1},{"addr":140736430433935,"idx":2},{"addr":140736430427044,"idx":3},{"addr":140736430428073,"idx":4},{"addr":140736398710558,"idx":5},{"addr":140736398712005,"idx":6},{"addr":140736398711769,"idx":7},{"addr":140736398711514,"idx":8},{"addr":140736831089126,"idx":9},{"addr":140736831087936,"idx":10},{"addr":140736902972741,"idx":11},{"addr":140736917453874,"idx":12},{"addr":140736917350976,"idx":13},{"addr":140736897083607,"idx":14},{"addr":140736916996940,"idx":15}],,,,,,,,,,,,,,,,,,,4096,0,18424,,,,,,,,,,,,,,,,,,,,,,,,,,,,,,,,,,,,,,,,,,,,,,,,,,,,,,,,,,,,,,,,,,,,,,,,,,,,,,,,,,,,,,,,,,,,,,,,,,,
"2025-09-02 15:13:11.3293203Z","ETW","Microsoft-Windows-Kernel-Audit-API-Calls",5,"Info ",5380,11960,"explorer.exe",,,,,,,,,,,,,,,,[{"addr":140736918203764,"idx":0},{"addr":140736872731894,"idx":1},{"addr":140736444438370,"idx":2},{"addr":140736446554414,"idx":3},{"addr":140736445126775,"idx":4},{"addr":140736446857623,"idx":5},{"addr":140736902703990,"idx":6},{"addr":140736902703274,"idx":7},{"addr":140736902700103,"idx":8},{"addr":140736897083607,"idx":9},{"addr":140736916996940,"idx":10}],,,,,,,,,,,,,,,,,,,4096,0,18424,,,,,,,,,,,,,,,,,,,,,,,,,,,,,,,,,,,,,,,,,,,,,,,,,,,,,,,,,,,,,,,,,,,,,,,,,,,,,,,,,,,,,,,,,,,,,,,,,,,
"2025-09-02 15:13:11.3293622Z","ETW","Microsoft-Windows-Kernel-Audit-API-Calls",5,"Info ",5380,11960,"explorer.exe",,,,,,,,,,,,,,,,[{"addr":140736918203764,"idx":0},{"addr":140736872731894,"idx":1},{"addr":140736445128446,"idx":2},{"addr":140736445127711,"idx":3},{"addr":140736445127394,"idx":4},{"addr":140736445126788,"idx":5},{"addr":140736446857623,"idx":6},{"addr":140736902703990,"idx":7},{"addr":140736902703274,"idx":8},{"addr":140736902700103,"idx":9},{"addr":140736897083607,"idx":10},{"addr":140736916996940,"idx":11}],,,,,,,,,,,,,,,,,,,4096,0,18424,,,,,,,,,,,,,,,,,,,,,,,,,,,,,,,,,,,,,,,,,,,,,,,,,,,,,,,,,,,,,,,,,,,,,,,,,,,,,,,,,,,,,,,,,,,,,,,,,,,
"2025-09-02 15:13:11.3307138Z","ETW","Microsoft-Windows-Kernel-Audit-API-Calls",5,"Info ",4900,7676,"ctfmon.exe",,,,,,,,,,,,,,,,[{"addr":140736918206916,"idx":0},{"addr":140736900739521,"idx":1},{"addr":140736900742168,"idx":2},{"addr":140736900735498,"idx":3},{"addr":140736901294627,"idx":4},{"addr":140736897083607,"idx":5},{"addr":140736916996940,"idx":6}],,,,,,,,,,,,,,,,,,,4096,0,18424,,,,,,,,,,,,,,,,,,,,,,,,,,,,,,,,,,,,,,,,,,,,,,,,,,,,,,,,,,,,,,,,,,,,,,,,,,,,,,,,,,,,,,,,,,,,,,,,,,,
"2025-09-02 15:13:11.3308382Z","ETW","Microsoft-Windows-Kernel-Audit-API-Calls",6,"Info ",1912,8,"MsMpEng.exe",,,,,,,,,,,,,,,,[{"addr":140736918212548,"idx":0},{"addr":140736872857142,"idx":1},{"addr":140736738243895,"idx":2},{"addr":140736738242452,"idx":3},{"addr":140736657604428,"idx":4},{"addr":140736657598535,"idx":5},{"addr":140736657597146,"idx":6},{"addr":140736658259206,"idx":7},{"addr":140736657749938,"idx":8},{"addr":140736657909615,"idx":9},{"addr":140736658079503,"idx":10},{"addr":140736897083607,"idx":11},{"addr":140736916996940,"idx":12}],,,,,,,,,,,,,,,,,,,2097151,0,1912,8,,,,,,,,,,,,,,,,,,,,,,,,,,,,,,,,,,,,,,,,,,,,,,,,,,,,,,,,,,,,,,,,,,,,,,,,,,,,,,,,,,,,,,,,,,,,,,,,,,
"2025-09-02 15:13:11.3308565Z","ETW","Microsoft-Windows-Kernel-Audit-API-Calls",5,"Info ",2828,8368,"svchost.exe",,,,,,,,,,,,,,,,[{"addr":140736918206916,"idx":0},{"addr":140736882337646,"idx":1},{"addr":140736910267593,"idx":2},{"addr":140736627175582,"idx":3},{"addr":140736627474007,"idx":4},{"addr":140736882620003,"idx":5},{"addr":140736882628366,"idx":6},{"addr":140736881847376,"idx":7},{"addr":140736909646499,"idx":8},{"addr":140736909646267,"idx":9},{"addr":140736909643574,"idx":10},{"addr":140736909641089,"idx":11},{"addr":140736910206646,"idx":12},{"addr":140736909298250,"idx":13},{"addr":140736909422200,"idx":14},{"addr":140736909684515,"idx":15},{"addr":140736882311415,"idx":16},{"addr":140736882088628,"idx":17},{"addr":140736882092154,"idx":18},{"addr":140736882015316,"idx":19},{"addr":140736882081820,"idx":20},{"addr":140736882106396,"idx":21},{"addr":140736882102691,"idx":22},{"addr":140736882098504,"idx":23},{"addr":140736917358174,"idx":24},{"addr":140736917350275,"idx":25},{"addr":140736897083607,"idx":26},{"addr":140736916996940,"idx":27}],,,,,,,,,,,,,,,,,,,4096,0,5380,,,,,,,,,,,,,,,,,,,,,,,,,,,,,,,,,,,,,,,,,,,,,,,,,,,,,,,,,,,,,,,,,,,,,,,,,,,,,,,,,,,,,,,,,,,,,,,,,,,
"2025-09-02 15:13:11.3314474Z","ETW","Microsoft-Windows-Kernel-Audit-API-Calls",6,"Info ",1912,8,"MsMpEng.exe",,,,,,,,,,,,,,,,[{"addr":140736918212548,"idx":0},{"addr":140736872857142,"idx":1},{"addr":140736738243895,"idx":2},{"addr":140736738242452,"idx":3},{"addr":140736657604428,"idx":4},{"addr":140736657598535,"idx":5},{"addr":140736657597146,"idx":6},{"addr":140736658259206,"idx":7},{"addr":140736657749938,"idx":8},{"addr":140736657909615,"idx":9},{"addr":140736658079503,"idx":10},{"addr":140736897083607,"idx":11},{"addr":140736916996940,"idx":12}],,,,,,,,,,,,,,,,,,,2097151,0,1912,8,,,,,,,,,,,,,,,,,,,,,,,,,,,,,,,,,,,,,,,,,,,,,,,,,,,,,,,,,,,,,,,,,,,,,,,,,,,,,,,,,,,,,,,,,,,,,,,,,,
"2025-09-02 15:13:11.3325750Z","ETW","Microsoft-Windows-Kernel-Audit-API-Calls",5,"Info ",1912,11040,"MsMpEng.exe",,,,,,,,,,,,,,,,[{"addr":140736918203764,"idx":0},{"addr":140736872731894,"idx":1},{"addr":140733810479103,"idx":2},{"addr":140733810478599,"idx":3},{"addr":140733810481824,"idx":4},{"addr":140733811992461,"idx":5},{"addr":140733811987347,"idx":6},{"addr":140733811996001,"idx":7},{"addr":140733811994278,"idx":8},{"addr":140733813594435,"idx":9},{"addr":140733810447534,"idx":10},{"addr":140733810434825,"idx":11},{"addr":140733810436081,"idx":12},{"addr":140733810435993,"idx":13},{"addr":140733812865289,"idx":14},{"addr":140733811799252,"idx":15},{"addr":140733811789863,"idx":16},{"addr":140733811785301,"idx":17},{"addr":140736738242841,"idx":18},{"addr":140736657620081,"idx":19},{"addr":140736657619232,"idx":20},{"addr":140736657757586,"idx":21},{"addr":140736657838177,"idx":22},{"addr":140736749360292,"idx":23},{"addr":140736749360015,"idx":24},{"addr":140736917255712,"idx":25},{"addr":140736917350945,"idx":26},{"addr":140736897083607,"idx":27},{"addr":140736916996940,"idx":28}],,,,,,,,,,,,,,,,,,,4096,0,18424,,,,,,,,,,,,,,,,,,,,,,,,,,,,,,,,,,,,,,,,,,,,,,,,,,,,,,,,,,,,,,,,,,,,,,,,,,,,,,,,,,,,,,,,,,,,,,,,,,,
"2025-09-02 15:13:11.3327087Z","ETW","Microsoft-Windows-Kernel-Audit-API-Calls",5,"Info ",1912,11040,"MsMpEng.exe",,,,,,,,,,,,,,,,[{"addr":140736918203764,"idx":0},{"addr":140736872731894,"idx":1},{"addr":140733810479103,"idx":2},{"addr":140733810478599,"idx":3},{"addr":140733812518822,"idx":4},{"addr":140733810452662,"idx":5},{"addr":140733810452425,"idx":6},{"addr":140733811994430,"idx":7},{"addr":140733813594435,"idx":8},{"addr":140733810447534,"idx":9},{"addr":140733810434825,"idx":10},{"addr":140733810436081,"idx":11},{"addr":140733810435993,"idx":12},{"addr":140733812865289,"idx":13},{"addr":140733811799252,"idx":14},{"addr":140733811789863,"idx":15},{"addr":140733811785301,"idx":16},{"addr":140736738242841,"idx":17},{"addr":140736657620081,"idx":18},{"addr":140736657619232,"idx":19},{"addr":140736657757586,"idx":20},{"addr":140736657838177,"idx":21},{"addr":140736749360292,"idx":22},{"addr":140736749360015,"idx":23},{"addr":140736917255712,"idx":24},{"addr":140736917350945,"idx":25},{"addr":140736897083607,"idx":26},{"addr":140736916996940,"idx":27}],,,,,,,,,,,,,,,,,,,1052672,0,18424,,,,,,,,,,,,,,,,,,,,,,,,,,,,,,,,,,,,,,,,,,,,,,,,,,,,,,,,,,,,,,,,,,,,,,,,,,,,,,,,,,,,,,,,,,,,,,,,,,,
"2025-09-02 15:13:11.3335614Z","ETW","Microsoft-Windows-Kernel-Audit-API-Calls",6,"Info ",1912,8,"MsMpEng.exe",,,,,,,,,,,,,,,,[{"addr":140736918212548,"idx":0},{"addr":140736872857142,"idx":1},{"addr":140736738243895,"idx":2},{"addr":140736738242452,"idx":3},{"addr":140736657604428,"idx":4},{"addr":140736657598535,"idx":5},{"addr":140736657597146,"idx":6},{"addr":140736658259206,"idx":7},{"addr":140736657749938,"idx":8},{"addr":140736657909615,"idx":9},{"addr":140736658079503,"idx":10},{"addr":140736897083607,"idx":11},{"addr":140736916996940,"idx":12}],,,,,,,,,,,,,,,,,,,2097151,0,1912,8,,,,,,,,,,,,,,,,,,,,,,,,,,,,,,,,,,,,,,,,,,,,,,,,,,,,,,,,,,,,,,,,,,,,,,,,,,,,,,,,,,,,,,,,,,,,,,,,,,
"2025-09-02 15:13:11.3338940Z","ETW","Microsoft-Windows-Kernel-Audit-API-Calls",6,"Info ",1912,8,"MsMpEng.exe",,,,,,,,,,,,,,,,[{"addr":140736918212548,"idx":0},{"addr":140736872857142,"idx":1},{"addr":140736738243895,"idx":2},{"addr":140736738242452,"idx":3},{"addr":140736657604428,"idx":4},{"addr":140736657598535,"idx":5},{"addr":140736657597146,"idx":6},{"addr":140736658259206,"idx":7},{"addr":140736657749938,"idx":8},{"addr":140736657909615,"idx":9},{"addr":140736658079503,"idx":10},{"addr":140736897083607,"idx":11},{"addr":140736916996940,"idx":12}],,,,,,,,,,,,,,,,,,,2097151,0,1912,8,,,,,,,,,,,,,,,,,,,,,,,,,,,,,,,,,,,,,,,,,,,,,,,,,,,,,,,,,,,,,,,,,,,,,,,,,,,,,,,,,,,,,,,,,,,,,,,,,,
"2025-09-02 15:13:11.3341753Z","ETW","Microsoft-Windows-Kernel-Audit-API-Calls",5,"Info ",2828,8368,"svchost.exe",,,,,,,,,,,,,,,,[{"addr":140736918206916,"idx":0},{"addr":140736882337646,"idx":1},{"addr":140736910267593,"idx":2},{"addr":140736627556068,"idx":3},{"addr":140736882620003,"idx":4},{"addr":140736882628366,"idx":5},{"addr":140736881847376,"idx":6},{"addr":140736909646499,"idx":7},{"addr":140736909646267,"idx":8},{"addr":140736909643574,"idx":9},{"addr":140736909641089,"idx":10},{"addr":140736910206646,"idx":11},{"addr":140736909298250,"idx":12},{"addr":140736909422200,"idx":13},{"addr":140736909684515,"idx":14},{"addr":140736882311415,"idx":15},{"addr":140736882088628,"idx":16},{"addr":140736882092154,"idx":17},{"addr":140736882015316,"idx":18},{"addr":140736882081820,"idx":19},{"addr":140736882106396,"idx":20},{"addr":140736882102691,"idx":21},{"addr":140736882098504,"idx":22},{"addr":140736917358174,"idx":23},{"addr":140736917350275,"idx":24},{"addr":140736897083607,"idx":25},{"addr":140736916996940,"idx":26}],,,,,,,,,,,,,,,,,,,4096,0,5380,,,,,,,,,,,,,,,,,,,,,,,,,,,,,,,,,,,,,,,,,,,,,,,,,,,,,,,,,,,,,,,,,,,,,,,,,,,,,,,,,,,,,,,,,,,,,,,,,,,
"2025-09-02 15:13:11.3344925Z","ETW","Microsoft-Windows-Kernel-Audit-API-Calls",5,"Info ",2828,8368,"svchost.exe",,,,,,,,,,,,,,,,[{"addr":140736918206916,"idx":0},{"addr":140736882337646,"idx":1},{"addr":140736910267593,"idx":2},{"addr":140736627175582,"idx":3},{"addr":140736627173040,"idx":4},{"addr":140736882620003,"idx":5},{"addr":140736882628366,"idx":6},{"addr":140736881847376,"idx":7},{"addr":140736909646499,"idx":8},{"addr":140736909646267,"idx":9},{"addr":140736909643574,"idx":10},{"addr":140736909641089,"idx":11},{"addr":140736910206646,"idx":12},{"addr":140736909298250,"idx":13},{"addr":140736909422200,"idx":14},{"addr":140736909684515,"idx":15},{"addr":140736882311415,"idx":16},{"addr":140736882088628,"idx":17},{"addr":140736882092154,"idx":18},{"addr":140736882015316,"idx":19},{"addr":140736882081820,"idx":20},{"addr":140736882106396,"idx":21},{"addr":140736882102691,"idx":22},{"addr":140736882098504,"idx":23},{"addr":140736917358174,"idx":24},{"addr":140736917350275,"idx":25},{"addr":140736897083607,"idx":26},{"addr":140736916996940,"idx":27}],,,,,,,,,,,,,,,,,,,4096,0,5380,,,,,,,,,,,,,,,,,,,,,,,,,,,,,,,,,,,,,,,,,,,,,,,,,,,,,,,,,,,,,,,,,,,,,,,,,,,,,,,,,,,,,,,,,,,,,,,,,,,
"2025-09-02 15:13:11.3545035Z","ETW","Microsoft-Windows-Kernel-Process",3,"ThreadStartStart ",22412,16128,"OpenConsole.exe",,,,,,,,,,,,,,,,[{"addr":140736918208964,"idx":0},{"addr":140736872776761,"idx":1},{"addr":140736897102141,"idx":2},{"addr":140700076919133,"idx":3},{"addr":140700076923803,"idx":4},{"addr":140700076767210,"idx":5},{"addr":140736882620003,"idx":6},{"addr":140736882628366,"idx":7},{"addr":140736881847376,"idx":8},{"addr":140736909646461,"idx":9},{"addr":140736882199830,"idx":10},{"addr":140736909646274,"idx":11},{"addr":140736909643574,"idx":12},{"addr":140736909641089,"idx":13},{"addr":140736910206646,"idx":14},{"addr":140736909298250,"idx":15},{"addr":140736909422200,"idx":16},{"addr":140736909684515,"idx":17},{"addr":140736882311415,"idx":18},{"addr":140736882088628,"idx":19},{"addr":140736882092154,"idx":20},{"addr":140736882015316,"idx":21},{"addr":140736882081820,"idx":22},{"addr":140736882106396,"idx":23},{"addr":140736882102691,"idx":24},{"addr":140736882098504,"idx":25},{"addr":140736917358174,"idx":26},{"addr":140736917350275,"idx":27},{"addr":140736897083607,"idx":28},{"addr":140736916996940,"idx":29}],,,,,,,,,22412,18446639081567023104,18446639081566998528,140700076927424,0,595717873664,7308,595727482880,595727478784,140700076927424,,,,,,,,,,,,,,,,,,,,,,,,,,,,,,,,,,,,,,,,,,,,,,,,,,,,,,,,,,,,,,,,,,,,,,,,,,,,,,,,,,,,,,,,,,,,,,,,,,,,,,
"2025-09-02 15:13:11.3545679Z","ETW","Microsoft-Windows-Kernel-Process",3,"ThreadStartStart ",22412,16128,"OpenConsole.exe",,,,,,,,,,,,,,,,[{"addr":140736918208964,"idx":0},{"addr":140736872776761,"idx":1},{"addr":140736897102141,"idx":2},{"addr":140700076947420,"idx":3},{"addr":140700076919504,"idx":4},{"addr":140700076923803,"idx":5},{"addr":140700076767210,"idx":6},{"addr":140736882620003,"idx":7},{"addr":140736882628366,"idx":8},{"addr":140736881847376,"idx":9},{"addr":140736909646461,"idx":10},{"addr":140736882199830,"idx":11},{"addr":140736909646274,"idx":12},{"addr":140736909643574,"idx":13},{"addr":140736909641089,"idx":14},{"addr":140736910206646,"idx":15},{"addr":140736909298250,"idx":16},{"addr":140736909422200,"idx":17},{"addr":140736909684515,"idx":18},{"addr":140736882311415,"idx":19},{"addr":140736882088628,"idx":20},{"addr":140736882092154,"idx":21},{"addr":140736882015316,"idx":22},{"addr":140736882081820,"idx":23},{"addr":140736882106396,"idx":24},{"addr":140736882102691,"idx":25},{"addr":140736882098504,"idx":26},{"addr":140736917358174,"idx":27},{"addr":140736917350275,"idx":28},{"addr":140736897083607,"idx":29},{"addr":140736916996940,"idx":30}],,,,,,,,,22412,18446639081567453184,18446639081567428608,140700076944224,0,595717881856,8196,595728531456,595728527360,140700076944224,,,,,,,,,,,,,,,,,,,,,,,,,,,,,,,,,,,,,,,,,,,,,,,,,,,,,,,,,,,,,,,,,,,,,,,,,,,,,,,,,,,,,,,,,,,,,,,,,,,,,,
"2025-09-02 15:13:11.3547617Z","ETW","Microsoft-Windows-Kernel-Audit-API-Calls",5,"Info ",22412,7308,"OpenConsole.exe",,,,,,,,,,,,,,,,[{"addr":140736918203764,"idx":0},{"addr":140736872731894,"idx":1},{"addr":140700076852873,"idx":2},{"addr":140700077330582,"idx":3},{"addr":140700077328788,"idx":4},{"addr":140700076927700,"idx":5},{"addr":140736897083607,"idx":6},{"addr":140736916996940,"idx":7}],,,,,,,,,,,,,,,,,,,33554432,0,16284,,,,,,,,,,,,,,,,,,,,,,,,,,,,,,,,,,,,,,,,,,,,,,,,,,,,,,,,,,,,,,,,,,,,,,,,,,,,,,,,,,,,,,,,,,,,,,,,,,,
"2025-09-02 15:13:11.3547946Z","ETW","Microsoft-Antimalware-Engine",53,"Behavior Monitoring BmOpenProcess",22412,10404,"OpenConsole.exe",,16284,,,,,,,,,,,,,,[],,,,,,,,,,,,,,,,,,,,,,,,,,,,,,,,,,,,,,,,,,,,,,,,,,,,,,,,,,,,,,,,,,,,,,,,2097151,false,,,,,,,,,,,,,,,,,,,,,,,,,,,,,,,,,,,,,,,,,,,,,,,
"2025-09-02 15:13:11.3559863Z","ETW","Microsoft-Windows-Kernel-Process",5,"ImageLoadInfo ",22412,7308,"OpenConsole.exe",,,,"C:\Windows\System32\uxtheme.dll",,,,,,,,,,,,[{"addr":140736918203828,"idx":0},{"addr":140736917192506,"idx":1},{"addr":140736917191278,"idx":2},{"addr":140736917210764,"idx":3},{"addr":140736917202269,"idx":4},{"addr":140736917259140,"idx":5},{"addr":140736916785248,"idx":6},{"addr":140736916784352,"idx":7},{"addr":140736917101952,"idx":8},{"addr":140736872000198,"idx":9},{"addr":140736914284989,"idx":10},{"addr":140736918218964,"idx":11},{"addr":140736876161572,"idx":12},{"addr":140736914145665,"idx":13},{"addr":140700076791465,"idx":14},{"addr":140700076918476,"idx":15},{"addr":140700076926453,"idx":16},{"addr":140700077330748,"idx":17},{"addr":140700077328788,"idx":18},{"addr":140700076927700,"idx":19},{"addr":140736897083607,"idx":20},{"addr":140736916996940,"idx":21}],,,,,,,,,22412,,,,,,,,,,,,,,,,,,,,,,,,,,,,,,,,,,,,1095616687,140736820019200,140736820019200,769574,716800,,,,,,,,,,,,,,,,,,,,,,,,,,,,,,,,,,,,,,,,,,,,,,,,,,,,,,,,,,,,,,,,,,,,,,,
"2025-09-02 15:13:11.3563613Z","ETW","Microsoft-Antimalware-Engine",59,"Message Info ",1912,10404,"MsMpEng.exe",,,,,,0,"!BMGroup:DridexVulnDlls.A","0x195B3BF987774","01184f82067d771b42525bbf6c6541ec7a8114a3",,,,,,,[],,,,,,,,,,,,,,,,,,,,,,,,,,,,,,,,,,,,,,,,,,,,,,,,,,,,,,,,,,,,,,,,,,,,,,,,,,,,,,,,,,,,,,,,,,,,,,,,,,,,,,,,,,,,,,,,,,,,,,,,
"2025-09-02 15:13:11.3564595Z","ETW","Microsoft-Windows-Kernel-Audit-API-Calls",5,"Info ",2496,2756,"svchost.exe",,,,,,,,,,,,,,,,[{"addr":140736918203764,"idx":0},{"addr":140736624153375,"idx":1},{"addr":140736624146038,"idx":2},{"addr":140736624145118,"idx":3},{"addr":140736624193741,"idx":4},{"addr":140700308678045,"idx":5},{"addr":140736881194535,"idx":6},{"addr":140736897083607,"idx":7},{"addr":140736916996940,"idx":8}],,,,,,,,,,,,,,,,,,,5240,0,22412,,,,,,,,,,,,,,,,,,,,,,,,,,,,,,,,,,,,,,,,,,,,,,,,,,,,,,,,,,,,,,,,,,,,,,,,,,,,,,,,,,,,,,,,,,,,,,,,,,,
"2025-09-02 15:13:11.3565374Z","ETW","Microsoft-Windows-Kernel-Audit-API-Calls",6,"Info ",2496,4360,"svchost.exe",,,,,,,,,,,,,,,,[{"addr":140736918212548,"idx":0},{"addr":140736624141675,"idx":1},{"addr":140736624140828,"idx":2},{"addr":140736624140307,"idx":3},{"addr":140736624148436,"idx":4},{"addr":140736624147998,"idx":5},{"addr":140736624154053,"idx":6},{"addr":140736917453874,"idx":7},{"addr":140736917350976,"idx":8},{"addr":140736897083607,"idx":9},{"addr":140736916996940,"idx":10}],,,,,,,,,,,,,,,,,,,64,0,22412,7308,,,,,,,,,,,,,,,,,,,,,,,,,,,,,,,,,,,,,,,,,,,,,,,,,,,,,,,,,,,,,,,,,,,,,,,,,,,,,,,,,,,,,,,,,,,,,,,,,,
"2025-09-02 15:13:11.3565461Z","ETW","Microsoft-Windows-Kernel-Audit-API-Calls",5,"Info ",2496,4360,"svchost.exe",,,,,,,,,,,,,,,,[{"addr":140736918203764,"idx":0},{"addr":140736624141781,"idx":1},{"addr":140736624140828,"idx":2},{"addr":140736624140307,"idx":3},{"addr":140736624148436,"idx":4},{"addr":140736624147998,"idx":5},{"addr":140736624154053,"idx":6},{"addr":140736917453874,"idx":7},{"addr":140736917350976,"idx":8},{"addr":140736897083607,"idx":9},{"addr":140736916996940,"idx":10}],,,,,,,,,,,,,,,,,,,1024,0,22412,,,,,,,,,,,,,,,,,,,,,,,,,,,,,,,,,,,,,,,,,,,,,,,,,,,,,,,,,,,,,,,,,,,,,,,,,,,,,,,,,,,,,,,,,,,,,,,,,,,
"2025-09-02 15:13:11.3572460Z","ETW","Microsoft-Windows-Kernel-Process",3,"ThreadStartStart ",20964,21880,"conhost.exe",,,,,,,,,,,,,,,,[{"addr":140736918208964,"idx":0},{"addr":140736872776761,"idx":1},{"addr":140736897102141,"idx":2},{"addr":140699016623332,"idx":3},{"addr":140699016514575,"idx":4},{"addr":140699016510980,"idx":5},{"addr":140699016520465,"idx":6},{"addr":140736897083607,"idx":7},{"addr":140736916996940,"idx":8}],,,,,,,,,20964,18446639081567768576,18446639081567744000,140699016992528,0,12003504128,2256,12006195200,12006187008,140699016992528,,,,,,,,,,,,,,,,,,,,,,,,,,,,,,,,,,,,,,,,,,,,,,,,,,,,,,,,,,,,,,,,,,,,,,,,,,,,,,,,,,,,,,,,,,,,,,,,,,,,,,
"2025-09-02 15:13:11.3579107Z","ETW","Microsoft-Windows-Kernel-Audit-API-Calls",5,"Info ",4900,6264,"ctfmon.exe",,,,,,,,,,,,,,,,[{"addr":140736918203764,"idx":0},{"addr":140736872731894,"idx":1},{"addr":140736661124088,"idx":2},{"addr":140736661123728,"idx":3},{"addr":140736661331367,"idx":4},{"addr":140736762331528,"idx":5},{"addr":140736762331337,"idx":6},{"addr":140736762342269,"idx":7},{"addr":140736761848934,"idx":8},{"addr":140736762102206,"idx":9},{"addr":140736761872922,"idx":10},{"addr":140736761870928,"idx":11},{"addr":140736813613695,"idx":12},{"addr":140736813611738,"idx":13},{"addr":140736813992650,"idx":14},{"addr":140736813605311,"idx":15},{"addr":140736813677306,"idx":16},{"addr":140736813675690,"idx":17},{"addr":140736813675059,"idx":18},{"addr":140736813705220,"idx":19},{"addr":140736813708749,"idx":20},{"addr":140736813707270,"idx":21},{"addr":140736813706702,"idx":22},{"addr":140736813666817,"idx":23},{"addr":140736813942079,"idx":24},{"addr":140736813625204,"idx":25},{"addr":140736813624077,"idx":26},{"addr":140736813683309,"idx":27},{"addr":140736813684989,"idx":28},{"addr":140736813684120,"idx":29},{"addr":140736813678304,"idx":30},{"addr":140736914162134,"idx":31},{"addr":140736914160220,"idx":32},{"addr":140736914362035,"idx":33},{"addr":140736918218964,"idx":34},{"addr":140736876122820,"idx":35},{"addr":140736914122143,"idx":36},{"addr":140736914122024,"idx":37},{"addr":140736813919654,"idx":38},{"addr":140736813919398,"idx":39},{"addr":140736813919071,"idx":40},{"addr":140736813638628,"idx":41},{"addr":140736814110186,"idx":42},{"addr":140736814085855,"idx":43},{"addr":140736813866763,"idx":44},{"addr":140736497381779,"idx":45},{"addr":140736497286952,"idx":46},{"addr":140736897083607,"idx":47},{"addr":140736916996940,"idx":48}],,,,,,,,,,,,,,,,,,,4096,0,18424,,,,,,,,,,,,,,,,,,,,,,,,,,,,,,,,,,,,,,,,,,,,,,,,,,,,,,,,,,,,,,,,,,,,,,,,,,,,,,,,,,,,,,,,,,,,,,,,,,,
"2025-09-02 15:13:11.3579574Z","ETW","Microsoft-Windows-Kernel-Process",3,"ThreadStartStart ",22412,7308,"OpenConsole.exe",,,,,,,,,,,,,,,,[{"addr":140736918208964,"idx":0},{"addr":140736872776761,"idx":1},{"addr":140736897102141,"idx":2},{"addr":140700076787898,"idx":3},{"addr":140700076926994,"idx":4},{"addr":140700077330748,"idx":5},{"addr":140700077328788,"idx":6},{"addr":140700076927700,"idx":7},{"addr":140736897083607,"idx":8},{"addr":140736916996940,"idx":9}],,,,,,,,,22412,18446639081566187520,18446639081566162944,140700076797744,0,595717890048,18400,595729580032,595729575936,140700076797744,,,,,,,,,,,,,,,,,,,,,,,,,,,,,,,,,,,,,,,,,,,,,,,,,,,,,,,,,,,,,,,,,,,,,,,,,,,,,,,,,,,,,,,,,,,,,,,,,,,,,,
"2025-09-02 15:13:11.3594902Z","ETW","Microsoft-Windows-Kernel-Process",3,"ThreadStartStart ",22412,7308,"OpenConsole.exe",,,,,,,,,,,,,,,,[{"addr":140736918208964,"idx":0},{"addr":140736872776761,"idx":1},{"addr":140736897102141,"idx":2},{"addr":140700076947977,"idx":3},{"addr":140700076927265,"idx":4},{"addr":140700077330748,"idx":5},{"addr":140700077328788,"idx":6},{"addr":140700076927700,"idx":7},{"addr":140736897083607,"idx":8},{"addr":140736916996940,"idx":9}],,,,,,,,,22412,18446639081567510528,18446639081567485952,140700077112736,0,595717898240,7784,595730628608,595730624512,140700077112736,,,,,,,,,,,,,,,,,,,,,,,,,,,,,,,,,,,,,,,,,,,,,,,,,,,,,,,,,,,,,,,,,,,,,,,,,,,,,,,,,,,,,,,,,,,,,,,,,,,,,,
"2025-09-02 15:13:11.3653146Z","ETW","Microsoft-Windows-Kernel-Process",3,"ThreadStartStart ",18424,12888,"WindowsTerminal.exe",,,,,,,,,,,,,,,,[{"addr":140736918208964,"idx":0},{"addr":140736872776761,"idx":1},{"addr":140736897102141,"idx":2},{"addr":140733992226588,"idx":3},{"addr":140733992235945,"idx":4},{"addr":140733907059619,"idx":5},{"addr":140733907177795,"idx":6},{"addr":140736678154624,"idx":7},{"addr":140736679793388,"idx":8},{"addr":140736675885000,"idx":9},{"addr":140736677674304,"idx":10},{"addr":140736676592575,"idx":11},{"addr":140736676339278,"idx":12},{"addr":140736675726409,"idx":13},{"addr":140736679701401,"idx":14},{"addr":140736679700628,"idx":15},{"addr":140736675626782,"idx":16},{"addr":140736679658534,"idx":17},{"addr":140736813613757,"idx":18},{"addr":140736813610267,"idx":19},{"addr":140736813940562,"idx":20},{"addr":140736813625204,"idx":21},{"addr":140736813624077,"idx":22},{"addr":140736813683309,"idx":23},{"addr":140736813684989,"idx":24},{"addr":140736813684120,"idx":25},{"addr":140736813678539,"idx":26},{"addr":140736914162134,"idx":27},{"addr":140736914160220,"idx":28},{"addr":140736914362035,"idx":29},{"addr":140736918218964,"idx":30},{"addr":140736876122916,"idx":31},{"addr":140736914326306,"idx":32},{"addr":140702555940008,"idx":33},{"addr":140702555906205,"idx":34},{"addr":140702555923982,"idx":35},{"addr":140736876328880,"idx":36},{"addr":140736897083607,"idx":37},{"addr":140736916996940,"idx":38}],,,,,,,,,18424,18446639081567166464,18446639081567141888,140733992226960,0,210395901952,21816,210414600192,210414596096,140733992226960,,,,,,,,,,,,,,,,,,,,,,,,,,,,,,,,,,,,,,,,,,,,,,,,,,,,,,,,,,,,,,,,,,,,,,,,,,,,,,,,,,,,,,,,,,,,,,,,,,,,,,
"2025-09-02 15:13:11.3653611Z","ETW","Microsoft-Windows-Kernel-Process",3,"ThreadStartStart ",18424,12888,"WindowsTerminal.exe",,,,,,,,,,,,,,,,[{"addr":140736918208964,"idx":0},{"addr":140736872776761,"idx":1},{"addr":140736897102141,"idx":2},{"addr":140733906480745,"idx":3},{"addr":140733906811129,"idx":4},{"addr":140733907058738,"idx":5},{"addr":140733907177795,"idx":6},{"addr":140736678154624,"idx":7},{"addr":140736679793388,"idx":8},{"addr":140736675885000,"idx":9},{"addr":140736677674304,"idx":10},{"addr":140736676592575,"idx":11},{"addr":140736676339278,"idx":12},{"addr":140736675726409,"idx":13},{"addr":140736679701401,"idx":14},{"addr":140736679700628,"idx":15},{"addr":140736675626782,"idx":16},{"addr":140736679658534,"idx":17},{"addr":140736813613757,"idx":18},{"addr":140736813610267,"idx":19},{"addr":140736813940562,"idx":20},{"addr":140736813625204,"idx":21},{"addr":140736813624077,"idx":22},{"addr":140736813683309,"idx":23},{"addr":140736813684989,"idx":24},{"addr":140736813684120,"idx":25},{"addr":140736813678539,"idx":26},{"addr":140736914162134,"idx":27},{"addr":140736914160220,"idx":28},{"addr":140736914362035,"idx":29},{"addr":140736918218964,"idx":30},{"addr":140736876122916,"idx":31},{"addr":140736914326306,"idx":32},{"addr":140702555940008,"idx":33},{"addr":140702555906205,"idx":34},{"addr":140702555923982,"idx":35},{"addr":140736876328880,"idx":36},{"addr":140736897083607,"idx":37},{"addr":140736916996940,"idx":38}],,,,,,,,,18424,18446639081567195136,18446639081567170560,140733906489600,0,210395910144,6696,210415648768,210415644672,140733906489600,,,,,,,,,,,,,,,,,,,,,,,,,,,,,,,,,,,,,,,,,,,,,,,,,,,,,,,,,,,,,,,,,,,,,,,,,,,,,,,,,,,,,,,,,,,,,,,,,,,,,,
"2025-09-02 15:13:11.3676759Z","ETW","Microsoft-Windows-Kernel-Audit-API-Calls",5,"Info ",5380,5932,"explorer.exe",,,,,,,,,,,,,,,,[{"addr":140736918203764,"idx":0},{"addr":140736872731894,"idx":1},{"addr":140736402635997,"idx":2},{"addr":140736444426842,"idx":3},{"addr":140736444422450,"idx":4},{"addr":140736380163635,"idx":5},{"addr":140736379887339,"idx":6},{"addr":140736379886107,"idx":7},{"addr":140736380085383,"idx":8},{"addr":140736380059802,"idx":9},{"addr":140736380059676,"idx":10},{"addr":140736914162134,"idx":11},{"addr":140736914152749,"idx":12},{"addr":140736385072015,"idx":13},{"addr":140736385153039,"idx":14},{"addr":140736385398901,"idx":15},{"addr":140736385399961,"idx":16},{"addr":140736897083607,"idx":17},{"addr":140736916996940,"idx":18}],,,,,,,,,,,,,,,,,,,4096,0,16284,,,,,,,,,,,,,,,,,,,,,,,,,,,,,,,,,,,,,,,,,,,,,,,,,,,,,,,,,,,,,,,,,,,,,,,,,,,,,,,,,,,,,,,,,,,,,,,,,,,
"2025-09-02 15:13:11.3678750Z","ETW","Microsoft-Windows-Kernel-Audit-API-Calls",5,"Info ",5380,11960,"explorer.exe",,,,,,,,,,,,,,,,[{"addr":140736918203764,"idx":0},{"addr":140736872731894,"idx":1},{"addr":140736444438058,"idx":2},{"addr":140736446554414,"idx":3},{"addr":140736445126775,"idx":4},{"addr":140736446857623,"idx":5},{"addr":140736902703990,"idx":6},{"addr":140736902703274,"idx":7},{"addr":140736902700103,"idx":8},{"addr":140736897083607,"idx":9},{"addr":140736916996940,"idx":10}],,,,,,,,,,,,,,,,,,,4096,0,16284,,,,,,,,,,,,,,,,,,,,,,,,,,,,,,,,,,,,,,,,,,,,,,,,,,,,,,,,,,,,,,,,,,,,,,,,,,,,,,,,,,,,,,,,,,,,,,,,,,,
"2025-09-02 15:13:11.3678805Z","ETW","Microsoft-Windows-Kernel-Audit-API-Calls",5,"Info ",5380,11960,"explorer.exe",,,,,,,,,,,,,,,,[{"addr":140736918203764,"idx":0},{"addr":140736872731894,"idx":1},{"addr":140736444438370,"idx":2},{"addr":140736446554414,"idx":3},{"addr":140736445126775,"idx":4},{"addr":140736446857623,"idx":5},{"addr":140736902703990,"idx":6},{"addr":140736902703274,"idx":7},{"addr":140736902700103,"idx":8},{"addr":140736897083607,"idx":9},{"addr":140736916996940,"idx":10}],,,,,,,,,,,,,,,,,,,4096,0,16284,,,,,,,,,,,,,,,,,,,,,,,,,,,,,,,,,,,,,,,,,,,,,,,,,,,,,,,,,,,,,,,,,,,,,,,,,,,,,,,,,,,,,,,,,,,,,,,,,,,
"2025-09-02 15:13:11.3678949Z","ETW","Microsoft-Windows-Kernel-Audit-API-Calls",5,"Info ",5380,11960,"explorer.exe",,,,,,,,,,,,,,,,[{"addr":140736918203764,"idx":0},{"addr":140736872731894,"idx":1},{"addr":140736445128446,"idx":2},{"addr":140736445127711,"idx":3},{"addr":140736445127394,"idx":4},{"addr":140736445126788,"idx":5},{"addr":140736446857623,"idx":6},{"addr":140736902703990,"idx":7},{"addr":140736902703274,"idx":8},{"addr":140736902700103,"idx":9},{"addr":140736897083607,"idx":10},{"addr":140736916996940,"idx":11}],,,,,,,,,,,,,,,,,,,4096,0,16284,,,,,,,,,,,,,,,,,,,,,,,,,,,,,,,,,,,,,,,,,,,,,,,,,,,,,,,,,,,,,,,,,,,,,,,,,,,,,,,,,,,,,,,,,,,,,,,,,,,
"2025-09-02 15:13:11.3679506Z","ETW","Microsoft-Windows-Kernel-Audit-API-Calls",5,"Info ",5380,5932,"explorer.exe",,,,,,,,,,,,,,,,[{"addr":140736918203764,"idx":0},{"addr":140736872731894,"idx":1},{"addr":140736444438058,"idx":2},{"addr":140736446554414,"idx":3},{"addr":140736445526715,"idx":4},{"addr":140736445712474,"idx":5},{"addr":140736444827805,"idx":6},{"addr":140736444420746,"idx":7},{"addr":140736444849257,"idx":8},{"addr":140736914162134,"idx":9},{"addr":140736914152749,"idx":10},{"addr":140736385072015,"idx":11},{"addr":140736385153039,"idx":12},{"addr":140736385398901,"idx":13},{"addr":140736385399961,"idx":14},{"addr":140736897083607,"idx":15},{"addr":140736916996940,"idx":16}],,,,,,,,,,,,,,,,,,,4096,0,16284,,,,,,,,,,,,,,,,,,,,,,,,,,,,,,,,,,,,,,,,,,,,,,,,,,,,,,,,,,,,,,,,,,,,,,,,,,,,,,,,,,,,,,,,,,,,,,,,,,,
"2025-09-02 15:13:11.3679576Z","ETW","Microsoft-Windows-Kernel-Audit-API-Calls",5,"Info ",5380,5932,"explorer.exe",,,,,,,,,,,,,,,,[{"addr":140736918203764,"idx":0},{"addr":140736872731894,"idx":1},{"addr":140736444438370,"idx":2},{"addr":140736446554414,"idx":3},{"addr":140736445526715,"idx":4},{"addr":140736445712474,"idx":5},{"addr":140736444827805,"idx":6},{"addr":140736444420746,"idx":7},{"addr":140736444849257,"idx":8},{"addr":140736914162134,"idx":9},{"addr":140736914152749,"idx":10},{"addr":140736385072015,"idx":11},{"addr":140736385153039,"idx":12},{"addr":140736385398901,"idx":13},{"addr":140736385399961,"idx":14},{"addr":140736897083607,"idx":15},{"addr":140736916996940,"idx":16}],,,,,,,,,,,,,,,,,,,4096,0,16284,,,,,,,,,,,,,,,,,,,,,,,,,,,,,,,,,,,,,,,,,,,,,,,,,,,,,,,,,,,,,,,,,,,,,,,,,,,,,,,,,,,,,,,,,,,,,,,,,,,
"2025-09-02 15:13:11.3684037Z","ETW","Microsoft-Windows-Kernel-Audit-API-Calls",5,"Info ",18424,6696,"WindowsTerminal.exe",,,,,,,,,,,,,,,,[{"addr":140736876137252,"idx":0},{"addr":140736803693221,"idx":1},{"addr":140736803693489,"idx":2},{"addr":140736803419410,"idx":3},{"addr":140736803417894,"idx":4},{"addr":140736803459531,"idx":5},{"addr":140736803461042,"idx":6},{"addr":140736803460006,"idx":7},{"addr":140736804015323,"idx":8},{"addr":140736803691627,"idx":9},{"addr":140736803705684,"idx":10},{"addr":140736803705946,"idx":11},{"addr":140736803691169,"idx":12},{"addr":140736803700219,"idx":13},{"addr":140736803702775,"idx":14},{"addr":140736803696639,"idx":15},{"addr":140736803878163,"idx":16},{"addr":140736803908446,"idx":17},{"addr":140736803908268,"idx":18},{"addr":140736803914646,"idx":19},{"addr":140733906671181,"idx":20},{"addr":140733906670191,"idx":21},{"addr":140733906475981,"idx":22},{"addr":140733906489805,"idx":23},{"addr":140736897083607,"idx":24},{"addr":140736916996940,"idx":25}],,,,,,,,,,,,,,,,,,,64,0,18424,,,,,,,,,,,,,,,,,,,,,,,,,,,,,,,,,,,,,,,,,,,,,,,,,,,,,,,,,,,,,,,,,,,,,,,,,,,,,,,,,,,,,,,,,,,,,,,,,,,
"2025-09-02 15:13:11.3685798Z","ETW","Microsoft-Windows-Kernel-Process",5,"ImageLoadInfo ",16284,14140,"attack.exe",,,,"C:\Windows\System32\advapi32.dll",,,,,,,,,,,,[{"addr":140736918203828,"idx":0},{"addr":140736917192506,"idx":1},{"addr":140736917191278,"idx":2},{"addr":140736917190209,"idx":3},{"addr":140736916798526,"idx":4},{"addr":140736916790798,"idx":5},{"addr":140736917165509,"idx":6},{"addr":140736917158036,"idx":7},{"addr":140736917157502,"idx":8},{"addr":140736916971470,"idx":9}],,,,,,,,,16284,,,,,,,,,,,,,,,,,,,,,,,,,,,,,,,,,,,,2886261828,140736895844352,140736895844352,804270,737280,,,,,,,,,,,,,,,,,,,,,,,,,,,,,,,,,,,,,,,,,,,,,,,,,,,,,,,,,,,,,,,,,,,,,,,
"2025-09-02 15:13:11.3687975Z","ETW","Microsoft-Antimalware-Engine",11,"Behavior Monitoring BmModuleLoad",16284,10404,"attack.exe",,,,"C:\Windows\System32\advapi32.dll",,,,,,,,,,,,[],,,,,,,,,,,,,,,,,,,,,,,,,,,,,,,,,,,,,,,,,,,,,,,,,,,,,,,,,,,,,,,,,,,,,,,,,,,,,,,,,,,,,,,,,,,,,,,,,,,,,,,,,,,,,,,,,,,,,,,,
"2025-09-02 15:13:11.3687998Z","ETW","Microsoft-Windows-Kernel-Process",5,"ImageLoadInfo ",16284,14140,"attack.exe",,,,"C:\Windows\System32\msvcrt.dll",,,,,,,,,,,,[{"addr":140736918203828,"idx":0},{"addr":140736917192506,"idx":1},{"addr":140736917191278,"idx":2},{"addr":140736917190209,"idx":3},{"addr":140736916798526,"idx":4},{"addr":140736916790798,"idx":5},{"addr":140736917191656,"idx":6},{"addr":140736917190209,"idx":7},{"addr":140736916798526,"idx":8},{"addr":140736916790798,"idx":9},{"addr":140736917165509,"idx":10},{"addr":140736917158036,"idx":11},{"addr":140736917157502,"idx":12},{"addr":140736916971470,"idx":13}],,,,,,,,,16284,,,,,,,,,,,,,,,,,,,,,,,,,,,,,,,,,,,,2634004398,140736913342464,140736913342464,729924,692224,,,,,,,,,,,,,,,,,,,,,,,,,,,,,,,,,,,,,,,,,,,,,,,,,,,,,,,,,,,,,,,,,,,,,,,
"2025-09-02 15:13:11.3688148Z","ETW","Microsoft-Windows-Kernel-Process",3,"ThreadStartStart ",18424,6696,"WindowsTerminal.exe",,,,,,,,,,,,,,,,[{"addr":140736918216388,"idx":0},{"addr":140736917292563,"idx":1},{"addr":140736873033675,"idx":2},{"addr":140736751153715,"idx":3},{"addr":140736751156253,"idx":4},{"addr":140736751154227,"idx":5},{"addr":140736751158614,"idx":6},{"addr":140736751926247,"idx":7},{"addr":140736751921968,"idx":8},{"addr":140736803693905,"idx":9},{"addr":140736803419410,"idx":10},{"addr":140736803417894,"idx":11},{"addr":140736803459531,"idx":12},{"addr":140736803461042,"idx":13},{"addr":140736803460006,"idx":14},{"addr":140736804015323,"idx":15},{"addr":140736803691627,"idx":16},{"addr":140736803705684,"idx":17},{"addr":140736803705946,"idx":18},{"addr":140736803691169,"idx":19},{"addr":140736803700219,"idx":20},{"addr":140736803702775,"idx":21},{"addr":140736803696639,"idx":22},{"addr":140736803878163,"idx":23},{"addr":140736803908446,"idx":24},{"addr":140736803908268,"idx":25},{"addr":140736803914646,"idx":26},{"addr":140733906671181,"idx":27},{"addr":140733906670191,"idx":28},{"addr":140733906475981,"idx":29},{"addr":140733906489805,"idx":30},{"addr":140736897083607,"idx":31},{"addr":140736916996940,"idx":32}],,,,,,,,,18424,18446639081567281152,18446639081567256576,140736917348896,0,210395918336,4376,210416697344,210416693248,140736917348896,,,,,,,,,,,,,,,,,,,,,,,,,,,,,,,,,,,,,,,,,,,,,,,,,,,,,,,,,,,,,,,,,,,,,,,,,,,,,,,,,,,,,,,,,,,,,,,,,,,,,,
"2025-09-02 15:13:11.3688428Z","ETW","Microsoft-Antimalware-Engine",111,"Behavior Monitoring BmNotificationHandleStart",16284,10404,"attack.exe",,,,,,,,,,,,,,,,[],,,,,,,,,,,,,,,,,,,,,,,,,,,,,,,,,,,,,,,,,,,,,,,,,,,,,,,,,,,,,,,,,,,,,,,,,,,,,,,,,16404,3935643,0,,,,,,,,,,,,,,,,,,,,,,,,,,,,,,,,,,,,,
"2025-09-02 15:13:11.3689145Z","ETW","Microsoft-Windows-Kernel-Process",3,"ThreadStartStart ",16284,14140,"attack.exe",,,,,,,,,,,,,,,,[{"addr":140736918214756,"idx":0},{"addr":140736917348769,"idx":1},{"addr":140736917700534,"idx":2},{"addr":140736916791223,"idx":3},{"addr":140736917191656,"idx":4},{"addr":140736917190209,"idx":5},{"addr":140736916798526,"idx":6},{"addr":140736916790798,"idx":7},{"addr":140736917191656,"idx":8},{"addr":140736917190209,"idx":9},{"addr":140736916798526,"idx":10},{"addr":140736916790798,"idx":11},{"addr":140736917165509,"idx":12},{"addr":140736917158036,"idx":13},{"addr":140736917157502,"idx":14},{"addr":140736916971470,"idx":15}],,,,,,,,,16284,18446639081567739904,18446639081567715328,140736917348896,0,245447802880,19192,245450670080,245450665984,140736917348896,,,,,,,,,,,,,,,,,,,,,,,,,,,,,,,,,,,,,,,,,,,,,,,,,,,,,,,,,,,,,,,,,,,,,,,,,,,,,,,,,,,,,,,,,,,,,,,,,,,,,,
"2025-09-02 15:13:11.3689573Z","ETW","Microsoft-Antimalware-Engine",112,"Behavior Monitoring BmNotificationHandleStop",16284,10404,"attack.exe",,,,,,,,,,,,,,,,[],,,,,,,,,,,,,,,,,,,,,,,,,,,,,,,,,,,,,,,,,,,,,,,,,,,,,,,,,,,,,,,,,,,,,,,,,,,,,,,,,16404,3935643,0,false,false,0,,,,,,,,,,,,,,,,,,,,,,,,,,,,,,,,,,
"2025-09-02 15:13:11.3689861Z","ETW","Microsoft-Windows-Kernel-Process",5,"ImageLoadInfo ",16284,14140,"attack.exe",,,,"C:\Windows\System32\sechost.dll",,,,,,,,,,,,[{"addr":140736918203828,"idx":0},{"addr":140736917192506,"idx":1},{"addr":140736917191278,"idx":2},{"addr":140736917190209,"idx":3},{"addr":140736916798526,"idx":4},{"addr":140736916790798,"idx":5},{"addr":140736917191656,"idx":6},{"addr":140736917190209,"idx":7},{"addr":140736916798526,"idx":8},{"addr":140736916790798,"idx":9},{"addr":140736917165509,"idx":10},{"addr":140736917158036,"idx":11},{"addr":140736917157502,"idx":12},{"addr":140736916971470,"idx":13}],,,,,,,,,16284,,,,,,,,,,,,,,,,,,,,,,,,,,,,,,,,,,,,918957807,140736881033216,140736881033216,733904,679936,,,,,,,,,,,,,,,,,,,,,,,,,,,,,,,,,,,,,,,,,,,,,,,,,,,,,,,,,,,,,,,,,,,,,,,
"2025-09-02 15:13:11.3691199Z","ETW","Microsoft-Windows-Kernel-Process",5,"ImageLoadInfo ",16284,14140,"attack.exe",,,,"C:\Windows\System32\rpcrt4.dll",,,,,,,,,,,,[{"addr":140736918203828,"idx":0},{"addr":140736917192506,"idx":1},{"addr":140736917191278,"idx":2},{"addr":140736917190209,"idx":3},{"addr":140736916798526,"idx":4},{"addr":140736916790798,"idx":5},{"addr":140736917191656,"idx":6},{"addr":140736917190209,"idx":7},{"addr":140736916798526,"idx":8},{"addr":140736916790798,"idx":9},{"addr":140736917165509,"idx":10},{"addr":140736917158036,"idx":11},{"addr":140736917157502,"idx":12},{"addr":140736916971470,"idx":13}],,,,,,,,,16284,,,,,,,,,,,,,,,,,,,,,,,,,,,,,,,,,,,,755903142,140736881754112,140736881754112,1201440,1146880,,,,,,,,,,,,,,,,,,,,,,,,,,,,,,,,,,,,,,,,,,,,,,,,,,,,,,,,,,,,,,,,,,,,,,,
"2025-09-02 15:13:11.3692305Z","ETW","Microsoft-Windows-Kernel-Process",3,"ThreadStartStart ",16284,19192,"attack.exe",,,,,,,,,,,,,,,,[{"addr":140736918214756,"idx":0},{"addr":140736917257428,"idx":1},{"addr":140736917254706,"idx":2},{"addr":140736917350945,"idx":3},{"addr":140736897083607,"idx":4},{"addr":140736916996940,"idx":5}],,,,,,,,,16284,18446639081668907008,18446639081668882432,140736917348896,0,245447811072,1212,245451718656,245451714560,140736917348896,,,,,,,,,,,,,,,,,,,,,,,,,,,,,,,,,,,,,,,,,,,,,,,,,,,,,,,,,,,,,,,,,,,,,,,,,,,,,,,,,,,,,,,,,,,,,,,,,,,,,,
"2025-09-02 15:13:11.3692689Z","ETW","Microsoft-Windows-Kernel-Process",5,"ImageLoadInfo ",16284,14140,"attack.exe",,,,"C:\Windows\System32\ucrtbase.dll",,,,,,,,,,,,[{"addr":140736918203828,"idx":0},{"addr":140736917192506,"idx":1},{"addr":140736917191278,"idx":2},{"addr":140736917190209,"idx":3},{"addr":140736916798526,"idx":4},{"addr":140736916790798,"idx":5},{"addr":140736917165509,"idx":6},{"addr":140736917158036,"idx":7},{"addr":140736917157502,"idx":8},{"addr":140736916971470,"idx":9}],,,,,,,,,16284,,,,,,,,,,,,,,,,,,,,,,,,,,,,,,,,,,,,3686092271,140736876314624,140736876314624,1418583,1355776,,,,,,,,,,,,,,,,,,,,,,,,,,,,,,,,,,,,,,,,,,,,,,,,,,,,,,,,,,,,,,,,,,,,,,,
"2025-09-02 15:13:11.3695466Z","ETW","Microsoft-Windows-Kernel-Process",3,"ThreadStartStart ",16284,1212,"attack.exe",,,,,,,,,,,,,,,,[{"addr":140736918214756,"idx":0},{"addr":140736917257428,"idx":1},{"addr":140736917254706,"idx":2},{"addr":140736917350945,"idx":3},{"addr":140736897083607,"idx":4},{"addr":140736916996940,"idx":5}],,,,,,,,,16284,18446639081567395840,18446639081567371264,140736917348896,0,245447819264,10876,245452767232,245452763136,140736917348896,,,,,,,,,,,,,,,,,,,,,,,,,,,,,,,,,,,,,,,,,,,,,,,,,,,,,,,,,,,,,,,,,,,,,,,,,,,,,,,,,,,,,,,,,,,,,,,,,,,,,,
"2025-09-02 15:13:11.3698329Z","ETW","Microsoft-Windows-Kernel-Process",5,"ImageLoadInfo ",16284,14140,"attack.exe",,,,"C:\Windows\System32\vcruntime140_1.dll",,,,,,,,,,,,[{"addr":140736918203828,"idx":0},{"addr":140736917192506,"idx":1},{"addr":140736917191278,"idx":2},{"addr":140736917210764,"idx":3},{"addr":140736917201516,"idx":4},{"addr":140736917258922,"idx":5},{"addr":140736916999751,"idx":6},{"addr":140736917165517,"idx":7},{"addr":140736917158036,"idx":8},{"addr":140736917157502,"idx":9},{"addr":140736916971470,"idx":10}],,,,,,,,,16284,,,,,,,,,,,,,,,,,,,,,,,,,,,,,,,,,,,,240324076,140736531857408,140736531857408,57827,49152,,,,,,,,,,,,,,,,,,,,,,,,,,,,,,,,,,,,,,,,,,,,,,,,,,,,,,,,,,,,,,,,,,,,,,,
"2025-09-02 15:13:11.3698865Z","ETW","Microsoft-Antimalware-Engine",11,"Behavior Monitoring BmModuleLoad",16284,10404,"attack.exe",,,,"C:\Windows\System32\msvcrt.dll",,,,,,,,,,,,[],,,,,,,,,,,,,,,,,,,,,,,,,,,,,,,,,,,,,,,,,,,,,,,,,,,,,,,,,,,,,,,,,,,,,,,,,,,,,,,,,,,,,,,,,,,,,,,,,,,,,,,,,,,,,,,,,,,,,,,,
"2025-09-02 15:13:11.3699260Z","ETW","Microsoft-Antimalware-Engine",111,"Behavior Monitoring BmNotificationHandleStart",16284,11040,"attack.exe",,,,,,,,,,,,,,,,[],,,,,,,,,,,,,,,,,,,,,,,,,,,,,,,,,,,,,,,,,,,,,,,,,,,,,,,,,,,,,,,,,,,,,,,,,,,,,,,,,16404,3935644,0,,,,,,,,,,,,,,,,,,,,,,,,,,,,,,,,,,,,,
"2025-09-02 15:13:11.3699738Z","ETW","Microsoft-Antimalware-Engine",112,"Behavior Monitoring BmNotificationHandleStop",16284,11040,"attack.exe",,,,,,,,,,,,,,,,[],,,,,,,,,,,,,,,,,,,,,,,,,,,,,,,,,,,,,,,,,,,,,,,,,,,,,,,,,,,,,,,,,,,,,,,,,,,,,,,,,16404,3935644,0,false,false,0,,,,,,,,,,,,,,,,,,,,,,,,,,,,,,,,,,
"2025-09-02 15:13:11.3699758Z","ETW","Microsoft-Antimalware-Engine",11,"Behavior Monitoring BmModuleLoad",16284,10404,"attack.exe",,,,"C:\Windows\System32\sechost.dll",,,,,,,,,,,,[],,,,,,,,,,,,,,,,,,,,,,,,,,,,,,,,,,,,,,,,,,,,,,,,,,,,,,,,,,,,,,,,,,,,,,,,,,,,,,,,,,,,,,,,,,,,,,,,,,,,,,,,,,,,,,,,,,,,,,,,
"2025-09-02 15:13:11.3699919Z","ETW","Microsoft-Antimalware-Engine",111,"Behavior Monitoring BmNotificationHandleStart",16284,11040,"attack.exe",,,,,,,,,,,,,,,,[],,,,,,,,,,,,,,,,,,,,,,,,,,,,,,,,,,,,,,,,,,,,,,,,,,,,,,,,,,,,,,,,,,,,,,,,,,,,,,,,,16404,3935645,0,,,,,,,,,,,,,,,,,,,,,,,,,,,,,,,,,,,,,
"2025-09-02 15:13:11.3700373Z","ETW","Microsoft-Antimalware-Engine",112,"Behavior Monitoring BmNotificationHandleStop",16284,11040,"attack.exe",,,,,,,,,,,,,,,,[],,,,,,,,,,,,,,,,,,,,,,,,,,,,,,,,,,,,,,,,,,,,,,,,,,,,,,,,,,,,,,,,,,,,,,,,,,,,,,,,,16404,3935645,0,false,false,0,,,,,,,,,,,,,,,,,,,,,,,,,,,,,,,,,,
"2025-09-02 15:13:11.3701326Z","ETW","Microsoft-Antimalware-Engine",11,"Behavior Monitoring BmModuleLoad",16284,10404,"attack.exe",,,,"C:\Windows\System32\rpcrt4.dll",,,,,,,,,,,,[],,,,,,,,,,,,,,,,,,,,,,,,,,,,,,,,,,,,,,,,,,,,,,,,,,,,,,,,,,,,,,,,,,,,,,,,,,,,,,,,,,,,,,,,,,,,,,,,,,,,,,,,,,,,,,,,,,,,,,,,
"2025-09-02 15:13:11.3701492Z","ETW","Microsoft-Antimalware-Engine",111,"Behavior Monitoring BmNotificationHandleStart",16284,10404,"attack.exe",,,,,,,,,,,,,,,,[],,,,,,,,,,,,,,,,,,,,,,,,,,,,,,,,,,,,,,,,,,,,,,,,,,,,,,,,,,,,,,,,,,,,,,,,,,,,,,,,,16404,3935646,0,,,,,,,,,,,,,,,,,,,,,,,,,,,,,,,,,,,,,
"2025-09-02 15:13:11.3701965Z","ETW","Microsoft-Antimalware-Engine",112,"Behavior Monitoring BmNotificationHandleStop",16284,10404,"attack.exe",,,,,,,,,,,,,,,,[],,,,,,,,,,,,,,,,,,,,,,,,,,,,,,,,,,,,,,,,,,,,,,,,,,,,,,,,,,,,,,,,,,,,,,,,,,,,,,,,,16404,3935646,0,false,false,0,,,,,,,,,,,,,,,,,,,,,,,,,,,,,,,,,,
"2025-09-02 15:13:11.3703266Z","ETW","Microsoft-Windows-Kernel-Process",5,"ImageLoadInfo ",16284,14140,"attack.exe",,,,"C:\Windows\System32\vcruntime140.dll",,,,,,,,,,,,[{"addr":140736918203828,"idx":0},{"addr":140736917192506,"idx":1},{"addr":140736917191278,"idx":2},{"addr":140736917210764,"idx":3},{"addr":140736917201516,"idx":4},{"addr":140736917258922,"idx":5},{"addr":140736916999751,"idx":6},{"addr":140736917165517,"idx":7},{"addr":140736917158036,"idx":8},{"addr":140736917157502,"idx":9},{"addr":140736916971470,"idx":10}],,,,,,,,,16284,,,,,,,,,,,,,,,,,,,,,,,,,,,,,,,,,,,,254123393,140736525959168,140736525959168,146072,122880,,,,,,,,,,,,,,,,,,,,,,,,,,,,,,,,,,,,,,,,,,,,,,,,,,,,,,,,,,,,,,,,,,,,,,,
"2025-09-02 15:13:11.3708446Z","ETW","Microsoft-Windows-Kernel-Process",5,"ImageLoadInfo ",16284,1212,"attack.exe",,,,"C:\Windows\System32\vcruntime140.dll",,,,,,,,,,,,[{"addr":140736918203828,"idx":0},{"addr":140736917192506,"idx":1},{"addr":140736917191278,"idx":2},{"addr":140736917210764,"idx":3},{"addr":140736917201516,"idx":4},{"addr":140736917258922,"idx":5},{"addr":140736917255216,"idx":6},{"addr":140736917350945,"idx":7},{"addr":140736897083607,"idx":8},{"addr":140736916996940,"idx":9}],,,,,,,,,16284,,,,,,,,,,,,,,,,,,,,,,,,,,,,,,,,,,,,254123393,2426644463616,2426644463616,146072,122880,,,,,,,,,,,,,,,,,,,,,,,,,,,,,,,,,,,,,,,,,,,,,,,,,,,,,,,,,,,,,,,,,,,,,,,
"2025-09-02 15:13:11.3708810Z","ETW","Microsoft-Windows-Kernel-Process",6,"ImageUnloadInfo ",16284,1212,"attack.exe",,,,"C:\Windows\System32\vcruntime140.dll",,,,,,,,,,,,[{"addr":140736918203892,"idx":0},{"addr":140736917192863,"idx":1},{"addr":140736917191278,"idx":2},{"addr":140736917210764,"idx":3},{"addr":140736917201516,"idx":4},{"addr":140736917258922,"idx":5},{"addr":140736917255216,"idx":6},{"addr":140736917350945,"idx":7},{"addr":140736897083607,"idx":8},{"addr":140736916996940,"idx":9}],,,,,,,,,16284,,,,,,,,,,,,,,,,,,,,,,,,,,,,,,,,,,,,254123393,2426644463616,2426644463616,146072,122880,,,,,,,,,,,,,,,,,,,,,,,,,,,,,,,,,,,,,,,,,,,,,,,,,,,,,,,,,,,,,,,,,,,,,,,
"2025-09-02 15:13:11.3711418Z","ETW","Microsoft-Windows-Kernel-Process",5,"ImageLoadInfo ",16284,19192,"attack.exe",,,,"C:\Windows\System32\msvcp140.dll",,,,,,,,,,,,[{"addr":140736918203828,"idx":0},{"addr":140736917192506,"idx":1},{"addr":140736917191278,"idx":2},{"addr":140736917210764,"idx":3},{"addr":140736917201516,"idx":4},{"addr":140736917258922,"idx":5},{"addr":140736917255216,"idx":6},{"addr":140736917350945,"idx":7},{"addr":140736897083607,"idx":8},{"addr":140736916996940,"idx":9}],,,,,,,,,16284,,,,,,,,,,,,,,,,,,,,,,,,,,,,,,,,,,,,1564323704,140735460147200,140735460147200,570439,561152,,,,,,,,,,,,,,,,,,,,,,,,,,,,,,,,,,,,,,,,,,,,,,,,,,,,,,,,,,,,,,,,,,,,,,,
"2025-09-02 15:13:11.3717296Z","ETW","Microsoft-Antimalware-Engine",11,"Behavior Monitoring BmModuleLoad",16284,22008,"attack.exe",,,,"C:\Windows\System32\ucrtbase.dll",,,,,,,,,,,,[],,,,,,,,,,,,,,,,,,,,,,,,,,,,,,,,,,,,,,,,,,,,,,,,,,,,,,,,,,,,,,,,,,,,,,,,,,,,,,,,,,,,,,,,,,,,,,,,,,,,,,,,,,,,,,,,,,,,,,,,
"2025-09-02 15:13:11.3717536Z","ETW","Microsoft-Antimalware-Engine",111,"Behavior Monitoring BmNotificationHandleStart",16284,22008,"attack.exe",,,,,,,,,,,,,,,,[],,,,,,,,,,,,,,,,,,,,,,,,,,,,,,,,,,,,,,,,,,,,,,,,,,,,,,,,,,,,,,,,,,,,,,,,,,,,,,,,,16404,3935647,0,,,,,,,,,,,,,,,,,,,,,,,,,,,,,,,,,,,,,
"2025-09-02 15:13:11.3718051Z","ETW","Microsoft-Antimalware-Engine",112,"Behavior Monitoring BmNotificationHandleStop",16284,22008,"attack.exe",,,,,,,,,,,,,,,,[],,,,,,,,,,,,,,,,,,,,,,,,,,,,,,,,,,,,,,,,,,,,,,,,,,,,,,,,,,,,,,,,,,,,,,,,,,,,,,,,,16404,3935647,0,false,false,0,,,,,,,,,,,,,,,,,,,,,,,,,,,,,,,,,,
"2025-09-02 15:13:11.3721931Z","Custom","Injector-Attack",13337,"[+] Injector started with PID 16284",16284,,"attack.exe",,,,,,,,,,,,,,,,,,,,,,,,,,,,,,,,,,,,,,,,,,,,,,,,,,,,,,,,,,,,,,,,,,,,,,,,,,,,,,,,,,,,,,,,,,,,,,,,,,,,,,,,,,,,,,,,,,,,,,,,,,,,,,,,,,,,,,,,
"2025-09-02 15:13:11.3759849Z","ETW","Microsoft-Antimalware-Engine",11,"Behavior Monitoring BmModuleLoad",16284,10404,"attack.exe",,,,"C:\Windows\System32\vcruntime140_1.dll",,,,,,,,,,,,[],,,,,,,,,,,,,,,,,,,,,,,,,,,,,,,,,,,,,,,,,,,,,,,,,,,,,,,,,,,,,,,,,,,,,,,,,,,,,,,,,,,,,,,,,,,,,,,,,,,,,,,,,,,,,,,,,,,,,,,,
"2025-09-02 15:13:11.3760387Z","ETW","Microsoft-Antimalware-Engine",111,"Behavior Monitoring BmNotificationHandleStart",16284,22008,"attack.exe",,,,,,,,,,,,,,,,[],,,,,,,,,,,,,,,,,,,,,,,,,,,,,,,,,,,,,,,,,,,,,,,,,,,,,,,,,,,,,,,,,,,,,,,,,,,,,,,,,16404,3935648,0,,,,,,,,,,,,,,,,,,,,,,,,,,,,,,,,,,,,,
"2025-09-02 15:13:11.3760755Z","ETW","Microsoft-Antimalware-Engine",11,"Behavior Monitoring BmModuleLoad",16284,10404,"attack.exe",,,,"C:\Windows\System32\vcruntime140.dll",,,,,,,,,,,,[],,,,,,,,,,,,,,,,,,,,,,,,,,,,,,,,,,,,,,,,,,,,,,,,,,,,,,,,,,,,,,,,,,,,,,,,,,,,,,,,,,,,,,,,,,,,,,,,,,,,,,,,,,,,,,,,,,,,,,,,
"2025-09-02 15:13:11.3761241Z","ETW","Microsoft-Antimalware-Engine",112,"Behavior Monitoring BmNotificationHandleStop",16284,22008,"attack.exe",,,,,,,,,,,,,,,,[],,,,,,,,,,,,,,,,,,,,,,,,,,,,,,,,,,,,,,,,,,,,,,,,,,,,,,,,,,,,,,,,,,,,,,,,,,,,,,,,,16404,3935648,0,false,false,0,,,,,,,,,,,,,,,,,,,,,,,,,,,,,,,,,,
"2025-09-02 15:13:11.3761343Z","ETW","Microsoft-Antimalware-Engine",11,"Behavior Monitoring BmModuleLoad",16284,10404,"attack.exe",,,,"C:\Windows\System32\vcruntime140.dll",,,,,,,,,,,,[],,,,,,,,,,,,,,,,,,,,,,,,,,,,,,,,,,,,,,,,,,,,,,,,,,,,,,,,,,,,,,,,,,,,,,,,,,,,,,,,,,,,,,,,,,,,,,,,,,,,,,,,,,,,,,,,,,,,,,,,
"2025-09-02 15:13:11.3761851Z","ETW","Microsoft-Antimalware-Engine",11,"Behavior Monitoring BmModuleLoad",16284,10404,"attack.exe",,,,"C:\Windows\System32\msvcp140.dll",,,,,,,,,,,,[],,,,,,,,,,,,,,,,,,,,,,,,,,,,,,,,,,,,,,,,,,,,,,,,,,,,,,,,,,,,,,,,,,,,,,,,,,,,,,,,,,,,,,,,,,,,,,,,,,,,,,,,,,,,,,,,,,,,,,,,
"2025-09-02 15:13:11.3762472Z","ETW","Microsoft-Antimalware-Engine",111,"Behavior Monitoring BmNotificationHandleStart",16284,22008,"attack.exe",,,,,,,,,,,,,,,,[],,,,,,,,,,,,,,,,,,,,,,,,,,,,,,,,,,,,,,,,,,,,,,,,,,,,,,,,,,,,,,,,,,,,,,,,,,,,,,,,,16404,3935649,0,,,,,,,,,,,,,,,,,,,,,,,,,,,,,,,,,,,,,
"2025-09-02 15:13:11.3763001Z","ETW","Microsoft-Antimalware-Engine",112,"Behavior Monitoring BmNotificationHandleStop",16284,22008,"attack.exe",,,,,,,,,,,,,,,,[],,,,,,,,,,,,,,,,,,,,,,,,,,,,,,,,,,,,,,,,,,,,,,,,,,,,,,,,,,,,,,,,,,,,,,,,,,,,,,,,,16404,3935649,0,false,false,0,,,,,,,,,,,,,,,,,,,,,,,,,,,,,,,,,,
"2025-09-02 15:13:11.3763764Z","ETW","Microsoft-Antimalware-Engine",111,"Behavior Monitoring BmNotificationHandleStart",16284,22008,"attack.exe",,,,,,,,,,,,,,,,[],,,,,,,,,,,,,,,,,,,,,,,,,,,,,,,,,,,,,,,,,,,,,,,,,,,,,,,,,,,,,,,,,,,,,,,,,,,,,,,,,16404,3935650,0,,,,,,,,,,,,,,,,,,,,,,,,,,,,,,,,,,,,,
"2025-09-02 15:13:11.3764059Z","ETW","Microsoft-Antimalware-Engine",112,"Behavior Monitoring BmNotificationHandleStop",16284,22008,"attack.exe",,,,,,,,,,,,,,,,[],,,,,,,,,,,,,,,,,,,,,,,,,,,,,,,,,,,,,,,,,,,,,,,,,,,,,,,,,,,,,,,,,,,,,,,,,,,,,,,,,16404,3935650,0,false,false,0,,,,,,,,,,,,,,,,,,,,,,,,,,,,,,,,,,
"2025-09-02 15:13:11.3764201Z","ETW","Microsoft-Antimalware-Engine",111,"Behavior Monitoring BmNotificationHandleStart",16284,22008,"attack.exe",,,,,,,,,,,,,,,,[],,,,,,,,,,,,,,,,,,,,,,,,,,,,,,,,,,,,,,,,,,,,,,,,,,,,,,,,,,,,,,,,,,,,,,,,,,,,,,,,,16404,3935651,0,,,,,,,,,,,,,,,,,,,,,,,,,,,,,,,,,,,,,
"2025-09-02 15:13:11.3764451Z","ETW","Microsoft-Antimalware-Engine",112,"Behavior Monitoring BmNotificationHandleStop",16284,22008,"attack.exe",,,,,,,,,,,,,,,,[],,,,,,,,,,,,,,,,,,,,,,,,,,,,,,,,,,,,,,,,,,,,,,,,,,,,,,,,,,,,,,,,,,,,,,,,,,,,,,,,,16404,3935651,0,false,false,0,,,,,,,,,,,,,,,,,,,,,,,,,,,,,,,,,,
"2025-09-02 15:13:11.3770811Z","ETW","Microsoft-Windows-Kernel-Audit-API-Calls",5,"Info ",18424,12888,"WindowsTerminal.exe",,,,,,,,,,,,,,,,[{"addr":140736918203764,"idx":0},{"addr":140736872731894,"idx":1},{"addr":140736717697306,"idx":2},{"addr":140736402655437,"idx":3},{"addr":140736402658293,"idx":4},{"addr":140733907212302,"idx":5},{"addr":140733907074768,"idx":6},{"addr":140733907342230,"idx":7},{"addr":140736678285658,"idx":8},{"addr":140736678284834,"idx":9},{"addr":140736676174983,"idx":10},{"addr":140736679097161,"idx":11},{"addr":140736675632871,"idx":12},{"addr":140736675626670,"idx":13},{"addr":140736679658534,"idx":14},{"addr":140736813613757,"idx":15},{"addr":140736813610267,"idx":16},{"addr":140736813940562,"idx":17},{"addr":140736813625204,"idx":18},{"addr":140736813624077,"idx":19},{"addr":140736813683309,"idx":20},{"addr":140736813684989,"idx":21},{"addr":140736813684120,"idx":22},{"addr":140736813678539,"idx":23},{"addr":140736914162134,"idx":24},{"addr":140736914160220,"idx":25},{"addr":140736914362035,"idx":26},{"addr":140736918218964,"idx":27},{"addr":140736876122916,"idx":28},{"addr":140736914326306,"idx":29},{"addr":140702555940008,"idx":30},{"addr":140702555906205,"idx":31},{"addr":140702555923982,"idx":32},{"addr":140736876328880,"idx":33},{"addr":140736897083607,"idx":34},{"addr":140736916996940,"idx":35}],,,,,,,,,,,,,,,,,,,4096,0,18424,,,,,,,,,,,,,,,,,,,,,,,,,,,,,,,,,,,,,,,,,,,,,,,,,,,,,,,,,,,,,,,,,,,,,,,,,,,,,,,,,,,,,,,,,,,,,,,,,,,
"2025-09-02 15:13:11.3780649Z","ETW","Microsoft-Windows-Kernel-Audit-API-Calls",6,"Info ",1912,8,"MsMpEng.exe",,,,,,,,,,,,,,,,[{"addr":140736918212548,"idx":0},{"addr":140736872857142,"idx":1},{"addr":140736738243895,"idx":2},{"addr":140736738242452,"idx":3},{"addr":140736657604428,"idx":4},{"addr":140736657598535,"idx":5},{"addr":140736657597146,"idx":6},{"addr":140736658259206,"idx":7},{"addr":140736657749938,"idx":8},{"addr":140736657909615,"idx":9},{"addr":140736658079503,"idx":10},{"addr":140736897083607,"idx":11},{"addr":140736916996940,"idx":12}],,,,,,,,,,,,,,,,,,,2097151,0,1912,8,,,,,,,,,,,,,,,,,,,,,,,,,,,,,,,,,,,,,,,,,,,,,,,,,,,,,,,,,,,,,,,,,,,,,,,,,,,,,,,,,,,,,,,,,,,,,,,,,,
"2025-09-02 15:13:11.3785308Z","ETW","Microsoft-Windows-Kernel-Audit-API-Calls",6,"Info ",1912,8,"MsMpEng.exe",,,,,,,,,,,,,,,,[{"addr":140736918212548,"idx":0},{"addr":140736872857142,"idx":1},{"addr":140736738243895,"idx":2},{"addr":140736738242452,"idx":3},{"addr":140736657604428,"idx":4},{"addr":140736657598535,"idx":5},{"addr":140736657597146,"idx":6},{"addr":140736658259206,"idx":7},{"addr":140736657749938,"idx":8},{"addr":140736657909615,"idx":9},{"addr":140736658079503,"idx":10},{"addr":140736897083607,"idx":11},{"addr":140736916996940,"idx":12}],,,,,,,,,,,,,,,,,,,2097151,0,1912,8,,,,,,,,,,,,,,,,,,,,,,,,,,,,,,,,,,,,,,,,,,,,,,,,,,,,,,,,,,,,,,,,,,,,,,,,,,,,,,,,,,,,,,,,,,,,,,,,,,
"2025-09-02 15:13:11.3791150Z","ETW","Microsoft-Windows-Kernel-Audit-API-Calls",5,"Info ",944,10020,"svchost.exe",,,,,,,,,,,,,,,,[{"addr":140736918206916,"idx":0},{"addr":140736882337646,"idx":1},{"addr":140736910041537,"idx":2},{"addr":140736909754615,"idx":3},{"addr":140736909757881,"idx":4},{"addr":140736909757258,"idx":5},{"addr":140736909857403,"idx":6},{"addr":140736909856136,"idx":7},{"addr":140736828915800,"idx":8},{"addr":140736828924841,"idx":9},{"addr":140736829129490,"idx":10},{"addr":140736882620003,"idx":11},{"addr":140736881849533,"idx":12},{"addr":140736881848122,"idx":13},{"addr":140736882311415,"idx":14},{"addr":140736882088628,"idx":15},{"addr":140736882092744,"idx":16},{"addr":140736882015316,"idx":17},{"addr":140736882081820,"idx":18},{"addr":140736882106396,"idx":19},{"addr":140736882102691,"idx":20},{"addr":140736882098504,"idx":21},{"addr":140736917358174,"idx":22},{"addr":140736917350275,"idx":23},{"addr":140736897083607,"idx":24},{"addr":140736916996940,"idx":25}],,,,,,,,,,,,,,,,,,,4160,3221225506,18424,,,,,,,,,,,,,,,,,,,,,,,,,,,,,,,,,,,,,,,,,,,,,,,,,,,,,,,,,,,,,,,,,,,,,,,,,,,,,,,,,,,,,,,,,,,,,,,,,,,
"2025-09-02 15:13:11.4023102Z","ETW","Microsoft-Windows-Kernel-Process",4,"ThreadStopStop ",9088,9260,"RuntimeBroker.exe",,,,,,,,,,,,,,,,[],,,,,,,,1242980,9088,18446639081623556096,18446639081623531520,140736910320112,0,965436805120,9260,965441748992,965441699840,140736910320112,,,,,,,,,,,,,,,,,,,,,,,,,,,,,,,,,,,,,,,,,,,,,,,,,,,,,,,,,,,,,,,,,,,,,,,,,,,,,,,,,,,,,,,,,,,,,,,,,,,,,,
"2025-09-02 15:13:11.4181106Z","ETW","Microsoft-Windows-Kernel-Audit-API-Calls",5,"Info ",1168,1628,"dwm.exe",,,,,,,,,,,,,,,,[{"addr":140736876151044,"idx":0},{"addr":140736809092923,"idx":1},{"addr":140736810173756,"idx":2},{"addr":140736809458884,"idx":3},{"addr":140736809458691,"idx":4},{"addr":140736809540610,"idx":5},{"addr":140736809540041,"idx":6},{"addr":140736809542113,"idx":7},{"addr":140736809541284,"idx":8},{"addr":140736810752412,"idx":9},{"addr":140736809340944,"idx":10},{"addr":140736809335294,"idx":11},{"addr":140736809493975,"idx":12},{"addr":140736810447362,"idx":13},{"addr":140736811588230,"idx":14},{"addr":140736897083607,"idx":15},{"addr":140736916996940,"idx":16}],,,,,,,,,,,,,,,,,,,4096,0,18424,,,,,,,,,,,,,,,,,,,,,,,,,,,,,,,,,,,,,,,,,,,,,,,,,,,,,,,,,,,,,,,,,,,,,,,,,,,,,,,,,,,,,,,,,,,,,,,,,,,
"2025-09-02 15:13:11.4979401Z","ETW","Microsoft-Windows-Kernel-Audit-API-Calls",5,"Info ",1912,13536,"MsMpEng.exe",,,,,,,,,,,,,,,,[{"addr":140736918203764,"idx":0},{"addr":140736872731894,"idx":1},{"addr":140733810479103,"idx":2},{"addr":140733810476689,"idx":3},{"addr":140733810472975,"idx":4},{"addr":140733810472117,"idx":5},{"addr":140733810464644,"idx":6},{"addr":140736881050120,"idx":7},{"addr":140736881043887,"idx":8},{"addr":140736881177095,"idx":9},{"addr":140733814724037,"idx":10},{"addr":140733818700047,"idx":11},{"addr":140736897083607,"idx":12},{"addr":140736916996940,"idx":13}],,,,,,,,,,,,,,,,,,,4096,0,3816,,,,,,,,,,,,,,,,,,,,,,,,,,,,,,,,,,,,,,,,,,,,,,,,,,,,,,,,,,,,,,,,,,,,,,,,,,,,,,,,,,,,,,,,,,,,,,,,,,,
"2025-09-02 15:13:11.4981011Z","ETW","Microsoft-Windows-Kernel-Audit-API-Calls",5,"Info ",1912,13536,"MsMpEng.exe",,,,,,,,,,,,,,,,[{"addr":140736918203764,"idx":0},{"addr":140736872731894,"idx":1},{"addr":140733810479103,"idx":2},{"addr":140733810476689,"idx":3},{"addr":140733810472975,"idx":4},{"addr":140733810472117,"idx":5},{"addr":140733810464644,"idx":6},{"addr":140736881050120,"idx":7},{"addr":140736881043887,"idx":8},{"addr":140736881177095,"idx":9},{"addr":140733814724037,"idx":10},{"addr":140733818700047,"idx":11},{"addr":140736897083607,"idx":12},{"addr":140736916996940,"idx":13}],,,,,,,,,,,,,,,,,,,4096,0,528,,,,,,,,,,,,,,,,,,,,,,,,,,,,,,,,,,,,,,,,,,,,,,,,,,,,,,,,,,,,,,,,,,,,,,,,,,,,,,,,,,,,,,,,,,,,,,,,,,,
"2025-09-02 15:13:11.4981436Z","ETW","Microsoft-Windows-Kernel-Audit-API-Calls",5,"Info ",1912,13536,"MsMpEng.exe",,,,,,,,,,,,,,,,[{"addr":140736918203764,"idx":0},{"addr":140736872731894,"idx":1},{"addr":140733810479103,"idx":2},{"addr":140733810476689,"idx":3},{"addr":140733810472975,"idx":4},{"addr":140733810472117,"idx":5},{"addr":140733810464644,"idx":6},{"addr":140736881050120,"idx":7},{"addr":140736881043887,"idx":8},{"addr":140736881177095,"idx":9},{"addr":140733814724037,"idx":10},{"addr":140733818700047,"idx":11},{"addr":140736897083607,"idx":12},{"addr":140736916996940,"idx":13}],,,,,,,,,,,,,,,,,,,4096,0,528,,,,,,,,,,,,,,,,,,,,,,,,,,,,,,,,,,,,,,,,,,,,,,,,,,,,,,,,,,,,,,,,,,,,,,,,,,,,,,,,,,,,,,,,,,,,,,,,,,,
"2025-09-02 15:13:11.4981590Z","ETW","Microsoft-Windows-Kernel-Audit-API-Calls",5,"Info ",1912,13536,"MsMpEng.exe",,,,,,,,,,,,,,,,[{"addr":140736918203764,"idx":0},{"addr":140736872731894,"idx":1},{"addr":140733810479103,"idx":2},{"addr":140733810476689,"idx":3},{"addr":140733810472975,"idx":4},{"addr":140733810472117,"idx":5},{"addr":140733810464644,"idx":6},{"addr":140736881050120,"idx":7},{"addr":140736881043887,"idx":8},{"addr":140736881177095,"idx":9},{"addr":140733814724037,"idx":10},{"addr":140733818700047,"idx":11},{"addr":140736897083607,"idx":12},{"addr":140736916996940,"idx":13}],,,,,,,,,,,,,,,,,,,4096,0,528,,,,,,,,,,,,,,,,,,,,,,,,,,,,,,,,,,,,,,,,,,,,,,,,,,,,,,,,,,,,,,,,,,,,,,,,,,,,,,,,,,,,,,,,,,,,,,,,,,,
"2025-09-02 15:13:11.4981727Z","ETW","Microsoft-Windows-Kernel-Audit-API-Calls",5,"Info ",1912,13536,"MsMpEng.exe",,,,,,,,,,,,,,,,[{"addr":140736918203764,"idx":0},{"addr":140736872731894,"idx":1},{"addr":140733810479103,"idx":2},{"addr":140733810476689,"idx":3},{"addr":140733810472975,"idx":4},{"addr":140733810472117,"idx":5},{"addr":140733810464644,"idx":6},{"addr":140736881050120,"idx":7},{"addr":140736881043887,"idx":8},{"addr":140736881177095,"idx":9},{"addr":140733814724037,"idx":10},{"addr":140733818700047,"idx":11},{"addr":140736897083607,"idx":12},{"addr":140736916996940,"idx":13}],,,,,,,,,,,,,,,,,,,4096,0,528,,,,,,,,,,,,,,,,,,,,,,,,,,,,,,,,,,,,,,,,,,,,,,,,,,,,,,,,,,,,,,,,,,,,,,,,,,,,,,,,,,,,,,,,,,,,,,,,,,,
"2025-09-02 15:13:11.4981912Z","ETW","Microsoft-Windows-Kernel-Audit-API-Calls",5,"Info ",1912,13536,"MsMpEng.exe",,,,,,,,,,,,,,,,[{"addr":140736918203764,"idx":0},{"addr":140736872731894,"idx":1},{"addr":140733810479103,"idx":2},{"addr":140733810476689,"idx":3},{"addr":140733810472975,"idx":4},{"addr":140733810472117,"idx":5},{"addr":140733810464644,"idx":6},{"addr":140736881050120,"idx":7},{"addr":140736881043887,"idx":8},{"addr":140736881177095,"idx":9},{"addr":140733814724037,"idx":10},{"addr":140733818700047,"idx":11},{"addr":140736897083607,"idx":12},{"addr":140736916996940,"idx":13}],,,,,,,,,,,,,,,,,,,4096,3221225483,4294967295,,,,,,,,,,,,,,,,,,,,,,,,,,,,,,,,,,,,,,,,,,,,,,,,,,,,,,,,,,,,,,,,,,,,,,,,,,,,,,,,,,,,,,,,,,,,,,,,,,,
"2025-09-02 15:13:11.4982178Z","ETW","Microsoft-Windows-Kernel-Audit-API-Calls",5,"Info ",1912,13536,"MsMpEng.exe",,,,,,,,,,,,,,,,[{"addr":140736918203764,"idx":0},{"addr":140736872731894,"idx":1},{"addr":140733810479103,"idx":2},{"addr":140733810476689,"idx":3},{"addr":140733810472975,"idx":4},{"addr":140733810472117,"idx":5},{"addr":140733810464644,"idx":6},{"addr":140736881050120,"idx":7},{"addr":140736881043887,"idx":8},{"addr":140736881177095,"idx":9},{"addr":140733814724037,"idx":10},{"addr":140733818700047,"idx":11},{"addr":140736897083607,"idx":12},{"addr":140736916996940,"idx":13}],,,,,,,,,,,,,,,,,,,4096,0,18424,,,,,,,,,,,,,,,,,,,,,,,,,,,,,,,,,,,,,,,,,,,,,,,,,,,,,,,,,,,,,,,,,,,,,,,,,,,,,,,,,,,,,,,,,,,,,,,,,,,
"2025-09-02 15:13:11.4982529Z","ETW","Microsoft-Windows-Kernel-Audit-API-Calls",5,"Info ",1912,13536,"MsMpEng.exe",,,,,,,,,,,,,,,,[{"addr":140736918203764,"idx":0},{"addr":140736872731894,"idx":1},{"addr":140733810479103,"idx":2},{"addr":140733810476689,"idx":3},{"addr":140733810472975,"idx":4},{"addr":140733810472117,"idx":5},{"addr":140733810464644,"idx":6},{"addr":140736881050120,"idx":7},{"addr":140736881043887,"idx":8},{"addr":140736881177095,"idx":9},{"addr":140733814724037,"idx":10},{"addr":140733818700047,"idx":11},{"addr":140736897083607,"idx":12},{"addr":140736916996940,"idx":13}],,,,,,,,,,,,,,,,,,,4096,0,18424,,,,,,,,,,,,,,,,,,,,,,,,,,,,,,,,,,,,,,,,,,,,,,,,,,,,,,,,,,,,,,,,,,,,,,,,,,,,,,,,,,,,,,,,,,,,,,,,,,,
"2025-09-02 15:13:11.4982735Z","ETW","Microsoft-Windows-Kernel-Audit-API-Calls",5,"Info ",1912,13536,"MsMpEng.exe",,,,,,,,,,,,,,,,[{"addr":140736918203764,"idx":0},{"addr":140736872731894,"idx":1},{"addr":140733810479103,"idx":2},{"addr":140733810476689,"idx":3},{"addr":140733810472975,"idx":4},{"addr":140733810472117,"idx":5},{"addr":140733810464644,"idx":6},{"addr":140736881050120,"idx":7},{"addr":140736881043887,"idx":8},{"addr":140736881177095,"idx":9},{"addr":140733814724037,"idx":10},{"addr":140733818700047,"idx":11},{"addr":140736897083607,"idx":12},{"addr":140736916996940,"idx":13}],,,,,,,,,,,,,,,,,,,4096,0,18424,,,,,,,,,,,,,,,,,,,,,,,,,,,,,,,,,,,,,,,,,,,,,,,,,,,,,,,,,,,,,,,,,,,,,,,,,,,,,,,,,,,,,,,,,,,,,,,,,,,
"2025-09-02 15:13:11.4982949Z","ETW","Microsoft-Windows-Kernel-Audit-API-Calls",5,"Info ",1912,13536,"MsMpEng.exe",,,,,,,,,,,,,,,,[{"addr":140736918203764,"idx":0},{"addr":140736872731894,"idx":1},{"addr":140733810479103,"idx":2},{"addr":140733810476689,"idx":3},{"addr":140733810472975,"idx":4},{"addr":140733810472117,"idx":5},{"addr":140733810464644,"idx":6},{"addr":140736881050120,"idx":7},{"addr":140736881043887,"idx":8},{"addr":140736881177095,"idx":9},{"addr":140733814724037,"idx":10},{"addr":140733818700047,"idx":11},{"addr":140736897083607,"idx":12},{"addr":140736916996940,"idx":13}],,,,,,,,,,,,,,,,,,,4096,0,18424,,,,,,,,,,,,,,,,,,,,,,,,,,,,,,,,,,,,,,,,,,,,,,,,,,,,,,,,,,,,,,,,,,,,,,,,,,,,,,,,,,,,,,,,,,,,,,,,,,,
"2025-09-02 15:13:11.4991798Z","ETW","Microsoft-Windows-Kernel-Audit-API-Calls",5,"Info ",1912,22008,"MsMpEng.exe",,,,,,,,,,,,,,,,[{"addr":140736918203764,"idx":0},{"addr":140736872733451,"idx":1},{"addr":140733813981883,"idx":2},{"addr":140733810693083,"idx":3},{"addr":140733809762746,"idx":4},{"addr":140733809762386,"idx":5},{"addr":140733809762035,"idx":6},{"addr":140733811201732,"idx":7},{"addr":140733810492569,"idx":8},{"addr":140733810486714,"idx":9},{"addr":140733810486301,"idx":10},{"addr":140733810417140,"idx":11},{"addr":140733810415802,"idx":12},{"addr":140733810413462,"idx":13},{"addr":140733810411633,"idx":14},{"addr":140733810411092,"idx":15},{"addr":140733815162932,"idx":16},{"addr":140733815162655,"idx":17},{"addr":140736917255712,"idx":18},{"addr":140736917350945,"idx":19},{"addr":140736897083607,"idx":20},{"addr":140736916996940,"idx":21}],,,,,,,,,,,,,,,,,,,4096,0,5732,,,,,,,,,,,,,,,,,,,,,,,,,,,,,,,,,,,,,,,,,,,,,,,,,,,,,,,,,,,,,,,,,,,,,,,,,,,,,,,,,,,,,,,,,,,,,,,,,,,
"2025-09-02 15:13:11.4994310Z","ETW","Microsoft-Windows-Kernel-Audit-API-Calls",5,"Info ",1076,2148,"svchost.exe",,,,,,,,,,,,,,,,[{"addr":140736918203764,"idx":0},{"addr":140736872733451,"idx":1},{"addr":140736825975970,"idx":2},{"addr":140736825975662,"idx":3},{"addr":140736882620003,"idx":4},{"addr":140736882628366,"idx":5},{"addr":140736882319852,"idx":6},{"addr":140736882311415,"idx":7},{"addr":140736882088628,"idx":8},{"addr":140736882092744,"idx":9},{"addr":140736882015316,"idx":10},{"addr":140736882081820,"idx":11},{"addr":140736882106396,"idx":12},{"addr":140736882102691,"idx":13},{"addr":140736882098504,"idx":14},{"addr":140736917358174,"idx":15},{"addr":140736917350275,"idx":16},{"addr":140736897083607,"idx":17},{"addr":140736916996940,"idx":18}],,,,,,,,,,,,,,,,,,,4096,0,1912,,,,,,,,,,,,,,,,,,,,,,,,,,,,,,,,,,,,,,,,,,,,,,,,,,,,,,,,,,,,,,,,,,,,,,,,,,,,,,,,,,,,,,,,,,,,,,,,,,,
"2025-09-02 15:13:11.4994508Z","ETW","Microsoft-Windows-Kernel-Audit-API-Calls",5,"Info ",1076,2148,"svchost.exe",,,,,,,,,,,,,,,,[{"addr":140736918203764,"idx":0},{"addr":140736872731894,"idx":1},{"addr":140736825941677,"idx":2},{"addr":140736825976196,"idx":3},{"addr":140736825975662,"idx":4},{"addr":140736882620003,"idx":5},{"addr":140736882628366,"idx":6},{"addr":140736882319852,"idx":7},{"addr":140736882311415,"idx":8},{"addr":140736882088628,"idx":9},{"addr":140736882092744,"idx":10},{"addr":140736882015316,"idx":11},{"addr":140736882081820,"idx":12},{"addr":140736882106396,"idx":13},{"addr":140736882102691,"idx":14},{"addr":140736882098504,"idx":15},{"addr":140736917358174,"idx":16},{"addr":140736917350275,"idx":17},{"addr":140736897083607,"idx":18},{"addr":140736916996940,"idx":19}],,,,,,,,,,,,,,,,,,,64,0,1076,,,,,,,,,,,,,,,,,,,,,,,,,,,,,,,,,,,,,,,,,,,,,,,,,,,,,,,,,,,,,,,,,,,,,,,,,,,,,,,,,,,,,,,,,,,,,,,,,,,
"2025-09-02 15:13:11.6243375Z","ETW","Microsoft-Windows-Kernel-Audit-API-Calls",5,"Info ",10464,22004,"copilot-language-server.exe",,,,,,,,,,,,,,,,[{"addr":140736918203764,"idx":0},{"addr":140736872731894,"idx":1},{"addr":140702698444584,"idx":2},{"addr":140702697018348,"idx":3},{"addr":140701097580744,"idx":4},{"addr":140700568323904,"idx":5},{"addr":140700568316064,"idx":6},{"addr":140700566090877,"idx":7},{"addr":140702708515008,"idx":8},{"addr":140702708513979,"idx":9},{"addr":140702707157057,"idx":10},{"addr":140702707155187,"idx":11},{"addr":140702708266044,"idx":12},{"addr":140702698065041,"idx":13},{"addr":140702698537495,"idx":14},{"addr":140702698522991,"idx":15},{"addr":140702698328165,"idx":16},{"addr":140702697182954,"idx":17},{"addr":140702697791677,"idx":18},{"addr":140702697787118,"idx":19},{"addr":140702695670984,"idx":20},{"addr":140702717007636,"idx":21},{"addr":140736897083607,"idx":22},{"addr":140736916996940,"idx":23}],,,,,,,,,,,,,,,,,,,1025,0,10596,,,,,,,,,,,,,,,,,,,,,,,,,,,,,,,,,,,,,,,,,,,,,,,,,,,,,,,,,,,,,,,,,,,,,,,,,,,,,,,,,,,,,,,,,,,,,,,,,,,
"2025-09-02 15:13:11.7506444Z","ETW","Microsoft-Windows-Kernel-Process",3,"ThreadStartStart ",4,72,"System",,,,,,,,,,,,,,,,[],,,,,,,,,3200,18446639081567481856,18446639081567457280,140736917348896,0,530762248192,10176,530761252864,530761220096,140736917348896,,,,,,,,,,,,,,,,,,,,,,,,,,,,,,,,,,,,,,,,,,,,,,,,,,,,,,,,,,,,,,,,,,,,,,,,,,,,,,,,,,,,,,,,,,,,,,,,,,,,,,
"2025-09-02 15:13:11.7507935Z","ETW","Microsoft-Windows-Kernel-Process",3,"ThreadStartStart ",4,72,"System",,,,,,,,,,,,,,,,[],,,,,,,,,3232,18446639081623556096,18446639081623531520,140736917348896,0,463989743616,4544,463987605504,463987572736,140736917348896,,,,,,,,,,,,,,,,,,,,,,,,,,,,,,,,,,,,,,,,,,,,,,,,,,,,,,,,,,,,,,,,,,,,,,,,,,,,,,,,,,,,,,,,,,,,,,,,,,,,,,
"2025-09-02 15:13:11.7509139Z","ETW","Microsoft-Windows-Kernel-Process",3,"ThreadStartStart ",4,72,"System",,,,,,,,,,,,,,,,[],,,,,,,,,3268,18446639081567567872,18446639081567543296,140736917348896,0,1078004531200,13316,1078002778112,1078002745344,140736917348896,,,,,,,,,,,,,,,,,,,,,,,,,,,,,,,,,,,,,,,,,,,,,,,,,,,,,,,,,,,,,,,,,,,,,,,,,,,,,,,,,,,,,,,,,,,,,,,,,,,,,,
"2025-09-02 15:13:11.7510130Z","ETW","Microsoft-Windows-Kernel-Process",3,"ThreadStartStart ",4,72,"System",,,,,,,,,,,,,,,,[],,,,,,,,,3260,18446639081567682560,18446639081567657984,140736917348896,0,673468657664,12024,673469956096,673469923328,140736917348896,,,,,,,,,,,,,,,,,,,,,,,,,,,,,,,,,,,,,,,,,,,,,,,,,,,,,,,,,,,,,,,,,,,,,,,,,,,,,,,,,,,,,,,,,,,,,,,,,,,,,,
"2025-09-02 15:13:11.7511174Z","ETW","Microsoft-Windows-Kernel-Process",3,"ThreadStartStart ",4,72,"System",,,,,,,,,,,,,,,,[],,,,,,,,,3524,18446639081567309824,18446639081567285248,140736917348896,0,475107422208,7640,475105132544,475105099776,140736917348896,,,,,,,,,,,,,,,,,,,,,,,,,,,,,,,,,,,,,,,,,,,,,,,,,,,,,,,,,,,,,,,,,,,,,,,,,,,,,,,,,,,,,,,,,,,,,,,,,,,,,,
"2025-09-02 15:13:11.7512115Z","ETW","Microsoft-Windows-Kernel-Process",3,"ThreadStartStart ",4,72,"System",,,,,,,,,,,,,,,,[],,,,,,,,,3324,18446639081565872128,18446639081565847552,140736917348896,0,444332384256,6864,444330999808,444330967040,140736917348896,,,,,,,,,,,,,,,,,,,,,,,,,,,,,,,,,,,,,,,,,,,,,,,,,,,,,,,,,,,,,,,,,,,,,,,,,,,,,,,,,,,,,,,,,,,,,,,,,,,,,,
"2025-09-02 15:13:11.7513145Z","ETW","Microsoft-Windows-Kernel-Process",3,"ThreadStartStart ",4,72,"System",,,,,,,,,,,,,,,,[],,,,,,,,,3568,18446639081568227328,18446639081568202752,140736917348896,0,909010173952,1996,909011582976,909011550208,140736917348896,,,,,,,,,,,,,,,,,,,,,,,,,,,,,,,,,,,,,,,,,,,,,,,,,,,,,,,,,,,,,,,,,,,,,,,,,,,,,,,,,,,,,,,,,,,,,,,,,,,,,,
"2025-09-02 15:13:11.7514052Z","ETW","Microsoft-Windows-Kernel-Process",3,"ThreadStartStart ",4,72,"System",,,,,,,,,,,,,,,,[],,,,,,,,,3696,18446639081568256000,18446639081568231424,140736917348896,0,890346733568,18864,890348503040,890348470272,140736917348896,,,,,,,,,,,,,,,,,,,,,,,,,,,,,,,,,,,,,,,,,,,,,,,,,,,,,,,,,,,,,,,,,,,,,,,,,,,,,,,,,,,,,,,,,,,,,,,,,,,,,,
"2025-09-02 15:13:11.7514816Z","ETW","Microsoft-Windows-Kernel-Process",3,"ThreadStartStart ",4,72,"System",,,,,,,,,,,,,,,,[],,,,,,,,,3736,18446639081568284672,18446639081568260096,140736917348896,0,901862719488,4616,901864488960,901864456192,140736917348896,,,,,,,,,,,,,,,,,,,,,,,,,,,,,,,,,,,,,,,,,,,,,,,,,,,,,,,,,,,,,,,,,,,,,,,,,,,,,,,,,,,,,,,,,,,,,,,,,,,,,,
"2025-09-02 15:13:11.7515779Z","ETW","Microsoft-Windows-Kernel-Process",3,"ThreadStartStart ",4,72,"System",,,,,,,,,,,,,,,,[],,,,,,,,,3744,18446639081568313344,18446639081568288768,140736917348896,0,1092274683904,3752,1092273700864,1092273668096,140736917348896,,,,,,,,,,,,,,,,,,,,,,,,,,,,,,,,,,,,,,,,,,,,,,,,,,,,,,,,,,,,,,,,,,,,,,,,,,,,,,,,,,,,,,,,,,,,,,,,,,,,,,
"2025-09-02 15:13:11.7663759Z","ETW","Microsoft-Windows-Kernel-Process",3,"ThreadStartStart ",4,72,"System",,,,,,,,,,,,,,,,[],,,,,,,,,9332,18446639081568342016,18446639081568317440,140736917348896,0,270201044992,17364,270202306560,270202273792,140736917348896,,,,,,,,,,,,,,,,,,,,,,,,,,,,,,,,,,,,,,,,,,,,,,,,,,,,,,,,,,,,,,,,,,,,,,,,,,,,,,,,,,,,,,,,,,,,,,,,,,,,,,
"2025-09-02 15:13:11.8938150Z","ETW","Microsoft-Windows-Kernel-Audit-API-Calls",6,"Info ",18424,256,"WindowsTerminal.exe",,,,,,,,,,,,,,,,[{"addr":140736918212548,"idx":0},{"addr":140736917869718,"idx":1},{"addr":140736917321437,"idx":2},{"addr":140736917321213,"idx":3},{"addr":140736917326613,"idx":4},{"addr":140736917328947,"idx":5},{"addr":140736917429917,"idx":6},{"addr":140736917422310,"idx":7},{"addr":140736917273992,"idx":8},{"addr":140736917350957,"idx":9},{"addr":140736897083607,"idx":10},{"addr":140736916996940,"idx":11}],,,,,,,,,,,,,,,,,,,2074,0,18424,12888,,,,,,,,,,,,,,,,,,,,,,,,,,,,,,,,,,,,,,,,,,,,,,,,,,,,,,,,,,,,,,,,,,,,,,,,,,,,,,,,,,,,,,,,,,,,,,,,,,
"2025-09-02 15:13:11.8938759Z","ETW","Microsoft-Windows-Kernel-Audit-API-Calls",6,"Info ",18424,256,"WindowsTerminal.exe",,,,,,,,,,,,,,,,[{"addr":140736918212548,"idx":0},{"addr":140736917869718,"idx":1},{"addr":140736917321437,"idx":2},{"addr":140736917321213,"idx":3},{"addr":140736917326613,"idx":4},{"addr":140736917328947,"idx":5},{"addr":140736917429917,"idx":6},{"addr":140736917422310,"idx":7},{"addr":140736917273992,"idx":8},{"addr":140736917350957,"idx":9},{"addr":140736897083607,"idx":10},{"addr":140736916996940,"idx":11}],,,,,,,,,,,,,,,,,,,2074,0,18424,12888,,,,,,,,,,,,,,,,,,,,,,,,,,,,,,,,,,,,,,,,,,,,,,,,,,,,,,,,,,,,,,,,,,,,,,,,,,,,,,,,,,,,,,,,,,,,,,,,,,
"2025-09-02 15:13:11.8939227Z","ETW","Microsoft-Windows-Kernel-Audit-API-Calls",6,"Info ",18424,256,"WindowsTerminal.exe",,,,,,,,,,,,,,,,[{"addr":140736918212548,"idx":0},{"addr":140736917869718,"idx":1},{"addr":140736917321437,"idx":2},{"addr":140736917321213,"idx":3},{"addr":140736917326613,"idx":4},{"addr":140736917328947,"idx":5},{"addr":140736917429917,"idx":6},{"addr":140736917422310,"idx":7},{"addr":140736917273992,"idx":8},{"addr":140736917350957,"idx":9},{"addr":140736897083607,"idx":10},{"addr":140736916996940,"idx":11}],,,,,,,,,,,,,,,,,,,2074,0,18424,12888,,,,,,,,,,,,,,,,,,,,,,,,,,,,,,,,,,,,,,,,,,,,,,,,,,,,,,,,,,,,,,,,,,,,,,,,,,,,,,,,,,,,,,,,,,,,,,,,,,
"2025-09-02 15:13:11.8939612Z","ETW","Microsoft-Windows-Kernel-Audit-API-Calls",6,"Info ",18424,256,"WindowsTerminal.exe",,,,,,,,,,,,,,,,[{"addr":140736918212548,"idx":0},{"addr":140736917869718,"idx":1},{"addr":140736917321437,"idx":2},{"addr":140736917321213,"idx":3},{"addr":140736917326613,"idx":4},{"addr":140736917328947,"idx":5},{"addr":140736917429917,"idx":6},{"addr":140736917422310,"idx":7},{"addr":140736917273992,"idx":8},{"addr":140736917350957,"idx":9},{"addr":140736897083607,"idx":10},{"addr":140736916996940,"idx":11}],,,,,,,,,,,,,,,,,,,2074,0,18424,12888,,,,,,,,,,,,,,,,,,,,,,,,,,,,,,,,,,,,,,,,,,,,,,,,,,,,,,,,,,,,,,,,,,,,,,,,,,,,,,,,,,,,,,,,,,,,,,,,,,
"2025-09-02 15:13:11.8940124Z","ETW","Microsoft-Windows-Kernel-Audit-API-Calls",6,"Info ",18424,256,"WindowsTerminal.exe",,,,,,,,,,,,,,,,[{"addr":140736918212548,"idx":0},{"addr":140736917869718,"idx":1},{"addr":140736917321437,"idx":2},{"addr":140736917321213,"idx":3},{"addr":140736917326613,"idx":4},{"addr":140736917328947,"idx":5},{"addr":140736917429917,"idx":6},{"addr":140736917422310,"idx":7},{"addr":140736917273992,"idx":8},{"addr":140736917350957,"idx":9},{"addr":140736897083607,"idx":10},{"addr":140736916996940,"idx":11}],,,,,,,,,,,,,,,,,,,2074,0,18424,12888,,,,,,,,,,,,,,,,,,,,,,,,,,,,,,,,,,,,,,,,,,,,,,,,,,,,,,,,,,,,,,,,,,,,,,,,,,,,,,,,,,,,,,,,,,,,,,,,,,
"2025-09-02 15:13:11.8940628Z","ETW","Microsoft-Windows-Kernel-Audit-API-Calls",6,"Info ",18424,256,"WindowsTerminal.exe",,,,,,,,,,,,,,,,[{"addr":140736918212548,"idx":0},{"addr":140736917869718,"idx":1},{"addr":140736917321437,"idx":2},{"addr":140736917321213,"idx":3},{"addr":140736917326613,"idx":4},{"addr":140736917328947,"idx":5},{"addr":140736917429917,"idx":6},{"addr":140736917422310,"idx":7},{"addr":140736917273992,"idx":8},{"addr":140736917350957,"idx":9},{"addr":140736897083607,"idx":10},{"addr":140736916996940,"idx":11}],,,,,,,,,,,,,,,,,,,2074,0,18424,12888,,,,,,,,,,,,,,,,,,,,,,,,,,,,,,,,,,,,,,,,,,,,,,,,,,,,,,,,,,,,,,,,,,,,,,,,,,,,,,,,,,,,,,,,,,,,,,,,,,
"2025-09-02 15:13:12.1165251Z","ETW","Microsoft-Windows-Kernel-Process",3,"ThreadStartStart ",4,72,"System",,,,,,,,,,,,,,,,[],,,,,,,,,6760,18446639081568657408,18446639081568632832,140736917348896,0,109177159680,14268,109178781696,109178748928,140736917348896,,,,,,,,,,,,,,,,,,,,,,,,,,,,,,,,,,,,,,,,,,,,,,,,,,,,,,,,,,,,,,,,,,,,,,,,,,,,,,,,,,,,,,,,,,,,,,,,,,,,,,
"2025-09-02 15:13:12.1166579Z","ETW","Microsoft-Windows-Kernel-Process",3,"ThreadStartStart ",4,72,"System",,,,,,,,,,,,,,,,[],,,,,,,,,11144,18446639081568686080,18446639081568661504,140736917348896,0,817213767680,6408,817211179008,817211146240,140736917348896,,,,,,,,,,,,,,,,,,,,,,,,,,,,,,,,,,,,,,,,,,,,,,,,,,,,,,,,,,,,,,,,,,,,,,,,,,,,,,,,,,,,,,,,,,,,,,,,,,,,,,
"2025-09-02 15:13:12.5587979Z","ETW","Microsoft-Windows-Kernel-Process",4,"ThreadStopStop ",504,3900,"PerfWatson2.exe",,,,,,,,,,,,,,,,[],,,,,,,,1136960,504,18446639081549811712,18446639081549787136,140735664156336,0,264449196032,3900,264476295168,264476278784,140735664156336,,,,,,,,,,,,,,,,,,,,,,,,,,,,,,,,,,,,,,,,,,,,,,,,,,,,,,,,,,,,,,,,,,,,,,,,,,,,,,,,,,,,,,,,,,,,,,,,,,,,,,
"2025-09-02 15:13:14.2541770Z","ETW","Microsoft-Windows-Kernel-Process",4,"ThreadStopStop ",6760,18356,"svchost.exe",,,,,,,,,,,,,,,,[],,,,,,,,764560,6760,18446639081643483136,18446639081643458560,140736917348896,0,109177143296,18356,109179305984,109179273216,140736917348896,,,,,,,,,,,,,,,,,,,,,,,,,,,,,,,,,,,,,,,,,,,,,,,,,,,,,,,,,,,,,,,,,,,,,,,,,,,,,,,,,,,,,,,,,,,,,,,,,,,,,,
"2025-09-02 15:13:14.3803801Z","ETW","Microsoft-Windows-Kernel-Process",4,"ThreadStopStop ",1436,5428,"svchost.exe",,,,,,,,,,,,,,,,[],,,,,,,,227240,1436,18446639081670770688,18446639081670746112,140736917348896,0,591019294720,5428,591020949504,591020883968,140736917348896,,,,,,,,,,,,,,,,,,,,,,,,,,,,,,,,,,,,,,,,,,,,,,,,,,,,,,,,,,,,,,,,,,,,,,,,,,,,,,,,,,,,,,,,,,,,,,,,,,,,,,
"2025-09-02 15:13:14.3804382Z","ETW","Microsoft-Windows-Kernel-Process",4,"ThreadStopStop ",1436,8496,"svchost.exe",,,,,,,,,,,,,,,,[],,,,,,,,1225120,1436,18446639081670742016,18446639081670717440,140736917348896,0,591019286528,8496,591020425216,591020359680,140736917348896,,,,,,,,,,,,,,,,,,,,,,,,,,,,,,,,,,,,,,,,,,,,,,,,,,,,,,,,,,,,,,,,,,,,,,,,,,,,,,,,,,,,,,,,,,,,,,,,,,,,,,
"2025-09-02 15:13:14.3804976Z","ETW","Microsoft-Windows-Kernel-Process",4,"ThreadStopStop ",3596,15376,"svchost.exe",,,,,,,,,,,,,,,,[],,,,,,,,3430640,3596,18446639081655431168,18446639081655406592,140736917348896,0,639251501056,15376,639252824064,639252758528,140736917348896,,,,,,,,,,,,,,,,,,,,,,,,,,,,,,,,,,,,,,,,,,,,,,,,,,,,,,,,,,,,,,,,,,,,,,,,,,,,,,,,,,,,,,,,,,,,,,,,,,,,,,
"2025-09-02 15:13:14.5383752Z","ETW","Microsoft-Windows-Kernel-Process",4,"ThreadStopStop ",1672,19824,"svchost.exe",,,,,,,,,,,,,,,,[],,,,,,,,19088920,1672,18446639081653080064,18446639081653055488,140736917348896,0,97189969920,19824,97187659776,97187627008,140736917348896,,,,,,,,,,,,,,,,,,,,,,,,,,,,,,,,,,,,,,,,,,,,,,,,,,,,,,,,,,,,,,,,,,,,,,,,,,,,,,,,,,,,,,,,,,,,,,,,,,,,,,
"2025-09-02 15:13:14.5383816Z","ETW","Microsoft-Windows-Kernel-Process",4,"ThreadStopStop ",5776,68,"svchost.exe",,,,,,,,,,,,,,,,[],,,,,,,,573040,5776,18446639081655115776,18446639081655091200,140736917348896,0,688920920064,68,688923344896,688923312128,140736917348896,,,,,,,,,,,,,,,,,,,,,,,,,,,,,,,,,,,,,,,,,,,,,,,,,,,,,,,,,,,,,,,,,,,,,,,,,,,,,,,,,,,,,,,,,,,,,,,,,,,,,,
"2025-09-02 15:13:14.6189078Z","ETW","Microsoft-Windows-Kernel-Process",1,"ProcessStartStart ",6432,6728,"SearchIndexer.exe",,,,"C:\Windows\System32\SearchProtocolHost.exe",,,,,,,,,,,,[{"addr":140736918209220,"idx":0},{"addr":140736872957146,"idx":1},{"addr":140736872946710,"idx":2},{"addr":140736897140436,"idx":3},{"addr":140736460205641,"idx":4},{"addr":140736459697900,"idx":5},{"addr":140736459695391,"idx":6},{"addr":140736459699327,"idx":7},{"addr":140736459699780,"idx":8},{"addr":140736460230284,"idx":9},{"addr":140736897083607,"idx":10},{"addr":140736916996940,"idx":11}],,,,,,,,,14228,,,,,,,,,,,,,,,,,,,,,,,134012995946188479,0,745946,"0x","","",6432,157,31822,1,1,0,0,205190964,,,,,,,,,,,,,,,,,,,,,,,,,,,,,,,,,,,,,,,,,,,,,,,,,,,,,,,,,,,,,,,,,,,,,,,,,,,
"2025-09-02 15:13:14.6190895Z","ETW","Microsoft-Windows-Kernel-Audit-API-Calls",6,"Info ",1912,8,"MsMpEng.exe",,,,,,,,,,,,,,,,[{"addr":140736918212548,"idx":0},{"addr":140736872857142,"idx":1},{"addr":140736738243895,"idx":2},{"addr":140736738242452,"idx":3},{"addr":140736657687525,"idx":4},{"addr":140736657686325,"idx":5},{"addr":140736657683993,"idx":6},{"addr":140736658258217,"idx":7},{"addr":140736657749938,"idx":8},{"addr":140736657909615,"idx":9},{"addr":140736658079503,"idx":10},{"addr":140736897083607,"idx":11},{"addr":140736916996940,"idx":12}],,,,,,,,,,,,,,,,,,,2097151,0,1912,8,,,,,,,,,,,,,,,,,,,,,,,,,,,,,,,,,,,,,,,,,,,,,,,,,,,,,,,,,,,,,,,,,,,,,,,,,,,,,,,,,,,,,,,,,,,,,,,,,,
"2025-09-02 15:13:14.6206180Z","ETW","Microsoft-Windows-Kernel-Audit-API-Calls",5,"Info ",1912,8,"MsMpEng.exe",,,,,,,,,,,,,,,,[{"addr":140736918203764,"idx":0},{"addr":140736872731894,"idx":1},{"addr":140733810479103,"idx":2},{"addr":140733810478599,"idx":3},{"addr":140733810449578,"idx":4},{"addr":140733808768657,"idx":5},{"addr":140733808767867,"idx":6},{"addr":140733808799556,"idx":7},{"addr":140733808804501,"idx":8},{"addr":140733808797687,"idx":9},{"addr":140733809165196,"idx":10},{"addr":140733809160564,"idx":11},{"addr":140733809176149,"idx":12},{"addr":140733809174810,"idx":13},{"addr":140733809174713,"idx":14},{"addr":140733808876487,"idx":15},{"addr":140733808874904,"idx":16},{"addr":140733810778404,"idx":17},{"addr":140733821654495,"idx":18},{"addr":140733811447063,"idx":19},{"addr":140733811441675,"idx":20},{"addr":140733811790261,"idx":21},{"addr":140733811785301,"idx":22},{"addr":140736738242841,"idx":23},{"addr":140736657687525,"idx":24},{"addr":140736657686325,"idx":25},{"addr":140736657683993,"idx":26},{"addr":140736658258217,"idx":27},{"addr":140736657749938,"idx":28},{"addr":140736657909615,"idx":29},{"addr":140736658079503,"idx":30},{"addr":140736897083607,"idx":31},{"addr":140736916996940,"idx":32}],,,,,,,,,,,,,,,,,,,1052672,0,6432,,,,,,,,,,,,,,,,,,,,,,,,,,,,,,,,,,,,,,,,,,,,,,,,,,,,,,,,,,,,,,,,,,,,,,,,,,,,,,,,,,,,,,,,,,,,,,,,,,,
"2025-09-02 15:13:14.6210469Z","ETW","Microsoft-Windows-Kernel-Audit-API-Calls",5,"Info ",1912,8,"MsMpEng.exe",,,,,,,,,,,,,,,,[{"addr":140736918203764,"idx":0},{"addr":140736872731894,"idx":1},{"addr":140733815122067,"idx":2},{"addr":140733813533757,"idx":3},{"addr":140733820783122,"idx":4},{"addr":140733811457761,"idx":5},{"addr":140733811450648,"idx":6},{"addr":140733811449218,"idx":7},{"addr":140733811441856,"idx":8},{"addr":140733811790261,"idx":9},{"addr":140733811785301,"idx":10},{"addr":140736738242841,"idx":11},{"addr":140736657687525,"idx":12},{"addr":140736657686325,"idx":13},{"addr":140736657683993,"idx":14},{"addr":140736658258217,"idx":15},{"addr":140736657749938,"idx":16},{"addr":140736657909615,"idx":17},{"addr":140736658079503,"idx":18},{"addr":140736897083607,"idx":19},{"addr":140736916996940,"idx":20}],,,,,,,,,,,,,,,,,,,1536,0,14228,,,,,,,,,,,,,,,,,,,,,,,,,,,,,,,,,,,,,,,,,,,,,,,,,,,,,,,,,,,,,,,,,,,,,,,,,,,,,,,,,,,,,,,,,,,,,,,,,,,
"2025-09-02 15:13:14.6212434Z","ETW","Microsoft-Windows-Kernel-Audit-API-Calls",5,"Info ",6432,6728,"SearchIndexer.exe",,,,,,,,,,,,,,,,[{"addr":140736918209220,"idx":0},{"addr":140736872957146,"idx":1},{"addr":140736872946710,"idx":2},{"addr":140736897140436,"idx":3},{"addr":140736460205641,"idx":4},{"addr":140736459697900,"idx":5},{"addr":140736459695391,"idx":6},{"addr":140736459699327,"idx":7},{"addr":140736459699780,"idx":8},{"addr":140736460230284,"idx":9},{"addr":140736897083607,"idx":10},{"addr":140736916996940,"idx":11}],,,,,,,,,,,,,,,,,,,1024,0,14228,,,,,,,,,,,,,,,,,,,,,,,,,,,,,,,,,,,,,,,,,,,,,,,,,,,,,,,,,,,,,,,,,,,,,,,,,,,,,,,,,,,,,,,,,,,,,,,,,,,
"2025-09-02 15:13:14.6212951Z","ETW","Microsoft-Windows-Kernel-Audit-API-Calls",5,"Info ",1912,22008,"MsMpEng.exe",,,,,,,,,,,,,,,,[{"addr":140736918203764,"idx":0},{"addr":140736872733451,"idx":1},{"addr":140733813593762,"idx":2},{"addr":140733813593647,"idx":3},{"addr":140733810447497,"idx":4},{"addr":140733810434825,"idx":5},{"addr":140733810436081,"idx":6},{"addr":140733810435993,"idx":7},{"addr":140733812865289,"idx":8},{"addr":140733811799252,"idx":9},{"addr":140733811789863,"idx":10},{"addr":140733811785301,"idx":11},{"addr":140736738242841,"idx":12},{"addr":140736657613597,"idx":13},{"addr":140736657838177,"idx":14},{"addr":140736749360292,"idx":15},{"addr":140736749360015,"idx":16},{"addr":140736917255712,"idx":17},{"addr":140736917350945,"idx":18},{"addr":140736897083607,"idx":19},{"addr":140736916996940,"idx":20}],,,,,,,,,,,,,,,,,,,4096,0,6432,,,,,,,,,,,,,,,,,,,,,,,,,,,,,,,,,,,,,,,,,,,,,,,,,,,,,,,,,,,,,,,,,,,,,,,,,,,,,,,,,,,,,,,,,,,,,,,,,,,
"2025-09-02 15:13:14.6213077Z","ETW","Microsoft-Windows-Kernel-Audit-API-Calls",5,"Info ",1912,22008,"MsMpEng.exe",,,,,,,,,,,,,,,,[{"addr":140736918203764,"idx":0},{"addr":140736872731894,"idx":1},{"addr":140733810479103,"idx":2},{"addr":140733810478599,"idx":3},{"addr":140733813593793,"idx":4},{"addr":140733813593647,"idx":5},{"addr":140733810447497,"idx":6},{"addr":140733810434825,"idx":7},{"addr":140733810436081,"idx":8},{"addr":140733810435993,"idx":9},{"addr":140733812865289,"idx":10},{"addr":140733811799252,"idx":11},{"addr":140733811789863,"idx":12},{"addr":140733811785301,"idx":13},{"addr":140736738242841,"idx":14},{"addr":140736657613597,"idx":15},{"addr":140736657838177,"idx":16},{"addr":140736749360292,"idx":17},{"addr":140736749360015,"idx":18},{"addr":140736917255712,"idx":19},{"addr":140736917350945,"idx":20},{"addr":140736897083607,"idx":21},{"addr":140736916996940,"idx":22}],,,,,,,,,,,,,,,,,,,4096,0,6432,,,,,,,,,,,,,,,,,,,,,,,,,,,,,,,,,,,,,,,,,,,,,,,,,,,,,,,,,,,,,,,,,,,,,,,,,,,,,,,,,,,,,,,,,,,,,,,,,,,
"2025-09-02 15:13:14.6213412Z","ETW","Microsoft-Windows-Kernel-Audit-API-Calls",5,"Info ",1912,22008,"MsMpEng.exe",,,,,,,,,,,,,,,,[{"addr":140736918203764,"idx":0},{"addr":140736872731894,"idx":1},{"addr":140733810479103,"idx":2},{"addr":140733810478599,"idx":3},{"addr":140733810481824,"idx":4},{"addr":140733811992461,"idx":5},{"addr":140733811987347,"idx":6},{"addr":140733811996001,"idx":7},{"addr":140733811994278,"idx":8},{"addr":140733813594435,"idx":9},{"addr":140733813593688,"idx":10},{"addr":140733810447497,"idx":11},{"addr":140733810434825,"idx":12},{"addr":140733810436081,"idx":13},{"addr":140733810435993,"idx":14},{"addr":140733812865289,"idx":15},{"addr":140733811799252,"idx":16},{"addr":140733811789863,"idx":17},{"addr":140733811785301,"idx":18},{"addr":140736738242841,"idx":19},{"addr":140736657613597,"idx":20},{"addr":140736657838177,"idx":21},{"addr":140736749360292,"idx":22},{"addr":140736749360015,"idx":23},{"addr":140736917255712,"idx":24},{"addr":140736917350945,"idx":25},{"addr":140736897083607,"idx":26},{"addr":140736916996940,"idx":27}],,,,,,,,,,,,,,,,,,,4096,0,6432,,,,,,,,,,,,,,,,,,,,,,,,,,,,,,,,,,,,,,,,,,,,,,,,,,,,,,,,,,,,,,,,,,,,,,,,,,,,,,,,,,,,,,,,,,,,,,,,,,,
"2025-09-02 15:13:14.6213474Z","ETW","Microsoft-Windows-Kernel-Audit-API-Calls",5,"Info ",6432,6728,"SearchIndexer.exe",,,,,,,,,,,,,,,,[{"addr":140736918209220,"idx":0},{"addr":140736872957146,"idx":1},{"addr":140736872946710,"idx":2},{"addr":140736897140436,"idx":3},{"addr":140736460205641,"idx":4},{"addr":140736459697900,"idx":5},{"addr":140736459695391,"idx":6},{"addr":140736459699327,"idx":7},{"addr":140736459699780,"idx":8},{"addr":140736460230284,"idx":9},{"addr":140736897083607,"idx":10},{"addr":140736916996940,"idx":11}],,,,,,,,,,,,,,,,,,,1024,0,6432,,,,,,,,,,,,,,,,,,,,,,,,,,,,,,,,,,,,,,,,,,,,,,,,,,,,,,,,,,,,,,,,,,,,,,,,,,,,,,,,,,,,,,,,,,,,,,,,,,,
"2025-09-02 15:13:14.6213805Z","ETW","Microsoft-Windows-Kernel-Audit-API-Calls",5,"Info ",1912,22008,"MsMpEng.exe",,,,,,,,,,,,,,,,[{"addr":140736918203764,"idx":0},{"addr":140736872731894,"idx":1},{"addr":140733810479103,"idx":2},{"addr":140733810478599,"idx":3},{"addr":140733812518822,"idx":4},{"addr":140733810452662,"idx":5},{"addr":140733810452425,"idx":6},{"addr":140733811994430,"idx":7},{"addr":140733813594435,"idx":8},{"addr":140733813593688,"idx":9},{"addr":140733810447497,"idx":10},{"addr":140733810434825,"idx":11},{"addr":140733810436081,"idx":12},{"addr":140733810435993,"idx":13},{"addr":140733812865289,"idx":14},{"addr":140733811799252,"idx":15},{"addr":140733811789863,"idx":16},{"addr":140733811785301,"idx":17},{"addr":140736738242841,"idx":18},{"addr":140736657613597,"idx":19},{"addr":140736657838177,"idx":20},{"addr":140736749360292,"idx":21},{"addr":140736749360015,"idx":22},{"addr":140736917255712,"idx":23},{"addr":140736917350945,"idx":24},{"addr":140736897083607,"idx":25},{"addr":140736916996940,"idx":26}],,,,,,,,,,,,,,,,,,,1052672,0,6432,,,,,,,,,,,,,,,,,,,,,,,,,,,,,,,,,,,,,,,,,,,,,,,,,,,,,,,,,,,,,,,,,,,,,,,,,,,,,,,,,,,,,,,,,,,,,,,,,,,
"2025-09-02 15:13:14.6214121Z","ETW","Microsoft-Windows-Kernel-Audit-API-Calls",5,"Info ",1912,22008,"MsMpEng.exe",,,,,,,,,,,,,,,,[{"addr":140736918203764,"idx":0},{"addr":140736872731894,"idx":1},{"addr":140733810479103,"idx":2},{"addr":140733810478599,"idx":3},{"addr":140733810481824,"idx":4},{"addr":140733811992461,"idx":5},{"addr":140733811987347,"idx":6},{"addr":140733811996001,"idx":7},{"addr":140733811994278,"idx":8},{"addr":140733810447018,"idx":9},{"addr":140733810434825,"idx":10},{"addr":140733810436081,"idx":11},{"addr":140733810435993,"idx":12},{"addr":140733812865289,"idx":13},{"addr":140733811799252,"idx":14},{"addr":140733811789863,"idx":15},{"addr":140733811785301,"idx":16},{"addr":140736738242841,"idx":17},{"addr":140736657613597,"idx":18},{"addr":140736657838177,"idx":19},{"addr":140736749360292,"idx":20},{"addr":140736749360015,"idx":21},{"addr":140736917255712,"idx":22},{"addr":140736917350945,"idx":23},{"addr":140736897083607,"idx":24},{"addr":140736916996940,"idx":25}],,,,,,,,,,,,,,,,,,,4096,0,14228,,,,,,,,,,,,,,,,,,,,,,,,,,,,,,,,,,,,,,,,,,,,,,,,,,,,,,,,,,,,,,,,,,,,,,,,,,,,,,,,,,,,,,,,,,,,,,,,,,,
"2025-09-02 15:13:14.6215214Z","ETW","Microsoft-Windows-Kernel-Process",3,"ThreadStartStart ",6432,6728,"SearchIndexer.exe",,,,,,,,,,,,,,,,[{"addr":140736918209220,"idx":0},{"addr":140736872957146,"idx":1},{"addr":140736872946710,"idx":2},{"addr":140736897140436,"idx":3},{"addr":140736460205641,"idx":4},{"addr":140736459697900,"idx":5},{"addr":140736459695391,"idx":6},{"addr":140736459699327,"idx":7},{"addr":140736459699780,"idx":8},{"addr":140736460230284,"idx":9},{"addr":140736897083607,"idx":10},{"addr":140736916996940,"idx":11}],,,,,,,,,14228,18446639081653080064,18446639081653055488,140698841396592,264,741665951744,5372,741663506432,741663473664,140698841396592,,,,,,,,,,,,,,,,,,,,,,,,,,,,,,,,,,,,,,,,,,,,,,,,,,,,,,,,,,,,,,,,,,,,,,,,,,,,,,,,,,,,,,,,,,,,,,,,,,,,,,
"2025-09-02 15:13:14.6223591Z","ETW","Microsoft-Windows-Kernel-Audit-API-Calls",5,"Info ",676,852,"csrss.exe",,,,,,,,,,,,,,,,[{"addr":140736918203764,"idx":0},{"addr":140736867430364,"idx":1},{"addr":140736867572214,"idx":2},{"addr":140736916996962,"idx":3}],,,,,,,,,,,,,,,,,,,2097151,0,14228,,,,,,,,,,,,,,,,,,,,,,,,,,,,,,,,,,,,,,,,,,,,,,,,,,,,,,,,,,,,,,,,,,,,,,,,,,,,,,,,,,,,,,,,,,,,,,,,,,,
"2025-09-02 15:13:14.6223723Z","ETW","Microsoft-Windows-Kernel-Audit-API-Calls",6,"Info ",676,852,"csrss.exe",,,,,,,,,,,,,,,,[{"addr":140736918212548,"idx":0},{"addr":140736867430626,"idx":1},{"addr":140736867572214,"idx":2},{"addr":140736916996962,"idx":3}],,,,,,,,,,,,,,,,,,,2097151,0,14228,5372,,,,,,,,,,,,,,,,,,,,,,,,,,,,,,,,,,,,,,,,,,,,,,,,,,,,,,,,,,,,,,,,,,,,,,,,,,,,,,,,,,,,,,,,,,,,,,,,,,
"2025-09-02 15:13:14.6234766Z","ETW","Microsoft-Windows-Kernel-Process",5,"ImageLoadInfo ",14228,5372,"SearchProtocolHost.exe",,,,"C:\Windows\System32\SearchProtocolHost.exe",,,,,,,,,,,,[{"addr":140736916996896,"idx":0}],,,,,,,,,14228,,,,,,,,,,,,,,,,,,,,,,,,,,,,,,,,,,,,205190964,140698841382912,140698841382912,745946,692224,,,,,,,,,,,,,,,,,,,,,,,,,,,,,,,,,,,,,,,,,,,,,,,,,,,,,,,,,,,,,,,,,,,,,,,
"2025-09-02 15:13:14.6235165Z","ETW","Microsoft-Windows-Kernel-Process",5,"ImageLoadInfo ",14228,5372,"SearchProtocolHost.exe",,,,"C:\Windows\System32\ntdll.dll",,,,,,,,,,,,[{"addr":140736916996896,"idx":0}],,,,,,,,,14228,,,,,,,,,,,,,,,,,,,,,,,,,,,,,,,,,,,,2512787800,140736916750336,140736916750336,2531053,2519040,,,,,,,,,,,,,,,,,,,,,,,,,,,,,,,,,,,,,,,,,,,,,,,,,,,,,,,,,,,,,,,,,,,,,,,
"2025-09-02 15:13:14.6264213Z","ETW","Microsoft-Windows-Kernel-Process",5,"ImageLoadInfo ",14228,5372,"SearchProtocolHost.exe",,,,"C:\Windows\System32\kernel32.dll",,,,,,,,,,,,[{"addr":140736918203828,"idx":0},{"addr":140736917192506,"idx":1},{"addr":140736917191278,"idx":2},{"addr":140736917190209,"idx":3},{"addr":140736916804181,"idx":4},{"addr":140736916785218,"idx":5},{"addr":140736916784352,"idx":6},{"addr":140736917101952,"idx":7},{"addr":140736917649076,"idx":8},{"addr":140736917165243,"idx":9},{"addr":140736917158036,"idx":10},{"addr":140736917157502,"idx":11},{"addr":140736916971470,"idx":12}],,,,,,,,,14228,,,,,,,,,,,,,,,,,,,,,,,,,,,,,,,,,,,,2842556120,140736896892928,140736896892928,880212,823296,,,,,,,,,,,,,,,,,,,,,,,,,,,,,,,,,,,,,,,,,,,,,,,,,,,,,,,,,,,,,,,,,,,,,,,
"2025-09-02 15:13:14.6265817Z","ETW","Microsoft-Windows-Kernel-Process",5,"ImageLoadInfo ",14228,5372,"SearchProtocolHost.exe",,,,"C:\Windows\System32\KernelBase.dll",,,,,,,,,,,,[{"addr":140736918203828,"idx":0},{"addr":140736917192506,"idx":1},{"addr":140736917191278,"idx":2},{"addr":140736917190209,"idx":3},{"addr":140736916798526,"idx":4},{"addr":140736916790798,"idx":5},{"addr":140736917191656,"idx":6},{"addr":140736917190209,"idx":7},{"addr":140736916804181,"idx":8},{"addr":140736916785218,"idx":9},{"addr":140736916784352,"idx":10},{"addr":140736917101952,"idx":11},{"addr":140736917649076,"idx":12},{"addr":140736917165243,"idx":13},{"addr":140736917158036,"idx":14},{"addr":140736917157502,"idx":15},{"addr":140736916971470,"idx":16}],,,,,,,,,14228,,,,,,,,,,,,,,,,,,,,,,,,,,,,,,,,,,,,1916522255,140736871923712,140736871923712,4150506,4128768,,,,,,,,,,,,,,,,,,,,,,,,,,,,,,,,,,,,,,,,,,,,,,,,,,,,,,,,,,,,,,,,,,,,,,,
"2025-09-02 15:13:14.6277991Z","ETW","Microsoft-Windows-Kernel-Process",5,"ImageLoadInfo ",14228,5372,"SearchProtocolHost.exe",,,,"C:\Windows\System32\msvcp_win.dll",,,,,,,,,,,,[{"addr":140736918203828,"idx":0},{"addr":140736917192506,"idx":1},{"addr":140736917191278,"idx":2},{"addr":140736917190209,"idx":3},{"addr":140736916798526,"idx":4},{"addr":140736916790798,"idx":5},{"addr":140736917165509,"idx":6},{"addr":140736917158036,"idx":7},{"addr":140736917157502,"idx":8},{"addr":140736916971470,"idx":9}],,,,,,,,,14228,,,,,,,,,,,,,,,,,,,,,,,,,,,,,,,,,,,,2240469762,140736868319232,140736868319232,703256,667648,,,,,,,,,,,,,,,,,,,,,,,,,,,,,,,,,,,,,,,,,,,,,,,,,,,,,,,,,,,,,,,,,,,,,,,
"2025-09-02 15:13:14.6279453Z","ETW","Microsoft-Windows-Kernel-Process",5,"ImageLoadInfo ",14228,5372,"SearchProtocolHost.exe",,,,"C:\Windows\System32\ucrtbase.dll",,,,,,,,,,,,[{"addr":140736918203828,"idx":0},{"addr":140736917192506,"idx":1},{"addr":140736917191278,"idx":2},{"addr":140736917190209,"idx":3},{"addr":140736916798526,"idx":4},{"addr":140736916790798,"idx":5},{"addr":140736917191656,"idx":6},{"addr":140736917190209,"idx":7},{"addr":140736916798526,"idx":8},{"addr":140736916790798,"idx":9},{"addr":140736917165509,"idx":10},{"addr":140736917158036,"idx":11},{"addr":140736917157502,"idx":12},{"addr":140736916971470,"idx":13}],,,,,,,,,14228,,,,,,,,,,,,,,,,,,,,,,,,,,,,,,,,,,,,3686092271,140736876314624,140736876314624,1418583,1355776,,,,,,,,,,,,,,,,,,,,,,,,,,,,,,,,,,,,,,,,,,,,,,,,,,,,,,,,,,,,,,,,,,,,,,,
"2025-09-02 15:13:14.6280688Z","ETW","Microsoft-Windows-Kernel-Process",3,"ThreadStartStart ",14228,5372,"SearchProtocolHost.exe",,,,,,,,,,,,,,,,[{"addr":140736918214756,"idx":0},{"addr":140736917348769,"idx":1},{"addr":140736917700534,"idx":2},{"addr":140736916791223,"idx":3},{"addr":140736917191656,"idx":4},{"addr":140736917190209,"idx":5},{"addr":140736916798526,"idx":6},{"addr":140736916790798,"idx":7},{"addr":140736917191656,"idx":8},{"addr":140736917190209,"idx":9},{"addr":140736916798526,"idx":10},{"addr":140736916790798,"idx":11},{"addr":140736917165509,"idx":12},{"addr":140736917158036,"idx":13},{"addr":140736917157502,"idx":14},{"addr":140736916971470,"idx":15}],,,,,,,,,14228,18446639081655115776,18446639081655091200,140736917348896,0,741665959936,15628,741664030720,741663997952,140736917348896,,,,,,,,,,,,,,,,,,,,,,,,,,,,,,,,,,,,,,,,,,,,,,,,,,,,,,,,,,,,,,,,,,,,,,,,,,,,,,,,,,,,,,,,,,,,,,,,,,,,,,
"2025-09-02 15:13:14.6281670Z","ETW","Microsoft-Windows-Kernel-Process",3,"ThreadStartStart ",14228,15628,"SearchProtocolHost.exe",,,,,,,,,,,,,,,,[{"addr":140736918214756,"idx":0},{"addr":140736917257428,"idx":1},{"addr":140736917254706,"idx":2},{"addr":140736917350945,"idx":3},{"addr":140736897083607,"idx":4},{"addr":140736916996940,"idx":5}],,,,,,,,,14228,18446639081655431168,18446639081655406592,140736917348896,0,741665968128,13492,741666717696,741666684928,140736917348896,,,,,,,,,,,,,,,,,,,,,,,,,,,,,,,,,,,,,,,,,,,,,,,,,,,,,,,,,,,,,,,,,,,,,,,,,,,,,,,,,,,,,,,,,,,,,,,,,,,,,,
"2025-09-02 15:13:14.6281814Z","ETW","Microsoft-Windows-Kernel-Process",5,"ImageLoadInfo ",14228,5372,"SearchProtocolHost.exe",,,,"C:\Windows\System32\oleaut32.dll",,,,,,,,,,,,[{"addr":140736918203828,"idx":0},{"addr":140736917192506,"idx":1},{"addr":140736917191278,"idx":2},{"addr":140736917190209,"idx":3},{"addr":140736916798526,"idx":4},{"addr":140736916790798,"idx":5},{"addr":140736917165509,"idx":6},{"addr":140736917158036,"idx":7},{"addr":140736917157502,"idx":8},{"addr":140736916971470,"idx":9}],,,,,,,,,14228,,,,,,,,,,,,,,,,,,,,,,,,,,,,,,,,,,,,2785821912,140736894861312,140736894861312,927709,917504,,,,,,,,,,,,,,,,,,,,,,,,,,,,,,,,,,,,,,,,,,,,,,,,,,,,,,,,,,,,,,,,,,,,,,,
"2025-09-02 15:13:14.6284274Z","ETW","Microsoft-Windows-Kernel-Process",5,"ImageLoadInfo ",14228,5372,"SearchProtocolHost.exe",,,,"C:\Windows\System32\combase.dll",,,,,,,,,,,,[{"addr":140736918203828,"idx":0},{"addr":140736917192506,"idx":1},{"addr":140736917191278,"idx":2},{"addr":140736917190209,"idx":3},{"addr":140736916798526,"idx":4},{"addr":140736916790798,"idx":5},{"addr":140736917191656,"idx":6},{"addr":140736917190209,"idx":7},{"addr":140736916798526,"idx":8},{"addr":140736916790798,"idx":9},{"addr":140736917165509,"idx":10},{"addr":140736917158036,"idx":11},{"addr":140736917157502,"idx":12},{"addr":140736916971470,"idx":13}],,,,,,,,,14228,,,,,,,,,,,,,,,,,,,,,,,,,,,,,,,,,,,,670765882,140736909082624,140736909082624,3776119,3690496,,,,,,,,,,,,,,,,,,,,,,,,,,,,,,,,,,,,,,,,,,,,,,,,,,,,,,,,,,,,,,,,,,,,,,,
"2025-09-02 15:13:14.6285531Z","ETW","Microsoft-Windows-Kernel-Process",5,"ImageLoadInfo ",14228,5372,"SearchProtocolHost.exe",,,,"C:\Windows\System32\rpcrt4.dll",,,,,,,,,,,,[{"addr":140736918203828,"idx":0},{"addr":140736917192506,"idx":1},{"addr":140736917191278,"idx":2},{"addr":140736917190209,"idx":3},{"addr":140736916798526,"idx":4},{"addr":140736916790798,"idx":5},{"addr":140736917191656,"idx":6},{"addr":140736917190209,"idx":7},{"addr":140736916798526,"idx":8},{"addr":140736916790798,"idx":9},{"addr":140736917191656,"idx":10},{"addr":140736917190209,"idx":11},{"addr":140736916798526,"idx":12},{"addr":140736916790798,"idx":13},{"addr":140736917165509,"idx":14},{"addr":140736917158036,"idx":15},{"addr":140736917157502,"idx":16},{"addr":140736916971470,"idx":17}],,,,,,,,,14228,,,,,,,,,,,,,,,,,,,,,,,,,,,,,,,,,,,,755903142,140736881754112,140736881754112,1201440,1146880,,,,,,,,,,,,,,,,,,,,,,,,,,,,,,,,,,,,,,,,,,,,,,,,,,,,,,,,,,,,,,,,,,,,,,,
"2025-09-02 15:13:14.6287445Z","ETW","Microsoft-Windows-Kernel-Process",3,"ThreadStartStart ",14228,5372,"SearchProtocolHost.exe",,,,,,,,,,,,,,,,[{"addr":140736918214756,"idx":0},{"addr":140736917348769,"idx":1},{"addr":140736917700534,"idx":2},{"addr":140736916791223,"idx":3},{"addr":140736917191656,"idx":4},{"addr":140736917190209,"idx":5},{"addr":140736916798526,"idx":6},{"addr":140736916790798,"idx":7},{"addr":140736917165509,"idx":8},{"addr":140736917158036,"idx":9},{"addr":140736917157502,"idx":10},{"addr":140736916971470,"idx":11}],,,,,,,,,14228,18446639081670742016,18446639081670717440,140736917348896,0,741665976320,17476,741667241984,741667209216,140736917348896,,,,,,,,,,,,,,,,,,,,,,,,,,,,,,,,,,,,,,,,,,,,,,,,,,,,,,,,,,,,,,,,,,,,,,,,,,,,,,,,,,,,,,,,,,,,,,,,,,,,,,
"2025-09-02 15:13:14.6300281Z","ETW","Microsoft-Windows-Kernel-Process",5,"ImageLoadInfo ",14228,5372,"SearchProtocolHost.exe",,,,"C:\Windows\System32\imm32.dll",,,,,,,,,,,,[{"addr":140736918203828,"idx":0},{"addr":140736917192506,"idx":1},{"addr":140736917191278,"idx":2},{"addr":140736917190209,"idx":3},{"addr":140736916804181,"idx":4},{"addr":140736916785218,"idx":5},{"addr":140736916786774,"idx":6},{"addr":140736917021315,"idx":7},{"addr":140736917023197,"idx":8},{"addr":140698841772274,"idx":9},{"addr":140698841403314,"idx":10},{"addr":140698841614085,"idx":11},{"addr":140698841396459,"idx":12},{"addr":140736897083607,"idx":13},{"addr":140736916996940,"idx":14}],,,,,,,,,14228,,,,,,,,,,,,,,,,,,,,,,,,,,,,,,,,,,,,2763417762,140736896630784,140736896630784,237947,192512,,,,,,,,,,,,,,,,,,,,,,,,,,,,,,,,,,,,,,,,,,,,,,,,,,,,,,,,,,,,,,,,,,,,,,,
"2025-09-02 15:13:14.6301497Z","ETW","Microsoft-Windows-Kernel-Process",5,"ImageLoadInfo ",14228,5372,"SearchProtocolHost.exe",,,,"C:\Windows\System32\win32u.dll",,,,,,,,,,,,[{"addr":140736918203828,"idx":0},{"addr":140736917192506,"idx":1},{"addr":140736917191278,"idx":2},{"addr":140736917190209,"idx":3},{"addr":140736916798526,"idx":4},{"addr":140736916790798,"idx":5},{"addr":140736917191656,"idx":6},{"addr":140736917190209,"idx":7},{"addr":140736916804181,"idx":8},{"addr":140736916785218,"idx":9},{"addr":140736916786774,"idx":10},{"addr":140736917021315,"idx":11},{"addr":140736917023197,"idx":12},{"addr":140698841772274,"idx":13},{"addr":140698841403314,"idx":14},{"addr":140698841614085,"idx":15},{"addr":140698841396459,"idx":16},{"addr":140736897083607,"idx":17},{"addr":140736916996940,"idx":18}],,,,,,,,,14228,,,,,,,,,,,,,,,,,,,,,,,,,,,,,,,,,,,,4080079730,140736876118016,140736876118016,179667,159744,,,,,,,,,,,,,,,,,,,,,,,,,,,,,,,,,,,,,,,,,,,,,,,,,,,,,,,,,,,,,,,,,,,,,,,
"2025-09-02 15:13:14.6303312Z","ETW","Microsoft-Windows-Kernel-Process",5,"ImageLoadInfo ",14228,5372,"SearchProtocolHost.exe",,,,"C:\Windows\System32\user32.dll",,,,,,,,,,,,[{"addr":140736918203828,"idx":0},{"addr":140736917192506,"idx":1},{"addr":140736917191278,"idx":2},{"addr":140736917190209,"idx":3},{"addr":140736916804181,"idx":4},{"addr":140736916785218,"idx":5},{"addr":140736916786774,"idx":6},{"addr":140736917021315,"idx":7},{"addr":140736917023197,"idx":8},{"addr":140736896668978,"idx":9},{"addr":140736896678879,"idx":10},{"addr":140736896664436,"idx":11},{"addr":140736918195438,"idx":12},{"addr":140736917219838,"idx":13},{"addr":140736917215596,"idx":14},{"addr":140736916995194,"idx":15},{"addr":140736916991491,"idx":16},{"addr":140736916785364,"idx":17},{"addr":140736916786774,"idx":18},{"addr":140736917021315,"idx":19},{"addr":140736917023197,"idx":20},{"addr":140698841772274,"idx":21},{"addr":140698841403314,"idx":22},{"addr":140698841614085,"idx":23},{"addr":140698841396459,"idx":24},{"addr":140736897083607,"idx":25},{"addr":140736916996940,"idx":26}],,,,,,,,,14228,,,,,,,,,,,,,,,,,,,,,,,,,,,,,,,,,,,,3594986103,140736914063360,140736914063360,1919723,1855488,,,,,,,,,,,,,,,,,,,,,,,,,,,,,,,,,,,,,,,,,,,,,,,,,,,,,,,,,,,,,,,,,,,,,,,
"2025-09-02 15:13:14.6304843Z","ETW","Microsoft-Windows-Kernel-Process",5,"ImageLoadInfo ",14228,5372,"SearchProtocolHost.exe",,,,"C:\Windows\System32\gdi32.dll",,,,,,,,,,,,[{"addr":140736918203828,"idx":0},{"addr":140736917192506,"idx":1},{"addr":140736917191278,"idx":2},{"addr":140736917190209,"idx":3},{"addr":140736916798526,"idx":4},{"addr":140736916790798,"idx":5},{"addr":140736917191656,"idx":6},{"addr":140736917190209,"idx":7},{"addr":140736916804181,"idx":8},{"addr":140736916785218,"idx":9},{"addr":140736916786774,"idx":10},{"addr":140736917021315,"idx":11},{"addr":140736917023197,"idx":12},{"addr":140736896668978,"idx":13},{"addr":140736896678879,"idx":14},{"addr":140736896664436,"idx":15},{"addr":140736918195438,"idx":16},{"addr":140736917219838,"idx":17},{"addr":140736917215596,"idx":18},{"addr":140736916995194,"idx":19},{"addr":140736916991491,"idx":20},{"addr":140736916785364,"idx":21},{"addr":140736916786774,"idx":22},{"addr":140736917021315,"idx":23},{"addr":140736917023197,"idx":24},{"addr":140698841772274,"idx":25},{"addr":140698841403314,"idx":26},{"addr":140698841614085,"idx":27},{"addr":140698841396459,"idx":28},{"addr":140736897083607,"idx":29},{"addr":140736916996940,"idx":30}],,,,,,,,,14228,,,,,,,,,,,,,,,,,,,,,,,,,,,,,,,,,,,,226377214,140736902135808,140736902135808,213118,176128,,,,,,,,,,,,,,,,,,,,,,,,,,,,,,,,,,,,,,,,,,,,,,,,,,,,,,,,,,,,,,,,,,,,,,,
"2025-09-02 15:13:14.6306251Z","ETW","Microsoft-Windows-Kernel-Process",5,"ImageLoadInfo ",14228,5372,"SearchProtocolHost.exe",,,,"C:\Windows\System32\gdi32full.dll",,,,,,,,,,,,[{"addr":140736918203828,"idx":0},{"addr":140736917192506,"idx":1},{"addr":140736917191278,"idx":2},{"addr":140736917190209,"idx":3},{"addr":140736916798526,"idx":4},{"addr":140736916790798,"idx":5},{"addr":140736917191656,"idx":6},{"addr":140736917190209,"idx":7},{"addr":140736916798526,"idx":8},{"addr":140736916790798,"idx":9},{"addr":140736917191656,"idx":10},{"addr":140736917190209,"idx":11},{"addr":140736916804181,"idx":12},{"addr":140736916785218,"idx":13},{"addr":140736916786774,"idx":14},{"addr":140736917021315,"idx":15},{"addr":140736917023197,"idx":16},{"addr":140736896668978,"idx":17},{"addr":140736896678879,"idx":18},{"addr":140736896664436,"idx":19},{"addr":140736918195438,"idx":20},{"addr":140736917219838,"idx":21},{"addr":140736917215596,"idx":22},{"addr":140736916995194,"idx":23},{"addr":140736916991491,"idx":24},{"addr":140736916785364,"idx":25},{"addr":140736916786774,"idx":26},{"addr":140736917021315,"idx":27},{"addr":140736917023197,"idx":28},{"addr":140698841772274,"idx":29},{"addr":140698841403314,"idx":30},{"addr":140698841614085,"idx":31},{"addr":140698841396459,"idx":32},{"addr":140736897083607,"idx":33},{"addr":140736916996940,"idx":34}],,,,,,,,,14228,,,,,,,,,,,,,,,,,,,,,,,,,,,,,,,,,,,,4226913238,140736869040128,140736869040128,1298614,1277952,,,,,,,,,,,,,,,,,,,,,,,,,,,,,,,,,,,,,,,,,,,,,,,,,,,,,,,,,,,,,,,,,,,,,,,
"2025-09-02 15:13:14.6322168Z","ETW","Microsoft-Windows-Kernel-Process",5,"ImageLoadInfo ",14228,5372,"SearchProtocolHost.exe",,,,"C:\Windows\System32\kernel.appcore.dll",,,,,,,,,,,,[{"addr":140736918203828,"idx":0},{"addr":140736917192506,"idx":1},{"addr":140736917191278,"idx":2},{"addr":140736917210764,"idx":3},{"addr":140736917202269,"idx":4},{"addr":140736917259140,"idx":5},{"addr":140736916785248,"idx":6},{"addr":140736916786774,"idx":7},{"addr":140736917021315,"idx":8},{"addr":140736917023197,"idx":9},{"addr":140736910389554,"idx":10},{"addr":140736910690375,"idx":11},{"addr":140736910448320,"idx":12},{"addr":140736916975221,"idx":13},{"addr":140736872573249,"idx":14},{"addr":140736910291875,"idx":15},{"addr":140736910291808,"idx":16},{"addr":140736909934810,"idx":17},{"addr":140736909933889,"idx":18},{"addr":140736909932542,"idx":19},{"addr":140736909930953,"idx":20},{"addr":140698841614491,"idx":21},{"addr":140698841396459,"idx":22},{"addr":140736897083607,"idx":23},{"addr":140736916996940,"idx":24}],,,,,,,,,14228,,,,,,,,,,,,,,,,,,,,,,,,,,,,,,,,,,,,4117383687,140736848265216,140736848265216,158572,110592,,,,,,,,,,,,,,,,,,,,,,,,,,,,,,,,,,,,,,,,,,,,,,,,,,,,,,,,,,,,,,,,,,,,,,,
"2025-09-02 15:13:14.6323489Z","ETW","Microsoft-Windows-Kernel-Process",5,"ImageLoadInfo ",14228,5372,"SearchProtocolHost.exe",,,,"C:\Windows\System32\msvcrt.dll",,,,,,,,,,,,[{"addr":140736918203828,"idx":0},{"addr":140736917192506,"idx":1},{"addr":140736917191278,"idx":2},{"addr":140736917190209,"idx":3},{"addr":140736916798526,"idx":4},{"addr":140736916790798,"idx":5},{"addr":140736917191656,"idx":6},{"addr":140736917210764,"idx":7},{"addr":140736917202269,"idx":8},{"addr":140736917259140,"idx":9},{"addr":140736916785248,"idx":10},{"addr":140736916786774,"idx":11},{"addr":140736917021315,"idx":12},{"addr":140736917023197,"idx":13},{"addr":140736910389554,"idx":14},{"addr":140736910690375,"idx":15},{"addr":140736910448320,"idx":16},{"addr":140736916975221,"idx":17},{"addr":140736872573249,"idx":18},{"addr":140736910291875,"idx":19},{"addr":140736910291808,"idx":20},{"addr":140736909934810,"idx":21},{"addr":140736909933889,"idx":22},{"addr":140736909932542,"idx":23},{"addr":140736909930953,"idx":24},{"addr":140698841614491,"idx":25},{"addr":140698841396459,"idx":26},{"addr":140736897083607,"idx":27},{"addr":140736916996940,"idx":28}],,,,,,,,,14228,,,,,,,,,,,,,,,,,,,,,,,,,,,,,,,,,,,,2634004398,140736913342464,140736913342464,729924,692224,,,,,,,,,,,,,,,,,,,,,,,,,,,,,,,,,,,,,,,,,,,,,,,,,,,,,,,,,,,,,,,,,,,,,,,
"2025-09-02 15:13:14.6327327Z","ETW","Microsoft-Windows-Kernel-Process",5,"ImageLoadInfo ",14228,5372,"SearchProtocolHost.exe",,,,"C:\Windows\System32\bcryptprimitives.dll",,,,,,,,,,,,[{"addr":140736918203828,"idx":0},{"addr":140736917192506,"idx":1},{"addr":140736917191278,"idx":2},{"addr":140736917190209,"idx":3},{"addr":140736916804181,"idx":4},{"addr":140736916785218,"idx":5},{"addr":140736916786774,"idx":6},{"addr":140736917021315,"idx":7},{"addr":140736917023197,"idx":8},{"addr":140736882386290,"idx":9},{"addr":140736882460095,"idx":10},{"addr":140736881997317,"idx":11},{"addr":140736909937766,"idx":12},{"addr":140736909936267,"idx":13},{"addr":140736909935376,"idx":14},{"addr":140736909934840,"idx":15},{"addr":140736909933889,"idx":16},{"addr":140736909932542,"idx":17},{"addr":140736909930953,"idx":18},{"addr":140698841614491,"idx":19},{"addr":140698841396459,"idx":20},{"addr":140736897083607,"idx":21},{"addr":140736916996940,"idx":22}],,,,,,,,,14228,,,,,,,,,,,,,,,,,,,,,,,,,,,,,,,,,,,,3318233078,140736867663872,140736867663872,705120,626688,,,,,,,,,,,,,,,,,,,,,,,,,,,,,,,,,,,,,,,,,,,,,,,,,,,,,,,,,,,,,,,,,,,,,,,
"2025-09-02 15:13:14.6331887Z","ETW","Microsoft-Windows-Kernel-Process",5,"ImageLoadInfo ",14228,5372,"SearchProtocolHost.exe",,,,"C:\Windows\System32\advapi32.dll",,,,,,,,,,,,[{"addr":140736918203828,"idx":0},{"addr":140736917192506,"idx":1},{"addr":140736917191278,"idx":2},{"addr":140736917190209,"idx":3},{"addr":140736916804181,"idx":4},{"addr":140736916785218,"idx":5},{"addr":140736916786774,"idx":6},{"addr":140736917021315,"idx":7},{"addr":140736917023197,"idx":8},{"addr":140698841772274,"idx":9},{"addr":140698841401909,"idx":10},{"addr":140698841529583,"idx":11},{"addr":140698841616560,"idx":12},{"addr":140698841396459,"idx":13},{"addr":140736897083607,"idx":14},{"addr":140736916996940,"idx":15}],,,,,,,,,14228,,,,,,,,,,,,,,,,,,,,,,,,,,,,,,,,,,,,2886261828,140736895844352,140736895844352,804270,737280,,,,,,,,,,,,,,,,,,,,,,,,,,,,,,,,,,,,,,,,,,,,,,,,,,,,,,,,,,,,,,,,,,,,,,,
"2025-09-02 15:13:14.6333617Z","ETW","Microsoft-Windows-Kernel-Process",5,"ImageLoadInfo ",14228,5372,"SearchProtocolHost.exe",,,,"C:\Windows\System32\sechost.dll",,,,,,,,,,,,[{"addr":140736918203828,"idx":0},{"addr":140736917192506,"idx":1},{"addr":140736917191278,"idx":2},{"addr":140736917190209,"idx":3},{"addr":140736916798526,"idx":4},{"addr":140736916790798,"idx":5},{"addr":140736917191656,"idx":6},{"addr":140736917190209,"idx":7},{"addr":140736916804181,"idx":8},{"addr":140736916785218,"idx":9},{"addr":140736916786774,"idx":10},{"addr":140736917021315,"idx":11},{"addr":140736917023197,"idx":12},{"addr":140698841772274,"idx":13},{"addr":140698841401909,"idx":14},{"addr":140698841529583,"idx":15},{"addr":140698841616560,"idx":16},{"addr":140698841396459,"idx":17},{"addr":140736897083607,"idx":18},{"addr":140736916996940,"idx":19}],,,,,,,,,14228,,,,,,,,,,,,,,,,,,,,,,,,,,,,,,,,,,,,918957807,140736881033216,140736881033216,733904,679936,,,,,,,,,,,,,,,,,,,,,,,,,,,,,,,,,,,,,,,,,,,,,,,,,,,,,,,,,,,,,,,,,,,,,,,
"2025-09-02 15:13:14.6333978Z","ETW","Microsoft-Windows-Kernel-Audit-API-Calls",5,"Info ",10464,22004,"copilot-language-server.exe",,,,,,,,,,,,,,,,[{"addr":140736918203764,"idx":0},{"addr":140736872731894,"idx":1},{"addr":140702698444584,"idx":2},{"addr":140702697018348,"idx":3},{"addr":140701097580744,"idx":4},{"addr":140700568323904,"idx":5},{"addr":140700568316064,"idx":6},{"addr":140700566090877,"idx":7},{"addr":140702708515008,"idx":8},{"addr":140702708513979,"idx":9},{"addr":140702707157057,"idx":10},{"addr":140702707155187,"idx":11},{"addr":140702708266044,"idx":12},{"addr":140702698065041,"idx":13},{"addr":140702698537495,"idx":14},{"addr":140702698522991,"idx":15},{"addr":140702698328165,"idx":16},{"addr":140702697182954,"idx":17},{"addr":140702697791677,"idx":18},{"addr":140702697787118,"idx":19},{"addr":140702695670984,"idx":20},{"addr":140702717007636,"idx":21},{"addr":140736897083607,"idx":22},{"addr":140736916996940,"idx":23}],,,,,,,,,,,,,,,,,,,1025,0,10596,,,,,,,,,,,,,,,,,,,,,,,,,,,,,,,,,,,,,,,,,,,,,,,,,,,,,,,,,,,,,,,,,,,,,,,,,,,,,,,,,,,,,,,,,,,,,,,,,,,
"2025-09-02 15:13:14.6342238Z","ETW","Microsoft-Windows-Kernel-Audit-API-Calls",5,"Info ",920,1004,"lsass.exe",,,,,,,,,,,,,,,,[{"addr":140736918203764,"idx":0},{"addr":140736872731894,"idx":1},{"addr":140736861129291,"idx":2},{"addr":140736882620003,"idx":3},{"addr":140736882628366,"idx":4},{"addr":140736882319852,"idx":5},{"addr":140736882311415,"idx":6},{"addr":140736882088628,"idx":7},{"addr":140736882092744,"idx":8},{"addr":140736882015316,"idx":9},{"addr":140736882081820,"idx":10},{"addr":140736882106396,"idx":11},{"addr":140736882102691,"idx":12},{"addr":140736882098504,"idx":13},{"addr":140736917358174,"idx":14},{"addr":140736917350275,"idx":15},{"addr":140736897083607,"idx":16},{"addr":140736916996940,"idx":17}],,,,,,,,,,,,,,,,,,,4096,0,14228,,,,,,,,,,,,,,,,,,,,,,,,,,,,,,,,,,,,,,,,,,,,,,,,,,,,,,,,,,,,,,,,,,,,,,,,,,,,,,,,,,,,,,,,,,,,,,,,,,,
"2025-09-02 15:13:14.6353915Z","ETW","Microsoft-Windows-Kernel-Audit-API-Calls",5,"Info ",528,8112,"svchost.exe",,,,,,,,,,,,,,,,[{"addr":140736918203764,"idx":0},{"addr":140736872731894,"idx":1},{"addr":140736829045620,"idx":2},{"addr":140736829045555,"idx":3},{"addr":140736882620003,"idx":4},{"addr":140736881849533,"idx":5},{"addr":140736881848122,"idx":6},{"addr":140736882311415,"idx":7},{"addr":140736882088628,"idx":8},{"addr":140736882092744,"idx":9},{"addr":140736882015316,"idx":10},{"addr":140736882081820,"idx":11},{"addr":140736882106396,"idx":12},{"addr":140736882102691,"idx":13},{"addr":140736882098504,"idx":14},{"addr":140736917358174,"idx":15},{"addr":140736917350275,"idx":16},{"addr":140736897083607,"idx":17},{"addr":140736916996940,"idx":18}],,,,,,,,,,,,,,,,,,,4096,0,14228,,,,,,,,,,,,,,,,,,,,,,,,,,,,,,,,,,,,,,,,,,,,,,,,,,,,,,,,,,,,,,,,,,,,,,,,,,,,,,,,,,,,,,,,,,,,,,,,,,,
"2025-09-02 15:13:14.6354212Z","ETW","Microsoft-Windows-Kernel-Audit-API-Calls",5,"Info ",944,17404,"svchost.exe",,,,,,,,,,,,,,,,[{"addr":140736918206916,"idx":0},{"addr":140736882337646,"idx":1},{"addr":140736828644345,"idx":2},{"addr":140736828636082,"idx":3},{"addr":140736882620003,"idx":4},{"addr":140736881849533,"idx":5},{"addr":140736881848122,"idx":6},{"addr":140736882311415,"idx":7},{"addr":140736882088628,"idx":8},{"addr":140736882092744,"idx":9},{"addr":140736882015316,"idx":10},{"addr":140736882081820,"idx":11},{"addr":140736882106396,"idx":12},{"addr":140736882102691,"idx":13},{"addr":140736882098504,"idx":14},{"addr":140736917358174,"idx":15},{"addr":140736917350275,"idx":16},{"addr":140736897083607,"idx":17},{"addr":140736916996940,"idx":18}],,,,,,,,,,,,,,,,,,,1048576,0,14228,,,,,,,,,,,,,,,,,,,,,,,,,,,,,,,,,,,,,,,,,,,,,,,,,,,,,,,,,,,,,,,,,,,,,,,,,,,,,,,,,,,,,,,,,,,,,,,,,,,
"2025-09-02 15:13:14.6360444Z","ETW","Microsoft-Windows-Kernel-Process",5,"ImageLoadInfo ",14228,5372,"SearchProtocolHost.exe",,,,"C:\Windows\System32\clbcatq.dll",,,,,,,,,,,,[{"addr":140736918203828,"idx":0},{"addr":140736917192506,"idx":1},{"addr":140736917191278,"idx":2},{"addr":140736917190209,"idx":3},{"addr":140736916804181,"idx":4},{"addr":140736916785218,"idx":5},{"addr":140736916786774,"idx":6},{"addr":140736917021315,"idx":7},{"addr":140736917023197,"idx":8},{"addr":140736910389554,"idx":9},{"addr":140736910688281,"idx":10},{"addr":140736910347186,"idx":11},{"addr":140736911036234,"idx":12},{"addr":140736909566763,"idx":13},{"addr":140736910231165,"idx":14},{"addr":140698841662434,"idx":15},{"addr":140698841657826,"idx":16},{"addr":140698841661004,"idx":17},{"addr":140698841649160,"idx":18},{"addr":140698841620585,"idx":19},{"addr":140698841396459,"idx":20},{"addr":140736897083607,"idx":21},{"addr":140736916996940,"idx":22}],,,,,,,,,14228,,,,,,,,,,,,,,,,,,,,,,,,,,,,,,,,,,,,1600192633,140736892108800,140736892108800,700133,688128,,,,,,,,,,,,,,,,,,,,,,,,,,,,,,,,,,,,,,,,,,,,,,,,,,,,,,,,,,,,,,,,,,,,,,,
"2025-09-02 15:13:14.6377569Z","ETW","Microsoft-Windows-Kernel-Process",3,"ThreadStartStart ",14228,5372,"SearchProtocolHost.exe",,,,,,,,,,,,,,,,[{"addr":140736918208964,"idx":0},{"addr":140736872776761,"idx":1},{"addr":140736897102141,"idx":2},{"addr":140698841547175,"idx":3},{"addr":140698841623445,"idx":4},{"addr":140698841396459,"idx":5},{"addr":140736897083607,"idx":6},{"addr":140736916996940,"idx":7}],,,,,,,,,14228,18446639081670770688,18446639081670746112,140698841563120,0,741665984512,15392,741667766272,741667733504,140698841563120,,,,,,,,,,,,,,,,,,,,,,,,,,,,,,,,,,,,,,,,,,,,,,,,,,,,,,,,,,,,,,,,,,,,,,,,,,,,,,,,,,,,,,,,,,,,,,,,,,,,,,
"2025-09-02 15:13:14.6379236Z","ETW","Microsoft-Windows-Kernel-Process",3,"ThreadStartStart ",14228,5372,"SearchProtocolHost.exe",,,,,,,,,,,,,,,,[{"addr":140736918208964,"idx":0},{"addr":140736872776761,"idx":1},{"addr":140736897102141,"idx":2},{"addr":140698841624226,"idx":3},{"addr":140698841396459,"idx":4},{"addr":140736897083607,"idx":5},{"addr":140736916996940,"idx":6}],,,,,,,,,14228,18446639081643483136,18446639081643458560,140698841550432,0,741665992704,21220,741668290560,741668257792,140698841550432,,,,,,,,,,,,,,,,,,,,,,,,,,,,,,,,,,,,,,,,,,,,,,,,,,,,,,,,,,,,,,,,,,,,,,,,,,,,,,,,,,,,,,,,,,,,,,,,,,,,,,
"2025-09-02 15:13:14.6380884Z","ETW","Microsoft-Windows-Kernel-Process",5,"ImageLoadInfo ",14228,21220,"SearchProtocolHost.exe",,,,"C:\Windows\System32\ole32.dll",,,,,,,,,,,,[{"addr":140736918203828,"idx":0},{"addr":140736917192506,"idx":1},{"addr":140736917191278,"idx":2},{"addr":140736917190209,"idx":3},{"addr":140736916804181,"idx":4},{"addr":140736916785218,"idx":5},{"addr":140736916786774,"idx":6},{"addr":140736917021315,"idx":7},{"addr":140736917023197,"idx":8},{"addr":140698841772274,"idx":9},{"addr":140698841401770,"idx":10},{"addr":140698841551472,"idx":11},{"addr":140736897083607,"idx":12},{"addr":140736916996940,"idx":13}],,,,,,,,,14228,,,,,,,,,,,,,,,,,,,,,,,,,,,,,,,,,,,,916019586,140736897744896,140736897744896,1774113,1703936,,,,,,,,,,,,,,,,,,,,,,,,,,,,,,,,,,,,,,,,,,,,,,,,,,,,,,,,,,,,,,,,,,,,,,,
"2025-09-02 15:13:14.6392246Z","ETW","Microsoft-Windows-Kernel-Process",3,"ThreadStartStart ",14228,21220,"SearchProtocolHost.exe",,,,,,,,,,,,,,,,[{"addr":140736918208964,"idx":0},{"addr":140736872776761,"idx":1},{"addr":140736897102141,"idx":2},{"addr":140736909291405,"idx":3},{"addr":140736909289761,"idx":4},{"addr":140736909471518,"idx":5},{"addr":140736909472222,"idx":6},{"addr":140736909469257,"idx":7},{"addr":140736909469042,"idx":8},{"addr":140736909468649,"idx":9},{"addr":140736909472335,"idx":10},{"addr":140736909678884,"idx":11},{"addr":140736909678529,"idx":12},{"addr":140736909281945,"idx":13},{"addr":140736909357884,"idx":14},{"addr":140736909350491,"idx":15},{"addr":140736910270317,"idx":16},{"addr":140736909553458,"idx":17},{"addr":140736909548907,"idx":18},{"addr":140736909576880,"idx":19},{"addr":140698841498422,"idx":20},{"addr":140698841551989,"idx":21},{"addr":140736897083607,"idx":22},{"addr":140736916996940,"idx":23}],,,,,,,,,14228,18446639081569005568,18446639081568980992,140736910320112,0,741666000896,18720,741668814848,741668782080,140736910320112,,,,,,,,,,,,,,,,,,,,,,,,,,,,,,,,,,,,,,,,,,,,,,,,,,,,,,,,,,,,,,,,,,,,,,,,,,,,,,,,,,,,,,,,,,,,,,,,,,,,,,
"2025-09-02 15:13:14.6394828Z","ETW","Microsoft-Windows-Kernel-Process",3,"ThreadStartStart ",4,72,"System",,,,,,,,,,,,,,,,[],,,,,,,,,14228,18446639081569034240,18446639081569009664,140736917348896,0,741666009088,7284,741669339136,741669306368,140736917348896,,,,,,,,,,,,,,,,,,,,,,,,,,,,,,,,,,,,,,,,,,,,,,,,,,,,,,,,,,,,,,,,,,,,,,,,,,,,,,,,,,,,,,,,,,,,,,,,,,,,,,
"2025-09-02 15:13:14.6396433Z","ETW","Microsoft-Windows-Kernel-Process",3,"ThreadStartStart ",14228,7284,"SearchProtocolHost.exe",,,,,,,,,,,,,,,,[{"addr":140736918216388,"idx":0},{"addr":140736917669762,"idx":1},{"addr":140736882108009,"idx":2},{"addr":140736882120022,"idx":3},{"addr":140736882104053,"idx":4},{"addr":140736882098504,"idx":5},{"addr":140736917358174,"idx":6},{"addr":140736917350275,"idx":7},{"addr":140736897083607,"idx":8},{"addr":140736916996940,"idx":9}],,,,,,,,,14228,18446639081569062912,18446639081569038336,140736917348896,0,741666017280,6880,741669863424,741669830656,140736917348896,,,,,,,,,,,,,,,,,,,,,,,,,,,,,,,,,,,,,,,,,,,,,,,,,,,,,,,,,,,,,,,,,,,,,,,,,,,,,,,,,,,,,,,,,,,,,,,,,,,,,,
"2025-09-02 15:13:14.6408739Z","ETW","Microsoft-Windows-Kernel-Process",5,"ImageLoadInfo ",14228,21220,"SearchProtocolHost.exe",,,,"C:\Windows\System32\mssprxy.dll",,,,,,,,,,,,[{"addr":140736918203828,"idx":0},{"addr":140736917192506,"idx":1},{"addr":140736917191278,"idx":2},{"addr":140736917210764,"idx":3},{"addr":140736917202269,"idx":4},{"addr":140736917259140,"idx":5},{"addr":140736916785248,"idx":6},{"addr":140736916784352,"idx":7},{"addr":140736917101952,"idx":8},{"addr":140736872000198,"idx":9},{"addr":140736909363845,"idx":10},{"addr":140736909362547,"idx":11},{"addr":140736909360794,"idx":12},{"addr":140736909561496,"idx":13},{"addr":140736909365281,"idx":14},{"addr":140736909339322,"idx":15},{"addr":140736909195691,"idx":16},{"addr":140736909191304,"idx":17},{"addr":140736909568050,"idx":18},{"addr":140736909567049,"idx":19},{"addr":140736910229700,"idx":20},{"addr":140736910858718,"idx":21},{"addr":140736909460923,"idx":22},{"addr":140736909455813,"idx":23},{"addr":140736909134403,"idx":24},{"addr":140736909553551,"idx":25},{"addr":140736909548907,"idx":26},{"addr":140736909576880,"idx":27},{"addr":140698841498422,"idx":28},{"addr":140698841551989,"idx":29},{"addr":140736897083607,"idx":30},{"addr":140736916996940,"idx":31}],,,,,,,,,14228,,,,,,,,,,,,,,,,,,,,,,,,,,,,,,,,,,,,2606331769,140736299204608,140736299204608,235795,192512,,,,,,,,,,,,,,,,,,,,,,,,,,,,,,,,,,,,,,,,,,,,,,,,,,,,,,,,,,,,,,,,,,,,,,,
"2025-09-02 15:13:14.6420150Z","ETW","Microsoft-Windows-Kernel-Process",5,"ImageLoadInfo ",14228,15392,"SearchProtocolHost.exe",,,,"C:\Windows\System32\mssph.dll",,,,,,,,,,,,[{"addr":140736918203828,"idx":0},{"addr":140736917192506,"idx":1},{"addr":140736917191278,"idx":2},{"addr":140736917210764,"idx":3},{"addr":140736917202269,"idx":4},{"addr":140736917259140,"idx":5},{"addr":140736916785248,"idx":6},{"addr":140736916784352,"idx":7},{"addr":140736917101952,"idx":8},{"addr":140736872000198,"idx":9},{"addr":140736909363845,"idx":10},{"addr":140736909362547,"idx":11},{"addr":140736909360794,"idx":12},{"addr":140736909561496,"idx":13},{"addr":140736909365281,"idx":14},{"addr":140736909356853,"idx":15},{"addr":140736910270317,"idx":16},{"addr":140736909359719,"idx":17},{"addr":140736909871367,"idx":18},{"addr":140736910338829,"idx":19},{"addr":140736910332465,"idx":20},{"addr":140736910348734,"idx":21},{"addr":140736910270317,"idx":22},{"addr":140736909350430,"idx":23},{"addr":140736910270317,"idx":24},{"addr":140736909553458,"idx":25},{"addr":140736909548907,"idx":26},{"addr":140736909576880,"idx":27},{"addr":140698841657111,"idx":28},{"addr":140698841660537,"idx":29},{"addr":140698841563250,"idx":30},{"addr":140736897083607,"idx":31},{"addr":140736916996940,"idx":32}],,,,,,,,,14228,,,,,,,,,,,,,,,,,,,,,,,,,,,,,,,,,,,,2504710850,140735244271616,140735244271616,270927,274432,,,,,,,,,,,,,,,,,,,,,,,,,,,,,,,,,,,,,,,,,,,,,,,,,,,,,,,,,,,,,,,,,,,,,,,
"2025-09-02 15:13:14.6421475Z","ETW","Microsoft-Windows-Kernel-Process",5,"ImageLoadInfo ",14228,15392,"SearchProtocolHost.exe",,,,"C:\Windows\System32\SHCore.dll",,,,,,,,,,,,[{"addr":140736918203828,"idx":0},{"addr":140736917192506,"idx":1},{"addr":140736917191278,"idx":2},{"addr":140736917190209,"idx":3},{"addr":140736916798526,"idx":4},{"addr":140736916790798,"idx":5},{"addr":140736917191656,"idx":6},{"addr":140736917210764,"idx":7},{"addr":140736917202269,"idx":8},{"addr":140736917259140,"idx":9},{"addr":140736916785248,"idx":10},{"addr":140736916784352,"idx":11},{"addr":140736917101952,"idx":12},{"addr":140736872000198,"idx":13},{"addr":140736909363845,"idx":14},{"addr":140736909362547,"idx":15},{"addr":140736909360794,"idx":16},{"addr":140736909561496,"idx":17},{"addr":140736909365281,"idx":18},{"addr":140736909356853,"idx":19},{"addr":140736910270317,"idx":20},{"addr":140736909359719,"idx":21},{"addr":140736909871367,"idx":22},{"addr":140736910338829,"idx":23},{"addr":140736910332465,"idx":24},{"addr":140736910348734,"idx":25},{"addr":140736910270317,"idx":26},{"addr":140736909350430,"idx":27},{"addr":140736910270317,"idx":28},{"addr":140736909553458,"idx":29},{"addr":140736909548907,"idx":30},{"addr":140736909576880,"idx":31},{"addr":140698841657111,"idx":32},{"addr":140698841660537,"idx":33},{"addr":140698841563250,"idx":34},{"addr":140736897083607,"idx":35},{"addr":140736916996940,"idx":36}],,,,,,,,,14228,,,,,,,,,,,,,,,,,,,,,,,,,,,,,,,,,,,,742317482,140736902660096,140736902660096,1049363,1003520,,,,,,,,,,,,,,,,,,,,,,,,,,,,,,,,,,,,,,,,,,,,,,,,,,,,,,,,,,,,,,,,,,,,,,,
"2025-09-02 15:13:14.6429490Z","ETW","Microsoft-Windows-Kernel-Process",5,"ImageLoadInfo ",14228,15392,"SearchProtocolHost.exe",,,,"C:\Windows\System32\authz.dll",,,,,,,,,,,,[{"addr":140736918203828,"idx":0},{"addr":140736917192506,"idx":1},{"addr":140736917191278,"idx":2},{"addr":140736917210764,"idx":3},{"addr":140736917201516,"idx":4},{"addr":140736917258922,"idx":5},{"addr":140736916785248,"idx":6},{"addr":140736916786774,"idx":7},{"addr":140736917021315,"idx":8},{"addr":140736917023197,"idx":9},{"addr":140735244324802,"idx":10},{"addr":140735244340743,"idx":11},{"addr":140735244325931,"idx":12},{"addr":140698841661406,"idx":13},{"addr":140698841660616,"idx":14},{"addr":140698841563250,"idx":15},{"addr":140736897083607,"idx":16},{"addr":140736916996940,"idx":17}],,,,,,,,,14228,,,,,,,,,,,,,,,,,,,,,,,,,,,,,,,,,,,,2133207948,140736843874304,140736843874304,370391,327680,,,,,,,,,,,,,,,,,,,,,,,,,,,,,,,,,,,,,,,,,,,,,,,,,,,,,,,,,,,,,,,,,,,,,,,
"2025-09-02 15:13:14.6435017Z","ETW","Microsoft-Windows-Kernel-Process",5,"ImageLoadInfo ",14228,21220,"SearchProtocolHost.exe",,,,"C:\Windows\System32\ntmarta.dll",,,,,,,,,,,,[{"addr":140736918203828,"idx":0},{"addr":140736917192506,"idx":1},{"addr":140736917191278,"idx":2},{"addr":140736917210764,"idx":3},{"addr":140736917202269,"idx":4},{"addr":140736917259140,"idx":5},{"addr":140736916785248,"idx":6},{"addr":140736916786774,"idx":7},{"addr":140736917021315,"idx":8},{"addr":140736917023197,"idx":9},{"addr":140735244324802,"idx":10},{"addr":140735244341172,"idx":11},{"addr":140735244306447,"idx":12},{"addr":140735244301728,"idx":13},{"addr":140698841660079,"idx":14},{"addr":140698841647819,"idx":15},{"addr":140698841552241,"idx":16},{"addr":140736897083607,"idx":17},{"addr":140736916996940,"idx":18}],,,,,,,,,14228,,,,,,,,,,,,,,,,,,,,,,,,,,,,,,,,,,,,2803059627,140736849510400,140736849510400,286201,221184,,,,,,,,,,,,,,,,,,,,,,,,,,,,,,,,,,,,,,,,,,,,,,,,,,,,,,,,,,,,,,,,,,,,,,,
"2025-09-02 15:13:14.6438424Z","ETW","Microsoft-Windows-Kernel-Process",3,"ThreadStartStart ",6432,1484,"SearchIndexer.exe",,,,,,,,,,,,,,,,[{"addr":140736918216388,"idx":0},{"addr":140736917669762,"idx":1},{"addr":140736882108009,"idx":2},{"addr":140736882106619,"idx":3},{"addr":140736882102691,"idx":4},{"addr":140736882098504,"idx":5},{"addr":140736917358174,"idx":6},{"addr":140736917350275,"idx":7},{"addr":140736897083607,"idx":8},{"addr":140736916996940,"idx":9}],,,,,,,,,6432,18446639081569120256,18446639081569095680,140736917348896,264,515424051200,14376,515427532800,515427500032,140736917348896,,,,,,,,,,,,,,,,,,,,,,,,,,,,,,,,,,,,,,,,,,,,,,,,,,,,,,,,,,,,,,,,,,,,,,,,,,,,,,,,,,,,,,,,,,,,,,,,,,,,,,
"2025-09-02 15:13:14.6441797Z","ETW","Microsoft-Windows-Kernel-Process",5,"ImageLoadInfo ",14228,21220,"SearchProtocolHost.exe",,,,"C:\Windows\System32\windows.storage.dll",,,,,,,,,,,,[{"addr":140736918203828,"idx":0},{"addr":140736917192506,"idx":1},{"addr":140736917191278,"idx":2},{"addr":140736917210764,"idx":3},{"addr":140736917202269,"idx":4},{"addr":140736917259140,"idx":5},{"addr":140736916785248,"idx":6},{"addr":140736916786774,"idx":7},{"addr":140736917021315,"idx":8},{"addr":140736917023197,"idx":9},{"addr":140698841772274,"idx":10},{"addr":140698841402718,"idx":11},{"addr":140698841514207,"idx":12},{"addr":140698841442154,"idx":13},{"addr":140698841451846,"idx":14},{"addr":140698841558695,"idx":15},{"addr":140736897083607,"idx":16},{"addr":140736916996940,"idx":17}],,,,,,,,,14228,,,,,,,,,,,,,,,,,,,,,,,,,,,,,,,,,,,,156427775,140736830046208,140736830046208,8870321,8781824,,,,,,,,,,,,,,,,,,,,,,,,,,,,,,,,,,,,,,,,,,,,,,,,,,,,,,,,,,,,,,,,,,,,,,,
"2025-09-02 15:13:14.6449426Z","ETW","Microsoft-Windows-Kernel-Process",5,"ImageLoadInfo ",14228,21220,"SearchProtocolHost.exe",,,,"C:\Windows\System32\shlwapi.dll",,,,,,,,,,,,[{"addr":140736918203828,"idx":0},{"addr":140736917192506,"idx":1},{"addr":140736917191278,"idx":2},{"addr":140736917190209,"idx":3},{"addr":140736916804181,"idx":4},{"addr":140736916785218,"idx":5},{"addr":140736916786774,"idx":6},{"addr":140736917021315,"idx":7},{"addr":140736917023197,"idx":8},{"addr":140736832559570,"idx":9},{"addr":140736833643786,"idx":10},{"addr":140736830677119,"idx":11},{"addr":140736830677254,"idx":12},{"addr":140736830666934,"idx":13},{"addr":140736830661231,"idx":14},{"addr":140698841514207,"idx":15},{"addr":140698841442154,"idx":16},{"addr":140698841451846,"idx":17},{"addr":140698841558695,"idx":18},{"addr":140736897083607,"idx":19},{"addr":140736916996940,"idx":20}],,,,,,,,,14228,,,,,,,,,,,,,,,,,,,,,,,,,,,,,,,,,,,,17834217,140736890601472,140736890601472,465141,434176,,,,,,,,,,,,,,,,,,,,,,,,,,,,,,,,,,,,,,,,,,,,,,,,,,,,,,,,,,,,,,,,,,,,,,,
"2025-09-02 15:13:14.6462566Z","ETW","Microsoft-Windows-Kernel-Process",5,"ImageLoadInfo ",14228,21220,"SearchProtocolHost.exe",,,,"C:\Windows\System32\propsys.dll",,,,,,,,,,,,[{"addr":140736918203828,"idx":0},{"addr":140736917192506,"idx":1},{"addr":140736917191278,"idx":2},{"addr":140736917210764,"idx":3},{"addr":140736917202269,"idx":4},{"addr":140736917259140,"idx":5},{"addr":140736916785248,"idx":6},{"addr":140736916784352,"idx":7},{"addr":140736917101952,"idx":8},{"addr":140736872000198,"idx":9},{"addr":140736909363845,"idx":10},{"addr":140736909362547,"idx":11},{"addr":140736909360794,"idx":12},{"addr":140736909561496,"idx":13},{"addr":140736909365281,"idx":14},{"addr":140736909356853,"idx":15},{"addr":140736910270317,"idx":16},{"addr":140736909359719,"idx":17},{"addr":140736909871367,"idx":18},{"addr":140736910338829,"idx":19},{"addr":140736910332465,"idx":20},{"addr":140736910348734,"idx":21},{"addr":140736910270317,"idx":22},{"addr":140736909350430,"idx":23},{"addr":140736910270317,"idx":24},{"addr":140736909553458,"idx":25},{"addr":140736909548907,"idx":26},{"addr":140736909576880,"idx":27},{"addr":140736831110115,"idx":28},{"addr":140736831108494,"idx":29},{"addr":140736830672190,"idx":30},{"addr":140736830669168,"idx":31},{"addr":140736830722562,"idx":32},{"addr":140736830717490,"idx":33},{"addr":140736831164869,"idx":34},{"addr":140736830472602,"idx":35},{"addr":140736830653742,"idx":36},{"addr":140736830472602,"idx":37},{"addr":140736830661589,"idx":38},{"addr":140698841514207,"idx":39},{"addr":140698841442154,"idx":40},{"addr":140698841451846,"idx":41},{"addr":140698841558695,"idx":42},{"addr":140736897083607,"idx":43},{"addr":140736916996940,"idx":44}],,,,,,,,,14228,,,,,,,,,,,,,,,,,,,,,,,,,,,,,,,,,,,,3411663920,140736783384576,140736783384576,1157670,1101824,,,,,,,,,,,,,,,,,,,,,,,,,,,,,,,,,,,,,,,,,,,,,,,,,,,,,,,,,,,,,,,,,,,,,,,
"2025-09-02 15:13:14.6487054Z","ETW","Microsoft-Windows-Kernel-Process",3,"ThreadStartStart ",14228,21220,"SearchProtocolHost.exe",,,,,,,,,,,,,,,,[{"addr":140736918208964,"idx":0},{"addr":140736872776761,"idx":1},{"addr":140736897102141,"idx":2},{"addr":140736902701861,"idx":3},{"addr":140736903122914,"idx":4},{"addr":140736902708086,"idx":5},{"addr":140736902706669,"idx":6},{"addr":140736783748226,"idx":7},{"addr":140736783748066,"idx":8},{"addr":140736783747827,"idx":9},{"addr":140736783747650,"idx":10},{"addr":140736783747581,"idx":11},{"addr":140736783784050,"idx":12},{"addr":140736783474316,"idx":13},{"addr":140736830824622,"idx":14},{"addr":140736830822761,"idx":15},{"addr":140736831986116,"idx":16},{"addr":140736832130933,"idx":17},{"addr":140736832130402,"idx":18},{"addr":140736830665709,"idx":19},{"addr":140736830867345,"idx":20},{"addr":140698841514336,"idx":21},{"addr":140698841442154,"idx":22},{"addr":140698841451846,"idx":23},{"addr":140698841558695,"idx":24},{"addr":140736897083607,"idx":25},{"addr":140736916996940,"idx":26}],,,,,,,,,14228,18446639081569177600,18446639081569153024,140736902700080,0,741666025472,14736,741670387712,741670354944,140736902700080,,,,,,,,,,,,,,,,,,,,,,,,,,,,,,,,,,,,,,,,,,,,,,,,,,,,,,,,,,,,,,,,,,,,,,,,,,,,,,,,,,,,,,,,,,,,,,,,,,,,,,
"2025-09-02 15:13:14.6501840Z","ETW","Microsoft-Windows-Kernel-Process",5,"ImageLoadInfo ",14228,14736,"SearchProtocolHost.exe",,,,"C:\Windows\System32\Windows.StateRepositoryPS.dll",,,,,,,,,,,,[{"addr":140736918203828,"idx":0},{"addr":140736917192506,"idx":1},{"addr":140736917191278,"idx":2},{"addr":140736917210764,"idx":3},{"addr":140736917202269,"idx":4},{"addr":140736917259140,"idx":5},{"addr":140736916785248,"idx":6},{"addr":140736916784352,"idx":7},{"addr":140736917101952,"idx":8},{"addr":140736872000198,"idx":9},{"addr":140736909363845,"idx":10},{"addr":140736909362547,"idx":11},{"addr":140736909360794,"idx":12},{"addr":140736909561496,"idx":13},{"addr":140736909365281,"idx":14},{"addr":140736909339322,"idx":15},{"addr":140736909195691,"idx":16},{"addr":140736909191304,"idx":17},{"addr":140736909568050,"idx":18},{"addr":140736909567049,"idx":19},{"addr":140736910229700,"idx":20},{"addr":140736910858718,"idx":21},{"addr":140736909460923,"idx":22},{"addr":140736909455813,"idx":23},{"addr":140736909134403,"idx":24},{"addr":140736909231120,"idx":25},{"addr":140736909525351,"idx":26},{"addr":140736909523551,"idx":27},{"addr":140736783679428,"idx":28},{"addr":140736783678225,"idx":29},{"addr":140736783678102,"idx":30},{"addr":140736902703990,"idx":31},{"addr":140736902703274,"idx":32},{"addr":140736902700103,"idx":33},{"addr":140736897083607,"idx":34},{"addr":140736916996940,"idx":35}],,,,,,,,,14228,,,,,,,,,,,,,,,,,,,,,,,,,,,,,,,,,,,,367497931,140736602963968,140736602963968,846822,802816,,,,,,,,,,,,,,,,,,,,,,,,,,,,,,,,,,,,,,,,,,,,,,,,,,,,,,,,,,,,,,,,,,,,,,,
"2025-09-02 15:13:14.6507231Z","ETW","Microsoft-Windows-Kernel-Audit-API-Calls",5,"Info ",2828,1056,"svchost.exe",,,,,,,,,,,,,,,,[{"addr":140736918206916,"idx":0},{"addr":140736882337646,"idx":1},{"addr":140736910267593,"idx":2},{"addr":140736627175582,"idx":3},{"addr":140736627241088,"idx":4},{"addr":140736882620003,"idx":5},{"addr":140736882628366,"idx":6},{"addr":140736881847376,"idx":7},{"addr":140736909646499,"idx":8},{"addr":140736909646267,"idx":9},{"addr":140736909643574,"idx":10},{"addr":140736909641089,"idx":11},{"addr":140736910206646,"idx":12},{"addr":140736909298250,"idx":13},{"addr":140736909422200,"idx":14},{"addr":140736909684515,"idx":15},{"addr":140736882311415,"idx":16},{"addr":140736882088628,"idx":17},{"addr":140736882092154,"idx":18},{"addr":140736882015316,"idx":19},{"addr":140736882081820,"idx":20},{"addr":140736882106396,"idx":21},{"addr":140736882102691,"idx":22},{"addr":140736882098504,"idx":23},{"addr":140736917358174,"idx":24},{"addr":140736917350275,"idx":25},{"addr":140736897083607,"idx":26},{"addr":140736916996940,"idx":27}],,,,,,,,,,,,,,,,,,,4096,0,14228,,,,,,,,,,,,,,,,,,,,,,,,,,,,,,,,,,,,,,,,,,,,,,,,,,,,,,,,,,,,,,,,,,,,,,,,,,,,,,,,,,,,,,,,,,,,,,,,,,,
"2025-09-02 15:13:14.6515587Z","ETW","Microsoft-Windows-Kernel-Process",5,"ImageLoadInfo ",14228,21220,"SearchProtocolHost.exe",,,,"C:\Windows\System32\shell32.dll",,,,,,,,,,,,[{"addr":140736918203828,"idx":0},{"addr":140736917192506,"idx":1},{"addr":140736917191278,"idx":2},{"addr":140736917190209,"idx":3},{"addr":140736916804181,"idx":4},{"addr":140736916785218,"idx":5},{"addr":140736916784352,"idx":6},{"addr":140736917101952,"idx":7},{"addr":140736872000198,"idx":8},{"addr":140736832248348,"idx":9},{"addr":140736830478134,"idx":10},{"addr":140736830816717,"idx":11},{"addr":140736830992438,"idx":12},{"addr":140736830820473,"idx":13},{"addr":140736832591722,"idx":14},{"addr":140736831133144,"idx":15},{"addr":140736832130933,"idx":16},{"addr":140736832130402,"idx":17},{"addr":140736830665709,"idx":18},{"addr":140736830867345,"idx":19},{"addr":140698841514336,"idx":20},{"addr":140698841442154,"idx":21},{"addr":140698841451846,"idx":22},{"addr":140698841558695,"idx":23},{"addr":140736897083607,"idx":24},{"addr":140736916996940,"idx":25}],,,,,,,,,14228,,,,,,,,,,,,,,,,,,,,,,,,,,,,,,,,,,,,951285368,140736882933760,140736882933760,7762708,7655424,,,,,,,,,,,,,,,,,,,,,,,,,,,,,,,,,,,,,,,,,,,,,,,,,,,,,,,,,,,,,,,,,,,,,,,
"2025-09-02 15:13:14.6517132Z","ETW","Microsoft-Windows-Kernel-Process",5,"ImageLoadInfo ",14228,21220,"SearchProtocolHost.exe",,,,"C:\Windows\System32\WinTypes.dll",,,,,,,,,,,,[{"addr":140736918203828,"idx":0},{"addr":140736917192506,"idx":1},{"addr":140736917191278,"idx":2},{"addr":140736917190209,"idx":3},{"addr":140736916798526,"idx":4},{"addr":140736916790798,"idx":5},{"addr":140736917191656,"idx":6},{"addr":140736917190209,"idx":7},{"addr":140736916804181,"idx":8},{"addr":140736916785218,"idx":9},{"addr":140736916784352,"idx":10},{"addr":140736917101952,"idx":11},{"addr":140736872000198,"idx":12},{"addr":140736832248348,"idx":13},{"addr":140736830478134,"idx":14},{"addr":140736830816717,"idx":15},{"addr":140736830992438,"idx":16},{"addr":140736830820473,"idx":17},{"addr":140736832591722,"idx":18},{"addr":140736831133144,"idx":19},{"addr":140736832130933,"idx":20},{"addr":140736832130402,"idx":21},{"addr":140736830665709,"idx":22},{"addr":140736830867345,"idx":23},{"addr":140698841514336,"idx":24},{"addr":140698841442154,"idx":25},{"addr":140698841451846,"idx":26},{"addr":140698841558695,"idx":27},{"addr":140736897083607,"idx":28},{"addr":140736916996940,"idx":29}],,,,,,,,,14228,,,,,,,,,,,,,,,,,,,,,,,,,,,,,,,,,,,,3655579039,140736870350848,140736870350848,1545528,1519616,,,,,,,,,,,,,,,,,,,,,,,,,,,,,,,,,,,,,,,,,,,,,,,,,,,,,,,,,,,,,,,,,,,,,,,
"2025-09-02 15:13:14.6538701Z","ETW","Microsoft-Windows-Kernel-Process",5,"ImageLoadInfo ",14228,6880,"SearchProtocolHost.exe",,,,"C:\Windows\System32\cfgmgr32.dll",,,,,,,,,,,,[{"addr":140736918203828,"idx":0},{"addr":140736917192506,"idx":1},{"addr":140736917191278,"idx":2},{"addr":140736917210764,"idx":3},{"addr":140736917201516,"idx":4},{"addr":140736917258922,"idx":5},{"addr":140736916785248,"idx":6},{"addr":140736916786774,"idx":7},{"addr":140736917021315,"idx":8},{"addr":140736917023197,"idx":9},{"addr":140736832559570,"idx":10},{"addr":140736833625714,"idx":11},{"addr":140736831161379,"idx":12},{"addr":140736831155753,"idx":13},{"addr":140736902972741,"idx":14},{"addr":140736917453874,"idx":15},{"addr":140736917350976,"idx":16},{"addr":140736897083607,"idx":17},{"addr":140736916996940,"idx":18}],,,,,,,,,14228,,,,,,,,,,,,,,,,,,,,,,,,,,,,,,,,,,,,836129831,140736862748672,140736862748672,378754,356352,,,,,,,,,,,,,,,,,,,,,,,,,,,,,,,,,,,,,,,,,,,,,,,,,,,,,,,,,,,,,,,,,,,,,,,
"2025-09-02 15:13:14.6546370Z","ETW","Microsoft-Windows-Kernel-Process",5,"ImageLoadInfo ",14228,21220,"SearchProtocolHost.exe",,,,"C:\Windows\System32\Windows.System.Launcher.dll",,,,,,,,,,,,[{"addr":140736918203828,"idx":0},{"addr":140736917192506,"idx":1},{"addr":140736917191278,"idx":2},{"addr":140736917210764,"idx":3},{"addr":140736917201516,"idx":4},{"addr":140736917258922,"idx":5},{"addr":140736916785248,"idx":6},{"addr":140736916784352,"idx":7},{"addr":140736917101952,"idx":8},{"addr":140736872000198,"idx":9},{"addr":140736832248348,"idx":10},{"addr":140736830478169,"idx":11},{"addr":140736830477869,"idx":12},{"addr":140736872866166,"idx":13},{"addr":140736832166029,"idx":14},{"addr":140736832165847,"idx":15},{"addr":140736832165613,"idx":16},{"addr":140736835218287,"idx":17},{"addr":140736832692920,"idx":18},{"addr":140736830134523,"idx":19},{"addr":140736831102901,"idx":20},{"addr":140736783416223,"idx":21},{"addr":140736783742066,"idx":22},{"addr":140736783544845,"idx":23},{"addr":140736783543736,"idx":24},{"addr":140736783407245,"idx":25},{"addr":140736783408018,"idx":26},{"addr":140736783407872,"idx":27},{"addr":140698841453192,"idx":28},{"addr":140698841558695,"idx":29},{"addr":140736897083607,"idx":30},{"addr":140736916996940,"idx":31}],,,,,,,,,14228,,,,,,,,,,,,,,,,,,,,,,,,,,,,,,,,,,,,1243891064,140736566591488,140736566591488,1618084,1576960,,,,,,,,,,,,,,,,,,,,,,,,,,,,,,,,,,,,,,,,,,,,,,,,,,,,,,,,,,,,,,,,,,,,,,,
"2025-09-02 15:13:14.6550413Z","ETW","Microsoft-Windows-Kernel-Process",6,"ImageUnloadInfo ",14228,21220,"SearchProtocolHost.exe",,,,"C:\Windows\System32\Windows.System.Launcher.dll",,,,,,,,,,,,[{"addr":140736918203892,"idx":0},{"addr":140736917028534,"idx":1},{"addr":140736916779098,"idx":2},{"addr":140736916773567,"idx":3},{"addr":140736872000489,"idx":4},{"addr":140736832248547,"idx":5},{"addr":140736830478169,"idx":6},{"addr":140736830477869,"idx":7},{"addr":140736872866166,"idx":8},{"addr":140736832166029,"idx":9},{"addr":140736832165847,"idx":10},{"addr":140736832165613,"idx":11},{"addr":140736835218287,"idx":12},{"addr":140736832692920,"idx":13},{"addr":140736830134523,"idx":14},{"addr":140736831102901,"idx":15},{"addr":140736783416223,"idx":16},{"addr":140736783742066,"idx":17},{"addr":140736783544845,"idx":18},{"addr":140736783543736,"idx":19},{"addr":140736783407245,"idx":20},{"addr":140736783408018,"idx":21},{"addr":140736783407872,"idx":22},{"addr":140698841453192,"idx":23},{"addr":140698841558695,"idx":24},{"addr":140736897083607,"idx":25},{"addr":140736916996940,"idx":26}],,,,,,,,,14228,,,,,,,,,,,,,,,,,,,,,,,,,,,,,,,,,,,,1243891064,140736566591488,140736566591488,1618084,1589248,,,,,,,,,,,,,,,,,,,,,,,,,,,,,,,,,,,,,,,,,,,,,,,,,,,,,,,,,,,,,,,,,,,,,,,
"2025-09-02 15:13:14.6553909Z","ETW","Microsoft-Windows-Kernel-Process",5,"ImageLoadInfo ",14228,21220,"SearchProtocolHost.exe",,,,"C:\Windows\System32\Windows.FileExplorer.Common.dll",,,,,,,,,,,,[{"addr":140736918203828,"idx":0},{"addr":140736917192506,"idx":1},{"addr":140736917191278,"idx":2},{"addr":140736917210764,"idx":3},{"addr":140736917202269,"idx":4},{"addr":140736917259140,"idx":5},{"addr":140736916785248,"idx":6},{"addr":140736916784352,"idx":7},{"addr":140736917101952,"idx":8},{"addr":140736872000198,"idx":9},{"addr":140736909363845,"idx":10},{"addr":140736909362547,"idx":11},{"addr":140736909360794,"idx":12},{"addr":140736909561496,"idx":13},{"addr":140736909365281,"idx":14},{"addr":140736909356853,"idx":15},{"addr":140736910270317,"idx":16},{"addr":140736909359719,"idx":17},{"addr":140736909871367,"idx":18},{"addr":140736910338829,"idx":19},{"addr":140736910332465,"idx":20},{"addr":140736910348734,"idx":21},{"addr":140736910270317,"idx":22},{"addr":140736909350430,"idx":23},{"addr":140736910270317,"idx":24},{"addr":140736909553458,"idx":25},{"addr":140736909548907,"idx":26},{"addr":140736909576880,"idx":27},{"addr":140736830478614,"idx":28},{"addr":140736830477869,"idx":29},{"addr":140736872866166,"idx":30},{"addr":140736832166029,"idx":31},{"addr":140736832165847,"idx":32},{"addr":140736832165613,"idx":33},{"addr":140736835218287,"idx":34},{"addr":140736832692920,"idx":35},{"addr":140736830134523,"idx":36},{"addr":140736831102901,"idx":37},{"addr":140736783416223,"idx":38},{"addr":140736783742066,"idx":39},{"addr":140736783544845,"idx":40},{"addr":140736783543736,"idx":41},{"addr":140736783407245,"idx":42},{"addr":140736783408018,"idx":43},{"addr":140736783407872,"idx":44},{"addr":140698841453192,"idx":45},{"addr":140698841558695,"idx":46},{"addr":140736897083607,"idx":47},{"addr":140736916996940,"idx":48}],,,,,,,,,14228,,,,,,,,,,,,,,,,,,,,,,,,,,,,,,,,,,,,3405517010,140736485851136,140736485851136,837022,794624,,,,,,,,,,,,,,,,,,,,,,,,,,,,,,,,,,,,,,,,,,,,,,,,,,,,,,,,,,,,,,,,,,,,,,,
"2025-09-02 15:13:14.6571316Z","ETW","Microsoft-Windows-Kernel-Process",5,"ImageLoadInfo ",14228,21220,"SearchProtocolHost.exe",,,,"C:\Windows\System32\profapi.dll",,,,,,,,,,,,[{"addr":140736918203828,"idx":0},{"addr":140736917192506,"idx":1},{"addr":140736917191278,"idx":2},{"addr":140736917210764,"idx":3},{"addr":140736917201516,"idx":4},{"addr":140736917258922,"idx":5},{"addr":140736916785248,"idx":6},{"addr":140736916786774,"idx":7},{"addr":140736917021315,"idx":8},{"addr":140736917023197,"idx":9},{"addr":140736832559570,"idx":10},{"addr":140736833636814,"idx":11},{"addr":140736831844749,"idx":12},{"addr":140736830622759,"idx":13},{"addr":140736830149842,"idx":14},{"addr":140736830146064,"idx":15},{"addr":140736830152357,"idx":16},{"addr":140736833208536,"idx":17},{"addr":140736916975221,"idx":18},{"addr":140736872573249,"idx":19},{"addr":140736831198104,"idx":20},{"addr":140736831196144,"idx":21},{"addr":140736831187669,"idx":22},{"addr":140736830134523,"idx":23},{"addr":140736831102901,"idx":24},{"addr":140736783638034,"idx":25},{"addr":140736783418825,"idx":26},{"addr":140698841453491,"idx":27},{"addr":140698841558695,"idx":28},{"addr":140736897083607,"idx":29},{"addr":140736916996940,"idx":30}],,,,,,,,,14228,,,,,,,,,,,,,,,,,,,,,,,,,,,,,,,,,,,,2107422311,140736866746368,140736866746368,182967,167936,,,,,,,,,,,,,,,,,,,,,,,,,,,,,,,,,,,,,,,,,,,,,,,,,,,,,,,,,,,,,,,,,,,,,,,
"2025-09-02 15:13:14.6575345Z","ETW","Microsoft-Windows-Kernel-Audit-API-Calls",5,"Info ",920,3484,"lsass.exe",,,,,,,,,,,,,,,,[{"addr":140736918203764,"idx":0},{"addr":140736872731894,"idx":1},{"addr":140736861129291,"idx":2},{"addr":140736882620003,"idx":3},{"addr":140736882628366,"idx":4},{"addr":140736882319852,"idx":5},{"addr":140736882311415,"idx":6},{"addr":140736882088628,"idx":7},{"addr":140736882092744,"idx":8},{"addr":140736882015316,"idx":9},{"addr":140736882081820,"idx":10},{"addr":140736882106396,"idx":11},{"addr":140736882102691,"idx":12},{"addr":140736882098504,"idx":13},{"addr":140736917358174,"idx":14},{"addr":140736917350275,"idx":15},{"addr":140736897083607,"idx":16},{"addr":140736916996940,"idx":17}],,,,,,,,,,,,,,,,,,,4096,0,14228,,,,,,,,,,,,,,,,,,,,,,,,,,,,,,,,,,,,,,,,,,,,,,,,,,,,,,,,,,,,,,,,,,,,,,,,,,,,,,,,,,,,,,,,,,,,,,,,,,,
"2025-09-02 15:13:14.6597098Z","ETW","Microsoft-Windows-Kernel-Process",5,"ImageLoadInfo ",14228,21220,"SearchProtocolHost.exe",,,,"C:\Windows\System32\edputil.dll",,,,,,,,,,,,[{"addr":140736918203828,"idx":0},{"addr":140736917192506,"idx":1},{"addr":140736917191278,"idx":2},{"addr":140736917210764,"idx":3},{"addr":140736917201516,"idx":4},{"addr":140736917258922,"idx":5},{"addr":140736916785248,"idx":6},{"addr":140736916786774,"idx":7},{"addr":140736917021315,"idx":8},{"addr":140736917023197,"idx":9},{"addr":140736832559570,"idx":10},{"addr":140736833628440,"idx":11},{"addr":140736833386126,"idx":12},{"addr":140736830134523,"idx":13},{"addr":140736831102901,"idx":14},{"addr":140736783638034,"idx":15},{"addr":140736783418825,"idx":16},{"addr":140698841453491,"idx":17},{"addr":140698841558695,"idx":18},{"addr":140736897083607,"idx":19},{"addr":140736916996940,"idx":20}],,,,,,,,,14228,,,,,,,,,,,,,,,,,,,,,,,,,,,,,,,,,,,,1763604982,140736565084160,140736565084160,193567,167936,,,,,,,,,,,,,,,,,,,,,,,,,,,,,,,,,,,,,,,,,,,,,,,,,,,,,,,,,,,,,,,,,,,,,,,
"2025-09-02 15:13:14.6604970Z","ETW","Microsoft-Windows-Kernel-Process",5,"ImageLoadInfo ",14228,21220,"SearchProtocolHost.exe",,,,"C:\Windows\System32\Windows.System.Launcher.dll",,,,,,,,,,,,[{"addr":140736918203828,"idx":0},{"addr":140736917192506,"idx":1},{"addr":140736917191278,"idx":2},{"addr":140736917210764,"idx":3},{"addr":140736917201516,"idx":4},{"addr":140736917258922,"idx":5},{"addr":140736916785248,"idx":6},{"addr":140736916784352,"idx":7},{"addr":140736917101952,"idx":8},{"addr":140736872000198,"idx":9},{"addr":140736832248348,"idx":10},{"addr":140736830478169,"idx":11},{"addr":140736830477869,"idx":12},{"addr":140736872866166,"idx":13},{"addr":140736830811758,"idx":14},{"addr":140736830810843,"idx":15},{"addr":140736830806891,"idx":16},{"addr":140736830805258,"idx":17},{"addr":140736830134523,"idx":18},{"addr":140736831102901,"idx":19},{"addr":140736783638034,"idx":20},{"addr":140736783418825,"idx":21},{"addr":140698841453491,"idx":22},{"addr":140698841558695,"idx":23},{"addr":140736897083607,"idx":24},{"addr":140736916996940,"idx":25}],,,,,,,,,14228,,,,,,,,,,,,,,,,,,,,,,,,,,,,,,,,,,,,1243891064,140736566591488,140736566591488,1618084,1576960,,,,,,,,,,,,,,,,,,,,,,,,,,,,,,,,,,,,,,,,,,,,,,,,,,,,,,,,,,,,,,,,,,,,,,,
"2025-09-02 15:13:14.6607628Z","ETW","Microsoft-Windows-Kernel-Process",6,"ImageUnloadInfo ",14228,21220,"SearchProtocolHost.exe",,,,"C:\Windows\System32\Windows.System.Launcher.dll",,,,,,,,,,,,[{"addr":140736918203892,"idx":0},{"addr":140736917028534,"idx":1},{"addr":140736916779098,"idx":2},{"addr":140736916773567,"idx":3},{"addr":140736872000489,"idx":4},{"addr":140736832248547,"idx":5},{"addr":140736830478169,"idx":6},{"addr":140736830477869,"idx":7},{"addr":140736872866166,"idx":8},{"addr":140736830811758,"idx":9},{"addr":140736830810843,"idx":10},{"addr":140736830806891,"idx":11},{"addr":140736830805258,"idx":12},{"addr":140736830134523,"idx":13},{"addr":140736831102901,"idx":14},{"addr":140736783638034,"idx":15},{"addr":140736783418825,"idx":16},{"addr":140698841453491,"idx":17},{"addr":140698841558695,"idx":18},{"addr":140736897083607,"idx":19},{"addr":140736916996940,"idx":20}],,,,,,,,,14228,,,,,,,,,,,,,,,,,,,,,,,,,,,,,,,,,,,,1243891064,140736566591488,140736566591488,1618084,1589248,,,,,,,,,,,,,,,,,,,,,,,,,,,,,,,,,,,,,,,,,,,,,,,,,,,,,,,,,,,,,,,,,,,,,,,
"2025-09-02 15:13:14.6611693Z","ETW","Microsoft-Windows-Kernel-Process",5,"ImageLoadInfo ",14228,21220,"SearchProtocolHost.exe",,,,"C:\Windows\System32\cldapi.dll",,,,,,,,,,,,[{"addr":140736918203828,"idx":0},{"addr":140736917192506,"idx":1},{"addr":140736917191278,"idx":2},{"addr":140736917210764,"idx":3},{"addr":140736917201516,"idx":4},{"addr":140736917258922,"idx":5},{"addr":140736916785248,"idx":6},{"addr":140736916786774,"idx":7},{"addr":140736917021315,"idx":8},{"addr":140736917023197,"idx":9},{"addr":140736485982690,"idx":10},{"addr":140736486039963,"idx":11},{"addr":140736485965788,"idx":12},{"addr":140736830835164,"idx":13},{"addr":140736830134523,"idx":14},{"addr":140736831102901,"idx":15},{"addr":140736783638034,"idx":16},{"addr":140736783418825,"idx":17},{"addr":140698841453491,"idx":18},{"addr":140698841558695,"idx":19},{"addr":140736897083607,"idx":20},{"addr":140736916996940,"idx":21}],,,,,,,,,14228,,,,,,,,,,,,,,,,,,,,,,,,,,,,,,,,,,,,4256741475,140736379551744,140736379551744,253079,192512,,,,,,,,,,,,,,,,,,,,,,,,,,,,,,,,,,,,,,,,,,,,,,,,,,,,,,,,,,,,,,,,,,,,,,,
"2025-09-02 15:13:14.6615403Z","ETW","Microsoft-Windows-Kernel-Process",5,"ImageLoadInfo ",14228,21220,"SearchProtocolHost.exe",,,,"C:\Windows\System32\sspicli.dll",,,,,,,,,,,,[{"addr":140736918203828,"idx":0},{"addr":140736917192506,"idx":1},{"addr":140736917191278,"idx":2},{"addr":140736917210764,"idx":3},{"addr":140736917201516,"idx":4},{"addr":140736917258922,"idx":5},{"addr":140736916785248,"idx":6},{"addr":140736916786774,"idx":7},{"addr":140736917021315,"idx":8},{"addr":140736917023197,"idx":9},{"addr":140736896038530,"idx":10},{"addr":140736896108116,"idx":11},{"addr":140736896041846,"idx":12},{"addr":140736379628450,"idx":13},{"addr":140736379625910,"idx":14},{"addr":140736379562051,"idx":15},{"addr":140736379558262,"idx":16},{"addr":140736918195438,"idx":17},{"addr":140736917219838,"idx":18},{"addr":140736917215596,"idx":19},{"addr":140736916995194,"idx":20},{"addr":140736916991491,"idx":21},{"addr":140736916785364,"idx":22},{"addr":140736916786774,"idx":23},{"addr":140736917021315,"idx":24},{"addr":140736917023197,"idx":25},{"addr":140736485982690,"idx":26},{"addr":140736486039963,"idx":27},{"addr":140736485965788,"idx":28},{"addr":140736830835164,"idx":29},{"addr":140736830134523,"idx":30},{"addr":140736831102901,"idx":31},{"addr":140736783638034,"idx":32},{"addr":140736783418825,"idx":33},{"addr":140698841453491,"idx":34},{"addr":140698841558695,"idx":35},{"addr":140736897083607,"idx":36},{"addr":140736916996940,"idx":37}],,,,,,,,,14228,,,,,,,,,,,,,,,,,,,,,,,,,,,,,,,,,,,,100434550,140736851083264,140736851083264,322206,299008,,,,,,,,,,,,,,,,,,,,,,,,,,,,,,,,,,,,,,,,,,,,,,,,,,,,,,,,,,,,,,,,,,,,,,,
"2025-09-02 15:13:14.6618153Z","ETW","Microsoft-Windows-Kernel-Audit-API-Calls",5,"Info ",920,1004,"lsass.exe",,,,,,,,,,,,,,,,[{"addr":140736918206916,"idx":0},{"addr":140736882337646,"idx":1},{"addr":140736860928424,"idx":2},{"addr":140736845519773,"idx":3},{"addr":140736882620003,"idx":4},{"addr":140736882628366,"idx":5},{"addr":140736882319852,"idx":6},{"addr":140736882311415,"idx":7},{"addr":140736882088628,"idx":8},{"addr":140736882092744,"idx":9},{"addr":140736882015316,"idx":10},{"addr":140736882081820,"idx":11},{"addr":140736882106396,"idx":12},{"addr":140736882102691,"idx":13},{"addr":140736882098504,"idx":14},{"addr":140736917358174,"idx":15},{"addr":140736917350275,"idx":16},{"addr":140736897083607,"idx":17},{"addr":140736916996940,"idx":18}],,,,,,,,,,,,,,,,,,,4096,0,14228,,,,,,,,,,,,,,,,,,,,,,,,,,,,,,,,,,,,,,,,,,,,,,,,,,,,,,,,,,,,,,,,,,,,,,,,,,,,,,,,,,,,,,,,,,,,,,,,,,,
"2025-09-02 15:13:14.6618532Z","ETW","Microsoft-Windows-Kernel-Audit-API-Calls",5,"Info ",920,1004,"lsass.exe",,,,,,,,,,,,,,,,[{"addr":140736918203764,"idx":0},{"addr":140736860927872,"idx":1},{"addr":140736860929776,"idx":2},{"addr":140736860928739,"idx":3},{"addr":140736845519773,"idx":4},{"addr":140736882620003,"idx":5},{"addr":140736882628366,"idx":6},{"addr":140736882319852,"idx":7},{"addr":140736882311415,"idx":8},{"addr":140736882088628,"idx":9},{"addr":140736882092744,"idx":10},{"addr":140736882015316,"idx":11},{"addr":140736882081820,"idx":12},{"addr":140736882106396,"idx":13},{"addr":140736882102691,"idx":14},{"addr":140736882098504,"idx":15},{"addr":140736917358174,"idx":16},{"addr":140736917350275,"idx":17},{"addr":140736897083607,"idx":18},{"addr":140736916996940,"idx":19}],,,,,,,,,,,,,,,,,,,1144,0,14228,,,,,,,,,,,,,,,,,,,,,,,,,,,,,,,,,,,,,,,,,,,,,,,,,,,,,,,,,,,,,,,,,,,,,,,,,,,,,,,,,,,,,,,,,,,,,,,,,,,
"2025-09-02 15:13:14.7921736Z","ETW","Microsoft-Windows-Kernel-Process",4,"ThreadStopStop ",2036,20916,"svchost.exe",,,,,,,,,,,,,,,,[],,,,,,,,6970340,2036,18446639081659359232,18446639081659334656,140736917348896,0,134150258688,20916,134148456448,134148390912,140736917348896,,,,,,,,,,,,,,,,,,,,,,,,,,,,,,,,,,,,,,,,,,,,,,,,,,,,,,,,,,,,,,,,,,,,,,,,,,,,,,,,,,,,,,,,,,,,,,,,,,,,,,
"2025-09-02 15:13:14.7922671Z","ETW","Microsoft-Windows-Kernel-Process",4,"ThreadStopStop ",1912,16620,"MsMpEng.exe",,,,,,,,,,,,,,,,[],,,,,,,,5739740400,1912,18446639081683988480,18446639081683963904,140736917348896,0,400564641792,16620,400564158464,400564092928,140736917348896,,,,,,,,,,,,,,,,,,,,,,,,,,,,,,,,,,,,,,,,,,,,,,,,,,,,,,,,,,,,,,,,,,,,,,,,,,,,,,,,,,,,,,,,,,,,,,,,,,,,,,
"2025-09-02 15:13:14.8712137Z","ETW","Microsoft-Windows-Kernel-Process",4,"ThreadStopStop ",5192,11488,"svchost.exe",,,,,,,,,,,,,,,,[],,,,,,,,1343680,5192,18446639081678942208,18446639081678917632,140736917348896,0,613407854592,11488,613409619968,613409587200,140736917348896,,,,,,,,,,,,,,,,,,,,,,,,,,,,,,,,,,,,,,,,,,,,,,,,,,,,,,,,,,,,,,,,,,,,,,,,,,,,,,,,,,,,,,,,,,,,,,,,,,,,,,
"2025-09-02 15:13:15.1246391Z","ETW","Microsoft-Windows-Kernel-Audit-API-Calls",5,"Info ",1912,3012,"MsMpEng.exe",,,,,,,,,,,,,,,,[{"addr":140736918203764,"idx":0},{"addr":140736872731894,"idx":1},{"addr":140733810479103,"idx":2},{"addr":140733810478599,"idx":3},{"addr":140733809630809,"idx":4},{"addr":140733810350687,"idx":5},{"addr":140733810350247,"idx":6},{"addr":140733815177284,"idx":7},{"addr":140733815177051,"idx":8},{"addr":140736917274113,"idx":9},{"addr":140736917350957,"idx":10},{"addr":140736897083607,"idx":11},{"addr":140736916996940,"idx":12}],,,,,,,,,,,,,,,,,,,1052672,0,14228,,,,,,,,,,,,,,,,,,,,,,,,,,,,,,,,,,,,,,,,,,,,,,,,,,,,,,,,,,,,,,,,,,,,,,,,,,,,,,,,,,,,,,,,,,,,,,,,,,,
"2025-09-02 15:13:15.5085484Z","ETW","Microsoft-Windows-Kernel-Audit-API-Calls",5,"Info ",1076,2148,"svchost.exe",,,,,,,,,,,,,,,,[{"addr":140736918203764,"idx":0},{"addr":140736872733451,"idx":1},{"addr":140736825967890,"idx":2},{"addr":140736882620003,"idx":3},{"addr":140736882628366,"idx":4},{"addr":140736882319852,"idx":5},{"addr":140736882311415,"idx":6},{"addr":140736882088628,"idx":7},{"addr":140736882092744,"idx":8},{"addr":140736882015316,"idx":9},{"addr":140736882081820,"idx":10},{"addr":140736882106396,"idx":11},{"addr":140736882102691,"idx":12},{"addr":140736882098504,"idx":13},{"addr":140736917358174,"idx":14},{"addr":140736917350275,"idx":15},{"addr":140736897083607,"idx":16},{"addr":140736916996940,"idx":17}],,,,,,,,,,,,,,,,,,,4096,0,2364,,,,,,,,,,,,,,,,,,,,,,,,,,,,,,,,,,,,,,,,,,,,,,,,,,,,,,,,,,,,,,,,,,,,,,,,,,,,,,,,,,,,,,,,,,,,,,,,,,,
"2025-09-02 15:13:15.5089830Z","ETW","Microsoft-Windows-Kernel-Audit-API-Calls",5,"Info ",1076,2148,"svchost.exe",,,,,,,,,,,,,,,,[{"addr":140736918203764,"idx":0},{"addr":140736872733451,"idx":1},{"addr":140736825967890,"idx":2},{"addr":140736882620003,"idx":3},{"addr":140736882628366,"idx":4},{"addr":140736882319852,"idx":5},{"addr":140736882311415,"idx":6},{"addr":140736882088628,"idx":7},{"addr":140736882092744,"idx":8},{"addr":140736882015316,"idx":9},{"addr":140736882081820,"idx":10},{"addr":140736882106396,"idx":11},{"addr":140736882102691,"idx":12},{"addr":140736882098504,"idx":13},{"addr":140736917358174,"idx":14},{"addr":140736917350275,"idx":15},{"addr":140736897083607,"idx":16},{"addr":140736916996940,"idx":17}],,,,,,,,,,,,,,,,,,,4096,0,2364,,,,,,,,,,,,,,,,,,,,,,,,,,,,,,,,,,,,,,,,,,,,,,,,,,,,,,,,,,,,,,,,,,,,,,,,,,,,,,,,,,,,,,,,,,,,,,,,,,,
"2025-09-02 15:13:15.5099281Z","ETW","Microsoft-Windows-Kernel-Process",3,"ThreadStartStart ",8480,8528,"VBoxTray.exe",,,,,,,,,,,,,,,,[{"addr":140736918208964,"idx":0},{"addr":140736872776761,"idx":1},{"addr":140736897102141,"idx":2},{"addr":140700739562943,"idx":3},{"addr":140700738743563,"idx":4},{"addr":140700738708092,"idx":5},{"addr":140700738524437,"idx":6},{"addr":140700738525031,"idx":7},{"addr":140700738460456,"idx":8},{"addr":140700738707791,"idx":9},{"addr":140700738743372,"idx":10},{"addr":140700739562611,"idx":11},{"addr":140700739562759,"idx":12},{"addr":140736897083607,"idx":13},{"addr":140736916996940,"idx":14}],,,,,,,,,8480,18446639081659359232,18446639081659334656,140700739562632,0,10739712,4460,16318464,16314368,140700739562632,,,,,,,,,,,,,,,,,,,,,,,,,,,,,,,,,,,,,,,,,,,,,,,,,,,,,,,,,,,,,,,,,,,,,,,,,,,,,,,,,,,,,,,,,,,,,,,,,,,,,,
"2025-09-02 15:13:15.5101633Z","ETW","Microsoft-Windows-Kernel-Process",4,"ThreadStopStop ",8480,4460,"VBoxTray.exe",,,,,,,,,,,,,,,,[],,,,,,,,368600,8480,18446639081659359232,18446639081659334656,140700739562632,0,10739712,4460,16318464,16310272,140700739562632,,,,,,,,,,,,,,,,,,,,,,,,,,,,,,,,,,,,,,,,,,,,,,,,,,,,,,,,,,,,,,,,,,,,,,,,,,,,,,,,,,,,,,,,,,,,,,,,,,,,,,
"2025-09-02 15:13:15.6460250Z","ETW","Microsoft-Windows-Kernel-Process",4,"ThreadStopStop ",2340,3100,"svchost.exe",,,,,,,,,,,,,,,,[],,,,,,,,213560,2340,18446639081682698240,18446639081682673664,140736917348896,0,976564146176,3100,976563273728,976563240960,140736917348896,,,,,,,,,,,,,,,,,,,,,,,,,,,,,,,,,,,,,,,,,,,,,,,,,,,,,,,,,,,,,,,,,,,,,,,,,,,,,,,,,,,,,,,,,,,,,,,,,,,,,,
"2025-09-02 15:13:15.6774828Z","ETW","Microsoft-Windows-Kernel-Process",4,"ThreadStopStop ",5004,10120,"svchost.exe",,,,,,,,,,,,,,,,[],,,,,,,,540740,5004,18446639081677623296,18446639081677598720,140736917348896,0,217664536576,10120,217666027520,217665994752,140736917348896,,,,,,,,,,,,,,,,,,,,,,,,,,,,,,,,,,,,,,,,,,,,,,,,,,,,,,,,,,,,,,,,,,,,,,,,,,,,,,,,,,,,,,,,,,,,,,,,,,,,,,
"2025-09-02 15:13:15.8839835Z","ETW","Microsoft-Windows-Kernel-Process",3,"ThreadStartStart ",4,72,"System",,,,,,,,,,,,,,,,[],,,,,,,,,5192,18446639081569263616,18446639081569239040,140736917348896,0,613407862784,22016,613409619968,613409587200,140736917348896,,,,,,,,,,,,,,,,,,,,,,,,,,,,,,,,,,,,,,,,,,,,,,,,,,,,,,,,,,,,,,,,,,,,,,,,,,,,,,,,,,,,,,,,,,,,,,,,,,,,,,
"2025-09-02 15:13:15.9790942Z","ETW","Microsoft-Windows-Kernel-Process",4,"ThreadStopStop ",5088,22036,"svchost.exe",,,,,,,,,,,,,,,,[],,,,,,,,488680,5088,18446639081553174528,18446639081553149952,140736917348896,0,1054202249216,22036,1054203707392,1054203674624,140736917348896,,,,,,,,,,,,,,,,,,,,,,,,,,,,,,,,,,,,,,,,,,,,,,,,,,,,,,,,,,,,,,,,,,,,,,,,,,,,,,,,,,,,,,,,,,,,,,,,,,,,,,
"2025-09-02 15:13:16.6470806Z","ETW","Microsoft-Windows-Kernel-Process",3,"ThreadStartStart ",4,72,"System",,,,,,,,,,,,,,,,[],,,,,,,,,2340,18446639081569607680,18446639081569583104,140736917348896,0,976564154368,21680,976563273728,976563240960,140736917348896,,,,,,,,,,,,,,,,,,,,,,,,,,,,,,,,,,,,,,,,,,,,,,,,,,,,,,,,,,,,,,,,,,,,,,,,,,,,,,,,,,,,,,,,,,,,,,,,,,,,,,
"2025-09-02 15:13:16.6790552Z","ETW","Microsoft-Windows-Kernel-Process",3,"ThreadStartStart ",4,72,"System",,,,,,,,,,,,,,,,[],,,,,,,,,5004,18446639081569636352,18446639081569611776,140736917348896,0,217664561152,16940,217666027520,217665994752,140736917348896,,,,,,,,,,,,,,,,,,,,,,,,,,,,,,,,,,,,,,,,,,,,,,,,,,,,,,,,,,,,,,,,,,,,,,,,,,,,,,,,,,,,,,,,,,,,,,,,,,,,,,
"2025-09-02 15:13:16.8709586Z","ETW","Microsoft-Windows-Kernel-Process",3,"ThreadStartStart ",504,9444,"PerfWatson2.exe",,,,,,,,,,,,,,,,[{"addr":140736918208964,"idx":0},{"addr":140736872776761,"idx":1},{"addr":140736897102141,"idx":2},{"addr":140735663334047,"idx":3},{"addr":140735664153845,"idx":4},{"addr":140735667271907,"idx":5},{"addr":140735667271605,"idx":6},{"addr":140735666833464,"idx":7},{"addr":140735666952957,"idx":8},{"addr":140735664734285,"idx":9},{"addr":140735664734207,"idx":10},{"addr":140736897083607,"idx":11},{"addr":140736916996940,"idx":12}],,,,,,,,,504,18446639081569779712,18446639081569755136,140735664156336,0,264449253376,13236,264476295168,264476278784,140735664156336,,,,,,,,,,,,,,,,,,,,,,,,,,,,,,,,,,,,,,,,,,,,,,,,,,,,,,,,,,,,,,,,,,,,,,,,,,,,,,,,,,,,,,,,,,,,,,,,,,,,,,
"2025-09-02 15:13:16.8735973Z","ETW","Microsoft-Windows-Kernel-Audit-API-Calls",5,"Info ",504,22020,"PerfWatson2.exe",,,,,,,,,,,,,,,,[{"addr":140736918203764,"idx":0},{"addr":140736872731894,"idx":1},{"addr":140735628507760,"idx":2},{"addr":140735627974846,"idx":3},{"addr":140735627969637,"idx":4},{"addr":140735627967662,"idx":5},{"addr":140735627968655,"idx":6},{"addr":140735092105623,"idx":7},{"addr":140735092099590,"idx":8},{"addr":140735092100030,"idx":9},{"addr":140735092099714,"idx":10},{"addr":140735628052080,"idx":11},{"addr":140735644703736,"idx":12},{"addr":140735644703461,"idx":13},{"addr":140735654725032,"idx":14},{"addr":140735654724337,"idx":15},{"addr":140735644353336,"idx":16},{"addr":140735664821955,"idx":17},{"addr":140735663497947,"idx":18},{"addr":140735663204394,"idx":19},{"addr":140735667440676,"idx":20},{"addr":140735663599563,"idx":21},{"addr":140735663599343,"idx":22},{"addr":140735663599035,"idx":23},{"addr":140735663598895,"idx":24},{"addr":140735667440459,"idx":25},{"addr":140735667002395,"idx":26},{"addr":140735667270971,"idx":27},{"addr":140735664153021,"idx":28},{"addr":140735664152441,"idx":29},{"addr":140735664709546,"idx":30},{"addr":140736897083607,"idx":31},{"addr":140736916996940,"idx":32}],,,,,,,,,,,,,,,,,,,4096,0,10596,,,,,,,,,,,,,,,,,,,,,,,,,,,,,,,,,,,,,,,,,,,,,,,,,,,,,,,,,,,,,,,,,,,,,,,,,,,,,,,,,,,,,,,,,,,,,,,,,,,
"2025-09-02 15:13:16.8736290Z","ETW","Microsoft-Windows-Kernel-Audit-API-Calls",5,"Info ",504,22020,"PerfWatson2.exe",,,,,,,,,,,,,,,,[{"addr":140736918203764,"idx":0},{"addr":140736872731894,"idx":1},{"addr":140735628507760,"idx":2},{"addr":140735627974846,"idx":3},{"addr":140735627969637,"idx":4},{"addr":140735627967662,"idx":5},{"addr":140735627865359,"idx":6},{"addr":140735092105674,"idx":7},{"addr":140735092099590,"idx":8},{"addr":140735092100030,"idx":9},{"addr":140735092099714,"idx":10},{"addr":140735628052080,"idx":11},{"addr":140735644703736,"idx":12},{"addr":140735644703461,"idx":13},{"addr":140735654725032,"idx":14},{"addr":140735654724337,"idx":15},{"addr":140735644353336,"idx":16},{"addr":140735664821955,"idx":17},{"addr":140735663497947,"idx":18},{"addr":140735663204394,"idx":19},{"addr":140735667440676,"idx":20},{"addr":140735663599563,"idx":21},{"addr":140735663599343,"idx":22},{"addr":140735663599035,"idx":23},{"addr":140735663598895,"idx":24},{"addr":140735667440459,"idx":25},{"addr":140735667002395,"idx":26},{"addr":140735667270971,"idx":27},{"addr":140735664153021,"idx":28},{"addr":140735664152441,"idx":29},{"addr":140735664709546,"idx":30},{"addr":140736897083607,"idx":31},{"addr":140736916996940,"idx":32}],,,,,,,,,,,,,,,,,,,4096,0,10596,,,,,,,,,,,,,,,,,,,,,,,,,,,,,,,,,,,,,,,,,,,,,,,,,,,,,,,,,,,,,,,,,,,,,,,,,,,,,,,,,,,,,,,,,,,,,,,,,,,
"2025-09-02 15:13:16.8736637Z","ETW","Microsoft-Windows-Kernel-Audit-API-Calls",5,"Info ",504,22020,"PerfWatson2.exe",,,,,,,,,,,,,,,,[{"addr":140736918203764,"idx":0},{"addr":140736872731894,"idx":1},{"addr":140735628507760,"idx":2},{"addr":140735627974846,"idx":3},{"addr":140735627969637,"idx":4},{"addr":140735627865966,"idx":5},{"addr":140735627863605,"idx":6},{"addr":140735092105772,"idx":7},{"addr":140735092099590,"idx":8},{"addr":140735092100030,"idx":9},{"addr":140735092099714,"idx":10},{"addr":140735628052080,"idx":11},{"addr":140735644703736,"idx":12},{"addr":140735644703461,"idx":13},{"addr":140735654725032,"idx":14},{"addr":140735654724337,"idx":15},{"addr":140735644353336,"idx":16},{"addr":140735664821955,"idx":17},{"addr":140735663497947,"idx":18},{"addr":140735663204394,"idx":19},{"addr":140735667440676,"idx":20},{"addr":140735663599563,"idx":21},{"addr":140735663599343,"idx":22},{"addr":140735663599035,"idx":23},{"addr":140735663598895,"idx":24},{"addr":140735667440459,"idx":25},{"addr":140735667002395,"idx":26},{"addr":140735667270971,"idx":27},{"addr":140735664153021,"idx":28},{"addr":140735664152441,"idx":29},{"addr":140735664709546,"idx":30},{"addr":140736897083607,"idx":31},{"addr":140736916996940,"idx":32}],,,,,,,,,,,,,,,,,,,2035711,0,10596,,,,,,,,,,,,,,,,,,,,,,,,,,,,,,,,,,,,,,,,,,,,,,,,,,,,,,,,,,,,,,,,,,,,,,,,,,,,,,,,,,,,,,,,,,,,,,,,,,,
"2025-09-02 15:13:16.8801276Z","ETW","Microsoft-Windows-Kernel-Audit-API-Calls",5,"Info ",504,22020,"PerfWatson2.exe",,,,,,,,,,,,,,,,[{"addr":140736918203764,"idx":0},{"addr":140736872731894,"idx":1},{"addr":140735628507760,"idx":2},{"addr":140735627974846,"idx":3},{"addr":140735627969637,"idx":4},{"addr":140735627967662,"idx":5},{"addr":140735627968655,"idx":6},{"addr":140735092105623,"idx":7},{"addr":140735092099590,"idx":8},{"addr":140735092449154,"idx":9},{"addr":140735091978758,"idx":10},{"addr":140735091978792,"idx":11},{"addr":140735092105080,"idx":12},{"addr":140735092100076,"idx":13},{"addr":140735092099714,"idx":14},{"addr":140735628052080,"idx":15},{"addr":140735644703736,"idx":16},{"addr":140735644703461,"idx":17},{"addr":140735654725032,"idx":18},{"addr":140735654724337,"idx":19},{"addr":140735644353336,"idx":20},{"addr":140735664821955,"idx":21},{"addr":140735663497947,"idx":22},{"addr":140735663204394,"idx":23},{"addr":140735667440676,"idx":24},{"addr":140735663599563,"idx":25},{"addr":140735663599343,"idx":26},{"addr":140735663599035,"idx":27},{"addr":140735663598895,"idx":28},{"addr":140735667440459,"idx":29},{"addr":140735667002395,"idx":30},{"addr":140735667270971,"idx":31},{"addr":140735664153021,"idx":32},{"addr":140735664152441,"idx":33},{"addr":140735664709546,"idx":34},{"addr":140736897083607,"idx":35},{"addr":140736916996940,"idx":36}],,,,,,,,,,,,,,,,,,,4096,0,10036,,,,,,,,,,,,,,,,,,,,,,,,,,,,,,,,,,,,,,,,,,,,,,,,,,,,,,,,,,,,,,,,,,,,,,,,,,,,,,,,,,,,,,,,,,,,,,,,,,,
"2025-09-02 15:13:16.8801477Z","ETW","Microsoft-Windows-Kernel-Audit-API-Calls",5,"Info ",504,22020,"PerfWatson2.exe",,,,,,,,,,,,,,,,[{"addr":140736918203764,"idx":0},{"addr":140736872731894,"idx":1},{"addr":140735628507760,"idx":2},{"addr":140735627974846,"idx":3},{"addr":140735627969637,"idx":4},{"addr":140735627967662,"idx":5},{"addr":140735627865359,"idx":6},{"addr":140735092105674,"idx":7},{"addr":140735092099590,"idx":8},{"addr":140735092449154,"idx":9},{"addr":140735091978758,"idx":10},{"addr":140735091978792,"idx":11},{"addr":140735092105080,"idx":12},{"addr":140735092100076,"idx":13},{"addr":140735092099714,"idx":14},{"addr":140735628052080,"idx":15},{"addr":140735644703736,"idx":16},{"addr":140735644703461,"idx":17},{"addr":140735654725032,"idx":18},{"addr":140735654724337,"idx":19},{"addr":140735644353336,"idx":20},{"addr":140735664821955,"idx":21},{"addr":140735663497947,"idx":22},{"addr":140735663204394,"idx":23},{"addr":140735667440676,"idx":24},{"addr":140735663599563,"idx":25},{"addr":140735663599343,"idx":26},{"addr":140735663599035,"idx":27},{"addr":140735663598895,"idx":28},{"addr":140735667440459,"idx":29},{"addr":140735667002395,"idx":30},{"addr":140735667270971,"idx":31},{"addr":140735664153021,"idx":32},{"addr":140735664152441,"idx":33},{"addr":140735664709546,"idx":34},{"addr":140736897083607,"idx":35},{"addr":140736916996940,"idx":36}],,,,,,,,,,,,,,,,,,,4096,0,10036,,,,,,,,,,,,,,,,,,,,,,,,,,,,,,,,,,,,,,,,,,,,,,,,,,,,,,,,,,,,,,,,,,,,,,,,,,,,,,,,,,,,,,,,,,,,,,,,,,,
"2025-09-02 15:13:16.8801686Z","ETW","Microsoft-Windows-Kernel-Audit-API-Calls",5,"Info ",504,22020,"PerfWatson2.exe",,,,,,,,,,,,,,,,[{"addr":140736918203764,"idx":0},{"addr":140736872731894,"idx":1},{"addr":140735628507760,"idx":2},{"addr":140735627974846,"idx":3},{"addr":140735627969637,"idx":4},{"addr":140735627865966,"idx":5},{"addr":140735627863605,"idx":6},{"addr":140735092105772,"idx":7},{"addr":140735092099590,"idx":8},{"addr":140735092449154,"idx":9},{"addr":140735091978758,"idx":10},{"addr":140735091978792,"idx":11},{"addr":140735092105080,"idx":12},{"addr":140735092100076,"idx":13},{"addr":140735092099714,"idx":14},{"addr":140735628052080,"idx":15},{"addr":140735644703736,"idx":16},{"addr":140735644703461,"idx":17},{"addr":140735654725032,"idx":18},{"addr":140735654724337,"idx":19},{"addr":140735644353336,"idx":20},{"addr":140735664821955,"idx":21},{"addr":140735663497947,"idx":22},{"addr":140735663204394,"idx":23},{"addr":140735667440676,"idx":24},{"addr":140735663599563,"idx":25},{"addr":140735663599343,"idx":26},{"addr":140735663599035,"idx":27},{"addr":140735663598895,"idx":28},{"addr":140735667440459,"idx":29},{"addr":140735667002395,"idx":30},{"addr":140735667270971,"idx":31},{"addr":140735664153021,"idx":32},{"addr":140735664152441,"idx":33},{"addr":140735664709546,"idx":34},{"addr":140736897083607,"idx":35},{"addr":140736916996940,"idx":36}],,,,,,,,,,,,,,,,,,,2035711,0,10036,,,,,,,,,,,,,,,,,,,,,,,,,,,,,,,,,,,,,,,,,,,,,,,,,,,,,,,,,,,,,,,,,,,,,,,,,,,,,,,,,,,,,,,,,,,,,,,,,,,
"2025-09-02 15:13:16.8813203Z","ETW","Microsoft-Windows-Kernel-Audit-API-Calls",5,"Info ",504,22020,"PerfWatson2.exe",,,,,,,,,,,,,,,,[{"addr":140736918203764,"idx":0},{"addr":140736872731894,"idx":1},{"addr":140735628507760,"idx":2},{"addr":140735627974846,"idx":3},{"addr":140735627969637,"idx":4},{"addr":140735627967662,"idx":5},{"addr":140735627968655,"idx":6},{"addr":140735092105623,"idx":7},{"addr":140735092099590,"idx":8},{"addr":140735092449154,"idx":9},{"addr":140735091978758,"idx":10},{"addr":140735091978792,"idx":11},{"addr":140735091978792,"idx":12},{"addr":140735092105080,"idx":13},{"addr":140735092100076,"idx":14},{"addr":140735092099714,"idx":15},{"addr":140735628052080,"idx":16},{"addr":140735644703736,"idx":17},{"addr":140735644703461,"idx":18},{"addr":140735654725032,"idx":19},{"addr":140735654724337,"idx":20},{"addr":140735644353336,"idx":21},{"addr":140735664821955,"idx":22},{"addr":140735663497947,"idx":23},{"addr":140735663204394,"idx":24},{"addr":140735667440676,"idx":25},{"addr":140735663599563,"idx":26},{"addr":140735663599343,"idx":27},{"addr":140735663599035,"idx":28},{"addr":140735663598895,"idx":29},{"addr":140735667440459,"idx":30},{"addr":140735667002395,"idx":31},{"addr":140735667270971,"idx":32},{"addr":140735664153021,"idx":33},{"addr":140735664152441,"idx":34},{"addr":140735664709546,"idx":35},{"addr":140736897083607,"idx":36},{"addr":140736916996940,"idx":37}],,,,,,,,,,,,,,,,,,,4096,0,3312,,,,,,,,,,,,,,,,,,,,,,,,,,,,,,,,,,,,,,,,,,,,,,,,,,,,,,,,,,,,,,,,,,,,,,,,,,,,,,,,,,,,,,,,,,,,,,,,,,,
"2025-09-02 15:13:16.8813441Z","ETW","Microsoft-Windows-Kernel-Audit-API-Calls",5,"Info ",504,22020,"PerfWatson2.exe",,,,,,,,,,,,,,,,[{"addr":140736918203764,"idx":0},{"addr":140736872731894,"idx":1},{"addr":140735628507760,"idx":2},{"addr":140735627974846,"idx":3},{"addr":140735627969637,"idx":4},{"addr":140735627967662,"idx":5},{"addr":140735627865359,"idx":6},{"addr":140735092105674,"idx":7},{"addr":140735092099590,"idx":8},{"addr":140735092449154,"idx":9},{"addr":140735091978758,"idx":10},{"addr":140735091978792,"idx":11},{"addr":140735091978792,"idx":12},{"addr":140735092105080,"idx":13},{"addr":140735092100076,"idx":14},{"addr":140735092099714,"idx":15},{"addr":140735628052080,"idx":16},{"addr":140735644703736,"idx":17},{"addr":140735644703461,"idx":18},{"addr":140735654725032,"idx":19},{"addr":140735654724337,"idx":20},{"addr":140735644353336,"idx":21},{"addr":140735664821955,"idx":22},{"addr":140735663497947,"idx":23},{"addr":140735663204394,"idx":24},{"addr":140735667440676,"idx":25},{"addr":140735663599563,"idx":26},{"addr":140735663599343,"idx":27},{"addr":140735663599035,"idx":28},{"addr":140735663598895,"idx":29},{"addr":140735667440459,"idx":30},{"addr":140735667002395,"idx":31},{"addr":140735667270971,"idx":32},{"addr":140735664153021,"idx":33},{"addr":140735664152441,"idx":34},{"addr":140735664709546,"idx":35},{"addr":140736897083607,"idx":36},{"addr":140736916996940,"idx":37}],,,,,,,,,,,,,,,,,,,4096,0,3312,,,,,,,,,,,,,,,,,,,,,,,,,,,,,,,,,,,,,,,,,,,,,,,,,,,,,,,,,,,,,,,,,,,,,,,,,,,,,,,,,,,,,,,,,,,,,,,,,,,
"2025-09-02 15:13:16.8813624Z","ETW","Microsoft-Windows-Kernel-Audit-API-Calls",5,"Info ",504,22020,"PerfWatson2.exe",,,,,,,,,,,,,,,,[{"addr":140736918203764,"idx":0},{"addr":140736872731894,"idx":1},{"addr":140735628507760,"idx":2},{"addr":140735627974846,"idx":3},{"addr":140735627969637,"idx":4},{"addr":140735627865966,"idx":5},{"addr":140735627863605,"idx":6},{"addr":140735092105772,"idx":7},{"addr":140735092099590,"idx":8},{"addr":140735092449154,"idx":9},{"addr":140735091978758,"idx":10},{"addr":140735091978792,"idx":11},{"addr":140735091978792,"idx":12},{"addr":140735092105080,"idx":13},{"addr":140735092100076,"idx":14},{"addr":140735092099714,"idx":15},{"addr":140735628052080,"idx":16},{"addr":140735644703736,"idx":17},{"addr":140735644703461,"idx":18},{"addr":140735654725032,"idx":19},{"addr":140735654724337,"idx":20},{"addr":140735644353336,"idx":21},{"addr":140735664821955,"idx":22},{"addr":140735663497947,"idx":23},{"addr":140735663204394,"idx":24},{"addr":140735667440676,"idx":25},{"addr":140735663599563,"idx":26},{"addr":140735663599343,"idx":27},{"addr":140735663599035,"idx":28},{"addr":140735663598895,"idx":29},{"addr":140735667440459,"idx":30},{"addr":140735667002395,"idx":31},{"addr":140735667270971,"idx":32},{"addr":140735664153021,"idx":33},{"addr":140735664152441,"idx":34},{"addr":140735664709546,"idx":35},{"addr":140736897083607,"idx":36},{"addr":140736916996940,"idx":37}],,,,,,,,,,,,,,,,,,,2035711,0,3312,,,,,,,,,,,,,,,,,,,,,,,,,,,,,,,,,,,,,,,,,,,,,,,,,,,,,,,,,,,,,,,,,,,,,,,,,,,,,,,,,,,,,,,,,,,,,,,,,,,
"2025-09-02 15:13:16.8822978Z","ETW","Microsoft-Windows-Kernel-Audit-API-Calls",5,"Info ",504,22020,"PerfWatson2.exe",,,,,,,,,,,,,,,,[{"addr":140736918203764,"idx":0},{"addr":140736872731894,"idx":1},{"addr":140735628507760,"idx":2},{"addr":140735627974846,"idx":3},{"addr":140735627969637,"idx":4},{"addr":140735627967662,"idx":5},{"addr":140735627968655,"idx":6},{"addr":140735092105623,"idx":7},{"addr":140735092099590,"idx":8},{"addr":140735092449154,"idx":9},{"addr":140735091978758,"idx":10},{"addr":140735091978792,"idx":11},{"addr":140735091978792,"idx":12},{"addr":140735092105080,"idx":13},{"addr":140735092100076,"idx":14},{"addr":140735092099714,"idx":15},{"addr":140735628052080,"idx":16},{"addr":140735644703736,"idx":17},{"addr":140735644703461,"idx":18},{"addr":140735654725032,"idx":19},{"addr":140735654724337,"idx":20},{"addr":140735644353336,"idx":21},{"addr":140735664821955,"idx":22},{"addr":140735663497947,"idx":23},{"addr":140735663204394,"idx":24},{"addr":140735667440676,"idx":25},{"addr":140735663599563,"idx":26},{"addr":140735663599343,"idx":27},{"addr":140735663599035,"idx":28},{"addr":140735663598895,"idx":29},{"addr":140735667440459,"idx":30},{"addr":140735667002395,"idx":31},{"addr":140735667270971,"idx":32},{"addr":140735664153021,"idx":33},{"addr":140735664152441,"idx":34},{"addr":140735664709546,"idx":35},{"addr":140736897083607,"idx":36},{"addr":140736916996940,"idx":37}],,,,,,,,,,,,,,,,,,,4096,0,19892,,,,,,,,,,,,,,,,,,,,,,,,,,,,,,,,,,,,,,,,,,,,,,,,,,,,,,,,,,,,,,,,,,,,,,,,,,,,,,,,,,,,,,,,,,,,,,,,,,,
"2025-09-02 15:13:16.8823146Z","ETW","Microsoft-Windows-Kernel-Audit-API-Calls",5,"Info ",504,22020,"PerfWatson2.exe",,,,,,,,,,,,,,,,[{"addr":140736918203764,"idx":0},{"addr":140736872731894,"idx":1},{"addr":140735628507760,"idx":2},{"addr":140735627974846,"idx":3},{"addr":140735627969637,"idx":4},{"addr":140735627967662,"idx":5},{"addr":140735627865359,"idx":6},{"addr":140735092105674,"idx":7},{"addr":140735092099590,"idx":8},{"addr":140735092449154,"idx":9},{"addr":140735091978758,"idx":10},{"addr":140735091978792,"idx":11},{"addr":140735091978792,"idx":12},{"addr":140735092105080,"idx":13},{"addr":140735092100076,"idx":14},{"addr":140735092099714,"idx":15},{"addr":140735628052080,"idx":16},{"addr":140735644703736,"idx":17},{"addr":140735644703461,"idx":18},{"addr":140735654725032,"idx":19},{"addr":140735654724337,"idx":20},{"addr":140735644353336,"idx":21},{"addr":140735664821955,"idx":22},{"addr":140735663497947,"idx":23},{"addr":140735663204394,"idx":24},{"addr":140735667440676,"idx":25},{"addr":140735663599563,"idx":26},{"addr":140735663599343,"idx":27},{"addr":140735663599035,"idx":28},{"addr":140735663598895,"idx":29},{"addr":140735667440459,"idx":30},{"addr":140735667002395,"idx":31},{"addr":140735667270971,"idx":32},{"addr":140735664153021,"idx":33},{"addr":140735664152441,"idx":34},{"addr":140735664709546,"idx":35},{"addr":140736897083607,"idx":36},{"addr":140736916996940,"idx":37}],,,,,,,,,,,,,,,,,,,4096,0,19892,,,,,,,,,,,,,,,,,,,,,,,,,,,,,,,,,,,,,,,,,,,,,,,,,,,,,,,,,,,,,,,,,,,,,,,,,,,,,,,,,,,,,,,,,,,,,,,,,,,
"2025-09-02 15:13:16.8823288Z","ETW","Microsoft-Windows-Kernel-Audit-API-Calls",5,"Info ",504,22020,"PerfWatson2.exe",,,,,,,,,,,,,,,,[{"addr":140736918203764,"idx":0},{"addr":140736872731894,"idx":1},{"addr":140735628507760,"idx":2},{"addr":140735627974846,"idx":3},{"addr":140735627969637,"idx":4},{"addr":140735627865966,"idx":5},{"addr":140735627863605,"idx":6},{"addr":140735092105772,"idx":7},{"addr":140735092099590,"idx":8},{"addr":140735092449154,"idx":9},{"addr":140735091978758,"idx":10},{"addr":140735091978792,"idx":11},{"addr":140735091978792,"idx":12},{"addr":140735092105080,"idx":13},{"addr":140735092100076,"idx":14},{"addr":140735092099714,"idx":15},{"addr":140735628052080,"idx":16},{"addr":140735644703736,"idx":17},{"addr":140735644703461,"idx":18},{"addr":140735654725032,"idx":19},{"addr":140735654724337,"idx":20},{"addr":140735644353336,"idx":21},{"addr":140735664821955,"idx":22},{"addr":140735663497947,"idx":23},{"addr":140735663204394,"idx":24},{"addr":140735667440676,"idx":25},{"addr":140735663599563,"idx":26},{"addr":140735663599343,"idx":27},{"addr":140735663599035,"idx":28},{"addr":140735663598895,"idx":29},{"addr":140735667440459,"idx":30},{"addr":140735667002395,"idx":31},{"addr":140735667270971,"idx":32},{"addr":140735664153021,"idx":33},{"addr":140735664152441,"idx":34},{"addr":140735664709546,"idx":35},{"addr":140736897083607,"idx":36},{"addr":140736916996940,"idx":37}],,,,,,,,,,,,,,,,,,,2035711,0,19892,,,,,,,,,,,,,,,,,,,,,,,,,,,,,,,,,,,,,,,,,,,,,,,,,,,,,,,,,,,,,,,,,,,,,,,,,,,,,,,,,,,,,,,,,,,,,,,,,,,
"2025-09-02 15:13:16.8832101Z","ETW","Microsoft-Windows-Kernel-Audit-API-Calls",5,"Info ",504,22020,"PerfWatson2.exe",,,,,,,,,,,,,,,,[{"addr":140736918203764,"idx":0},{"addr":140736872731894,"idx":1},{"addr":140735628507760,"idx":2},{"addr":140735627974846,"idx":3},{"addr":140735627969637,"idx":4},{"addr":140735627967662,"idx":5},{"addr":140735627968655,"idx":6},{"addr":140735092105623,"idx":7},{"addr":140735092099590,"idx":8},{"addr":140735092449154,"idx":9},{"addr":140735091978758,"idx":10},{"addr":140735091978792,"idx":11},{"addr":140735091978792,"idx":12},{"addr":140735092105080,"idx":13},{"addr":140735092100076,"idx":14},{"addr":140735092099714,"idx":15},{"addr":140735628052080,"idx":16},{"addr":140735644703736,"idx":17},{"addr":140735644703461,"idx":18},{"addr":140735654725032,"idx":19},{"addr":140735654724337,"idx":20},{"addr":140735644353336,"idx":21},{"addr":140735664821955,"idx":22},{"addr":140735663497947,"idx":23},{"addr":140735663204394,"idx":24},{"addr":140735667440676,"idx":25},{"addr":140735663599563,"idx":26},{"addr":140735663599343,"idx":27},{"addr":140735663599035,"idx":28},{"addr":140735663598895,"idx":29},{"addr":140735667440459,"idx":30},{"addr":140735667002395,"idx":31},{"addr":140735667270971,"idx":32},{"addr":140735664153021,"idx":33},{"addr":140735664152441,"idx":34},{"addr":140735664709546,"idx":35},{"addr":140736897083607,"idx":36},{"addr":140736916996940,"idx":37}],,,,,,,,,,,,,,,,,,,4096,0,17880,,,,,,,,,,,,,,,,,,,,,,,,,,,,,,,,,,,,,,,,,,,,,,,,,,,,,,,,,,,,,,,,,,,,,,,,,,,,,,,,,,,,,,,,,,,,,,,,,,,
"2025-09-02 15:13:16.8832219Z","ETW","Microsoft-Windows-Kernel-Audit-API-Calls",5,"Info ",504,22020,"PerfWatson2.exe",,,,,,,,,,,,,,,,[{"addr":140736918203764,"idx":0},{"addr":140736872731894,"idx":1},{"addr":140735628507760,"idx":2},{"addr":140735627974846,"idx":3},{"addr":140735627969637,"idx":4},{"addr":140735627967662,"idx":5},{"addr":140735627865359,"idx":6},{"addr":140735092105674,"idx":7},{"addr":140735092099590,"idx":8},{"addr":140735092449154,"idx":9},{"addr":140735091978758,"idx":10},{"addr":140735091978792,"idx":11},{"addr":140735091978792,"idx":12},{"addr":140735092105080,"idx":13},{"addr":140735092100076,"idx":14},{"addr":140735092099714,"idx":15},{"addr":140735628052080,"idx":16},{"addr":140735644703736,"idx":17},{"addr":140735644703461,"idx":18},{"addr":140735654725032,"idx":19},{"addr":140735654724337,"idx":20},{"addr":140735644353336,"idx":21},{"addr":140735664821955,"idx":22},{"addr":140735663497947,"idx":23},{"addr":140735663204394,"idx":24},{"addr":140735667440676,"idx":25},{"addr":140735663599563,"idx":26},{"addr":140735663599343,"idx":27},{"addr":140735663599035,"idx":28},{"addr":140735663598895,"idx":29},{"addr":140735667440459,"idx":30},{"addr":140735667002395,"idx":31},{"addr":140735667270971,"idx":32},{"addr":140735664153021,"idx":33},{"addr":140735664152441,"idx":34},{"addr":140735664709546,"idx":35},{"addr":140736897083607,"idx":36},{"addr":140736916996940,"idx":37}],,,,,,,,,,,,,,,,,,,4096,0,17880,,,,,,,,,,,,,,,,,,,,,,,,,,,,,,,,,,,,,,,,,,,,,,,,,,,,,,,,,,,,,,,,,,,,,,,,,,,,,,,,,,,,,,,,,,,,,,,,,,,
"2025-09-02 15:13:16.8832410Z","ETW","Microsoft-Windows-Kernel-Audit-API-Calls",5,"Info ",504,22020,"PerfWatson2.exe",,,,,,,,,,,,,,,,[{"addr":140736918203764,"idx":0},{"addr":140736872731894,"idx":1},{"addr":140735628507760,"idx":2},{"addr":140735627974846,"idx":3},{"addr":140735627969637,"idx":4},{"addr":140735627865966,"idx":5},{"addr":140735627863605,"idx":6},{"addr":140735092105772,"idx":7},{"addr":140735092099590,"idx":8},{"addr":140735092449154,"idx":9},{"addr":140735091978758,"idx":10},{"addr":140735091978792,"idx":11},{"addr":140735091978792,"idx":12},{"addr":140735092105080,"idx":13},{"addr":140735092100076,"idx":14},{"addr":140735092099714,"idx":15},{"addr":140735628052080,"idx":16},{"addr":140735644703736,"idx":17},{"addr":140735644703461,"idx":18},{"addr":140735654725032,"idx":19},{"addr":140735654724337,"idx":20},{"addr":140735644353336,"idx":21},{"addr":140735664821955,"idx":22},{"addr":140735663497947,"idx":23},{"addr":140735663204394,"idx":24},{"addr":140735667440676,"idx":25},{"addr":140735663599563,"idx":26},{"addr":140735663599343,"idx":27},{"addr":140735663599035,"idx":28},{"addr":140735663598895,"idx":29},{"addr":140735667440459,"idx":30},{"addr":140735667002395,"idx":31},{"addr":140735667270971,"idx":32},{"addr":140735664153021,"idx":33},{"addr":140735664152441,"idx":34},{"addr":140735664709546,"idx":35},{"addr":140736897083607,"idx":36},{"addr":140736916996940,"idx":37}],,,,,,,,,,,,,,,,,,,2035711,0,17880,,,,,,,,,,,,,,,,,,,,,,,,,,,,,,,,,,,,,,,,,,,,,,,,,,,,,,,,,,,,,,,,,,,,,,,,,,,,,,,,,,,,,,,,,,,,,,,,,,,
"2025-09-02 15:13:16.8841453Z","ETW","Microsoft-Windows-Kernel-Audit-API-Calls",5,"Info ",504,22020,"PerfWatson2.exe",,,,,,,,,,,,,,,,[{"addr":140736918203764,"idx":0},{"addr":140736872731894,"idx":1},{"addr":140735628507760,"idx":2},{"addr":140735627974846,"idx":3},{"addr":140735627969637,"idx":4},{"addr":140735627967662,"idx":5},{"addr":140735627968655,"idx":6},{"addr":140735092105623,"idx":7},{"addr":140735092099590,"idx":8},{"addr":140735092449154,"idx":9},{"addr":140735091978758,"idx":10},{"addr":140735091978792,"idx":11},{"addr":140735091978792,"idx":12},{"addr":140735092105080,"idx":13},{"addr":140735092100076,"idx":14},{"addr":140735092099714,"idx":15},{"addr":140735628052080,"idx":16},{"addr":140735644703736,"idx":17},{"addr":140735644703461,"idx":18},{"addr":140735654725032,"idx":19},{"addr":140735654724337,"idx":20},{"addr":140735644353336,"idx":21},{"addr":140735664821955,"idx":22},{"addr":140735663497947,"idx":23},{"addr":140735663204394,"idx":24},{"addr":140735667440676,"idx":25},{"addr":140735663599563,"idx":26},{"addr":140735663599343,"idx":27},{"addr":140735663599035,"idx":28},{"addr":140735663598895,"idx":29},{"addr":140735667440459,"idx":30},{"addr":140735667002395,"idx":31},{"addr":140735667270971,"idx":32},{"addr":140735664153021,"idx":33},{"addr":140735664152441,"idx":34},{"addr":140735664709546,"idx":35},{"addr":140736897083607,"idx":36},{"addr":140736916996940,"idx":37}],,,,,,,,,,,,,,,,,,,4096,0,10552,,,,,,,,,,,,,,,,,,,,,,,,,,,,,,,,,,,,,,,,,,,,,,,,,,,,,,,,,,,,,,,,,,,,,,,,,,,,,,,,,,,,,,,,,,,,,,,,,,,
"2025-09-02 15:13:16.8841584Z","ETW","Microsoft-Windows-Kernel-Audit-API-Calls",5,"Info ",504,22020,"PerfWatson2.exe",,,,,,,,,,,,,,,,[{"addr":140736918203764,"idx":0},{"addr":140736872731894,"idx":1},{"addr":140735628507760,"idx":2},{"addr":140735627974846,"idx":3},{"addr":140735627969637,"idx":4},{"addr":140735627967662,"idx":5},{"addr":140735627865359,"idx":6},{"addr":140735092105674,"idx":7},{"addr":140735092099590,"idx":8},{"addr":140735092449154,"idx":9},{"addr":140735091978758,"idx":10},{"addr":140735091978792,"idx":11},{"addr":140735091978792,"idx":12},{"addr":140735092105080,"idx":13},{"addr":140735092100076,"idx":14},{"addr":140735092099714,"idx":15},{"addr":140735628052080,"idx":16},{"addr":140735644703736,"idx":17},{"addr":140735644703461,"idx":18},{"addr":140735654725032,"idx":19},{"addr":140735654724337,"idx":20},{"addr":140735644353336,"idx":21},{"addr":140735664821955,"idx":22},{"addr":140735663497947,"idx":23},{"addr":140735663204394,"idx":24},{"addr":140735667440676,"idx":25},{"addr":140735663599563,"idx":26},{"addr":140735663599343,"idx":27},{"addr":140735663599035,"idx":28},{"addr":140735663598895,"idx":29},{"addr":140735667440459,"idx":30},{"addr":140735667002395,"idx":31},{"addr":140735667270971,"idx":32},{"addr":140735664153021,"idx":33},{"addr":140735664152441,"idx":34},{"addr":140735664709546,"idx":35},{"addr":140736897083607,"idx":36},{"addr":140736916996940,"idx":37}],,,,,,,,,,,,,,,,,,,4096,0,10552,,,,,,,,,,,,,,,,,,,,,,,,,,,,,,,,,,,,,,,,,,,,,,,,,,,,,,,,,,,,,,,,,,,,,,,,,,,,,,,,,,,,,,,,,,,,,,,,,,,
"2025-09-02 15:13:16.8841735Z","ETW","Microsoft-Windows-Kernel-Audit-API-Calls",5,"Info ",504,22020,"PerfWatson2.exe",,,,,,,,,,,,,,,,[{"addr":140736918203764,"idx":0},{"addr":140736872731894,"idx":1},{"addr":140735628507760,"idx":2},{"addr":140735627974846,"idx":3},{"addr":140735627969637,"idx":4},{"addr":140735627865966,"idx":5},{"addr":140735627863605,"idx":6},{"addr":140735092105772,"idx":7},{"addr":140735092099590,"idx":8},{"addr":140735092449154,"idx":9},{"addr":140735091978758,"idx":10},{"addr":140735091978792,"idx":11},{"addr":140735091978792,"idx":12},{"addr":140735092105080,"idx":13},{"addr":140735092100076,"idx":14},{"addr":140735092099714,"idx":15},{"addr":140735628052080,"idx":16},{"addr":140735644703736,"idx":17},{"addr":140735644703461,"idx":18},{"addr":140735654725032,"idx":19},{"addr":140735654724337,"idx":20},{"addr":140735644353336,"idx":21},{"addr":140735664821955,"idx":22},{"addr":140735663497947,"idx":23},{"addr":140735663204394,"idx":24},{"addr":140735667440676,"idx":25},{"addr":140735663599563,"idx":26},{"addr":140735663599343,"idx":27},{"addr":140735663599035,"idx":28},{"addr":140735663598895,"idx":29},{"addr":140735667440459,"idx":30},{"addr":140735667002395,"idx":31},{"addr":140735667270971,"idx":32},{"addr":140735664153021,"idx":33},{"addr":140735664152441,"idx":34},{"addr":140735664709546,"idx":35},{"addr":140736897083607,"idx":36},{"addr":140736916996940,"idx":37}],,,,,,,,,,,,,,,,,,,2035711,0,10552,,,,,,,,,,,,,,,,,,,,,,,,,,,,,,,,,,,,,,,,,,,,,,,,,,,,,,,,,,,,,,,,,,,,,,,,,,,,,,,,,,,,,,,,,,,,,,,,,,,
"2025-09-02 15:13:16.8851050Z","ETW","Microsoft-Windows-Kernel-Audit-API-Calls",5,"Info ",504,22020,"PerfWatson2.exe",,,,,,,,,,,,,,,,[{"addr":140736918203764,"idx":0},{"addr":140736872731894,"idx":1},{"addr":140735628507760,"idx":2},{"addr":140735627974846,"idx":3},{"addr":140735627969637,"idx":4},{"addr":140735627967662,"idx":5},{"addr":140735627968655,"idx":6},{"addr":140735092105623,"idx":7},{"addr":140735092099590,"idx":8},{"addr":140735092449154,"idx":9},{"addr":140735091978758,"idx":10},{"addr":140735091978792,"idx":11},{"addr":140735091978792,"idx":12},{"addr":140735092105080,"idx":13},{"addr":140735092100076,"idx":14},{"addr":140735092099714,"idx":15},{"addr":140735628052080,"idx":16},{"addr":140735644703736,"idx":17},{"addr":140735644703461,"idx":18},{"addr":140735654725032,"idx":19},{"addr":140735654724337,"idx":20},{"addr":140735644353336,"idx":21},{"addr":140735664821955,"idx":22},{"addr":140735663497947,"idx":23},{"addr":140735663204394,"idx":24},{"addr":140735667440676,"idx":25},{"addr":140735663599563,"idx":26},{"addr":140735663599343,"idx":27},{"addr":140735663599035,"idx":28},{"addr":140735663598895,"idx":29},{"addr":140735667440459,"idx":30},{"addr":140735667002395,"idx":31},{"addr":140735667270971,"idx":32},{"addr":140735664153021,"idx":33},{"addr":140735664152441,"idx":34},{"addr":140735664709546,"idx":35},{"addr":140736897083607,"idx":36},{"addr":140736916996940,"idx":37}],,,,,,,,,,,,,,,,,,,4096,0,12368,,,,,,,,,,,,,,,,,,,,,,,,,,,,,,,,,,,,,,,,,,,,,,,,,,,,,,,,,,,,,,,,,,,,,,,,,,,,,,,,,,,,,,,,,,,,,,,,,,,
"2025-09-02 15:13:16.8851303Z","ETW","Microsoft-Windows-Kernel-Audit-API-Calls",5,"Info ",504,22020,"PerfWatson2.exe",,,,,,,,,,,,,,,,[{"addr":140736918203764,"idx":0},{"addr":140736872731894,"idx":1},{"addr":140735628507760,"idx":2},{"addr":140735627974846,"idx":3},{"addr":140735627969637,"idx":4},{"addr":140735627967662,"idx":5},{"addr":140735627865359,"idx":6},{"addr":140735092105674,"idx":7},{"addr":140735092099590,"idx":8},{"addr":140735092449154,"idx":9},{"addr":140735091978758,"idx":10},{"addr":140735091978792,"idx":11},{"addr":140735091978792,"idx":12},{"addr":140735092105080,"idx":13},{"addr":140735092100076,"idx":14},{"addr":140735092099714,"idx":15},{"addr":140735628052080,"idx":16},{"addr":140735644703736,"idx":17},{"addr":140735644703461,"idx":18},{"addr":140735654725032,"idx":19},{"addr":140735654724337,"idx":20},{"addr":140735644353336,"idx":21},{"addr":140735664821955,"idx":22},{"addr":140735663497947,"idx":23},{"addr":140735663204394,"idx":24},{"addr":140735667440676,"idx":25},{"addr":140735663599563,"idx":26},{"addr":140735663599343,"idx":27},{"addr":140735663599035,"idx":28},{"addr":140735663598895,"idx":29},{"addr":140735667440459,"idx":30},{"addr":140735667002395,"idx":31},{"addr":140735667270971,"idx":32},{"addr":140735664153021,"idx":33},{"addr":140735664152441,"idx":34},{"addr":140735664709546,"idx":35},{"addr":140736897083607,"idx":36},{"addr":140736916996940,"idx":37}],,,,,,,,,,,,,,,,,,,4096,0,12368,,,,,,,,,,,,,,,,,,,,,,,,,,,,,,,,,,,,,,,,,,,,,,,,,,,,,,,,,,,,,,,,,,,,,,,,,,,,,,,,,,,,,,,,,,,,,,,,,,,
"2025-09-02 15:13:16.8851549Z","ETW","Microsoft-Windows-Kernel-Audit-API-Calls",5,"Info ",504,22020,"PerfWatson2.exe",,,,,,,,,,,,,,,,[{"addr":140736918203764,"idx":0},{"addr":140736872731894,"idx":1},{"addr":140735628507760,"idx":2},{"addr":140735627974846,"idx":3},{"addr":140735627969637,"idx":4},{"addr":140735627865966,"idx":5},{"addr":140735627863605,"idx":6},{"addr":140735092105772,"idx":7},{"addr":140735092099590,"idx":8},{"addr":140735092449154,"idx":9},{"addr":140735091978758,"idx":10},{"addr":140735091978792,"idx":11},{"addr":140735091978792,"idx":12},{"addr":140735092105080,"idx":13},{"addr":140735092100076,"idx":14},{"addr":140735092099714,"idx":15},{"addr":140735628052080,"idx":16},{"addr":140735644703736,"idx":17},{"addr":140735644703461,"idx":18},{"addr":140735654725032,"idx":19},{"addr":140735654724337,"idx":20},{"addr":140735644353336,"idx":21},{"addr":140735664821955,"idx":22},{"addr":140735663497947,"idx":23},{"addr":140735663204394,"idx":24},{"addr":140735667440676,"idx":25},{"addr":140735663599563,"idx":26},{"addr":140735663599343,"idx":27},{"addr":140735663599035,"idx":28},{"addr":140735663598895,"idx":29},{"addr":140735667440459,"idx":30},{"addr":140735667002395,"idx":31},{"addr":140735667270971,"idx":32},{"addr":140735664153021,"idx":33},{"addr":140735664152441,"idx":34},{"addr":140735664709546,"idx":35},{"addr":140736897083607,"idx":36},{"addr":140736916996940,"idx":37}],,,,,,,,,,,,,,,,,,,2035711,0,12368,,,,,,,,,,,,,,,,,,,,,,,,,,,,,,,,,,,,,,,,,,,,,,,,,,,,,,,,,,,,,,,,,,,,,,,,,,,,,,,,,,,,,,,,,,,,,,,,,,,
"2025-09-02 15:13:16.8859477Z","ETW","Microsoft-Windows-Kernel-Audit-API-Calls",5,"Info ",504,22020,"PerfWatson2.exe",,,,,,,,,,,,,,,,[{"addr":140736918203764,"idx":0},{"addr":140736872731894,"idx":1},{"addr":140735628507760,"idx":2},{"addr":140735627974846,"idx":3},{"addr":140735627969637,"idx":4},{"addr":140735627967662,"idx":5},{"addr":140735627968655,"idx":6},{"addr":140735092105623,"idx":7},{"addr":140735092099590,"idx":8},{"addr":140735092449154,"idx":9},{"addr":140735091978758,"idx":10},{"addr":140735091978792,"idx":11},{"addr":140735091978792,"idx":12},{"addr":140735092105080,"idx":13},{"addr":140735092100076,"idx":14},{"addr":140735092099714,"idx":15},{"addr":140735628052080,"idx":16},{"addr":140735644703736,"idx":17},{"addr":140735644703461,"idx":18},{"addr":140735654725032,"idx":19},{"addr":140735654724337,"idx":20},{"addr":140735644353336,"idx":21},{"addr":140735664821955,"idx":22},{"addr":140735663497947,"idx":23},{"addr":140735663204394,"idx":24},{"addr":140735667440676,"idx":25},{"addr":140735663599563,"idx":26},{"addr":140735663599343,"idx":27},{"addr":140735663599035,"idx":28},{"addr":140735663598895,"idx":29},{"addr":140735667440459,"idx":30},{"addr":140735667002395,"idx":31},{"addr":140735667270971,"idx":32},{"addr":140735664153021,"idx":33},{"addr":140735664152441,"idx":34},{"addr":140735664709546,"idx":35},{"addr":140736897083607,"idx":36},{"addr":140736916996940,"idx":37}],,,,,,,,,,,,,,,,,,,4096,0,20872,,,,,,,,,,,,,,,,,,,,,,,,,,,,,,,,,,,,,,,,,,,,,,,,,,,,,,,,,,,,,,,,,,,,,,,,,,,,,,,,,,,,,,,,,,,,,,,,,,,
"2025-09-02 15:13:16.8859589Z","ETW","Microsoft-Windows-Kernel-Audit-API-Calls",5,"Info ",504,22020,"PerfWatson2.exe",,,,,,,,,,,,,,,,[{"addr":140736918203764,"idx":0},{"addr":140736872731894,"idx":1},{"addr":140735628507760,"idx":2},{"addr":140735627974846,"idx":3},{"addr":140735627969637,"idx":4},{"addr":140735627967662,"idx":5},{"addr":140735627865359,"idx":6},{"addr":140735092105674,"idx":7},{"addr":140735092099590,"idx":8},{"addr":140735092449154,"idx":9},{"addr":140735091978758,"idx":10},{"addr":140735091978792,"idx":11},{"addr":140735091978792,"idx":12},{"addr":140735092105080,"idx":13},{"addr":140735092100076,"idx":14},{"addr":140735092099714,"idx":15},{"addr":140735628052080,"idx":16},{"addr":140735644703736,"idx":17},{"addr":140735644703461,"idx":18},{"addr":140735654725032,"idx":19},{"addr":140735654724337,"idx":20},{"addr":140735644353336,"idx":21},{"addr":140735664821955,"idx":22},{"addr":140735663497947,"idx":23},{"addr":140735663204394,"idx":24},{"addr":140735667440676,"idx":25},{"addr":140735663599563,"idx":26},{"addr":140735663599343,"idx":27},{"addr":140735663599035,"idx":28},{"addr":140735663598895,"idx":29},{"addr":140735667440459,"idx":30},{"addr":140735667002395,"idx":31},{"addr":140735667270971,"idx":32},{"addr":140735664153021,"idx":33},{"addr":140735664152441,"idx":34},{"addr":140735664709546,"idx":35},{"addr":140736897083607,"idx":36},{"addr":140736916996940,"idx":37}],,,,,,,,,,,,,,,,,,,4096,0,20872,,,,,,,,,,,,,,,,,,,,,,,,,,,,,,,,,,,,,,,,,,,,,,,,,,,,,,,,,,,,,,,,,,,,,,,,,,,,,,,,,,,,,,,,,,,,,,,,,,,
"2025-09-02 15:13:16.8859762Z","ETW","Microsoft-Windows-Kernel-Audit-API-Calls",5,"Info ",504,22020,"PerfWatson2.exe",,,,,,,,,,,,,,,,[{"addr":140736918203764,"idx":0},{"addr":140736872731894,"idx":1},{"addr":140735628507760,"idx":2},{"addr":140735627974846,"idx":3},{"addr":140735627969637,"idx":4},{"addr":140735627865966,"idx":5},{"addr":140735627863605,"idx":6},{"addr":140735092105772,"idx":7},{"addr":140735092099590,"idx":8},{"addr":140735092449154,"idx":9},{"addr":140735091978758,"idx":10},{"addr":140735091978792,"idx":11},{"addr":140735091978792,"idx":12},{"addr":140735092105080,"idx":13},{"addr":140735092100076,"idx":14},{"addr":140735092099714,"idx":15},{"addr":140735628052080,"idx":16},{"addr":140735644703736,"idx":17},{"addr":140735644703461,"idx":18},{"addr":140735654725032,"idx":19},{"addr":140735654724337,"idx":20},{"addr":140735644353336,"idx":21},{"addr":140735664821955,"idx":22},{"addr":140735663497947,"idx":23},{"addr":140735663204394,"idx":24},{"addr":140735667440676,"idx":25},{"addr":140735663599563,"idx":26},{"addr":140735663599343,"idx":27},{"addr":140735663599035,"idx":28},{"addr":140735663598895,"idx":29},{"addr":140735667440459,"idx":30},{"addr":140735667002395,"idx":31},{"addr":140735667270971,"idx":32},{"addr":140735664153021,"idx":33},{"addr":140735664152441,"idx":34},{"addr":140735664709546,"idx":35},{"addr":140736897083607,"idx":36},{"addr":140736916996940,"idx":37}],,,,,,,,,,,,,,,,,,,2035711,0,20872,,,,,,,,,,,,,,,,,,,,,,,,,,,,,,,,,,,,,,,,,,,,,,,,,,,,,,,,,,,,,,,,,,,,,,,,,,,,,,,,,,,,,,,,,,,,,,,,,,,
"2025-09-02 15:13:16.8867218Z","ETW","Microsoft-Windows-Kernel-Audit-API-Calls",5,"Info ",504,22020,"PerfWatson2.exe",,,,,,,,,,,,,,,,[{"addr":140736918203764,"idx":0},{"addr":140736872731894,"idx":1},{"addr":140735628507760,"idx":2},{"addr":140735627974846,"idx":3},{"addr":140735627969637,"idx":4},{"addr":140735627967662,"idx":5},{"addr":140735627968655,"idx":6},{"addr":140735092105623,"idx":7},{"addr":140735092099590,"idx":8},{"addr":140735092449154,"idx":9},{"addr":140735091978758,"idx":10},{"addr":140735091978792,"idx":11},{"addr":140735091978792,"idx":12},{"addr":140735092105080,"idx":13},{"addr":140735092100076,"idx":14},{"addr":140735092099714,"idx":15},{"addr":140735628052080,"idx":16},{"addr":140735644703736,"idx":17},{"addr":140735644703461,"idx":18},{"addr":140735654725032,"idx":19},{"addr":140735654724337,"idx":20},{"addr":140735644353336,"idx":21},{"addr":140735664821955,"idx":22},{"addr":140735663497947,"idx":23},{"addr":140735663204394,"idx":24},{"addr":140735667440676,"idx":25},{"addr":140735663599563,"idx":26},{"addr":140735663599343,"idx":27},{"addr":140735663599035,"idx":28},{"addr":140735663598895,"idx":29},{"addr":140735667440459,"idx":30},{"addr":140735667002395,"idx":31},{"addr":140735667270971,"idx":32},{"addr":140735664153021,"idx":33},{"addr":140735664152441,"idx":34},{"addr":140735664709546,"idx":35},{"addr":140736897083607,"idx":36},{"addr":140736916996940,"idx":37}],,,,,,,,,,,,,,,,,,,4096,0,8768,,,,,,,,,,,,,,,,,,,,,,,,,,,,,,,,,,,,,,,,,,,,,,,,,,,,,,,,,,,,,,,,,,,,,,,,,,,,,,,,,,,,,,,,,,,,,,,,,,,
"2025-09-02 15:13:16.8867316Z","ETW","Microsoft-Windows-Kernel-Audit-API-Calls",5,"Info ",504,22020,"PerfWatson2.exe",,,,,,,,,,,,,,,,[{"addr":140736918203764,"idx":0},{"addr":140736872731894,"idx":1},{"addr":140735628507760,"idx":2},{"addr":140735627974846,"idx":3},{"addr":140735627969637,"idx":4},{"addr":140735627967662,"idx":5},{"addr":140735627865359,"idx":6},{"addr":140735092105674,"idx":7},{"addr":140735092099590,"idx":8},{"addr":140735092449154,"idx":9},{"addr":140735091978758,"idx":10},{"addr":140735091978792,"idx":11},{"addr":140735091978792,"idx":12},{"addr":140735092105080,"idx":13},{"addr":140735092100076,"idx":14},{"addr":140735092099714,"idx":15},{"addr":140735628052080,"idx":16},{"addr":140735644703736,"idx":17},{"addr":140735644703461,"idx":18},{"addr":140735654725032,"idx":19},{"addr":140735654724337,"idx":20},{"addr":140735644353336,"idx":21},{"addr":140735664821955,"idx":22},{"addr":140735663497947,"idx":23},{"addr":140735663204394,"idx":24},{"addr":140735667440676,"idx":25},{"addr":140735663599563,"idx":26},{"addr":140735663599343,"idx":27},{"addr":140735663599035,"idx":28},{"addr":140735663598895,"idx":29},{"addr":140735667440459,"idx":30},{"addr":140735667002395,"idx":31},{"addr":140735667270971,"idx":32},{"addr":140735664153021,"idx":33},{"addr":140735664152441,"idx":34},{"addr":140735664709546,"idx":35},{"addr":140736897083607,"idx":36},{"addr":140736916996940,"idx":37}],,,,,,,,,,,,,,,,,,,4096,0,8768,,,,,,,,,,,,,,,,,,,,,,,,,,,,,,,,,,,,,,,,,,,,,,,,,,,,,,,,,,,,,,,,,,,,,,,,,,,,,,,,,,,,,,,,,,,,,,,,,,,
"2025-09-02 15:13:16.8867428Z","ETW","Microsoft-Windows-Kernel-Audit-API-Calls",5,"Info ",504,22020,"PerfWatson2.exe",,,,,,,,,,,,,,,,[{"addr":140736918203764,"idx":0},{"addr":140736872731894,"idx":1},{"addr":140735628507760,"idx":2},{"addr":140735627974846,"idx":3},{"addr":140735627969637,"idx":4},{"addr":140735627865966,"idx":5},{"addr":140735627863605,"idx":6},{"addr":140735092105772,"idx":7},{"addr":140735092099590,"idx":8},{"addr":140735092449154,"idx":9},{"addr":140735091978758,"idx":10},{"addr":140735091978792,"idx":11},{"addr":140735091978792,"idx":12},{"addr":140735092105080,"idx":13},{"addr":140735092100076,"idx":14},{"addr":140735092099714,"idx":15},{"addr":140735628052080,"idx":16},{"addr":140735644703736,"idx":17},{"addr":140735644703461,"idx":18},{"addr":140735654725032,"idx":19},{"addr":140735654724337,"idx":20},{"addr":140735644353336,"idx":21},{"addr":140735664821955,"idx":22},{"addr":140735663497947,"idx":23},{"addr":140735663204394,"idx":24},{"addr":140735667440676,"idx":25},{"addr":140735663599563,"idx":26},{"addr":140735663599343,"idx":27},{"addr":140735663599035,"idx":28},{"addr":140735663598895,"idx":29},{"addr":140735667440459,"idx":30},{"addr":140735667002395,"idx":31},{"addr":140735667270971,"idx":32},{"addr":140735664153021,"idx":33},{"addr":140735664152441,"idx":34},{"addr":140735664709546,"idx":35},{"addr":140736897083607,"idx":36},{"addr":140736916996940,"idx":37}],,,,,,,,,,,,,,,,,,,2035711,0,8768,,,,,,,,,,,,,,,,,,,,,,,,,,,,,,,,,,,,,,,,,,,,,,,,,,,,,,,,,,,,,,,,,,,,,,,,,,,,,,,,,,,,,,,,,,,,,,,,,,,
"2025-09-02 15:13:16.8874324Z","ETW","Microsoft-Windows-Kernel-Audit-API-Calls",5,"Info ",504,22020,"PerfWatson2.exe",,,,,,,,,,,,,,,,[{"addr":140736918203764,"idx":0},{"addr":140736872731894,"idx":1},{"addr":140735628507760,"idx":2},{"addr":140735627974846,"idx":3},{"addr":140735627969637,"idx":4},{"addr":140735627967662,"idx":5},{"addr":140735627968655,"idx":6},{"addr":140735092105623,"idx":7},{"addr":140735092099590,"idx":8},{"addr":140735092449154,"idx":9},{"addr":140735091978758,"idx":10},{"addr":140735091978792,"idx":11},{"addr":140735092105080,"idx":12},{"addr":140735092100076,"idx":13},{"addr":140735092099714,"idx":14},{"addr":140735628052080,"idx":15},{"addr":140735644703736,"idx":16},{"addr":140735644703461,"idx":17},{"addr":140735654725032,"idx":18},{"addr":140735654724337,"idx":19},{"addr":140735644353336,"idx":20},{"addr":140735664821955,"idx":21},{"addr":140735663497947,"idx":22},{"addr":140735663204394,"idx":23},{"addr":140735667440676,"idx":24},{"addr":140735663599563,"idx":25},{"addr":140735663599343,"idx":26},{"addr":140735663599035,"idx":27},{"addr":140735663598895,"idx":28},{"addr":140735667440459,"idx":29},{"addr":140735667002395,"idx":30},{"addr":140735667270971,"idx":31},{"addr":140735664153021,"idx":32},{"addr":140735664152441,"idx":33},{"addr":140735664709546,"idx":34},{"addr":140736897083607,"idx":35},{"addr":140736916996940,"idx":36}],,,,,,,,,,,,,,,,,,,4096,0,14548,,,,,,,,,,,,,,,,,,,,,,,,,,,,,,,,,,,,,,,,,,,,,,,,,,,,,,,,,,,,,,,,,,,,,,,,,,,,,,,,,,,,,,,,,,,,,,,,,,,
"2025-09-02 15:13:16.8874429Z","ETW","Microsoft-Windows-Kernel-Audit-API-Calls",5,"Info ",504,22020,"PerfWatson2.exe",,,,,,,,,,,,,,,,[{"addr":140736918203764,"idx":0},{"addr":140736872731894,"idx":1},{"addr":140735628507760,"idx":2},{"addr":140735627974846,"idx":3},{"addr":140735627969637,"idx":4},{"addr":140735627967662,"idx":5},{"addr":140735627865359,"idx":6},{"addr":140735092105674,"idx":7},{"addr":140735092099590,"idx":8},{"addr":140735092449154,"idx":9},{"addr":140735091978758,"idx":10},{"addr":140735091978792,"idx":11},{"addr":140735092105080,"idx":12},{"addr":140735092100076,"idx":13},{"addr":140735092099714,"idx":14},{"addr":140735628052080,"idx":15},{"addr":140735644703736,"idx":16},{"addr":140735644703461,"idx":17},{"addr":140735654725032,"idx":18},{"addr":140735654724337,"idx":19},{"addr":140735644353336,"idx":20},{"addr":140735664821955,"idx":21},{"addr":140735663497947,"idx":22},{"addr":140735663204394,"idx":23},{"addr":140735667440676,"idx":24},{"addr":140735663599563,"idx":25},{"addr":140735663599343,"idx":26},{"addr":140735663599035,"idx":27},{"addr":140735663598895,"idx":28},{"addr":140735667440459,"idx":29},{"addr":140735667002395,"idx":30},{"addr":140735667270971,"idx":31},{"addr":140735664153021,"idx":32},{"addr":140735664152441,"idx":33},{"addr":140735664709546,"idx":34},{"addr":140736897083607,"idx":35},{"addr":140736916996940,"idx":36}],,,,,,,,,,,,,,,,,,,4096,0,14548,,,,,,,,,,,,,,,,,,,,,,,,,,,,,,,,,,,,,,,,,,,,,,,,,,,,,,,,,,,,,,,,,,,,,,,,,,,,,,,,,,,,,,,,,,,,,,,,,,,
"2025-09-02 15:13:16.8874531Z","ETW","Microsoft-Windows-Kernel-Audit-API-Calls",5,"Info ",504,22020,"PerfWatson2.exe",,,,,,,,,,,,,,,,[{"addr":140736918203764,"idx":0},{"addr":140736872731894,"idx":1},{"addr":140735628507760,"idx":2},{"addr":140735627974846,"idx":3},{"addr":140735627969637,"idx":4},{"addr":140735627865966,"idx":5},{"addr":140735627863605,"idx":6},{"addr":140735092105772,"idx":7},{"addr":140735092099590,"idx":8},{"addr":140735092449154,"idx":9},{"addr":140735091978758,"idx":10},{"addr":140735091978792,"idx":11},{"addr":140735092105080,"idx":12},{"addr":140735092100076,"idx":13},{"addr":140735092099714,"idx":14},{"addr":140735628052080,"idx":15},{"addr":140735644703736,"idx":16},{"addr":140735644703461,"idx":17},{"addr":140735654725032,"idx":18},{"addr":140735654724337,"idx":19},{"addr":140735644353336,"idx":20},{"addr":140735664821955,"idx":21},{"addr":140735663497947,"idx":22},{"addr":140735663204394,"idx":23},{"addr":140735667440676,"idx":24},{"addr":140735663599563,"idx":25},{"addr":140735663599343,"idx":26},{"addr":140735663599035,"idx":27},{"addr":140735663598895,"idx":28},{"addr":140735667440459,"idx":29},{"addr":140735667002395,"idx":30},{"addr":140735667270971,"idx":31},{"addr":140735664153021,"idx":32},{"addr":140735664152441,"idx":33},{"addr":140735664709546,"idx":34},{"addr":140736897083607,"idx":35},{"addr":140736916996940,"idx":36}],,,,,,,,,,,,,,,,,,,2035711,0,14548,,,,,,,,,,,,,,,,,,,,,,,,,,,,,,,,,,,,,,,,,,,,,,,,,,,,,,,,,,,,,,,,,,,,,,,,,,,,,,,,,,,,,,,,,,,,,,,,,,,
"2025-09-02 15:13:16.8881456Z","ETW","Microsoft-Windows-Kernel-Audit-API-Calls",5,"Info ",504,22020,"PerfWatson2.exe",,,,,,,,,,,,,,,,[{"addr":140736918203764,"idx":0},{"addr":140736872731894,"idx":1},{"addr":140735628507760,"idx":2},{"addr":140735627974846,"idx":3},{"addr":140735627969637,"idx":4},{"addr":140735627967662,"idx":5},{"addr":140735627968655,"idx":6},{"addr":140735092105623,"idx":7},{"addr":140735092099590,"idx":8},{"addr":140735092449154,"idx":9},{"addr":140735091978758,"idx":10},{"addr":140735091978792,"idx":11},{"addr":140735092105080,"idx":12},{"addr":140735092100076,"idx":13},{"addr":140735092099714,"idx":14},{"addr":140735628052080,"idx":15},{"addr":140735644703736,"idx":16},{"addr":140735644703461,"idx":17},{"addr":140735654725032,"idx":18},{"addr":140735654724337,"idx":19},{"addr":140735644353336,"idx":20},{"addr":140735664821955,"idx":21},{"addr":140735663497947,"idx":22},{"addr":140735663204394,"idx":23},{"addr":140735667440676,"idx":24},{"addr":140735663599563,"idx":25},{"addr":140735663599343,"idx":26},{"addr":140735663599035,"idx":27},{"addr":140735663598895,"idx":28},{"addr":140735667440459,"idx":29},{"addr":140735667002395,"idx":30},{"addr":140735667270971,"idx":31},{"addr":140735664153021,"idx":32},{"addr":140735664152441,"idx":33},{"addr":140735664709546,"idx":34},{"addr":140736897083607,"idx":35},{"addr":140736916996940,"idx":36}],,,,,,,,,,,,,,,,,,,4096,0,12908,,,,,,,,,,,,,,,,,,,,,,,,,,,,,,,,,,,,,,,,,,,,,,,,,,,,,,,,,,,,,,,,,,,,,,,,,,,,,,,,,,,,,,,,,,,,,,,,,,,
"2025-09-02 15:13:16.8881520Z","ETW","Microsoft-Windows-Kernel-Audit-API-Calls",5,"Info ",504,22020,"PerfWatson2.exe",,,,,,,,,,,,,,,,[{"addr":140736918203764,"idx":0},{"addr":140736872731894,"idx":1},{"addr":140735628507760,"idx":2},{"addr":140735627974846,"idx":3},{"addr":140735627969637,"idx":4},{"addr":140735627967662,"idx":5},{"addr":140735627865359,"idx":6},{"addr":140735092105674,"idx":7},{"addr":140735092099590,"idx":8},{"addr":140735092449154,"idx":9},{"addr":140735091978758,"idx":10},{"addr":140735091978792,"idx":11},{"addr":140735092105080,"idx":12},{"addr":140735092100076,"idx":13},{"addr":140735092099714,"idx":14},{"addr":140735628052080,"idx":15},{"addr":140735644703736,"idx":16},{"addr":140735644703461,"idx":17},{"addr":140735654725032,"idx":18},{"addr":140735654724337,"idx":19},{"addr":140735644353336,"idx":20},{"addr":140735664821955,"idx":21},{"addr":140735663497947,"idx":22},{"addr":140735663204394,"idx":23},{"addr":140735667440676,"idx":24},{"addr":140735663599563,"idx":25},{"addr":140735663599343,"idx":26},{"addr":140735663599035,"idx":27},{"addr":140735663598895,"idx":28},{"addr":140735667440459,"idx":29},{"addr":140735667002395,"idx":30},{"addr":140735667270971,"idx":31},{"addr":140735664153021,"idx":32},{"addr":140735664152441,"idx":33},{"addr":140735664709546,"idx":34},{"addr":140736897083607,"idx":35},{"addr":140736916996940,"idx":36}],,,,,,,,,,,,,,,,,,,4096,0,12908,,,,,,,,,,,,,,,,,,,,,,,,,,,,,,,,,,,,,,,,,,,,,,,,,,,,,,,,,,,,,,,,,,,,,,,,,,,,,,,,,,,,,,,,,,,,,,,,,,,
"2025-09-02 15:13:16.8881622Z","ETW","Microsoft-Windows-Kernel-Audit-API-Calls",5,"Info ",504,22020,"PerfWatson2.exe",,,,,,,,,,,,,,,,[{"addr":140736918203764,"idx":0},{"addr":140736872731894,"idx":1},{"addr":140735628507760,"idx":2},{"addr":140735627974846,"idx":3},{"addr":140735627969637,"idx":4},{"addr":140735627865966,"idx":5},{"addr":140735627863605,"idx":6},{"addr":140735092105772,"idx":7},{"addr":140735092099590,"idx":8},{"addr":140735092449154,"idx":9},{"addr":140735091978758,"idx":10},{"addr":140735091978792,"idx":11},{"addr":140735092105080,"idx":12},{"addr":140735092100076,"idx":13},{"addr":140735092099714,"idx":14},{"addr":140735628052080,"idx":15},{"addr":140735644703736,"idx":16},{"addr":140735644703461,"idx":17},{"addr":140735654725032,"idx":18},{"addr":140735654724337,"idx":19},{"addr":140735644353336,"idx":20},{"addr":140735664821955,"idx":21},{"addr":140735663497947,"idx":22},{"addr":140735663204394,"idx":23},{"addr":140735667440676,"idx":24},{"addr":140735663599563,"idx":25},{"addr":140735663599343,"idx":26},{"addr":140735663599035,"idx":27},{"addr":140735663598895,"idx":28},{"addr":140735667440459,"idx":29},{"addr":140735667002395,"idx":30},{"addr":140735667270971,"idx":31},{"addr":140735664153021,"idx":32},{"addr":140735664152441,"idx":33},{"addr":140735664709546,"idx":34},{"addr":140736897083607,"idx":35},{"addr":140736916996940,"idx":36}],,,,,,,,,,,,,,,,,,,2035711,0,12908,,,,,,,,,,,,,,,,,,,,,,,,,,,,,,,,,,,,,,,,,,,,,,,,,,,,,,,,,,,,,,,,,,,,,,,,,,,,,,,,,,,,,,,,,,,,,,,,,,,
"2025-09-02 15:13:16.8888791Z","ETW","Microsoft-Windows-Kernel-Audit-API-Calls",5,"Info ",504,22020,"PerfWatson2.exe",,,,,,,,,,,,,,,,[{"addr":140736918203764,"idx":0},{"addr":140736872731894,"idx":1},{"addr":140735628507760,"idx":2},{"addr":140735627974846,"idx":3},{"addr":140735627969637,"idx":4},{"addr":140735627967662,"idx":5},{"addr":140735627968655,"idx":6},{"addr":140735092105623,"idx":7},{"addr":140735092099590,"idx":8},{"addr":140735092449154,"idx":9},{"addr":140735091978758,"idx":10},{"addr":140735091978792,"idx":11},{"addr":140735092105080,"idx":12},{"addr":140735092100076,"idx":13},{"addr":140735092099714,"idx":14},{"addr":140735628052080,"idx":15},{"addr":140735644703736,"idx":16},{"addr":140735644703461,"idx":17},{"addr":140735654725032,"idx":18},{"addr":140735654724337,"idx":19},{"addr":140735644353336,"idx":20},{"addr":140735664821955,"idx":21},{"addr":140735663497947,"idx":22},{"addr":140735663204394,"idx":23},{"addr":140735667440676,"idx":24},{"addr":140735663599563,"idx":25},{"addr":140735663599343,"idx":26},{"addr":140735663599035,"idx":27},{"addr":140735663598895,"idx":28},{"addr":140735667440459,"idx":29},{"addr":140735667002395,"idx":30},{"addr":140735667270971,"idx":31},{"addr":140735664153021,"idx":32},{"addr":140735664152441,"idx":33},{"addr":140735664709546,"idx":34},{"addr":140736897083607,"idx":35},{"addr":140736916996940,"idx":36}],,,,,,,,,,,,,,,,,,,4096,0,4056,,,,,,,,,,,,,,,,,,,,,,,,,,,,,,,,,,,,,,,,,,,,,,,,,,,,,,,,,,,,,,,,,,,,,,,,,,,,,,,,,,,,,,,,,,,,,,,,,,,
"2025-09-02 15:13:16.8888863Z","ETW","Microsoft-Windows-Kernel-Audit-API-Calls",5,"Info ",504,22020,"PerfWatson2.exe",,,,,,,,,,,,,,,,[{"addr":140736918203764,"idx":0},{"addr":140736872731894,"idx":1},{"addr":140735628507760,"idx":2},{"addr":140735627974846,"idx":3},{"addr":140735627969637,"idx":4},{"addr":140735627967662,"idx":5},{"addr":140735627865359,"idx":6},{"addr":140735092105674,"idx":7},{"addr":140735092099590,"idx":8},{"addr":140735092449154,"idx":9},{"addr":140735091978758,"idx":10},{"addr":140735091978792,"idx":11},{"addr":140735092105080,"idx":12},{"addr":140735092100076,"idx":13},{"addr":140735092099714,"idx":14},{"addr":140735628052080,"idx":15},{"addr":140735644703736,"idx":16},{"addr":140735644703461,"idx":17},{"addr":140735654725032,"idx":18},{"addr":140735654724337,"idx":19},{"addr":140735644353336,"idx":20},{"addr":140735664821955,"idx":21},{"addr":140735663497947,"idx":22},{"addr":140735663204394,"idx":23},{"addr":140735667440676,"idx":24},{"addr":140735663599563,"idx":25},{"addr":140735663599343,"idx":26},{"addr":140735663599035,"idx":27},{"addr":140735663598895,"idx":28},{"addr":140735667440459,"idx":29},{"addr":140735667002395,"idx":30},{"addr":140735667270971,"idx":31},{"addr":140735664153021,"idx":32},{"addr":140735664152441,"idx":33},{"addr":140735664709546,"idx":34},{"addr":140736897083607,"idx":35},{"addr":140736916996940,"idx":36}],,,,,,,,,,,,,,,,,,,4096,0,4056,,,,,,,,,,,,,,,,,,,,,,,,,,,,,,,,,,,,,,,,,,,,,,,,,,,,,,,,,,,,,,,,,,,,,,,,,,,,,,,,,,,,,,,,,,,,,,,,,,,
"2025-09-02 15:13:16.8888974Z","ETW","Microsoft-Windows-Kernel-Audit-API-Calls",5,"Info ",504,22020,"PerfWatson2.exe",,,,,,,,,,,,,,,,[{"addr":140736918203764,"idx":0},{"addr":140736872731894,"idx":1},{"addr":140735628507760,"idx":2},{"addr":140735627974846,"idx":3},{"addr":140735627969637,"idx":4},{"addr":140735627865966,"idx":5},{"addr":140735627863605,"idx":6},{"addr":140735092105772,"idx":7},{"addr":140735092099590,"idx":8},{"addr":140735092449154,"idx":9},{"addr":140735091978758,"idx":10},{"addr":140735091978792,"idx":11},{"addr":140735092105080,"idx":12},{"addr":140735092100076,"idx":13},{"addr":140735092099714,"idx":14},{"addr":140735628052080,"idx":15},{"addr":140735644703736,"idx":16},{"addr":140735644703461,"idx":17},{"addr":140735654725032,"idx":18},{"addr":140735654724337,"idx":19},{"addr":140735644353336,"idx":20},{"addr":140735664821955,"idx":21},{"addr":140735663497947,"idx":22},{"addr":140735663204394,"idx":23},{"addr":140735667440676,"idx":24},{"addr":140735663599563,"idx":25},{"addr":140735663599343,"idx":26},{"addr":140735663599035,"idx":27},{"addr":140735663598895,"idx":28},{"addr":140735667440459,"idx":29},{"addr":140735667002395,"idx":30},{"addr":140735667270971,"idx":31},{"addr":140735664153021,"idx":32},{"addr":140735664152441,"idx":33},{"addr":140735664709546,"idx":34},{"addr":140736897083607,"idx":35},{"addr":140736916996940,"idx":36}],,,,,,,,,,,,,,,,,,,2035711,0,4056,,,,,,,,,,,,,,,,,,,,,,,,,,,,,,,,,,,,,,,,,,,,,,,,,,,,,,,,,,,,,,,,,,,,,,,,,,,,,,,,,,,,,,,,,,,,,,,,,,,
"2025-09-02 15:13:16.8895871Z","ETW","Microsoft-Windows-Kernel-Audit-API-Calls",5,"Info ",504,22020,"PerfWatson2.exe",,,,,,,,,,,,,,,,[{"addr":140736918203764,"idx":0},{"addr":140736872731894,"idx":1},{"addr":140735628507760,"idx":2},{"addr":140735627974846,"idx":3},{"addr":140735627969637,"idx":4},{"addr":140735627967662,"idx":5},{"addr":140735627968655,"idx":6},{"addr":140735092105623,"idx":7},{"addr":140735092099590,"idx":8},{"addr":140735092449154,"idx":9},{"addr":140735091978758,"idx":10},{"addr":140735091978792,"idx":11},{"addr":140735092105080,"idx":12},{"addr":140735092100076,"idx":13},{"addr":140735092099714,"idx":14},{"addr":140735628052080,"idx":15},{"addr":140735644703736,"idx":16},{"addr":140735644703461,"idx":17},{"addr":140735654725032,"idx":18},{"addr":140735654724337,"idx":19},{"addr":140735644353336,"idx":20},{"addr":140735664821955,"idx":21},{"addr":140735663497947,"idx":22},{"addr":140735663204394,"idx":23},{"addr":140735667440676,"idx":24},{"addr":140735663599563,"idx":25},{"addr":140735663599343,"idx":26},{"addr":140735663599035,"idx":27},{"addr":140735663598895,"idx":28},{"addr":140735667440459,"idx":29},{"addr":140735667002395,"idx":30},{"addr":140735667270971,"idx":31},{"addr":140735664153021,"idx":32},{"addr":140735664152441,"idx":33},{"addr":140735664709546,"idx":34},{"addr":140736897083607,"idx":35},{"addr":140736916996940,"idx":36}],,,,,,,,,,,,,,,,,,,4096,0,504,,,,,,,,,,,,,,,,,,,,,,,,,,,,,,,,,,,,,,,,,,,,,,,,,,,,,,,,,,,,,,,,,,,,,,,,,,,,,,,,,,,,,,,,,,,,,,,,,,,
"2025-09-02 15:13:16.8895963Z","ETW","Microsoft-Windows-Kernel-Audit-API-Calls",5,"Info ",504,22020,"PerfWatson2.exe",,,,,,,,,,,,,,,,[{"addr":140736918203764,"idx":0},{"addr":140736872731894,"idx":1},{"addr":140735628507760,"idx":2},{"addr":140735627974846,"idx":3},{"addr":140735627969637,"idx":4},{"addr":140735627967662,"idx":5},{"addr":140735627865359,"idx":6},{"addr":140735092105674,"idx":7},{"addr":140735092099590,"idx":8},{"addr":140735092449154,"idx":9},{"addr":140735091978758,"idx":10},{"addr":140735091978792,"idx":11},{"addr":140735092105080,"idx":12},{"addr":140735092100076,"idx":13},{"addr":140735092099714,"idx":14},{"addr":140735628052080,"idx":15},{"addr":140735644703736,"idx":16},{"addr":140735644703461,"idx":17},{"addr":140735654725032,"idx":18},{"addr":140735654724337,"idx":19},{"addr":140735644353336,"idx":20},{"addr":140735664821955,"idx":21},{"addr":140735663497947,"idx":22},{"addr":140735663204394,"idx":23},{"addr":140735667440676,"idx":24},{"addr":140735663599563,"idx":25},{"addr":140735663599343,"idx":26},{"addr":140735663599035,"idx":27},{"addr":140735663598895,"idx":28},{"addr":140735667440459,"idx":29},{"addr":140735667002395,"idx":30},{"addr":140735667270971,"idx":31},{"addr":140735664153021,"idx":32},{"addr":140735664152441,"idx":33},{"addr":140735664709546,"idx":34},{"addr":140736897083607,"idx":35},{"addr":140736916996940,"idx":36}],,,,,,,,,,,,,,,,,,,4096,0,504,,,,,,,,,,,,,,,,,,,,,,,,,,,,,,,,,,,,,,,,,,,,,,,,,,,,,,,,,,,,,,,,,,,,,,,,,,,,,,,,,,,,,,,,,,,,,,,,,,,
"2025-09-02 15:13:16.8896021Z","ETW","Microsoft-Windows-Kernel-Audit-API-Calls",5,"Info ",504,22020,"PerfWatson2.exe",,,,,,,,,,,,,,,,[{"addr":140736918203764,"idx":0},{"addr":140736872731894,"idx":1},{"addr":140735628507760,"idx":2},{"addr":140735627974846,"idx":3},{"addr":140735627969637,"idx":4},{"addr":140735627865966,"idx":5},{"addr":140735627863605,"idx":6},{"addr":140735092105772,"idx":7},{"addr":140735092099590,"idx":8},{"addr":140735092449154,"idx":9},{"addr":140735091978758,"idx":10},{"addr":140735091978792,"idx":11},{"addr":140735092105080,"idx":12},{"addr":140735092100076,"idx":13},{"addr":140735092099714,"idx":14},{"addr":140735628052080,"idx":15},{"addr":140735644703736,"idx":16},{"addr":140735644703461,"idx":17},{"addr":140735654725032,"idx":18},{"addr":140735654724337,"idx":19},{"addr":140735644353336,"idx":20},{"addr":140735664821955,"idx":21},{"addr":140735663497947,"idx":22},{"addr":140735663204394,"idx":23},{"addr":140735667440676,"idx":24},{"addr":140735663599563,"idx":25},{"addr":140735663599343,"idx":26},{"addr":140735663599035,"idx":27},{"addr":140735663598895,"idx":28},{"addr":140735667440459,"idx":29},{"addr":140735667002395,"idx":30},{"addr":140735667270971,"idx":31},{"addr":140735664153021,"idx":32},{"addr":140735664152441,"idx":33},{"addr":140735664709546,"idx":34},{"addr":140736897083607,"idx":35},{"addr":140736916996940,"idx":36}],,,,,,,,,,,,,,,,,,,2035711,0,504,,,,,,,,,,,,,,,,,,,,,,,,,,,,,,,,,,,,,,,,,,,,,,,,,,,,,,,,,,,,,,,,,,,,,,,,,,,,,,,,,,,,,,,,,,,,,,,,,,,
"2025-09-02 15:13:16.9810345Z","ETW","Microsoft-Windows-Kernel-Process",3,"ThreadStartStart ",4,72,"System",,,,,,,,,,,,,,,,[],,,,,,,,,5088,18446639081569808384,18446639081569783808,140736917348896,0,1054202265600,16076,1054203707392,1054203674624,140736917348896,,,,,,,,,,,,,,,,,,,,,,,,,,,,,,,,,,,,,,,,,,,,,,,,,,,,,,,,,,,,,,,,,,,,,,,,,,,,,,,,,,,,,,,,,,,,,,,,,,,,,,
"2025-09-02 15:13:17.3770431Z","ETW","Microsoft-Windows-Kernel-Process",4,"ThreadStopStop ",1236,2212,"svchost.exe",,,,,,,,,,,,,,,,[],,,,,,,,375820,1236,18446639081662169088,18446639081662144512,140736917348896,0,131974168576,2212,131973120000,131973087232,140736917348896,,,,,,,,,,,,,,,,,,,,,,,,,,,,,,,,,,,,,,,,,,,,,,,,,,,,,,,,,,,,,,,,,,,,,,,,,,,,,,,,,,,,,,,,,,,,,,,,,,,,,,
"2025-09-02 15:13:17.4086489Z","Custom","Injector-Attack",13337,"[<] Before starting subprocess to inject to",16284,,"attack.exe",,,,,,,,,,,,,,,,,,,,,,,,,,,,,,,,,,,,,,,,,,,,,,,,,,,,,,,,,,,,,,,,,,,,,,,,,,,,,,,,,,,,,,,,,,,,,,,,,,,,,,,,,,,,,,,,,,,,,,,,,,,,,,,,,,,,,,,,
"2025-09-02 15:13:17.4098547Z","ETW","Microsoft-Windows-Kernel-Process",5,"ImageLoadInfo ",16284,14140,"attack.exe",,,,"C:\Windows\System32\ApiSetHost.AppExecutionAlias.dll",,,,,,,,,,,,[{"addr":140736918203828,"idx":0},{"addr":140736917192506,"idx":1},{"addr":140736917191278,"idx":2},{"addr":140736917210764,"idx":3},{"addr":140736917202269,"idx":4},{"addr":140736917259140,"idx":5},{"addr":140736916785248,"idx":6},{"addr":140736916786774,"idx":7},{"addr":140736917021315,"idx":8},{"addr":140736917023197,"idx":9},{"addr":140736873012562,"idx":10},{"addr":140736873179926,"idx":11},{"addr":140736873033453,"idx":12},{"addr":140736873111828,"idx":13},{"addr":140736872957708,"idx":14},{"addr":140736872946710,"idx":15},{"addr":140736897140436,"idx":16},{"addr":140694710261948,"idx":17},{"addr":140694710272512,"idx":18},{"addr":140736897083607,"idx":19},{"addr":140736916996940,"idx":20}],,,,,,,,,16284,,,,,,,,,,,,,,,,,,,,,,,,,,,,,,,,,,,,1677786481,140736642285568,140736642285568,255079,204800,,,,,,,,,,,,,,,,,,,,,,,,,,,,,,,,,,,,,,,,,,,,,,,,,,,,,,,,,,,,,,,,,,,,,,,
"2025-09-02 15:13:17.4100230Z","ETW","Microsoft-Windows-Kernel-Process",5,"ImageLoadInfo ",16284,14140,"attack.exe",,,,"C:\Windows\System32\combase.dll",,,,,,,,,,,,[{"addr":140736918203828,"idx":0},{"addr":140736917192506,"idx":1},{"addr":140736917191278,"idx":2},{"addr":140736917190209,"idx":3},{"addr":140736916798526,"idx":4},{"addr":140736916790798,"idx":5},{"addr":140736917191656,"idx":6},{"addr":140736917210764,"idx":7},{"addr":140736917202269,"idx":8},{"addr":140736917259140,"idx":9},{"addr":140736916785248,"idx":10},{"addr":140736916786774,"idx":11},{"addr":140736917021315,"idx":12},{"addr":140736917023197,"idx":13},{"addr":140736873012562,"idx":14},{"addr":140736873179926,"idx":15},{"addr":140736873033453,"idx":16},{"addr":140736873111828,"idx":17},{"addr":140736872957708,"idx":18},{"addr":140736872946710,"idx":19},{"addr":140736897140436,"idx":20},{"addr":140694710261948,"idx":21},{"addr":140694710272512,"idx":22},{"addr":140736897083607,"idx":23},{"addr":140736916996940,"idx":24}],,,,,,,,,16284,,,,,,,,,,,,,,,,,,,,,,,,,,,,,,,,,,,,670765882,140736909082624,140736909082624,3776119,3690496,,,,,,,,,,,,,,,,,,,,,,,,,,,,,,,,,,,,,,,,,,,,,,,,,,,,,,,,,,,,,,,,,,,,,,,
"2025-09-02 15:13:17.4100932Z","ETW","Microsoft-Antimalware-Engine",11,"Behavior Monitoring BmModuleLoad",16284,3012,"attack.exe",,,,"C:\Windows\System32\ApiSetHost.AppExecutionAlias.dll",,,,,,,,,,,,[],,,,,,,,,,,,,,,,,,,,,,,,,,,,,,,,,,,,,,,,,,,,,,,,,,,,,,,,,,,,,,,,,,,,,,,,,,,,,,,,,,,,,,,,,,,,,,,,,,,,,,,,,,,,,,,,,,,,,,,,
"2025-09-02 15:13:17.4101769Z","ETW","Microsoft-Antimalware-Engine",111,"Behavior Monitoring BmNotificationHandleStart",16284,10404,"attack.exe",,,,,,,,,,,,,,,,[],,,,,,,,,,,,,,,,,,,,,,,,,,,,,,,,,,,,,,,,,,,,,,,,,,,,,,,,,,,,,,,,,,,,,,,,,,,,,,,,,16404,3935712,0,,,,,,,,,,,,,,,,,,,,,,,,,,,,,,,,,,,,,
"2025-09-02 15:13:17.4102342Z","ETW","Microsoft-Antimalware-Engine",11,"Behavior Monitoring BmModuleLoad",16284,3012,"attack.exe",,,,"C:\Windows\System32\combase.dll",,,,,,,,,,,,[],,,,,,,,,,,,,,,,,,,,,,,,,,,,,,,,,,,,,,,,,,,,,,,,,,,,,,,,,,,,,,,,,,,,,,,,,,,,,,,,,,,,,,,,,,,,,,,,,,,,,,,,,,,,,,,,,,,,,,,,
"2025-09-02 15:13:17.4102677Z","ETW","Microsoft-Windows-Kernel-Process",5,"ImageLoadInfo ",16284,14140,"attack.exe",,,,"C:\Windows\System32\msvcp_win.dll",,,,,,,,,,,,[{"addr":140736918203828,"idx":0},{"addr":140736917192506,"idx":1},{"addr":140736917191278,"idx":2},{"addr":140736917190209,"idx":3},{"addr":140736916798526,"idx":4},{"addr":140736916790798,"idx":5},{"addr":140736917191656,"idx":6},{"addr":140736917210764,"idx":7},{"addr":140736917202269,"idx":8},{"addr":140736917259140,"idx":9},{"addr":140736916785248,"idx":10},{"addr":140736916786774,"idx":11},{"addr":140736917021315,"idx":12},{"addr":140736917023197,"idx":13},{"addr":140736873012562,"idx":14},{"addr":140736873179926,"idx":15},{"addr":140736873033453,"idx":16},{"addr":140736873111828,"idx":17},{"addr":140736872957708,"idx":18},{"addr":140736872946710,"idx":19},{"addr":140736897140436,"idx":20},{"addr":140694710261948,"idx":21},{"addr":140694710272512,"idx":22},{"addr":140736897083607,"idx":23},{"addr":140736916996940,"idx":24}],,,,,,,,,16284,,,,,,,,,,,,,,,,,,,,,,,,,,,,,,,,,,,,2240469762,140736868319232,140736868319232,703256,667648,,,,,,,,,,,,,,,,,,,,,,,,,,,,,,,,,,,,,,,,,,,,,,,,,,,,,,,,,,,,,,,,,,,,,,,
"2025-09-02 15:13:17.4102988Z","ETW","Microsoft-Antimalware-Engine",112,"Behavior Monitoring BmNotificationHandleStop",16284,10404,"attack.exe",,,,,,,,,,,,,,,,[],,,,,,,,,,,,,,,,,,,,,,,,,,,,,,,,,,,,,,,,,,,,,,,,,,,,,,,,,,,,,,,,,,,,,,,,,,,,,,,,,16404,3935712,0,false,false,0,,,,,,,,,,,,,,,,,,,,,,,,,,,,,,,,,,
"2025-09-02 15:13:17.4104312Z","ETW","Microsoft-Antimalware-Engine",111,"Behavior Monitoring BmNotificationHandleStart",16284,10404,"attack.exe",,,,,,,,,,,,,,,,[],,,,,,,,,,,,,,,,,,,,,,,,,,,,,,,,,,,,,,,,,,,,,,,,,,,,,,,,,,,,,,,,,,,,,,,,,,,,,,,,,16404,3935713,0,,,,,,,,,,,,,,,,,,,,,,,,,,,,,,,,,,,,,
"2025-09-02 15:13:17.4104817Z","ETW","Microsoft-Antimalware-Engine",112,"Behavior Monitoring BmNotificationHandleStop",16284,10404,"attack.exe",,,,,,,,,,,,,,,,[],,,,,,,,,,,,,,,,,,,,,,,,,,,,,,,,,,,,,,,,,,,,,,,,,,,,,,,,,,,,,,,,,,,,,,,,,,,,,,,,,16404,3935713,0,false,false,0,,,,,,,,,,,,,,,,,,,,,,,,,,,,,,,,,,
"2025-09-02 15:13:17.4107093Z","ETW","Microsoft-Antimalware-Engine",11,"Behavior Monitoring BmModuleLoad",16284,3012,"attack.exe",,,,"C:\Windows\System32\msvcp_win.dll",,,,,,,,,,,,[],,,,,,,,,,,,,,,,,,,,,,,,,,,,,,,,,,,,,,,,,,,,,,,,,,,,,,,,,,,,,,,,,,,,,,,,,,,,,,,,,,,,,,,,,,,,,,,,,,,,,,,,,,,,,,,,,,,,,,,,
"2025-09-02 15:13:17.4107682Z","ETW","Microsoft-Antimalware-Engine",111,"Behavior Monitoring BmNotificationHandleStart",16284,3012,"attack.exe",,,,,,,,,,,,,,,,[],,,,,,,,,,,,,,,,,,,,,,,,,,,,,,,,,,,,,,,,,,,,,,,,,,,,,,,,,,,,,,,,,,,,,,,,,,,,,,,,,16404,3935714,0,,,,,,,,,,,,,,,,,,,,,,,,,,,,,,,,,,,,,
"2025-09-02 15:13:17.4107882Z","ETW","Microsoft-Windows-Kernel-Process",5,"ImageLoadInfo ",16284,14140,"attack.exe",,,,"C:\Windows\System32\profapi.dll",,,,,,,,,,,,[{"addr":140736918203828,"idx":0},{"addr":140736917192506,"idx":1},{"addr":140736917191278,"idx":2},{"addr":140736917210764,"idx":3},{"addr":140736917201516,"idx":4},{"addr":140736917258922,"idx":5},{"addr":140736916999751,"idx":6},{"addr":140736916785258,"idx":7},{"addr":140736916786774,"idx":8},{"addr":140736917021315,"idx":9},{"addr":140736917023197,"idx":10},{"addr":140736873012562,"idx":11},{"addr":140736873179926,"idx":12},{"addr":140736873033453,"idx":13},{"addr":140736873111828,"idx":14},{"addr":140736872957708,"idx":15},{"addr":140736872946710,"idx":16},{"addr":140736897140436,"idx":17},{"addr":140694710261948,"idx":18},{"addr":140694710272512,"idx":19},{"addr":140736897083607,"idx":20},{"addr":140736916996940,"idx":21}],,,,,,,,,16284,,,,,,,,,,,,,,,,,,,,,,,,,,,,,,,,,,,,2107422311,140736866746368,140736866746368,182967,167936,,,,,,,,,,,,,,,,,,,,,,,,,,,,,,,,,,,,,,,,,,,,,,,,,,,,,,,,,,,,,,,,,,,,,,,
"2025-09-02 15:13:17.4108424Z","ETW","Microsoft-Antimalware-Engine",112,"Behavior Monitoring BmNotificationHandleStop",16284,3012,"attack.exe",,,,,,,,,,,,,,,,[],,,,,,,,,,,,,,,,,,,,,,,,,,,,,,,,,,,,,,,,,,,,,,,,,,,,,,,,,,,,,,,,,,,,,,,,,,,,,,,,,16404,3935714,0,false,false,0,,,,,,,,,,,,,,,,,,,,,,,,,,,,,,,,,,
"2025-09-02 15:13:17.4109578Z","ETW","Microsoft-Antimalware-Engine",11,"Behavior Monitoring BmModuleLoad",16284,22008,"attack.exe",,,,"C:\Windows\System32\profapi.dll",,,,,,,,,,,,[],,,,,,,,,,,,,,,,,,,,,,,,,,,,,,,,,,,,,,,,,,,,,,,,,,,,,,,,,,,,,,,,,,,,,,,,,,,,,,,,,,,,,,,,,,,,,,,,,,,,,,,,,,,,,,,,,,,,,,,,
"2025-09-02 15:13:17.4109963Z","ETW","Microsoft-Antimalware-Engine",111,"Behavior Monitoring BmNotificationHandleStart",16284,22008,"attack.exe",,,,,,,,,,,,,,,,[],,,,,,,,,,,,,,,,,,,,,,,,,,,,,,,,,,,,,,,,,,,,,,,,,,,,,,,,,,,,,,,,,,,,,,,,,,,,,,,,,16404,3935715,0,,,,,,,,,,,,,,,,,,,,,,,,,,,,,,,,,,,,,
"2025-09-02 15:13:17.4110493Z","ETW","Microsoft-Antimalware-Engine",112,"Behavior Monitoring BmNotificationHandleStop",16284,22008,"attack.exe",,,,,,,,,,,,,,,,[],,,,,,,,,,,,,,,,,,,,,,,,,,,,,,,,,,,,,,,,,,,,,,,,,,,,,,,,,,,,,,,,,,,,,,,,,,,,,,,,,16404,3935715,0,false,false,0,,,,,,,,,,,,,,,,,,,,,,,,,,,,,,,,,,
"2025-09-02 15:13:17.4118481Z","ETW","Microsoft-Windows-Kernel-Process",5,"ImageLoadInfo ",16284,14140,"attack.exe",,,,"C:\Windows\System32\windows.storage.dll",,,,,,,,,,,,[{"addr":140736918203828,"idx":0},{"addr":140736917192506,"idx":1},{"addr":140736917191278,"idx":2},{"addr":140736917210764,"idx":3},{"addr":140736917202269,"idx":4},{"addr":140736917259140,"idx":5},{"addr":140736916785248,"idx":6},{"addr":140736916786774,"idx":7},{"addr":140736917021315,"idx":8},{"addr":140736917023197,"idx":9},{"addr":140736642408946,"idx":10},{"addr":140736642296149,"idx":11},{"addr":140736642368554,"idx":12},{"addr":140736873033453,"idx":13},{"addr":140736873111828,"idx":14},{"addr":140736872957708,"idx":15},{"addr":140736872946710,"idx":16},{"addr":140736897140436,"idx":17},{"addr":140694710261948,"idx":18},{"addr":140694710272512,"idx":19},{"addr":140736897083607,"idx":20},{"addr":140736916996940,"idx":21}],,,,,,,,,16284,,,,,,,,,,,,,,,,,,,,,,,,,,,,,,,,,,,,156427775,140736830046208,140736830046208,8870321,8781824,,,,,,,,,,,,,,,,,,,,,,,,,,,,,,,,,,,,,,,,,,,,,,,,,,,,,,,,,,,,,,,,,,,,,,,
"2025-09-02 15:13:17.4120140Z","ETW","Microsoft-Antimalware-Engine",11,"Behavior Monitoring BmModuleLoad",16284,22008,"attack.exe",,,,"C:\Windows\System32\windows.storage.dll",,,,,,,,,,,,[],,,,,,,,,,,,,,,,,,,,,,,,,,,,,,,,,,,,,,,,,,,,,,,,,,,,,,,,,,,,,,,,,,,,,,,,,,,,,,,,,,,,,,,,,,,,,,,,,,,,,,,,,,,,,,,,,,,,,,,,
"2025-09-02 15:13:17.4120477Z","ETW","Microsoft-Antimalware-Engine",111,"Behavior Monitoring BmNotificationHandleStart",16284,22008,"attack.exe",,,,,,,,,,,,,,,,[],,,,,,,,,,,,,,,,,,,,,,,,,,,,,,,,,,,,,,,,,,,,,,,,,,,,,,,,,,,,,,,,,,,,,,,,,,,,,,,,,16404,3935716,0,,,,,,,,,,,,,,,,,,,,,,,,,,,,,,,,,,,,,
"2025-09-02 15:13:17.4120997Z","ETW","Microsoft-Antimalware-Engine",112,"Behavior Monitoring BmNotificationHandleStop",16284,22008,"attack.exe",,,,,,,,,,,,,,,,[],,,,,,,,,,,,,,,,,,,,,,,,,,,,,,,,,,,,,,,,,,,,,,,,,,,,,,,,,,,,,,,,,,,,,,,,,,,,,,,,,16404,3935716,0,false,false,0,,,,,,,,,,,,,,,,,,,,,,,,,,,,,,,,,,
"2025-09-02 15:13:17.4127078Z","ETW","Microsoft-Windows-Kernel-Process",5,"ImageLoadInfo ",16284,14140,"attack.exe",,,,"C:\Windows\System32\SHCore.dll",,,,,,,,,,,,[{"addr":140736918203828,"idx":0},{"addr":140736917192506,"idx":1},{"addr":140736917191278,"idx":2},{"addr":140736917190209,"idx":3},{"addr":140736916804181,"idx":4},{"addr":140736916785218,"idx":5},{"addr":140736916786774,"idx":6},{"addr":140736917021315,"idx":7},{"addr":140736917023197,"idx":8},{"addr":140736832559570,"idx":9},{"addr":140736833622801,"idx":10},{"addr":140736830148899,"idx":11},{"addr":140736830146064,"idx":12},{"addr":140736830152357,"idx":13},{"addr":140736642368554,"idx":14},{"addr":140736873033453,"idx":15},{"addr":140736873111828,"idx":16},{"addr":140736872957708,"idx":17},{"addr":140736872946710,"idx":18},{"addr":140736897140436,"idx":19},{"addr":140694710261948,"idx":20},{"addr":140694710272512,"idx":21},{"addr":140736897083607,"idx":22},{"addr":140736916996940,"idx":23}],,,,,,,,,16284,,,,,,,,,,,,,,,,,,,,,,,,,,,,,,,,,,,,742317482,140736902660096,140736902660096,1049363,1003520,,,,,,,,,,,,,,,,,,,,,,,,,,,,,,,,,,,,,,,,,,,,,,,,,,,,,,,,,,,,,,,,,,,,,,,
"2025-09-02 15:13:17.4128522Z","ETW","Microsoft-Antimalware-Engine",11,"Behavior Monitoring BmModuleLoad",16284,22008,"attack.exe",,,,"C:\Windows\System32\SHCore.dll",,,,,,,,,,,,[],,,,,,,,,,,,,,,,,,,,,,,,,,,,,,,,,,,,,,,,,,,,,,,,,,,,,,,,,,,,,,,,,,,,,,,,,,,,,,,,,,,,,,,,,,,,,,,,,,,,,,,,,,,,,,,,,,,,,,,,
"2025-09-02 15:13:17.4128845Z","ETW","Microsoft-Antimalware-Engine",111,"Behavior Monitoring BmNotificationHandleStart",16284,22008,"attack.exe",,,,,,,,,,,,,,,,[],,,,,,,,,,,,,,,,,,,,,,,,,,,,,,,,,,,,,,,,,,,,,,,,,,,,,,,,,,,,,,,,,,,,,,,,,,,,,,,,,16404,3935717,0,,,,,,,,,,,,,,,,,,,,,,,,,,,,,,,,,,,,,
"2025-09-02 15:13:17.4129289Z","ETW","Microsoft-Antimalware-Engine",112,"Behavior Monitoring BmNotificationHandleStop",16284,22008,"attack.exe",,,,,,,,,,,,,,,,[],,,,,,,,,,,,,,,,,,,,,,,,,,,,,,,,,,,,,,,,,,,,,,,,,,,,,,,,,,,,,,,,,,,,,,,,,,,,,,,,,16404,3935717,0,false,false,0,,,,,,,,,,,,,,,,,,,,,,,,,,,,,,,,,,
"2025-09-02 15:13:17.4133324Z","ETW","Microsoft-Windows-Kernel-Process",5,"ImageLoadInfo ",16284,14140,"attack.exe",,,,"C:\Windows\System32\shlwapi.dll",,,,,,,,,,,,[{"addr":140736918203828,"idx":0},{"addr":140736917192506,"idx":1},{"addr":140736917191278,"idx":2},{"addr":140736917190209,"idx":3},{"addr":140736916804181,"idx":4},{"addr":140736916785218,"idx":5},{"addr":140736916786774,"idx":6},{"addr":140736917021315,"idx":7},{"addr":140736917023197,"idx":8},{"addr":140736832559570,"idx":9},{"addr":140736833643786,"idx":10},{"addr":140736830222801,"idx":11},{"addr":140736830219809,"idx":12},{"addr":140736830220815,"idx":13},{"addr":140736830621837,"idx":14},{"addr":140736830149842,"idx":15},{"addr":140736830146064,"idx":16},{"addr":140736830152357,"idx":17},{"addr":140736642368554,"idx":18},{"addr":140736873033453,"idx":19},{"addr":140736873111828,"idx":20},{"addr":140736872957708,"idx":21},{"addr":140736872946710,"idx":22},{"addr":140736897140436,"idx":23},{"addr":140694710261948,"idx":24},{"addr":140694710272512,"idx":25},{"addr":140736897083607,"idx":26},{"addr":140736916996940,"idx":27}],,,,,,,,,16284,,,,,,,,,,,,,,,,,,,,,,,,,,,,,,,,,,,,17834217,140736890601472,140736890601472,465141,434176,,,,,,,,,,,,,,,,,,,,,,,,,,,,,,,,,,,,,,,,,,,,,,,,,,,,,,,,,,,,,,,,,,,,,,,
"2025-09-02 15:13:17.4134735Z","ETW","Microsoft-Antimalware-Engine",11,"Behavior Monitoring BmModuleLoad",16284,22008,"attack.exe",,,,"C:\Windows\System32\shlwapi.dll",,,,,,,,,,,,[],,,,,,,,,,,,,,,,,,,,,,,,,,,,,,,,,,,,,,,,,,,,,,,,,,,,,,,,,,,,,,,,,,,,,,,,,,,,,,,,,,,,,,,,,,,,,,,,,,,,,,,,,,,,,,,,,,,,,,,,
"2025-09-02 15:13:17.4135017Z","ETW","Microsoft-Antimalware-Engine",111,"Behavior Monitoring BmNotificationHandleStart",16284,22008,"attack.exe",,,,,,,,,,,,,,,,[],,,,,,,,,,,,,,,,,,,,,,,,,,,,,,,,,,,,,,,,,,,,,,,,,,,,,,,,,,,,,,,,,,,,,,,,,,,,,,,,,16404,3935718,0,,,,,,,,,,,,,,,,,,,,,,,,,,,,,,,,,,,,,
"2025-09-02 15:13:17.4135436Z","ETW","Microsoft-Antimalware-Engine",112,"Behavior Monitoring BmNotificationHandleStop",16284,22008,"attack.exe",,,,,,,,,,,,,,,,[],,,,,,,,,,,,,,,,,,,,,,,,,,,,,,,,,,,,,,,,,,,,,,,,,,,,,,,,,,,,,,,,,,,,,,,,,,,,,,,,,16404,3935718,0,false,false,0,,,,,,,,,,,,,,,,,,,,,,,,,,,,,,,,,,
"2025-09-02 15:13:17.4147397Z","ETW","Microsoft-Windows-Kernel-Process",3,"ThreadStartStart ",4,72,"System",,,,,,,,,,,,,,,,[],,,,,,,,,16284,18446639081569951744,18446639081569927168,140736917348896,0,245447827456,13964,245453815808,245453811712,140736917348896,,,,,,,,,,,,,,,,,,,,,,,,,,,,,,,,,,,,,,,,,,,,,,,,,,,,,,,,,,,,,,,,,,,,,,,,,,,,,,,,,,,,,,,,,,,,,,,,,,,,,,
"2025-09-02 15:13:17.4149237Z","ETW","Microsoft-Windows-Kernel-Process",3,"ThreadStartStart ",16284,13964,"attack.exe",,,,,,,,,,,,,,,,[{"addr":140736918214756,"idx":0},{"addr":140736917348769,"idx":1},{"addr":140736917287804,"idx":2},{"addr":140736872903979,"idx":3},{"addr":140736881950301,"idx":4},{"addr":140736882000313,"idx":5},{"addr":140736881999492,"idx":6},{"addr":140736882116440,"idx":7},{"addr":140736882098504,"idx":8},{"addr":140736917358174,"idx":9},{"addr":140736917350275,"idx":10},{"addr":140736897083607,"idx":11},{"addr":140736916996940,"idx":12}],,,,,,,,,16284,18446639081570095104,18446639081570070528,140736917348896,0,245447835648,16196,245454864384,245454860288,140736917348896,,,,,,,,,,,,,,,,,,,,,,,,,,,,,,,,,,,,,,,,,,,,,,,,,,,,,,,,,,,,,,,,,,,,,,,,,,,,,,,,,,,,,,,,,,,,,,,,,,,,,,
"2025-09-02 15:13:17.4153092Z","ETW","Microsoft-Windows-Kernel-Process",3,"ThreadStartStart ",4,72,"System",,,,,,,,,,,,,,,,[],,,,,,,,,5620,18446639081570123776,18446639081570099200,140736917348896,0,395585474560,5016,395587354624,395587321856,140736917348896,,,,,,,,,,,,,,,,,,,,,,,,,,,,,,,,,,,,,,,,,,,,,,,,,,,,,,,,,,,,,,,,,,,,,,,,,,,,,,,,,,,,,,,,,,,,,,,,,,,,,,
"2025-09-02 15:13:17.4155512Z","ETW","Microsoft-Windows-Kernel-Process",3,"ThreadStartStart ",5620,5016,"svchost.exe",,,,,,,,,,,,,,,,[{"addr":140736918216388,"idx":0},{"addr":140736917669762,"idx":1},{"addr":140736882108009,"idx":2},{"addr":140736882120022,"idx":3},{"addr":140736882104053,"idx":4},{"addr":140736882098504,"idx":5},{"addr":140736917358174,"idx":6},{"addr":140736917350275,"idx":7},{"addr":140736897083607,"idx":8},{"addr":140736916996940,"idx":9}],,,,,,,,,5620,18446639081570152448,18446639081570127872,140736917348896,5,395585482752,7296,395587878912,395587846144,140736917348896,,,,,,,,,,,,,,,,,,,,,,,,,,,,,,,,,,,,,,,,,,,,,,,,,,,,,,,,,,,,,,,,,,,,,,,,,,,,,,,,,,,,,,,,,,,,,,,,,,,,,,
"2025-09-02 15:13:17.4156609Z","ETW","Microsoft-Windows-Kernel-Audit-API-Calls",5,"Info ",5620,5016,"svchost.exe",,,,,,,,,,,,,,,,[{"addr":140736918203764,"idx":0},{"addr":140736412694430,"idx":1},{"addr":140736412808384,"idx":2},{"addr":140736412700313,"idx":3},{"addr":140736882620003,"idx":4},{"addr":140736881766629,"idx":5},{"addr":140736882311415,"idx":6},{"addr":140736882088628,"idx":7},{"addr":140736882092154,"idx":8},{"addr":140736882015316,"idx":9},{"addr":140736882081820,"idx":10},{"addr":140736882106396,"idx":11},{"addr":140736882102691,"idx":12},{"addr":140736882098504,"idx":13},{"addr":140736917358174,"idx":14},{"addr":140736917350275,"idx":15},{"addr":140736897083607,"idx":16},{"addr":140736916996940,"idx":17}],,,,,,,,,,,,,,,,,,,1049792,0,16284,,,,,,,,,,,,,,,,,,,,,,,,,,,,,,,,,,,,,,,,,,,,,,,,,,,,,,,,,,,,,,,,,,,,,,,,,,,,,,,,,,,,,,,,,,,,,,,,,,,
"2025-09-02 15:13:17.4157046Z","ETW","Microsoft-Antimalware-Engine",53,"Behavior Monitoring BmOpenProcess",5620,22008,"svchost.exe",,16284,,,,,,,,,,,,,,[],,,,,,,,,,,,,,,,,,,,,,,,,,,,,,,,,,,,,,,,,,,,,,,,,,,,,,,,,,,,,,,,,,,,,,,,1053888,false,,,,,,,,,,,,,,,,,,,,,,,,,,,,,,,,,,,,,,,,,,,,,,,
"2025-09-02 15:13:17.4157693Z","ETW","Microsoft-Windows-Kernel-Process",3,"ThreadStartStart ",2056,7788,"svchost.exe",,,,,,,,,,,,,,,,[{"addr":140736918216388,"idx":0},{"addr":140736917669762,"idx":1},{"addr":140736882108009,"idx":2},{"addr":140736882106619,"idx":3},{"addr":140736882102691,"idx":4},{"addr":140736882098504,"idx":5},{"addr":140736917358174,"idx":6},{"addr":140736917350275,"idx":7},{"addr":140736897083607,"idx":8},{"addr":140736916996940,"idx":9}],,,,,,,,,2056,18446639081570209792,18446639081570185216,140736917348896,209,263973806080,19100,263976910848,263976878080,140736917348896,,,,,,,,,,,,,,,,,,,,,,,,,,,,,,,,,,,,,,,,,,,,,,,,,,,,,,,,,,,,,,,,,,,,,,,,,,,,,,,,,,,,,,,,,,,,,,,,,,,,,,
"2025-09-02 15:13:17.4186097Z","ETW","Microsoft-Windows-Kernel-Process",3,"ThreadStartStart ",5620,5016,"svchost.exe",,,,,,,,,,,,,,,,[{"addr":140736918208964,"idx":0},{"addr":140736872776761,"idx":1},{"addr":140736897102141,"idx":2},{"addr":140736909291405,"idx":3},{"addr":140736909682048,"idx":4},{"addr":140736909569993,"idx":5},{"addr":140736909567266,"idx":6},{"addr":140736910229700,"idx":7},{"addr":140736910858718,"idx":8},{"addr":140736909460923,"idx":9},{"addr":140736909455813,"idx":10},{"addr":140736909134403,"idx":11},{"addr":140736909231120,"idx":12},{"addr":140736909525351,"idx":13},{"addr":140736909523551,"idx":14},{"addr":140736463664388,"idx":15},{"addr":140736463663600,"idx":16},{"addr":140736463660920,"idx":17},{"addr":140736463678114,"idx":18},{"addr":140736463675106,"idx":19},{"addr":140736463587602,"idx":20},{"addr":140736463392418,"idx":21},{"addr":140736463860217,"idx":22},{"addr":140736412809482,"idx":23},{"addr":140736412700313,"idx":24},{"addr":140736882620003,"idx":25},{"addr":140736881766629,"idx":26},{"addr":140736882311415,"idx":27},{"addr":140736882088628,"idx":28},{"addr":140736882092154,"idx":29},{"addr":140736882015316,"idx":30},{"addr":140736882081820,"idx":31},{"addr":140736882106396,"idx":32},{"addr":140736882102691,"idx":33},{"addr":140736882098504,"idx":34},{"addr":140736917358174,"idx":35},{"addr":140736917350275,"idx":36},{"addr":140736897083607,"idx":37},{"addr":140736916996940,"idx":38}],,,,,,,,,5620,18446639081570238464,18446639081570213888,140736910320112,5,395585490944,10076,395588403200,395588370432,140736910320112,,,,,,,,,,,,,,,,,,,,,,,,,,,,,,,,,,,,,,,,,,,,,,,,,,,,,,,,,,,,,,,,,,,,,,,,,,,,,,,,,,,,,,,,,,,,,,,,,,,,,,
"2025-09-02 15:13:17.4187980Z","ETW","Microsoft-Windows-Kernel-Audit-API-Calls",5,"Info ",2828,8368,"svchost.exe",,,,,,,,,,,,,,,,[{"addr":140736918206916,"idx":0},{"addr":140736882337646,"idx":1},{"addr":140736910267593,"idx":2},{"addr":140736627175582,"idx":3},{"addr":140736627576768,"idx":4},{"addr":140736882620003,"idx":5},{"addr":140736882628366,"idx":6},{"addr":140736881847376,"idx":7},{"addr":140736909646499,"idx":8},{"addr":140736909646267,"idx":9},{"addr":140736909643574,"idx":10},{"addr":140736909641089,"idx":11},{"addr":140736910206646,"idx":12},{"addr":140736909298250,"idx":13},{"addr":140736909422200,"idx":14},{"addr":140736909684515,"idx":15},{"addr":140736882311415,"idx":16},{"addr":140736882088628,"idx":17},{"addr":140736882092154,"idx":18},{"addr":140736882015316,"idx":19},{"addr":140736882081820,"idx":20},{"addr":140736882106396,"idx":21},{"addr":140736882102691,"idx":22},{"addr":140736882098504,"idx":23},{"addr":140736917358174,"idx":24},{"addr":140736917350275,"idx":25},{"addr":140736897083607,"idx":26},{"addr":140736916996940,"idx":27}],,,,,,,,,,,,,,,,,,,4096,0,5620,,,,,,,,,,,,,,,,,,,,,,,,,,,,,,,,,,,,,,,,,,,,,,,,,,,,,,,,,,,,,,,,,,,,,,,,,,,,,,,,,,,,,,,,,,,,,,,,,,,
"2025-09-02 15:13:17.4196048Z","ETW","Microsoft-Windows-Kernel-Audit-API-Calls",5,"Info ",2828,8368,"svchost.exe",,,,,,,,,,,,,,,,[{"addr":140736918206916,"idx":0},{"addr":140736882337646,"idx":1},{"addr":140736910267593,"idx":2},{"addr":140736627175582,"idx":3},{"addr":140736627653072,"idx":4},{"addr":140736882620003,"idx":5},{"addr":140736882628366,"idx":6},{"addr":140736881847376,"idx":7},{"addr":140736909646499,"idx":8},{"addr":140736909646267,"idx":9},{"addr":140736909643574,"idx":10},{"addr":140736909641089,"idx":11},{"addr":140736910206646,"idx":12},{"addr":140736909298250,"idx":13},{"addr":140736909422200,"idx":14},{"addr":140736909684515,"idx":15},{"addr":140736882311415,"idx":16},{"addr":140736882088628,"idx":17},{"addr":140736882092154,"idx":18},{"addr":140736882015316,"idx":19},{"addr":140736882081820,"idx":20},{"addr":140736882106396,"idx":21},{"addr":140736882102691,"idx":22},{"addr":140736882098504,"idx":23},{"addr":140736917358174,"idx":24},{"addr":140736917350275,"idx":25},{"addr":140736897083607,"idx":26},{"addr":140736916996940,"idx":27}],,,,,,,,,,,,,,,,,,,4096,0,5620,,,,,,,,,,,,,,,,,,,,,,,,,,,,,,,,,,,,,,,,,,,,,,,,,,,,,,,,,,,,,,,,,,,,,,,,,,,,,,,,,,,,,,,,,,,,,,,,,,,
"2025-09-02 15:13:17.4219778Z","ETW","Microsoft-Windows-Kernel-Process",5,"ImageLoadInfo ",16284,14140,"attack.exe",,,,"C:\Windows\System32\kernel.appcore.dll",,,,,,,,,,,,[{"addr":140736918203828,"idx":0},{"addr":140736917192506,"idx":1},{"addr":140736917191278,"idx":2},{"addr":140736917210764,"idx":3},{"addr":140736917202269,"idx":4},{"addr":140736917259140,"idx":5},{"addr":140736916785248,"idx":6},{"addr":140736916786774,"idx":7},{"addr":140736917021315,"idx":8},{"addr":140736917023197,"idx":9},{"addr":140736642408946,"idx":10},{"addr":140736642294637,"idx":11},{"addr":140736642385078,"idx":12},{"addr":140736642315924,"idx":13},{"addr":140736642305393,"idx":14},{"addr":140736642369428,"idx":15},{"addr":140736642369278,"idx":16},{"addr":140736873033577,"idx":17},{"addr":140736873111828,"idx":18},{"addr":140736872957708,"idx":19},{"addr":140736872946710,"idx":20},{"addr":140736897140436,"idx":21},{"addr":140694710261948,"idx":22},{"addr":140694710272512,"idx":23},{"addr":140736897083607,"idx":24},{"addr":140736916996940,"idx":25}],,,,,,,,,16284,,,,,,,,,,,,,,,,,,,,,,,,,,,,,,,,,,,,4117383687,140736848265216,140736848265216,158572,110592,,,,,,,,,,,,,,,,,,,,,,,,,,,,,,,,,,,,,,,,,,,,,,,,,,,,,,,,,,,,,,,,,,,,,,,
"2025-09-02 15:13:17.4221291Z","ETW","Microsoft-Antimalware-Engine",11,"Behavior Monitoring BmModuleLoad",16284,22008,"attack.exe",,,,"C:\Windows\System32\kernel.appcore.dll",,,,,,,,,,,,[],,,,,,,,,,,,,,,,,,,,,,,,,,,,,,,,,,,,,,,,,,,,,,,,,,,,,,,,,,,,,,,,,,,,,,,,,,,,,,,,,,,,,,,,,,,,,,,,,,,,,,,,,,,,,,,,,,,,,,,,
"2025-09-02 15:13:17.4221597Z","ETW","Microsoft-Antimalware-Engine",111,"Behavior Monitoring BmNotificationHandleStart",16284,22008,"attack.exe",,,,,,,,,,,,,,,,[],,,,,,,,,,,,,,,,,,,,,,,,,,,,,,,,,,,,,,,,,,,,,,,,,,,,,,,,,,,,,,,,,,,,,,,,,,,,,,,,,16404,3935720,0,,,,,,,,,,,,,,,,,,,,,,,,,,,,,,,,,,,,,
"2025-09-02 15:13:17.4222043Z","ETW","Microsoft-Antimalware-Engine",112,"Behavior Monitoring BmNotificationHandleStop",16284,22008,"attack.exe",,,,,,,,,,,,,,,,[],,,,,,,,,,,,,,,,,,,,,,,,,,,,,,,,,,,,,,,,,,,,,,,,,,,,,,,,,,,,,,,,,,,,,,,,,,,,,,,,,16404,3935720,0,false,false,0,,,,,,,,,,,,,,,,,,,,,,,,,,,,,,,,,,
"2025-09-02 15:13:17.4224228Z","ETW","Microsoft-Windows-Kernel-Process",5,"ImageLoadInfo ",16284,14140,"attack.exe",,,,"C:\Windows\System32\daxexec.dll",,,,,,,,,,,,[{"addr":140736918203828,"idx":0},{"addr":140736917192506,"idx":1},{"addr":140736917191278,"idx":2},{"addr":140736917210764,"idx":3},{"addr":140736917202269,"idx":4},{"addr":140736917259140,"idx":5},{"addr":140736916785248,"idx":6},{"addr":140736916786774,"idx":7},{"addr":140736917021315,"idx":8},{"addr":140736917023197,"idx":9},{"addr":140736642408946,"idx":10},{"addr":140736642294969,"idx":11},{"addr":140736642385222,"idx":12},{"addr":140736642315924,"idx":13},{"addr":140736642305393,"idx":14},{"addr":140736642369428,"idx":15},{"addr":140736642369278,"idx":16},{"addr":140736873033577,"idx":17},{"addr":140736873111828,"idx":18},{"addr":140736872957708,"idx":19},{"addr":140736872946710,"idx":20},{"addr":140736897140436,"idx":21},{"addr":140694710261948,"idx":22},{"addr":140694710272512,"idx":23},{"addr":140736897083607,"idx":24},{"addr":140736916996940,"idx":25}],,,,,,,,,16284,,,,,,,,,,,,,,,,,,,,,,,,,,,,,,,,,,,,3297246250,140736463241216,140736463241216,1178528,1167360,,,,,,,,,,,,,,,,,,,,,,,,,,,,,,,,,,,,,,,,,,,,,,,,,,,,,,,,,,,,,,,,,,,,,,,
"2025-09-02 15:13:17.4225526Z","ETW","Microsoft-Windows-Kernel-Process",5,"ImageLoadInfo ",16284,14140,"attack.exe",,,,"C:\Windows\System32\oleaut32.dll",,,,,,,,,,,,[{"addr":140736918203828,"idx":0},{"addr":140736917192506,"idx":1},{"addr":140736917191278,"idx":2},{"addr":140736917190209,"idx":3},{"addr":140736916798526,"idx":4},{"addr":140736916790798,"idx":5},{"addr":140736917191656,"idx":6},{"addr":140736917210764,"idx":7},{"addr":140736917202269,"idx":8},{"addr":140736917259140,"idx":9},{"addr":140736916785248,"idx":10},{"addr":140736916786774,"idx":11},{"addr":140736917021315,"idx":12},{"addr":140736917023197,"idx":13},{"addr":140736642408946,"idx":14},{"addr":140736642294969,"idx":15},{"addr":140736642385222,"idx":16},{"addr":140736642315924,"idx":17},{"addr":140736642305393,"idx":18},{"addr":140736642369428,"idx":19},{"addr":140736642369278,"idx":20},{"addr":140736873033577,"idx":21},{"addr":140736873111828,"idx":22},{"addr":140736872957708,"idx":23},{"addr":140736872946710,"idx":24},{"addr":140736897140436,"idx":25},{"addr":140694710261948,"idx":26},{"addr":140694710272512,"idx":27},{"addr":140736897083607,"idx":28},{"addr":140736916996940,"idx":29}],,,,,,,,,16284,,,,,,,,,,,,,,,,,,,,,,,,,,,,,,,,,,,,2785821912,140736894861312,140736894861312,927709,917504,,,,,,,,,,,,,,,,,,,,,,,,,,,,,,,,,,,,,,,,,,,,,,,,,,,,,,,,,,,,,,,,,,,,,,,
"2025-09-02 15:13:17.4225581Z","ETW","Microsoft-Antimalware-Engine",11,"Behavior Monitoring BmModuleLoad",16284,22008,"attack.exe",,,,"C:\Windows\System32\daxexec.dll",,,,,,,,,,,,[],,,,,,,,,,,,,,,,,,,,,,,,,,,,,,,,,,,,,,,,,,,,,,,,,,,,,,,,,,,,,,,,,,,,,,,,,,,,,,,,,,,,,,,,,,,,,,,,,,,,,,,,,,,,,,,,,,,,,,,,
"2025-09-02 15:13:17.4225964Z","ETW","Microsoft-Antimalware-Engine",111,"Behavior Monitoring BmNotificationHandleStart",16284,22008,"attack.exe",,,,,,,,,,,,,,,,[],,,,,,,,,,,,,,,,,,,,,,,,,,,,,,,,,,,,,,,,,,,,,,,,,,,,,,,,,,,,,,,,,,,,,,,,,,,,,,,,,16404,3935721,0,,,,,,,,,,,,,,,,,,,,,,,,,,,,,,,,,,,,,
"2025-09-02 15:13:17.4226376Z","ETW","Microsoft-Antimalware-Engine",112,"Behavior Monitoring BmNotificationHandleStop",16284,22008,"attack.exe",,,,,,,,,,,,,,,,[],,,,,,,,,,,,,,,,,,,,,,,,,,,,,,,,,,,,,,,,,,,,,,,,,,,,,,,,,,,,,,,,,,,,,,,,,,,,,,,,,16404,3935721,0,false,false,0,,,,,,,,,,,,,,,,,,,,,,,,,,,,,,,,,,
"2025-09-02 15:13:17.4228774Z","ETW","Microsoft-Antimalware-Engine",11,"Behavior Monitoring BmModuleLoad",16284,22008,"attack.exe",,,,"C:\Windows\System32\oleaut32.dll",,,,,,,,,,,,[],,,,,,,,,,,,,,,,,,,,,,,,,,,,,,,,,,,,,,,,,,,,,,,,,,,,,,,,,,,,,,,,,,,,,,,,,,,,,,,,,,,,,,,,,,,,,,,,,,,,,,,,,,,,,,,,,,,,,,,,
"2025-09-02 15:13:17.4229088Z","ETW","Microsoft-Antimalware-Engine",111,"Behavior Monitoring BmNotificationHandleStart",16284,22008,"attack.exe",,,,,,,,,,,,,,,,[],,,,,,,,,,,,,,,,,,,,,,,,,,,,,,,,,,,,,,,,,,,,,,,,,,,,,,,,,,,,,,,,,,,,,,,,,,,,,,,,,16404,3935722,0,,,,,,,,,,,,,,,,,,,,,,,,,,,,,,,,,,,,,
"2025-09-02 15:13:17.4229108Z","ETW","Microsoft-Windows-Kernel-Process",5,"ImageLoadInfo ",16284,1212,"attack.exe",,,,"C:\Windows\System32\container.dll",,,,,,,,,,,,[{"addr":140736918203828,"idx":0},{"addr":140736917192506,"idx":1},{"addr":140736917191278,"idx":2},{"addr":140736917210764,"idx":3},{"addr":140736917201516,"idx":4},{"addr":140736917258922,"idx":5},{"addr":140736917255216,"idx":6},{"addr":140736917350945,"idx":7},{"addr":140736897083607,"idx":8},{"addr":140736916996940,"idx":9}],,,,,,,,,16284,,,,,,,,,,,,,,,,,,,,,,,,,,,,,,,,,,,,3018652036,140736462848000,140736462848000,343493,335872,,,,,,,,,,,,,,,,,,,,,,,,,,,,,,,,,,,,,,,,,,,,,,,,,,,,,,,,,,,,,,,,,,,,,,,
"2025-09-02 15:13:17.4229542Z","ETW","Microsoft-Antimalware-Engine",112,"Behavior Monitoring BmNotificationHandleStop",16284,22008,"attack.exe",,,,,,,,,,,,,,,,[],,,,,,,,,,,,,,,,,,,,,,,,,,,,,,,,,,,,,,,,,,,,,,,,,,,,,,,,,,,,,,,,,,,,,,,,,,,,,,,,,16404,3935722,0,false,false,0,,,,,,,,,,,,,,,,,,,,,,,,,,,,,,,,,,
"2025-09-02 15:13:17.4230371Z","ETW","Microsoft-Antimalware-Engine",11,"Behavior Monitoring BmModuleLoad",16284,3012,"attack.exe",,,,"C:\Windows\System32\container.dll",,,,,,,,,,,,[],,,,,,,,,,,,,,,,,,,,,,,,,,,,,,,,,,,,,,,,,,,,,,,,,,,,,,,,,,,,,,,,,,,,,,,,,,,,,,,,,,,,,,,,,,,,,,,,,,,,,,,,,,,,,,,,,,,,,,,,
"2025-09-02 15:13:17.4230564Z","ETW","Microsoft-Antimalware-Engine",111,"Behavior Monitoring BmNotificationHandleStart",16284,22008,"attack.exe",,,,,,,,,,,,,,,,[],,,,,,,,,,,,,,,,,,,,,,,,,,,,,,,,,,,,,,,,,,,,,,,,,,,,,,,,,,,,,,,,,,,,,,,,,,,,,,,,,16404,3935723,0,,,,,,,,,,,,,,,,,,,,,,,,,,,,,,,,,,,,,
"2025-09-02 15:13:17.4231017Z","ETW","Microsoft-Antimalware-Engine",112,"Behavior Monitoring BmNotificationHandleStop",16284,22008,"attack.exe",,,,,,,,,,,,,,,,[],,,,,,,,,,,,,,,,,,,,,,,,,,,,,,,,,,,,,,,,,,,,,,,,,,,,,,,,,,,,,,,,,,,,,,,,,,,,,,,,,16404,3935723,0,false,false,0,,,,,,,,,,,,,,,,,,,,,,,,,,,,,,,,,,
"2025-09-02 15:13:17.4237989Z","ETW","Microsoft-Windows-Kernel-Process",5,"ImageLoadInfo ",16284,14140,"attack.exe",,,,"C:\Windows\System32\bcryptprimitives.dll",,,,,,,,,,,,[{"addr":140736918203828,"idx":0},{"addr":140736917192506,"idx":1},{"addr":140736917191278,"idx":2},{"addr":140736917190209,"idx":3},{"addr":140736916804181,"idx":4},{"addr":140736916785218,"idx":5},{"addr":140736916786774,"idx":6},{"addr":140736917021315,"idx":7},{"addr":140736917023197,"idx":8},{"addr":140736882386290,"idx":9},{"addr":140736882460095,"idx":10},{"addr":140736881997317,"idx":11},{"addr":140736909937766,"idx":12},{"addr":140736909936267,"idx":13},{"addr":140736909935376,"idx":14},{"addr":140736909934840,"idx":15},{"addr":140736909929135,"idx":16},{"addr":140736909926457,"idx":17},{"addr":140736463585490,"idx":18},{"addr":140736463587575,"idx":19},{"addr":140736463404699,"idx":20},{"addr":140736642385222,"idx":21},{"addr":140736642315924,"idx":22},{"addr":140736642305393,"idx":23},{"addr":140736642369428,"idx":24},{"addr":140736642369278,"idx":25},{"addr":140736873033577,"idx":26},{"addr":140736873111828,"idx":27},{"addr":140736872957708,"idx":28},{"addr":140736872946710,"idx":29},{"addr":140736897140436,"idx":30},{"addr":140694710261948,"idx":31},{"addr":140694710272512,"idx":32},{"addr":140736897083607,"idx":33},{"addr":140736916996940,"idx":34}],,,,,,,,,16284,,,,,,,,,,,,,,,,,,,,,,,,,,,,,,,,,,,,3318233078,140736867663872,140736867663872,705120,626688,,,,,,,,,,,,,,,,,,,,,,,,,,,,,,,,,,,,,,,,,,,,,,,,,,,,,,,,,,,,,,,,,,,,,,,
"2025-09-02 15:13:17.4239300Z","ETW","Microsoft-Antimalware-Engine",11,"Behavior Monitoring BmModuleLoad",16284,3012,"attack.exe",,,,"C:\Windows\System32\bcryptprimitives.dll",,,,,,,,,,,,[],,,,,,,,,,,,,,,,,,,,,,,,,,,,,,,,,,,,,,,,,,,,,,,,,,,,,,,,,,,,,,,,,,,,,,,,,,,,,,,,,,,,,,,,,,,,,,,,,,,,,,,,,,,,,,,,,,,,,,,,
"2025-09-02 15:13:17.4239559Z","ETW","Microsoft-Antimalware-Engine",111,"Behavior Monitoring BmNotificationHandleStart",16284,3012,"attack.exe",,,,,,,,,,,,,,,,[],,,,,,,,,,,,,,,,,,,,,,,,,,,,,,,,,,,,,,,,,,,,,,,,,,,,,,,,,,,,,,,,,,,,,,,,,,,,,,,,,16404,3935724,0,,,,,,,,,,,,,,,,,,,,,,,,,,,,,,,,,,,,,
"2025-09-02 15:13:17.4240343Z","ETW","Microsoft-Antimalware-Engine",112,"Behavior Monitoring BmNotificationHandleStop",16284,3012,"attack.exe",,,,,,,,,,,,,,,,[],,,,,,,,,,,,,,,,,,,,,,,,,,,,,,,,,,,,,,,,,,,,,,,,,,,,,,,,,,,,,,,,,,,,,,,,,,,,,,,,,16404,3935724,0,false,false,0,,,,,,,,,,,,,,,,,,,,,,,,,,,,,,,,,,
"2025-09-02 15:13:17.4243735Z","ETW","Microsoft-Windows-Kernel-Process",5,"ImageLoadInfo ",16284,14140,"attack.exe",,,,"C:\Windows\System32\clbcatq.dll",,,,,,,,,,,,[{"addr":140736918203828,"idx":0},{"addr":140736917192506,"idx":1},{"addr":140736917191278,"idx":2},{"addr":140736917190209,"idx":3},{"addr":140736916804181,"idx":4},{"addr":140736916785218,"idx":5},{"addr":140736916786774,"idx":6},{"addr":140736917021315,"idx":7},{"addr":140736917023197,"idx":8},{"addr":140736910389554,"idx":9},{"addr":140736910688281,"idx":10},{"addr":140736910347186,"idx":11},{"addr":140736911036234,"idx":12},{"addr":140736909566763,"idx":13},{"addr":140736909524306,"idx":14},{"addr":140736909523551,"idx":15},{"addr":140736463664388,"idx":16},{"addr":140736463663600,"idx":17},{"addr":140736463660920,"idx":18},{"addr":140736463678114,"idx":19},{"addr":140736463675106,"idx":20},{"addr":140736463587602,"idx":21},{"addr":140736463404699,"idx":22},{"addr":140736642385222,"idx":23},{"addr":140736642315924,"idx":24},{"addr":140736642305393,"idx":25},{"addr":140736642369428,"idx":26},{"addr":140736642369278,"idx":27},{"addr":140736873033577,"idx":28},{"addr":140736873111828,"idx":29},{"addr":140736872957708,"idx":30},{"addr":140736872946710,"idx":31},{"addr":140736897140436,"idx":32},{"addr":140694710261948,"idx":33},{"addr":140694710272512,"idx":34},{"addr":140736897083607,"idx":35},{"addr":140736916996940,"idx":36}],,,,,,,,,16284,,,,,,,,,,,,,,,,,,,,,,,,,,,,,,,,,,,,1600192633,140736892108800,140736892108800,700133,688128,,,,,,,,,,,,,,,,,,,,,,,,,,,,,,,,,,,,,,,,,,,,,,,,,,,,,,,,,,,,,,,,,,,,,,,
"2025-09-02 15:13:17.4245040Z","ETW","Microsoft-Antimalware-Engine",11,"Behavior Monitoring BmModuleLoad",16284,3012,"attack.exe",,,,"C:\Windows\System32\clbcatq.dll",,,,,,,,,,,,[],,,,,,,,,,,,,,,,,,,,,,,,,,,,,,,,,,,,,,,,,,,,,,,,,,,,,,,,,,,,,,,,,,,,,,,,,,,,,,,,,,,,,,,,,,,,,,,,,,,,,,,,,,,,,,,,,,,,,,,,
"2025-09-02 15:13:17.4245289Z","ETW","Microsoft-Antimalware-Engine",111,"Behavior Monitoring BmNotificationHandleStart",16284,3012,"attack.exe",,,,,,,,,,,,,,,,[],,,,,,,,,,,,,,,,,,,,,,,,,,,,,,,,,,,,,,,,,,,,,,,,,,,,,,,,,,,,,,,,,,,,,,,,,,,,,,,,,16404,3935725,0,,,,,,,,,,,,,,,,,,,,,,,,,,,,,,,,,,,,,
"2025-09-02 15:13:17.4245728Z","ETW","Microsoft-Antimalware-Engine",112,"Behavior Monitoring BmNotificationHandleStop",16284,3012,"attack.exe",,,,,,,,,,,,,,,,[],,,,,,,,,,,,,,,,,,,,,,,,,,,,,,,,,,,,,,,,,,,,,,,,,,,,,,,,,,,,,,,,,,,,,,,,,,,,,,,,,16404,3935725,0,false,false,0,,,,,,,,,,,,,,,,,,,,,,,,,,,,,,,,,,
"2025-09-02 15:13:17.4253726Z","ETW","Microsoft-Windows-Kernel-Audit-API-Calls",5,"Info ",528,11704,"svchost.exe",,,,,,,,,,,,,,,,[{"addr":140736918203764,"idx":0},{"addr":140736872731894,"idx":1},{"addr":140736829045620,"idx":2},{"addr":140736829045555,"idx":3},{"addr":140736882620003,"idx":4},{"addr":140736881849533,"idx":5},{"addr":140736881848122,"idx":6},{"addr":140736882311415,"idx":7},{"addr":140736882088628,"idx":8},{"addr":140736882092744,"idx":9},{"addr":140736882015316,"idx":10},{"addr":140736882081820,"idx":11},{"addr":140736882106396,"idx":12},{"addr":140736882102691,"idx":13},{"addr":140736882098504,"idx":14},{"addr":140736917358174,"idx":15},{"addr":140736917350275,"idx":16},{"addr":140736897083607,"idx":17},{"addr":140736916996940,"idx":18}],,,,,,,,,,,,,,,,,,,4096,0,16284,,,,,,,,,,,,,,,,,,,,,,,,,,,,,,,,,,,,,,,,,,,,,,,,,,,,,,,,,,,,,,,,,,,,,,,,,,,,,,,,,,,,,,,,,,,,,,,,,,,
"2025-09-02 15:13:17.4253967Z","ETW","Microsoft-Windows-Kernel-Audit-API-Calls",5,"Info ",944,17404,"svchost.exe",,,,,,,,,,,,,,,,[{"addr":140736918206916,"idx":0},{"addr":140736882337646,"idx":1},{"addr":140736828644345,"idx":2},{"addr":140736828636082,"idx":3},{"addr":140736882620003,"idx":4},{"addr":140736881849533,"idx":5},{"addr":140736881848122,"idx":6},{"addr":140736882311415,"idx":7},{"addr":140736882088628,"idx":8},{"addr":140736882092744,"idx":9},{"addr":140736882015316,"idx":10},{"addr":140736882081820,"idx":11},{"addr":140736882106396,"idx":12},{"addr":140736882102691,"idx":13},{"addr":140736882098504,"idx":14},{"addr":140736917358174,"idx":15},{"addr":140736917350275,"idx":16},{"addr":140736897083607,"idx":17},{"addr":140736916996940,"idx":18}],,,,,,,,,,,,,,,,,,,1048576,0,16284,,,,,,,,,,,,,,,,,,,,,,,,,,,,,,,,,,,,,,,,,,,,,,,,,,,,,,,,,,,,,,,,,,,,,,,,,,,,,,,,,,,,,,,,,,,,,,,,,,,
"2025-09-02 15:13:17.4260798Z","ETW","Microsoft-Windows-Kernel-Process",3,"ThreadStartStart ",16284,14140,"attack.exe",,,,,,,,,,,,,,,,[{"addr":140736918208964,"idx":0},{"addr":140736872776761,"idx":1},{"addr":140736897102141,"idx":2},{"addr":140736909291405,"idx":3},{"addr":140736909289761,"idx":4},{"addr":140736909471518,"idx":5},{"addr":140736909472222,"idx":6},{"addr":140736909469257,"idx":7},{"addr":140736909469042,"idx":8},{"addr":140736909468649,"idx":9},{"addr":140736909472335,"idx":10},{"addr":140736909678884,"idx":11},{"addr":140736909678529,"idx":12},{"addr":140736909281945,"idx":13},{"addr":140736909357884,"idx":14},{"addr":140736909344686,"idx":15},{"addr":140736909231063,"idx":16},{"addr":140736909525351,"idx":17},{"addr":140736909523551,"idx":18},{"addr":140736463664388,"idx":19},{"addr":140736463663600,"idx":20},{"addr":140736463660920,"idx":21},{"addr":140736463678114,"idx":22},{"addr":140736463675106,"idx":23},{"addr":140736463587602,"idx":24},{"addr":140736463404699,"idx":25},{"addr":140736642385222,"idx":26},{"addr":140736642315924,"idx":27},{"addr":140736642305393,"idx":28},{"addr":140736642369428,"idx":29},{"addr":140736642369278,"idx":30},{"addr":140736873033577,"idx":31},{"addr":140736873111828,"idx":32},{"addr":140736872957708,"idx":33},{"addr":140736872946710,"idx":34},{"addr":140736897140436,"idx":35},{"addr":140694710261948,"idx":36},{"addr":140694710272512,"idx":37},{"addr":140736897083607,"idx":38},{"addr":140736916996940,"idx":39}],,,,,,,,,16284,18446639081569665024,18446639081569640448,140736910320112,0,245447843840,15704,245455912960,245455904768,140736910320112,,,,,,,,,,,,,,,,,,,,,,,,,,,,,,,,,,,,,,,,,,,,,,,,,,,,,,,,,,,,,,,,,,,,,,,,,,,,,,,,,,,,,,,,,,,,,,,,,,,,,,
"2025-09-02 15:13:17.4279596Z","ETW","Microsoft-Windows-Kernel-Process",5,"ImageLoadInfo ",16284,14140,"attack.exe",,,,"C:\Windows\System32\Windows.StateRepositoryPS.dll",,,,,,,,,,,,[{"addr":140736918203828,"idx":0},{"addr":140736917192506,"idx":1},{"addr":140736917191278,"idx":2},{"addr":140736917210764,"idx":3},{"addr":140736917202269,"idx":4},{"addr":140736917259140,"idx":5},{"addr":140736916785248,"idx":6},{"addr":140736916784352,"idx":7},{"addr":140736917101952,"idx":8},{"addr":140736872000198,"idx":9},{"addr":140736909363845,"idx":10},{"addr":140736909362547,"idx":11},{"addr":140736909360794,"idx":12},{"addr":140736909561496,"idx":13},{"addr":140736909365281,"idx":14},{"addr":140736909339322,"idx":15},{"addr":140736909195691,"idx":16},{"addr":140736909191304,"idx":17},{"addr":140736909568050,"idx":18},{"addr":140736909567049,"idx":19},{"addr":140736910229700,"idx":20},{"addr":140736910858718,"idx":21},{"addr":140736909460923,"idx":22},{"addr":140736909455813,"idx":23},{"addr":140736909134403,"idx":24},{"addr":140736909231120,"idx":25},{"addr":140736909525351,"idx":26},{"addr":140736909523551,"idx":27},{"addr":140736463664388,"idx":28},{"addr":140736463663600,"idx":29},{"addr":140736463660920,"idx":30},{"addr":140736463678114,"idx":31},{"addr":140736463675106,"idx":32},{"addr":140736463587602,"idx":33},{"addr":140736463404699,"idx":34},{"addr":140736642385222,"idx":35},{"addr":140736642315924,"idx":36},{"addr":140736642305393,"idx":37},{"addr":140736642369428,"idx":38},{"addr":140736642369278,"idx":39},{"addr":140736873033577,"idx":40},{"addr":140736873111828,"idx":41},{"addr":140736872957708,"idx":42},{"addr":140736872946710,"idx":43},{"addr":140736897140436,"idx":44},{"addr":140694710261948,"idx":45},{"addr":140694710272512,"idx":46},{"addr":140736897083607,"idx":47},{"addr":140736916996940,"idx":48}],,,,,,,,,16284,,,,,,,,,,,,,,,,,,,,,,,,,,,,,,,,,,,,367497931,140736602963968,140736602963968,846822,802816,,,,,,,,,,,,,,,,,,,,,,,,,,,,,,,,,,,,,,,,,,,,,,,,,,,,,,,,,,,,,,,,,,,,,,,
"2025-09-02 15:13:17.4281337Z","ETW","Microsoft-Antimalware-Engine",11,"Behavior Monitoring BmModuleLoad",16284,3012,"attack.exe",,,,"C:\Windows\System32\Windows.StateRepositoryPS.dll",,,,,,,,,,,,[],,,,,,,,,,,,,,,,,,,,,,,,,,,,,,,,,,,,,,,,,,,,,,,,,,,,,,,,,,,,,,,,,,,,,,,,,,,,,,,,,,,,,,,,,,,,,,,,,,,,,,,,,,,,,,,,,,,,,,,,
"2025-09-02 15:13:17.4281634Z","ETW","Microsoft-Antimalware-Engine",111,"Behavior Monitoring BmNotificationHandleStart",16284,3012,"attack.exe",,,,,,,,,,,,,,,,[],,,,,,,,,,,,,,,,,,,,,,,,,,,,,,,,,,,,,,,,,,,,,,,,,,,,,,,,,,,,,,,,,,,,,,,,,,,,,,,,,16404,3935726,0,,,,,,,,,,,,,,,,,,,,,,,,,,,,,,,,,,,,,
"2025-09-02 15:13:17.4282147Z","ETW","Microsoft-Antimalware-Engine",112,"Behavior Monitoring BmNotificationHandleStop",16284,3012,"attack.exe",,,,,,,,,,,,,,,,[],,,,,,,,,,,,,,,,,,,,,,,,,,,,,,,,,,,,,,,,,,,,,,,,,,,,,,,,,,,,,,,,,,,,,,,,,,,,,,,,,16404,3935726,0,false,false,0,,,,,,,,,,,,,,,,,,,,,,,,,,,,,,,,,,
"2025-09-02 15:13:17.4285266Z","ETW","Microsoft-Windows-Kernel-Audit-API-Calls",5,"Info ",2828,1056,"svchost.exe",,,,,,,,,,,,,,,,[{"addr":140736918206916,"idx":0},{"addr":140736882337646,"idx":1},{"addr":140736910267593,"idx":2},{"addr":140736627175582,"idx":3},{"addr":140736627576768,"idx":4},{"addr":140736882620003,"idx":5},{"addr":140736882628366,"idx":6},{"addr":140736881847376,"idx":7},{"addr":140736909646499,"idx":8},{"addr":140736909646267,"idx":9},{"addr":140736909643574,"idx":10},{"addr":140736909641089,"idx":11},{"addr":140736910206646,"idx":12},{"addr":140736909298250,"idx":13},{"addr":140736909422200,"idx":14},{"addr":140736909684515,"idx":15},{"addr":140736882311415,"idx":16},{"addr":140736882088628,"idx":17},{"addr":140736882092154,"idx":18},{"addr":140736882015316,"idx":19},{"addr":140736882081820,"idx":20},{"addr":140736882106396,"idx":21},{"addr":140736882102691,"idx":22},{"addr":140736882098504,"idx":23},{"addr":140736917358174,"idx":24},{"addr":140736917350275,"idx":25},{"addr":140736897083607,"idx":26},{"addr":140736916996940,"idx":27}],,,,,,,,,,,,,,,,,,,4096,0,16284,,,,,,,,,,,,,,,,,,,,,,,,,,,,,,,,,,,,,,,,,,,,,,,,,,,,,,,,,,,,,,,,,,,,,,,,,,,,,,,,,,,,,,,,,,,,,,,,,,,
"2025-09-02 15:13:17.4296232Z","ETW","Microsoft-Windows-Kernel-Audit-API-Calls",5,"Info ",2828,1056,"svchost.exe",,,,,,,,,,,,,,,,[{"addr":140736918206916,"idx":0},{"addr":140736882337646,"idx":1},{"addr":140736910267593,"idx":2},{"addr":140736627175582,"idx":3},{"addr":140736627653072,"idx":4},{"addr":140736882620003,"idx":5},{"addr":140736882628366,"idx":6},{"addr":140736881847376,"idx":7},{"addr":140736909646499,"idx":8},{"addr":140736909646267,"idx":9},{"addr":140736909643574,"idx":10},{"addr":140736909641089,"idx":11},{"addr":140736910206646,"idx":12},{"addr":140736909298250,"idx":13},{"addr":140736909422200,"idx":14},{"addr":140736909684515,"idx":15},{"addr":140736882311415,"idx":16},{"addr":140736882088628,"idx":17},{"addr":140736882092154,"idx":18},{"addr":140736882015316,"idx":19},{"addr":140736882081820,"idx":20},{"addr":140736882106396,"idx":21},{"addr":140736882102691,"idx":22},{"addr":140736882098504,"idx":23},{"addr":140736917358174,"idx":24},{"addr":140736917350275,"idx":25},{"addr":140736897083607,"idx":26},{"addr":140736916996940,"idx":27}],,,,,,,,,,,,,,,,,,,4096,0,16284,,,,,,,,,,,,,,,,,,,,,,,,,,,,,,,,,,,,,,,,,,,,,,,,,,,,,,,,,,,,,,,,,,,,,,,,,,,,,,,,,,,,,,,,,,,,,,,,,,,
"2025-09-02 15:13:17.4304337Z","ETW","Microsoft-Windows-Kernel-Process",5,"ImageLoadInfo ",16284,14140,"attack.exe",,,,"C:\Windows\System32\AppxAllUserStore.dll",,,,,,,,,,,,[{"addr":140736918203828,"idx":0},{"addr":140736917192506,"idx":1},{"addr":140736917191278,"idx":2},{"addr":140736917210764,"idx":3},{"addr":140736917201516,"idx":4},{"addr":140736917258922,"idx":5},{"addr":140736916785248,"idx":6},{"addr":140736916786774,"idx":7},{"addr":140736917021315,"idx":8},{"addr":140736917023197,"idx":9},{"addr":140736463975010,"idx":10},{"addr":140736463272218,"idx":11},{"addr":140736463679411,"idx":12},{"addr":140736463587853,"idx":13},{"addr":140736463404699,"idx":14},{"addr":140736642385222,"idx":15},{"addr":140736642315924,"idx":16},{"addr":140736642305393,"idx":17},{"addr":140736642369428,"idx":18},{"addr":140736642369278,"idx":19},{"addr":140736873033577,"idx":20},{"addr":140736873111828,"idx":21},{"addr":140736872957708,"idx":22},{"addr":140736872946710,"idx":23},{"addr":140736897140436,"idx":24},{"addr":140694710261948,"idx":25},{"addr":140694710272512,"idx":26},{"addr":140736897083607,"idx":27},{"addr":140736916996940,"idx":28}],,,,,,,,,16284,,,,,,,,,,,,,,,,,,,,,,,,,,,,,,,,,,,,1393382888,140736502038528,140736502038528,527433,462848,,,,,,,,,,,,,,,,,,,,,,,,,,,,,,,,,,,,,,,,,,,,,,,,,,,,,,,,,,,,,,,,,,,,,,,
"2025-09-02 15:13:17.4305865Z","ETW","Microsoft-Antimalware-Engine",11,"Behavior Monitoring BmModuleLoad",16284,3012,"attack.exe",,,,"C:\Windows\System32\AppxAllUserStore.dll",,,,,,,,,,,,[],,,,,,,,,,,,,,,,,,,,,,,,,,,,,,,,,,,,,,,,,,,,,,,,,,,,,,,,,,,,,,,,,,,,,,,,,,,,,,,,,,,,,,,,,,,,,,,,,,,,,,,,,,,,,,,,,,,,,,,,
"2025-09-02 15:13:17.4306192Z","ETW","Microsoft-Antimalware-Engine",111,"Behavior Monitoring BmNotificationHandleStart",16284,3012,"attack.exe",,,,,,,,,,,,,,,,[],,,,,,,,,,,,,,,,,,,,,,,,,,,,,,,,,,,,,,,,,,,,,,,,,,,,,,,,,,,,,,,,,,,,,,,,,,,,,,,,,16404,3935727,0,,,,,,,,,,,,,,,,,,,,,,,,,,,,,,,,,,,,,
"2025-09-02 15:13:17.4306669Z","ETW","Microsoft-Antimalware-Engine",112,"Behavior Monitoring BmNotificationHandleStop",16284,3012,"attack.exe",,,,,,,,,,,,,,,,[],,,,,,,,,,,,,,,,,,,,,,,,,,,,,,,,,,,,,,,,,,,,,,,,,,,,,,,,,,,,,,,,,,,,,,,,,,,,,,,,,16404,3935727,0,false,false,0,,,,,,,,,,,,,,,,,,,,,,,,,,,,,,,,,,
"2025-09-02 15:13:17.4311541Z","ETW","Microsoft-Windows-Kernel-Process",5,"ImageLoadInfo ",16284,14140,"attack.exe",,,,"C:\Windows\System32\Windows.StateRepositoryClient.dll",,,,,,,,,,,,[{"addr":140736918203828,"idx":0},{"addr":140736917192506,"idx":1},{"addr":140736917191278,"idx":2},{"addr":140736917210764,"idx":3},{"addr":140736917202269,"idx":4},{"addr":140736917259140,"idx":5},{"addr":140736916785248,"idx":6},{"addr":140736916786774,"idx":7},{"addr":140736917021315,"idx":8},{"addr":140736917023197,"idx":9},{"addr":140736873012562,"idx":10},{"addr":140736873178938,"idx":11},{"addr":140736872668820,"idx":12},{"addr":140736872667487,"idx":13},{"addr":140736463494095,"idx":14},{"addr":140736463401180,"idx":15},{"addr":140736463404728,"idx":16},{"addr":140736642385222,"idx":17},{"addr":140736642315924,"idx":18},{"addr":140736642305393,"idx":19},{"addr":140736642369428,"idx":20},{"addr":140736642369278,"idx":21},{"addr":140736873033577,"idx":22},{"addr":140736873111828,"idx":23},{"addr":140736872957708,"idx":24},{"addr":140736872946710,"idx":25},{"addr":140736897140436,"idx":26},{"addr":140694710261948,"idx":27},{"addr":140694710272512,"idx":28},{"addr":140736897083607,"idx":29},{"addr":140736916996940,"idx":30}],,,,,,,,,16284,,,,,,,,,,,,,,,,,,,,,,,,,,,,,,,,,,,,3001738537,140736632520704,140736632520704,374661,327680,,,,,,,,,,,,,,,,,,,,,,,,,,,,,,,,,,,,,,,,,,,,,,,,,,,,,,,,,,,,,,,,,,,,,,,
"2025-09-02 15:13:17.4313248Z","ETW","Microsoft-Antimalware-Engine",11,"Behavior Monitoring BmModuleLoad",16284,3012,"attack.exe",,,,"C:\Windows\System32\Windows.StateRepositoryClient.dll",,,,,,,,,,,,[],,,,,,,,,,,,,,,,,,,,,,,,,,,,,,,,,,,,,,,,,,,,,,,,,,,,,,,,,,,,,,,,,,,,,,,,,,,,,,,,,,,,,,,,,,,,,,,,,,,,,,,,,,,,,,,,,,,,,,,,
"2025-09-02 15:13:17.4313503Z","ETW","Microsoft-Antimalware-Engine",111,"Behavior Monitoring BmNotificationHandleStart",16284,3012,"attack.exe",,,,,,,,,,,,,,,,[],,,,,,,,,,,,,,,,,,,,,,,,,,,,,,,,,,,,,,,,,,,,,,,,,,,,,,,,,,,,,,,,,,,,,,,,,,,,,,,,,16404,3935728,0,,,,,,,,,,,,,,,,,,,,,,,,,,,,,,,,,,,,,
"2025-09-02 15:13:17.4313981Z","ETW","Microsoft-Antimalware-Engine",112,"Behavior Monitoring BmNotificationHandleStop",16284,3012,"attack.exe",,,,,,,,,,,,,,,,[],,,,,,,,,,,,,,,,,,,,,,,,,,,,,,,,,,,,,,,,,,,,,,,,,,,,,,,,,,,,,,,,,,,,,,,,,,,,,,,,,16404,3935728,0,false,false,0,,,,,,,,,,,,,,,,,,,,,,,,,,,,,,,,,,
"2025-09-02 15:13:17.4315823Z","ETW","Microsoft-Windows-Kernel-Process",5,"ImageLoadInfo ",16284,14140,"attack.exe",,,,"C:\Windows\System32\Windows.StateRepositoryCore.dll",,,,,,,,,,,,[{"addr":140736918203828,"idx":0},{"addr":140736917192506,"idx":1},{"addr":140736917191278,"idx":2},{"addr":140736917210764,"idx":3},{"addr":140736917202269,"idx":4},{"addr":140736917259140,"idx":5},{"addr":140736916785248,"idx":6},{"addr":140736916786774,"idx":7},{"addr":140736917021315,"idx":8},{"addr":140736917023197,"idx":9},{"addr":140736632706258,"idx":10},{"addr":140736632535704,"idx":11},{"addr":140736632640384,"idx":12},{"addr":140736872668820,"idx":13},{"addr":140736872667487,"idx":14},{"addr":140736463494095,"idx":15},{"addr":140736463401180,"idx":16},{"addr":140736463404728,"idx":17},{"addr":140736642385222,"idx":18},{"addr":140736642315924,"idx":19},{"addr":140736642305393,"idx":20},{"addr":140736642369428,"idx":21},{"addr":140736642369278,"idx":22},{"addr":140736873033577,"idx":23},{"addr":140736873111828,"idx":24},{"addr":140736872957708,"idx":25},{"addr":140736872946710,"idx":26},{"addr":140736897140436,"idx":27},{"addr":140694710261948,"idx":28},{"addr":140694710272512,"idx":29},{"addr":140736897083607,"idx":30},{"addr":140736916996940,"idx":31}],,,,,,,,,16284,,,,,,,,,,,,,,,,,,,,,,,,,,,,,,,,,,,,3847844510,140736632913920,140736632913920,174488,106496,,,,,,,,,,,,,,,,,,,,,,,,,,,,,,,,,,,,,,,,,,,,,,,,,,,,,,,,,,,,,,,,,,,,,,,
"2025-09-02 15:13:17.4317068Z","ETW","Microsoft-Antimalware-Engine",11,"Behavior Monitoring BmModuleLoad",16284,3012,"attack.exe",,,,"C:\Windows\System32\Windows.StateRepositoryCore.dll",,,,,,,,,,,,[],,,,,,,,,,,,,,,,,,,,,,,,,,,,,,,,,,,,,,,,,,,,,,,,,,,,,,,,,,,,,,,,,,,,,,,,,,,,,,,,,,,,,,,,,,,,,,,,,,,,,,,,,,,,,,,,,,,,,,,,
"2025-09-02 15:13:17.4317359Z","ETW","Microsoft-Antimalware-Engine",111,"Behavior Monitoring BmNotificationHandleStart",16284,3012,"attack.exe",,,,,,,,,,,,,,,,[],,,,,,,,,,,,,,,,,,,,,,,,,,,,,,,,,,,,,,,,,,,,,,,,,,,,,,,,,,,,,,,,,,,,,,,,,,,,,,,,,16404,3935729,0,,,,,,,,,,,,,,,,,,,,,,,,,,,,,,,,,,,,,
"2025-09-02 15:13:17.4317707Z","ETW","Microsoft-Antimalware-Engine",112,"Behavior Monitoring BmNotificationHandleStop",16284,3012,"attack.exe",,,,,,,,,,,,,,,,[],,,,,,,,,,,,,,,,,,,,,,,,,,,,,,,,,,,,,,,,,,,,,,,,,,,,,,,,,,,,,,,,,,,,,,,,,,,,,,,,,16404,3935729,0,false,false,0,,,,,,,,,,,,,,,,,,,,,,,,,,,,,,,,,,
"2025-09-02 15:13:17.4325317Z","ETW","Microsoft-Windows-Kernel-Process",5,"ImageLoadInfo ",16284,14140,"attack.exe",,,,"C:\Windows\System32\capauthz.dll",,,,,,,,,,,,[{"addr":140736918203828,"idx":0},{"addr":140736917192506,"idx":1},{"addr":140736917191278,"idx":2},{"addr":140736917210764,"idx":3},{"addr":140736917202269,"idx":4},{"addr":140736917259140,"idx":5},{"addr":140736916785248,"idx":6},{"addr":140736916786774,"idx":7},{"addr":140736917021315,"idx":8},{"addr":140736917023197,"idx":9},{"addr":140736873012562,"idx":10},{"addr":140736873170503,"idx":11},{"addr":140736872376571,"idx":12},{"addr":140736872521375,"idx":13},{"addr":140736897161540,"idx":14},{"addr":140736872953441,"idx":15},{"addr":140736872946710,"idx":16},{"addr":140736897140436,"idx":17},{"addr":140694710261948,"idx":18},{"addr":140694710272512,"idx":19},{"addr":140736897083607,"idx":20},{"addr":140736916996940,"idx":21}],,,,,,,,,16284,,,,,,,,,,,,,,,,,,,,,,,,,,,,,,,,,,,,1605668267,140736472088576,140736472088576,396500,380928,,,,,,,,,,,,,,,,,,,,,,,,,,,,,,,,,,,,,,,,,,,,,,,,,,,,,,,,,,,,,,,,,,,,,,,
"2025-09-02 15:13:17.4326647Z","ETW","Microsoft-Antimalware-Engine",11,"Behavior Monitoring BmModuleLoad",16284,3012,"attack.exe",,,,"C:\Windows\System32\capauthz.dll",,,,,,,,,,,,[],,,,,,,,,,,,,,,,,,,,,,,,,,,,,,,,,,,,,,,,,,,,,,,,,,,,,,,,,,,,,,,,,,,,,,,,,,,,,,,,,,,,,,,,,,,,,,,,,,,,,,,,,,,,,,,,,,,,,,,,
"2025-09-02 15:13:17.4327110Z","ETW","Microsoft-Antimalware-Engine",111,"Behavior Monitoring BmNotificationHandleStart",16284,3012,"attack.exe",,,,,,,,,,,,,,,,[],,,,,,,,,,,,,,,,,,,,,,,,,,,,,,,,,,,,,,,,,,,,,,,,,,,,,,,,,,,,,,,,,,,,,,,,,,,,,,,,,16404,3935730,0,,,,,,,,,,,,,,,,,,,,,,,,,,,,,,,,,,,,,
"2025-09-02 15:13:17.4327493Z","ETW","Microsoft-Antimalware-Engine",112,"Behavior Monitoring BmNotificationHandleStop",16284,3012,"attack.exe",,,,,,,,,,,,,,,,[],,,,,,,,,,,,,,,,,,,,,,,,,,,,,,,,,,,,,,,,,,,,,,,,,,,,,,,,,,,,,,,,,,,,,,,,,,,,,,,,,16404,3935730,0,false,false,0,,,,,,,,,,,,,,,,,,,,,,,,,,,,,,,,,,
"2025-09-02 15:13:17.4330380Z","ETW","Microsoft-Windows-Kernel-Audit-API-Calls",5,"Info ",920,3484,"lsass.exe",,,,,,,,,,,,,,,,[{"addr":140736918203764,"idx":0},{"addr":140736872731894,"idx":1},{"addr":140736861129291,"idx":2},{"addr":140736882620003,"idx":3},{"addr":140736882628366,"idx":4},{"addr":140736882319852,"idx":5},{"addr":140736882311415,"idx":6},{"addr":140736882088628,"idx":7},{"addr":140736882092744,"idx":8},{"addr":140736882015316,"idx":9},{"addr":140736882081820,"idx":10},{"addr":140736882106396,"idx":11},{"addr":140736882102691,"idx":12},{"addr":140736882098504,"idx":13},{"addr":140736917358174,"idx":14},{"addr":140736917350275,"idx":15},{"addr":140736897083607,"idx":16},{"addr":140736916996940,"idx":17}],,,,,,,,,,,,,,,,,,,4096,0,16284,,,,,,,,,,,,,,,,,,,,,,,,,,,,,,,,,,,,,,,,,,,,,,,,,,,,,,,,,,,,,,,,,,,,,,,,,,,,,,,,,,,,,,,,,,,,,,,,,,,
"2025-09-02 15:13:17.4332115Z","ETW","Microsoft-Windows-Kernel-Audit-API-Calls",5,"Info ",920,3484,"lsass.exe",,,,,,,,,,,,,,,,[{"addr":140736918203764,"idx":0},{"addr":140736872731894,"idx":1},{"addr":140736861129291,"idx":2},{"addr":140736882620003,"idx":3},{"addr":140736882628366,"idx":4},{"addr":140736882319852,"idx":5},{"addr":140736882311415,"idx":6},{"addr":140736882088628,"idx":7},{"addr":140736882092744,"idx":8},{"addr":140736882015316,"idx":9},{"addr":140736882081820,"idx":10},{"addr":140736882106396,"idx":11},{"addr":140736882102691,"idx":12},{"addr":140736882098504,"idx":13},{"addr":140736917358174,"idx":14},{"addr":140736917350275,"idx":15},{"addr":140736897083607,"idx":16},{"addr":140736916996940,"idx":17}],,,,,,,,,,,,,,,,,,,4096,0,16284,,,,,,,,,,,,,,,,,,,,,,,,,,,,,,,,,,,,,,,,,,,,,,,,,,,,,,,,,,,,,,,,,,,,,,,,,,,,,,,,,,,,,,,,,,,,,,,,,,,
"2025-09-02 15:13:17.4336567Z","ETW","Microsoft-Windows-Kernel-Process",5,"ImageLoadInfo ",16284,14140,"attack.exe",,,,"C:\Windows\System32\ntmarta.dll",,,,,,,,,,,,[{"addr":140736918203828,"idx":0},{"addr":140736917192506,"idx":1},{"addr":140736917191278,"idx":2},{"addr":140736917210764,"idx":3},{"addr":140736917202269,"idx":4},{"addr":140736917259140,"idx":5},{"addr":140736916785248,"idx":6},{"addr":140736916786774,"idx":7},{"addr":140736917021315,"idx":8},{"addr":140736917023197,"idx":9},{"addr":140736472344498,"idx":10},{"addr":140736472103453,"idx":11},{"addr":140736472127308,"idx":12},{"addr":140736472121050,"idx":13},{"addr":140736872376571,"idx":14},{"addr":140736872521375,"idx":15},{"addr":140736897161540,"idx":16},{"addr":140736872953441,"idx":17},{"addr":140736872946710,"idx":18},{"addr":140736897140436,"idx":19},{"addr":140694710261948,"idx":20},{"addr":140694710272512,"idx":21},{"addr":140736897083607,"idx":22},{"addr":140736916996940,"idx":23}],,,,,,,,,16284,,,,,,,,,,,,,,,,,,,,,,,,,,,,,,,,,,,,2803059627,140736849510400,140736849510400,286201,221184,,,,,,,,,,,,,,,,,,,,,,,,,,,,,,,,,,,,,,,,,,,,,,,,,,,,,,,,,,,,,,,,,,,,,,,
"2025-09-02 15:13:17.4338323Z","ETW","Microsoft-Antimalware-Engine",11,"Behavior Monitoring BmModuleLoad",16284,3012,"attack.exe",,,,"C:\Windows\System32\ntmarta.dll",,,,,,,,,,,,[],,,,,,,,,,,,,,,,,,,,,,,,,,,,,,,,,,,,,,,,,,,,,,,,,,,,,,,,,,,,,,,,,,,,,,,,,,,,,,,,,,,,,,,,,,,,,,,,,,,,,,,,,,,,,,,,,,,,,,,,
"2025-09-02 15:13:17.4338586Z","ETW","Microsoft-Antimalware-Engine",111,"Behavior Monitoring BmNotificationHandleStart",16284,3012,"attack.exe",,,,,,,,,,,,,,,,[],,,,,,,,,,,,,,,,,,,,,,,,,,,,,,,,,,,,,,,,,,,,,,,,,,,,,,,,,,,,,,,,,,,,,,,,,,,,,,,,,16404,3935731,0,,,,,,,,,,,,,,,,,,,,,,,,,,,,,,,,,,,,,
"2025-09-02 15:13:17.4339239Z","ETW","Microsoft-Antimalware-Engine",112,"Behavior Monitoring BmNotificationHandleStop",16284,3012,"attack.exe",,,,,,,,,,,,,,,,[],,,,,,,,,,,,,,,,,,,,,,,,,,,,,,,,,,,,,,,,,,,,,,,,,,,,,,,,,,,,,,,,,,,,,,,,,,,,,,,,,16404,3935731,0,false,false,0,,,,,,,,,,,,,,,,,,,,,,,,,,,,,,,,,,
"2025-09-02 15:13:17.4339832Z","ETW","Microsoft-Windows-Kernel-Audit-API-Calls",5,"Info ",920,3484,"lsass.exe",,,,,,,,,,,,,,,,[{"addr":140736918203764,"idx":0},{"addr":140736872731894,"idx":1},{"addr":140736861129291,"idx":2},{"addr":140736882620003,"idx":3},{"addr":140736882628366,"idx":4},{"addr":140736882319852,"idx":5},{"addr":140736882311415,"idx":6},{"addr":140736882088628,"idx":7},{"addr":140736882092744,"idx":8},{"addr":140736882015316,"idx":9},{"addr":140736882081820,"idx":10},{"addr":140736882106396,"idx":11},{"addr":140736882102691,"idx":12},{"addr":140736882098504,"idx":13},{"addr":140736917358174,"idx":14},{"addr":140736917350275,"idx":15},{"addr":140736897083607,"idx":16},{"addr":140736916996940,"idx":17}],,,,,,,,,,,,,,,,,,,4096,0,16284,,,,,,,,,,,,,,,,,,,,,,,,,,,,,,,,,,,,,,,,,,,,,,,,,,,,,,,,,,,,,,,,,,,,,,,,,,,,,,,,,,,,,,,,,,,,,,,,,,,
"2025-09-02 15:13:17.4341356Z","ETW","Microsoft-Windows-Kernel-Audit-API-Calls",5,"Info ",920,3484,"lsass.exe",,,,,,,,,,,,,,,,[{"addr":140736918203764,"idx":0},{"addr":140736872731894,"idx":1},{"addr":140736861129291,"idx":2},{"addr":140736882620003,"idx":3},{"addr":140736882628366,"idx":4},{"addr":140736882319852,"idx":5},{"addr":140736882311415,"idx":6},{"addr":140736882088628,"idx":7},{"addr":140736882092744,"idx":8},{"addr":140736882015316,"idx":9},{"addr":140736882081820,"idx":10},{"addr":140736882106396,"idx":11},{"addr":140736882102691,"idx":12},{"addr":140736882098504,"idx":13},{"addr":140736917358174,"idx":14},{"addr":140736917350275,"idx":15},{"addr":140736897083607,"idx":16},{"addr":140736916996940,"idx":17}],,,,,,,,,,,,,,,,,,,4096,0,16284,,,,,,,,,,,,,,,,,,,,,,,,,,,,,,,,,,,,,,,,,,,,,,,,,,,,,,,,,,,,,,,,,,,,,,,,,,,,,,,,,,,,,,,,,,,,,,,,,,,
"2025-09-02 15:13:17.4371431Z","ETW","Microsoft-Windows-Kernel-Process",1,"ProcessStartStart ",16284,14140,"attack.exe",,,,"C:\Program Files\WindowsApps\Microsoft.WindowsNotepad_11.2506.35.0_x64__8wekyb3d8bbwe\Notepad\Notepad.exe",,,,,,,,,,,,[{"addr":140736918209220,"idx":0},{"addr":140736872957146,"idx":1},{"addr":140736872946710,"idx":2},{"addr":140736897140436,"idx":3},{"addr":140694710261948,"idx":4},{"addr":140694710272512,"idx":5},{"addr":140736897083607,"idx":6},{"addr":140736916996940,"idx":7}],,,,,,,,,15112,,,,,,,,,,,,,,,,,,,,,,,134012995974371011,3,2786650,"0x","Microsoft.WindowsNotepad_11.2506.35.0_x64__8wekyb3d8bbwe","App",16284,31818,31823,3,0,0,1,1753885353,,,,,,,,,,,,,,,,,,,,,,,,,,,,,,,,,,,,,,,,,,,,,,,,,,,,,,,,,,,,,,,,,,,,,,,,,,,
"2025-09-02 15:13:17.4372629Z","ETW","Microsoft-Windows-Kernel-Audit-API-Calls",6,"Info ",1912,8,"MsMpEng.exe",,,,,,,,,,,,,,,,[{"addr":140736918212548,"idx":0},{"addr":140736872857142,"idx":1},{"addr":140736738243895,"idx":2},{"addr":140736738242452,"idx":3},{"addr":140736657687525,"idx":4},{"addr":140736657686325,"idx":5},{"addr":140736657683993,"idx":6},{"addr":140736658258217,"idx":7},{"addr":140736657749938,"idx":8},{"addr":140736657909615,"idx":9},{"addr":140736658079503,"idx":10},{"addr":140736897083607,"idx":11},{"addr":140736916996940,"idx":12}],,,,,,,,,,,,,,,,,,,2097151,0,1912,8,,,,,,,,,,,,,,,,,,,,,,,,,,,,,,,,,,,,,,,,,,,,,,,,,,,,,,,,,,,,,,,,,,,,,,,,,,,,,,,,,,,,,,,,,,,,,,,,,,
"2025-09-02 15:13:17.4382398Z","ETW","Microsoft-Windows-Kernel-Audit-API-Calls",5,"Info ",1912,8,"MsMpEng.exe",,,,,,,,,,,,,,,,[{"addr":140736918203764,"idx":0},{"addr":140736872731894,"idx":1},{"addr":140733815122067,"idx":2},{"addr":140733813533757,"idx":3},{"addr":140733820783122,"idx":4},{"addr":140733811457761,"idx":5},{"addr":140733811450648,"idx":6},{"addr":140733811449218,"idx":7},{"addr":140733811441856,"idx":8},{"addr":140733811790261,"idx":9},{"addr":140733811785301,"idx":10},{"addr":140736738242841,"idx":11},{"addr":140736657687525,"idx":12},{"addr":140736657686325,"idx":13},{"addr":140736657683993,"idx":14},{"addr":140736658258217,"idx":15},{"addr":140736657749938,"idx":16},{"addr":140736657909615,"idx":17},{"addr":140736658079503,"idx":18},{"addr":140736897083607,"idx":19},{"addr":140736916996940,"idx":20}],,,,,,,,,,,,,,,,,,,1536,0,15112,,,,,,,,,,,,,,,,,,,,,,,,,,,,,,,,,,,,,,,,,,,,,,,,,,,,,,,,,,,,,,,,,,,,,,,,,,,,,,,,,,,,,,,,,,,,,,,,,,,
"2025-09-02 15:13:17.4382443Z","ETW","Microsoft-Antimalware-Engine",73,"Behavior Monitoring ProcessMonitorFlags",15112,8,"Notepad.exe",,,,"C:\Program Files\WindowsApps\Microsoft.WindowsNotepad_11.2506.35.0_x64__8wekyb3d8bbwe\Notepad\Notepad.exe",,,,,,,,,,,,[],,,,,,,,,,,,,,,,,,,,,,,,134012995974371011,,,,,,,,,,,,,,,,,,,,,,,,,,,,,,,,,,,,,140733808574464,"SyncStart","0x400003DF","0x0","0x44","0x0","0x0","0x0",,,,,,,,,,,,,,,,,,,,,,,,,,,,,,,,,,,,,,,,,,,,,,,,,,,,
"2025-09-02 15:13:17.4384599Z","ETW","Microsoft-Antimalware-Engine",70,"Behavior Monitoring BmProcessCreate",15112,3012,"Notepad.exe",16284,,,"C:\Program Files\WindowsApps\Microsoft.WindowsNotepad_11.2506.35.0_x64__8wekyb3d8bbwe\Notepad\Notepad.exe",,,,,,,,,,,,[],,,,,,,,,,,,,,,,,,,,,,,,,,,,,,,,,33554432,,,,,,,,,,,,,,,,,,,,,,,,,,,,,,,,,,,,"'C:\Windows\System32\notepad.exe'",8192,,,,,,,,,,,,,,,,,,,,,,,,,,,,,,,,,,,,,,,,,,,,,,,,,,
"2025-09-02 15:13:17.4384984Z","ETW","Microsoft-Windows-Kernel-Audit-API-Calls",5,"Info ",1912,3012,"MsMpEng.exe",,,,,,,,,,,,,,,,[{"addr":140736918203764,"idx":0},{"addr":140736872731894,"idx":1},{"addr":140733810479103,"idx":2},{"addr":140733810478599,"idx":3},{"addr":140733810481824,"idx":4},{"addr":140733811992461,"idx":5},{"addr":140733811987347,"idx":6},{"addr":140733811996001,"idx":7},{"addr":140733811994278,"idx":8},{"addr":140733810447018,"idx":9},{"addr":140733810434825,"idx":10},{"addr":140733810436081,"idx":11},{"addr":140733810435993,"idx":12},{"addr":140733812865289,"idx":13},{"addr":140733811799252,"idx":14},{"addr":140733811789863,"idx":15},{"addr":140733811785301,"idx":16},{"addr":140736738242841,"idx":17},{"addr":140736657613597,"idx":18},{"addr":140736657838177,"idx":19},{"addr":140736749360292,"idx":20},{"addr":140736749360015,"idx":21},{"addr":140736917255712,"idx":22},{"addr":140736917350945,"idx":23},{"addr":140736897083607,"idx":24},{"addr":140736916996940,"idx":25}],,,,,,,,,,,,,,,,,,,4096,0,15112,,,,,,,,,,,,,,,,,,,,,,,,,,,,,,,,,,,,,,,,,,,,,,,,,,,,,,,,,,,,,,,,,,,,,,,,,,,,,,,,,,,,,,,,,,,,,,,,,,,
"2025-09-02 15:13:17.4386401Z","ETW","Microsoft-Antimalware-Engine",109,"Behavior Monitoring BmProcessContextStart",15112,3012,"Notepad.exe",,,,"C:\Program Files\WindowsApps\Microsoft.WindowsNotepad_11.2506.35.0_x64__8wekyb3d8bbwe\Notepad\Notepad.exe",,,,,,,,,,,,[],,,,,,,,,,,,,,,,,,,,,,,,,,,,,,,,,,,,,,,,,,,,,,,,,,,,,,,,,,,,,,,,,,,,,,,2340855173216,,,,,,,,,,,,,,,,,,,,,,,,,,,,,,,,,,,,,,,,,,,,,,,,,
"2025-09-02 15:13:17.4386829Z","ETW","Microsoft-Antimalware-Engine",111,"Behavior Monitoring BmNotificationHandleStart",16284,3012,"attack.exe",,,,,,,,,,,,,,,,[],,,,,,,,,,,,,,,,,,,,,,,,,,,,,,,,,,,,,,,,,,,,,,,,,,,,,,,,,,,,,,,,,,,,,,,,,,,,,,,,,16400,3935732,0,,,,,,,,,,,,,,,,,,,,,,,,,,,,,,,,,,,,,
"2025-09-02 15:13:17.4387179Z","ETW","Microsoft-Windows-Kernel-Process",3,"ThreadStartStart ",16284,14140,"attack.exe",,,,,,,,,,,,,,,,[{"addr":140736918209220,"idx":0},{"addr":140736872957146,"idx":1},{"addr":140736872946710,"idx":2},{"addr":140736897140436,"idx":3},{"addr":140694710261948,"idx":4},{"addr":140694710272512,"idx":5},{"addr":140736897083607,"idx":6},{"addr":140736916996940,"idx":7}],,,,,,,,,15112,18446639081570324480,18446639081570299904,140696714194864,0,1062507917312,14224,1062507184128,1062507180032,140696714194864,,,,,,,,,,,,,,,,,,,,,,,,,,,,,,,,,,,,,,,,,,,,,,,,,,,,,,,,,,,,,,,,,,,,,,,,,,,,,,,,,,,,,,,,,,,,,,,,,,,,,,
"2025-09-02 15:13:17.4387815Z","ETW","Microsoft-Antimalware-Engine",53,"Behavior Monitoring BmOpenProcess",16284,22008,"attack.exe",,15112,,,,,,,,,,,,,,[],,,,,,,,,,,,,,,,,,,,,,,,,,,,,,,,,,,,,,,,,,,,,,,,,,,,,,,,,,,,,,,,,,,,,,,,2097151,false,,,,,,,,,,,,,,,,,,,,,,,,,,,,,,,,,,,,,,,,,,,,,,,
"2025-09-02 15:13:17.4392716Z","ETW","Microsoft-Antimalware-Engine",112,"Behavior Monitoring BmNotificationHandleStop",16284,3012,"attack.exe",,,,,,,,,,,,,,,,[],,,,,,,,,,,,,,,,,,,,,,,,,,,,,,,,,,,,,,,,,,,,,,,,,,,,,,,,,,,,,,,,,,,,,,,,,,,,,,,,,16400,3935732,0,false,true,0,,,,,,,,,,,,,,,,,,,,,,,,,,,,,,,,,,
"2025-09-02 15:13:17.4392932Z","ETW","Microsoft-Windows-Kernel-Audit-API-Calls",5,"Info ",1912,3012,"MsMpEng.exe",,,,,,,,,,,,,,,,[{"addr":140736918203764,"idx":0},{"addr":140736872731894,"idx":1},{"addr":140733810479103,"idx":2},{"addr":140733810478599,"idx":3},{"addr":140733811467421,"idx":4},{"addr":140733811466488,"idx":5},{"addr":140733810456992,"idx":6},{"addr":140733810413765,"idx":7},{"addr":140733810417057,"idx":8},{"addr":140733810415802,"idx":9},{"addr":140733810413462,"idx":10},{"addr":140733810411633,"idx":11},{"addr":140733810411092,"idx":12},{"addr":140733815162932,"idx":13},{"addr":140733815162655,"idx":14},{"addr":140736917255712,"idx":15},{"addr":140736917350945,"idx":16},{"addr":140736897083607,"idx":17},{"addr":140736916996940,"idx":18}],,,,,,,,,,,,,,,,,,,5136,0,16284,,,,,,,,,,,,,,,,,,,,,,,,,,,,,,,,,,,,,,,,,,,,,,,,,,,,,,,,,,,,,,,,,,,,,,,,,,,,,,,,,,,,,,,,,,,,,,,,,,,
"2025-09-02 15:13:17.4393159Z","ETW","Microsoft-Antimalware-Engine",104,"Behavior Monitoring BmInternal",15112,3012,"Notepad.exe",,,,,,,,,,,,,,,,[],,,,,,,,,,,,,,,,,,,,,,,,,,,,,,,,,,,,,,,,,,,,,,,,,,,,,,,,,,,,,,,,,,,,,,,,,,35,"Parent","n/a",,,,,,,,,,,,,,,,,,,,,,,,,,,,,,,,,,,,,,,,,,,,
"2025-09-02 15:13:17.4393502Z","ETW","Microsoft-Antimalware-Engine",111,"Behavior Monitoring BmNotificationHandleStart",16284,3012,"attack.exe",,,,,,,,,,,,,,,,[],,,,,,,,,,,,,,,,,,,,,,,,,,,,,,,,,,,,,,,,,,,,,,,,,,,,,,,,,,,,,,,,,,,,,,,,,,,,,,,,,16427,3935733,0,,,,,,,,,,,,,,,,,,,,,,,,,,,,,,,,,,,,,
"2025-09-02 15:13:17.4394588Z","ETW","Microsoft-Antimalware-Engine",112,"Behavior Monitoring BmNotificationHandleStop",16284,3012,"attack.exe",,,,,,,,,,,,,,,,[],,,,,,,,,,,,,,,,,,,,,,,,,,,,,,,,,,,,,,,,,,,,,,,,,,,,,,,,,,,,,,,,,,,,,,,,,,,,,,,,,16427,3935733,0,false,true,0,,,,,,,,,,,,,,,,,,,,,,,,,,,,,,,,,,
"2025-09-02 15:13:17.4395914Z","ETW","Microsoft-Antimalware-Engine",104,"Behavior Monitoring BmInternal",15112,13020,"Notepad.exe",,,,,,,,,,,,,,,,[],,,,,,,,,,,,,,,,,,,,,,,,,,,,,,,,,,,,,,,,,,,,,,,,,,,,,,,,,,,,,,,,,,,,,,,,,,35,"Parent","n/a",,,,,,,,,,,,,,,,,,,,,,,,,,,,,,,,,,,,,,,,,,,,
"2025-09-02 15:13:17.4395945Z","ETW","Microsoft-Antimalware-Engine",104,"Behavior Monitoring BmInternal",15112,10404,"Notepad.exe",,,,,,,,,,,,,,,,[],,,,,,,,,,,,,,,,,,,,,,,,,,,,,,,,,,,,,,,,,,,,,,,,,,,,,,,,,,,,,,,,,,,,,,,,,,35,"Parent","n/a",,,,,,,,,,,,,,,,,,,,,,,,,,,,,,,,,,,,,,,,,,,,
"2025-09-02 15:13:17.4396600Z","ETW","Microsoft-Antimalware-Engine",104,"Behavior Monitoring BmInternal",15112,3012,"Notepad.exe",,,,,,,,,,,,,,,,[],,,,,,,,,,,,,,,,,,,,,,,,,,,,,,,,,,,,,,,,,,,,,,,,,,,,,,,,,,,,,,,,,,,,,,,,,,35,"Parent","n/a",,,,,,,,,,,,,,,,,,,,,,,,,,,,,,,,,,,,,,,,,,,,
"2025-09-02 15:13:17.4398760Z","ETW","Microsoft-Windows-Kernel-Audit-API-Calls",5,"Info ",760,15356,"csrss.exe",,,,,,,,,,,,,,,,[{"addr":140736918203764,"idx":0},{"addr":140736867430364,"idx":1},{"addr":140736867572214,"idx":2},{"addr":140736916996962,"idx":3}],,,,,,,,,,,,,,,,,,,2097151,0,15112,,,,,,,,,,,,,,,,,,,,,,,,,,,,,,,,,,,,,,,,,,,,,,,,,,,,,,,,,,,,,,,,,,,,,,,,,,,,,,,,,,,,,,,,,,,,,,,,,,,
"2025-09-02 15:13:17.4398841Z","ETW","Microsoft-Windows-Kernel-Audit-API-Calls",6,"Info ",760,15356,"csrss.exe",,,,,,,,,,,,,,,,[{"addr":140736918212548,"idx":0},{"addr":140736867430626,"idx":1},{"addr":140736867572214,"idx":2},{"addr":140736916996962,"idx":3}],,,,,,,,,,,,,,,,,,,2097151,0,15112,14224,,,,,,,,,,,,,,,,,,,,,,,,,,,,,,,,,,,,,,,,,,,,,,,,,,,,,,,,,,,,,,,,,,,,,,,,,,,,,,,,,,,,,,,,,,,,,,,,,,
"2025-09-02 15:13:17.4408105Z","ETW","Microsoft-Windows-Kernel-Audit-API-Calls",5,"Info ",5620,5016,"svchost.exe",,,,,,,,,,,,,,,,[{"addr":140736918203764,"idx":0},{"addr":140736412694430,"idx":1},{"addr":140736412805915,"idx":2},{"addr":140736412693546,"idx":3},{"addr":140736882620003,"idx":4},{"addr":140736881766629,"idx":5},{"addr":140736882311415,"idx":6},{"addr":140736882088628,"idx":7},{"addr":140736882092154,"idx":8},{"addr":140736882015316,"idx":9},{"addr":140736882081820,"idx":10},{"addr":140736882106396,"idx":11},{"addr":140736882102691,"idx":12},{"addr":140736882098504,"idx":13},{"addr":140736917358174,"idx":14},{"addr":140736917350275,"idx":15},{"addr":140736897083607,"idx":16},{"addr":140736916996940,"idx":17}],,,,,,,,,,,,,,,,,,,1049792,0,16284,,,,,,,,,,,,,,,,,,,,,,,,,,,,,,,,,,,,,,,,,,,,,,,,,,,,,,,,,,,,,,,,,,,,,,,,,,,,,,,,,,,,,,,,,,,,,,,,,,,
"2025-09-02 15:13:17.4408564Z","ETW","Microsoft-Antimalware-Engine",53,"Behavior Monitoring BmOpenProcess",5620,13020,"svchost.exe",,16284,,,,,,,,,,,,,,[],,,,,,,,,,,,,,,,,,,,,,,,,,,,,,,,,,,,,,,,,,,,,,,,,,,,,,,,,,,,,,,,,,,,,,,,1053888,false,,,,,,,,,,,,,,,,,,,,,,,,,,,,,,,,,,,,,,,,,,,,,,,
"2025-09-02 15:13:17.4416992Z","ETW","Microsoft-Windows-Kernel-Audit-API-Calls",5,"Info ",2828,8368,"svchost.exe",,,,,,,,,,,,,,,,[{"addr":140736918206916,"idx":0},{"addr":140736882337646,"idx":1},{"addr":140736910267593,"idx":2},{"addr":140736627175582,"idx":3},{"addr":140736627576768,"idx":4},{"addr":140736882620003,"idx":5},{"addr":140736882628366,"idx":6},{"addr":140736881847376,"idx":7},{"addr":140736909646499,"idx":8},{"addr":140736909646267,"idx":9},{"addr":140736909643574,"idx":10},{"addr":140736909641089,"idx":11},{"addr":140736910206646,"idx":12},{"addr":140736909298250,"idx":13},{"addr":140736909422200,"idx":14},{"addr":140736909684515,"idx":15},{"addr":140736882311415,"idx":16},{"addr":140736882088628,"idx":17},{"addr":140736882092154,"idx":18},{"addr":140736882015316,"idx":19},{"addr":140736882081820,"idx":20},{"addr":140736882106396,"idx":21},{"addr":140736882102691,"idx":22},{"addr":140736882098504,"idx":23},{"addr":140736917358174,"idx":24},{"addr":140736917350275,"idx":25},{"addr":140736897083607,"idx":26},{"addr":140736916996940,"idx":27}],,,,,,,,,,,,,,,,,,,4096,0,5620,,,,,,,,,,,,,,,,,,,,,,,,,,,,,,,,,,,,,,,,,,,,,,,,,,,,,,,,,,,,,,,,,,,,,,,,,,,,,,,,,,,,,,,,,,,,,,,,,,,
"2025-09-02 15:13:17.4422402Z","ETW","Microsoft-Windows-Kernel-Audit-API-Calls",5,"Info ",2828,8368,"svchost.exe",,,,,,,,,,,,,,,,[{"addr":140736918206916,"idx":0},{"addr":140736882337646,"idx":1},{"addr":140736910267593,"idx":2},{"addr":140736627175582,"idx":3},{"addr":140736627653072,"idx":4},{"addr":140736882620003,"idx":5},{"addr":140736882628366,"idx":6},{"addr":140736881847376,"idx":7},{"addr":140736909646499,"idx":8},{"addr":140736909646267,"idx":9},{"addr":140736909643574,"idx":10},{"addr":140736909641089,"idx":11},{"addr":140736910206646,"idx":12},{"addr":140736909298250,"idx":13},{"addr":140736909422200,"idx":14},{"addr":140736909684515,"idx":15},{"addr":140736882311415,"idx":16},{"addr":140736882088628,"idx":17},{"addr":140736882092154,"idx":18},{"addr":140736882015316,"idx":19},{"addr":140736882081820,"idx":20},{"addr":140736882106396,"idx":21},{"addr":140736882102691,"idx":22},{"addr":140736882098504,"idx":23},{"addr":140736917358174,"idx":24},{"addr":140736917350275,"idx":25},{"addr":140736897083607,"idx":26},{"addr":140736916996940,"idx":27}],,,,,,,,,,,,,,,,,,,4096,0,5620,,,,,,,,,,,,,,,,,,,,,,,,,,,,,,,,,,,,,,,,,,,,,,,,,,,,,,,,,,,,,,,,,,,,,,,,,,,,,,,,,,,,,,,,,,,,,,,,,,,
"2025-09-02 15:13:17.4430227Z","ETW","Microsoft-Windows-Kernel-Audit-API-Calls",5,"Info ",5620,5016,"svchost.exe",,,,,,,,,,,,,,,,[{"addr":140736918203764,"idx":0},{"addr":140736872731894,"idx":1},{"addr":140736463393958,"idx":2},{"addr":140736412807307,"idx":3},{"addr":140736412693546,"idx":4},{"addr":140736882620003,"idx":5},{"addr":140736881766629,"idx":6},{"addr":140736882311415,"idx":7},{"addr":140736882088628,"idx":8},{"addr":140736882092154,"idx":9},{"addr":140736882015316,"idx":10},{"addr":140736882081820,"idx":11},{"addr":140736882106396,"idx":12},{"addr":140736882102691,"idx":13},{"addr":140736882098504,"idx":14},{"addr":140736917358174,"idx":15},{"addr":140736917350275,"idx":16},{"addr":140736897083607,"idx":17},{"addr":140736916996940,"idx":18}],,,,,,,,,,,,,,,,,,,4353,0,15112,,,,,,,,,,,,,,,,,,,,,,,,,,,,,,,,,,,,,,,,,,,,,,,,,,,,,,,,,,,,,,,,,,,,,,,,,,,,,,,,,,,,,,,,,,,,,,,,,,,
"2025-09-02 15:13:17.4430363Z","ETW","Microsoft-Windows-Kernel-Audit-API-Calls",6,"Info ",5620,5016,"svchost.exe",,,,,,,,,,,,,,,,[{"addr":140736918212548,"idx":0},{"addr":140736872857142,"idx":1},{"addr":140736463394091,"idx":2},{"addr":140736412807307,"idx":3},{"addr":140736412693546,"idx":4},{"addr":140736882620003,"idx":5},{"addr":140736881766629,"idx":6},{"addr":140736882311415,"idx":7},{"addr":140736882088628,"idx":8},{"addr":140736882092154,"idx":9},{"addr":140736882015316,"idx":10},{"addr":140736882081820,"idx":11},{"addr":140736882106396,"idx":12},{"addr":140736882102691,"idx":13},{"addr":140736882098504,"idx":14},{"addr":140736917358174,"idx":15},{"addr":140736917350275,"idx":16},{"addr":140736897083607,"idx":17},{"addr":140736916996940,"idx":18}],,,,,,,,,,,,,,,,,,,2,0,15112,14224,,,,,,,,,,,,,,,,,,,,,,,,,,,,,,,,,,,,,,,,,,,,,,,,,,,,,,,,,,,,,,,,,,,,,,,,,,,,,,,,,,,,,,,,,,,,,,,,,,
"2025-09-02 15:13:17.4434628Z","ETW","Microsoft-Windows-Kernel-Audit-API-Calls",3,"Info ",5620,5016,"svchost.exe",,,,,,,,,,,,,,,,[{"addr":140736918208932,"idx":0},{"addr":140736872807932,"idx":1},{"addr":140736872803064,"idx":2},{"addr":140736872799513,"idx":3},{"addr":140736872799017,"idx":4},{"addr":140736463332752,"idx":5},{"addr":140736463394311,"idx":6},{"addr":140736412807307,"idx":7},{"addr":140736412693546,"idx":8},{"addr":140736882620003,"idx":9},{"addr":140736881766629,"idx":10},{"addr":140736882311415,"idx":11},{"addr":140736882088628,"idx":12},{"addr":140736882092154,"idx":13},{"addr":140736882015316,"idx":14},{"addr":140736882081820,"idx":15},{"addr":140736882106396,"idx":16},{"addr":140736882102691,"idx":17},{"addr":140736882098504,"idx":18},{"addr":140736917358174,"idx":19},{"addr":140736917350275,"idx":20},{"addr":140736897083607,"idx":21},{"addr":140736916996940,"idx":22}],,,,,,,,,,,,,,,,,,,983041,0,,,,,,,,,,,,,,,,,,,,,,,,,,,,,,,,,,,,,,,,,,,,,,,,,,,,,,,,,,,,,,,,,,,,,,,,,,,,,,,"Local","\Sessions\1\AppContainerNamedObjects\S-1-15-2-1050576210-4101474698-56307613-2706264498-167457550-835605972-784472318",,,,,,,,,,,,,,,,,,,,
"2025-09-02 15:13:17.4434768Z","ETW","Microsoft-Windows-Kernel-Audit-API-Calls",3,"Info ",5620,5016,"svchost.exe",,,,,,,,,,,,,,,,[{"addr":140736918208932,"idx":0},{"addr":140736872808007,"idx":1},{"addr":140736872803064,"idx":2},{"addr":140736872799513,"idx":3},{"addr":140736872799017,"idx":4},{"addr":140736463332752,"idx":5},{"addr":140736463394311,"idx":6},{"addr":140736412807307,"idx":7},{"addr":140736412693546,"idx":8},{"addr":140736882620003,"idx":9},{"addr":140736881766629,"idx":10},{"addr":140736882311415,"idx":11},{"addr":140736882088628,"idx":12},{"addr":140736882092154,"idx":13},{"addr":140736882015316,"idx":14},{"addr":140736882081820,"idx":15},{"addr":140736882106396,"idx":16},{"addr":140736882102691,"idx":17},{"addr":140736882098504,"idx":18},{"addr":140736917358174,"idx":19},{"addr":140736917350275,"idx":20},{"addr":140736897083607,"idx":21},{"addr":140736916996940,"idx":22}],,,,,,,,,,,,,,,,,,,983041,0,,,,,,,,,,,,,,,,,,,,,,,,,,,,,,,,,,,,,,,,,,,,,,,,,,,,,,,,,,,,,,,,,,,,,,,,,,,,,,,"Session","\Sessions\1\AppContainerNamedObjects\S-1-15-2-1050576210-4101474698-56307613-2706264498-167457550-835605972-784472318",,,,,,,,,,,,,,,,,,,,
"2025-09-02 15:13:17.4441731Z","ETW","Microsoft-Windows-Kernel-Process",5,"ImageLoadInfo ",15112,14224,"Notepad.exe",,,,"C:\Program Files\WindowsApps\Microsoft.WindowsNotepad_11.2506.35.0_x64__8wekyb3d8bbwe\Notepad\Notepad.exe",,,,,,,,,,,,[{"addr":140736916996896,"idx":0}],,,,,,,,,15112,,,,,,,,,,,,,,,,,,,,,,,,,,,,,,,,,,,,1753885353,140696712970240,140696712970240,2786650,2744320,,,,,,,,,,,,,,,,,,,,,,,,,,,,,,,,,,,,,,,,,,,,,,,,,,,,,,,,,,,,,,,,,,,,,,,
"2025-09-02 15:13:17.4442116Z","ETW","Microsoft-Windows-Kernel-Process",5,"ImageLoadInfo ",15112,14224,"Notepad.exe",,,,"C:\Windows\System32\ntdll.dll",,,,,,,,,,,,[{"addr":140736916996896,"idx":0}],,,,,,,,,15112,,,,,,,,,,,,,,,,,,,,,,,,,,,,,,,,,,,,2512787800,140736916750336,140736916750336,2531053,2519040,,,,,,,,,,,,,,,,,,,,,,,,,,,,,,,,,,,,,,,,,,,,,,,,,,,,,,,,,,,,,,,,,,,,,,,
"2025-09-02 15:13:17.4442131Z","Custom","Injector-Attack",13337,"[>]  After starting subprocess with PID 15112",16284,,"attack.exe",,,,,,,,,,,,,,,,,,,,,,,,,,,,,,,,,,,,,,,,,,,,,,,,,,,,,,,,,,,,,,,,,,,,,,,,,,,,,,,,,,,,,,,,,,,,,,,,,,,,,,,,,,,,,,,,,,,,,,,,,,,,,,,,,,,,,,,,
"2025-09-02 15:13:17.4443268Z","ETW","Microsoft-Antimalware-Engine",11,"Behavior Monitoring BmModuleLoad",15112,13020,"Notepad.exe",,,,"C:\Program Files\WindowsApps\Microsoft.WindowsNotepad_11.2506.35.0_x64__8wekyb3d8bbwe\Notepad\Notepad.exe",,,,,,,,,,,,[],,,,,,,,,,,,,,,,,,,,,,,,,,,,,,,,,,,,,,,,,,,,,,,,,,,,,,,,,,,,,,,,,,,,,,,,,,,,,,,,,,,,,,,,,,,,,,,,,,,,,,,,,,,,,,,,,,,,,,,,
"2025-09-02 15:13:17.4443680Z","ETW","Microsoft-Antimalware-Engine",43,"ExpensiveOperationTaskExpensiveOperationBegin",1912,3012,"MsMpEng.exe",,,"BM InitializeFriendlyStatus::IsKnownFriendly()","C:\Program Files\WindowsApps\Microsoft.WindowsNotepad_11.2506.35.0_x64__8wekyb3d8bbwe\Notepad\Notepad.exe",,,,,,,,,,,,[],,,,,,,,,,,,,,,,,,,,,,,,,,,,,,,,,,,,,,,,,,,,,,,,,,,,,1366718750,,,,,,,,,,,,,,,,,,,,,,,,15112,true,,,,,,,,,,,,,,,,,,,,,,,,,,,,,,,,,,,,,,,,,,
"2025-09-02 15:13:17.4444030Z","ETW","Microsoft-Antimalware-Engine",67,"ExpensiveOperationTaskExpensiveOperationEnd",1912,3012,"MsMpEng.exe",,,"BM InitializeFriendlyStatus::IsKnownFriendly()","C:\Program Files\WindowsApps\Microsoft.WindowsNotepad_11.2506.35.0_x64__8wekyb3d8bbwe\Notepad\Notepad.exe",,,,,,,,,,,,[],,,,,,,,,,,,,,,,,,,,,,,,,,,,,,,,,,,,,,,,,,,,,,,,,,,,,1366718750,,,,,,,,,,,,,,,,,,,,,,,,15112,false,0,0,,,,,,,,,,,,,,,,,,,,,,,,,,,,,,,,,,,,,,,,
"2025-09-02 15:13:17.4444190Z","ETW","Microsoft-Antimalware-Engine",11,"Behavior Monitoring BmModuleLoad",15112,13020,"Notepad.exe",,,,"C:\Windows\System32\ntdll.dll",,,,,,,,,,,,[],,,,,,,,,,,,,,,,,,,,,,,,,,,,,,,,,,,,,,,,,,,,,,,,,,,,,,,,,,,,,,,,,,,,,,,,,,,,,,,,,,,,,,,,,,,,,,,,,,,,,,,,,,,,,,,,,,,,,,,,
"2025-09-02 15:13:17.4444554Z","ETW","Microsoft-Antimalware-Engine",111,"Behavior Monitoring BmNotificationHandleStart",15112,3012,"Notepad.exe",,,,,,,,,,,,,,,,[],,,,,,,,,,,,,,,,,,,,,,,,,,,,,,,,,,,,,,,,,,,,,,,,,,,,,,,,,,,,,,,,,,,,,,,,,,,,,,,,,16401,3935732,0,,,,,,,,,,,,,,,,,,,,,,,,,,,,,,,,,,,,,
"2025-09-02 15:13:17.4451528Z","ETW","Microsoft-Antimalware-Engine",59,"Message Info ",1912,3012,"MsMpEng.exe",,,,,,0,"Behavior:Win32/ExploitAttempt.ZA!dha","0x5BB3C187493B","9b9f35e3b87d39f15df8932701977e1f4f0409c6",,,,,,,[],,,,,,,,,,,,,,,,,,,,,,,,,,,,,,,,,,,,,,,,,,,,,,,,,,,,,,,,,,,,,,,,,,,,,,,,,,,,,,,,,,,,,,,,,,,,,,,,,,,,,,,,,,,,,,,,,,,,,,,,
"2025-09-02 15:13:17.4453538Z","ETW","Microsoft-Windows-Kernel-Process",5,"ImageLoadInfo ",15112,14224,"Notepad.exe",,,,"C:\Windows\System32\kernel32.dll",,,,,,,,,,,,[{"addr":140736918203828,"idx":0},{"addr":140736917192506,"idx":1},{"addr":140736917191278,"idx":2},{"addr":140736917190209,"idx":3},{"addr":140736916804181,"idx":4},{"addr":140736916785218,"idx":5},{"addr":140736916784352,"idx":6},{"addr":140736917101952,"idx":7},{"addr":140736917649076,"idx":8},{"addr":140736917165243,"idx":9},{"addr":140736917158036,"idx":10},{"addr":140736917157502,"idx":11},{"addr":140736916971470,"idx":12}],,,,,,,,,15112,,,,,,,,,,,,,,,,,,,,,,,,,,,,,,,,,,,,2842556120,140736896892928,140736896892928,880212,823296,,,,,,,,,,,,,,,,,,,,,,,,,,,,,,,,,,,,,,,,,,,,,,,,,,,,,,,,,,,,,,,,,,,,,,,
"2025-09-02 15:13:17.4454901Z","ETW","Microsoft-Windows-Kernel-Process",5,"ImageLoadInfo ",15112,14224,"Notepad.exe",,,,"C:\Windows\System32\KernelBase.dll",,,,,,,,,,,,[{"addr":140736918203828,"idx":0},{"addr":140736917192506,"idx":1},{"addr":140736917191278,"idx":2},{"addr":140736917190209,"idx":3},{"addr":140736916798526,"idx":4},{"addr":140736916790798,"idx":5},{"addr":140736917191656,"idx":6},{"addr":140736917190209,"idx":7},{"addr":140736916804181,"idx":8},{"addr":140736916785218,"idx":9},{"addr":140736916784352,"idx":10},{"addr":140736917101952,"idx":11},{"addr":140736917649076,"idx":12},{"addr":140736917165243,"idx":13},{"addr":140736917158036,"idx":14},{"addr":140736917157502,"idx":15},{"addr":140736916971470,"idx":16}],,,,,,,,,15112,,,,,,,,,,,,,,,,,,,,,,,,,,,,,,,,,,,,1916522255,140736871923712,140736871923712,4150506,4128768,,,,,,,,,,,,,,,,,,,,,,,,,,,,,,,,,,,,,,,,,,,,,,,,,,,,,,,,,,,,,,,,,,,,,,,
"2025-09-02 15:13:17.4457883Z","ETW","Microsoft-Antimalware-Engine",112,"Behavior Monitoring BmNotificationHandleStop",15112,3012,"Notepad.exe",,,,,,,,,,,,,,,,[],,,,,,,,,,,,,,,,,,,,,,,,,,,,,,,,,,,,,,,,,,,,,,,,,,,,,,,,,,,,,,,,,,,,,,,,,,,,,,,,,16401,3935732,0,false,true,0,,,,,,,,,,,,,,,,,,,,,,,,,,,,,,,,,,
"2025-09-02 15:13:17.4458123Z","ETW","Microsoft-Windows-Kernel-Audit-API-Calls",5,"Info ",1912,3012,"MsMpEng.exe",,,,,,,,,,,,,,,,[{"addr":140736918203764,"idx":0},{"addr":140736872731894,"idx":1},{"addr":140733810479103,"idx":2},{"addr":140733810478599,"idx":3},{"addr":140733811467421,"idx":4},{"addr":140733811466488,"idx":5},{"addr":140733810456419,"idx":6},{"addr":140733810413765,"idx":7},{"addr":140733810417057,"idx":8},{"addr":140733810415802,"idx":9},{"addr":140733810413462,"idx":10},{"addr":140733809657173,"idx":11},{"addr":140733810411971,"idx":12},{"addr":140733810411092,"idx":13},{"addr":140733815162932,"idx":14},{"addr":140733815162655,"idx":15},{"addr":140736917255712,"idx":16},{"addr":140736917350945,"idx":17},{"addr":140736897083607,"idx":18},{"addr":140736916996940,"idx":19}],,,,,,,,,,,,,,,,,,,5136,0,15112,,,,,,,,,,,,,,,,,,,,,,,,,,,,,,,,,,,,,,,,,,,,,,,,,,,,,,,,,,,,,,,,,,,,,,,,,,,,,,,,,,,,,,,,,,,,,,,,,,,
"2025-09-02 15:13:17.4458440Z","ETW","Microsoft-Antimalware-Engine",111,"Behavior Monitoring BmNotificationHandleStart",15112,3012,"Notepad.exe",,,,,,,,,,,,,,,,[],,,,,,,,,,,,,,,,,,,,,,,,,,,,,,,,,,,,,,,,,,,,,,,,,,,,,,,,,,,,,,,,,,,,,,,,,,,,,,,,,16407,3935732,0,,,,,,,,,,,,,,,,,,,,,,,,,,,,,,,,,,,,,
"2025-09-02 15:13:17.4458702Z","ETW","Microsoft-Antimalware-Engine",112,"Behavior Monitoring BmNotificationHandleStop",15112,3012,"Notepad.exe",,,,,,,,,,,,,,,,[],,,,,,,,,,,,,,,,,,,,,,,,,,,,,,,,,,,,,,,,,,,,,,,,,,,,,,,,,,,,,,,,,,,,,,,,,,,,,,,,,16407,3935732,0,false,false,0,,,,,,,,,,,,,,,,,,,,,,,,,,,,,,,,,,
"2025-09-02 15:13:17.4458761Z","ETW","Microsoft-Antimalware-Engine",111,"Behavior Monitoring BmNotificationHandleStart",15112,3012,"Notepad.exe",,,,,,,,,,,,,,,,[],,,,,,,,,,,,,,,,,,,,,,,,,,,,,,,,,,,,,,,,,,,,,,,,,,,,,,,,,,,,,,,,,,,,,,,,,,,,,,,,,16526,0,0,,,,,,,,,,,,,,,,,,,,,,,,,,,,,,,,,,,,,
"2025-09-02 15:13:17.4459377Z","ETW","Microsoft-Antimalware-Engine",112,"Behavior Monitoring BmNotificationHandleStop",15112,3012,"Notepad.exe",,,,,,,,,,,,,,,,[],,,,,,,,,,,,,,,,,,,,,,,,,,,,,,,,,,,,,,,,,,,,,,,,,,,,,,,,,,,,,,,,,,,,,,,,,,,,,,,,,16526,0,0,false,false,0,,,,,,,,,,,,,,,,,,,,,,,,,,,,,,,,,,
"2025-09-02 15:13:17.4459401Z","ETW","Microsoft-Antimalware-Engine",111,"Behavior Monitoring BmNotificationHandleStart",15112,3012,"Notepad.exe",,,,,,,,,,,,,,,,[],,,,,,,,,,,,,,,,,,,,,,,,,,,,,,,,,,,,,,,,,,,,,,,,,,,,,,,,,,,,,,,,,,,,,,,,,,,,,,,,,16526,0,0,,,,,,,,,,,,,,,,,,,,,,,,,,,,,,,,,,,,,
"2025-09-02 15:13:17.4459988Z","ETW","Microsoft-Antimalware-Engine",112,"Behavior Monitoring BmNotificationHandleStop",15112,3012,"Notepad.exe",,,,,,,,,,,,,,,,[],,,,,,,,,,,,,,,,,,,,,,,,,,,,,,,,,,,,,,,,,,,,,,,,,,,,,,,,,,,,,,,,,,,,,,,,,,,,,,,,,16526,0,0,false,true,0,,,,,,,,,,,,,,,,,,,,,,,,,,,,,,,,,,
"2025-09-02 15:13:17.4460176Z","ETW","Microsoft-Antimalware-Engine",111,"Behavior Monitoring BmNotificationHandleStart",15112,3012,"Notepad.exe",,,,,,,,,,,,,,,,[],,,,,,,,,,,,,,,,,,,,,,,,,,,,,,,,,,,,,,,,,,,,,,,,,,,,,,,,,,,,,,,,,,,,,,,,,,,,,,,,,16526,0,0,,,,,,,,,,,,,,,,,,,,,,,,,,,,,,,,,,,,,
"2025-09-02 15:13:17.4460214Z","ETW","Microsoft-Antimalware-Engine",111,"Behavior Monitoring BmNotificationHandleStart",16284,10404,"attack.exe",,,,,,,,,,,,,,,,[],,,,,,,,,,,,,,,,,,,,,,,,,,,,,,,,,,,,,,,,,,,,,,,,,,,,,,,,,,,,,,,,,,,,,,,,,,,,,,,,,16526,0,1,,,,,,,,,,,,,,,,,,,,,,,,,,,,,,,,,,,,,
"2025-09-02 15:13:17.4460390Z","ETW","Microsoft-Antimalware-Engine",112,"Behavior Monitoring BmNotificationHandleStop",16284,10404,"attack.exe",,,,,,,,,,,,,,,,[],,,,,,,,,,,,,,,,,,,,,,,,,,,,,,,,,,,,,,,,,,,,,,,,,,,,,,,,,,,,,,,,,,,,,,,,,,,,,,,,,16526,0,1,false,false,0,,,,,,,,,,,,,,,,,,,,,,,,,,,,,,,,,,
"2025-09-02 15:13:17.4460420Z","ETW","Microsoft-Antimalware-Engine",111,"Behavior Monitoring BmNotificationHandleStart",16284,10404,"attack.exe",,,,,,,,,,,,,,,,[],,,,,,,,,,,,,,,,,,,,,,,,,,,,,,,,,,,,,,,,,,,,,,,,,,,,,,,,,,,,,,,,,,,,,,,,,,,,,,,,,16526,0,1,,,,,,,,,,,,,,,,,,,,,,,,,,,,,,,,,,,,,
"2025-09-02 15:13:17.4460497Z","ETW","Microsoft-Antimalware-Engine",112,"Behavior Monitoring BmNotificationHandleStop",16284,10404,"attack.exe",,,,,,,,,,,,,,,,[],,,,,,,,,,,,,,,,,,,,,,,,,,,,,,,,,,,,,,,,,,,,,,,,,,,,,,,,,,,,,,,,,,,,,,,,,,,,,,,,,16526,0,1,false,false,0,,,,,,,,,,,,,,,,,,,,,,,,,,,,,,,,,,
"2025-09-02 15:13:17.4460569Z","ETW","Microsoft-Antimalware-Engine",112,"Behavior Monitoring BmNotificationHandleStop",15112,3012,"Notepad.exe",,,,,,,,,,,,,,,,[],,,,,,,,,,,,,,,,,,,,,,,,,,,,,,,,,,,,,,,,,,,,,,,,,,,,,,,,,,,,,,,,,,,,,,,,,,,,,,,,,16526,0,0,false,false,0,,,,,,,,,,,,,,,,,,,,,,,,,,,,,,,,,,
"2025-09-02 15:13:17.4460599Z","ETW","Microsoft-Antimalware-Engine",111,"Behavior Monitoring BmNotificationHandleStart",15112,3012,"Notepad.exe",,,,,,,,,,,,,,,,[],,,,,,,,,,,,,,,,,,,,,,,,,,,,,,,,,,,,,,,,,,,,,,,,,,,,,,,,,,,,,,,,,,,,,,,,,,,,,,,,,16526,0,0,,,,,,,,,,,,,,,,,,,,,,,,,,,,,,,,,,,,,
"2025-09-02 15:13:17.4461605Z","ETW","Microsoft-Antimalware-Engine",112,"Behavior Monitoring BmNotificationHandleStop",15112,3012,"Notepad.exe",,,,,,,,,,,,,,,,[],,,,,,,,,,,,,,,,,,,,,,,,,,,,,,,,,,,,,,,,,,,,,,,,,,,,,,,,,,,,,,,,,,,,,,,,,,,,,,,,,16526,0,0,false,true,0,,,,,,,,,,,,,,,,,,,,,,,,,,,,,,,,,,
"2025-09-02 15:13:17.4461629Z","ETW","Microsoft-Antimalware-Engine",111,"Behavior Monitoring BmNotificationHandleStart",15112,3012,"Notepad.exe",,,,,,,,,,,,,,,,[],,,,,,,,,,,,,,,,,,,,,,,,,,,,,,,,,,,,,,,,,,,,,,,,,,,,,,,,,,,,,,,,,,,,,,,,,,,,,,,,,16526,0,0,,,,,,,,,,,,,,,,,,,,,,,,,,,,,,,,,,,,,
"2025-09-02 15:13:17.4462211Z","ETW","Microsoft-Antimalware-Engine",112,"Behavior Monitoring BmNotificationHandleStop",15112,3012,"Notepad.exe",,,,,,,,,,,,,,,,[],,,,,,,,,,,,,,,,,,,,,,,,,,,,,,,,,,,,,,,,,,,,,,,,,,,,,,,,,,,,,,,,,,,,,,,,,,,,,,,,,16526,0,0,false,true,0,,,,,,,,,,,,,,,,,,,,,,,,,,,,,,,,,,
"2025-09-02 15:13:17.4462323Z","ETW","Microsoft-Antimalware-Engine",111,"Behavior Monitoring BmNotificationHandleStart",15112,3012,"Notepad.exe",,,,,,,,,,,,,,,,[],,,,,,,,,,,,,,,,,,,,,,,,,,,,,,,,,,,,,,,,,,,,,,,,,,,,,,,,,,,,,,,,,,,,,,,,,,,,,,,,,16526,0,0,,,,,,,,,,,,,,,,,,,,,,,,,,,,,,,,,,,,,
"2025-09-02 15:13:17.4462360Z","ETW","Microsoft-Antimalware-Engine",111,"Behavior Monitoring BmNotificationHandleStart",16284,10404,"attack.exe",,,,,,,,,,,,,,,,[],,,,,,,,,,,,,,,,,,,,,,,,,,,,,,,,,,,,,,,,,,,,,,,,,,,,,,,,,,,,,,,,,,,,,,,,,,,,,,,,,16526,0,1,,,,,,,,,,,,,,,,,,,,,,,,,,,,,,,,,,,,,
"2025-09-02 15:13:17.4462462Z","ETW","Microsoft-Antimalware-Engine",112,"Behavior Monitoring BmNotificationHandleStop",16284,10404,"attack.exe",,,,,,,,,,,,,,,,[],,,,,,,,,,,,,,,,,,,,,,,,,,,,,,,,,,,,,,,,,,,,,,,,,,,,,,,,,,,,,,,,,,,,,,,,,,,,,,,,,16526,0,1,false,false,0,,,,,,,,,,,,,,,,,,,,,,,,,,,,,,,,,,
"2025-09-02 15:13:17.4462480Z","ETW","Microsoft-Antimalware-Engine",111,"Behavior Monitoring BmNotificationHandleStart",16284,10404,"attack.exe",,,,,,,,,,,,,,,,[],,,,,,,,,,,,,,,,,,,,,,,,,,,,,,,,,,,,,,,,,,,,,,,,,,,,,,,,,,,,,,,,,,,,,,,,,,,,,,,,,16526,0,1,,,,,,,,,,,,,,,,,,,,,,,,,,,,,,,,,,,,,
"2025-09-02 15:13:17.4462545Z","ETW","Microsoft-Antimalware-Engine",112,"Behavior Monitoring BmNotificationHandleStop",16284,10404,"attack.exe",,,,,,,,,,,,,,,,[],,,,,,,,,,,,,,,,,,,,,,,,,,,,,,,,,,,,,,,,,,,,,,,,,,,,,,,,,,,,,,,,,,,,,,,,,,,,,,,,,16526,0,1,false,false,0,,,,,,,,,,,,,,,,,,,,,,,,,,,,,,,,,,
"2025-09-02 15:13:17.4462687Z","ETW","Microsoft-Antimalware-Engine",112,"Behavior Monitoring BmNotificationHandleStop",15112,3012,"Notepad.exe",,,,,,,,,,,,,,,,[],,,,,,,,,,,,,,,,,,,,,,,,,,,,,,,,,,,,,,,,,,,,,,,,,,,,,,,,,,,,,,,,,,,,,,,,,,,,,,,,,16526,0,0,false,false,0,,,,,,,,,,,,,,,,,,,,,,,,,,,,,,,,,,
"2025-09-02 15:13:17.4462841Z","ETW","Microsoft-Antimalware-Engine",111,"Behavior Monitoring BmNotificationHandleStart",15112,3012,"Notepad.exe",,,,,,,,,,,,,,,,[],,,,,,,,,,,,,,,,,,,,,,,,,,,,,,,,,,,,,,,,,,,,,,,,,,,,,,,,,,,,,,,,,,,,,,,,,,,,,,,,,16404,3935736,0,,,,,,,,,,,,,,,,,,,,,,,,,,,,,,,,,,,,,
"2025-09-02 15:13:17.4464212Z","ETW","Microsoft-Antimalware-Engine",112,"Behavior Monitoring BmNotificationHandleStop",15112,3012,"Notepad.exe",,,,,,,,,,,,,,,,[],,,,,,,,,,,,,,,,,,,,,,,,,,,,,,,,,,,,,,,,,,,,,,,,,,,,,,,,,,,,,,,,,,,,,,,,,,,,,,,,,16404,3935736,0,false,true,0,,,,,,,,,,,,,,,,,,,,,,,,,,,,,,,,,,
"2025-09-02 15:13:17.4465389Z","ETW","Microsoft-Antimalware-Engine",111,"Behavior Monitoring BmNotificationHandleStart",16284,10404,"attack.exe",,,,,,,,,,,,,,,,[],,,,,,,,,,,,,,,,,,,,,,,,,,,,,,,,,,,,,,,,,,,,,,,,,,,,,,,,,,,,,,,,,,,,,,,,,,,,,,,,,16404,3935736,1,,,,,,,,,,,,,,,,,,,,,,,,,,,,,,,,,,,,,
"2025-09-02 15:13:17.4465876Z","ETW","Microsoft-Antimalware-Engine",112,"Behavior Monitoring BmNotificationHandleStop",16284,10404,"attack.exe",,,,,,,,,,,,,,,,[],,,,,,,,,,,,,,,,,,,,,,,,,,,,,,,,,,,,,,,,,,,,,,,,,,,,,,,,,,,,,,,,,,,,,,,,,,,,,,,,,16404,3935736,1,false,false,0,,,,,,,,,,,,,,,,,,,,,,,,,,,,,,,,,,
"2025-09-02 15:13:17.4466743Z","ETW","Microsoft-Antimalware-Engine",11,"Behavior Monitoring BmModuleLoad",15112,10404,"Notepad.exe",,,,"C:\Windows\System32\kernel32.dll",,,,,,,,,,,,[],,,,,,,,,,,,,,,,,,,,,,,,,,,,,,,,,,,,,,,,,,,,,,,,,,,,,,,,,,,,,,,,,,,,,,,,,,,,,,,,,,,,,,,,,,,,,,,,,,,,,,,,,,,,,,,,,,,,,,,,
"2025-09-02 15:13:17.4467045Z","ETW","Microsoft-Antimalware-Engine",111,"Behavior Monitoring BmNotificationHandleStart",15112,10404,"Notepad.exe",,,,,,,,,,,,,,,,[],,,,,,,,,,,,,,,,,,,,,,,,,,,,,,,,,,,,,,,,,,,,,,,,,,,,,,,,,,,,,,,,,,,,,,,,,,,,,,,,,16404,3935737,0,,,,,,,,,,,,,,,,,,,,,,,,,,,,,,,,,,,,,
"2025-09-02 15:13:17.4467468Z","ETW","Microsoft-Antimalware-Engine",112,"Behavior Monitoring BmNotificationHandleStop",15112,10404,"Notepad.exe",,,,,,,,,,,,,,,,[],,,,,,,,,,,,,,,,,,,,,,,,,,,,,,,,,,,,,,,,,,,,,,,,,,,,,,,,,,,,,,,,,,,,,,,,,,,,,,,,,16404,3935737,0,false,false,0,,,,,,,,,,,,,,,,,,,,,,,,,,,,,,,,,,
"2025-09-02 15:13:17.4468830Z","ETW","Microsoft-Antimalware-Engine",11,"Behavior Monitoring BmModuleLoad",15112,13020,"Notepad.exe",,,,"C:\Windows\System32\KernelBase.dll",,,,,,,,,,,,[],,,,,,,,,,,,,,,,,,,,,,,,,,,,,,,,,,,,,,,,,,,,,,,,,,,,,,,,,,,,,,,,,,,,,,,,,,,,,,,,,,,,,,,,,,,,,,,,,,,,,,,,,,,,,,,,,,,,,,,,
"2025-09-02 15:13:17.4469113Z","ETW","Microsoft-Windows-Kernel-Process",3,"ThreadStartStart ",15112,14224,"Notepad.exe",,,,,,,,,,,,,,,,[{"addr":140736918214756,"idx":0},{"addr":140736917348769,"idx":1},{"addr":140736917700534,"idx":2},{"addr":140736916798680,"idx":3},{"addr":140736916790798,"idx":4},{"addr":140736917165509,"idx":5},{"addr":140736917158036,"idx":6},{"addr":140736917157502,"idx":7},{"addr":140736916971470,"idx":8}],,,,,,,,,15112,18446639081570439168,18446639081570414592,140736917348896,0,1062507925504,12124,1062510526464,1062510522368,140736917348896,,,,,,,,,,,,,,,,,,,,,,,,,,,,,,,,,,,,,,,,,,,,,,,,,,,,,,,,,,,,,,,,,,,,,,,,,,,,,,,,,,,,,,,,,,,,,,,,,,,,,,
"2025-09-02 15:13:17.4469140Z","ETW","Microsoft-Antimalware-Engine",111,"Behavior Monitoring BmNotificationHandleStart",15112,13020,"Notepad.exe",,,,,,,,,,,,,,,,[],,,,,,,,,,,,,,,,,,,,,,,,,,,,,,,,,,,,,,,,,,,,,,,,,,,,,,,,,,,,,,,,,,,,,,,,,,,,,,,,,16404,3935738,0,,,,,,,,,,,,,,,,,,,,,,,,,,,,,,,,,,,,,
"2025-09-02 15:13:17.4469624Z","ETW","Microsoft-Antimalware-Engine",112,"Behavior Monitoring BmNotificationHandleStop",15112,13020,"Notepad.exe",,,,,,,,,,,,,,,,[],,,,,,,,,,,,,,,,,,,,,,,,,,,,,,,,,,,,,,,,,,,,,,,,,,,,,,,,,,,,,,,,,,,,,,,,,,,,,,,,,16404,3935738,0,false,false,0,,,,,,,,,,,,,,,,,,,,,,,,,,,,,,,,,,
"2025-09-02 15:13:17.4469764Z","ETW","Microsoft-Windows-Kernel-Process",5,"ImageLoadInfo ",15112,14224,"Notepad.exe",,,,"C:\Windows\System32\user32.dll",,,,,,,,,,,,[{"addr":140736918203828,"idx":0},{"addr":140736917192506,"idx":1},{"addr":140736917191278,"idx":2},{"addr":140736917190209,"idx":3},{"addr":140736916798526,"idx":4},{"addr":140736916790798,"idx":5},{"addr":140736917165509,"idx":6},{"addr":140736917158036,"idx":7},{"addr":140736917157502,"idx":8},{"addr":140736916971470,"idx":9}],,,,,,,,,15112,,,,,,,,,,,,,,,,,,,,,,,,,,,,,,,,,,,,3594986103,140736914063360,140736914063360,1919723,1855488,,,,,,,,,,,,,,,,,,,,,,,,,,,,,,,,,,,,,,,,,,,,,,,,,,,,,,,,,,,,,,,,,,,,,,,
"2025-09-02 15:13:17.4471013Z","ETW","Microsoft-Windows-Kernel-Process",5,"ImageLoadInfo ",15112,14224,"Notepad.exe",,,,"C:\Windows\System32\win32u.dll",,,,,,,,,,,,[{"addr":140736918203828,"idx":0},{"addr":140736917192506,"idx":1},{"addr":140736917191278,"idx":2},{"addr":140736917190209,"idx":3},{"addr":140736916798526,"idx":4},{"addr":140736916790798,"idx":5},{"addr":140736917191656,"idx":6},{"addr":140736917190209,"idx":7},{"addr":140736916798526,"idx":8},{"addr":140736916790798,"idx":9},{"addr":140736917165509,"idx":10},{"addr":140736917158036,"idx":11},{"addr":140736917157502,"idx":12},{"addr":140736916971470,"idx":13}],,,,,,,,,15112,,,,,,,,,,,,,,,,,,,,,,,,,,,,,,,,,,,,4080079730,140736876118016,140736876118016,179667,159744,,,,,,,,,,,,,,,,,,,,,,,,,,,,,,,,,,,,,,,,,,,,,,,,,,,,,,,,,,,,,,,,,,,,,,,
"2025-09-02 15:13:17.4471780Z","ETW","Microsoft-Windows-Kernel-Process",3,"ThreadStartStart ",15112,14224,"Notepad.exe",,,,,,,,,,,,,,,,[{"addr":140736918214756,"idx":0},{"addr":140736917348769,"idx":1},{"addr":140736917700534,"idx":2},{"addr":140736916791223,"idx":3},{"addr":140736917191656,"idx":4},{"addr":140736917190209,"idx":5},{"addr":140736916798526,"idx":6},{"addr":140736916790798,"idx":7},{"addr":140736917191656,"idx":8},{"addr":140736917190209,"idx":9},{"addr":140736916798526,"idx":10},{"addr":140736916790798,"idx":11},{"addr":140736917165509,"idx":12},{"addr":140736917158036,"idx":13},{"addr":140736917157502,"idx":14},{"addr":140736916971470,"idx":15}],,,,,,,,,15112,18446639081570467840,18446639081570443264,140736917348896,0,1062507933696,17548,1062511575040,1062511570944,140736917348896,,,,,,,,,,,,,,,,,,,,,,,,,,,,,,,,,,,,,,,,,,,,,,,,,,,,,,,,,,,,,,,,,,,,,,,,,,,,,,,,,,,,,,,,,,,,,,,,,,,,,,
"2025-09-02 15:13:17.4472462Z","ETW","Microsoft-Windows-Kernel-Process",5,"ImageLoadInfo ",15112,14224,"Notepad.exe",,,,"C:\Windows\System32\gdi32.dll",,,,,,,,,,,,[{"addr":140736918203828,"idx":0},{"addr":140736917192506,"idx":1},{"addr":140736917191278,"idx":2},{"addr":140736917190209,"idx":3},{"addr":140736916798526,"idx":4},{"addr":140736916790798,"idx":5},{"addr":140736917191656,"idx":6},{"addr":140736917190209,"idx":7},{"addr":140736916798526,"idx":8},{"addr":140736916790798,"idx":9},{"addr":140736917165509,"idx":10},{"addr":140736917158036,"idx":11},{"addr":140736917157502,"idx":12},{"addr":140736916971470,"idx":13}],,,,,,,,,15112,,,,,,,,,,,,,,,,,,,,,,,,,,,,,,,,,,,,226377214,140736902135808,140736902135808,213118,176128,,,,,,,,,,,,,,,,,,,,,,,,,,,,,,,,,,,,,,,,,,,,,,,,,,,,,,,,,,,,,,,,,,,,,,,
"2025-09-02 15:13:17.4473909Z","ETW","Microsoft-Windows-Kernel-Process",5,"ImageLoadInfo ",15112,14224,"Notepad.exe",,,,"C:\Windows\System32\gdi32full.dll",,,,,,,,,,,,[{"addr":140736918203828,"idx":0},{"addr":140736917192506,"idx":1},{"addr":140736917191278,"idx":2},{"addr":140736917190209,"idx":3},{"addr":140736916798526,"idx":4},{"addr":140736916790798,"idx":5},{"addr":140736917191656,"idx":6},{"addr":140736917190209,"idx":7},{"addr":140736916798526,"idx":8},{"addr":140736916790798,"idx":9},{"addr":140736917191656,"idx":10},{"addr":140736917190209,"idx":11},{"addr":140736916798526,"idx":12},{"addr":140736916790798,"idx":13},{"addr":140736917165509,"idx":14},{"addr":140736917158036,"idx":15},{"addr":140736917157502,"idx":16},{"addr":140736916971470,"idx":17}],,,,,,,,,15112,,,,,,,,,,,,,,,,,,,,,,,,,,,,,,,,,,,,4226913238,140736869040128,140736869040128,1298614,1277952,,,,,,,,,,,,,,,,,,,,,,,,,,,,,,,,,,,,,,,,,,,,,,,,,,,,,,,,,,,,,,,,,,,,,,,
"2025-09-02 15:13:17.4475112Z","ETW","Microsoft-Windows-Kernel-Process",5,"ImageLoadInfo ",15112,14224,"Notepad.exe",,,,"C:\Windows\System32\msvcp_win.dll",,,,,,,,,,,,[{"addr":140736918203828,"idx":0},{"addr":140736917192506,"idx":1},{"addr":140736917191278,"idx":2},{"addr":140736917190209,"idx":3},{"addr":140736916798526,"idx":4},{"addr":140736916790798,"idx":5},{"addr":140736917191656,"idx":6},{"addr":140736917190209,"idx":7},{"addr":140736916798526,"idx":8},{"addr":140736916790798,"idx":9},{"addr":140736917191656,"idx":10},{"addr":140736917190209,"idx":11},{"addr":140736916798526,"idx":12},{"addr":140736916790798,"idx":13},{"addr":140736917191656,"idx":14},{"addr":140736917190209,"idx":15},{"addr":140736916798526,"idx":16},{"addr":140736916790798,"idx":17},{"addr":140736917165509,"idx":18},{"addr":140736917158036,"idx":19},{"addr":140736917157502,"idx":20},{"addr":140736916971470,"idx":21}],,,,,,,,,15112,,,,,,,,,,,,,,,,,,,,,,,,,,,,,,,,,,,,2240469762,140736868319232,140736868319232,703256,667648,,,,,,,,,,,,,,,,,,,,,,,,,,,,,,,,,,,,,,,,,,,,,,,,,,,,,,,,,,,,,,,,,,,,,,,
"2025-09-02 15:13:17.4476288Z","ETW","Microsoft-Windows-Kernel-Process",5,"ImageLoadInfo ",15112,14224,"Notepad.exe",,,,"C:\Windows\System32\ucrtbase.dll",,,,,,,,,,,,[{"addr":140736918203828,"idx":0},{"addr":140736917192506,"idx":1},{"addr":140736917191278,"idx":2},{"addr":140736917190209,"idx":3},{"addr":140736916798526,"idx":4},{"addr":140736916790798,"idx":5},{"addr":140736917191656,"idx":6},{"addr":140736917190209,"idx":7},{"addr":140736916798526,"idx":8},{"addr":140736916790798,"idx":9},{"addr":140736917191656,"idx":10},{"addr":140736917190209,"idx":11},{"addr":140736916798526,"idx":12},{"addr":140736916790798,"idx":13},{"addr":140736917191656,"idx":14},{"addr":140736917190209,"idx":15},{"addr":140736916798526,"idx":16},{"addr":140736916790798,"idx":17},{"addr":140736917191656,"idx":18},{"addr":140736917190209,"idx":19},{"addr":140736916798526,"idx":20},{"addr":140736916790798,"idx":21},{"addr":140736917165509,"idx":22},{"addr":140736917158036,"idx":23},{"addr":140736917157502,"idx":24},{"addr":140736916971470,"idx":25}],,,,,,,,,15112,,,,,,,,,,,,,,,,,,,,,,,,,,,,,,,,,,,,3686092271,140736876314624,140736876314624,1418583,1355776,,,,,,,,,,,,,,,,,,,,,,,,,,,,,,,,,,,,,,,,,,,,,,,,,,,,,,,,,,,,,,,,,,,,,,,
"2025-09-02 15:13:17.4477830Z","ETW","Microsoft-Windows-Kernel-Process",5,"ImageLoadInfo ",15112,14224,"Notepad.exe",,,,"C:\Windows\System32\ole32.dll",,,,,,,,,,,,[{"addr":140736918203828,"idx":0},{"addr":140736917192506,"idx":1},{"addr":140736917191278,"idx":2},{"addr":140736917190209,"idx":3},{"addr":140736916798526,"idx":4},{"addr":140736916790798,"idx":5},{"addr":140736917165509,"idx":6},{"addr":140736917158036,"idx":7},{"addr":140736917157502,"idx":8},{"addr":140736916971470,"idx":9}],,,,,,,,,15112,,,,,,,,,,,,,,,,,,,,,,,,,,,,,,,,,,,,916019586,140736897744896,140736897744896,1774113,1703936,,,,,,,,,,,,,,,,,,,,,,,,,,,,,,,,,,,,,,,,,,,,,,,,,,,,,,,,,,,,,,,,,,,,,,,
"2025-09-02 15:13:17.4477912Z","ETW","Microsoft-Windows-Kernel-Process",5,"ImageLoadInfo ",15112,12124,"Notepad.exe",,,,"C:\Program Files\WindowsApps\Microsoft.WindowsAppRuntime.1.7_7000.522.1444.0_x64__8wekyb3d8bbwe\Microsoft.UI.Windowing.Core.dll",,,,,,,,,,,,[{"addr":140736918203828,"idx":0},{"addr":140736917192506,"idx":1},{"addr":140736917191278,"idx":2},{"addr":140736917210764,"idx":3},{"addr":140736917201516,"idx":4},{"addr":140736917258922,"idx":5},{"addr":140736917255216,"idx":6},{"addr":140736917350945,"idx":7},{"addr":140736897083607,"idx":8},{"addr":140736916996940,"idx":9}],,,,,,,,,15112,,,,,,,,,,,,,,,,,,,,,,,,,,,,,,,,,,,,973683311,140734019993600,140734019993600,577285,532480,,,,,,,,,,,,,,,,,,,,,,,,,,,,,,,,,,,,,,,,,,,,,,,,,,,,,,,,,,,,,,,,,,,,,,,
"2025-09-02 15:13:17.4479548Z","ETW","Microsoft-Windows-Kernel-Process",5,"ImageLoadInfo ",15112,14224,"Notepad.exe",,,,"C:\Windows\System32\combase.dll",,,,,,,,,,,,[{"addr":140736918203828,"idx":0},{"addr":140736917192506,"idx":1},{"addr":140736917191278,"idx":2},{"addr":140736917190209,"idx":3},{"addr":140736916798526,"idx":4},{"addr":140736916790798,"idx":5},{"addr":140736917191656,"idx":6},{"addr":140736917190209,"idx":7},{"addr":140736916798526,"idx":8},{"addr":140736916790798,"idx":9},{"addr":140736917165509,"idx":10},{"addr":140736917158036,"idx":11},{"addr":140736917157502,"idx":12},{"addr":140736916971470,"idx":13}],,,,,,,,,15112,,,,,,,,,,,,,,,,,,,,,,,,,,,,,,,,,,,,670765882,140736909082624,140736909082624,3776119,3690496,,,,,,,,,,,,,,,,,,,,,,,,,,,,,,,,,,,,,,,,,,,,,,,,,,,,,,,,,,,,,,,,,,,,,,,
"2025-09-02 15:13:17.4481362Z","ETW","Microsoft-Windows-Kernel-Process",3,"ThreadStartStart ",15112,17548,"Notepad.exe",,,,,,,,,,,,,,,,[{"addr":140736918214756,"idx":0},{"addr":140736917257428,"idx":1},{"addr":140736917254706,"idx":2},{"addr":140736917350945,"idx":3},{"addr":140736897083607,"idx":4},{"addr":140736916996940,"idx":5}],,,,,,,,,15112,18446639081570525184,18446639081570500608,140736917348896,0,1062507941888,5040,1062512623616,1062512619520,140736917348896,,,,,,,,,,,,,,,,,,,,,,,,,,,,,,,,,,,,,,,,,,,,,,,,,,,,,,,,,,,,,,,,,,,,,,,,,,,,,,,,,,,,,,,,,,,,,,,,,,,,,,
"2025-09-02 15:13:17.4481617Z","ETW","Microsoft-Windows-Kernel-Process",5,"ImageLoadInfo ",15112,12124,"Notepad.exe",,,,"C:\Windows\System32\combase.dll",,,,,,,,,,,,[{"addr":140736918203828,"idx":0},{"addr":140736917192506,"idx":1},{"addr":140736917191278,"idx":2},{"addr":140736917190209,"idx":3},{"addr":140736916798526,"idx":4},{"addr":140736916790798,"idx":5},{"addr":140736917191656,"idx":6},{"addr":140736917210764,"idx":7},{"addr":140736917201516,"idx":8},{"addr":140736917258922,"idx":9},{"addr":140736917255216,"idx":10},{"addr":140736917350945,"idx":11},{"addr":140736897083607,"idx":12},{"addr":140736916996940,"idx":13}],,,,,,,,,15112,,,,,,,,,,,,,,,,,,,,,,,,,,,,,,,,,,,,670765882,2593500233728,2593500233728,3776119,3690496,,,,,,,,,,,,,,,,,,,,,,,,,,,,,,,,,,,,,,,,,,,,,,,,,,,,,,,,,,,,,,,,,,,,,,,
"2025-09-02 15:13:17.4482189Z","ETW","Microsoft-Windows-Kernel-Process",6,"ImageUnloadInfo ",15112,12124,"Notepad.exe",,,,"C:\Windows\System32\combase.dll",,,,,,,,,,,,[{"addr":140736918203892,"idx":0},{"addr":140736917192863,"idx":1},{"addr":140736917191278,"idx":2},{"addr":140736917190209,"idx":3},{"addr":140736916798526,"idx":4},{"addr":140736916790798,"idx":5},{"addr":140736917191656,"idx":6},{"addr":140736917210764,"idx":7},{"addr":140736917201516,"idx":8},{"addr":140736917258922,"idx":9},{"addr":140736917255216,"idx":10},{"addr":140736917350945,"idx":11},{"addr":140736897083607,"idx":12},{"addr":140736916996940,"idx":13}],,,,,,,,,15112,,,,,,,,,,,,,,,,,,,,,,,,,,,,,,,,,,,,670765882,2593500233728,2593500233728,3776119,3702784,,,,,,,,,,,,,,,,,,,,,,,,,,,,,,,,,,,,,,,,,,,,,,,,,,,,,,,,,,,,,,,,,,,,,,,
"2025-09-02 15:13:17.4482836Z","ETW","Microsoft-Windows-Kernel-Process",5,"ImageLoadInfo ",15112,12124,"Notepad.exe",,,,"C:\Windows\System32\oleaut32.dll",,,,,,,,,,,,[{"addr":140736918203828,"idx":0},{"addr":140736917192506,"idx":1},{"addr":140736917191278,"idx":2},{"addr":140736917190209,"idx":3},{"addr":140736916798526,"idx":4},{"addr":140736916790798,"idx":5},{"addr":140736917191656,"idx":6},{"addr":140736917210764,"idx":7},{"addr":140736917201516,"idx":8},{"addr":140736917258922,"idx":9},{"addr":140736917255216,"idx":10},{"addr":140736917350945,"idx":11},{"addr":140736897083607,"idx":12},{"addr":140736916996940,"idx":13}],,,,,,,,,15112,,,,,,,,,,,,,,,,,,,,,,,,,,,,,,,,,,,,2785821912,140736894861312,140736894861312,927709,917504,,,,,,,,,,,,,,,,,,,,,,,,,,,,,,,,,,,,,,,,,,,,,,,,,,,,,,,,,,,,,,,,,,,,,,,
"2025-09-02 15:13:17.4484708Z","ETW","Microsoft-Windows-Kernel-Process",5,"ImageLoadInfo ",15112,12124,"Notepad.exe",,,,"C:\Windows\System32\rpcrt4.dll",,,,,,,,,,,,[{"addr":140736918203828,"idx":0},{"addr":140736917192506,"idx":1},{"addr":140736917191278,"idx":2},{"addr":140736917190209,"idx":3},{"addr":140736916798526,"idx":4},{"addr":140736916790798,"idx":5},{"addr":140736917191656,"idx":6},{"addr":140736917190209,"idx":7},{"addr":140736916798526,"idx":8},{"addr":140736916790798,"idx":9},{"addr":140736917191656,"idx":10},{"addr":140736917210764,"idx":11},{"addr":140736917201516,"idx":12},{"addr":140736917258922,"idx":13},{"addr":140736917255216,"idx":14},{"addr":140736917350945,"idx":15},{"addr":140736897083607,"idx":16},{"addr":140736916996940,"idx":17}],,,,,,,,,15112,,,,,,,,,,,,,,,,,,,,,,,,,,,,,,,,,,,,755903142,2593500233728,2593500233728,1201440,1146880,,,,,,,,,,,,,,,,,,,,,,,,,,,,,,,,,,,,,,,,,,,,,,,,,,,,,,,,,,,,,,,,,,,,,,,
"2025-09-02 15:13:17.4485149Z","ETW","Microsoft-Windows-Kernel-Process",6,"ImageUnloadInfo ",15112,12124,"Notepad.exe",,,,"C:\Windows\System32\rpcrt4.dll",,,,,,,,,,,,[{"addr":140736918203892,"idx":0},{"addr":140736917192863,"idx":1},{"addr":140736917191278,"idx":2},{"addr":140736917190209,"idx":3},{"addr":140736916798526,"idx":4},{"addr":140736916790798,"idx":5},{"addr":140736917191656,"idx":6},{"addr":140736917190209,"idx":7},{"addr":140736916798526,"idx":8},{"addr":140736916790798,"idx":9},{"addr":140736917191656,"idx":10},{"addr":140736917210764,"idx":11},{"addr":140736917201516,"idx":12},{"addr":140736917258922,"idx":13},{"addr":140736917255216,"idx":14},{"addr":140736917350945,"idx":15},{"addr":140736897083607,"idx":16},{"addr":140736916996940,"idx":17}],,,,,,,,,15112,,,,,,,,,,,,,,,,,,,,,,,,,,,,,,,,,,,,755903142,2593500233728,2593500233728,1201440,1159168,,,,,,,,,,,,,,,,,,,,,,,,,,,,,,,,,,,,,,,,,,,,,,,,,,,,,,,,,,,,,,,,,,,,,,,
"2025-09-02 15:13:17.4485867Z","ETW","Microsoft-Windows-Kernel-Process",5,"ImageLoadInfo ",15112,12124,"Notepad.exe",,,,"C:\Windows\System32\rpcrt4.dll",,,,,,,,,,,,[{"addr":140736918203828,"idx":0},{"addr":140736917192506,"idx":1},{"addr":140736917191278,"idx":2},{"addr":140736917190209,"idx":3},{"addr":140736916798526,"idx":4},{"addr":140736916790798,"idx":5},{"addr":140736917191656,"idx":6},{"addr":140736917210764,"idx":7},{"addr":140736917201516,"idx":8},{"addr":140736917258922,"idx":9},{"addr":140736917255216,"idx":10},{"addr":140736917350945,"idx":11},{"addr":140736897083607,"idx":12},{"addr":140736916996940,"idx":13}],,,,,,,,,15112,,,,,,,,,,,,,,,,,,,,,,,,,,,,,,,,,,,,755903142,2593500233728,2593500233728,1201440,1146880,,,,,,,,,,,,,,,,,,,,,,,,,,,,,,,,,,,,,,,,,,,,,,,,,,,,,,,,,,,,,,,,,,,,,,,
"2025-09-02 15:13:17.4486225Z","ETW","Microsoft-Windows-Kernel-Process",6,"ImageUnloadInfo ",15112,12124,"Notepad.exe",,,,"C:\Windows\System32\rpcrt4.dll",,,,,,,,,,,,[{"addr":140736918203892,"idx":0},{"addr":140736917192863,"idx":1},{"addr":140736917191278,"idx":2},{"addr":140736917190209,"idx":3},{"addr":140736916798526,"idx":4},{"addr":140736916790798,"idx":5},{"addr":140736917191656,"idx":6},{"addr":140736917210764,"idx":7},{"addr":140736917201516,"idx":8},{"addr":140736917258922,"idx":9},{"addr":140736917255216,"idx":10},{"addr":140736917350945,"idx":11},{"addr":140736897083607,"idx":12},{"addr":140736916996940,"idx":13}],,,,,,,,,15112,,,,,,,,,,,,,,,,,,,,,,,,,,,,,,,,,,,,755903142,2593500233728,2593500233728,1201440,1159168,,,,,,,,,,,,,,,,,,,,,,,,,,,,,,,,,,,,,,,,,,,,,,,,,,,,,,,,,,,,,,,,,,,,,,,
"2025-09-02 15:13:17.4489947Z","ETW","Microsoft-Windows-Kernel-Process",5,"ImageLoadInfo ",15112,17548,"Notepad.exe",,,,"C:\Program Files\WindowsApps\Microsoft.WindowsAppRuntime.1.7_7000.522.1444.0_x64__8wekyb3d8bbwe\CoreMessagingXP.dll",,,,,,,,,,,,[{"addr":140736918203828,"idx":0},{"addr":140736917192506,"idx":1},{"addr":140736917191278,"idx":2},{"addr":140736917210764,"idx":3},{"addr":140736917201516,"idx":4},{"addr":140736917258922,"idx":5},{"addr":140736917255216,"idx":6},{"addr":140736917350945,"idx":7},{"addr":140736897083607,"idx":8},{"addr":140736916996940,"idx":9}],,,,,,,,,15112,,,,,,,,,,,,,,,,,,,,,,,,,,,,,,,,,,,,1993379101,140734017830912,140734017830912,1072872,1036288,,,,,,,,,,,,,,,,,,,,,,,,,,,,,,,,,,,,,,,,,,,,,,,,,,,,,,,,,,,,,,,,,,,,,,,
"2025-09-02 15:13:17.4490768Z","ETW","Microsoft-Antimalware-Engine",11,"Behavior Monitoring BmModuleLoad",15112,13020,"Notepad.exe",,,,"C:\Windows\System32\user32.dll",,,,,,,,,,,,[],,,,,,,,,,,,,,,,,,,,,,,,,,,,,,,,,,,,,,,,,,,,,,,,,,,,,,,,,,,,,,,,,,,,,,,,,,,,,,,,,,,,,,,,,,,,,,,,,,,,,,,,,,,,,,,,,,,,,,,,
"2025-09-02 15:13:17.4491024Z","ETW","Microsoft-Antimalware-Engine",111,"Behavior Monitoring BmNotificationHandleStart",15112,13020,"Notepad.exe",,,,,,,,,,,,,,,,[],,,,,,,,,,,,,,,,,,,,,,,,,,,,,,,,,,,,,,,,,,,,,,,,,,,,,,,,,,,,,,,,,,,,,,,,,,,,,,,,,16404,3935739,0,,,,,,,,,,,,,,,,,,,,,,,,,,,,,,,,,,,,,
"2025-09-02 15:13:17.4491100Z","ETW","Microsoft-Windows-Kernel-Process",5,"ImageLoadInfo ",15112,17548,"Notepad.exe",,,,"C:\Windows\System32\advapi32.dll",,,,,,,,,,,,[{"addr":140736918203828,"idx":0},{"addr":140736917192506,"idx":1},{"addr":140736917191278,"idx":2},{"addr":140736917190209,"idx":3},{"addr":140736916798526,"idx":4},{"addr":140736916790798,"idx":5},{"addr":140736917191656,"idx":6},{"addr":140736917210764,"idx":7},{"addr":140736917201516,"idx":8},{"addr":140736917258922,"idx":9},{"addr":140736917255216,"idx":10},{"addr":140736917350945,"idx":11},{"addr":140736897083607,"idx":12},{"addr":140736916996940,"idx":13}],,,,,,,,,15112,,,,,,,,,,,,,,,,,,,,,,,,,,,,,,,,,,,,2886261828,140736895844352,140736895844352,804270,737280,,,,,,,,,,,,,,,,,,,,,,,,,,,,,,,,,,,,,,,,,,,,,,,,,,,,,,,,,,,,,,,,,,,,,,,
"2025-09-02 15:13:17.4491373Z","ETW","Microsoft-Antimalware-Engine",112,"Behavior Monitoring BmNotificationHandleStop",15112,13020,"Notepad.exe",,,,,,,,,,,,,,,,[],,,,,,,,,,,,,,,,,,,,,,,,,,,,,,,,,,,,,,,,,,,,,,,,,,,,,,,,,,,,,,,,,,,,,,,,,,,,,,,,,16404,3935739,0,false,false,0,,,,,,,,,,,,,,,,,,,,,,,,,,,,,,,,,,
"2025-09-02 15:13:17.4492127Z","ETW","Microsoft-Windows-Kernel-Process",5,"ImageLoadInfo ",15112,17548,"Notepad.exe",,,,"C:\Windows\System32\msvcrt.dll",,,,,,,,,,,,[{"addr":140736918203828,"idx":0},{"addr":140736917192506,"idx":1},{"addr":140736917191278,"idx":2},{"addr":140736917190209,"idx":3},{"addr":140736916798526,"idx":4},{"addr":140736916790798,"idx":5},{"addr":140736917191656,"idx":6},{"addr":140736917190209,"idx":7},{"addr":140736916798526,"idx":8},{"addr":140736916790798,"idx":9},{"addr":140736917191656,"idx":10},{"addr":140736917210764,"idx":11},{"addr":140736917201516,"idx":12},{"addr":140736917258922,"idx":13},{"addr":140736917255216,"idx":14},{"addr":140736917350945,"idx":15},{"addr":140736897083607,"idx":16},{"addr":140736916996940,"idx":17}],,,,,,,,,15112,,,,,,,,,,,,,,,,,,,,,,,,,,,,,,,,,,,,2634004398,140736913342464,140736913342464,729924,692224,,,,,,,,,,,,,,,,,,,,,,,,,,,,,,,,,,,,,,,,,,,,,,,,,,,,,,,,,,,,,,,,,,,,,,,
"2025-09-02 15:13:17.4492977Z","ETW","Microsoft-Antimalware-Engine",11,"Behavior Monitoring BmModuleLoad",15112,13020,"Notepad.exe",,,,"C:\Windows\System32\win32u.dll",,,,,,,,,,,,[],,,,,,,,,,,,,,,,,,,,,,,,,,,,,,,,,,,,,,,,,,,,,,,,,,,,,,,,,,,,,,,,,,,,,,,,,,,,,,,,,,,,,,,,,,,,,,,,,,,,,,,,,,,,,,,,,,,,,,,,
"2025-09-02 15:13:17.4493189Z","ETW","Microsoft-Antimalware-Engine",111,"Behavior Monitoring BmNotificationHandleStart",15112,13020,"Notepad.exe",,,,,,,,,,,,,,,,[],,,,,,,,,,,,,,,,,,,,,,,,,,,,,,,,,,,,,,,,,,,,,,,,,,,,,,,,,,,,,,,,,,,,,,,,,,,,,,,,,16404,3935740,0,,,,,,,,,,,,,,,,,,,,,,,,,,,,,,,,,,,,,
"2025-09-02 15:13:17.4493554Z","ETW","Microsoft-Antimalware-Engine",112,"Behavior Monitoring BmNotificationHandleStop",15112,13020,"Notepad.exe",,,,,,,,,,,,,,,,[],,,,,,,,,,,,,,,,,,,,,,,,,,,,,,,,,,,,,,,,,,,,,,,,,,,,,,,,,,,,,,,,,,,,,,,,,,,,,,,,,16404,3935740,0,false,false,0,,,,,,,,,,,,,,,,,,,,,,,,,,,,,,,,,,
"2025-09-02 15:13:17.4493833Z","ETW","Microsoft-Windows-Kernel-Process",5,"ImageLoadInfo ",15112,17548,"Notepad.exe",,,,"C:\Windows\System32\sechost.dll",,,,,,,,,,,,[{"addr":140736918203828,"idx":0},{"addr":140736917192506,"idx":1},{"addr":140736917191278,"idx":2},{"addr":140736917190209,"idx":3},{"addr":140736916798526,"idx":4},{"addr":140736916790798,"idx":5},{"addr":140736917191656,"idx":6},{"addr":140736917190209,"idx":7},{"addr":140736916798526,"idx":8},{"addr":140736916790798,"idx":9},{"addr":140736917191656,"idx":10},{"addr":140736917210764,"idx":11},{"addr":140736917201516,"idx":12},{"addr":140736917258922,"idx":13},{"addr":140736917255216,"idx":14},{"addr":140736917350945,"idx":15},{"addr":140736897083607,"idx":16},{"addr":140736916996940,"idx":17}],,,,,,,,,15112,,,,,,,,,,,,,,,,,,,,,,,,,,,,,,,,,,,,918957807,140736881033216,140736881033216,733904,679936,,,,,,,,,,,,,,,,,,,,,,,,,,,,,,,,,,,,,,,,,,,,,,,,,,,,,,,,,,,,,,,,,,,,,,,
"2025-09-02 15:13:17.4494929Z","ETW","Microsoft-Antimalware-Engine",11,"Behavior Monitoring BmModuleLoad",15112,13020,"Notepad.exe",,,,"C:\Windows\System32\gdi32.dll",,,,,,,,,,,,[],,,,,,,,,,,,,,,,,,,,,,,,,,,,,,,,,,,,,,,,,,,,,,,,,,,,,,,,,,,,,,,,,,,,,,,,,,,,,,,,,,,,,,,,,,,,,,,,,,,,,,,,,,,,,,,,,,,,,,,,
"2025-09-02 15:13:17.4495166Z","ETW","Microsoft-Antimalware-Engine",111,"Behavior Monitoring BmNotificationHandleStart",15112,13020,"Notepad.exe",,,,,,,,,,,,,,,,[],,,,,,,,,,,,,,,,,,,,,,,,,,,,,,,,,,,,,,,,,,,,,,,,,,,,,,,,,,,,,,,,,,,,,,,,,,,,,,,,,16404,3935741,0,,,,,,,,,,,,,,,,,,,,,,,,,,,,,,,,,,,,,
"2025-09-02 15:13:17.4495168Z","ETW","Microsoft-Windows-Kernel-Process",5,"ImageLoadInfo ",15112,17548,"Notepad.exe",,,,"C:\Windows\System32\rpcrt4.dll",,,,,,,,,,,,[{"addr":140736918203828,"idx":0},{"addr":140736917192506,"idx":1},{"addr":140736917191278,"idx":2},{"addr":140736917190209,"idx":3},{"addr":140736916798526,"idx":4},{"addr":140736916790798,"idx":5},{"addr":140736917191656,"idx":6},{"addr":140736917190209,"idx":7},{"addr":140736916798526,"idx":8},{"addr":140736916790798,"idx":9},{"addr":140736917191656,"idx":10},{"addr":140736917210764,"idx":11},{"addr":140736917201516,"idx":12},{"addr":140736917258922,"idx":13},{"addr":140736917255216,"idx":14},{"addr":140736917350945,"idx":15},{"addr":140736897083607,"idx":16},{"addr":140736916996940,"idx":17}],,,,,,,,,15112,,,,,,,,,,,,,,,,,,,,,,,,,,,,,,,,,,,,755903142,2593500233728,2593500233728,1201440,1146880,,,,,,,,,,,,,,,,,,,,,,,,,,,,,,,,,,,,,,,,,,,,,,,,,,,,,,,,,,,,,,,,,,,,,,,
"2025-09-02 15:13:17.4495431Z","ETW","Microsoft-Antimalware-Engine",112,"Behavior Monitoring BmNotificationHandleStop",15112,13020,"Notepad.exe",,,,,,,,,,,,,,,,[],,,,,,,,,,,,,,,,,,,,,,,,,,,,,,,,,,,,,,,,,,,,,,,,,,,,,,,,,,,,,,,,,,,,,,,,,,,,,,,,,16404,3935741,0,false,false,0,,,,,,,,,,,,,,,,,,,,,,,,,,,,,,,,,,
"2025-09-02 15:13:17.4495444Z","ETW","Microsoft-Windows-Kernel-Process",6,"ImageUnloadInfo ",15112,17548,"Notepad.exe",,,,"C:\Windows\System32\rpcrt4.dll",,,,,,,,,,,,[{"addr":140736918203892,"idx":0},{"addr":140736917192863,"idx":1},{"addr":140736917191278,"idx":2},{"addr":140736917190209,"idx":3},{"addr":140736916798526,"idx":4},{"addr":140736916790798,"idx":5},{"addr":140736917191656,"idx":6},{"addr":140736917190209,"idx":7},{"addr":140736916798526,"idx":8},{"addr":140736916790798,"idx":9},{"addr":140736917191656,"idx":10},{"addr":140736917210764,"idx":11},{"addr":140736917201516,"idx":12},{"addr":140736917258922,"idx":13},{"addr":140736917255216,"idx":14},{"addr":140736917350945,"idx":15},{"addr":140736897083607,"idx":16},{"addr":140736916996940,"idx":17}],,,,,,,,,15112,,,,,,,,,,,,,,,,,,,,,,,,,,,,,,,,,,,,755903142,2593500233728,2593500233728,1201440,1159168,,,,,,,,,,,,,,,,,,,,,,,,,,,,,,,,,,,,,,,,,,,,,,,,,,,,,,,,,,,,,,,,,,,,,,,
"2025-09-02 15:13:17.4495917Z","ETW","Microsoft-Windows-Kernel-Process",5,"ImageLoadInfo ",15112,17548,"Notepad.exe",,,,"C:\Windows\System32\SHCore.dll",,,,,,,,,,,,[{"addr":140736918203828,"idx":0},{"addr":140736917192506,"idx":1},{"addr":140736917191278,"idx":2},{"addr":140736917190209,"idx":3},{"addr":140736916798526,"idx":4},{"addr":140736916790798,"idx":5},{"addr":140736917191656,"idx":6},{"addr":140736917210764,"idx":7},{"addr":140736917201516,"idx":8},{"addr":140736917258922,"idx":9},{"addr":140736917255216,"idx":10},{"addr":140736917350945,"idx":11},{"addr":140736897083607,"idx":12},{"addr":140736916996940,"idx":13}],,,,,,,,,15112,,,,,,,,,,,,,,,,,,,,,,,,,,,,,,,,,,,,742317482,140736902660096,140736902660096,1049363,1003520,,,,,,,,,,,,,,,,,,,,,,,,,,,,,,,,,,,,,,,,,,,,,,,,,,,,,,,,,,,,,,,,,,,,,,,
"2025-09-02 15:13:17.4497056Z","ETW","Microsoft-Antimalware-Engine",11,"Behavior Monitoring BmModuleLoad",15112,13020,"Notepad.exe",,,,"C:\Windows\System32\gdi32full.dll",,,,,,,,,,,,[],,,,,,,,,,,,,,,,,,,,,,,,,,,,,,,,,,,,,,,,,,,,,,,,,,,,,,,,,,,,,,,,,,,,,,,,,,,,,,,,,,,,,,,,,,,,,,,,,,,,,,,,,,,,,,,,,,,,,,,,
"2025-09-02 15:13:17.4497289Z","ETW","Microsoft-Antimalware-Engine",111,"Behavior Monitoring BmNotificationHandleStart",15112,13020,"Notepad.exe",,,,,,,,,,,,,,,,[],,,,,,,,,,,,,,,,,,,,,,,,,,,,,,,,,,,,,,,,,,,,,,,,,,,,,,,,,,,,,,,,,,,,,,,,,,,,,,,,,16404,3935742,0,,,,,,,,,,,,,,,,,,,,,,,,,,,,,,,,,,,,,
"2025-09-02 15:13:17.4497639Z","ETW","Microsoft-Antimalware-Engine",112,"Behavior Monitoring BmNotificationHandleStop",15112,13020,"Notepad.exe",,,,,,,,,,,,,,,,[],,,,,,,,,,,,,,,,,,,,,,,,,,,,,,,,,,,,,,,,,,,,,,,,,,,,,,,,,,,,,,,,,,,,,,,,,,,,,,,,,16404,3935742,0,false,false,0,,,,,,,,,,,,,,,,,,,,,,,,,,,,,,,,,,
"2025-09-02 15:13:17.4498688Z","ETW","Microsoft-Windows-Kernel-Process",5,"ImageLoadInfo ",15112,14224,"Notepad.exe",,,,"C:\Windows\System32\rpcrt4.dll",,,,,,,,,,,,[{"addr":140736918203828,"idx":0},{"addr":140736917192506,"idx":1},{"addr":140736917191278,"idx":2},{"addr":140736917190209,"idx":3},{"addr":140736916798526,"idx":4},{"addr":140736916790798,"idx":5},{"addr":140736917191656,"idx":6},{"addr":140736917190209,"idx":7},{"addr":140736916798526,"idx":8},{"addr":140736916790798,"idx":9},{"addr":140736917191656,"idx":10},{"addr":140736917190209,"idx":11},{"addr":140736916798526,"idx":12},{"addr":140736916790798,"idx":13},{"addr":140736917165509,"idx":14},{"addr":140736917158036,"idx":15},{"addr":140736917157502,"idx":16},{"addr":140736916971470,"idx":17}],,,,,,,,,15112,,,,,,,,,,,,,,,,,,,,,,,,,,,,,,,,,,,,755903142,140736881754112,140736881754112,1201440,1146880,,,,,,,,,,,,,,,,,,,,,,,,,,,,,,,,,,,,,,,,,,,,,,,,,,,,,,,,,,,,,,,,,,,,,,,
"2025-09-02 15:13:17.4500708Z","ETW","Microsoft-Windows-Kernel-Process",5,"ImageLoadInfo ",15112,14224,"Notepad.exe",,,,"C:\Windows\System32\shell32.dll",,,,,,,,,,,,[{"addr":140736918203828,"idx":0},{"addr":140736917192506,"idx":1},{"addr":140736917191278,"idx":2},{"addr":140736917190209,"idx":3},{"addr":140736916798526,"idx":4},{"addr":140736916790798,"idx":5},{"addr":140736917165509,"idx":6},{"addr":140736917158036,"idx":7},{"addr":140736917157502,"idx":8},{"addr":140736916971470,"idx":9}],,,,,,,,,15112,,,,,,,,,,,,,,,,,,,,,,,,,,,,,,,,,,,,951285368,140736882933760,140736882933760,7762708,7655424,,,,,,,,,,,,,,,,,,,,,,,,,,,,,,,,,,,,,,,,,,,,,,,,,,,,,,,,,,,,,,,,,,,,,,,
"2025-09-02 15:13:17.4502310Z","ETW","Microsoft-Windows-Kernel-Process",5,"ImageLoadInfo ",15112,17548,"Notepad.exe",,,,"C:\Program Files\WindowsApps\Microsoft.WindowsAppRuntime.1.7_7000.522.1444.0_x64__8wekyb3d8bbwe\Microsoft.Internal.FrameworkUdk.dll",,,,,,,,,,,,[{"addr":140736918203828,"idx":0},{"addr":140736917192506,"idx":1},{"addr":140736917191278,"idx":2},{"addr":140736917210764,"idx":3},{"addr":140736917201516,"idx":4},{"addr":140736917258922,"idx":5},{"addr":140736917255216,"idx":6},{"addr":140736917350945,"idx":7},{"addr":140736897083607,"idx":8},{"addr":140736916996940,"idx":9}],,,,,,,,,15112,,,,,,,,,,,,,,,,,,,,,,,,,,,,,,,,,,,,1717850315,140734016782336,140734016782336,1031287,1019904,,,,,,,,,,,,,,,,,,,,,,,,,,,,,,,,,,,,,,,,,,,,,,,,,,,,,,,,,,,,,,,,,,,,,,,
"2025-09-02 15:13:17.4503326Z","ETW","Microsoft-Windows-Kernel-Process",5,"ImageLoadInfo ",15112,14224,"Notepad.exe",,,,"C:\Windows\System32\WinTypes.dll",,,,,,,,,,,,[{"addr":140736918203828,"idx":0},{"addr":140736917192506,"idx":1},{"addr":140736917191278,"idx":2},{"addr":140736917190209,"idx":3},{"addr":140736916798526,"idx":4},{"addr":140736916790798,"idx":5},{"addr":140736917191656,"idx":6},{"addr":140736917190209,"idx":7},{"addr":140736916798526,"idx":8},{"addr":140736916790798,"idx":9},{"addr":140736917165509,"idx":10},{"addr":140736917158036,"idx":11},{"addr":140736917157502,"idx":12},{"addr":140736916971470,"idx":13}],,,,,,,,,15112,,,,,,,,,,,,,,,,,,,,,,,,,,,,,,,,,,,,3655579039,140736870350848,140736870350848,1545528,1519616,,,,,,,,,,,,,,,,,,,,,,,,,,,,,,,,,,,,,,,,,,,,,,,,,,,,,,,,,,,,,,,,,,,,,,,
"2025-09-02 15:13:17.4504915Z","ETW","Microsoft-Windows-Kernel-Process",5,"ImageLoadInfo ",15112,14224,"Notepad.exe",,,,"C:\Windows\System32\shlwapi.dll",,,,,,,,,,,,[{"addr":140736918203828,"idx":0},{"addr":140736917192506,"idx":1},{"addr":140736917191278,"idx":2},{"addr":140736917190209,"idx":3},{"addr":140736916798526,"idx":4},{"addr":140736916790798,"idx":5},{"addr":140736917165509,"idx":6},{"addr":140736917158036,"idx":7},{"addr":140736917157502,"idx":8},{"addr":140736916971470,"idx":9}],,,,,,,,,15112,,,,,,,,,,,,,,,,,,,,,,,,,,,,,,,,,,,,17834217,140736890601472,140736890601472,465141,434176,,,,,,,,,,,,,,,,,,,,,,,,,,,,,,,,,,,,,,,,,,,,,,,,,,,,,,,,,,,,,,,,,,,,,,,
"2025-09-02 15:13:17.4506591Z","ETW","Microsoft-Windows-Kernel-Process",5,"ImageLoadInfo ",15112,14224,"Notepad.exe",,,,"C:\Windows\System32\comdlg32.dll",,,,,,,,,,,,[{"addr":140736918203828,"idx":0},{"addr":140736917192506,"idx":1},{"addr":140736917191278,"idx":2},{"addr":140736917190209,"idx":3},{"addr":140736916798526,"idx":4},{"addr":140736916790798,"idx":5},{"addr":140736917165509,"idx":6},{"addr":140736917158036,"idx":7},{"addr":140736917157502,"idx":8},{"addr":140736916971470,"idx":9}],,,,,,,,,15112,,,,,,,,,,,,,,,,,,,,,,,,,,,,,,,,,,,,2232847580,140736899514368,140736899514368,1033793,1015808,,,,,,,,,,,,,,,,,,,,,,,,,,,,,,,,,,,,,,,,,,,,,,,,,,,,,,,,,,,,,,,,,,,,,,,
"2025-09-02 15:13:17.4509313Z","ETW","Microsoft-Windows-Kernel-Process",5,"ImageLoadInfo ",15112,14224,"Notepad.exe",,,,"C:\Windows\System32\crypt32.dll",,,,,,,,,,,,[{"addr":140736918203828,"idx":0},{"addr":140736917192506,"idx":1},{"addr":140736917191278,"idx":2},{"addr":140736917190209,"idx":3},{"addr":140736916798526,"idx":4},{"addr":140736916790798,"idx":5},{"addr":140736917165509,"idx":6},{"addr":140736917158036,"idx":7},{"addr":140736917157502,"idx":8},{"addr":140736916971470,"idx":9}],,,,,,,,,15112,,,,,,,,,,,,,,,,,,,,,,,,,,,,,,,,,,,,787559986,140736879067136,140736879067136,1546966,1536000,,,,,,,,,,,,,,,,,,,,,,,,,,,,,,,,,,,,,,,,,,,,,,,,,,,,,,,,,,,,,,,,,,,,,,,
"2025-09-02 15:13:17.4510376Z","ETW","Microsoft-Windows-Kernel-Process",5,"ImageLoadInfo ",15112,17548,"Notepad.exe",,,,"C:\Windows\System32\ntmarta.dll",,,,,,,,,,,,[{"addr":140736918203828,"idx":0},{"addr":140736917192506,"idx":1},{"addr":140736917191278,"idx":2},{"addr":140736917210764,"idx":3},{"addr":140736917202269,"idx":4},{"addr":140736917259140,"idx":5},{"addr":140736917255216,"idx":6},{"addr":140736917350945,"idx":7},{"addr":140736897083607,"idx":8},{"addr":140736916996940,"idx":9}],,,,,,,,,15112,,,,,,,,,,,,,,,,,,,,,,,,,,,,,,,,,,,,2803059627,140736849510400,140736849510400,286201,221184,,,,,,,,,,,,,,,,,,,,,,,,,,,,,,,,,,,,,,,,,,,,,,,,,,,,,,,,,,,,,,,,,,,,,,,
"2025-09-02 15:13:17.4515669Z","ETW","Microsoft-Windows-Kernel-Process",5,"ImageLoadInfo ",15112,14224,"Notepad.exe",,,,"C:\Windows\System32\profapi.dll",,,,,,,,,,,,[{"addr":140736918203828,"idx":0},{"addr":140736917192506,"idx":1},{"addr":140736917191278,"idx":2},{"addr":140736917210764,"idx":3},{"addr":140736917201516,"idx":4},{"addr":140736917258922,"idx":5},{"addr":140736916999751,"idx":6},{"addr":140736917165517,"idx":7},{"addr":140736917158036,"idx":8},{"addr":140736917157502,"idx":9},{"addr":140736916971470,"idx":10}],,,,,,,,,15112,,,,,,,,,,,,,,,,,,,,,,,,,,,,,,,,,,,,2107422311,140736866746368,140736866746368,182967,167936,,,,,,,,,,,,,,,,,,,,,,,,,,,,,,,,,,,,,,,,,,,,,,,,,,,,,,,,,,,,,,,,,,,,,,,
"2025-09-02 15:13:17.4519774Z","ETW","Microsoft-Windows-Kernel-Process",5,"ImageLoadInfo ",15112,12124,"Notepad.exe",,,,"C:\Program Files\WindowsApps\Microsoft.WindowsAppRuntime.1.7_7000.522.1444.0_x64__8wekyb3d8bbwe\Microsoft.Internal.FrameworkUdk.dll",,,,,,,,,,,,[{"addr":140736918203828,"idx":0},{"addr":140736917192506,"idx":1},{"addr":140736917191278,"idx":2},{"addr":140736917210764,"idx":3},{"addr":140736917201516,"idx":4},{"addr":140736917258922,"idx":5},{"addr":140736917255216,"idx":6},{"addr":140736917350945,"idx":7},{"addr":140736897083607,"idx":8},{"addr":140736916996940,"idx":9}],,,,,,,,,15112,,,,,,,,,,,,,,,,,,,,,,,,,,,,,,,,,,,,1717850315,2593500364800,2593500364800,1031287,1019904,,,,,,,,,,,,,,,,,,,,,,,,,,,,,,,,,,,,,,,,,,,,,,,,,,,,,,,,,,,,,,,,,,,,,,,
"2025-09-02 15:13:17.4520045Z","ETW","Microsoft-Windows-Kernel-Process",5,"ImageLoadInfo ",15112,14224,"Notepad.exe",,,,"C:\Windows\System32\kernel.appcore.dll",,,,,,,,,,,,[{"addr":140736918203828,"idx":0},{"addr":140736917192506,"idx":1},{"addr":140736917191278,"idx":2},{"addr":140736917210764,"idx":3},{"addr":140736917202269,"idx":4},{"addr":140736917259140,"idx":5},{"addr":140736916999751,"idx":6},{"addr":140736917165517,"idx":7},{"addr":140736917158036,"idx":8},{"addr":140736917157502,"idx":9},{"addr":140736916971470,"idx":10}],,,,,,,,,15112,,,,,,,,,,,,,,,,,,,,,,,,,,,,,,,,,,,,4117383687,140736848265216,140736848265216,158572,110592,,,,,,,,,,,,,,,,,,,,,,,,,,,,,,,,,,,,,,,,,,,,,,,,,,,,,,,,,,,,,,,,,,,,,,,
"2025-09-02 15:13:17.4520095Z","ETW","Microsoft-Windows-Kernel-Process",5,"ImageLoadInfo ",15112,5040,"Notepad.exe",,,,"C:\Windows\System32\CoreMessaging.dll",,,,,,,,,,,,[{"addr":140736918203828,"idx":0},{"addr":140736917192506,"idx":1},{"addr":140736917191278,"idx":2},{"addr":140736917210764,"idx":3},{"addr":140736917201516,"idx":4},{"addr":140736917258922,"idx":5},{"addr":140736917255216,"idx":6},{"addr":140736917350945,"idx":7},{"addr":140736897083607,"idx":8},{"addr":140736916996940,"idx":9}],,,,,,,,,15112,,,,,,,,,,,,,,,,,,,,,,,,,,,,,,,,,,,,3802617839,140736813531136,140736813531136,1276090,1200128,,,,,,,,,,,,,,,,,,,,,,,,,,,,,,,,,,,,,,,,,,,,,,,,,,,,,,,,,,,,,,,,,,,,,,,
"2025-09-02 15:13:17.4520099Z","ETW","Microsoft-Windows-Kernel-Process",6,"ImageUnloadInfo ",15112,12124,"Notepad.exe",,,,"C:\Program Files\WindowsApps\Microsoft.WindowsAppRuntime.1.7_7000.522.1444.0_x64__8wekyb3d8bbwe\Microsoft.Internal.FrameworkUdk.dll",,,,,,,,,,,,[{"addr":140736918203892,"idx":0},{"addr":140736917192863,"idx":1},{"addr":140736917191278,"idx":2},{"addr":140736917210764,"idx":3},{"addr":140736917201516,"idx":4},{"addr":140736917258922,"idx":5},{"addr":140736917255216,"idx":6},{"addr":140736917350945,"idx":7},{"addr":140736897083607,"idx":8},{"addr":140736916996940,"idx":9}],,,,,,,,,15112,,,,,,,,,,,,,,,,,,,,,,,,,,,,,,,,,,,,1717850315,2593500364800,2593500364800,1031287,1032192,,,,,,,,,,,,,,,,,,,,,,,,,,,,,,,,,,,,,,,,,,,,,,,,,,,,,,,,,,,,,,,,,,,,,,,
"2025-09-02 15:13:17.4522420Z","ETW","Microsoft-Antimalware-Engine",11,"Behavior Monitoring BmModuleLoad",15112,13020,"Notepad.exe",,,,"C:\Windows\System32\msvcp_win.dll",,,,,,,,,,,,[],,,,,,,,,,,,,,,,,,,,,,,,,,,,,,,,,,,,,,,,,,,,,,,,,,,,,,,,,,,,,,,,,,,,,,,,,,,,,,,,,,,,,,,,,,,,,,,,,,,,,,,,,,,,,,,,,,,,,,,,
"2025-09-02 15:13:17.4522750Z","ETW","Microsoft-Antimalware-Engine",111,"Behavior Monitoring BmNotificationHandleStart",15112,10404,"Notepad.exe",,,,,,,,,,,,,,,,[],,,,,,,,,,,,,,,,,,,,,,,,,,,,,,,,,,,,,,,,,,,,,,,,,,,,,,,,,,,,,,,,,,,,,,,,,,,,,,,,,16404,3935743,0,,,,,,,,,,,,,,,,,,,,,,,,,,,,,,,,,,,,,
"2025-09-02 15:13:17.4523123Z","ETW","Microsoft-Antimalware-Engine",112,"Behavior Monitoring BmNotificationHandleStop",15112,10404,"Notepad.exe",,,,,,,,,,,,,,,,[],,,,,,,,,,,,,,,,,,,,,,,,,,,,,,,,,,,,,,,,,,,,,,,,,,,,,,,,,,,,,,,,,,,,,,,,,,,,,,,,,16404,3935743,0,false,false,0,,,,,,,,,,,,,,,,,,,,,,,,,,,,,,,,,,
"2025-09-02 15:13:17.4524328Z","ETW","Microsoft-Antimalware-Engine",11,"Behavior Monitoring BmModuleLoad",15112,10404,"Notepad.exe",,,,"C:\Windows\System32\ucrtbase.dll",,,,,,,,,,,,[],,,,,,,,,,,,,,,,,,,,,,,,,,,,,,,,,,,,,,,,,,,,,,,,,,,,,,,,,,,,,,,,,,,,,,,,,,,,,,,,,,,,,,,,,,,,,,,,,,,,,,,,,,,,,,,,,,,,,,,,
"2025-09-02 15:13:17.4524555Z","ETW","Microsoft-Antimalware-Engine",111,"Behavior Monitoring BmNotificationHandleStart",15112,13020,"Notepad.exe",,,,,,,,,,,,,,,,[],,,,,,,,,,,,,,,,,,,,,,,,,,,,,,,,,,,,,,,,,,,,,,,,,,,,,,,,,,,,,,,,,,,,,,,,,,,,,,,,,16404,3935744,0,,,,,,,,,,,,,,,,,,,,,,,,,,,,,,,,,,,,,
"2025-09-02 15:13:17.4524890Z","ETW","Microsoft-Antimalware-Engine",112,"Behavior Monitoring BmNotificationHandleStop",15112,13020,"Notepad.exe",,,,,,,,,,,,,,,,[],,,,,,,,,,,,,,,,,,,,,,,,,,,,,,,,,,,,,,,,,,,,,,,,,,,,,,,,,,,,,,,,,,,,,,,,,,,,,,,,,16404,3935744,0,false,false,0,,,,,,,,,,,,,,,,,,,,,,,,,,,,,,,,,,
"2025-09-02 15:13:17.4524955Z","ETW","Microsoft-Antimalware-Engine",11,"Behavior Monitoring BmModuleLoad",15112,10404,"Notepad.exe",,,,"C:\Windows\System32\combase.dll",,,,,,,,,,,,[],,,,,,,,,,,,,,,,,,,,,,,,,,,,,,,,,,,,,,,,,,,,,,,,,,,,,,,,,,,,,,,,,,,,,,,,,,,,,,,,,,,,,,,,,,,,,,,,,,,,,,,,,,,,,,,,,,,,,,,,
"2025-09-02 15:13:17.4525525Z","ETW","Microsoft-Windows-Kernel-Process",5,"ImageLoadInfo ",15112,12124,"Notepad.exe",,,,"C:\Windows\System32\dcomp.dll",,,,,,,,,,,,[{"addr":140736918203828,"idx":0},{"addr":140736917192506,"idx":1},{"addr":140736917191278,"idx":2},{"addr":140736917210764,"idx":3},{"addr":140736917201516,"idx":4},{"addr":140736917258922,"idx":5},{"addr":140736917255216,"idx":6},{"addr":140736917350945,"idx":7},{"addr":140736897083607,"idx":8},{"addr":140736916996940,"idx":9}],,,,,,,,,15112,,,,,,,,,,,,,,,,,,,,,,,,,,,,,,,,,,,,3115286930,140736806715392,140736806715392,2336173,2269184,,,,,,,,,,,,,,,,,,,,,,,,,,,,,,,,,,,,,,,,,,,,,,,,,,,,,,,,,,,,,,,,,,,,,,,
"2025-09-02 15:13:17.4525538Z","ETW","Microsoft-Antimalware-Engine",11,"Behavior Monitoring BmModuleLoad",15112,10404,"Notepad.exe",,,,"C:\Windows\System32\oleaut32.dll",,,,,,,,,,,,[],,,,,,,,,,,,,,,,,,,,,,,,,,,,,,,,,,,,,,,,,,,,,,,,,,,,,,,,,,,,,,,,,,,,,,,,,,,,,,,,,,,,,,,,,,,,,,,,,,,,,,,,,,,,,,,,,,,,,,,,
"2025-09-02 15:13:17.4525740Z","ETW","Microsoft-Antimalware-Engine",111,"Behavior Monitoring BmNotificationHandleStart",15112,13020,"Notepad.exe",,,,,,,,,,,,,,,,[],,,,,,,,,,,,,,,,,,,,,,,,,,,,,,,,,,,,,,,,,,,,,,,,,,,,,,,,,,,,,,,,,,,,,,,,,,,,,,,,,16404,3935748,0,,,,,,,,,,,,,,,,,,,,,,,,,,,,,,,,,,,,,
"2025-09-02 15:13:17.4526002Z","ETW","Microsoft-Antimalware-Engine",11,"Behavior Monitoring BmModuleLoad",15112,10404,"Notepad.exe",,,,"C:\Windows\System32\rpcrt4.dll",,,,,,,,,,,,[],,,,,,,,,,,,,,,,,,,,,,,,,,,,,,,,,,,,,,,,,,,,,,,,,,,,,,,,,,,,,,,,,,,,,,,,,,,,,,,,,,,,,,,,,,,,,,,,,,,,,,,,,,,,,,,,,,,,,,,,
"2025-09-02 15:13:17.4526020Z","ETW","Microsoft-Antimalware-Engine",112,"Behavior Monitoring BmNotificationHandleStop",15112,13020,"Notepad.exe",,,,,,,,,,,,,,,,[],,,,,,,,,,,,,,,,,,,,,,,,,,,,,,,,,,,,,,,,,,,,,,,,,,,,,,,,,,,,,,,,,,,,,,,,,,,,,,,,,16404,3935748,0,false,false,0,,,,,,,,,,,,,,,,,,,,,,,,,,,,,,,,,,
"2025-09-02 15:13:17.4526112Z","ETW","Microsoft-Antimalware-Engine",111,"Behavior Monitoring BmNotificationHandleStart",15112,13020,"Notepad.exe",,,,,,,,,,,,,,,,[],,,,,,,,,,,,,,,,,,,,,,,,,,,,,,,,,,,,,,,,,,,,,,,,,,,,,,,,,,,,,,,,,,,,,,,,,,,,,,,,,16404,3935749,0,,,,,,,,,,,,,,,,,,,,,,,,,,,,,,,,,,,,,
"2025-09-02 15:13:17.4526365Z","ETW","Microsoft-Antimalware-Engine",112,"Behavior Monitoring BmNotificationHandleStop",15112,13020,"Notepad.exe",,,,,,,,,,,,,,,,[],,,,,,,,,,,,,,,,,,,,,,,,,,,,,,,,,,,,,,,,,,,,,,,,,,,,,,,,,,,,,,,,,,,,,,,,,,,,,,,,,16404,3935749,0,false,false,0,,,,,,,,,,,,,,,,,,,,,,,,,,,,,,,,,,
"2025-09-02 15:13:17.4526439Z","ETW","Microsoft-Antimalware-Engine",111,"Behavior Monitoring BmNotificationHandleStart",15112,13020,"Notepad.exe",,,,,,,,,,,,,,,,[],,,,,,,,,,,,,,,,,,,,,,,,,,,,,,,,,,,,,,,,,,,,,,,,,,,,,,,,,,,,,,,,,,,,,,,,,,,,,,,,,16404,3935750,0,,,,,,,,,,,,,,,,,,,,,,,,,,,,,,,,,,,,,
"2025-09-02 15:13:17.4526500Z","ETW","Microsoft-Antimalware-Engine",11,"Behavior Monitoring BmModuleLoad",15112,10404,"Notepad.exe",,,,"C:\Windows\System32\rpcrt4.dll",,,,,,,,,,,,[],,,,,,,,,,,,,,,,,,,,,,,,,,,,,,,,,,,,,,,,,,,,,,,,,,,,,,,,,,,,,,,,,,,,,,,,,,,,,,,,,,,,,,,,,,,,,,,,,,,,,,,,,,,,,,,,,,,,,,,,
"2025-09-02 15:13:17.4526623Z","ETW","Microsoft-Antimalware-Engine",112,"Behavior Monitoring BmNotificationHandleStop",15112,13020,"Notepad.exe",,,,,,,,,,,,,,,,[],,,,,,,,,,,,,,,,,,,,,,,,,,,,,,,,,,,,,,,,,,,,,,,,,,,,,,,,,,,,,,,,,,,,,,,,,,,,,,,,,16404,3935750,0,false,false,0,,,,,,,,,,,,,,,,,,,,,,,,,,,,,,,,,,
"2025-09-02 15:13:17.4527107Z","ETW","Microsoft-Antimalware-Engine",11,"Behavior Monitoring BmModuleLoad",15112,10404,"Notepad.exe",,,,"C:\Program Files\WindowsApps\Microsoft.WindowsAppRuntime.1.7_7000.522.1444.0_x64__8wekyb3d8bbwe\CoreMessagingXP.dll",,,,,,,,,,,,[],,,,,,,,,,,,,,,,,,,,,,,,,,,,,,,,,,,,,,,,,,,,,,,,,,,,,,,,,,,,,,,,,,,,,,,,,,,,,,,,,,,,,,,,,,,,,,,,,,,,,,,,,,,,,,,,,,,,,,,,
"2025-09-02 15:13:17.4527323Z","ETW","Microsoft-Antimalware-Engine",111,"Behavior Monitoring BmNotificationHandleStart",15112,13020,"Notepad.exe",,,,,,,,,,,,,,,,[],,,,,,,,,,,,,,,,,,,,,,,,,,,,,,,,,,,,,,,,,,,,,,,,,,,,,,,,,,,,,,,,,,,,,,,,,,,,,,,,,16404,3935751,0,,,,,,,,,,,,,,,,,,,,,,,,,,,,,,,,,,,,,
"2025-09-02 15:13:17.4527617Z","ETW","Microsoft-Antimalware-Engine",112,"Behavior Monitoring BmNotificationHandleStop",15112,13020,"Notepad.exe",,,,,,,,,,,,,,,,[],,,,,,,,,,,,,,,,,,,,,,,,,,,,,,,,,,,,,,,,,,,,,,,,,,,,,,,,,,,,,,,,,,,,,,,,,,,,,,,,,16404,3935751,0,false,false,0,,,,,,,,,,,,,,,,,,,,,,,,,,,,,,,,,,
"2025-09-02 15:13:17.4527682Z","ETW","Microsoft-Antimalware-Engine",11,"Behavior Monitoring BmModuleLoad",15112,10404,"Notepad.exe",,,,"C:\Windows\System32\advapi32.dll",,,,,,,,,,,,[],,,,,,,,,,,,,,,,,,,,,,,,,,,,,,,,,,,,,,,,,,,,,,,,,,,,,,,,,,,,,,,,,,,,,,,,,,,,,,,,,,,,,,,,,,,,,,,,,,,,,,,,,,,,,,,,,,,,,,,,
"2025-09-02 15:13:17.4527791Z","ETW","Microsoft-Antimalware-Engine",111,"Behavior Monitoring BmNotificationHandleStart",15112,13020,"Notepad.exe",,,,,,,,,,,,,,,,[],,,,,,,,,,,,,,,,,,,,,,,,,,,,,,,,,,,,,,,,,,,,,,,,,,,,,,,,,,,,,,,,,,,,,,,,,,,,,,,,,16404,3935752,0,,,,,,,,,,,,,,,,,,,,,,,,,,,,,,,,,,,,,
"2025-09-02 15:13:17.4528252Z","ETW","Microsoft-Antimalware-Engine",11,"Behavior Monitoring BmModuleLoad",15112,10404,"Notepad.exe",,,,"C:\Windows\System32\msvcrt.dll",,,,,,,,,,,,[],,,,,,,,,,,,,,,,,,,,,,,,,,,,,,,,,,,,,,,,,,,,,,,,,,,,,,,,,,,,,,,,,,,,,,,,,,,,,,,,,,,,,,,,,,,,,,,,,,,,,,,,,,,,,,,,,,,,,,,,
"2025-09-02 15:13:17.4528823Z","ETW","Microsoft-Antimalware-Engine",11,"Behavior Monitoring BmModuleLoad",15112,10404,"Notepad.exe",,,,"C:\Windows\System32\sechost.dll",,,,,,,,,,,,[],,,,,,,,,,,,,,,,,,,,,,,,,,,,,,,,,,,,,,,,,,,,,,,,,,,,,,,,,,,,,,,,,,,,,,,,,,,,,,,,,,,,,,,,,,,,,,,,,,,,,,,,,,,,,,,,,,,,,,,,
"2025-09-02 15:13:17.4529178Z","ETW","Microsoft-Windows-Kernel-Process",5,"ImageLoadInfo ",15112,14224,"Notepad.exe",,,,"C:\Windows\System32\urlmon.dll",,,,,,,,,,,,[{"addr":140736918203828,"idx":0},{"addr":140736917192506,"idx":1},{"addr":140736917191278,"idx":2},{"addr":140736917210764,"idx":3},{"addr":140736917201516,"idx":4},{"addr":140736917258922,"idx":5},{"addr":140736916999751,"idx":6},{"addr":140736917165517,"idx":7},{"addr":140736917158036,"idx":8},{"addr":140736917157502,"idx":9},{"addr":140736916971470,"idx":10}],,,,,,,,,15112,,,,,,,,,,,,,,,,,,,,,,,,,,,,,,,,,,,,4167353037,140736735477760,140736735477760,1997412,1986560,,,,,,,,,,,,,,,,,,,,,,,,,,,,,,,,,,,,,,,,,,,,,,,,,,,,,,,,,,,,,,,,,,,,,,,
"2025-09-02 15:13:17.4531163Z","ETW","Microsoft-Windows-Kernel-Process",5,"ImageLoadInfo ",15112,12124,"Notepad.exe",,,,"C:\Windows\System32\propsys.dll",,,,,,,,,,,,[{"addr":140736918203828,"idx":0},{"addr":140736917192506,"idx":1},{"addr":140736917191278,"idx":2},{"addr":140736917210764,"idx":3},{"addr":140736917201516,"idx":4},{"addr":140736917258922,"idx":5},{"addr":140736917255216,"idx":6},{"addr":140736917350945,"idx":7},{"addr":140736897083607,"idx":8},{"addr":140736916996940,"idx":9}],,,,,,,,,15112,,,,,,,,,,,,,,,,,,,,,,,,,,,,,,,,,,,,3411663920,140736783384576,140736783384576,1157670,1101824,,,,,,,,,,,,,,,,,,,,,,,,,,,,,,,,,,,,,,,,,,,,,,,,,,,,,,,,,,,,,,,,,,,,,,,
"2025-09-02 15:13:17.4532816Z","ETW","Microsoft-Antimalware-Engine",59,"Message Info ",1912,13020,"MsMpEng.exe",,,,,,0,"Behavior:Win32/SuspDllSideLoaded.B","0x1A5B3D8FF6402","84db5fe770e0d0198f480427d1ce9babd9f03e0e",,,,,,,[],,,,,,,,,,,,,,,,,,,,,,,,,,,,,,,,,,,,,,,,,,,,,,,,,,,,,,,,,,,,,,,,,,,,,,,,,,,,,,,,,,,,,,,,,,,,,,,,,,,,,,,,,,,,,,,,,,,,,,,,
"2025-09-02 15:13:17.4533113Z","ETW","Microsoft-Antimalware-Engine",104,"Behavior Monitoring BmInternal",15112,13020,"Notepad.exe",,,,,,,,,,,,,,,,[],,,,,,,,,,,,,,,,,,,,,,,,,,,,,,,,,,,,,,,,,,,,,,,,,,,,,,,,,,,,,,,,,,,,,,,,,,22,"C:\Program Files\WindowsApps\Microsoft.WindowsNotepad_11.2506.35.0_x64__8wekyb3d8bbwe\Notepad\Notepad.exe","'C:\Windows\System32\notepad.exe'",,,,,,,,,,,,,,,,,,,,,,,,,,,,,,,,,,,,,,,,,,,,
"2025-09-02 15:13:17.4533217Z","ETW","Microsoft-Antimalware-Engine",112,"Behavior Monitoring BmNotificationHandleStop",15112,13020,"Notepad.exe",,,,,,,,,,,,,,,,[],,,,,,,,,,,,,,,,,,,,,,,,,,,,,,,,,,,,,,,,,,,,,,,,,,,,,,,,,,,,,,,,,,,,,,,,,,,,,,,,,16404,3935752,0,false,false,0,,,,,,,,,,,,,,,,,,,,,,,,,,,,,,,,,,
"2025-09-02 15:13:17.4533986Z","ETW","Microsoft-Antimalware-Engine",111,"Behavior Monitoring BmNotificationHandleStart",15112,13020,"Notepad.exe",,,,,,,,,,,,,,,,[],,,,,,,,,,,,,,,,,,,,,,,,,,,,,,,,,,,,,,,,,,,,,,,,,,,,,,,,,,,,,,,,,,,,,,,,,,,,,,,,,16401,0,0,,,,,,,,,,,,,,,,,,,,,,,,,,,,,,,,,,,,,
"2025-09-02 15:13:17.4534149Z","ETW","Microsoft-Windows-Kernel-Process",5,"ImageLoadInfo ",15112,14224,"Notepad.exe",,,,"C:\Windows\WinSxS\amd64_microsoft.windows.common-controls_6595b64144ccf1df_6.0.26100.4768_none_3e0c112ce331287c\comctl32.dll",,,,,,,,,,,,[{"addr":140736918203828,"idx":0},{"addr":140736917192506,"idx":1},{"addr":140736917191278,"idx":2},{"addr":140736917210764,"idx":3},{"addr":140736917202269,"idx":4},{"addr":140736917259140,"idx":5},{"addr":140736916999751,"idx":6},{"addr":140736917165517,"idx":7},{"addr":140736917158036,"idx":8},{"addr":140736917157502,"idx":9},{"addr":140736916971470,"idx":10}],,,,,,,,,15112,,,,,,,,,,,,,,,,,,,,,,,,,,,,,,,,,,,,688105963,140736430997504,140736430997504,2751895,2727936,,,,,,,,,,,,,,,,,,,,,,,,,,,,,,,,,,,,,,,,,,,,,,,,,,,,,,,,,,,,,,,,,,,,,,,
"2025-09-02 15:13:17.4536149Z","ETW","Microsoft-Windows-Kernel-Process",5,"ImageLoadInfo ",15112,12124,"Notepad.exe",,,,"C:\Windows\WinSxS\amd64_microsoft.windows.common-controls_6595b64144ccf1df_6.0.26100.4768_none_3e0c112ce331287c\comctl32.dll",,,,,,,,,,,,[{"addr":140736918203828,"idx":0},{"addr":140736917192506,"idx":1},{"addr":140736917191278,"idx":2},{"addr":140736917210764,"idx":3},{"addr":140736917202269,"idx":4},{"addr":140736917259140,"idx":5},{"addr":140736917255216,"idx":6},{"addr":140736917350945,"idx":7},{"addr":140736897083607,"idx":8},{"addr":140736916996940,"idx":9}],,,,,,,,,15112,,,,,,,,,,,,,,,,,,,,,,,,,,,,,,,,,,,,688105963,2593500364800,2593500364800,2751895,2727936,,,,,,,,,,,,,,,,,,,,,,,,,,,,,,,,,,,,,,,,,,,,,,,,,,,,,,,,,,,,,,,,,,,,,,,
"2025-09-02 15:13:17.4536553Z","ETW","Microsoft-Windows-Kernel-Process",6,"ImageUnloadInfo ",15112,12124,"Notepad.exe",,,,"C:\Windows\WinSxS\amd64_microsoft.windows.common-controls_6595b64144ccf1df_6.0.26100.4768_none_3e0c112ce331287c\comctl32.dll",,,,,,,,,,,,[{"addr":140736918203892,"idx":0},{"addr":140736917192863,"idx":1},{"addr":140736917191278,"idx":2},{"addr":140736917210764,"idx":3},{"addr":140736917202269,"idx":4},{"addr":140736917259140,"idx":5},{"addr":140736917255216,"idx":6},{"addr":140736917350945,"idx":7},{"addr":140736897083607,"idx":8},{"addr":140736916996940,"idx":9}],,,,,,,,,15112,,,,,,,,,,,,,,,,,,,,,,,,,,,,,,,,,,,,688105963,2593500364800,2593500364800,2751895,2740224,,,,,,,,,,,,,,,,,,,,,,,,,,,,,,,,,,,,,,,,,,,,,,,,,,,,,,,,,,,,,,,,,,,,,,,
"2025-09-02 15:13:17.4536710Z","ETW","Microsoft-Antimalware-Engine",59,"Message Info ",1912,13020,"MsMpEng.exe",,,,,,0,"Behavior:Win32/ExploitAttempt.ZA!dha","0x5BB3C187493B","9b9f35e3b87d39f15df8932701977e1f4f0409c6",,,,,,,[],,,,,,,,,,,,,,,,,,,,,,,,,,,,,,,,,,,,,,,,,,,,,,,,,,,,,,,,,,,,,,,,,,,,,,,,,,,,,,,,,,,,,,,,,,,,,,,,,,,,,,,,,,,,,,,,,,,,,,,,
"2025-09-02 15:13:17.4539672Z","ETW","Microsoft-Windows-Kernel-Process",5,"ImageLoadInfo ",15112,14224,"Notepad.exe",,,,"C:\Windows\System32\icu.dll",,,,,,,,,,,,[{"addr":140736918203828,"idx":0},{"addr":140736917192506,"idx":1},{"addr":140736917191278,"idx":2},{"addr":140736917210764,"idx":3},{"addr":140736917201516,"idx":4},{"addr":140736917258922,"idx":5},{"addr":140736916999751,"idx":6},{"addr":140736917165517,"idx":7},{"addr":140736917158036,"idx":8},{"addr":140736917157502,"idx":9},{"addr":140736916971470,"idx":10}],,,,,,,,,15112,,,,,,,,,,,,,,,,,,,,,,,,,,,,,,,,,,,,3016574355,140736568950784,140736568950784,2809356,2744320,,,,,,,,,,,,,,,,,,,,,,,,,,,,,,,,,,,,,,,,,,,,,,,,,,,,,,,,,,,,,,,,,,,,,,,
"2025-09-02 15:13:17.4540835Z","ETW","Microsoft-Windows-Kernel-Process",5,"ImageLoadInfo ",15112,12124,"Notepad.exe",,,,"C:\Windows\System32\winspool.drv",,,,,,,,,,,,[{"addr":140736918203828,"idx":0},{"addr":140736917192506,"idx":1},{"addr":140736917191278,"idx":2},{"addr":140736917210764,"idx":3},{"addr":140736917201516,"idx":4},{"addr":140736917258922,"idx":5},{"addr":140736917255216,"idx":6},{"addr":140736917350945,"idx":7},{"addr":140736897083607,"idx":8},{"addr":140736916996940,"idx":9}],,,,,,,,,15112,,,,,,,,,,,,,,,,,,,,,,,,,,,,,,,,,,,,1648259848,140736392724480,140736392724480,776273,749568,,,,,,,,,,,,,,,,,,,,,,,,,,,,,,,,,,,,,,,,,,,,,,,,,,,,,,,,,,,,,,,,,,,,,,,
"2025-09-02 15:13:17.4542934Z","ETW","Microsoft-Windows-Kernel-Process",5,"ImageLoadInfo ",15112,5040,"Notepad.exe",,,,"C:\Windows\System32\dwmapi.dll",,,,,,,,,,,,[{"addr":140736918203828,"idx":0},{"addr":140736917192506,"idx":1},{"addr":140736917191278,"idx":2},{"addr":140736917210764,"idx":3},{"addr":140736917201516,"idx":4},{"addr":140736917258922,"idx":5},{"addr":140736917255216,"idx":6},{"addr":140736917350945,"idx":7},{"addr":140736897083607,"idx":8},{"addr":140736916996940,"idx":9}],,,,,,,,,15112,,,,,,,,,,,,,,,,,,,,,,,,,,,,,,,,,,,,960295296,140736822902784,140736822902784,264900,217088,,,,,,,,,,,,,,,,,,,,,,,,,,,,,,,,,,,,,,,,,,,,,,,,,,,,,,,,,,,,,,,,,,,,,,,
"2025-09-02 15:13:17.4545598Z","ETW","Microsoft-Windows-Kernel-Process",5,"ImageLoadInfo ",15112,14224,"Notepad.exe",,,,"C:\Windows\System32\uxtheme.dll",,,,,,,,,,,,[{"addr":140736918203828,"idx":0},{"addr":140736917192506,"idx":1},{"addr":140736917191278,"idx":2},{"addr":140736917210764,"idx":3},{"addr":140736917201516,"idx":4},{"addr":140736917258922,"idx":5},{"addr":140736916999751,"idx":6},{"addr":140736917165517,"idx":7},{"addr":140736917158036,"idx":8},{"addr":140736917157502,"idx":9},{"addr":140736916971470,"idx":10}],,,,,,,,,15112,,,,,,,,,,,,,,,,,,,,,,,,,,,,,,,,,,,,1095616687,140736820019200,140736820019200,769574,716800,,,,,,,,,,,,,,,,,,,,,,,,,,,,,,,,,,,,,,,,,,,,,,,,,,,,,,,,,,,,,,,,,,,,,,,
"2025-09-02 15:13:17.4547003Z","ETW","Microsoft-Windows-Kernel-Process",5,"ImageLoadInfo ",15112,12124,"Notepad.exe",,,,"C:\Program Files\WindowsApps\Microsoft.VCLibs.140.00.UWPDesktop_14.0.33728.0_x64__8wekyb3d8bbwe\msvcp140.dll",,,,,,,,,,,,[{"addr":140736918203828,"idx":0},{"addr":140736917192506,"idx":1},{"addr":140736917191278,"idx":2},{"addr":140736917210764,"idx":3},{"addr":140736917201516,"idx":4},{"addr":140736917258922,"idx":5},{"addr":140736917255216,"idx":6},{"addr":140736917350945,"idx":7},{"addr":140736897083607,"idx":8},{"addr":140736916996940,"idx":9}],,,,,,,,,15112,,,,,,,,,,,,,,,,,,,,,,,,,,,,,,,,,,,,2926311296,140736645562368,140736645562368,603644,577536,,,,,,,,,,,,,,,,,,,,,,,,,,,,,,,,,,,,,,,,,,,,,,,,,,,,,,,,,,,,,,,,,,,,,,,
"2025-09-02 15:13:17.4548868Z","ETW","Microsoft-Windows-Kernel-Process",5,"ImageLoadInfo ",15112,5040,"Notepad.exe",,,,"C:\Program Files\WindowsApps\Microsoft.VCLibs.140.00.UWPDesktop_14.0.33728.0_x64__8wekyb3d8bbwe\msvcp140_atomic_wait.dll",,,,,,,,,,,,[{"addr":140736918203828,"idx":0},{"addr":140736917192506,"idx":1},{"addr":140736917191278,"idx":2},{"addr":140736917210764,"idx":3},{"addr":140736917201516,"idx":4},{"addr":140736917258922,"idx":5},{"addr":140736917255216,"idx":6},{"addr":140736917350945,"idx":7},{"addr":140736897083607,"idx":8},{"addr":140736916996940,"idx":9}],,,,,,,,,15112,,,,,,,,,,,,,,,,,,,,,,,,,,,,,,,,,,,,1625823556,140735837175808,140735837175808,60856,81920,,,,,,,,,,,,,,,,,,,,,,,,,,,,,,,,,,,,,,,,,,,,,,,,,,,,,,,,,,,,,,,,,,,,,,,
"2025-09-02 15:13:17.4550789Z","ETW","Microsoft-Windows-Kernel-Process",5,"ImageLoadInfo ",15112,14224,"Notepad.exe",,,,"C:\Program Files\WindowsApps\Microsoft.VCLibs.140.00.UWPDesktop_14.0.33728.0_x64__8wekyb3d8bbwe\vcruntime140_1.dll",,,,,,,,,,,,[{"addr":140736918203828,"idx":0},{"addr":140736917192506,"idx":1},{"addr":140736917191278,"idx":2},{"addr":140736917210764,"idx":3},{"addr":140736917201516,"idx":4},{"addr":140736917258922,"idx":5},{"addr":140736916999751,"idx":6},{"addr":140736917165517,"idx":7},{"addr":140736917158036,"idx":8},{"addr":140736917157502,"idx":9},{"addr":140736916971470,"idx":10}],,,,,,,,,15112,,,,,,,,,,,,,,,,,,,,,,,,,,,,,,,,,,,,1073573567,140736817594368,140736817594368,66730,49152,,,,,,,,,,,,,,,,,,,,,,,,,,,,,,,,,,,,,,,,,,,,,,,,,,,,,,,,,,,,,,,,,,,,,,,
"2025-09-02 15:13:17.4551446Z","ETW","Microsoft-Windows-Kernel-Process",5,"ImageLoadInfo ",15112,12124,"Notepad.exe",,,,"C:\Program Files\WindowsApps\Microsoft.VCLibs.140.00.UWPDesktop_14.0.33728.0_x64__8wekyb3d8bbwe\vcruntime140.dll",,,,,,,,,,,,[{"addr":140736918203828,"idx":0},{"addr":140736917192506,"idx":1},{"addr":140736917191278,"idx":2},{"addr":140736917210764,"idx":3},{"addr":140736917201516,"idx":4},{"addr":140736917258922,"idx":5},{"addr":140736917255216,"idx":6},{"addr":140736917350945,"idx":7},{"addr":140736897083607,"idx":8},{"addr":140736916996940,"idx":9}],,,,,,,,,15112,,,,,,,,,,,,,,,,,,,,,,,,,,,,,,,,,,,,4092127091,140736314277888,140736314277888,171050,122880,,,,,,,,,,,,,,,,,,,,,,,,,,,,,,,,,,,,,,,,,,,,,,,,,,,,,,,,,,,,,,,,,,,,,,,
"2025-09-02 15:13:17.4552870Z","ETW","Microsoft-Windows-Kernel-Process",5,"ImageLoadInfo ",15112,17548,"Notepad.exe",,,,"C:\Windows\System32\BCP47Langs.dll",,,,,,,,,,,,[{"addr":140736918203828,"idx":0},{"addr":140736917192506,"idx":1},{"addr":140736917191278,"idx":2},{"addr":140736917210764,"idx":3},{"addr":140736917201516,"idx":4},{"addr":140736917258922,"idx":5},{"addr":140736917255216,"idx":6},{"addr":140736917350945,"idx":7},{"addr":140736897083607,"idx":8},{"addr":140736916996940,"idx":9}],,,,,,,,,15112,,,,,,,,,,,,,,,,,,,,,,,,,,,,,,,,,,,,2655356928,140736705134592,140736705134592,394325,385024,,,,,,,,,,,,,,,,,,,,,,,,,,,,,,,,,,,,,,,,,,,,,,,,,,,,,,,,,,,,,,,,,,,,,,,
"2025-09-02 15:13:17.4556722Z","ETW","Microsoft-Windows-Kernel-Process",5,"ImageLoadInfo ",15112,12124,"Notepad.exe",,,,"C:\Windows\System32\Microsoft.Internal.WarpPal.dll",,,,,,,,,,,,[{"addr":140736918203828,"idx":0},{"addr":140736917192506,"idx":1},{"addr":140736917191278,"idx":2},{"addr":140736917210764,"idx":3},{"addr":140736917201516,"idx":4},{"addr":140736917258922,"idx":5},{"addr":140736917255216,"idx":6},{"addr":140736917350945,"idx":7},{"addr":140736897083607,"idx":8},{"addr":140736916996940,"idx":9}],,,,,,,,,15112,,,,,,,,,,,,,,,,,,,,,,,,,,,,,,,,,,,,2132685858,140736790986752,140736790986752,167600,102400,,,,,,,,,,,,,,,,,,,,,,,,,,,,,,,,,,,,,,,,,,,,,,,,,,,,,,,,,,,,,,,,,,,,,,,
"2025-09-02 15:13:17.4557040Z","ETW","Microsoft-Windows-Kernel-Process",5,"ImageLoadInfo ",15112,14224,"Notepad.exe",,,,"C:\Windows\System32\iertutil.dll",,,,,,,,,,,,[{"addr":140736918203828,"idx":0},{"addr":140736917192506,"idx":1},{"addr":140736917191278,"idx":2},{"addr":140736917210764,"idx":3},{"addr":140736917201516,"idx":4},{"addr":140736917258922,"idx":5},{"addr":140736916999751,"idx":6},{"addr":140736917165517,"idx":7},{"addr":140736917158036,"idx":8},{"addr":140736917157502,"idx":9},{"addr":140736916971470,"idx":10}],,,,,,,,,15112,,,,,,,,,,,,,,,,,,,,,,,,,,,,,,,,,,,,4273941920,140736732528640,140736732528640,2989039,2924544,,,,,,,,,,,,,,,,,,,,,,,,,,,,,,,,,,,,,,,,,,,,,,,,,,,,,,,,,,,,,,,,,,,,,,,
"2025-09-02 15:13:17.4558667Z","ETW","Microsoft-Windows-Kernel-Process",5,"ImageLoadInfo ",15112,17548,"Notepad.exe",,,,"C:\Windows\System32\windows.storage.dll",,,,,,,,,,,,[{"addr":140736918203828,"idx":0},{"addr":140736917192506,"idx":1},{"addr":140736917191278,"idx":2},{"addr":140736917210764,"idx":3},{"addr":140736917202269,"idx":4},{"addr":140736917259140,"idx":5},{"addr":140736917255216,"idx":6},{"addr":140736917350945,"idx":7},{"addr":140736897083607,"idx":8},{"addr":140736916996940,"idx":9}],,,,,,,,,15112,,,,,,,,,,,,,,,,,,,,,,,,,,,,,,,,,,,,156427775,140736830046208,140736830046208,8870321,8781824,,,,,,,,,,,,,,,,,,,,,,,,,,,,,,,,,,,,,,,,,,,,,,,,,,,,,,,,,,,,,,,,,,,,,,,
"2025-09-02 15:13:17.4563433Z","ETW","Microsoft-Windows-Kernel-Process",5,"ImageLoadInfo ",15112,12124,"Notepad.exe",,,,"C:\Windows\System32\cfgmgr32.dll",,,,,,,,,,,,[{"addr":140736918203828,"idx":0},{"addr":140736917192506,"idx":1},{"addr":140736917191278,"idx":2},{"addr":140736917210764,"idx":3},{"addr":140736917202269,"idx":4},{"addr":140736917259140,"idx":5},{"addr":140736917255216,"idx":6},{"addr":140736917350945,"idx":7},{"addr":140736897083607,"idx":8},{"addr":140736916996940,"idx":9}],,,,,,,,,15112,,,,,,,,,,,,,,,,,,,,,,,,,,,,,,,,,,,,836129831,140736862748672,140736862748672,378754,356352,,,,,,,,,,,,,,,,,,,,,,,,,,,,,,,,,,,,,,,,,,,,,,,,,,,,,,,,,,,,,,,,,,,,,,,
"2025-09-02 15:13:17.4569475Z","ETW","Microsoft-Windows-Kernel-Process",5,"ImageLoadInfo ",15112,14224,"Notepad.exe",,,,"C:\Windows\System32\netutils.dll",,,,,,,,,,,,[{"addr":140736918203828,"idx":0},{"addr":140736917192506,"idx":1},{"addr":140736917191278,"idx":2},{"addr":140736917210764,"idx":3},{"addr":140736917201516,"idx":4},{"addr":140736917258922,"idx":5},{"addr":140736916999751,"idx":6},{"addr":140736917165517,"idx":7},{"addr":140736917158036,"idx":8},{"addr":140736917157502,"idx":9},{"addr":140736916971470,"idx":10}],,,,,,,,,15112,,,,,,,,,,,,,,,,,,,,,,,,,,,,,,,,,,,,865845000,140736841973760,140736841973760,80696,53248,,,,,,,,,,,,,,,,,,,,,,,,,,,,,,,,,,,,,,,,,,,,,,,,,,,,,,,,,,,,,,,,,,,,,,,
"2025-09-02 15:13:17.4570718Z","ETW","Microsoft-Windows-Kernel-Process",5,"ImageLoadInfo ",15112,17548,"Notepad.exe",,,,"C:\Windows\System32\srvcli.dll",,,,,,,,,,,,[{"addr":140736918203828,"idx":0},{"addr":140736917192506,"idx":1},{"addr":140736917191278,"idx":2},{"addr":140736917210764,"idx":3},{"addr":140736917201516,"idx":4},{"addr":140736917258922,"idx":5},{"addr":140736917255216,"idx":6},{"addr":140736917350945,"idx":7},{"addr":140736897083607,"idx":8},{"addr":140736916996940,"idx":9}],,,,,,,,,15112,,,,,,,,,,,,,,,,,,,,,,,,,,,,,,,,,,,,239922031,140736732135424,140736732135424,181029,167936,,,,,,,,,,,,,,,,,,,,,,,,,,,,,,,,,,,,,,,,,,,,,,,,,,,,,,,,,,,,,,,,,,,,,,,
"2025-09-02 15:13:17.4571253Z","ETW","Microsoft-Antimalware-Engine",112,"Behavior Monitoring BmNotificationHandleStop",15112,13020,"Notepad.exe",,,,,,,,,,,,,,,,[],,,,,,,,,,,,,,,,,,,,,,,,,,,,,,,,,,,,,,,,,,,,,,,,,,,,,,,,,,,,,,,,,,,,,,,,,,,,,,,,,16401,0,0,false,false,0,,,,,,,,,,,,,,,,,,,,,,,,,,,,,,,,,,
"2025-09-02 15:13:17.4571367Z","ETW","Microsoft-Antimalware-Engine",111,"Behavior Monitoring BmNotificationHandleStart",15112,13020,"Notepad.exe",,,,,,,,,,,,,,,,[],,,,,,,,,,,,,,,,,,,,,,,,,,,,,,,,,,,,,,,,,,,,,,,,,,,,,,,,,,,,,,,,,,,,,,,,,,,,,,,,,16404,3935753,0,,,,,,,,,,,,,,,,,,,,,,,,,,,,,,,,,,,,,
"2025-09-02 15:13:17.4571723Z","ETW","Microsoft-Antimalware-Engine",112,"Behavior Monitoring BmNotificationHandleStop",15112,13020,"Notepad.exe",,,,,,,,,,,,,,,,[],,,,,,,,,,,,,,,,,,,,,,,,,,,,,,,,,,,,,,,,,,,,,,,,,,,,,,,,,,,,,,,,,,,,,,,,,,,,,,,,,16404,3935753,0,false,false,0,,,,,,,,,,,,,,,,,,,,,,,,,,,,,,,,,,
"2025-09-02 15:13:17.4572462Z","ETW","Microsoft-Antimalware-Engine",11,"Behavior Monitoring BmModuleLoad",15112,22008,"Notepad.exe",,,,"C:\Windows\System32\rpcrt4.dll",,,,,,,,,,,,[],,,,,,,,,,,,,,,,,,,,,,,,,,,,,,,,,,,,,,,,,,,,,,,,,,,,,,,,,,,,,,,,,,,,,,,,,,,,,,,,,,,,,,,,,,,,,,,,,,,,,,,,,,,,,,,,,,,,,,,,
"2025-09-02 15:13:17.4572513Z","ETW","Microsoft-Antimalware-Engine",111,"Behavior Monitoring BmNotificationHandleStart",15112,13020,"Notepad.exe",,,,,,,,,,,,,,,,[],,,,,,,,,,,,,,,,,,,,,,,,,,,,,,,,,,,,,,,,,,,,,,,,,,,,,,,,,,,,,,,,,,,,,,,,,,,,,,,,,16404,3935754,0,,,,,,,,,,,,,,,,,,,,,,,,,,,,,,,,,,,,,
"2025-09-02 15:13:17.4572856Z","ETW","Microsoft-Antimalware-Engine",112,"Behavior Monitoring BmNotificationHandleStop",15112,13020,"Notepad.exe",,,,,,,,,,,,,,,,[],,,,,,,,,,,,,,,,,,,,,,,,,,,,,,,,,,,,,,,,,,,,,,,,,,,,,,,,,,,,,,,,,,,,,,,,,,,,,,,,,16404,3935754,0,false,false,0,,,,,,,,,,,,,,,,,,,,,,,,,,,,,,,,,,
"2025-09-02 15:13:17.4573438Z","ETW","Microsoft-Antimalware-Engine",11,"Behavior Monitoring BmModuleLoad",15112,22008,"Notepad.exe",,,,"C:\Windows\System32\SHCore.dll",,,,,,,,,,,,[],,,,,,,,,,,,,,,,,,,,,,,,,,,,,,,,,,,,,,,,,,,,,,,,,,,,,,,,,,,,,,,,,,,,,,,,,,,,,,,,,,,,,,,,,,,,,,,,,,,,,,,,,,,,,,,,,,,,,,,,
"2025-09-02 15:13:17.4573608Z","ETW","Microsoft-Antimalware-Engine",111,"Behavior Monitoring BmNotificationHandleStart",15112,13020,"Notepad.exe",,,,,,,,,,,,,,,,[],,,,,,,,,,,,,,,,,,,,,,,,,,,,,,,,,,,,,,,,,,,,,,,,,,,,,,,,,,,,,,,,,,,,,,,,,,,,,,,,,16404,3935755,0,,,,,,,,,,,,,,,,,,,,,,,,,,,,,,,,,,,,,
"2025-09-02 15:13:17.4574033Z","ETW","Microsoft-Antimalware-Engine",112,"Behavior Monitoring BmNotificationHandleStop",15112,13020,"Notepad.exe",,,,,,,,,,,,,,,,[],,,,,,,,,,,,,,,,,,,,,,,,,,,,,,,,,,,,,,,,,,,,,,,,,,,,,,,,,,,,,,,,,,,,,,,,,,,,,,,,,16404,3935755,0,false,false,0,,,,,,,,,,,,,,,,,,,,,,,,,,,,,,,,,,
"2025-09-02 15:13:17.4574060Z","ETW","Microsoft-Antimalware-Engine",11,"Behavior Monitoring BmModuleLoad",15112,22008,"Notepad.exe",,,,"C:\Windows\System32\rpcrt4.dll",,,,,,,,,,,,[],,,,,,,,,,,,,,,,,,,,,,,,,,,,,,,,,,,,,,,,,,,,,,,,,,,,,,,,,,,,,,,,,,,,,,,,,,,,,,,,,,,,,,,,,,,,,,,,,,,,,,,,,,,,,,,,,,,,,,,,
"2025-09-02 15:13:17.4574647Z","ETW","Microsoft-Antimalware-Engine",11,"Behavior Monitoring BmModuleLoad",15112,22008,"Notepad.exe",,,,"C:\Windows\System32\shell32.dll",,,,,,,,,,,,[],,,,,,,,,,,,,,,,,,,,,,,,,,,,,,,,,,,,,,,,,,,,,,,,,,,,,,,,,,,,,,,,,,,,,,,,,,,,,,,,,,,,,,,,,,,,,,,,,,,,,,,,,,,,,,,,,,,,,,,,
"2025-09-02 15:13:17.4574674Z","ETW","Microsoft-Antimalware-Engine",111,"Behavior Monitoring BmNotificationHandleStart",15112,13020,"Notepad.exe",,,,,,,,,,,,,,,,[],,,,,,,,,,,,,,,,,,,,,,,,,,,,,,,,,,,,,,,,,,,,,,,,,,,,,,,,,,,,,,,,,,,,,,,,,,,,,,,,,16404,3935756,0,,,,,,,,,,,,,,,,,,,,,,,,,,,,,,,,,,,,,
"2025-09-02 15:13:17.4574905Z","ETW","Microsoft-Antimalware-Engine",112,"Behavior Monitoring BmNotificationHandleStop",15112,13020,"Notepad.exe",,,,,,,,,,,,,,,,[],,,,,,,,,,,,,,,,,,,,,,,,,,,,,,,,,,,,,,,,,,,,,,,,,,,,,,,,,,,,,,,,,,,,,,,,,,,,,,,,,16404,3935756,0,false,false,0,,,,,,,,,,,,,,,,,,,,,,,,,,,,,,,,,,
"2025-09-02 15:13:17.4574992Z","ETW","Microsoft-Antimalware-Engine",111,"Behavior Monitoring BmNotificationHandleStart",15112,13020,"Notepad.exe",,,,,,,,,,,,,,,,[],,,,,,,,,,,,,,,,,,,,,,,,,,,,,,,,,,,,,,,,,,,,,,,,,,,,,,,,,,,,,,,,,,,,,,,,,,,,,,,,,16404,3935757,0,,,,,,,,,,,,,,,,,,,,,,,,,,,,,,,,,,,,,
"2025-09-02 15:13:17.4575137Z","ETW","Microsoft-Antimalware-Engine",11,"Behavior Monitoring BmModuleLoad",15112,22008,"Notepad.exe",,,,"C:\Program Files\WindowsApps\Microsoft.WindowsAppRuntime.1.7_7000.522.1444.0_x64__8wekyb3d8bbwe\Microsoft.Internal.FrameworkUdk.dll",,,,,,,,,,,,[],,,,,,,,,,,,,,,,,,,,,,,,,,,,,,,,,,,,,,,,,,,,,,,,,,,,,,,,,,,,,,,,,,,,,,,,,,,,,,,,,,,,,,,,,,,,,,,,,,,,,,,,,,,,,,,,,,,,,,,,
"2025-09-02 15:13:17.4575278Z","ETW","Microsoft-Antimalware-Engine",112,"Behavior Monitoring BmNotificationHandleStop",15112,13020,"Notepad.exe",,,,,,,,,,,,,,,,[],,,,,,,,,,,,,,,,,,,,,,,,,,,,,,,,,,,,,,,,,,,,,,,,,,,,,,,,,,,,,,,,,,,,,,,,,,,,,,,,,16404,3935757,0,false,false,0,,,,,,,,,,,,,,,,,,,,,,,,,,,,,,,,,,
"2025-09-02 15:13:17.4575353Z","ETW","Microsoft-Antimalware-Engine",111,"Behavior Monitoring BmNotificationHandleStart",15112,13020,"Notepad.exe",,,,,,,,,,,,,,,,[],,,,,,,,,,,,,,,,,,,,,,,,,,,,,,,,,,,,,,,,,,,,,,,,,,,,,,,,,,,,,,,,,,,,,,,,,,,,,,,,,16404,3935758,0,,,,,,,,,,,,,,,,,,,,,,,,,,,,,,,,,,,,,
"2025-09-02 15:13:17.4575526Z","ETW","Microsoft-Antimalware-Engine",112,"Behavior Monitoring BmNotificationHandleStop",15112,13020,"Notepad.exe",,,,,,,,,,,,,,,,[],,,,,,,,,,,,,,,,,,,,,,,,,,,,,,,,,,,,,,,,,,,,,,,,,,,,,,,,,,,,,,,,,,,,,,,,,,,,,,,,,16404,3935758,0,false,false,0,,,,,,,,,,,,,,,,,,,,,,,,,,,,,,,,,,
"2025-09-02 15:13:17.4575588Z","ETW","Microsoft-Antimalware-Engine",111,"Behavior Monitoring BmNotificationHandleStart",15112,13020,"Notepad.exe",,,,,,,,,,,,,,,,[],,,,,,,,,,,,,,,,,,,,,,,,,,,,,,,,,,,,,,,,,,,,,,,,,,,,,,,,,,,,,,,,,,,,,,,,,,,,,,,,,16404,3935759,0,,,,,,,,,,,,,,,,,,,,,,,,,,,,,,,,,,,,,
"2025-09-02 15:13:17.4575603Z","ETW","Microsoft-Antimalware-Engine",11,"Behavior Monitoring BmModuleLoad",15112,22008,"Notepad.exe",,,,"C:\Windows\System32\WinTypes.dll",,,,,,,,,,,,[],,,,,,,,,,,,,,,,,,,,,,,,,,,,,,,,,,,,,,,,,,,,,,,,,,,,,,,,,,,,,,,,,,,,,,,,,,,,,,,,,,,,,,,,,,,,,,,,,,,,,,,,,,,,,,,,,,,,,,,,
"2025-09-02 15:13:17.4575792Z","ETW","Microsoft-Antimalware-Engine",112,"Behavior Monitoring BmNotificationHandleStop",15112,13020,"Notepad.exe",,,,,,,,,,,,,,,,[],,,,,,,,,,,,,,,,,,,,,,,,,,,,,,,,,,,,,,,,,,,,,,,,,,,,,,,,,,,,,,,,,,,,,,,,,,,,,,,,,16404,3935759,0,false,false,0,,,,,,,,,,,,,,,,,,,,,,,,,,,,,,,,,,
"2025-09-02 15:13:17.4576131Z","ETW","Microsoft-Antimalware-Engine",11,"Behavior Monitoring BmModuleLoad",15112,22008,"Notepad.exe",,,,"C:\Windows\System32\shlwapi.dll",,,,,,,,,,,,[],,,,,,,,,,,,,,,,,,,,,,,,,,,,,,,,,,,,,,,,,,,,,,,,,,,,,,,,,,,,,,,,,,,,,,,,,,,,,,,,,,,,,,,,,,,,,,,,,,,,,,,,,,,,,,,,,,,,,,,,
"2025-09-02 15:13:17.4576645Z","ETW","Microsoft-Antimalware-Engine",11,"Behavior Monitoring BmModuleLoad",15112,22008,"Notepad.exe",,,,"C:\Windows\System32\comdlg32.dll",,,,,,,,,,,,[],,,,,,,,,,,,,,,,,,,,,,,,,,,,,,,,,,,,,,,,,,,,,,,,,,,,,,,,,,,,,,,,,,,,,,,,,,,,,,,,,,,,,,,,,,,,,,,,,,,,,,,,,,,,,,,,,,,,,,,,
"2025-09-02 15:13:17.4576709Z","ETW","Microsoft-Antimalware-Engine",111,"Behavior Monitoring BmNotificationHandleStart",15112,13020,"Notepad.exe",,,,,,,,,,,,,,,,[],,,,,,,,,,,,,,,,,,,,,,,,,,,,,,,,,,,,,,,,,,,,,,,,,,,,,,,,,,,,,,,,,,,,,,,,,,,,,,,,,16404,3935760,0,,,,,,,,,,,,,,,,,,,,,,,,,,,,,,,,,,,,,
"2025-09-02 15:13:17.4577228Z","ETW","Microsoft-Antimalware-Engine",11,"Behavior Monitoring BmModuleLoad",15112,22008,"Notepad.exe",,,,"C:\Windows\System32\crypt32.dll",,,,,,,,,,,,[],,,,,,,,,,,,,,,,,,,,,,,,,,,,,,,,,,,,,,,,,,,,,,,,,,,,,,,,,,,,,,,,,,,,,,,,,,,,,,,,,,,,,,,,,,,,,,,,,,,,,,,,,,,,,,,,,,,,,,,,
"2025-09-02 15:13:17.4577740Z","ETW","Microsoft-Antimalware-Engine",11,"Behavior Monitoring BmModuleLoad",15112,22008,"Notepad.exe",,,,"C:\Windows\System32\ntmarta.dll",,,,,,,,,,,,[],,,,,,,,,,,,,,,,,,,,,,,,,,,,,,,,,,,,,,,,,,,,,,,,,,,,,,,,,,,,,,,,,,,,,,,,,,,,,,,,,,,,,,,,,,,,,,,,,,,,,,,,,,,,,,,,,,,,,,,,
"2025-09-02 15:13:17.4578245Z","ETW","Microsoft-Antimalware-Engine",11,"Behavior Monitoring BmModuleLoad",15112,22008,"Notepad.exe",,,,"C:\Windows\System32\profapi.dll",,,,,,,,,,,,[],,,,,,,,,,,,,,,,,,,,,,,,,,,,,,,,,,,,,,,,,,,,,,,,,,,,,,,,,,,,,,,,,,,,,,,,,,,,,,,,,,,,,,,,,,,,,,,,,,,,,,,,,,,,,,,,,,,,,,,,
"2025-09-02 15:13:17.4578630Z","ETW","Microsoft-Antimalware-Engine",11,"Behavior Monitoring BmModuleLoad",15112,22008,"Notepad.exe",,,,"C:\Program Files\WindowsApps\Microsoft.WindowsAppRuntime.1.7_7000.522.1444.0_x64__8wekyb3d8bbwe\Microsoft.Internal.FrameworkUdk.dll",,,,,,,,,,,,[],,,,,,,,,,,,,,,,,,,,,,,,,,,,,,,,,,,,,,,,,,,,,,,,,,,,,,,,,,,,,,,,,,,,,,,,,,,,,,,,,,,,,,,,,,,,,,,,,,,,,,,,,,,,,,,,,,,,,,,,
"2025-09-02 15:13:17.4579146Z","ETW","Microsoft-Antimalware-Engine",11,"Behavior Monitoring BmModuleLoad",15112,22008,"Notepad.exe",,,,"C:\Windows\System32\kernel.appcore.dll",,,,,,,,,,,,[],,,,,,,,,,,,,,,,,,,,,,,,,,,,,,,,,,,,,,,,,,,,,,,,,,,,,,,,,,,,,,,,,,,,,,,,,,,,,,,,,,,,,,,,,,,,,,,,,,,,,,,,,,,,,,,,,,,,,,,,
"2025-09-02 15:13:17.4579634Z","ETW","Microsoft-Antimalware-Engine",11,"Behavior Monitoring BmModuleLoad",15112,22008,"Notepad.exe",,,,"C:\Windows\System32\CoreMessaging.dll",,,,,,,,,,,,[],,,,,,,,,,,,,,,,,,,,,,,,,,,,,,,,,,,,,,,,,,,,,,,,,,,,,,,,,,,,,,,,,,,,,,,,,,,,,,,,,,,,,,,,,,,,,,,,,,,,,,,,,,,,,,,,,,,,,,,,
"2025-09-02 15:13:17.4580135Z","ETW","Microsoft-Antimalware-Engine",11,"Behavior Monitoring BmModuleLoad",15112,22008,"Notepad.exe",,,,"C:\Windows\System32\dcomp.dll",,,,,,,,,,,,[],,,,,,,,,,,,,,,,,,,,,,,,,,,,,,,,,,,,,,,,,,,,,,,,,,,,,,,,,,,,,,,,,,,,,,,,,,,,,,,,,,,,,,,,,,,,,,,,,,,,,,,,,,,,,,,,,,,,,,,,
"2025-09-02 15:13:17.4580638Z","ETW","Microsoft-Antimalware-Engine",11,"Behavior Monitoring BmModuleLoad",15112,22008,"Notepad.exe",,,,"C:\Windows\System32\urlmon.dll",,,,,,,,,,,,[],,,,,,,,,,,,,,,,,,,,,,,,,,,,,,,,,,,,,,,,,,,,,,,,,,,,,,,,,,,,,,,,,,,,,,,,,,,,,,,,,,,,,,,,,,,,,,,,,,,,,,,,,,,,,,,,,,,,,,,,
"2025-09-02 15:13:17.4581083Z","ETW","Microsoft-Antimalware-Engine",11,"Behavior Monitoring BmModuleLoad",15112,22008,"Notepad.exe",,,,"C:\Windows\System32\propsys.dll",,,,,,,,,,,,[],,,,,,,,,,,,,,,,,,,,,,,,,,,,,,,,,,,,,,,,,,,,,,,,,,,,,,,,,,,,,,,,,,,,,,,,,,,,,,,,,,,,,,,,,,,,,,,,,,,,,,,,,,,,,,,,,,,,,,,,
"2025-09-02 15:13:17.4581534Z","ETW","Microsoft-Antimalware-Engine",11,"Behavior Monitoring BmModuleLoad",15112,22008,"Notepad.exe",,,,"C:\Windows\WinSxS\amd64_microsoft.windows.common-controls_6595b64144ccf1df_6.0.26100.4768_none_3e0c112ce331287c\comctl32.dll",,,,,,,,,,,,[],,,,,,,,,,,,,,,,,,,,,,,,,,,,,,,,,,,,,,,,,,,,,,,,,,,,,,,,,,,,,,,,,,,,,,,,,,,,,,,,,,,,,,,,,,,,,,,,,,,,,,,,,,,,,,,,,,,,,,,,
"2025-09-02 15:13:17.4581969Z","ETW","Microsoft-Antimalware-Engine",11,"Behavior Monitoring BmModuleLoad",15112,22008,"Notepad.exe",,,,"C:\Windows\WinSxS\amd64_microsoft.windows.common-controls_6595b64144ccf1df_6.0.26100.4768_none_3e0c112ce331287c\comctl32.dll",,,,,,,,,,,,[],,,,,,,,,,,,,,,,,,,,,,,,,,,,,,,,,,,,,,,,,,,,,,,,,,,,,,,,,,,,,,,,,,,,,,,,,,,,,,,,,,,,,,,,,,,,,,,,,,,,,,,,,,,,,,,,,,,,,,,,
"2025-09-02 15:13:17.4582455Z","ETW","Microsoft-Antimalware-Engine",11,"Behavior Monitoring BmModuleLoad",15112,22008,"Notepad.exe",,,,"C:\Windows\System32\icu.dll",,,,,,,,,,,,[],,,,,,,,,,,,,,,,,,,,,,,,,,,,,,,,,,,,,,,,,,,,,,,,,,,,,,,,,,,,,,,,,,,,,,,,,,,,,,,,,,,,,,,,,,,,,,,,,,,,,,,,,,,,,,,,,,,,,,,,
"2025-09-02 15:13:17.4582885Z","ETW","Microsoft-Antimalware-Engine",11,"Behavior Monitoring BmModuleLoad",15112,22008,"Notepad.exe",,,,"C:\Windows\System32\winspool.drv",,,,,,,,,,,,[],,,,,,,,,,,,,,,,,,,,,,,,,,,,,,,,,,,,,,,,,,,,,,,,,,,,,,,,,,,,,,,,,,,,,,,,,,,,,,,,,,,,,,,,,,,,,,,,,,,,,,,,,,,,,,,,,,,,,,,,
"2025-09-02 15:13:17.4583356Z","ETW","Microsoft-Antimalware-Engine",11,"Behavior Monitoring BmModuleLoad",15112,22008,"Notepad.exe",,,,"C:\Windows\System32\dwmapi.dll",,,,,,,,,,,,[],,,,,,,,,,,,,,,,,,,,,,,,,,,,,,,,,,,,,,,,,,,,,,,,,,,,,,,,,,,,,,,,,,,,,,,,,,,,,,,,,,,,,,,,,,,,,,,,,,,,,,,,,,,,,,,,,,,,,,,,
"2025-09-02 15:13:17.4583870Z","ETW","Microsoft-Antimalware-Engine",59,"Message Info ",1912,13020,"MsMpEng.exe",,,,,,0,"Behavior:Win32/SuspDllSideLoaded.B","0x1A5B3D8FF6402","84db5fe770e0d0198f480427d1ce9babd9f03e0e",,,,,,,[],,,,,,,,,,,,,,,,,,,,,,,,,,,,,,,,,,,,,,,,,,,,,,,,,,,,,,,,,,,,,,,,,,,,,,,,,,,,,,,,,,,,,,,,,,,,,,,,,,,,,,,,,,,,,,,,,,,,,,,,
"2025-09-02 15:13:17.4584064Z","ETW","Microsoft-Antimalware-Engine",11,"Behavior Monitoring BmModuleLoad",15112,22008,"Notepad.exe",,,,"C:\Windows\System32\uxtheme.dll",,,,,,,,,,,,[],,,,,,,,,,,,,,,,,,,,,,,,,,,,,,,,,,,,,,,,,,,,,,,,,,,,,,,,,,,,,,,,,,,,,,,,,,,,,,,,,,,,,,,,,,,,,,,,,,,,,,,,,,,,,,,,,,,,,,,,
"2025-09-02 15:13:17.4584130Z","ETW","Microsoft-Antimalware-Engine",104,"Behavior Monitoring BmInternal",15112,13020,"Notepad.exe",,,,,,,,,,,,,,,,[],,,,,,,,,,,,,,,,,,,,,,,,,,,,,,,,,,,,,,,,,,,,,,,,,,,,,,,,,,,,,,,,,,,,,,,,,,22,"C:\Program Files\WindowsApps\Microsoft.WindowsNotepad_11.2506.35.0_x64__8wekyb3d8bbwe\Notepad\Notepad.exe","'C:\Windows\System32\notepad.exe'",,,,,,,,,,,,,,,,,,,,,,,,,,,,,,,,,,,,,,,,,,,,
"2025-09-02 15:13:17.4584271Z","ETW","Microsoft-Antimalware-Engine",112,"Behavior Monitoring BmNotificationHandleStop",15112,13020,"Notepad.exe",,,,,,,,,,,,,,,,[],,,,,,,,,,,,,,,,,,,,,,,,,,,,,,,,,,,,,,,,,,,,,,,,,,,,,,,,,,,,,,,,,,,,,,,,,,,,,,,,,16404,3935760,0,false,false,0,,,,,,,,,,,,,,,,,,,,,,,,,,,,,,,,,,
"2025-09-02 15:13:17.4584533Z","ETW","Microsoft-Antimalware-Engine",11,"Behavior Monitoring BmModuleLoad",15112,22008,"Notepad.exe",,,,"C:\Program Files\WindowsApps\Microsoft.VCLibs.140.00.UWPDesktop_14.0.33728.0_x64__8wekyb3d8bbwe\msvcp140.dll",,,,,,,,,,,,[],,,,,,,,,,,,,,,,,,,,,,,,,,,,,,,,,,,,,,,,,,,,,,,,,,,,,,,,,,,,,,,,,,,,,,,,,,,,,,,,,,,,,,,,,,,,,,,,,,,,,,,,,,,,,,,,,,,,,,,,
"2025-09-02 15:13:17.4584984Z","ETW","Microsoft-Antimalware-Engine",11,"Behavior Monitoring BmModuleLoad",15112,22008,"Notepad.exe",,,,"C:\Program Files\WindowsApps\Microsoft.VCLibs.140.00.UWPDesktop_14.0.33728.0_x64__8wekyb3d8bbwe\msvcp140_atomic_wait.dll",,,,,,,,,,,,[],,,,,,,,,,,,,,,,,,,,,,,,,,,,,,,,,,,,,,,,,,,,,,,,,,,,,,,,,,,,,,,,,,,,,,,,,,,,,,,,,,,,,,,,,,,,,,,,,,,,,,,,,,,,,,,,,,,,,,,,
"2025-09-02 15:13:17.4585045Z","ETW","Microsoft-Antimalware-Engine",111,"Behavior Monitoring BmNotificationHandleStart",15112,13020,"Notepad.exe",,,,,,,,,,,,,,,,[],,,,,,,,,,,,,,,,,,,,,,,,,,,,,,,,,,,,,,,,,,,,,,,,,,,,,,,,,,,,,,,,,,,,,,,,,,,,,,,,,16401,0,0,,,,,,,,,,,,,,,,,,,,,,,,,,,,,,,,,,,,,
"2025-09-02 15:13:17.4585375Z","ETW","Microsoft-Antimalware-Engine",11,"Behavior Monitoring BmModuleLoad",15112,22008,"Notepad.exe",,,,"C:\Program Files\WindowsApps\Microsoft.VCLibs.140.00.UWPDesktop_14.0.33728.0_x64__8wekyb3d8bbwe\vcruntime140_1.dll",,,,,,,,,,,,[],,,,,,,,,,,,,,,,,,,,,,,,,,,,,,,,,,,,,,,,,,,,,,,,,,,,,,,,,,,,,,,,,,,,,,,,,,,,,,,,,,,,,,,,,,,,,,,,,,,,,,,,,,,,,,,,,,,,,,,,
"2025-09-02 15:13:17.4585894Z","ETW","Microsoft-Antimalware-Engine",11,"Behavior Monitoring BmModuleLoad",15112,22008,"Notepad.exe",,,,"C:\Windows\System32\ole32.dll",,,,,,,,,,,,[],,,,,,,,,,,,,,,,,,,,,,,,,,,,,,,,,,,,,,,,,,,,,,,,,,,,,,,,,,,,,,,,,,,,,,,,,,,,,,,,,,,,,,,,,,,,,,,,,,,,,,,,,,,,,,,,,,,,,,,,
"2025-09-02 15:13:17.4586346Z","ETW","Microsoft-Antimalware-Engine",11,"Behavior Monitoring BmModuleLoad",15112,22008,"Notepad.exe",,,,"C:\Program Files\WindowsApps\Microsoft.WindowsAppRuntime.1.7_7000.522.1444.0_x64__8wekyb3d8bbwe\Microsoft.UI.Windowing.Core.dll",,,,,,,,,,,,[],,,,,,,,,,,,,,,,,,,,,,,,,,,,,,,,,,,,,,,,,,,,,,,,,,,,,,,,,,,,,,,,,,,,,,,,,,,,,,,,,,,,,,,,,,,,,,,,,,,,,,,,,,,,,,,,,,,,,,,,
"2025-09-02 15:13:17.4586934Z","ETW","Microsoft-Antimalware-Engine",11,"Behavior Monitoring BmModuleLoad",15112,22008,"Notepad.exe",,,,"C:\Windows\System32\Microsoft.Internal.WarpPal.dll",,,,,,,,,,,,[],,,,,,,,,,,,,,,,,,,,,,,,,,,,,,,,,,,,,,,,,,,,,,,,,,,,,,,,,,,,,,,,,,,,,,,,,,,,,,,,,,,,,,,,,,,,,,,,,,,,,,,,,,,,,,,,,,,,,,,,
"2025-09-02 15:13:17.4587455Z","ETW","Microsoft-Antimalware-Engine",11,"Behavior Monitoring BmModuleLoad",15112,22008,"Notepad.exe",,,,"C:\Windows\System32\iertutil.dll",,,,,,,,,,,,[],,,,,,,,,,,,,,,,,,,,,,,,,,,,,,,,,,,,,,,,,,,,,,,,,,,,,,,,,,,,,,,,,,,,,,,,,,,,,,,,,,,,,,,,,,,,,,,,,,,,,,,,,,,,,,,,,,,,,,,,
"2025-09-02 15:13:17.4587661Z","ETW","Microsoft-Antimalware-Engine",59,"Message Info ",1912,13020,"MsMpEng.exe",,,,,,0,"Behavior:Win32/ExploitAttempt.ZA!dha","0x5BB3C187493B","9b9f35e3b87d39f15df8932701977e1f4f0409c6",,,,,,,[],,,,,,,,,,,,,,,,,,,,,,,,,,,,,,,,,,,,,,,,,,,,,,,,,,,,,,,,,,,,,,,,,,,,,,,,,,,,,,,,,,,,,,,,,,,,,,,,,,,,,,,,,,,,,,,,,,,,,,,,
"2025-09-02 15:13:17.4587965Z","ETW","Microsoft-Antimalware-Engine",11,"Behavior Monitoring BmModuleLoad",15112,22008,"Notepad.exe",,,,"C:\Windows\System32\windows.storage.dll",,,,,,,,,,,,[],,,,,,,,,,,,,,,,,,,,,,,,,,,,,,,,,,,,,,,,,,,,,,,,,,,,,,,,,,,,,,,,,,,,,,,,,,,,,,,,,,,,,,,,,,,,,,,,,,,,,,,,,,,,,,,,,,,,,,,,
"2025-09-02 15:13:17.4588398Z","ETW","Microsoft-Antimalware-Engine",11,"Behavior Monitoring BmModuleLoad",15112,22008,"Notepad.exe",,,,"C:\Windows\System32\cfgmgr32.dll",,,,,,,,,,,,[],,,,,,,,,,,,,,,,,,,,,,,,,,,,,,,,,,,,,,,,,,,,,,,,,,,,,,,,,,,,,,,,,,,,,,,,,,,,,,,,,,,,,,,,,,,,,,,,,,,,,,,,,,,,,,,,,,,,,,,,
"2025-09-02 15:13:17.4588918Z","ETW","Microsoft-Antimalware-Engine",11,"Behavior Monitoring BmModuleLoad",15112,22008,"Notepad.exe",,,,"C:\Windows\System32\combase.dll",,,,,,,,,,,,[],,,,,,,,,,,,,,,,,,,,,,,,,,,,,,,,,,,,,,,,,,,,,,,,,,,,,,,,,,,,,,,,,,,,,,,,,,,,,,,,,,,,,,,,,,,,,,,,,,,,,,,,,,,,,,,,,,,,,,,,
"2025-09-02 15:13:17.4589378Z","ETW","Microsoft-Antimalware-Engine",11,"Behavior Monitoring BmModuleLoad",15112,22008,"Notepad.exe",,,,"C:\Program Files\WindowsApps\Microsoft.VCLibs.140.00.UWPDesktop_14.0.33728.0_x64__8wekyb3d8bbwe\vcruntime140.dll",,,,,,,,,,,,[],,,,,,,,,,,,,,,,,,,,,,,,,,,,,,,,,,,,,,,,,,,,,,,,,,,,,,,,,,,,,,,,,,,,,,,,,,,,,,,,,,,,,,,,,,,,,,,,,,,,,,,,,,,,,,,,,,,,,,,,
"2025-09-02 15:13:17.4589742Z","ETW","Microsoft-Antimalware-Engine",112,"Behavior Monitoring BmNotificationHandleStop",15112,13020,"Notepad.exe",,,,,,,,,,,,,,,,[],,,,,,,,,,,,,,,,,,,,,,,,,,,,,,,,,,,,,,,,,,,,,,,,,,,,,,,,,,,,,,,,,,,,,,,,,,,,,,,,,16401,0,0,false,false,0,,,,,,,,,,,,,,,,,,,,,,,,,,,,,,,,,,
"2025-09-02 15:13:17.4589836Z","ETW","Microsoft-Antimalware-Engine",111,"Behavior Monitoring BmNotificationHandleStart",15112,13020,"Notepad.exe",,,,,,,,,,,,,,,,[],,,,,,,,,,,,,,,,,,,,,,,,,,,,,,,,,,,,,,,,,,,,,,,,,,,,,,,,,,,,,,,,,,,,,,,,,,,,,,,,,16404,3935745,0,,,,,,,,,,,,,,,,,,,,,,,,,,,,,,,,,,,,,
"2025-09-02 15:13:17.4589887Z","ETW","Microsoft-Antimalware-Engine",11,"Behavior Monitoring BmModuleLoad",15112,22008,"Notepad.exe",,,,"C:\Windows\System32\BCP47Langs.dll",,,,,,,,,,,,[],,,,,,,,,,,,,,,,,,,,,,,,,,,,,,,,,,,,,,,,,,,,,,,,,,,,,,,,,,,,,,,,,,,,,,,,,,,,,,,,,,,,,,,,,,,,,,,,,,,,,,,,,,,,,,,,,,,,,,,,
"2025-09-02 15:13:17.4590127Z","ETW","Microsoft-Antimalware-Engine",112,"Behavior Monitoring BmNotificationHandleStop",15112,13020,"Notepad.exe",,,,,,,,,,,,,,,,[],,,,,,,,,,,,,,,,,,,,,,,,,,,,,,,,,,,,,,,,,,,,,,,,,,,,,,,,,,,,,,,,,,,,,,,,,,,,,,,,,16404,3935745,0,false,false,0,,,,,,,,,,,,,,,,,,,,,,,,,,,,,,,,,,
"2025-09-02 15:13:17.4590386Z","ETW","Microsoft-Antimalware-Engine",11,"Behavior Monitoring BmModuleLoad",15112,22008,"Notepad.exe",,,,"C:\Windows\System32\netutils.dll",,,,,,,,,,,,[],,,,,,,,,,,,,,,,,,,,,,,,,,,,,,,,,,,,,,,,,,,,,,,,,,,,,,,,,,,,,,,,,,,,,,,,,,,,,,,,,,,,,,,,,,,,,,,,,,,,,,,,,,,,,,,,,,,,,,,,
"2025-09-02 15:13:17.4590819Z","ETW","Microsoft-Antimalware-Engine",11,"Behavior Monitoring BmModuleLoad",15112,22008,"Notepad.exe",,,,"C:\Windows\System32\srvcli.dll",,,,,,,,,,,,[],,,,,,,,,,,,,,,,,,,,,,,,,,,,,,,,,,,,,,,,,,,,,,,,,,,,,,,,,,,,,,,,,,,,,,,,,,,,,,,,,,,,,,,,,,,,,,,,,,,,,,,,,,,,,,,,,,,,,,,,
"2025-09-02 15:13:17.4591015Z","ETW","Microsoft-Antimalware-Engine",111,"Behavior Monitoring BmNotificationHandleStart",15112,13020,"Notepad.exe",,,,,,,,,,,,,,,,[],,,,,,,,,,,,,,,,,,,,,,,,,,,,,,,,,,,,,,,,,,,,,,,,,,,,,,,,,,,,,,,,,,,,,,,,,,,,,,,,,16404,3935746,0,,,,,,,,,,,,,,,,,,,,,,,,,,,,,,,,,,,,,
"2025-09-02 15:13:17.4592731Z","ETW","Microsoft-Windows-Kernel-Process",5,"ImageLoadInfo ",15112,14224,"Notepad.exe",,,,"C:\Windows\System32\imm32.dll",,,,,,,,,,,,[{"addr":140736918203828,"idx":0},{"addr":140736917192506,"idx":1},{"addr":140736917191278,"idx":2},{"addr":140736917190209,"idx":3},{"addr":140736916804181,"idx":4},{"addr":140736916785218,"idx":5},{"addr":140736916784352,"idx":6},{"addr":140736917101952,"idx":7},{"addr":140736872000198,"idx":8},{"addr":140736914283356,"idx":9},{"addr":140736914516183,"idx":10},{"addr":140736918195438,"idx":11},{"addr":140736917219838,"idx":12},{"addr":140736917215596,"idx":13},{"addr":140736916995194,"idx":14},{"addr":140736916995238,"idx":15},{"addr":140736916995238,"idx":16},{"addr":140736916995238,"idx":17},{"addr":140736916995238,"idx":18},{"addr":140736917165788,"idx":19},{"addr":140736917158036,"idx":20},{"addr":140736917157502,"idx":21},{"addr":140736916971470,"idx":22}],,,,,,,,,15112,,,,,,,,,,,,,,,,,,,,,,,,,,,,,,,,,,,,2763417762,140736896630784,140736896630784,237947,192512,,,,,,,,,,,,,,,,,,,,,,,,,,,,,,,,,,,,,,,,,,,,,,,,,,,,,,,,,,,,,,,,,,,,,,,
"2025-09-02 15:13:17.4595404Z","ETW","Microsoft-Antimalware-Engine",59,"Message Info ",1912,13020,"MsMpEng.exe",,,,,,0,"Behavior:Win32/SuspDllSideLoaded.B","0x1A5B3D8FF6402","84db5fe770e0d0198f480427d1ce9babd9f03e0e",,,,,,,[],,,,,,,,,,,,,,,,,,,,,,,,,,,,,,,,,,,,,,,,,,,,,,,,,,,,,,,,,,,,,,,,,,,,,,,,,,,,,,,,,,,,,,,,,,,,,,,,,,,,,,,,,,,,,,,,,,,,,,,,
"2025-09-02 15:13:17.4595887Z","ETW","Microsoft-Antimalware-Engine",104,"Behavior Monitoring BmInternal",15112,13020,"Notepad.exe",,,,,,,,,,,,,,,,[],,,,,,,,,,,,,,,,,,,,,,,,,,,,,,,,,,,,,,,,,,,,,,,,,,,,,,,,,,,,,,,,,,,,,,,,,,22,"C:\Program Files\WindowsApps\Microsoft.WindowsNotepad_11.2506.35.0_x64__8wekyb3d8bbwe\Notepad\Notepad.exe","'C:\Windows\System32\notepad.exe'",,,,,,,,,,,,,,,,,,,,,,,,,,,,,,,,,,,,,,,,,,,,
"2025-09-02 15:13:17.4595992Z","ETW","Microsoft-Antimalware-Engine",112,"Behavior Monitoring BmNotificationHandleStop",15112,13020,"Notepad.exe",,,,,,,,,,,,,,,,[],,,,,,,,,,,,,,,,,,,,,,,,,,,,,,,,,,,,,,,,,,,,,,,,,,,,,,,,,,,,,,,,,,,,,,,,,,,,,,,,,16404,3935746,0,false,false,0,,,,,,,,,,,,,,,,,,,,,,,,,,,,,,,,,,
"2025-09-02 15:13:17.4596788Z","ETW","Microsoft-Antimalware-Engine",111,"Behavior Monitoring BmNotificationHandleStart",15112,13020,"Notepad.exe",,,,,,,,,,,,,,,,[],,,,,,,,,,,,,,,,,,,,,,,,,,,,,,,,,,,,,,,,,,,,,,,,,,,,,,,,,,,,,,,,,,,,,,,,,,,,,,,,,16401,0,0,,,,,,,,,,,,,,,,,,,,,,,,,,,,,,,,,,,,,
"2025-09-02 15:13:17.4599333Z","ETW","Microsoft-Antimalware-Engine",59,"Message Info ",1912,13020,"MsMpEng.exe",,,,,,0,"Behavior:Win32/ExploitAttempt.ZA!dha","0x5BB3C187493B","9b9f35e3b87d39f15df8932701977e1f4f0409c6",,,,,,,[],,,,,,,,,,,,,,,,,,,,,,,,,,,,,,,,,,,,,,,,,,,,,,,,,,,,,,,,,,,,,,,,,,,,,,,,,,,,,,,,,,,,,,,,,,,,,,,,,,,,,,,,,,,,,,,,,,,,,,,,
"2025-09-02 15:13:17.4601054Z","ETW","Microsoft-Antimalware-Engine",112,"Behavior Monitoring BmNotificationHandleStop",15112,13020,"Notepad.exe",,,,,,,,,,,,,,,,[],,,,,,,,,,,,,,,,,,,,,,,,,,,,,,,,,,,,,,,,,,,,,,,,,,,,,,,,,,,,,,,,,,,,,,,,,,,,,,,,,16401,0,0,false,false,0,,,,,,,,,,,,,,,,,,,,,,,,,,,,,,,,,,
"2025-09-02 15:13:17.4601157Z","ETW","Microsoft-Antimalware-Engine",111,"Behavior Monitoring BmNotificationHandleStart",15112,13020,"Notepad.exe",,,,,,,,,,,,,,,,[],,,,,,,,,,,,,,,,,,,,,,,,,,,,,,,,,,,,,,,,,,,,,,,,,,,,,,,,,,,,,,,,,,,,,,,,,,,,,,,,,16404,3935747,0,,,,,,,,,,,,,,,,,,,,,,,,,,,,,,,,,,,,,
"2025-09-02 15:13:17.4601438Z","ETW","Microsoft-Antimalware-Engine",11,"Behavior Monitoring BmModuleLoad",15112,22008,"Notepad.exe",,,,"C:\Windows\System32\imm32.dll",,,,,,,,,,,,[],,,,,,,,,,,,,,,,,,,,,,,,,,,,,,,,,,,,,,,,,,,,,,,,,,,,,,,,,,,,,,,,,,,,,,,,,,,,,,,,,,,,,,,,,,,,,,,,,,,,,,,,,,,,,,,,,,,,,,,,
"2025-09-02 15:13:17.4601468Z","ETW","Microsoft-Antimalware-Engine",112,"Behavior Monitoring BmNotificationHandleStop",15112,13020,"Notepad.exe",,,,,,,,,,,,,,,,[],,,,,,,,,,,,,,,,,,,,,,,,,,,,,,,,,,,,,,,,,,,,,,,,,,,,,,,,,,,,,,,,,,,,,,,,,,,,,,,,,16404,3935747,0,false,false,0,,,,,,,,,,,,,,,,,,,,,,,,,,,,,,,,,,
"2025-09-02 15:13:17.4601620Z","ETW","Microsoft-Antimalware-Engine",111,"Behavior Monitoring BmNotificationHandleStart",15112,13020,"Notepad.exe",,,,,,,,,,,,,,,,[],,,,,,,,,,,,,,,,,,,,,,,,,,,,,,,,,,,,,,,,,,,,,,,,,,,,,,,,,,,,,,,,,,,,,,,,,,,,,,,,,16404,3935761,0,,,,,,,,,,,,,,,,,,,,,,,,,,,,,,,,,,,,,
"2025-09-02 15:13:17.4602006Z","ETW","Microsoft-Antimalware-Engine",112,"Behavior Monitoring BmNotificationHandleStop",15112,13020,"Notepad.exe",,,,,,,,,,,,,,,,[],,,,,,,,,,,,,,,,,,,,,,,,,,,,,,,,,,,,,,,,,,,,,,,,,,,,,,,,,,,,,,,,,,,,,,,,,,,,,,,,,16404,3935761,0,false,false,0,,,,,,,,,,,,,,,,,,,,,,,,,,,,,,,,,,
"2025-09-02 15:13:17.4602743Z","ETW","Microsoft-Antimalware-Engine",111,"Behavior Monitoring BmNotificationHandleStart",15112,13020,"Notepad.exe",,,,,,,,,,,,,,,,[],,,,,,,,,,,,,,,,,,,,,,,,,,,,,,,,,,,,,,,,,,,,,,,,,,,,,,,,,,,,,,,,,,,,,,,,,,,,,,,,,16404,3935762,0,,,,,,,,,,,,,,,,,,,,,,,,,,,,,,,,,,,,,
"2025-09-02 15:13:17.4603002Z","ETW","Microsoft-Antimalware-Engine",112,"Behavior Monitoring BmNotificationHandleStop",15112,13020,"Notepad.exe",,,,,,,,,,,,,,,,[],,,,,,,,,,,,,,,,,,,,,,,,,,,,,,,,,,,,,,,,,,,,,,,,,,,,,,,,,,,,,,,,,,,,,,,,,,,,,,,,,16404,3935762,0,false,false,0,,,,,,,,,,,,,,,,,,,,,,,,,,,,,,,,,,
"2025-09-02 15:13:17.4603192Z","ETW","Microsoft-Antimalware-Engine",111,"Behavior Monitoring BmNotificationHandleStart",15112,13020,"Notepad.exe",,,,,,,,,,,,,,,,[],,,,,,,,,,,,,,,,,,,,,,,,,,,,,,,,,,,,,,,,,,,,,,,,,,,,,,,,,,,,,,,,,,,,,,,,,,,,,,,,,16404,3935763,0,,,,,,,,,,,,,,,,,,,,,,,,,,,,,,,,,,,,,
"2025-09-02 15:13:17.4603401Z","ETW","Microsoft-Antimalware-Engine",112,"Behavior Monitoring BmNotificationHandleStop",15112,13020,"Notepad.exe",,,,,,,,,,,,,,,,[],,,,,,,,,,,,,,,,,,,,,,,,,,,,,,,,,,,,,,,,,,,,,,,,,,,,,,,,,,,,,,,,,,,,,,,,,,,,,,,,,16404,3935763,0,false,false,0,,,,,,,,,,,,,,,,,,,,,,,,,,,,,,,,,,
"2025-09-02 15:13:17.4604086Z","ETW","Microsoft-Antimalware-Engine",111,"Behavior Monitoring BmNotificationHandleStart",15112,13020,"Notepad.exe",,,,,,,,,,,,,,,,[],,,,,,,,,,,,,,,,,,,,,,,,,,,,,,,,,,,,,,,,,,,,,,,,,,,,,,,,,,,,,,,,,,,,,,,,,,,,,,,,,16404,3935764,0,,,,,,,,,,,,,,,,,,,,,,,,,,,,,,,,,,,,,
"2025-09-02 15:13:17.4604321Z","ETW","Microsoft-Antimalware-Engine",112,"Behavior Monitoring BmNotificationHandleStop",15112,13020,"Notepad.exe",,,,,,,,,,,,,,,,[],,,,,,,,,,,,,,,,,,,,,,,,,,,,,,,,,,,,,,,,,,,,,,,,,,,,,,,,,,,,,,,,,,,,,,,,,,,,,,,,,16404,3935764,0,false,false,0,,,,,,,,,,,,,,,,,,,,,,,,,,,,,,,,,,
"2025-09-02 15:13:17.4604927Z","ETW","Microsoft-Antimalware-Engine",111,"Behavior Monitoring BmNotificationHandleStart",15112,13020,"Notepad.exe",,,,,,,,,,,,,,,,[],,,,,,,,,,,,,,,,,,,,,,,,,,,,,,,,,,,,,,,,,,,,,,,,,,,,,,,,,,,,,,,,,,,,,,,,,,,,,,,,,16404,3935765,0,,,,,,,,,,,,,,,,,,,,,,,,,,,,,,,,,,,,,
"2025-09-02 15:13:17.4605311Z","ETW","Microsoft-Antimalware-Engine",112,"Behavior Monitoring BmNotificationHandleStop",15112,13020,"Notepad.exe",,,,,,,,,,,,,,,,[],,,,,,,,,,,,,,,,,,,,,,,,,,,,,,,,,,,,,,,,,,,,,,,,,,,,,,,,,,,,,,,,,,,,,,,,,,,,,,,,,16404,3935765,0,false,false,0,,,,,,,,,,,,,,,,,,,,,,,,,,,,,,,,,,
"2025-09-02 15:13:17.4605410Z","ETW","Microsoft-Antimalware-Engine",111,"Behavior Monitoring BmNotificationHandleStart",15112,13020,"Notepad.exe",,,,,,,,,,,,,,,,[],,,,,,,,,,,,,,,,,,,,,,,,,,,,,,,,,,,,,,,,,,,,,,,,,,,,,,,,,,,,,,,,,,,,,,,,,,,,,,,,,16404,3935766,0,,,,,,,,,,,,,,,,,,,,,,,,,,,,,,,,,,,,,
"2025-09-02 15:13:17.4605645Z","ETW","Microsoft-Antimalware-Engine",112,"Behavior Monitoring BmNotificationHandleStop",15112,13020,"Notepad.exe",,,,,,,,,,,,,,,,[],,,,,,,,,,,,,,,,,,,,,,,,,,,,,,,,,,,,,,,,,,,,,,,,,,,,,,,,,,,,,,,,,,,,,,,,,,,,,,,,,16404,3935766,0,false,false,0,,,,,,,,,,,,,,,,,,,,,,,,,,,,,,,,,,
"2025-09-02 15:13:17.4605730Z","ETW","Microsoft-Antimalware-Engine",111,"Behavior Monitoring BmNotificationHandleStart",15112,13020,"Notepad.exe",,,,,,,,,,,,,,,,[],,,,,,,,,,,,,,,,,,,,,,,,,,,,,,,,,,,,,,,,,,,,,,,,,,,,,,,,,,,,,,,,,,,,,,,,,,,,,,,,,16404,3935767,0,,,,,,,,,,,,,,,,,,,,,,,,,,,,,,,,,,,,,
"2025-09-02 15:13:17.4608228Z","ETW","Microsoft-Antimalware-Engine",59,"Message Info ",1912,13020,"MsMpEng.exe",,,,,,0,"Behavior:Win32/SuspDllSideLoaded.B","0x1A5B3D8FF6402","84db5fe770e0d0198f480427d1ce9babd9f03e0e",,,,,,,[],,,,,,,,,,,,,,,,,,,,,,,,,,,,,,,,,,,,,,,,,,,,,,,,,,,,,,,,,,,,,,,,,,,,,,,,,,,,,,,,,,,,,,,,,,,,,,,,,,,,,,,,,,,,,,,,,,,,,,,,
"2025-09-02 15:13:17.4608455Z","ETW","Microsoft-Antimalware-Engine",104,"Behavior Monitoring BmInternal",15112,13020,"Notepad.exe",,,,,,,,,,,,,,,,[],,,,,,,,,,,,,,,,,,,,,,,,,,,,,,,,,,,,,,,,,,,,,,,,,,,,,,,,,,,,,,,,,,,,,,,,,,22,"C:\Program Files\WindowsApps\Microsoft.WindowsNotepad_11.2506.35.0_x64__8wekyb3d8bbwe\Notepad\Notepad.exe","'C:\Windows\System32\notepad.exe'",,,,,,,,,,,,,,,,,,,,,,,,,,,,,,,,,,,,,,,,,,,,
"2025-09-02 15:13:17.4608534Z","ETW","Microsoft-Antimalware-Engine",112,"Behavior Monitoring BmNotificationHandleStop",15112,13020,"Notepad.exe",,,,,,,,,,,,,,,,[],,,,,,,,,,,,,,,,,,,,,,,,,,,,,,,,,,,,,,,,,,,,,,,,,,,,,,,,,,,,,,,,,,,,,,,,,,,,,,,,,16404,3935767,0,false,false,0,,,,,,,,,,,,,,,,,,,,,,,,,,,,,,,,,,
"2025-09-02 15:13:17.4608659Z","ETW","Microsoft-Antimalware-Engine",111,"Behavior Monitoring BmNotificationHandleStart",15112,13020,"Notepad.exe",,,,,,,,,,,,,,,,[],,,,,,,,,,,,,,,,,,,,,,,,,,,,,,,,,,,,,,,,,,,,,,,,,,,,,,,,,,,,,,,,,,,,,,,,,,,,,,,,,16401,0,0,,,,,,,,,,,,,,,,,,,,,,,,,,,,,,,,,,,,,
"2025-09-02 15:13:17.4610310Z","ETW","Microsoft-Antimalware-Engine",59,"Message Info ",1912,13020,"MsMpEng.exe",,,,,,0,"Behavior:Win32/ExploitAttempt.ZA!dha","0x5BB3C187493B","9b9f35e3b87d39f15df8932701977e1f4f0409c6",,,,,,,[],,,,,,,,,,,,,,,,,,,,,,,,,,,,,,,,,,,,,,,,,,,,,,,,,,,,,,,,,,,,,,,,,,,,,,,,,,,,,,,,,,,,,,,,,,,,,,,,,,,,,,,,,,,,,,,,,,,,,,,,
"2025-09-02 15:13:17.4611469Z","ETW","Microsoft-Antimalware-Engine",112,"Behavior Monitoring BmNotificationHandleStop",15112,13020,"Notepad.exe",,,,,,,,,,,,,,,,[],,,,,,,,,,,,,,,,,,,,,,,,,,,,,,,,,,,,,,,,,,,,,,,,,,,,,,,,,,,,,,,,,,,,,,,,,,,,,,,,,16401,0,0,false,false,0,,,,,,,,,,,,,,,,,,,,,,,,,,,,,,,,,,
"2025-09-02 15:13:17.4611544Z","ETW","Microsoft-Antimalware-Engine",111,"Behavior Monitoring BmNotificationHandleStart",15112,13020,"Notepad.exe",,,,,,,,,,,,,,,,[],,,,,,,,,,,,,,,,,,,,,,,,,,,,,,,,,,,,,,,,,,,,,,,,,,,,,,,,,,,,,,,,,,,,,,,,,,,,,,,,,16404,3935768,0,,,,,,,,,,,,,,,,,,,,,,,,,,,,,,,,,,,,,
"2025-09-02 15:13:17.4611831Z","ETW","Microsoft-Antimalware-Engine",112,"Behavior Monitoring BmNotificationHandleStop",15112,13020,"Notepad.exe",,,,,,,,,,,,,,,,[],,,,,,,,,,,,,,,,,,,,,,,,,,,,,,,,,,,,,,,,,,,,,,,,,,,,,,,,,,,,,,,,,,,,,,,,,,,,,,,,,16404,3935768,0,false,false,0,,,,,,,,,,,,,,,,,,,,,,,,,,,,,,,,,,
"2025-09-02 15:13:17.4611914Z","ETW","Microsoft-Antimalware-Engine",111,"Behavior Monitoring BmNotificationHandleStart",15112,13020,"Notepad.exe",,,,,,,,,,,,,,,,[],,,,,,,,,,,,,,,,,,,,,,,,,,,,,,,,,,,,,,,,,,,,,,,,,,,,,,,,,,,,,,,,,,,,,,,,,,,,,,,,,16404,3935769,0,,,,,,,,,,,,,,,,,,,,,,,,,,,,,,,,,,,,,
"2025-09-02 15:13:17.4612123Z","ETW","Microsoft-Antimalware-Engine",112,"Behavior Monitoring BmNotificationHandleStop",15112,13020,"Notepad.exe",,,,,,,,,,,,,,,,[],,,,,,,,,,,,,,,,,,,,,,,,,,,,,,,,,,,,,,,,,,,,,,,,,,,,,,,,,,,,,,,,,,,,,,,,,,,,,,,,,16404,3935769,0,false,false,0,,,,,,,,,,,,,,,,,,,,,,,,,,,,,,,,,,
"2025-09-02 15:13:17.4612932Z","ETW","Microsoft-Antimalware-Engine",111,"Behavior Monitoring BmNotificationHandleStart",15112,13020,"Notepad.exe",,,,,,,,,,,,,,,,[],,,,,,,,,,,,,,,,,,,,,,,,,,,,,,,,,,,,,,,,,,,,,,,,,,,,,,,,,,,,,,,,,,,,,,,,,,,,,,,,,16404,3935770,0,,,,,,,,,,,,,,,,,,,,,,,,,,,,,,,,,,,,,
"2025-09-02 15:13:17.4613187Z","ETW","Microsoft-Antimalware-Engine",112,"Behavior Monitoring BmNotificationHandleStop",15112,13020,"Notepad.exe",,,,,,,,,,,,,,,,[],,,,,,,,,,,,,,,,,,,,,,,,,,,,,,,,,,,,,,,,,,,,,,,,,,,,,,,,,,,,,,,,,,,,,,,,,,,,,,,,,16404,3935770,0,false,false,0,,,,,,,,,,,,,,,,,,,,,,,,,,,,,,,,,,
"2025-09-02 15:13:17.4613838Z","ETW","Microsoft-Antimalware-Engine",111,"Behavior Monitoring BmNotificationHandleStart",15112,13020,"Notepad.exe",,,,,,,,,,,,,,,,[],,,,,,,,,,,,,,,,,,,,,,,,,,,,,,,,,,,,,,,,,,,,,,,,,,,,,,,,,,,,,,,,,,,,,,,,,,,,,,,,,16404,3935771,0,,,,,,,,,,,,,,,,,,,,,,,,,,,,,,,,,,,,,
"2025-09-02 15:13:17.4614072Z","ETW","Microsoft-Antimalware-Engine",112,"Behavior Monitoring BmNotificationHandleStop",15112,13020,"Notepad.exe",,,,,,,,,,,,,,,,[],,,,,,,,,,,,,,,,,,,,,,,,,,,,,,,,,,,,,,,,,,,,,,,,,,,,,,,,,,,,,,,,,,,,,,,,,,,,,,,,,16404,3935771,0,false,false,0,,,,,,,,,,,,,,,,,,,,,,,,,,,,,,,,,,
"2025-09-02 15:13:17.4614666Z","ETW","Microsoft-Antimalware-Engine",111,"Behavior Monitoring BmNotificationHandleStart",15112,13020,"Notepad.exe",,,,,,,,,,,,,,,,[],,,,,,,,,,,,,,,,,,,,,,,,,,,,,,,,,,,,,,,,,,,,,,,,,,,,,,,,,,,,,,,,,,,,,,,,,,,,,,,,,16404,3935772,0,,,,,,,,,,,,,,,,,,,,,,,,,,,,,,,,,,,,,
"2025-09-02 15:13:17.4615105Z","ETW","Microsoft-Antimalware-Engine",112,"Behavior Monitoring BmNotificationHandleStop",15112,13020,"Notepad.exe",,,,,,,,,,,,,,,,[],,,,,,,,,,,,,,,,,,,,,,,,,,,,,,,,,,,,,,,,,,,,,,,,,,,,,,,,,,,,,,,,,,,,,,,,,,,,,,,,,16404,3935772,0,false,false,0,,,,,,,,,,,,,,,,,,,,,,,,,,,,,,,,,,
"2025-09-02 15:13:17.4615696Z","ETW","Microsoft-Antimalware-Engine",111,"Behavior Monitoring BmNotificationHandleStart",15112,13020,"Notepad.exe",,,,,,,,,,,,,,,,[],,,,,,,,,,,,,,,,,,,,,,,,,,,,,,,,,,,,,,,,,,,,,,,,,,,,,,,,,,,,,,,,,,,,,,,,,,,,,,,,,16404,3935773,0,,,,,,,,,,,,,,,,,,,,,,,,,,,,,,,,,,,,,
"2025-09-02 15:13:17.4616107Z","ETW","Microsoft-Antimalware-Engine",112,"Behavior Monitoring BmNotificationHandleStop",15112,13020,"Notepad.exe",,,,,,,,,,,,,,,,[],,,,,,,,,,,,,,,,,,,,,,,,,,,,,,,,,,,,,,,,,,,,,,,,,,,,,,,,,,,,,,,,,,,,,,,,,,,,,,,,,16404,3935773,0,false,false,0,,,,,,,,,,,,,,,,,,,,,,,,,,,,,,,,,,
"2025-09-02 15:13:17.4616532Z","ETW","Microsoft-Windows-Kernel-Process",5,"ImageLoadInfo ",15112,14224,"Notepad.exe",,,,"C:\Windows\System32\Microsoft.Internal.FrameworkUdk.System.dll",,,,,,,,,,,,[{"addr":140736918203828,"idx":0},{"addr":140736917192506,"idx":1},{"addr":140736917191278,"idx":2},{"addr":140736917210764,"idx":3},{"addr":140736917201516,"idx":4},{"addr":140736917258922,"idx":5},{"addr":140736916785248,"idx":6},{"addr":140736916784352,"idx":7},{"addr":140736917101952,"idx":8},{"addr":140736872000198,"idx":9},{"addr":140734017342296,"idx":10},{"addr":140734017342565,"idx":11},{"addr":140734016798246,"idx":12},{"addr":140736918195438,"idx":13},{"addr":140736917219838,"idx":14},{"addr":140736917215596,"idx":15},{"addr":140736916995194,"idx":16},{"addr":140736916995238,"idx":17},{"addr":140736916995238,"idx":18},{"addr":140736916995238,"idx":19},{"addr":140736917165788,"idx":20},{"addr":140736917158036,"idx":21},{"addr":140736917157502,"idx":22},{"addr":140736916971470,"idx":23}],,,,,,,,,15112,,,,,,,,,,,,,,,,,,,,,,,,,,,,,,,,,,,,2172863161,140736350388224,140736350388224,784652,737280,,,,,,,,,,,,,,,,,,,,,,,,,,,,,,,,,,,,,,,,,,,,,,,,,,,,,,,,,,,,,,,,,,,,,,,
"2025-09-02 15:13:17.4616769Z","ETW","Microsoft-Antimalware-Engine",111,"Behavior Monitoring BmNotificationHandleStart",15112,13020,"Notepad.exe",,,,,,,,,,,,,,,,[],,,,,,,,,,,,,,,,,,,,,,,,,,,,,,,,,,,,,,,,,,,,,,,,,,,,,,,,,,,,,,,,,,,,,,,,,,,,,,,,,16404,3935774,0,,,,,,,,,,,,,,,,,,,,,,,,,,,,,,,,,,,,,
"2025-09-02 15:13:17.4617110Z","ETW","Microsoft-Antimalware-Engine",112,"Behavior Monitoring BmNotificationHandleStop",15112,13020,"Notepad.exe",,,,,,,,,,,,,,,,[],,,,,,,,,,,,,,,,,,,,,,,,,,,,,,,,,,,,,,,,,,,,,,,,,,,,,,,,,,,,,,,,,,,,,,,,,,,,,,,,,16404,3935774,0,false,false,0,,,,,,,,,,,,,,,,,,,,,,,,,,,,,,,,,,
"2025-09-02 15:13:17.4617272Z","ETW","Microsoft-Antimalware-Engine",111,"Behavior Monitoring BmNotificationHandleStart",15112,13020,"Notepad.exe",,,,,,,,,,,,,,,,[],,,,,,,,,,,,,,,,,,,,,,,,,,,,,,,,,,,,,,,,,,,,,,,,,,,,,,,,,,,,,,,,,,,,,,,,,,,,,,,,,16404,3935775,0,,,,,,,,,,,,,,,,,,,,,,,,,,,,,,,,,,,,,
"2025-09-02 15:13:17.4617476Z","ETW","Microsoft-Antimalware-Engine",112,"Behavior Monitoring BmNotificationHandleStop",15112,13020,"Notepad.exe",,,,,,,,,,,,,,,,[],,,,,,,,,,,,,,,,,,,,,,,,,,,,,,,,,,,,,,,,,,,,,,,,,,,,,,,,,,,,,,,,,,,,,,,,,,,,,,,,,16404,3935775,0,false,false,0,,,,,,,,,,,,,,,,,,,,,,,,,,,,,,,,,,
"2025-09-02 15:13:17.4617633Z","ETW","Microsoft-Antimalware-Engine",11,"Behavior Monitoring BmModuleLoad",15112,22008,"Notepad.exe",,,,"C:\Windows\System32\Microsoft.Internal.FrameworkUdk.System.dll",,,,,,,,,,,,[],,,,,,,,,,,,,,,,,,,,,,,,,,,,,,,,,,,,,,,,,,,,,,,,,,,,,,,,,,,,,,,,,,,,,,,,,,,,,,,,,,,,,,,,,,,,,,,,,,,,,,,,,,,,,,,,,,,,,,,,
"2025-09-02 15:13:17.4618320Z","ETW","Microsoft-Antimalware-Engine",111,"Behavior Monitoring BmNotificationHandleStart",15112,13020,"Notepad.exe",,,,,,,,,,,,,,,,[],,,,,,,,,,,,,,,,,,,,,,,,,,,,,,,,,,,,,,,,,,,,,,,,,,,,,,,,,,,,,,,,,,,,,,,,,,,,,,,,,16404,3935776,0,,,,,,,,,,,,,,,,,,,,,,,,,,,,,,,,,,,,,
"2025-09-02 15:13:17.4618724Z","ETW","Microsoft-Antimalware-Engine",112,"Behavior Monitoring BmNotificationHandleStop",15112,13020,"Notepad.exe",,,,,,,,,,,,,,,,[],,,,,,,,,,,,,,,,,,,,,,,,,,,,,,,,,,,,,,,,,,,,,,,,,,,,,,,,,,,,,,,,,,,,,,,,,,,,,,,,,16404,3935776,0,false,false,0,,,,,,,,,,,,,,,,,,,,,,,,,,,,,,,,,,
"2025-09-02 15:13:17.4619734Z","ETW","Microsoft-Antimalware-Engine",111,"Behavior Monitoring BmNotificationHandleStart",15112,13020,"Notepad.exe",,,,,,,,,,,,,,,,[],,,,,,,,,,,,,,,,,,,,,,,,,,,,,,,,,,,,,,,,,,,,,,,,,,,,,,,,,,,,,,,,,,,,,,,,,,,,,,,,,16404,3935777,0,,,,,,,,,,,,,,,,,,,,,,,,,,,,,,,,,,,,,
"2025-09-02 15:13:17.4620128Z","ETW","Microsoft-Antimalware-Engine",59,"Message Info ",1912,13020,"MsMpEng.exe",,,,,,0,"!BMGroup:DridexVulnDlls.A","0x195B3BF987774","01184f82067d771b42525bbf6c6541ec7a8114a3",,,,,,,[],,,,,,,,,,,,,,,,,,,,,,,,,,,,,,,,,,,,,,,,,,,,,,,,,,,,,,,,,,,,,,,,,,,,,,,,,,,,,,,,,,,,,,,,,,,,,,,,,,,,,,,,,,,,,,,,,,,,,,,,
"2025-09-02 15:13:17.4620169Z","ETW","Microsoft-Antimalware-Engine",104,"Behavior Monitoring BmInternal",15112,13020,"Notepad.exe",,,,,,,,,,,,,,,,[],,,,,,,,,,,,,,,,,,,,,,,,,,,,,,,,,,,,,,,,,,,,,,,,,,,,,,,,,,,,,,,,,,,,,,,,,,22,"C:\Program Files\WindowsApps\Microsoft.WindowsNotepad_11.2506.35.0_x64__8wekyb3d8bbwe\Notepad\Notepad.exe","'C:\Windows\System32\notepad.exe'",,,,,,,,,,,,,,,,,,,,,,,,,,,,,,,,,,,,,,,,,,,,
"2025-09-02 15:13:17.4620484Z","ETW","Microsoft-Antimalware-Engine",112,"Behavior Monitoring BmNotificationHandleStop",15112,13020,"Notepad.exe",,,,,,,,,,,,,,,,[],,,,,,,,,,,,,,,,,,,,,,,,,,,,,,,,,,,,,,,,,,,,,,,,,,,,,,,,,,,,,,,,,,,,,,,,,,,,,,,,,16404,3935777,0,false,false,0,,,,,,,,,,,,,,,,,,,,,,,,,,,,,,,,,,
"2025-09-02 15:13:17.4621476Z","ETW","Microsoft-Antimalware-Engine",111,"Behavior Monitoring BmNotificationHandleStart",15112,13020,"Notepad.exe",,,,,,,,,,,,,,,,[],,,,,,,,,,,,,,,,,,,,,,,,,,,,,,,,,,,,,,,,,,,,,,,,,,,,,,,,,,,,,,,,,,,,,,,,,,,,,,,,,16401,0,0,,,,,,,,,,,,,,,,,,,,,,,,,,,,,,,,,,,,,
"2025-09-02 15:13:17.4623339Z","ETW","Microsoft-Antimalware-Engine",59,"Message Info ",1912,13020,"MsMpEng.exe",,,,,,0,"Behavior:Win32/ExploitAttempt.ZA!dha","0x5BB3C187493B","9b9f35e3b87d39f15df8932701977e1f4f0409c6",,,,,,,[],,,,,,,,,,,,,,,,,,,,,,,,,,,,,,,,,,,,,,,,,,,,,,,,,,,,,,,,,,,,,,,,,,,,,,,,,,,,,,,,,,,,,,,,,,,,,,,,,,,,,,,,,,,,,,,,,,,,,,,,
"2025-09-02 15:13:17.4624403Z","ETW","Microsoft-Antimalware-Engine",112,"Behavior Monitoring BmNotificationHandleStop",15112,13020,"Notepad.exe",,,,,,,,,,,,,,,,[],,,,,,,,,,,,,,,,,,,,,,,,,,,,,,,,,,,,,,,,,,,,,,,,,,,,,,,,,,,,,,,,,,,,,,,,,,,,,,,,,16401,0,0,false,false,0,,,,,,,,,,,,,,,,,,,,,,,,,,,,,,,,,,
"2025-09-02 15:13:17.4624516Z","ETW","Microsoft-Antimalware-Engine",111,"Behavior Monitoring BmNotificationHandleStart",15112,13020,"Notepad.exe",,,,,,,,,,,,,,,,[],,,,,,,,,,,,,,,,,,,,,,,,,,,,,,,,,,,,,,,,,,,,,,,,,,,,,,,,,,,,,,,,,,,,,,,,,,,,,,,,,16404,3935778,0,,,,,,,,,,,,,,,,,,,,,,,,,,,,,,,,,,,,,
"2025-09-02 15:13:17.4625766Z","ETW","Microsoft-Antimalware-Engine",59,"Message Info ",1912,13020,"MsMpEng.exe",,,,,,0,"!BMGroup:DridexVulnDlls.A","0x195B3BF987774","01184f82067d771b42525bbf6c6541ec7a8114a3",,,,,,,[],,,,,,,,,,,,,,,,,,,,,,,,,,,,,,,,,,,,,,,,,,,,,,,,,,,,,,,,,,,,,,,,,,,,,,,,,,,,,,,,,,,,,,,,,,,,,,,,,,,,,,,,,,,,,,,,,,,,,,,,
"2025-09-02 15:13:17.4625792Z","ETW","Microsoft-Antimalware-Engine",104,"Behavior Monitoring BmInternal",15112,13020,"Notepad.exe",,,,,,,,,,,,,,,,[],,,,,,,,,,,,,,,,,,,,,,,,,,,,,,,,,,,,,,,,,,,,,,,,,,,,,,,,,,,,,,,,,,,,,,,,,,22,"C:\Program Files\WindowsApps\Microsoft.WindowsNotepad_11.2506.35.0_x64__8wekyb3d8bbwe\Notepad\Notepad.exe","'C:\Windows\System32\notepad.exe'",,,,,,,,,,,,,,,,,,,,,,,,,,,,,,,,,,,,,,,,,,,,
"2025-09-02 15:13:17.4626000Z","ETW","Microsoft-Antimalware-Engine",112,"Behavior Monitoring BmNotificationHandleStop",15112,13020,"Notepad.exe",,,,,,,,,,,,,,,,[],,,,,,,,,,,,,,,,,,,,,,,,,,,,,,,,,,,,,,,,,,,,,,,,,,,,,,,,,,,,,,,,,,,,,,,,,,,,,,,,,16404,3935778,0,false,false,0,,,,,,,,,,,,,,,,,,,,,,,,,,,,,,,,,,
"2025-09-02 15:13:17.4626699Z","ETW","Microsoft-Antimalware-Engine",111,"Behavior Monitoring BmNotificationHandleStart",15112,13020,"Notepad.exe",,,,,,,,,,,,,,,,[],,,,,,,,,,,,,,,,,,,,,,,,,,,,,,,,,,,,,,,,,,,,,,,,,,,,,,,,,,,,,,,,,,,,,,,,,,,,,,,,,16401,0,0,,,,,,,,,,,,,,,,,,,,,,,,,,,,,,,,,,,,,
"2025-09-02 15:13:17.4628235Z","ETW","Microsoft-Antimalware-Engine",59,"Message Info ",1912,13020,"MsMpEng.exe",,,,,,0,"Behavior:Win32/ExploitAttempt.ZA!dha","0x5BB3C187493B","9b9f35e3b87d39f15df8932701977e1f4f0409c6",,,,,,,[],,,,,,,,,,,,,,,,,,,,,,,,,,,,,,,,,,,,,,,,,,,,,,,,,,,,,,,,,,,,,,,,,,,,,,,,,,,,,,,,,,,,,,,,,,,,,,,,,,,,,,,,,,,,,,,,,,,,,,,,
"2025-09-02 15:13:17.4629188Z","ETW","Microsoft-Antimalware-Engine",112,"Behavior Monitoring BmNotificationHandleStop",15112,13020,"Notepad.exe",,,,,,,,,,,,,,,,[],,,,,,,,,,,,,,,,,,,,,,,,,,,,,,,,,,,,,,,,,,,,,,,,,,,,,,,,,,,,,,,,,,,,,,,,,,,,,,,,,16401,0,0,false,false,0,,,,,,,,,,,,,,,,,,,,,,,,,,,,,,,,,,
"2025-09-02 15:13:17.4629337Z","ETW","Microsoft-Antimalware-Engine",111,"Behavior Monitoring BmNotificationHandleStart",15112,13020,"Notepad.exe",,,,,,,,,,,,,,,,[],,,,,,,,,,,,,,,,,,,,,,,,,,,,,,,,,,,,,,,,,,,,,,,,,,,,,,,,,,,,,,,,,,,,,,,,,,,,,,,,,16404,3935779,0,,,,,,,,,,,,,,,,,,,,,,,,,,,,,,,,,,,,,
"2025-09-02 15:13:17.4634491Z","ETW","Microsoft-Antimalware-Engine",59,"Message Info ",1912,13020,"MsMpEng.exe",,,,,,0,"Behavior:Win32/SuspDllSideLoaded.B","0x1A5B3D8FF6402","84db5fe770e0d0198f480427d1ce9babd9f03e0e",,,,,,,[],,,,,,,,,,,,,,,,,,,,,,,,,,,,,,,,,,,,,,,,,,,,,,,,,,,,,,,,,,,,,,,,,,,,,,,,,,,,,,,,,,,,,,,,,,,,,,,,,,,,,,,,,,,,,,,,,,,,,,,,
"2025-09-02 15:13:17.4634730Z","ETW","Microsoft-Antimalware-Engine",104,"Behavior Monitoring BmInternal",15112,13020,"Notepad.exe",,,,,,,,,,,,,,,,[],,,,,,,,,,,,,,,,,,,,,,,,,,,,,,,,,,,,,,,,,,,,,,,,,,,,,,,,,,,,,,,,,,,,,,,,,,22,"C:\Program Files\WindowsApps\Microsoft.WindowsNotepad_11.2506.35.0_x64__8wekyb3d8bbwe\Notepad\Notepad.exe","'C:\Windows\System32\notepad.exe'",,,,,,,,,,,,,,,,,,,,,,,,,,,,,,,,,,,,,,,,,,,,
"2025-09-02 15:13:17.4634813Z","ETW","Microsoft-Antimalware-Engine",112,"Behavior Monitoring BmNotificationHandleStop",15112,13020,"Notepad.exe",,,,,,,,,,,,,,,,[],,,,,,,,,,,,,,,,,,,,,,,,,,,,,,,,,,,,,,,,,,,,,,,,,,,,,,,,,,,,,,,,,,,,,,,,,,,,,,,,,16404,3935779,0,false,false,0,,,,,,,,,,,,,,,,,,,,,,,,,,,,,,,,,,
"2025-09-02 15:13:17.4635657Z","ETW","Microsoft-Antimalware-Engine",111,"Behavior Monitoring BmNotificationHandleStart",15112,13020,"Notepad.exe",,,,,,,,,,,,,,,,[],,,,,,,,,,,,,,,,,,,,,,,,,,,,,,,,,,,,,,,,,,,,,,,,,,,,,,,,,,,,,,,,,,,,,,,,,,,,,,,,,16401,0,0,,,,,,,,,,,,,,,,,,,,,,,,,,,,,,,,,,,,,
"2025-09-02 15:13:17.4637383Z","ETW","Microsoft-Antimalware-Engine",59,"Message Info ",1912,13020,"MsMpEng.exe",,,,,,0,"Behavior:Win32/ExploitAttempt.ZA!dha","0x5BB3C187493B","9b9f35e3b87d39f15df8932701977e1f4f0409c6",,,,,,,[],,,,,,,,,,,,,,,,,,,,,,,,,,,,,,,,,,,,,,,,,,,,,,,,,,,,,,,,,,,,,,,,,,,,,,,,,,,,,,,,,,,,,,,,,,,,,,,,,,,,,,,,,,,,,,,,,,,,,,,,
"2025-09-02 15:13:17.4638313Z","ETW","Microsoft-Antimalware-Engine",112,"Behavior Monitoring BmNotificationHandleStop",15112,13020,"Notepad.exe",,,,,,,,,,,,,,,,[],,,,,,,,,,,,,,,,,,,,,,,,,,,,,,,,,,,,,,,,,,,,,,,,,,,,,,,,,,,,,,,,,,,,,,,,,,,,,,,,,16401,0,0,false,false,0,,,,,,,,,,,,,,,,,,,,,,,,,,,,,,,,,,
"2025-09-02 15:13:17.4638479Z","ETW","Microsoft-Antimalware-Engine",111,"Behavior Monitoring BmNotificationHandleStart",15112,13020,"Notepad.exe",,,,,,,,,,,,,,,,[],,,,,,,,,,,,,,,,,,,,,,,,,,,,,,,,,,,,,,,,,,,,,,,,,,,,,,,,,,,,,,,,,,,,,,,,,,,,,,,,,16404,3935780,0,,,,,,,,,,,,,,,,,,,,,,,,,,,,,,,,,,,,,
"2025-09-02 15:13:17.4640780Z","ETW","Microsoft-Antimalware-Engine",59,"Message Info ",1912,13020,"MsMpEng.exe",,,,,,0,"Behavior:Win32/SuspDllSideLoaded.B","0x1A5B3D8FF6402","84db5fe770e0d0198f480427d1ce9babd9f03e0e",,,,,,,[],,,,,,,,,,,,,,,,,,,,,,,,,,,,,,,,,,,,,,,,,,,,,,,,,,,,,,,,,,,,,,,,,,,,,,,,,,,,,,,,,,,,,,,,,,,,,,,,,,,,,,,,,,,,,,,,,,,,,,,,
"2025-09-02 15:13:17.4641038Z","ETW","Microsoft-Antimalware-Engine",104,"Behavior Monitoring BmInternal",15112,13020,"Notepad.exe",,,,,,,,,,,,,,,,[],,,,,,,,,,,,,,,,,,,,,,,,,,,,,,,,,,,,,,,,,,,,,,,,,,,,,,,,,,,,,,,,,,,,,,,,,,22,"C:\Program Files\WindowsApps\Microsoft.WindowsNotepad_11.2506.35.0_x64__8wekyb3d8bbwe\Notepad\Notepad.exe","'C:\Windows\System32\notepad.exe'",,,,,,,,,,,,,,,,,,,,,,,,,,,,,,,,,,,,,,,,,,,,
"2025-09-02 15:13:17.4641130Z","ETW","Microsoft-Antimalware-Engine",112,"Behavior Monitoring BmNotificationHandleStop",15112,13020,"Notepad.exe",,,,,,,,,,,,,,,,[],,,,,,,,,,,,,,,,,,,,,,,,,,,,,,,,,,,,,,,,,,,,,,,,,,,,,,,,,,,,,,,,,,,,,,,,,,,,,,,,,16404,3935780,0,false,false,0,,,,,,,,,,,,,,,,,,,,,,,,,,,,,,,,,,
"2025-09-02 15:13:17.4641873Z","ETW","Microsoft-Antimalware-Engine",111,"Behavior Monitoring BmNotificationHandleStart",15112,13020,"Notepad.exe",,,,,,,,,,,,,,,,[],,,,,,,,,,,,,,,,,,,,,,,,,,,,,,,,,,,,,,,,,,,,,,,,,,,,,,,,,,,,,,,,,,,,,,,,,,,,,,,,,16401,0,0,,,,,,,,,,,,,,,,,,,,,,,,,,,,,,,,,,,,,
"2025-09-02 15:13:17.4643254Z","ETW","Microsoft-Antimalware-Engine",59,"Message Info ",1912,13020,"MsMpEng.exe",,,,,,0,"Behavior:Win32/ExploitAttempt.ZA!dha","0x5BB3C187493B","9b9f35e3b87d39f15df8932701977e1f4f0409c6",,,,,,,[],,,,,,,,,,,,,,,,,,,,,,,,,,,,,,,,,,,,,,,,,,,,,,,,,,,,,,,,,,,,,,,,,,,,,,,,,,,,,,,,,,,,,,,,,,,,,,,,,,,,,,,,,,,,,,,,,,,,,,,,
"2025-09-02 15:13:17.4644185Z","ETW","Microsoft-Antimalware-Engine",112,"Behavior Monitoring BmNotificationHandleStop",15112,13020,"Notepad.exe",,,,,,,,,,,,,,,,[],,,,,,,,,,,,,,,,,,,,,,,,,,,,,,,,,,,,,,,,,,,,,,,,,,,,,,,,,,,,,,,,,,,,,,,,,,,,,,,,,16401,0,0,false,false,0,,,,,,,,,,,,,,,,,,,,,,,,,,,,,,,,,,
"2025-09-02 15:13:17.4644345Z","ETW","Microsoft-Antimalware-Engine",111,"Behavior Monitoring BmNotificationHandleStart",15112,13020,"Notepad.exe",,,,,,,,,,,,,,,,[],,,,,,,,,,,,,,,,,,,,,,,,,,,,,,,,,,,,,,,,,,,,,,,,,,,,,,,,,,,,,,,,,,,,,,,,,,,,,,,,,16404,3935781,0,,,,,,,,,,,,,,,,,,,,,,,,,,,,,,,,,,,,,
"2025-09-02 15:13:17.4649497Z","ETW","Microsoft-Windows-Kernel-Process",5,"ImageLoadInfo ",15112,14224,"Notepad.exe",,,,"C:\Windows\System32\bcryptprimitives.dll",,,,,,,,,,,,[{"addr":140736918203828,"idx":0},{"addr":140736917192506,"idx":1},{"addr":140736917191278,"idx":2},{"addr":140736917190209,"idx":3},{"addr":140736916804181,"idx":4},{"addr":140736916785218,"idx":5},{"addr":140736916786774,"idx":6},{"addr":140736917021315,"idx":7},{"addr":140736917023197,"idx":8},{"addr":140736882386290,"idx":9},{"addr":140736882460095,"idx":10},{"addr":140736881997317,"idx":11},{"addr":140736909937766,"idx":12},{"addr":140736909936267,"idx":13},{"addr":140736909935376,"idx":14},{"addr":140736909934840,"idx":15},{"addr":140736909929135,"idx":16},{"addr":140736909926457,"idx":17},{"addr":140696713006689,"idx":18},{"addr":140696713155131,"idx":19},{"addr":140696712988565,"idx":20},{"addr":140736876766998,"idx":21},{"addr":140696714194616,"idx":22},{"addr":140736897083607,"idx":23},{"addr":140736916996940,"idx":24}],,,,,,,,,15112,,,,,,,,,,,,,,,,,,,,,,,,,,,,,,,,,,,,3318233078,140736867663872,140736867663872,705120,626688,,,,,,,,,,,,,,,,,,,,,,,,,,,,,,,,,,,,,,,,,,,,,,,,,,,,,,,,,,,,,,,,,,,,,,,
"2025-09-02 15:13:17.4650949Z","ETW","Microsoft-Antimalware-Engine",59,"Message Info ",1912,13020,"MsMpEng.exe",,,,,,0,"Behavior:Win32/SuspDllSideLoaded.B","0x1A5B3D8FF6402","84db5fe770e0d0198f480427d1ce9babd9f03e0e",,,,,,,[],,,,,,,,,,,,,,,,,,,,,,,,,,,,,,,,,,,,,,,,,,,,,,,,,,,,,,,,,,,,,,,,,,,,,,,,,,,,,,,,,,,,,,,,,,,,,,,,,,,,,,,,,,,,,,,,,,,,,,,,
"2025-09-02 15:13:17.4651185Z","ETW","Microsoft-Antimalware-Engine",104,"Behavior Monitoring BmInternal",15112,13020,"Notepad.exe",,,,,,,,,,,,,,,,[],,,,,,,,,,,,,,,,,,,,,,,,,,,,,,,,,,,,,,,,,,,,,,,,,,,,,,,,,,,,,,,,,,,,,,,,,,22,"C:\Program Files\WindowsApps\Microsoft.WindowsNotepad_11.2506.35.0_x64__8wekyb3d8bbwe\Notepad\Notepad.exe","'C:\Windows\System32\notepad.exe'",,,,,,,,,,,,,,,,,,,,,,,,,,,,,,,,,,,,,,,,,,,,
"2025-09-02 15:13:17.4651263Z","ETW","Microsoft-Antimalware-Engine",112,"Behavior Monitoring BmNotificationHandleStop",15112,13020,"Notepad.exe",,,,,,,,,,,,,,,,[],,,,,,,,,,,,,,,,,,,,,,,,,,,,,,,,,,,,,,,,,,,,,,,,,,,,,,,,,,,,,,,,,,,,,,,,,,,,,,,,,16404,3935781,0,false,false,0,,,,,,,,,,,,,,,,,,,,,,,,,,,,,,,,,,
"2025-09-02 15:13:17.4652041Z","ETW","Microsoft-Antimalware-Engine",111,"Behavior Monitoring BmNotificationHandleStart",15112,13020,"Notepad.exe",,,,,,,,,,,,,,,,[],,,,,,,,,,,,,,,,,,,,,,,,,,,,,,,,,,,,,,,,,,,,,,,,,,,,,,,,,,,,,,,,,,,,,,,,,,,,,,,,,16401,0,0,,,,,,,,,,,,,,,,,,,,,,,,,,,,,,,,,,,,,
"2025-09-02 15:13:17.4653388Z","ETW","Microsoft-Antimalware-Engine",59,"Message Info ",1912,13020,"MsMpEng.exe",,,,,,0,"Behavior:Win32/ExploitAttempt.ZA!dha","0x5BB3C187493B","9b9f35e3b87d39f15df8932701977e1f4f0409c6",,,,,,,[],,,,,,,,,,,,,,,,,,,,,,,,,,,,,,,,,,,,,,,,,,,,,,,,,,,,,,,,,,,,,,,,,,,,,,,,,,,,,,,,,,,,,,,,,,,,,,,,,,,,,,,,,,,,,,,,,,,,,,,,
"2025-09-02 15:13:17.4654385Z","ETW","Microsoft-Windows-Kernel-Process",5,"ImageLoadInfo ",15112,14224,"Notepad.exe",,,,"C:\Windows\System32\clbcatq.dll",,,,,,,,,,,,[{"addr":140736918203828,"idx":0},{"addr":140736917192506,"idx":1},{"addr":140736917191278,"idx":2},{"addr":140736917190209,"idx":3},{"addr":140736916804181,"idx":4},{"addr":140736916785218,"idx":5},{"addr":140736916786774,"idx":6},{"addr":140736917021315,"idx":7},{"addr":140736917023197,"idx":8},{"addr":140736910389554,"idx":9},{"addr":140736910688281,"idx":10},{"addr":140736910347186,"idx":11},{"addr":140736911036234,"idx":12},{"addr":140736909566763,"idx":13},{"addr":140736909524306,"idx":14},{"addr":140736909523551,"idx":15},{"addr":140696713006704,"idx":16},{"addr":140696713155131,"idx":17},{"addr":140696712988565,"idx":18},{"addr":140736876766998,"idx":19},{"addr":140696714194616,"idx":20},{"addr":140736897083607,"idx":21},{"addr":140736916996940,"idx":22}],,,,,,,,,15112,,,,,,,,,,,,,,,,,,,,,,,,,,,,,,,,,,,,1600192633,140736892108800,140736892108800,700133,688128,,,,,,,,,,,,,,,,,,,,,,,,,,,,,,,,,,,,,,,,,,,,,,,,,,,,,,,,,,,,,,,,,,,,,,,
"2025-09-02 15:13:17.4655257Z","ETW","Microsoft-Antimalware-Engine",112,"Behavior Monitoring BmNotificationHandleStop",15112,13020,"Notepad.exe",,,,,,,,,,,,,,,,[],,,,,,,,,,,,,,,,,,,,,,,,,,,,,,,,,,,,,,,,,,,,,,,,,,,,,,,,,,,,,,,,,,,,,,,,,,,,,,,,,16401,0,0,false,false,0,,,,,,,,,,,,,,,,,,,,,,,,,,,,,,,,,,
"2025-09-02 15:13:17.4655446Z","ETW","Microsoft-Antimalware-Engine",111,"Behavior Monitoring BmNotificationHandleStart",15112,13020,"Notepad.exe",,,,,,,,,,,,,,,,[],,,,,,,,,,,,,,,,,,,,,,,,,,,,,,,,,,,,,,,,,,,,,,,,,,,,,,,,,,,,,,,,,,,,,,,,,,,,,,,,,16404,3935782,0,,,,,,,,,,,,,,,,,,,,,,,,,,,,,,,,,,,,,
"2025-09-02 15:13:17.4655980Z","ETW","Microsoft-Antimalware-Engine",11,"Behavior Monitoring BmModuleLoad",15112,22008,"Notepad.exe",,,,"C:\Windows\System32\bcryptprimitives.dll",,,,,,,,,,,,[],,,,,,,,,,,,,,,,,,,,,,,,,,,,,,,,,,,,,,,,,,,,,,,,,,,,,,,,,,,,,,,,,,,,,,,,,,,,,,,,,,,,,,,,,,,,,,,,,,,,,,,,,,,,,,,,,,,,,,,,
"2025-09-02 15:13:17.4656704Z","ETW","Microsoft-Antimalware-Engine",11,"Behavior Monitoring BmModuleLoad",15112,22008,"Notepad.exe",,,,"C:\Windows\System32\clbcatq.dll",,,,,,,,,,,,[],,,,,,,,,,,,,,,,,,,,,,,,,,,,,,,,,,,,,,,,,,,,,,,,,,,,,,,,,,,,,,,,,,,,,,,,,,,,,,,,,,,,,,,,,,,,,,,,,,,,,,,,,,,,,,,,,,,,,,,,
"2025-09-02 15:13:17.4657849Z","ETW","Microsoft-Antimalware-Engine",59,"Message Info ",1912,13020,"MsMpEng.exe",,,,,,0,"Behavior:Win32/SuspDllSideLoaded.B","0x1A5B3D8FF6402","84db5fe770e0d0198f480427d1ce9babd9f03e0e",,,,,,,[],,,,,,,,,,,,,,,,,,,,,,,,,,,,,,,,,,,,,,,,,,,,,,,,,,,,,,,,,,,,,,,,,,,,,,,,,,,,,,,,,,,,,,,,,,,,,,,,,,,,,,,,,,,,,,,,,,,,,,,,
"2025-09-02 15:13:17.4658141Z","ETW","Microsoft-Antimalware-Engine",104,"Behavior Monitoring BmInternal",15112,13020,"Notepad.exe",,,,,,,,,,,,,,,,[],,,,,,,,,,,,,,,,,,,,,,,,,,,,,,,,,,,,,,,,,,,,,,,,,,,,,,,,,,,,,,,,,,,,,,,,,,22,"C:\Program Files\WindowsApps\Microsoft.WindowsNotepad_11.2506.35.0_x64__8wekyb3d8bbwe\Notepad\Notepad.exe","'C:\Windows\System32\notepad.exe'",,,,,,,,,,,,,,,,,,,,,,,,,,,,,,,,,,,,,,,,,,,,
"2025-09-02 15:13:17.4658227Z","ETW","Microsoft-Antimalware-Engine",112,"Behavior Monitoring BmNotificationHandleStop",15112,13020,"Notepad.exe",,,,,,,,,,,,,,,,[],,,,,,,,,,,,,,,,,,,,,,,,,,,,,,,,,,,,,,,,,,,,,,,,,,,,,,,,,,,,,,,,,,,,,,,,,,,,,,,,,16404,3935782,0,false,false,0,,,,,,,,,,,,,,,,,,,,,,,,,,,,,,,,,,
"2025-09-02 15:13:17.4659040Z","ETW","Microsoft-Antimalware-Engine",111,"Behavior Monitoring BmNotificationHandleStart",15112,13020,"Notepad.exe",,,,,,,,,,,,,,,,[],,,,,,,,,,,,,,,,,,,,,,,,,,,,,,,,,,,,,,,,,,,,,,,,,,,,,,,,,,,,,,,,,,,,,,,,,,,,,,,,,16401,0,0,,,,,,,,,,,,,,,,,,,,,,,,,,,,,,,,,,,,,
"2025-09-02 15:13:17.4660488Z","ETW","Microsoft-Antimalware-Engine",59,"Message Info ",1912,13020,"MsMpEng.exe",,,,,,0,"Behavior:Win32/ExploitAttempt.ZA!dha","0x5BB3C187493B","9b9f35e3b87d39f15df8932701977e1f4f0409c6",,,,,,,[],,,,,,,,,,,,,,,,,,,,,,,,,,,,,,,,,,,,,,,,,,,,,,,,,,,,,,,,,,,,,,,,,,,,,,,,,,,,,,,,,,,,,,,,,,,,,,,,,,,,,,,,,,,,,,,,,,,,,,,,
"2025-09-02 15:13:17.4661485Z","ETW","Microsoft-Antimalware-Engine",112,"Behavior Monitoring BmNotificationHandleStop",15112,13020,"Notepad.exe",,,,,,,,,,,,,,,,[],,,,,,,,,,,,,,,,,,,,,,,,,,,,,,,,,,,,,,,,,,,,,,,,,,,,,,,,,,,,,,,,,,,,,,,,,,,,,,,,,16401,0,0,false,false,0,,,,,,,,,,,,,,,,,,,,,,,,,,,,,,,,,,
"2025-09-02 15:13:17.4661631Z","ETW","Microsoft-Antimalware-Engine",111,"Behavior Monitoring BmNotificationHandleStart",15112,13020,"Notepad.exe",,,,,,,,,,,,,,,,[],,,,,,,,,,,,,,,,,,,,,,,,,,,,,,,,,,,,,,,,,,,,,,,,,,,,,,,,,,,,,,,,,,,,,,,,,,,,,,,,,16404,3935783,0,,,,,,,,,,,,,,,,,,,,,,,,,,,,,,,,,,,,,
"2025-09-02 15:13:17.4661977Z","ETW","Microsoft-Antimalware-Engine",112,"Behavior Monitoring BmNotificationHandleStop",15112,13020,"Notepad.exe",,,,,,,,,,,,,,,,[],,,,,,,,,,,,,,,,,,,,,,,,,,,,,,,,,,,,,,,,,,,,,,,,,,,,,,,,,,,,,,,,,,,,,,,,,,,,,,,,,16404,3935783,0,false,false,0,,,,,,,,,,,,,,,,,,,,,,,,,,,,,,,,,,
"2025-09-02 15:13:17.4662761Z","ETW","Microsoft-Antimalware-Engine",111,"Behavior Monitoring BmNotificationHandleStart",15112,13020,"Notepad.exe",,,,,,,,,,,,,,,,[],,,,,,,,,,,,,,,,,,,,,,,,,,,,,,,,,,,,,,,,,,,,,,,,,,,,,,,,,,,,,,,,,,,,,,,,,,,,,,,,,16404,3935784,0,,,,,,,,,,,,,,,,,,,,,,,,,,,,,,,,,,,,,
"2025-09-02 15:13:17.4663095Z","ETW","Microsoft-Antimalware-Engine",112,"Behavior Monitoring BmNotificationHandleStop",15112,13020,"Notepad.exe",,,,,,,,,,,,,,,,[],,,,,,,,,,,,,,,,,,,,,,,,,,,,,,,,,,,,,,,,,,,,,,,,,,,,,,,,,,,,,,,,,,,,,,,,,,,,,,,,,16404,3935784,0,false,false,0,,,,,,,,,,,,,,,,,,,,,,,,,,,,,,,,,,
"2025-09-02 15:13:17.4663253Z","ETW","Microsoft-Windows-Kernel-Audit-API-Calls",5,"Info ",15112,14224,"Notepad.exe",,,,,,,,,,,,,,,,[{"addr":140736918203764,"idx":0},{"addr":140736872731894,"idx":1},{"addr":140696713910886,"idx":2},{"addr":140696713434180,"idx":3},{"addr":140696713578297,"idx":4},{"addr":140696714194754,"idx":5},{"addr":140736897083607,"idx":6},{"addr":140736916996940,"idx":7}],,,,,,,,,,,,,,,,,,,4096,0,16284,,,,,,,,,,,,,,,,,,,,,,,,,,,,,,,,,,,,,,,,,,,,,,,,,,,,,,,,,,,,,,,,,,,,,,,,,,,,,,,,,,,,,,,,,,,,,,,,,,,
"2025-09-02 15:13:17.4663791Z","ETW","Microsoft-Antimalware-Engine",111,"Behavior Monitoring BmNotificationHandleStart",15112,13020,"Notepad.exe",,,,,,,,,,,,,,,,[],,,,,,,,,,,,,,,,,,,,,,,,,,,,,,,,,,,,,,,,,,,,,,,,,,,,,,,,,,,,,,,,,,,,,,,,,,,,,,,,,16404,3935785,0,,,,,,,,,,,,,,,,,,,,,,,,,,,,,,,,,,,,,
"2025-09-02 15:13:17.4664050Z","ETW","Microsoft-Antimalware-Engine",112,"Behavior Monitoring BmNotificationHandleStop",15112,13020,"Notepad.exe",,,,,,,,,,,,,,,,[],,,,,,,,,,,,,,,,,,,,,,,,,,,,,,,,,,,,,,,,,,,,,,,,,,,,,,,,,,,,,,,,,,,,,,,,,,,,,,,,,16404,3935785,0,false,false,0,,,,,,,,,,,,,,,,,,,,,,,,,,,,,,,,,,
"2025-09-02 15:13:17.4664701Z","ETW","Microsoft-Antimalware-Engine",111,"Behavior Monitoring BmNotificationHandleStart",15112,13020,"Notepad.exe",,,,,,,,,,,,,,,,[],,,,,,,,,,,,,,,,,,,,,,,,,,,,,,,,,,,,,,,,,,,,,,,,,,,,,,,,,,,,,,,,,,,,,,,,,,,,,,,,,16404,3935786,0,,,,,,,,,,,,,,,,,,,,,,,,,,,,,,,,,,,,,
"2025-09-02 15:13:17.4664999Z","ETW","Microsoft-Antimalware-Engine",112,"Behavior Monitoring BmNotificationHandleStop",15112,13020,"Notepad.exe",,,,,,,,,,,,,,,,[],,,,,,,,,,,,,,,,,,,,,,,,,,,,,,,,,,,,,,,,,,,,,,,,,,,,,,,,,,,,,,,,,,,,,,,,,,,,,,,,,16404,3935786,0,false,false,0,,,,,,,,,,,,,,,,,,,,,,,,,,,,,,,,,,
"2025-09-02 15:13:17.4665089Z","ETW","Microsoft-Antimalware-Engine",111,"Behavior Monitoring BmNotificationHandleStart",15112,13020,"Notepad.exe",,,,,,,,,,,,,,,,[],,,,,,,,,,,,,,,,,,,,,,,,,,,,,,,,,,,,,,,,,,,,,,,,,,,,,,,,,,,,,,,,,,,,,,,,,,,,,,,,,16404,3935787,0,,,,,,,,,,,,,,,,,,,,,,,,,,,,,,,,,,,,,
"2025-09-02 15:13:17.4665511Z","ETW","Microsoft-Antimalware-Engine",112,"Behavior Monitoring BmNotificationHandleStop",15112,13020,"Notepad.exe",,,,,,,,,,,,,,,,[],,,,,,,,,,,,,,,,,,,,,,,,,,,,,,,,,,,,,,,,,,,,,,,,,,,,,,,,,,,,,,,,,,,,,,,,,,,,,,,,,16404,3935787,0,false,false,0,,,,,,,,,,,,,,,,,,,,,,,,,,,,,,,,,,
"2025-09-02 15:13:17.4666175Z","ETW","Microsoft-Antimalware-Engine",111,"Behavior Monitoring BmNotificationHandleStart",15112,13020,"Notepad.exe",,,,,,,,,,,,,,,,[],,,,,,,,,,,,,,,,,,,,,,,,,,,,,,,,,,,,,,,,,,,,,,,,,,,,,,,,,,,,,,,,,,,,,,,,,,,,,,,,,16404,3935788,0,,,,,,,,,,,,,,,,,,,,,,,,,,,,,,,,,,,,,
"2025-09-02 15:13:17.4666648Z","ETW","Microsoft-Antimalware-Engine",112,"Behavior Monitoring BmNotificationHandleStop",15112,13020,"Notepad.exe",,,,,,,,,,,,,,,,[],,,,,,,,,,,,,,,,,,,,,,,,,,,,,,,,,,,,,,,,,,,,,,,,,,,,,,,,,,,,,,,,,,,,,,,,,,,,,,,,,16404,3935788,0,false,false,0,,,,,,,,,,,,,,,,,,,,,,,,,,,,,,,,,,
"2025-09-02 15:13:17.4667572Z","ETW","Microsoft-Antimalware-Engine",111,"Behavior Monitoring BmNotificationHandleStart",15112,13020,"Notepad.exe",,,,,,,,,,,,,,,,[],,,,,,,,,,,,,,,,,,,,,,,,,,,,,,,,,,,,,,,,,,,,,,,,,,,,,,,,,,,,,,,,,,,,,,,,,,,,,,,,,16404,3935789,0,,,,,,,,,,,,,,,,,,,,,,,,,,,,,,,,,,,,,
"2025-09-02 15:13:17.4667979Z","ETW","Microsoft-Antimalware-Engine",112,"Behavior Monitoring BmNotificationHandleStop",15112,13020,"Notepad.exe",,,,,,,,,,,,,,,,[],,,,,,,,,,,,,,,,,,,,,,,,,,,,,,,,,,,,,,,,,,,,,,,,,,,,,,,,,,,,,,,,,,,,,,,,,,,,,,,,,16404,3935789,0,false,false,0,,,,,,,,,,,,,,,,,,,,,,,,,,,,,,,,,,
"2025-09-02 15:13:17.4668657Z","ETW","Microsoft-Antimalware-Engine",111,"Behavior Monitoring BmNotificationHandleStart",15112,13020,"Notepad.exe",,,,,,,,,,,,,,,,[],,,,,,,,,,,,,,,,,,,,,,,,,,,,,,,,,,,,,,,,,,,,,,,,,,,,,,,,,,,,,,,,,,,,,,,,,,,,,,,,,16404,3935790,0,,,,,,,,,,,,,,,,,,,,,,,,,,,,,,,,,,,,,
"2025-09-02 15:13:17.4668903Z","ETW","Microsoft-Antimalware-Engine",112,"Behavior Monitoring BmNotificationHandleStop",15112,13020,"Notepad.exe",,,,,,,,,,,,,,,,[],,,,,,,,,,,,,,,,,,,,,,,,,,,,,,,,,,,,,,,,,,,,,,,,,,,,,,,,,,,,,,,,,,,,,,,,,,,,,,,,,16404,3935790,0,false,false,0,,,,,,,,,,,,,,,,,,,,,,,,,,,,,,,,,,
"2025-09-02 15:13:17.4669493Z","ETW","Microsoft-Antimalware-Engine",111,"Behavior Monitoring BmNotificationHandleStart",15112,13020,"Notepad.exe",,,,,,,,,,,,,,,,[],,,,,,,,,,,,,,,,,,,,,,,,,,,,,,,,,,,,,,,,,,,,,,,,,,,,,,,,,,,,,,,,,,,,,,,,,,,,,,,,,16426,3935791,0,,,,,,,,,,,,,,,,,,,,,,,,,,,,,,,,,,,,,
"2025-09-02 15:13:17.4669838Z","ETW","Microsoft-Antimalware-Engine",112,"Behavior Monitoring BmNotificationHandleStop",15112,13020,"Notepad.exe",,,,,,,,,,,,,,,,[],,,,,,,,,,,,,,,,,,,,,,,,,,,,,,,,,,,,,,,,,,,,,,,,,,,,,,,,,,,,,,,,,,,,,,,,,,,,,,,,,16426,3935791,0,false,true,0,,,,,,,,,,,,,,,,,,,,,,,,,,,,,,,,,,
"2025-09-02 15:13:17.4670007Z","ETW","Microsoft-Antimalware-Engine",111,"Behavior Monitoring BmNotificationHandleStart",15112,13020,"Notepad.exe",,,,,,,,,,,,,,,,[],,,,,,,,,,,,,,,,,,,,,,,,,,,,,,,,,,,,,,,,,,,,,,,,,,,,,,,,,,,,,,,,,,,,,,,,,,,,,,,,,16404,3935792,0,,,,,,,,,,,,,,,,,,,,,,,,,,,,,,,,,,,,,
"2025-09-02 15:13:17.4670328Z","ETW","Microsoft-Antimalware-Engine",112,"Behavior Monitoring BmNotificationHandleStop",15112,13020,"Notepad.exe",,,,,,,,,,,,,,,,[],,,,,,,,,,,,,,,,,,,,,,,,,,,,,,,,,,,,,,,,,,,,,,,,,,,,,,,,,,,,,,,,,,,,,,,,,,,,,,,,,16404,3935792,0,false,false,0,,,,,,,,,,,,,,,,,,,,,,,,,,,,,,,,,,
"2025-09-02 15:13:17.4671027Z","ETW","Microsoft-Antimalware-Engine",111,"Behavior Monitoring BmNotificationHandleStart",15112,13020,"Notepad.exe",,,,,,,,,,,,,,,,[],,,,,,,,,,,,,,,,,,,,,,,,,,,,,,,,,,,,,,,,,,,,,,,,,,,,,,,,,,,,,,,,,,,,,,,,,,,,,,,,,16404,3935793,0,,,,,,,,,,,,,,,,,,,,,,,,,,,,,,,,,,,,,
"2025-09-02 15:13:17.4671407Z","ETW","Microsoft-Antimalware-Engine",112,"Behavior Monitoring BmNotificationHandleStop",15112,13020,"Notepad.exe",,,,,,,,,,,,,,,,[],,,,,,,,,,,,,,,,,,,,,,,,,,,,,,,,,,,,,,,,,,,,,,,,,,,,,,,,,,,,,,,,,,,,,,,,,,,,,,,,,16404,3935793,0,false,false,0,,,,,,,,,,,,,,,,,,,,,,,,,,,,,,,,,,
"2025-09-02 15:13:17.4671548Z","ETW","Microsoft-Antimalware-Engine",111,"Behavior Monitoring BmNotificationHandleStart",15112,13020,"Notepad.exe",,,,,,,,,,,,,,,,[],,,,,,,,,,,,,,,,,,,,,,,,,,,,,,,,,,,,,,,,,,,,,,,,,,,,,,,,,,,,,,,,,,,,,,,,,,,,,,,,,16404,3935794,0,,,,,,,,,,,,,,,,,,,,,,,,,,,,,,,,,,,,,
"2025-09-02 15:13:17.4671764Z","ETW","Microsoft-Antimalware-Engine",112,"Behavior Monitoring BmNotificationHandleStop",15112,13020,"Notepad.exe",,,,,,,,,,,,,,,,[],,,,,,,,,,,,,,,,,,,,,,,,,,,,,,,,,,,,,,,,,,,,,,,,,,,,,,,,,,,,,,,,,,,,,,,,,,,,,,,,,16404,3935794,0,false,false,0,,,,,,,,,,,,,,,,,,,,,,,,,,,,,,,,,,
"2025-09-02 15:13:17.4676220Z","ETW","Microsoft-Windows-Kernel-Process",5,"ImageLoadInfo ",15112,14224,"Notepad.exe",,,,"C:\Windows\System32\daxexec.dll",,,,,,,,,,,,[{"addr":140736918203828,"idx":0},{"addr":140736917192506,"idx":1},{"addr":140736917191278,"idx":2},{"addr":140736917210764,"idx":3},{"addr":140736917202269,"idx":4},{"addr":140736917259140,"idx":5},{"addr":140736916785248,"idx":6},{"addr":140736916786774,"idx":7},{"addr":140736917021315,"idx":8},{"addr":140736917023197,"idx":9},{"addr":140736873012562,"idx":10},{"addr":140736873175726,"idx":11},{"addr":140736872953156,"idx":12},{"addr":140736872946835,"idx":13},{"addr":140736896043552,"idx":14},{"addr":140696713426956,"idx":15},{"addr":140696713435480,"idx":16},{"addr":140696713578297,"idx":17},{"addr":140696714194754,"idx":18},{"addr":140736897083607,"idx":19},{"addr":140736916996940,"idx":20}],,,,,,,,,15112,,,,,,,,,,,,,,,,,,,,,,,,,,,,,,,,,,,,3297246250,140736463241216,140736463241216,1178528,1167360,,,,,,,,,,,,,,,,,,,,,,,,,,,,,,,,,,,,,,,,,,,,,,,,,,,,,,,,,,,,,,,,,,,,,,,
"2025-09-02 15:13:17.4676946Z","ETW","Microsoft-Antimalware-Engine",111,"Behavior Monitoring BmNotificationHandleStart",16284,10404,"attack.exe",,,,,,,,,,,,,,,,[],,,,,,,,,,,,,,,,,,,,,,,,,,,,,,,,,,,,,,,,,,,,,,,,,,,,,,,,,,,,,,,,,,,,,,,,,,,,,,,,,16426,3935791,1,,,,,,,,,,,,,,,,,,,,,,,,,,,,,,,,,,,,,
"2025-09-02 15:13:17.4676967Z","ETW","Microsoft-Antimalware-Engine",112,"Behavior Monitoring BmNotificationHandleStop",16284,10404,"attack.exe",,,,,,,,,,,,,,,,[],,,,,,,,,,,,,,,,,,,,,,,,,,,,,,,,,,,,,,,,,,,,,,,,,,,,,,,,,,,,,,,,,,,,,,,,,,,,,,,,,16426,3935791,1,false,false,0,,,,,,,,,,,,,,,,,,,,,,,,,,,,,,,,,,
"2025-09-02 15:13:17.4677481Z","ETW","Microsoft-Antimalware-Engine",11,"Behavior Monitoring BmModuleLoad",15112,22008,"Notepad.exe",,,,"C:\Windows\System32\daxexec.dll",,,,,,,,,,,,[],,,,,,,,,,,,,,,,,,,,,,,,,,,,,,,,,,,,,,,,,,,,,,,,,,,,,,,,,,,,,,,,,,,,,,,,,,,,,,,,,,,,,,,,,,,,,,,,,,,,,,,,,,,,,,,,,,,,,,,,
"2025-09-02 15:13:17.4677728Z","ETW","Microsoft-Antimalware-Engine",111,"Behavior Monitoring BmNotificationHandleStart",15112,22008,"Notepad.exe",,,,,,,,,,,,,,,,[],,,,,,,,,,,,,,,,,,,,,,,,,,,,,,,,,,,,,,,,,,,,,,,,,,,,,,,,,,,,,,,,,,,,,,,,,,,,,,,,,16404,3935795,0,,,,,,,,,,,,,,,,,,,,,,,,,,,,,,,,,,,,,
"2025-09-02 15:13:17.4678051Z","ETW","Microsoft-Antimalware-Engine",112,"Behavior Monitoring BmNotificationHandleStop",15112,22008,"Notepad.exe",,,,,,,,,,,,,,,,[],,,,,,,,,,,,,,,,,,,,,,,,,,,,,,,,,,,,,,,,,,,,,,,,,,,,,,,,,,,,,,,,,,,,,,,,,,,,,,,,,16404,3935795,0,false,false,0,,,,,,,,,,,,,,,,,,,,,,,,,,,,,,,,,,
"2025-09-02 15:13:17.4680925Z","ETW","Microsoft-Windows-Kernel-Process",5,"ImageLoadInfo ",15112,17548,"Notepad.exe",,,,"C:\Windows\System32\container.dll",,,,,,,,,,,,[{"addr":140736918203828,"idx":0},{"addr":140736917192506,"idx":1},{"addr":140736917191278,"idx":2},{"addr":140736917210764,"idx":3},{"addr":140736917201516,"idx":4},{"addr":140736917258922,"idx":5},{"addr":140736917255216,"idx":6},{"addr":140736917350945,"idx":7},{"addr":140736897083607,"idx":8},{"addr":140736916996940,"idx":9}],,,,,,,,,15112,,,,,,,,,,,,,,,,,,,,,,,,,,,,,,,,,,,,3018652036,140736462848000,140736462848000,343493,335872,,,,,,,,,,,,,,,,,,,,,,,,,,,,,,,,,,,,,,,,,,,,,,,,,,,,,,,,,,,,,,,,,,,,,,,
"2025-09-02 15:13:17.4682648Z","ETW","Microsoft-Antimalware-Engine",11,"Behavior Monitoring BmModuleLoad",15112,22008,"Notepad.exe",,,,"C:\Windows\System32\container.dll",,,,,,,,,,,,[],,,,,,,,,,,,,,,,,,,,,,,,,,,,,,,,,,,,,,,,,,,,,,,,,,,,,,,,,,,,,,,,,,,,,,,,,,,,,,,,,,,,,,,,,,,,,,,,,,,,,,,,,,,,,,,,,,,,,,,,
"2025-09-02 15:13:17.4682929Z","ETW","Microsoft-Antimalware-Engine",111,"Behavior Monitoring BmNotificationHandleStart",15112,22008,"Notepad.exe",,,,,,,,,,,,,,,,[],,,,,,,,,,,,,,,,,,,,,,,,,,,,,,,,,,,,,,,,,,,,,,,,,,,,,,,,,,,,,,,,,,,,,,,,,,,,,,,,,16404,3935796,0,,,,,,,,,,,,,,,,,,,,,,,,,,,,,,,,,,,,,
"2025-09-02 15:13:17.4683455Z","ETW","Microsoft-Antimalware-Engine",112,"Behavior Monitoring BmNotificationHandleStop",15112,22008,"Notepad.exe",,,,,,,,,,,,,,,,[],,,,,,,,,,,,,,,,,,,,,,,,,,,,,,,,,,,,,,,,,,,,,,,,,,,,,,,,,,,,,,,,,,,,,,,,,,,,,,,,,16404,3935796,0,false,false,0,,,,,,,,,,,,,,,,,,,,,,,,,,,,,,,,,,
"2025-09-02 15:13:17.4688351Z","ETW","Microsoft-Windows-Kernel-Process",5,"ImageLoadInfo ",15112,14224,"Notepad.exe",,,,"C:\Windows\System32\Windows.StateRepositoryClient.dll",,,,,,,,,,,,[{"addr":140736918203828,"idx":0},{"addr":140736917192506,"idx":1},{"addr":140736917191278,"idx":2},{"addr":140736917210764,"idx":3},{"addr":140736917202269,"idx":4},{"addr":140736917259140,"idx":5},{"addr":140736916785248,"idx":6},{"addr":140736916786774,"idx":7},{"addr":140736917021315,"idx":8},{"addr":140736917023197,"idx":9},{"addr":140736873012562,"idx":10},{"addr":140736873178938,"idx":11},{"addr":140736872374351,"idx":12},{"addr":140736872521375,"idx":13},{"addr":140736897161540,"idx":14},{"addr":140736872953441,"idx":15},{"addr":140736872946835,"idx":16},{"addr":140736896043552,"idx":17},{"addr":140696713426956,"idx":18},{"addr":140696713435480,"idx":19},{"addr":140696713578297,"idx":20},{"addr":140696714194754,"idx":21},{"addr":140736897083607,"idx":22},{"addr":140736916996940,"idx":23}],,,,,,,,,15112,,,,,,,,,,,,,,,,,,,,,,,,,,,,,,,,,,,,3001738537,140736632520704,140736632520704,374661,327680,,,,,,,,,,,,,,,,,,,,,,,,,,,,,,,,,,,,,,,,,,,,,,,,,,,,,,,,,,,,,,,,,,,,,,,
"2025-09-02 15:13:17.4690023Z","ETW","Microsoft-Antimalware-Engine",11,"Behavior Monitoring BmModuleLoad",15112,22008,"Notepad.exe",,,,"C:\Windows\System32\Windows.StateRepositoryClient.dll",,,,,,,,,,,,[],,,,,,,,,,,,,,,,,,,,,,,,,,,,,,,,,,,,,,,,,,,,,,,,,,,,,,,,,,,,,,,,,,,,,,,,,,,,,,,,,,,,,,,,,,,,,,,,,,,,,,,,,,,,,,,,,,,,,,,,
"2025-09-02 15:13:17.4690364Z","ETW","Microsoft-Antimalware-Engine",111,"Behavior Monitoring BmNotificationHandleStart",15112,22008,"Notepad.exe",,,,,,,,,,,,,,,,[],,,,,,,,,,,,,,,,,,,,,,,,,,,,,,,,,,,,,,,,,,,,,,,,,,,,,,,,,,,,,,,,,,,,,,,,,,,,,,,,,16404,3935797,0,,,,,,,,,,,,,,,,,,,,,,,,,,,,,,,,,,,,,
"2025-09-02 15:13:17.4690843Z","ETW","Microsoft-Antimalware-Engine",112,"Behavior Monitoring BmNotificationHandleStop",15112,22008,"Notepad.exe",,,,,,,,,,,,,,,,[],,,,,,,,,,,,,,,,,,,,,,,,,,,,,,,,,,,,,,,,,,,,,,,,,,,,,,,,,,,,,,,,,,,,,,,,,,,,,,,,,16404,3935797,0,false,false,0,,,,,,,,,,,,,,,,,,,,,,,,,,,,,,,,,,
"2025-09-02 15:13:17.4692703Z","ETW","Microsoft-Windows-Kernel-Process",5,"ImageLoadInfo ",15112,14224,"Notepad.exe",,,,"C:\Windows\System32\Windows.StateRepositoryCore.dll",,,,,,,,,,,,[{"addr":140736918203828,"idx":0},{"addr":140736917192506,"idx":1},{"addr":140736917191278,"idx":2},{"addr":140736917210764,"idx":3},{"addr":140736917202269,"idx":4},{"addr":140736917259140,"idx":5},{"addr":140736916785248,"idx":6},{"addr":140736916786774,"idx":7},{"addr":140736917021315,"idx":8},{"addr":140736917023197,"idx":9},{"addr":140736632706258,"idx":10},{"addr":140736632535704,"idx":11},{"addr":140736632640384,"idx":12},{"addr":140736872374351,"idx":13},{"addr":140736872521375,"idx":14},{"addr":140736897161540,"idx":15},{"addr":140736872953441,"idx":16},{"addr":140736872946835,"idx":17},{"addr":140736896043552,"idx":18},{"addr":140696713426956,"idx":19},{"addr":140696713435480,"idx":20},{"addr":140696713578297,"idx":21},{"addr":140696714194754,"idx":22},{"addr":140736897083607,"idx":23},{"addr":140736916996940,"idx":24}],,,,,,,,,15112,,,,,,,,,,,,,,,,,,,,,,,,,,,,,,,,,,,,3847844510,140736632913920,140736632913920,174488,106496,,,,,,,,,,,,,,,,,,,,,,,,,,,,,,,,,,,,,,,,,,,,,,,,,,,,,,,,,,,,,,,,,,,,,,,
"2025-09-02 15:13:17.4694052Z","ETW","Microsoft-Antimalware-Engine",11,"Behavior Monitoring BmModuleLoad",15112,22008,"Notepad.exe",,,,"C:\Windows\System32\Windows.StateRepositoryCore.dll",,,,,,,,,,,,[],,,,,,,,,,,,,,,,,,,,,,,,,,,,,,,,,,,,,,,,,,,,,,,,,,,,,,,,,,,,,,,,,,,,,,,,,,,,,,,,,,,,,,,,,,,,,,,,,,,,,,,,,,,,,,,,,,,,,,,,
"2025-09-02 15:13:17.4694301Z","ETW","Microsoft-Antimalware-Engine",111,"Behavior Monitoring BmNotificationHandleStart",15112,22008,"Notepad.exe",,,,,,,,,,,,,,,,[],,,,,,,,,,,,,,,,,,,,,,,,,,,,,,,,,,,,,,,,,,,,,,,,,,,,,,,,,,,,,,,,,,,,,,,,,,,,,,,,,16404,3935798,0,,,,,,,,,,,,,,,,,,,,,,,,,,,,,,,,,,,,,
"2025-09-02 15:13:17.4694743Z","ETW","Microsoft-Antimalware-Engine",112,"Behavior Monitoring BmNotificationHandleStop",15112,22008,"Notepad.exe",,,,,,,,,,,,,,,,[],,,,,,,,,,,,,,,,,,,,,,,,,,,,,,,,,,,,,,,,,,,,,,,,,,,,,,,,,,,,,,,,,,,,,,,,,,,,,,,,,16404,3935798,0,false,false,0,,,,,,,,,,,,,,,,,,,,,,,,,,,,,,,,,,
"2025-09-02 15:13:17.4700606Z","ETW","Microsoft-Windows-Kernel-Process",5,"ImageLoadInfo ",15112,14224,"Notepad.exe",,,,"C:\Windows\System32\capauthz.dll",,,,,,,,,,,,[{"addr":140736918203828,"idx":0},{"addr":140736917192506,"idx":1},{"addr":140736917191278,"idx":2},{"addr":140736917210764,"idx":3},{"addr":140736917202269,"idx":4},{"addr":140736917259140,"idx":5},{"addr":140736916785248,"idx":6},{"addr":140736916786774,"idx":7},{"addr":140736917021315,"idx":8},{"addr":140736917023197,"idx":9},{"addr":140736873012562,"idx":10},{"addr":140736873170503,"idx":11},{"addr":140736872376571,"idx":12},{"addr":140736872521375,"idx":13},{"addr":140736897161540,"idx":14},{"addr":140736872953441,"idx":15},{"addr":140736872946835,"idx":16},{"addr":140736896043552,"idx":17},{"addr":140696713426956,"idx":18},{"addr":140696713435480,"idx":19},{"addr":140696713578297,"idx":20},{"addr":140696714194754,"idx":21},{"addr":140736897083607,"idx":22},{"addr":140736916996940,"idx":23}],,,,,,,,,15112,,,,,,,,,,,,,,,,,,,,,,,,,,,,,,,,,,,,1605668267,140736472088576,140736472088576,396500,380928,,,,,,,,,,,,,,,,,,,,,,,,,,,,,,,,,,,,,,,,,,,,,,,,,,,,,,,,,,,,,,,,,,,,,,,
"2025-09-02 15:13:17.4702002Z","ETW","Microsoft-Antimalware-Engine",11,"Behavior Monitoring BmModuleLoad",15112,22008,"Notepad.exe",,,,"C:\Windows\System32\capauthz.dll",,,,,,,,,,,,[],,,,,,,,,,,,,,,,,,,,,,,,,,,,,,,,,,,,,,,,,,,,,,,,,,,,,,,,,,,,,,,,,,,,,,,,,,,,,,,,,,,,,,,,,,,,,,,,,,,,,,,,,,,,,,,,,,,,,,,,
"2025-09-02 15:13:17.4702263Z","ETW","Microsoft-Antimalware-Engine",111,"Behavior Monitoring BmNotificationHandleStart",15112,22008,"Notepad.exe",,,,,,,,,,,,,,,,[],,,,,,,,,,,,,,,,,,,,,,,,,,,,,,,,,,,,,,,,,,,,,,,,,,,,,,,,,,,,,,,,,,,,,,,,,,,,,,,,,16404,3935799,0,,,,,,,,,,,,,,,,,,,,,,,,,,,,,,,,,,,,,
"2025-09-02 15:13:17.4702678Z","ETW","Microsoft-Antimalware-Engine",112,"Behavior Monitoring BmNotificationHandleStop",15112,22008,"Notepad.exe",,,,,,,,,,,,,,,,[],,,,,,,,,,,,,,,,,,,,,,,,,,,,,,,,,,,,,,,,,,,,,,,,,,,,,,,,,,,,,,,,,,,,,,,,,,,,,,,,,16404,3935799,0,false,false,0,,,,,,,,,,,,,,,,,,,,,,,,,,,,,,,,,,
"2025-09-02 15:13:17.4706802Z","ETW","Microsoft-Windows-Kernel-Audit-API-Calls",5,"Info ",920,3484,"lsass.exe",,,,,,,,,,,,,,,,[{"addr":140736918203764,"idx":0},{"addr":140736872731894,"idx":1},{"addr":140736861129291,"idx":2},{"addr":140736882620003,"idx":3},{"addr":140736882628366,"idx":4},{"addr":140736882319852,"idx":5},{"addr":140736882311415,"idx":6},{"addr":140736882088628,"idx":7},{"addr":140736882092744,"idx":8},{"addr":140736882015316,"idx":9},{"addr":140736882081820,"idx":10},{"addr":140736882106396,"idx":11},{"addr":140736882102691,"idx":12},{"addr":140736882098504,"idx":13},{"addr":140736917358174,"idx":14},{"addr":140736917350275,"idx":15},{"addr":140736897083607,"idx":16},{"addr":140736916996940,"idx":17}],,,,,,,,,,,,,,,,,,,4096,0,15112,,,,,,,,,,,,,,,,,,,,,,,,,,,,,,,,,,,,,,,,,,,,,,,,,,,,,,,,,,,,,,,,,,,,,,,,,,,,,,,,,,,,,,,,,,,,,,,,,,,
"2025-09-02 15:13:17.4709005Z","ETW","Microsoft-Windows-Kernel-Audit-API-Calls",5,"Info ",920,3484,"lsass.exe",,,,,,,,,,,,,,,,[{"addr":140736918203764,"idx":0},{"addr":140736872731894,"idx":1},{"addr":140736861129291,"idx":2},{"addr":140736882620003,"idx":3},{"addr":140736882628366,"idx":4},{"addr":140736882319852,"idx":5},{"addr":140736882311415,"idx":6},{"addr":140736882088628,"idx":7},{"addr":140736882092744,"idx":8},{"addr":140736882015316,"idx":9},{"addr":140736882081820,"idx":10},{"addr":140736882106396,"idx":11},{"addr":140736882102691,"idx":12},{"addr":140736882098504,"idx":13},{"addr":140736917358174,"idx":14},{"addr":140736917350275,"idx":15},{"addr":140736897083607,"idx":16},{"addr":140736916996940,"idx":17}],,,,,,,,,,,,,,,,,,,4096,0,15112,,,,,,,,,,,,,,,,,,,,,,,,,,,,,,,,,,,,,,,,,,,,,,,,,,,,,,,,,,,,,,,,,,,,,,,,,,,,,,,,,,,,,,,,,,,,,,,,,,,
"2025-09-02 15:13:17.4711768Z","ETW","Microsoft-Windows-Kernel-Audit-API-Calls",5,"Info ",920,3484,"lsass.exe",,,,,,,,,,,,,,,,[{"addr":140736918203764,"idx":0},{"addr":140736872731894,"idx":1},{"addr":140736861129291,"idx":2},{"addr":140736882620003,"idx":3},{"addr":140736882628366,"idx":4},{"addr":140736882319852,"idx":5},{"addr":140736882311415,"idx":6},{"addr":140736882088628,"idx":7},{"addr":140736882092744,"idx":8},{"addr":140736882015316,"idx":9},{"addr":140736882081820,"idx":10},{"addr":140736882106396,"idx":11},{"addr":140736882102691,"idx":12},{"addr":140736882098504,"idx":13},{"addr":140736917358174,"idx":14},{"addr":140736917350275,"idx":15},{"addr":140736897083607,"idx":16},{"addr":140736916996940,"idx":17}],,,,,,,,,,,,,,,,,,,4096,0,15112,,,,,,,,,,,,,,,,,,,,,,,,,,,,,,,,,,,,,,,,,,,,,,,,,,,,,,,,,,,,,,,,,,,,,,,,,,,,,,,,,,,,,,,,,,,,,,,,,,,
"2025-09-02 15:13:17.4713163Z","ETW","Microsoft-Windows-Kernel-Audit-API-Calls",5,"Info ",920,3484,"lsass.exe",,,,,,,,,,,,,,,,[{"addr":140736918203764,"idx":0},{"addr":140736872731894,"idx":1},{"addr":140736861129291,"idx":2},{"addr":140736882620003,"idx":3},{"addr":140736882628366,"idx":4},{"addr":140736882319852,"idx":5},{"addr":140736882311415,"idx":6},{"addr":140736882088628,"idx":7},{"addr":140736882092744,"idx":8},{"addr":140736882015316,"idx":9},{"addr":140736882081820,"idx":10},{"addr":140736882106396,"idx":11},{"addr":140736882102691,"idx":12},{"addr":140736882098504,"idx":13},{"addr":140736917358174,"idx":14},{"addr":140736917350275,"idx":15},{"addr":140736897083607,"idx":16},{"addr":140736916996940,"idx":17}],,,,,,,,,,,,,,,,,,,4096,0,15112,,,,,,,,,,,,,,,,,,,,,,,,,,,,,,,,,,,,,,,,,,,,,,,,,,,,,,,,,,,,,,,,,,,,,,,,,,,,,,,,,,,,,,,,,,,,,,,,,,,
"2025-09-02 15:13:17.4730492Z","ETW","Microsoft-Windows-Kernel-Process",1,"ProcessStartStart ",15112,14224,"Notepad.exe",,,,"C:\Program Files\WindowsApps\Microsoft.WindowsNotepad_11.2506.35.0_x64__8wekyb3d8bbwe\Notepad\Notepad.exe",,,,,,,,,,,,[{"addr":140736918209220,"idx":0},{"addr":140736872957146,"idx":1},{"addr":140736872946835,"idx":2},{"addr":140736896043552,"idx":3},{"addr":140696713426956,"idx":4},{"addr":140696713435480,"idx":5},{"addr":140696713578297,"idx":6},{"addr":140696714194754,"idx":7},{"addr":140736897083607,"idx":8},{"addr":140736916996940,"idx":9}],,,,,,,,,17068,,,,,,,,,,,,,,,,,,,,,,,134012995974729756,3,2786650,"0x","Microsoft.WindowsNotepad_11.2506.35.0_x64__8wekyb3d8bbwe","App",15112,31823,31824,3,0,0,1,1753885353,,,,,,,,,,,,,,,,,,,,,,,,,,,,,,,,,,,,,,,,,,,,,,,,,,,,,,,,,,,,,,,,,,,,,,,,,,,
"2025-09-02 15:13:17.4732929Z","ETW","Microsoft-Windows-Kernel-Audit-API-Calls",6,"Info ",1912,8,"MsMpEng.exe",,,,,,,,,,,,,,,,[{"addr":140736918212548,"idx":0},{"addr":140736872857142,"idx":1},{"addr":140736738243895,"idx":2},{"addr":140736738242452,"idx":3},{"addr":140736657687525,"idx":4},{"addr":140736657686325,"idx":5},{"addr":140736657683993,"idx":6},{"addr":140736658258217,"idx":7},{"addr":140736657749938,"idx":8},{"addr":140736657909615,"idx":9},{"addr":140736658079503,"idx":10},{"addr":140736897083607,"idx":11},{"addr":140736916996940,"idx":12}],,,,,,,,,,,,,,,,,,,2097151,0,1912,8,,,,,,,,,,,,,,,,,,,,,,,,,,,,,,,,,,,,,,,,,,,,,,,,,,,,,,,,,,,,,,,,,,,,,,,,,,,,,,,,,,,,,,,,,,,,,,,,,,
"2025-09-02 15:13:17.4739899Z","ETW","Microsoft-Windows-Kernel-Audit-API-Calls",5,"Info ",1912,8,"MsMpEng.exe",,,,,,,,,,,,,,,,[{"addr":140736918203764,"idx":0},{"addr":140736872731894,"idx":1},{"addr":140733815122067,"idx":2},{"addr":140733813533757,"idx":3},{"addr":140733820783122,"idx":4},{"addr":140733811457761,"idx":5},{"addr":140733811450648,"idx":6},{"addr":140733811449218,"idx":7},{"addr":140733811441856,"idx":8},{"addr":140733811790261,"idx":9},{"addr":140733811785301,"idx":10},{"addr":140736738242841,"idx":11},{"addr":140736657687525,"idx":12},{"addr":140736657686325,"idx":13},{"addr":140736657683993,"idx":14},{"addr":140736658258217,"idx":15},{"addr":140736657749938,"idx":16},{"addr":140736657909615,"idx":17},{"addr":140736658079503,"idx":18},{"addr":140736897083607,"idx":19},{"addr":140736916996940,"idx":20}],,,,,,,,,,,,,,,,,,,1536,0,17068,,,,,,,,,,,,,,,,,,,,,,,,,,,,,,,,,,,,,,,,,,,,,,,,,,,,,,,,,,,,,,,,,,,,,,,,,,,,,,,,,,,,,,,,,,,,,,,,,,,
"2025-09-02 15:13:17.4742067Z","ETW","Microsoft-Windows-Kernel-Audit-API-Calls",5,"Info ",1912,22008,"MsMpEng.exe",,,,,,,,,,,,,,,,[{"addr":140736918203764,"idx":0},{"addr":140736872731894,"idx":1},{"addr":140733810479103,"idx":2},{"addr":140733810478599,"idx":3},{"addr":140733810481824,"idx":4},{"addr":140733811992461,"idx":5},{"addr":140733811987347,"idx":6},{"addr":140733811996001,"idx":7},{"addr":140733811994278,"idx":8},{"addr":140733810447018,"idx":9},{"addr":140733810434825,"idx":10},{"addr":140733810436081,"idx":11},{"addr":140733810435993,"idx":12},{"addr":140733812865289,"idx":13},{"addr":140733811799252,"idx":14},{"addr":140733811789863,"idx":15},{"addr":140733811785301,"idx":16},{"addr":140736738242841,"idx":17},{"addr":140736657613597,"idx":18},{"addr":140736657838177,"idx":19},{"addr":140736749360292,"idx":20},{"addr":140736749360015,"idx":21},{"addr":140736917255712,"idx":22},{"addr":140736917350945,"idx":23},{"addr":140736897083607,"idx":24},{"addr":140736916996940,"idx":25}],,,,,,,,,,,,,,,,,,,4096,0,17068,,,,,,,,,,,,,,,,,,,,,,,,,,,,,,,,,,,,,,,,,,,,,,,,,,,,,,,,,,,,,,,,,,,,,,,,,,,,,,,,,,,,,,,,,,,,,,,,,,,
"2025-09-02 15:13:17.4744907Z","ETW","Microsoft-Windows-Kernel-Process",3,"ThreadStartStart ",15112,14224,"Notepad.exe",,,,,,,,,,,,,,,,[{"addr":140736918209220,"idx":0},{"addr":140736872957146,"idx":1},{"addr":140736872946835,"idx":2},{"addr":140736896043552,"idx":3},{"addr":140696713426956,"idx":4},{"addr":140696713435480,"idx":5},{"addr":140696713578297,"idx":6},{"addr":140696714194754,"idx":7},{"addr":140736897083607,"idx":8},{"addr":140736916996940,"idx":9}],,,,,,,,,17068,18446639081570553856,18446639081570529280,140696714194864,0,131192258560,4848,131191406592,131191402496,140696714194864,,,,,,,,,,,,,,,,,,,,,,,,,,,,,,,,,,,,,,,,,,,,,,,,,,,,,,,,,,,,,,,,,,,,,,,,,,,,,,,,,,,,,,,,,,,,,,,,,,,,,,
"2025-09-02 15:13:17.4745476Z","ETW","Microsoft-Antimalware-Engine",53,"Behavior Monitoring BmOpenProcess",15112,13020,"Notepad.exe",,17068,,,,,,,,,,,,,,[],,,,,,,,,,,,,,,,,,,,,,,,,,,,,,,,,,,,,,,,,,,,,,,,,,,,,,,,,,,,,,,,,,,,,,,,2097151,false,,,,,,,,,,,,,,,,,,,,,,,,,,,,,,,,,,,,,,,,,,,,,,,
"2025-09-02 15:13:17.4757854Z","ETW","Microsoft-Windows-Kernel-Audit-API-Calls",5,"Info ",760,776,"csrss.exe",,,,,,,,,,,,,,,,[{"addr":140736918203764,"idx":0},{"addr":140736867430364,"idx":1},{"addr":140736867572214,"idx":2},{"addr":140736916996962,"idx":3}],,,,,,,,,,,,,,,,,,,2097151,0,17068,,,,,,,,,,,,,,,,,,,,,,,,,,,,,,,,,,,,,,,,,,,,,,,,,,,,,,,,,,,,,,,,,,,,,,,,,,,,,,,,,,,,,,,,,,,,,,,,,,,
"2025-09-02 15:13:17.4757925Z","ETW","Microsoft-Windows-Kernel-Audit-API-Calls",6,"Info ",760,776,"csrss.exe",,,,,,,,,,,,,,,,[{"addr":140736918212548,"idx":0},{"addr":140736867430626,"idx":1},{"addr":140736867572214,"idx":2},{"addr":140736916996962,"idx":3}],,,,,,,,,,,,,,,,,,,2097151,0,17068,4848,,,,,,,,,,,,,,,,,,,,,,,,,,,,,,,,,,,,,,,,,,,,,,,,,,,,,,,,,,,,,,,,,,,,,,,,,,,,,,,,,,,,,,,,,,,,,,,,,,
"2025-09-02 15:13:17.4764813Z","ETW","Microsoft-Windows-Kernel-Process",5,"ImageLoadInfo ",17068,4848,"Notepad.exe",,,,"C:\Program Files\WindowsApps\Microsoft.WindowsNotepad_11.2506.35.0_x64__8wekyb3d8bbwe\Notepad\Notepad.exe",,,,,,,,,,,,[{"addr":140736916996896,"idx":0}],,,,,,,,,17068,,,,,,,,,,,,,,,,,,,,,,,,,,,,,,,,,,,,1753885353,140696712970240,140696712970240,2786650,2744320,,,,,,,,,,,,,,,,,,,,,,,,,,,,,,,,,,,,,,,,,,,,,,,,,,,,,,,,,,,,,,,,,,,,,,,
"2025-09-02 15:13:17.4765141Z","ETW","Microsoft-Windows-Kernel-Process",5,"ImageLoadInfo ",17068,4848,"Notepad.exe",,,,"C:\Windows\System32\ntdll.dll",,,,,,,,,,,,[{"addr":140736916996896,"idx":0}],,,,,,,,,17068,,,,,,,,,,,,,,,,,,,,,,,,,,,,,,,,,,,,2512787800,140736916750336,140736916750336,2531053,2519040,,,,,,,,,,,,,,,,,,,,,,,,,,,,,,,,,,,,,,,,,,,,,,,,,,,,,,,,,,,,,,,,,,,,,,,
"2025-09-02 15:13:17.4765964Z","ETW","Microsoft-Windows-Kernel-Audit-API-Calls",5,"Info ",15112,14224,"Notepad.exe",,,,,,,,,,,,,,,,[{"addr":140736918203764,"idx":0},{"addr":140736872731894,"idx":1},{"addr":140696713910886,"idx":2},{"addr":140696713438613,"idx":3},{"addr":140696713578534,"idx":4},{"addr":140696714194754,"idx":5},{"addr":140736897083607,"idx":6},{"addr":140736916996940,"idx":7}],,,,,,,,,,,,,,,,,,,4096,0,17068,,,,,,,,,,,,,,,,,,,,,,,,,,,,,,,,,,,,,,,,,,,,,,,,,,,,,,,,,,,,,,,,,,,,,,,,,,,,,,,,,,,,,,,,,,,,,,,,,,,
"2025-09-02 15:13:17.4772917Z","ETW","Microsoft-Antimalware-Engine",59,"Message Info ",1912,22008,"MsMpEng.exe",,,,,,0,"Behavior:Win32/ExploitAttempt.ZA!dha","0x5BB3C187493B","9b9f35e3b87d39f15df8932701977e1f4f0409c6",,,,,,,[],,,,,,,,,,,,,,,,,,,,,,,,,,,,,,,,,,,,,,,,,,,,,,,,,,,,,,,,,,,,,,,,,,,,,,,,,,,,,,,,,,,,,,,,,,,,,,,,,,,,,,,,,,,,,,,,,,,,,,,,
"2025-09-02 15:13:17.4774585Z","ETW","Microsoft-Windows-Kernel-Process",5,"ImageLoadInfo ",17068,4848,"Notepad.exe",,,,"C:\Windows\System32\kernel32.dll",,,,,,,,,,,,[{"addr":140736918203828,"idx":0},{"addr":140736917192506,"idx":1},{"addr":140736917191278,"idx":2},{"addr":140736917190209,"idx":3},{"addr":140736916804181,"idx":4},{"addr":140736916785218,"idx":5},{"addr":140736916784352,"idx":6},{"addr":140736917101952,"idx":7},{"addr":140736917649076,"idx":8},{"addr":140736917165243,"idx":9},{"addr":140736917158036,"idx":10},{"addr":140736917157502,"idx":11},{"addr":140736916971470,"idx":12}],,,,,,,,,17068,,,,,,,,,,,,,,,,,,,,,,,,,,,,,,,,,,,,2842556120,140736896892928,140736896892928,880212,823296,,,,,,,,,,,,,,,,,,,,,,,,,,,,,,,,,,,,,,,,,,,,,,,,,,,,,,,,,,,,,,,,,,,,,,,
"2025-09-02 15:13:17.4775740Z","ETW","Microsoft-Windows-Kernel-Process",5,"ImageLoadInfo ",17068,4848,"Notepad.exe",,,,"C:\Windows\System32\KernelBase.dll",,,,,,,,,,,,[{"addr":140736918203828,"idx":0},{"addr":140736917192506,"idx":1},{"addr":140736917191278,"idx":2},{"addr":140736917190209,"idx":3},{"addr":140736916798526,"idx":4},{"addr":140736916790798,"idx":5},{"addr":140736917191656,"idx":6},{"addr":140736917190209,"idx":7},{"addr":140736916804181,"idx":8},{"addr":140736916785218,"idx":9},{"addr":140736916784352,"idx":10},{"addr":140736917101952,"idx":11},{"addr":140736917649076,"idx":12},{"addr":140736917165243,"idx":13},{"addr":140736917158036,"idx":14},{"addr":140736917157502,"idx":15},{"addr":140736916971470,"idx":16}],,,,,,,,,17068,,,,,,,,,,,,,,,,,,,,,,,,,,,,,,,,,,,,1916522255,140736871923712,140736871923712,4150506,4128768,,,,,,,,,,,,,,,,,,,,,,,,,,,,,,,,,,,,,,,,,,,,,,,,,,,,,,,,,,,,,,,,,,,,,,,
"2025-09-02 15:13:17.4778957Z","ETW","Microsoft-Windows-Kernel-Audit-API-Calls",5,"Info ",1912,22008,"MsMpEng.exe",,,,,,,,,,,,,,,,[{"addr":140736918203764,"idx":0},{"addr":140736872731894,"idx":1},{"addr":140733810479103,"idx":2},{"addr":140733810478599,"idx":3},{"addr":140733811467421,"idx":4},{"addr":140733811466488,"idx":5},{"addr":140733810456419,"idx":6},{"addr":140733810413765,"idx":7},{"addr":140733810417057,"idx":8},{"addr":140733810415802,"idx":9},{"addr":140733810413462,"idx":10},{"addr":140733809657173,"idx":11},{"addr":140733810411971,"idx":12},{"addr":140733810411092,"idx":13},{"addr":140733815162932,"idx":14},{"addr":140733815162655,"idx":15},{"addr":140736917255712,"idx":16},{"addr":140736917350945,"idx":17},{"addr":140736897083607,"idx":18},{"addr":140736916996940,"idx":19}],,,,,,,,,,,,,,,,,,,5136,0,17068,,,,,,,,,,,,,,,,,,,,,,,,,,,,,,,,,,,,,,,,,,,,,,,,,,,,,,,,,,,,,,,,,,,,,,,,,,,,,,,,,,,,,,,,,,,,,,,,,,,
"2025-09-02 15:13:17.4782852Z","ETW","Microsoft-Antimalware-Engine",111,"Behavior Monitoring BmNotificationHandleStart",15112,22008,"Notepad.exe",,,,,,,,,,,,,,,,[],,,,,,,,,,,,,,,,,,,,,,,,,,,,,,,,,,,,,,,,,,,,,,,,,,,,,,,,,,,,,,,,,,,,,,,,,,,,,,,,,16404,3935803,1,,,,,,,,,,,,,,,,,,,,,,,,,,,,,,,,,,,,,
"2025-09-02 15:13:17.4783391Z","ETW","Microsoft-Antimalware-Engine",112,"Behavior Monitoring BmNotificationHandleStop",15112,22008,"Notepad.exe",,,,,,,,,,,,,,,,[],,,,,,,,,,,,,,,,,,,,,,,,,,,,,,,,,,,,,,,,,,,,,,,,,,,,,,,,,,,,,,,,,,,,,,,,,,,,,,,,,16404,3935803,1,false,false,0,,,,,,,,,,,,,,,,,,,,,,,,,,,,,,,,,,
"2025-09-02 15:13:17.4788579Z","ETW","Microsoft-Windows-Kernel-Process",3,"ThreadStartStart ",17068,4848,"Notepad.exe",,,,,,,,,,,,,,,,[{"addr":140736918214756,"idx":0},{"addr":140736917348769,"idx":1},{"addr":140736917700534,"idx":2},{"addr":140736916798680,"idx":3},{"addr":140736916790798,"idx":4},{"addr":140736917165509,"idx":5},{"addr":140736917158036,"idx":6},{"addr":140736917157502,"idx":7},{"addr":140736916971470,"idx":8}],,,,,,,,,17068,18446639081570611200,18446639081570586624,140736917348896,0,131192266752,9820,131194683392,131194679296,140736917348896,,,,,,,,,,,,,,,,,,,,,,,,,,,,,,,,,,,,,,,,,,,,,,,,,,,,,,,,,,,,,,,,,,,,,,,,,,,,,,,,,,,,,,,,,,,,,,,,,,,,,,
"2025-09-02 15:13:17.4789120Z","ETW","Microsoft-Windows-Kernel-Process",5,"ImageLoadInfo ",17068,4848,"Notepad.exe",,,,"C:\Windows\System32\user32.dll",,,,,,,,,,,,[{"addr":140736918203828,"idx":0},{"addr":140736917192506,"idx":1},{"addr":140736917191278,"idx":2},{"addr":140736917190209,"idx":3},{"addr":140736916798526,"idx":4},{"addr":140736916790798,"idx":5},{"addr":140736917165509,"idx":6},{"addr":140736917158036,"idx":7},{"addr":140736917157502,"idx":8},{"addr":140736916971470,"idx":9}],,,,,,,,,17068,,,,,,,,,,,,,,,,,,,,,,,,,,,,,,,,,,,,3594986103,140736914063360,140736914063360,1919723,1855488,,,,,,,,,,,,,,,,,,,,,,,,,,,,,,,,,,,,,,,,,,,,,,,,,,,,,,,,,,,,,,,,,,,,,,,
"2025-09-02 15:13:17.4791133Z","ETW","Microsoft-Windows-Kernel-Process",5,"ImageLoadInfo ",17068,4848,"Notepad.exe",,,,"C:\Windows\System32\win32u.dll",,,,,,,,,,,,[{"addr":140736918203828,"idx":0},{"addr":140736917192506,"idx":1},{"addr":140736917191278,"idx":2},{"addr":140736917190209,"idx":3},{"addr":140736916798526,"idx":4},{"addr":140736916790798,"idx":5},{"addr":140736917191656,"idx":6},{"addr":140736917190209,"idx":7},{"addr":140736916798526,"idx":8},{"addr":140736916790798,"idx":9},{"addr":140736917165509,"idx":10},{"addr":140736917158036,"idx":11},{"addr":140736917157502,"idx":12},{"addr":140736916971470,"idx":13}],,,,,,,,,17068,,,,,,,,,,,,,,,,,,,,,,,,,,,,,,,,,,,,4080079730,140736876118016,140736876118016,179667,159744,,,,,,,,,,,,,,,,,,,,,,,,,,,,,,,,,,,,,,,,,,,,,,,,,,,,,,,,,,,,,,,,,,,,,,,
"2025-09-02 15:13:17.4792254Z","ETW","Microsoft-Windows-Kernel-Process",3,"ThreadStartStart ",17068,4848,"Notepad.exe",,,,,,,,,,,,,,,,[{"addr":140736918214756,"idx":0},{"addr":140736917348769,"idx":1},{"addr":140736917700534,"idx":2},{"addr":140736916791223,"idx":3},{"addr":140736917191656,"idx":4},{"addr":140736917190209,"idx":5},{"addr":140736916798526,"idx":6},{"addr":140736916790798,"idx":7},{"addr":140736917191656,"idx":8},{"addr":140736917190209,"idx":9},{"addr":140736916798526,"idx":10},{"addr":140736916790798,"idx":11},{"addr":140736917165509,"idx":12},{"addr":140736917158036,"idx":13},{"addr":140736917157502,"idx":14},{"addr":140736916971470,"idx":15}],,,,,,,,,17068,18446639081570639872,18446639081570615296,140736917348896,0,131192274944,8032,131195731968,131195727872,140736917348896,,,,,,,,,,,,,,,,,,,,,,,,,,,,,,,,,,,,,,,,,,,,,,,,,,,,,,,,,,,,,,,,,,,,,,,,,,,,,,,,,,,,,,,,,,,,,,,,,,,,,,
"2025-09-02 15:13:17.4793104Z","ETW","Microsoft-Windows-Kernel-Process",5,"ImageLoadInfo ",17068,4848,"Notepad.exe",,,,"C:\Windows\System32\gdi32.dll",,,,,,,,,,,,[{"addr":140736918203828,"idx":0},{"addr":140736917192506,"idx":1},{"addr":140736917191278,"idx":2},{"addr":140736917190209,"idx":3},{"addr":140736916798526,"idx":4},{"addr":140736916790798,"idx":5},{"addr":140736917191656,"idx":6},{"addr":140736917190209,"idx":7},{"addr":140736916798526,"idx":8},{"addr":140736916790798,"idx":9},{"addr":140736917165509,"idx":10},{"addr":140736917158036,"idx":11},{"addr":140736917157502,"idx":12},{"addr":140736916971470,"idx":13}],,,,,,,,,17068,,,,,,,,,,,,,,,,,,,,,,,,,,,,,,,,,,,,226377214,140736902135808,140736902135808,213118,176128,,,,,,,,,,,,,,,,,,,,,,,,,,,,,,,,,,,,,,,,,,,,,,,,,,,,,,,,,,,,,,,,,,,,,,,
"2025-09-02 15:13:17.4794052Z","ETW","Microsoft-Windows-Kernel-Process",5,"ImageLoadInfo ",17068,9820,"Notepad.exe",,,,"C:\Program Files\WindowsApps\Microsoft.WindowsAppRuntime.1.7_7000.522.1444.0_x64__8wekyb3d8bbwe\Microsoft.UI.Windowing.Core.dll",,,,,,,,,,,,[{"addr":140736918203828,"idx":0},{"addr":140736917192506,"idx":1},{"addr":140736917191278,"idx":2},{"addr":140736917210764,"idx":3},{"addr":140736917201516,"idx":4},{"addr":140736917258922,"idx":5},{"addr":140736917255216,"idx":6},{"addr":140736917350945,"idx":7},{"addr":140736897083607,"idx":8},{"addr":140736916996940,"idx":9}],,,,,,,,,17068,,,,,,,,,,,,,,,,,,,,,,,,,,,,,,,,,,,,973683311,140734019993600,140734019993600,577285,532480,,,,,,,,,,,,,,,,,,,,,,,,,,,,,,,,,,,,,,,,,,,,,,,,,,,,,,,,,,,,,,,,,,,,,,,
"2025-09-02 15:13:17.4795326Z","ETW","Microsoft-Windows-Kernel-Process",5,"ImageLoadInfo ",17068,4848,"Notepad.exe",,,,"C:\Windows\System32\gdi32full.dll",,,,,,,,,,,,[{"addr":140736918203828,"idx":0},{"addr":140736917192506,"idx":1},{"addr":140736917191278,"idx":2},{"addr":140736917190209,"idx":3},{"addr":140736916798526,"idx":4},{"addr":140736916790798,"idx":5},{"addr":140736917191656,"idx":6},{"addr":140736917190209,"idx":7},{"addr":140736916798526,"idx":8},{"addr":140736916790798,"idx":9},{"addr":140736917191656,"idx":10},{"addr":140736917190209,"idx":11},{"addr":140736916798526,"idx":12},{"addr":140736916790798,"idx":13},{"addr":140736917165509,"idx":14},{"addr":140736917158036,"idx":15},{"addr":140736917157502,"idx":16},{"addr":140736916971470,"idx":17}],,,,,,,,,17068,,,,,,,,,,,,,,,,,,,,,,,,,,,,,,,,,,,,4226913238,140736869040128,140736869040128,1298614,1277952,,,,,,,,,,,,,,,,,,,,,,,,,,,,,,,,,,,,,,,,,,,,,,,,,,,,,,,,,,,,,,,,,,,,,,,
"2025-09-02 15:13:17.4795946Z","ETW","Microsoft-Windows-Kernel-Process",5,"ImageLoadInfo ",17068,9820,"Notepad.exe",,,,"C:\Windows\System32\ucrtbase.dll",,,,,,,,,,,,[{"addr":140736918203828,"idx":0},{"addr":140736917192506,"idx":1},{"addr":140736917191278,"idx":2},{"addr":140736917190209,"idx":3},{"addr":140736916798526,"idx":4},{"addr":140736916790798,"idx":5},{"addr":140736917191656,"idx":6},{"addr":140736917210764,"idx":7},{"addr":140736917201516,"idx":8},{"addr":140736917258922,"idx":9},{"addr":140736917255216,"idx":10},{"addr":140736917350945,"idx":11},{"addr":140736897083607,"idx":12},{"addr":140736916996940,"idx":13}],,,,,,,,,17068,,,,,,,,,,,,,,,,,,,,,,,,,,,,,,,,,,,,3686092271,140736876314624,140736876314624,1418583,1355776,,,,,,,,,,,,,,,,,,,,,,,,,,,,,,,,,,,,,,,,,,,,,,,,,,,,,,,,,,,,,,,,,,,,,,,
"2025-09-02 15:13:17.4797410Z","ETW","Microsoft-Windows-Kernel-Process",5,"ImageLoadInfo ",17068,4848,"Notepad.exe",,,,"C:\Windows\System32\msvcp_win.dll",,,,,,,,,,,,[{"addr":140736918203828,"idx":0},{"addr":140736917192506,"idx":1},{"addr":140736917191278,"idx":2},{"addr":140736917190209,"idx":3},{"addr":140736916798526,"idx":4},{"addr":140736916790798,"idx":5},{"addr":140736917191656,"idx":6},{"addr":140736917190209,"idx":7},{"addr":140736916798526,"idx":8},{"addr":140736916790798,"idx":9},{"addr":140736917191656,"idx":10},{"addr":140736917190209,"idx":11},{"addr":140736916798526,"idx":12},{"addr":140736916790798,"idx":13},{"addr":140736917191656,"idx":14},{"addr":140736917190209,"idx":15},{"addr":140736916798526,"idx":16},{"addr":140736916790798,"idx":17},{"addr":140736917165509,"idx":18},{"addr":140736917158036,"idx":19},{"addr":140736917157502,"idx":20},{"addr":140736916971470,"idx":21}],,,,,,,,,17068,,,,,,,,,,,,,,,,,,,,,,,,,,,,,,,,,,,,2240469762,140736868319232,140736868319232,703256,667648,,,,,,,,,,,,,,,,,,,,,,,,,,,,,,,,,,,,,,,,,,,,,,,,,,,,,,,,,,,,,,,,,,,,,,,
"2025-09-02 15:13:17.4798684Z","ETW","Microsoft-Windows-Kernel-Process",5,"ImageLoadInfo ",17068,9820,"Notepad.exe",,,,"C:\Windows\System32\combase.dll",,,,,,,,,,,,[{"addr":140736918203828,"idx":0},{"addr":140736917192506,"idx":1},{"addr":140736917191278,"idx":2},{"addr":140736917190209,"idx":3},{"addr":140736916798526,"idx":4},{"addr":140736916790798,"idx":5},{"addr":140736917191656,"idx":6},{"addr":140736917210764,"idx":7},{"addr":140736917201516,"idx":8},{"addr":140736917258922,"idx":9},{"addr":140736917255216,"idx":10},{"addr":140736917350945,"idx":11},{"addr":140736897083607,"idx":12},{"addr":140736916996940,"idx":13}],,,,,,,,,17068,,,,,,,,,,,,,,,,,,,,,,,,,,,,,,,,,,,,670765882,140736909082624,140736909082624,3776119,3690496,,,,,,,,,,,,,,,,,,,,,,,,,,,,,,,,,,,,,,,,,,,,,,,,,,,,,,,,,,,,,,,,,,,,,,,
"2025-09-02 15:13:17.4800096Z","ETW","Microsoft-Windows-Kernel-Process",5,"ImageLoadInfo ",17068,4848,"Notepad.exe",,,,"C:\Windows\System32\ole32.dll",,,,,,,,,,,,[{"addr":140736918203828,"idx":0},{"addr":140736917192506,"idx":1},{"addr":140736917191278,"idx":2},{"addr":140736917190209,"idx":3},{"addr":140736916798526,"idx":4},{"addr":140736916790798,"idx":5},{"addr":140736917165509,"idx":6},{"addr":140736917158036,"idx":7},{"addr":140736917157502,"idx":8},{"addr":140736916971470,"idx":9}],,,,,,,,,17068,,,,,,,,,,,,,,,,,,,,,,,,,,,,,,,,,,,,916019586,140736897744896,140736897744896,1774113,1703936,,,,,,,,,,,,,,,,,,,,,,,,,,,,,,,,,,,,,,,,,,,,,,,,,,,,,,,,,,,,,,,,,,,,,,,
"2025-09-02 15:13:17.4800945Z","ETW","Microsoft-Windows-Kernel-Process",5,"ImageLoadInfo ",17068,9820,"Notepad.exe",,,,"C:\Windows\System32\rpcrt4.dll",,,,,,,,,,,,[{"addr":140736918203828,"idx":0},{"addr":140736917192506,"idx":1},{"addr":140736917191278,"idx":2},{"addr":140736917190209,"idx":3},{"addr":140736916798526,"idx":4},{"addr":140736916790798,"idx":5},{"addr":140736917191656,"idx":6},{"addr":140736917190209,"idx":7},{"addr":140736916798526,"idx":8},{"addr":140736916790798,"idx":9},{"addr":140736917191656,"idx":10},{"addr":140736917210764,"idx":11},{"addr":140736917201516,"idx":12},{"addr":140736917258922,"idx":13},{"addr":140736917255216,"idx":14},{"addr":140736917350945,"idx":15},{"addr":140736897083607,"idx":16},{"addr":140736916996940,"idx":17}],,,,,,,,,17068,,,,,,,,,,,,,,,,,,,,,,,,,,,,,,,,,,,,755903142,140736881754112,140736881754112,1201440,1146880,,,,,,,,,,,,,,,,,,,,,,,,,,,,,,,,,,,,,,,,,,,,,,,,,,,,,,,,,,,,,,,,,,,,,,,
"2025-09-02 15:13:17.4801791Z","ETW","Microsoft-Antimalware-Engine",59,"Message Info ",1912,10404,"MsMpEng.exe",,,,,,0,"Behavior:Win32/SuspDllSideLoaded.B","0x1A5B3D8FF6402","84db5fe770e0d0198f480427d1ce9babd9f03e0e",,,,,,,[],,,,,,,,,,,,,,,,,,,,,,,,,,,,,,,,,,,,,,,,,,,,,,,,,,,,,,,,,,,,,,,,,,,,,,,,,,,,,,,,,,,,,,,,,,,,,,,,,,,,,,,,,,,,,,,,,,,,,,,,
"2025-09-02 15:13:17.4802406Z","ETW","Microsoft-Windows-Kernel-Process",5,"ImageLoadInfo ",17068,4848,"Notepad.exe",,,,"C:\Windows\System32\shell32.dll",,,,,,,,,,,,[{"addr":140736918203828,"idx":0},{"addr":140736917192506,"idx":1},{"addr":140736917191278,"idx":2},{"addr":140736917190209,"idx":3},{"addr":140736916798526,"idx":4},{"addr":140736916790798,"idx":5},{"addr":140736917165509,"idx":6},{"addr":140736917158036,"idx":7},{"addr":140736917157502,"idx":8},{"addr":140736916971470,"idx":9}],,,,,,,,,17068,,,,,,,,,,,,,,,,,,,,,,,,,,,,,,,,,,,,951285368,140736882933760,140736882933760,7762708,7655424,,,,,,,,,,,,,,,,,,,,,,,,,,,,,,,,,,,,,,,,,,,,,,,,,,,,,,,,,,,,,,,,,,,,,,,
"2025-09-02 15:13:17.4803432Z","ETW","Microsoft-Windows-Kernel-Process",5,"ImageLoadInfo ",17068,9820,"Notepad.exe",,,,"C:\Windows\System32\oleaut32.dll",,,,,,,,,,,,[{"addr":140736918203828,"idx":0},{"addr":140736917192506,"idx":1},{"addr":140736917191278,"idx":2},{"addr":140736917190209,"idx":3},{"addr":140736916798526,"idx":4},{"addr":140736916790798,"idx":5},{"addr":140736917191656,"idx":6},{"addr":140736917210764,"idx":7},{"addr":140736917201516,"idx":8},{"addr":140736917258922,"idx":9},{"addr":140736917255216,"idx":10},{"addr":140736917350945,"idx":11},{"addr":140736897083607,"idx":12},{"addr":140736916996940,"idx":13}],,,,,,,,,17068,,,,,,,,,,,,,,,,,,,,,,,,,,,,,,,,,,,,2785821912,140736894861312,140736894861312,927709,917504,,,,,,,,,,,,,,,,,,,,,,,,,,,,,,,,,,,,,,,,,,,,,,,,,,,,,,,,,,,,,,,,,,,,,,,
"2025-09-02 15:13:17.4804679Z","ETW","Microsoft-Antimalware-Engine",59,"Message Info ",1912,10404,"MsMpEng.exe",,,,,,0,"Behavior:Win32/ExploitAttempt.ZA!dha","0x5BB3C187493B","9b9f35e3b87d39f15df8932701977e1f4f0409c6",,,,,,,[],,,,,,,,,,,,,,,,,,,,,,,,,,,,,,,,,,,,,,,,,,,,,,,,,,,,,,,,,,,,,,,,,,,,,,,,,,,,,,,,,,,,,,,,,,,,,,,,,,,,,,,,,,,,,,,,,,,,,,,,
"2025-09-02 15:13:17.4804936Z","ETW","Microsoft-Windows-Kernel-Process",5,"ImageLoadInfo ",17068,4848,"Notepad.exe",,,,"C:\Windows\System32\WinTypes.dll",,,,,,,,,,,,[{"addr":140736918203828,"idx":0},{"addr":140736917192506,"idx":1},{"addr":140736917191278,"idx":2},{"addr":140736917190209,"idx":3},{"addr":140736916798526,"idx":4},{"addr":140736916790798,"idx":5},{"addr":140736917191656,"idx":6},{"addr":140736917190209,"idx":7},{"addr":140736916798526,"idx":8},{"addr":140736916790798,"idx":9},{"addr":140736917165509,"idx":10},{"addr":140736917158036,"idx":11},{"addr":140736917157502,"idx":12},{"addr":140736916971470,"idx":13}],,,,,,,,,17068,,,,,,,,,,,,,,,,,,,,,,,,,,,,,,,,,,,,3655579039,140736870350848,140736870350848,1545528,1519616,,,,,,,,,,,,,,,,,,,,,,,,,,,,,,,,,,,,,,,,,,,,,,,,,,,,,,,,,,,,,,,,,,,,,,,
"2025-09-02 15:13:17.4806236Z","ETW","Microsoft-Windows-Kernel-Process",5,"ImageLoadInfo ",17068,4848,"Notepad.exe",,,,"C:\Windows\System32\advapi32.dll",,,,,,,,,,,,[{"addr":140736918203828,"idx":0},{"addr":140736917192506,"idx":1},{"addr":140736917191278,"idx":2},{"addr":140736917190209,"idx":3},{"addr":140736916798526,"idx":4},{"addr":140736916790798,"idx":5},{"addr":140736917165509,"idx":6},{"addr":140736917158036,"idx":7},{"addr":140736917157502,"idx":8},{"addr":140736916971470,"idx":9}],,,,,,,,,17068,,,,,,,,,,,,,,,,,,,,,,,,,,,,,,,,,,,,2886261828,140736895844352,140736895844352,804270,737280,,,,,,,,,,,,,,,,,,,,,,,,,,,,,,,,,,,,,,,,,,,,,,,,,,,,,,,,,,,,,,,,,,,,,,,
"2025-09-02 15:13:17.4807837Z","ETW","Microsoft-Windows-Kernel-Process",5,"ImageLoadInfo ",17068,4848,"Notepad.exe",,,,"C:\Windows\System32\msvcrt.dll",,,,,,,,,,,,[{"addr":140736918203828,"idx":0},{"addr":140736917192506,"idx":1},{"addr":140736917191278,"idx":2},{"addr":140736917190209,"idx":3},{"addr":140736916798526,"idx":4},{"addr":140736916790798,"idx":5},{"addr":140736917191656,"idx":6},{"addr":140736917190209,"idx":7},{"addr":140736916798526,"idx":8},{"addr":140736916790798,"idx":9},{"addr":140736917165509,"idx":10},{"addr":140736917158036,"idx":11},{"addr":140736917157502,"idx":12},{"addr":140736916971470,"idx":13}],,,,,,,,,17068,,,,,,,,,,,,,,,,,,,,,,,,,,,,,,,,,,,,2634004398,140736913342464,140736913342464,729924,692224,,,,,,,,,,,,,,,,,,,,,,,,,,,,,,,,,,,,,,,,,,,,,,,,,,,,,,,,,,,,,,,,,,,,,,,
"2025-09-02 15:13:17.4808923Z","ETW","Microsoft-Windows-Kernel-Process",5,"ImageLoadInfo ",17068,4848,"Notepad.exe",,,,"C:\Windows\System32\sechost.dll",,,,,,,,,,,,[{"addr":140736918203828,"idx":0},{"addr":140736917192506,"idx":1},{"addr":140736917191278,"idx":2},{"addr":140736917190209,"idx":3},{"addr":140736916798526,"idx":4},{"addr":140736916790798,"idx":5},{"addr":140736917191656,"idx":6},{"addr":140736917190209,"idx":7},{"addr":140736916798526,"idx":8},{"addr":140736916790798,"idx":9},{"addr":140736917165509,"idx":10},{"addr":140736917158036,"idx":11},{"addr":140736917157502,"idx":12},{"addr":140736916971470,"idx":13}],,,,,,,,,17068,,,,,,,,,,,,,,,,,,,,,,,,,,,,,,,,,,,,918957807,140736881033216,140736881033216,733904,679936,,,,,,,,,,,,,,,,,,,,,,,,,,,,,,,,,,,,,,,,,,,,,,,,,,,,,,,,,,,,,,,,,,,,,,,
"2025-09-02 15:13:17.4809782Z","ETW","Microsoft-Windows-Kernel-Process",3,"ThreadStartStart ",17068,8032,"Notepad.exe",,,,,,,,,,,,,,,,[{"addr":140736918214756,"idx":0},{"addr":140736917257428,"idx":1},{"addr":140736917254706,"idx":2},{"addr":140736917350945,"idx":3},{"addr":140736897083607,"idx":4},{"addr":140736916996940,"idx":5}],,,,,,,,,17068,18446639081570668544,18446639081570643968,140736917348896,0,131192283136,14896,131196780544,131196776448,140736917348896,,,,,,,,,,,,,,,,,,,,,,,,,,,,,,,,,,,,,,,,,,,,,,,,,,,,,,,,,,,,,,,,,,,,,,,,,,,,,,,,,,,,,,,,,,,,,,,,,,,,,,
"2025-09-02 15:13:17.4810331Z","ETW","Microsoft-Windows-Kernel-Process",5,"ImageLoadInfo ",17068,4848,"Notepad.exe",,,,"C:\Windows\System32\shlwapi.dll",,,,,,,,,,,,[{"addr":140736918203828,"idx":0},{"addr":140736917192506,"idx":1},{"addr":140736917191278,"idx":2},{"addr":140736917190209,"idx":3},{"addr":140736916798526,"idx":4},{"addr":140736916790798,"idx":5},{"addr":140736917165509,"idx":6},{"addr":140736917158036,"idx":7},{"addr":140736917157502,"idx":8},{"addr":140736916971470,"idx":9}],,,,,,,,,17068,,,,,,,,,,,,,,,,,,,,,,,,,,,,,,,,,,,,17834217,140736890601472,140736890601472,465141,434176,,,,,,,,,,,,,,,,,,,,,,,,,,,,,,,,,,,,,,,,,,,,,,,,,,,,,,,,,,,,,,,,,,,,,,,
"2025-09-02 15:13:17.4811731Z","ETW","Microsoft-Windows-Kernel-Process",5,"ImageLoadInfo ",17068,4848,"Notepad.exe",,,,"C:\Windows\System32\comdlg32.dll",,,,,,,,,,,,[{"addr":140736918203828,"idx":0},{"addr":140736917192506,"idx":1},{"addr":140736917191278,"idx":2},{"addr":140736917190209,"idx":3},{"addr":140736916798526,"idx":4},{"addr":140736916790798,"idx":5},{"addr":140736917165509,"idx":6},{"addr":140736917158036,"idx":7},{"addr":140736917157502,"idx":8},{"addr":140736916971470,"idx":9}],,,,,,,,,17068,,,,,,,,,,,,,,,,,,,,,,,,,,,,,,,,,,,,2232847580,140736899514368,140736899514368,1033793,1015808,,,,,,,,,,,,,,,,,,,,,,,,,,,,,,,,,,,,,,,,,,,,,,,,,,,,,,,,,,,,,,,,,,,,,,,
"2025-09-02 15:13:17.4813282Z","ETW","Microsoft-Windows-Kernel-Process",5,"ImageLoadInfo ",17068,4848,"Notepad.exe",,,,"C:\Windows\System32\SHCore.dll",,,,,,,,,,,,[{"addr":140736918203828,"idx":0},{"addr":140736917192506,"idx":1},{"addr":140736917191278,"idx":2},{"addr":140736917190209,"idx":3},{"addr":140736916798526,"idx":4},{"addr":140736916790798,"idx":5},{"addr":140736917191656,"idx":6},{"addr":140736917190209,"idx":7},{"addr":140736916798526,"idx":8},{"addr":140736916790798,"idx":9},{"addr":140736917165509,"idx":10},{"addr":140736917158036,"idx":11},{"addr":140736917157502,"idx":12},{"addr":140736916971470,"idx":13}],,,,,,,,,17068,,,,,,,,,,,,,,,,,,,,,,,,,,,,,,,,,,,,742317482,140736902660096,140736902660096,1049363,1003520,,,,,,,,,,,,,,,,,,,,,,,,,,,,,,,,,,,,,,,,,,,,,,,,,,,,,,,,,,,,,,,,,,,,,,,
"2025-09-02 15:13:17.4815426Z","ETW","Microsoft-Windows-Kernel-Process",5,"ImageLoadInfo ",17068,8032,"Notepad.exe",,,,"C:\Program Files\WindowsApps\Microsoft.WindowsAppRuntime.1.7_7000.522.1444.0_x64__8wekyb3d8bbwe\Microsoft.Internal.FrameworkUdk.dll",,,,,,,,,,,,[{"addr":140736918203828,"idx":0},{"addr":140736917192506,"idx":1},{"addr":140736917191278,"idx":2},{"addr":140736917210764,"idx":3},{"addr":140736917201516,"idx":4},{"addr":140736917258922,"idx":5},{"addr":140736917255216,"idx":6},{"addr":140736917350945,"idx":7},{"addr":140736897083607,"idx":8},{"addr":140736916996940,"idx":9}],,,,,,,,,17068,,,,,,,,,,,,,,,,,,,,,,,,,,,,,,,,,,,,1717850315,140734016782336,140734016782336,1031287,1019904,,,,,,,,,,,,,,,,,,,,,,,,,,,,,,,,,,,,,,,,,,,,,,,,,,,,,,,,,,,,,,,,,,,,,,,
"2025-09-02 15:13:17.4818318Z","ETW","Microsoft-Windows-Kernel-Process",5,"ImageLoadInfo ",17068,9820,"Notepad.exe",,,,"C:\Program Files\WindowsApps\Microsoft.WindowsAppRuntime.1.7_7000.522.1444.0_x64__8wekyb3d8bbwe\CoreMessagingXP.dll",,,,,,,,,,,,[{"addr":140736918203828,"idx":0},{"addr":140736917192506,"idx":1},{"addr":140736917191278,"idx":2},{"addr":140736917210764,"idx":3},{"addr":140736917201516,"idx":4},{"addr":140736917258922,"idx":5},{"addr":140736917255216,"idx":6},{"addr":140736917350945,"idx":7},{"addr":140736897083607,"idx":8},{"addr":140736916996940,"idx":9}],,,,,,,,,17068,,,,,,,,,,,,,,,,,,,,,,,,,,,,,,,,,,,,1993379101,140734017830912,140734017830912,1072872,1036288,,,,,,,,,,,,,,,,,,,,,,,,,,,,,,,,,,,,,,,,,,,,,,,,,,,,,,,,,,,,,,,,,,,,,,,
"2025-09-02 15:13:17.4828011Z","ETW","Microsoft-Windows-Kernel-Process",5,"ImageLoadInfo ",17068,9820,"Notepad.exe",,,,"C:\Windows\System32\propsys.dll",,,,,,,,,,,,[{"addr":140736918203828,"idx":0},{"addr":140736917192506,"idx":1},{"addr":140736917191278,"idx":2},{"addr":140736917210764,"idx":3},{"addr":140736917201516,"idx":4},{"addr":140736917258922,"idx":5},{"addr":140736917255216,"idx":6},{"addr":140736917350945,"idx":7},{"addr":140736897083607,"idx":8},{"addr":140736916996940,"idx":9}],,,,,,,,,17068,,,,,,,,,,,,,,,,,,,,,,,,,,,,,,,,,,,,3411663920,140736783384576,140736783384576,1157670,1101824,,,,,,,,,,,,,,,,,,,,,,,,,,,,,,,,,,,,,,,,,,,,,,,,,,,,,,,,,,,,,,,,,,,,,,,
"2025-09-02 15:13:17.4830953Z","ETW","Microsoft-Antimalware-Engine",59,"Message Info ",1912,13020,"MsMpEng.exe",,,,,,0,"Behavior:Win32/SuspDllSideLoaded.B","0x1A5B3D8FF6402","84db5fe770e0d0198f480427d1ce9babd9f03e0e",,,,,,,[],,,,,,,,,,,,,,,,,,,,,,,,,,,,,,,,,,,,,,,,,,,,,,,,,,,,,,,,,,,,,,,,,,,,,,,,,,,,,,,,,,,,,,,,,,,,,,,,,,,,,,,,,,,,,,,,,,,,,,,,
"2025-09-02 15:13:17.4831395Z","ETW","Microsoft-Windows-Kernel-Process",5,"ImageLoadInfo ",17068,4848,"Notepad.exe",,,,"C:\Windows\System32\crypt32.dll",,,,,,,,,,,,[{"addr":140736918203828,"idx":0},{"addr":140736917192506,"idx":1},{"addr":140736917191278,"idx":2},{"addr":140736917190209,"idx":3},{"addr":140736916798526,"idx":4},{"addr":140736916790798,"idx":5},{"addr":140736917165509,"idx":6},{"addr":140736917158036,"idx":7},{"addr":140736917157502,"idx":8},{"addr":140736916971470,"idx":9}],,,,,,,,,17068,,,,,,,,,,,,,,,,,,,,,,,,,,,,,,,,,,,,787559986,140736879067136,140736879067136,1546966,1536000,,,,,,,,,,,,,,,,,,,,,,,,,,,,,,,,,,,,,,,,,,,,,,,,,,,,,,,,,,,,,,,,,,,,,,,
"2025-09-02 15:13:17.4831851Z","ETW","Microsoft-Windows-Kernel-Process",5,"ImageLoadInfo ",17068,8032,"Notepad.exe",,,,"C:\Windows\System32\urlmon.dll",,,,,,,,,,,,[{"addr":140736918203828,"idx":0},{"addr":140736917192506,"idx":1},{"addr":140736917191278,"idx":2},{"addr":140736917210764,"idx":3},{"addr":140736917201516,"idx":4},{"addr":140736917258922,"idx":5},{"addr":140736917255216,"idx":6},{"addr":140736917350945,"idx":7},{"addr":140736897083607,"idx":8},{"addr":140736916996940,"idx":9}],,,,,,,,,17068,,,,,,,,,,,,,,,,,,,,,,,,,,,,,,,,,,,,4167353037,140736735477760,140736735477760,1997412,1986560,,,,,,,,,,,,,,,,,,,,,,,,,,,,,,,,,,,,,,,,,,,,,,,,,,,,,,,,,,,,,,,,,,,,,,,
"2025-09-02 15:13:17.4833532Z","ETW","Microsoft-Antimalware-Engine",59,"Message Info ",1912,13020,"MsMpEng.exe",,,,,,0,"Behavior:Win32/ExploitAttempt.ZA!dha","0x5BB3C187493B","9b9f35e3b87d39f15df8932701977e1f4f0409c6",,,,,,,[],,,,,,,,,,,,,,,,,,,,,,,,,,,,,,,,,,,,,,,,,,,,,,,,,,,,,,,,,,,,,,,,,,,,,,,,,,,,,,,,,,,,,,,,,,,,,,,,,,,,,,,,,,,,,,,,,,,,,,,,
"2025-09-02 15:13:17.4836246Z","ETW","Microsoft-Windows-Kernel-Process",5,"ImageLoadInfo ",17068,9820,"Notepad.exe",,,,"C:\Windows\WinSxS\amd64_microsoft.windows.common-controls_6595b64144ccf1df_6.0.26100.4768_none_3e0c112ce331287c\comctl32.dll",,,,,,,,,,,,[{"addr":140736918203828,"idx":0},{"addr":140736917192506,"idx":1},{"addr":140736917191278,"idx":2},{"addr":140736917210764,"idx":3},{"addr":140736917202269,"idx":4},{"addr":140736917259140,"idx":5},{"addr":140736917255216,"idx":6},{"addr":140736917350945,"idx":7},{"addr":140736897083607,"idx":8},{"addr":140736916996940,"idx":9}],,,,,,,,,17068,,,,,,,,,,,,,,,,,,,,,,,,,,,,,,,,,,,,688105963,140736430997504,140736430997504,2751895,2727936,,,,,,,,,,,,,,,,,,,,,,,,,,,,,,,,,,,,,,,,,,,,,,,,,,,,,,,,,,,,,,,,,,,,,,,
"2025-09-02 15:13:17.4838103Z","ETW","Microsoft-Windows-Kernel-Process",5,"ImageLoadInfo ",17068,14896,"Notepad.exe",,,,"C:\Windows\WinSxS\amd64_microsoft.windows.common-controls_6595b64144ccf1df_6.0.26100.4768_none_3e0c112ce331287c\comctl32.dll",,,,,,,,,,,,[{"addr":140736918203828,"idx":0},{"addr":140736917192506,"idx":1},{"addr":140736917191278,"idx":2},{"addr":140736917210764,"idx":3},{"addr":140736917202269,"idx":4},{"addr":140736917259140,"idx":5},{"addr":140736917255216,"idx":6},{"addr":140736917350945,"idx":7},{"addr":140736897083607,"idx":8},{"addr":140736916996940,"idx":9}],,,,,,,,,17068,,,,,,,,,,,,,,,,,,,,,,,,,,,,,,,,,,,,688105963,2269740400640,2269740400640,2751895,2727936,,,,,,,,,,,,,,,,,,,,,,,,,,,,,,,,,,,,,,,,,,,,,,,,,,,,,,,,,,,,,,,,,,,,,,,
"2025-09-02 15:13:17.4838335Z","ETW","Microsoft-Antimalware-Engine",59,"Message Info ",1912,13020,"MsMpEng.exe",,,,,,0,"Behavior:Win32/SuspDllSideLoaded.B","0x1A5B3D8FF6402","84db5fe770e0d0198f480427d1ce9babd9f03e0e",,,,,,,[],,,,,,,,,,,,,,,,,,,,,,,,,,,,,,,,,,,,,,,,,,,,,,,,,,,,,,,,,,,,,,,,,,,,,,,,,,,,,,,,,,,,,,,,,,,,,,,,,,,,,,,,,,,,,,,,,,,,,,,,
"2025-09-02 15:13:17.4838624Z","ETW","Microsoft-Windows-Kernel-Process",6,"ImageUnloadInfo ",17068,14896,"Notepad.exe",,,,"C:\Windows\WinSxS\amd64_microsoft.windows.common-controls_6595b64144ccf1df_6.0.26100.4768_none_3e0c112ce331287c\comctl32.dll",,,,,,,,,,,,[{"addr":140736918203892,"idx":0},{"addr":140736917192863,"idx":1},{"addr":140736917191278,"idx":2},{"addr":140736917210764,"idx":3},{"addr":140736917202269,"idx":4},{"addr":140736917259140,"idx":5},{"addr":140736917255216,"idx":6},{"addr":140736917350945,"idx":7},{"addr":140736897083607,"idx":8},{"addr":140736916996940,"idx":9}],,,,,,,,,17068,,,,,,,,,,,,,,,,,,,,,,,,,,,,,,,,,,,,688105963,2269740400640,2269740400640,2751895,2740224,,,,,,,,,,,,,,,,,,,,,,,,,,,,,,,,,,,,,,,,,,,,,,,,,,,,,,,,,,,,,,,,,,,,,,,
"2025-09-02 15:13:17.4840234Z","ETW","Microsoft-Windows-Kernel-Process",5,"ImageLoadInfo ",17068,8032,"Notepad.exe",,,,"C:\Windows\System32\winspool.drv",,,,,,,,,,,,[{"addr":140736918203828,"idx":0},{"addr":140736917192506,"idx":1},{"addr":140736917191278,"idx":2},{"addr":140736917210764,"idx":3},{"addr":140736917201516,"idx":4},{"addr":140736917258922,"idx":5},{"addr":140736917255216,"idx":6},{"addr":140736917350945,"idx":7},{"addr":140736897083607,"idx":8},{"addr":140736916996940,"idx":9}],,,,,,,,,17068,,,,,,,,,,,,,,,,,,,,,,,,,,,,,,,,,,,,1648259848,140736392724480,140736392724480,776273,749568,,,,,,,,,,,,,,,,,,,,,,,,,,,,,,,,,,,,,,,,,,,,,,,,,,,,,,,,,,,,,,,,,,,,,,,
"2025-09-02 15:13:17.4840772Z","ETW","Microsoft-Antimalware-Engine",59,"Message Info ",1912,13020,"MsMpEng.exe",,,,,,0,"Behavior:Win32/ExploitAttempt.ZA!dha","0x5BB3C187493B","9b9f35e3b87d39f15df8932701977e1f4f0409c6",,,,,,,[],,,,,,,,,,,,,,,,,,,,,,,,,,,,,,,,,,,,,,,,,,,,,,,,,,,,,,,,,,,,,,,,,,,,,,,,,,,,,,,,,,,,,,,,,,,,,,,,,,,,,,,,,,,,,,,,,,,,,,,,
"2025-09-02 15:13:17.4842338Z","ETW","Microsoft-Windows-Kernel-Process",5,"ImageLoadInfo ",17068,9820,"Notepad.exe",,,,"C:\Windows\System32\dwmapi.dll",,,,,,,,,,,,[{"addr":140736918203828,"idx":0},{"addr":140736917192506,"idx":1},{"addr":140736917191278,"idx":2},{"addr":140736917210764,"idx":3},{"addr":140736917201516,"idx":4},{"addr":140736917258922,"idx":5},{"addr":140736917255216,"idx":6},{"addr":140736917350945,"idx":7},{"addr":140736897083607,"idx":8},{"addr":140736916996940,"idx":9}],,,,,,,,,17068,,,,,,,,,,,,,,,,,,,,,,,,,,,,,,,,,,,,960295296,140736822902784,140736822902784,264900,217088,,,,,,,,,,,,,,,,,,,,,,,,,,,,,,,,,,,,,,,,,,,,,,,,,,,,,,,,,,,,,,,,,,,,,,,
"2025-09-02 15:13:17.4843030Z","ETW","Microsoft-Windows-Kernel-Process",5,"ImageLoadInfo ",17068,14896,"Notepad.exe",,,,"C:\Windows\System32\uxtheme.dll",,,,,,,,,,,,[{"addr":140736918203828,"idx":0},{"addr":140736917192506,"idx":1},{"addr":140736917191278,"idx":2},{"addr":140736917210764,"idx":3},{"addr":140736917201516,"idx":4},{"addr":140736917258922,"idx":5},{"addr":140736917255216,"idx":6},{"addr":140736917350945,"idx":7},{"addr":140736897083607,"idx":8},{"addr":140736916996940,"idx":9}],,,,,,,,,17068,,,,,,,,,,,,,,,,,,,,,,,,,,,,,,,,,,,,1095616687,140736820019200,140736820019200,769574,716800,,,,,,,,,,,,,,,,,,,,,,,,,,,,,,,,,,,,,,,,,,,,,,,,,,,,,,,,,,,,,,,,,,,,,,,
"2025-09-02 15:13:17.4845555Z","ETW","Microsoft-Windows-Kernel-Process",5,"ImageLoadInfo ",17068,8032,"Notepad.exe",,,,"C:\Windows\System32\ntmarta.dll",,,,,,,,,,,,[{"addr":140736918203828,"idx":0},{"addr":140736917192506,"idx":1},{"addr":140736917191278,"idx":2},{"addr":140736917210764,"idx":3},{"addr":140736917202269,"idx":4},{"addr":140736917259140,"idx":5},{"addr":140736917255216,"idx":6},{"addr":140736917350945,"idx":7},{"addr":140736897083607,"idx":8},{"addr":140736916996940,"idx":9}],,,,,,,,,17068,,,,,,,,,,,,,,,,,,,,,,,,,,,,,,,,,,,,2803059627,140736849510400,140736849510400,286201,221184,,,,,,,,,,,,,,,,,,,,,,,,,,,,,,,,,,,,,,,,,,,,,,,,,,,,,,,,,,,,,,,,,,,,,,,
"2025-09-02 15:13:17.4848724Z","ETW","Microsoft-Windows-Kernel-Process",5,"ImageLoadInfo ",17068,14896,"Notepad.exe",,,,"C:\Windows\System32\BCP47Langs.dll",,,,,,,,,,,,[{"addr":140736918203828,"idx":0},{"addr":140736917192506,"idx":1},{"addr":140736917191278,"idx":2},{"addr":140736917210764,"idx":3},{"addr":140736917201516,"idx":4},{"addr":140736917258922,"idx":5},{"addr":140736917255216,"idx":6},{"addr":140736917350945,"idx":7},{"addr":140736897083607,"idx":8},{"addr":140736916996940,"idx":9}],,,,,,,,,17068,,,,,,,,,,,,,,,,,,,,,,,,,,,,,,,,,,,,2655356928,140736705134592,140736705134592,394325,385024,,,,,,,,,,,,,,,,,,,,,,,,,,,,,,,,,,,,,,,,,,,,,,,,,,,,,,,,,,,,,,,,,,,,,,,
"2025-09-02 15:13:17.4850507Z","ETW","Microsoft-Windows-Kernel-Process",5,"ImageLoadInfo ",17068,9820,"Notepad.exe",,,,"C:\Windows\System32\profapi.dll",,,,,,,,,,,,[{"addr":140736918203828,"idx":0},{"addr":140736917192506,"idx":1},{"addr":140736917191278,"idx":2},{"addr":140736917210764,"idx":3},{"addr":140736917201516,"idx":4},{"addr":140736917258922,"idx":5},{"addr":140736917255216,"idx":6},{"addr":140736917350945,"idx":7},{"addr":140736897083607,"idx":8},{"addr":140736916996940,"idx":9}],,,,,,,,,17068,,,,,,,,,,,,,,,,,,,,,,,,,,,,,,,,,,,,2107422311,140736866746368,140736866746368,182967,167936,,,,,,,,,,,,,,,,,,,,,,,,,,,,,,,,,,,,,,,,,,,,,,,,,,,,,,,,,,,,,,,,,,,,,,,
"2025-09-02 15:13:17.4851073Z","ETW","Microsoft-Windows-Kernel-Process",5,"ImageLoadInfo ",17068,8032,"Notepad.exe",,,,"C:\Windows\System32\CoreMessaging.dll",,,,,,,,,,,,[{"addr":140736918203828,"idx":0},{"addr":140736917192506,"idx":1},{"addr":140736917191278,"idx":2},{"addr":140736917210764,"idx":3},{"addr":140736917201516,"idx":4},{"addr":140736917258922,"idx":5},{"addr":140736917255216,"idx":6},{"addr":140736917350945,"idx":7},{"addr":140736897083607,"idx":8},{"addr":140736916996940,"idx":9}],,,,,,,,,17068,,,,,,,,,,,,,,,,,,,,,,,,,,,,,,,,,,,,3802617839,140736813531136,140736813531136,1276090,1200128,,,,,,,,,,,,,,,,,,,,,,,,,,,,,,,,,,,,,,,,,,,,,,,,,,,,,,,,,,,,,,,,,,,,,,,
"2025-09-02 15:13:17.4853745Z","ETW","Microsoft-Windows-Kernel-Process",5,"ImageLoadInfo ",17068,4848,"Notepad.exe",,,,"C:\Windows\System32\icu.dll",,,,,,,,,,,,[{"addr":140736918203828,"idx":0},{"addr":140736917192506,"idx":1},{"addr":140736917191278,"idx":2},{"addr":140736917210764,"idx":3},{"addr":140736917201516,"idx":4},{"addr":140736917258922,"idx":5},{"addr":140736916999751,"idx":6},{"addr":140736917165517,"idx":7},{"addr":140736917158036,"idx":8},{"addr":140736917157502,"idx":9},{"addr":140736916971470,"idx":10}],,,,,,,,,17068,,,,,,,,,,,,,,,,,,,,,,,,,,,,,,,,,,,,3016574355,140736568950784,140736568950784,2809356,2744320,,,,,,,,,,,,,,,,,,,,,,,,,,,,,,,,,,,,,,,,,,,,,,,,,,,,,,,,,,,,,,,,,,,,,,,
"2025-09-02 15:13:17.4857286Z","ETW","Microsoft-Windows-Kernel-Process",5,"ImageLoadInfo ",17068,8032,"Notepad.exe",,,,"C:\Windows\System32\kernel.appcore.dll",,,,,,,,,,,,[{"addr":140736918203828,"idx":0},{"addr":140736917192506,"idx":1},{"addr":140736917191278,"idx":2},{"addr":140736917210764,"idx":3},{"addr":140736917202269,"idx":4},{"addr":140736917259140,"idx":5},{"addr":140736917255216,"idx":6},{"addr":140736917350945,"idx":7},{"addr":140736897083607,"idx":8},{"addr":140736916996940,"idx":9}],,,,,,,,,17068,,,,,,,,,,,,,,,,,,,,,,,,,,,,,,,,,,,,4117383687,140736848265216,140736848265216,158572,110592,,,,,,,,,,,,,,,,,,,,,,,,,,,,,,,,,,,,,,,,,,,,,,,,,,,,,,,,,,,,,,,,,,,,,,,
"2025-09-02 15:13:17.4857752Z","ETW","Microsoft-Windows-Kernel-Process",5,"ImageLoadInfo ",17068,9820,"Notepad.exe",,,,"C:\Windows\System32\kernel.appcore.dll",,,,,,,,,,,,[{"addr":140736918203828,"idx":0},{"addr":140736917192506,"idx":1},{"addr":140736917191278,"idx":2},{"addr":140736917210764,"idx":3},{"addr":140736917202269,"idx":4},{"addr":140736917259140,"idx":5},{"addr":140736917255216,"idx":6},{"addr":140736917350945,"idx":7},{"addr":140736897083607,"idx":8},{"addr":140736916996940,"idx":9}],,,,,,,,,17068,,,,,,,,,,,,,,,,,,,,,,,,,,,,,,,,,,,,4117383687,2269740400640,2269740400640,158572,110592,,,,,,,,,,,,,,,,,,,,,,,,,,,,,,,,,,,,,,,,,,,,,,,,,,,,,,,,,,,,,,,,,,,,,,,
"2025-09-02 15:13:17.4858367Z","ETW","Microsoft-Windows-Kernel-Process",6,"ImageUnloadInfo ",17068,9820,"Notepad.exe",,,,"C:\Windows\System32\kernel.appcore.dll",,,,,,,,,,,,[{"addr":140736918203892,"idx":0},{"addr":140736917192863,"idx":1},{"addr":140736917191278,"idx":2},{"addr":140736917210764,"idx":3},{"addr":140736917202269,"idx":4},{"addr":140736917259140,"idx":5},{"addr":140736917255216,"idx":6},{"addr":140736917350945,"idx":7},{"addr":140736897083607,"idx":8},{"addr":140736916996940,"idx":9}],,,,,,,,,17068,,,,,,,,,,,,,,,,,,,,,,,,,,,,,,,,,,,,4117383687,2269740400640,2269740400640,158572,122880,,,,,,,,,,,,,,,,,,,,,,,,,,,,,,,,,,,,,,,,,,,,,,,,,,,,,,,,,,,,,,,,,,,,,,,
"2025-09-02 15:13:17.4860092Z","ETW","Microsoft-Windows-Kernel-Process",5,"ImageLoadInfo ",17068,4848,"Notepad.exe",,,,"C:\Windows\System32\kernel.appcore.dll",,,,,,,,,,,,[{"addr":140736918203828,"idx":0},{"addr":140736917192506,"idx":1},{"addr":140736917191278,"idx":2},{"addr":140736917210764,"idx":3},{"addr":140736917202269,"idx":4},{"addr":140736917259140,"idx":5},{"addr":140736916999751,"idx":6},{"addr":140736917165517,"idx":7},{"addr":140736917158036,"idx":8},{"addr":140736917157502,"idx":9},{"addr":140736916971470,"idx":10}],,,,,,,,,17068,,,,,,,,,,,,,,,,,,,,,,,,,,,,,,,,,,,,4117383687,2269740400640,2269740400640,158572,110592,,,,,,,,,,,,,,,,,,,,,,,,,,,,,,,,,,,,,,,,,,,,,,,,,,,,,,,,,,,,,,,,,,,,,,,
"2025-09-02 15:13:17.4860581Z","ETW","Microsoft-Windows-Kernel-Process",6,"ImageUnloadInfo ",17068,4848,"Notepad.exe",,,,"C:\Windows\System32\kernel.appcore.dll",,,,,,,,,,,,[{"addr":140736918203892,"idx":0},{"addr":140736917192863,"idx":1},{"addr":140736917191278,"idx":2},{"addr":140736917210764,"idx":3},{"addr":140736917202269,"idx":4},{"addr":140736917259140,"idx":5},{"addr":140736916999751,"idx":6},{"addr":140736917165517,"idx":7},{"addr":140736917158036,"idx":8},{"addr":140736917157502,"idx":9},{"addr":140736916971470,"idx":10}],,,,,,,,,17068,,,,,,,,,,,,,,,,,,,,,,,,,,,,,,,,,,,,4117383687,2269740400640,2269740400640,158572,122880,,,,,,,,,,,,,,,,,,,,,,,,,,,,,,,,,,,,,,,,,,,,,,,,,,,,,,,,,,,,,,,,,,,,,,,
"2025-09-02 15:13:17.4862302Z","ETW","Microsoft-Windows-Kernel-Process",5,"ImageLoadInfo ",17068,9820,"Notepad.exe",,,,"C:\Windows\System32\dcomp.dll",,,,,,,,,,,,[{"addr":140736918203828,"idx":0},{"addr":140736917192506,"idx":1},{"addr":140736917191278,"idx":2},{"addr":140736917210764,"idx":3},{"addr":140736917201516,"idx":4},{"addr":140736917258922,"idx":5},{"addr":140736917255216,"idx":6},{"addr":140736917350945,"idx":7},{"addr":140736897083607,"idx":8},{"addr":140736916996940,"idx":9}],,,,,,,,,17068,,,,,,,,,,,,,,,,,,,,,,,,,,,,,,,,,,,,3115286930,140736806715392,140736806715392,2336173,2269184,,,,,,,,,,,,,,,,,,,,,,,,,,,,,,,,,,,,,,,,,,,,,,,,,,,,,,,,,,,,,,,,,,,,,,,
"2025-09-02 15:13:17.4865373Z","ETW","Microsoft-Windows-Kernel-Process",5,"ImageLoadInfo ",17068,14896,"Notepad.exe",,,,"C:\Windows\System32\kernel.appcore.dll",,,,,,,,,,,,[{"addr":140736918203828,"idx":0},{"addr":140736917192506,"idx":1},{"addr":140736917191278,"idx":2},{"addr":140736917210764,"idx":3},{"addr":140736917202269,"idx":4},{"addr":140736917259140,"idx":5},{"addr":140736917255216,"idx":6},{"addr":140736917350945,"idx":7},{"addr":140736897083607,"idx":8},{"addr":140736916996940,"idx":9}],,,,,,,,,17068,,,,,,,,,,,,,,,,,,,,,,,,,,,,,,,,,,,,4117383687,2269740400640,2269740400640,158572,110592,,,,,,,,,,,,,,,,,,,,,,,,,,,,,,,,,,,,,,,,,,,,,,,,,,,,,,,,,,,,,,,,,,,,,,,
"2025-09-02 15:13:17.4865443Z","ETW","Microsoft-Windows-Kernel-Process",5,"ImageLoadInfo ",17068,4848,"Notepad.exe",,,,"C:\Program Files\WindowsApps\Microsoft.VCLibs.140.00.UWPDesktop_14.0.33728.0_x64__8wekyb3d8bbwe\msvcp140_atomic_wait.dll",,,,,,,,,,,,[{"addr":140736918203828,"idx":0},{"addr":140736917192506,"idx":1},{"addr":140736917191278,"idx":2},{"addr":140736917210764,"idx":3},{"addr":140736917201516,"idx":4},{"addr":140736917258922,"idx":5},{"addr":140736916999751,"idx":6},{"addr":140736917165517,"idx":7},{"addr":140736917158036,"idx":8},{"addr":140736917157502,"idx":9},{"addr":140736916971470,"idx":10}],,,,,,,,,17068,,,,,,,,,,,,,,,,,,,,,,,,,,,,,,,,,,,,1625823556,140735837175808,140735837175808,60856,81920,,,,,,,,,,,,,,,,,,,,,,,,,,,,,,,,,,,,,,,,,,,,,,,,,,,,,,,,,,,,,,,,,,,,,,,
"2025-09-02 15:13:17.4865577Z","ETW","Microsoft-Windows-Kernel-Process",5,"ImageLoadInfo ",17068,8032,"Notepad.exe",,,,"C:\Program Files\WindowsApps\Microsoft.VCLibs.140.00.UWPDesktop_14.0.33728.0_x64__8wekyb3d8bbwe\msvcp140.dll",,,,,,,,,,,,[{"addr":140736918203828,"idx":0},{"addr":140736917192506,"idx":1},{"addr":140736917191278,"idx":2},{"addr":140736917210764,"idx":3},{"addr":140736917201516,"idx":4},{"addr":140736917258922,"idx":5},{"addr":140736917255216,"idx":6},{"addr":140736917350945,"idx":7},{"addr":140736897083607,"idx":8},{"addr":140736916996940,"idx":9}],,,,,,,,,17068,,,,,,,,,,,,,,,,,,,,,,,,,,,,,,,,,,,,2926311296,140736645562368,140736645562368,603644,577536,,,,,,,,,,,,,,,,,,,,,,,,,,,,,,,,,,,,,,,,,,,,,,,,,,,,,,,,,,,,,,,,,,,,,,,
"2025-09-02 15:13:17.4866408Z","ETW","Microsoft-Windows-Kernel-Process",6,"ImageUnloadInfo ",17068,14896,"Notepad.exe",,,,"C:\Windows\System32\kernel.appcore.dll",,,,,,,,,,,,[{"addr":140736918203892,"idx":0},{"addr":140736917192863,"idx":1},{"addr":140736917191278,"idx":2},{"addr":140736917210764,"idx":3},{"addr":140736917202269,"idx":4},{"addr":140736917259140,"idx":5},{"addr":140736917255216,"idx":6},{"addr":140736917350945,"idx":7},{"addr":140736897083607,"idx":8},{"addr":140736916996940,"idx":9}],,,,,,,,,17068,,,,,,,,,,,,,,,,,,,,,,,,,,,,,,,,,,,,4117383687,2269740400640,2269740400640,158572,122880,,,,,,,,,,,,,,,,,,,,,,,,,,,,,,,,,,,,,,,,,,,,,,,,,,,,,,,,,,,,,,,,,,,,,,,
"2025-09-02 15:13:17.4867761Z","ETW","Microsoft-Windows-Kernel-Process",5,"ImageLoadInfo ",17068,9820,"Notepad.exe",,,,"C:\Program Files\WindowsApps\Microsoft.VCLibs.140.00.UWPDesktop_14.0.33728.0_x64__8wekyb3d8bbwe\vcruntime140_1.dll",,,,,,,,,,,,[{"addr":140736918203828,"idx":0},{"addr":140736917192506,"idx":1},{"addr":140736917191278,"idx":2},{"addr":140736917210764,"idx":3},{"addr":140736917201516,"idx":4},{"addr":140736917258922,"idx":5},{"addr":140736917255216,"idx":6},{"addr":140736917350945,"idx":7},{"addr":140736897083607,"idx":8},{"addr":140736916996940,"idx":9}],,,,,,,,,17068,,,,,,,,,,,,,,,,,,,,,,,,,,,,,,,,,,,,1073573567,140736817594368,140736817594368,66730,49152,,,,,,,,,,,,,,,,,,,,,,,,,,,,,,,,,,,,,,,,,,,,,,,,,,,,,,,,,,,,,,,,,,,,,,,
"2025-09-02 15:13:17.4869744Z","ETW","Microsoft-Windows-Kernel-Process",5,"ImageLoadInfo ",17068,4848,"Notepad.exe",,,,"C:\Program Files\WindowsApps\Microsoft.VCLibs.140.00.UWPDesktop_14.0.33728.0_x64__8wekyb3d8bbwe\vcruntime140.dll",,,,,,,,,,,,[{"addr":140736918203828,"idx":0},{"addr":140736917192506,"idx":1},{"addr":140736917191278,"idx":2},{"addr":140736917210764,"idx":3},{"addr":140736917201516,"idx":4},{"addr":140736917258922,"idx":5},{"addr":140736916999751,"idx":6},{"addr":140736917165517,"idx":7},{"addr":140736917158036,"idx":8},{"addr":140736917157502,"idx":9},{"addr":140736916971470,"idx":10}],,,,,,,,,17068,,,,,,,,,,,,,,,,,,,,,,,,,,,,,,,,,,,,4092127091,140736314277888,140736314277888,171050,122880,,,,,,,,,,,,,,,,,,,,,,,,,,,,,,,,,,,,,,,,,,,,,,,,,,,,,,,,,,,,,,,,,,,,,,,
"2025-09-02 15:13:17.4869753Z","ETW","Microsoft-Windows-Kernel-Process",5,"ImageLoadInfo ",17068,8032,"Notepad.exe",,,,"C:\Windows\System32\windows.storage.dll",,,,,,,,,,,,[{"addr":140736918203828,"idx":0},{"addr":140736917192506,"idx":1},{"addr":140736917191278,"idx":2},{"addr":140736917210764,"idx":3},{"addr":140736917202269,"idx":4},{"addr":140736917259140,"idx":5},{"addr":140736917255216,"idx":6},{"addr":140736917350945,"idx":7},{"addr":140736897083607,"idx":8},{"addr":140736916996940,"idx":9}],,,,,,,,,17068,,,,,,,,,,,,,,,,,,,,,,,,,,,,,,,,,,,,156427775,140736830046208,140736830046208,8870321,8781824,,,,,,,,,,,,,,,,,,,,,,,,,,,,,,,,,,,,,,,,,,,,,,,,,,,,,,,,,,,,,,,,,,,,,,,
"2025-09-02 15:13:17.4870222Z","ETW","Microsoft-Antimalware-Engine",59,"Message Info ",1912,13020,"MsMpEng.exe",,,,,,0,"!BMGroup:DridexVulnDlls.A","0x195B3BF987774","01184f82067d771b42525bbf6c6541ec7a8114a3",,,,,,,[],,,,,,,,,,,,,,,,,,,,,,,,,,,,,,,,,,,,,,,,,,,,,,,,,,,,,,,,,,,,,,,,,,,,,,,,,,,,,,,,,,,,,,,,,,,,,,,,,,,,,,,,,,,,,,,,,,,,,,,,
"2025-09-02 15:13:17.4872643Z","ETW","Microsoft-Antimalware-Engine",59,"Message Info ",1912,13020,"MsMpEng.exe",,,,,,0,"Behavior:Win32/ExploitAttempt.ZA!dha","0x5BB3C187493B","9b9f35e3b87d39f15df8932701977e1f4f0409c6",,,,,,,[],,,,,,,,,,,,,,,,,,,,,,,,,,,,,,,,,,,,,,,,,,,,,,,,,,,,,,,,,,,,,,,,,,,,,,,,,,,,,,,,,,,,,,,,,,,,,,,,,,,,,,,,,,,,,,,,,,,,,,,,
"2025-09-02 15:13:17.4873897Z","ETW","Microsoft-Windows-Kernel-Process",5,"ImageLoadInfo ",17068,9820,"Notepad.exe",,,,"C:\Windows\System32\cfgmgr32.dll",,,,,,,,,,,,[{"addr":140736918203828,"idx":0},{"addr":140736917192506,"idx":1},{"addr":140736917191278,"idx":2},{"addr":140736917210764,"idx":3},{"addr":140736917202269,"idx":4},{"addr":140736917259140,"idx":5},{"addr":140736917255216,"idx":6},{"addr":140736917350945,"idx":7},{"addr":140736897083607,"idx":8},{"addr":140736916996940,"idx":9}],,,,,,,,,17068,,,,,,,,,,,,,,,,,,,,,,,,,,,,,,,,,,,,836129831,140736862748672,140736862748672,378754,356352,,,,,,,,,,,,,,,,,,,,,,,,,,,,,,,,,,,,,,,,,,,,,,,,,,,,,,,,,,,,,,,,,,,,,,,
"2025-09-02 15:13:17.4876555Z","ETW","Microsoft-Windows-Kernel-Process",5,"ImageLoadInfo ",17068,4848,"Notepad.exe",,,,"C:\Windows\System32\Microsoft.Internal.WarpPal.dll",,,,,,,,,,,,[{"addr":140736918203828,"idx":0},{"addr":140736917192506,"idx":1},{"addr":140736917191278,"idx":2},{"addr":140736917210764,"idx":3},{"addr":140736917201516,"idx":4},{"addr":140736917258922,"idx":5},{"addr":140736916999751,"idx":6},{"addr":140736917165517,"idx":7},{"addr":140736917158036,"idx":8},{"addr":140736917157502,"idx":9},{"addr":140736916971470,"idx":10}],,,,,,,,,17068,,,,,,,,,,,,,,,,,,,,,,,,,,,,,,,,,,,,2132685858,140736790986752,140736790986752,167600,102400,,,,,,,,,,,,,,,,,,,,,,,,,,,,,,,,,,,,,,,,,,,,,,,,,,,,,,,,,,,,,,,,,,,,,,,
"2025-09-02 15:13:17.4880804Z","ETW","Microsoft-Windows-Kernel-Process",5,"ImageLoadInfo ",17068,14896,"Notepad.exe",,,,"C:\Windows\System32\iertutil.dll",,,,,,,,,,,,[{"addr":140736918203828,"idx":0},{"addr":140736917192506,"idx":1},{"addr":140736917191278,"idx":2},{"addr":140736917210764,"idx":3},{"addr":140736917201516,"idx":4},{"addr":140736917258922,"idx":5},{"addr":140736917255216,"idx":6},{"addr":140736917350945,"idx":7},{"addr":140736897083607,"idx":8},{"addr":140736916996940,"idx":9}],,,,,,,,,17068,,,,,,,,,,,,,,,,,,,,,,,,,,,,,,,,,,,,4273941920,140736732528640,140736732528640,2989039,2924544,,,,,,,,,,,,,,,,,,,,,,,,,,,,,,,,,,,,,,,,,,,,,,,,,,,,,,,,,,,,,,,,,,,,,,,
"2025-09-02 15:13:17.4886335Z","ETW","Microsoft-Windows-Kernel-Process",5,"ImageLoadInfo ",17068,8032,"Notepad.exe",,,,"C:\Windows\System32\netutils.dll",,,,,,,,,,,,[{"addr":140736918203828,"idx":0},{"addr":140736917192506,"idx":1},{"addr":140736917191278,"idx":2},{"addr":140736917210764,"idx":3},{"addr":140736917201516,"idx":4},{"addr":140736917258922,"idx":5},{"addr":140736917255216,"idx":6},{"addr":140736917350945,"idx":7},{"addr":140736897083607,"idx":8},{"addr":140736916996940,"idx":9}],,,,,,,,,17068,,,,,,,,,,,,,,,,,,,,,,,,,,,,,,,,,,,,865845000,140736841973760,140736841973760,80696,53248,,,,,,,,,,,,,,,,,,,,,,,,,,,,,,,,,,,,,,,,,,,,,,,,,,,,,,,,,,,,,,,,,,,,,,,
"2025-09-02 15:13:17.4887132Z","ETW","Microsoft-Windows-Kernel-Process",5,"ImageLoadInfo ",17068,9820,"Notepad.exe",,,,"C:\Windows\System32\srvcli.dll",,,,,,,,,,,,[{"addr":140736918203828,"idx":0},{"addr":140736917192506,"idx":1},{"addr":140736917191278,"idx":2},{"addr":140736917210764,"idx":3},{"addr":140736917201516,"idx":4},{"addr":140736917258922,"idx":5},{"addr":140736917255216,"idx":6},{"addr":140736917350945,"idx":7},{"addr":140736897083607,"idx":8},{"addr":140736916996940,"idx":9}],,,,,,,,,17068,,,,,,,,,,,,,,,,,,,,,,,,,,,,,,,,,,,,239922031,140736732135424,140736732135424,181029,167936,,,,,,,,,,,,,,,,,,,,,,,,,,,,,,,,,,,,,,,,,,,,,,,,,,,,,,,,,,,,,,,,,,,,,,,
"2025-09-02 15:13:17.4899557Z","ETW","Microsoft-Antimalware-Engine",59,"Message Info ",1912,22008,"MsMpEng.exe",,,,,,0,"!BMGroup:DridexVulnDlls.A","0x195B3BF987774","01184f82067d771b42525bbf6c6541ec7a8114a3",,,,,,,[],,,,,,,,,,,,,,,,,,,,,,,,,,,,,,,,,,,,,,,,,,,,,,,,,,,,,,,,,,,,,,,,,,,,,,,,,,,,,,,,,,,,,,,,,,,,,,,,,,,,,,,,,,,,,,,,,,,,,,,,
"2025-09-02 15:13:17.4901861Z","ETW","Microsoft-Antimalware-Engine",59,"Message Info ",1912,22008,"MsMpEng.exe",,,,,,0,"Behavior:Win32/ExploitAttempt.ZA!dha","0x5BB3C187493B","9b9f35e3b87d39f15df8932701977e1f4f0409c6",,,,,,,[],,,,,,,,,,,,,,,,,,,,,,,,,,,,,,,,,,,,,,,,,,,,,,,,,,,,,,,,,,,,,,,,,,,,,,,,,,,,,,,,,,,,,,,,,,,,,,,,,,,,,,,,,,,,,,,,,,,,,,,,
"2025-09-02 15:13:17.4908487Z","ETW","Microsoft-Windows-Kernel-Process",5,"ImageLoadInfo ",17068,4848,"Notepad.exe",,,,"C:\Windows\System32\imm32.dll",,,,,,,,,,,,[{"addr":140736918203828,"idx":0},{"addr":140736917192506,"idx":1},{"addr":140736917191278,"idx":2},{"addr":140736917190209,"idx":3},{"addr":140736916804181,"idx":4},{"addr":140736916785218,"idx":5},{"addr":140736916784352,"idx":6},{"addr":140736917101952,"idx":7},{"addr":140736872000198,"idx":8},{"addr":140736914283356,"idx":9},{"addr":140736914516183,"idx":10},{"addr":140736918195438,"idx":11},{"addr":140736917219838,"idx":12},{"addr":140736917215596,"idx":13},{"addr":140736916995194,"idx":14},{"addr":140736916995238,"idx":15},{"addr":140736916995238,"idx":16},{"addr":140736916995238,"idx":17},{"addr":140736916995238,"idx":18},{"addr":140736917165788,"idx":19},{"addr":140736917158036,"idx":20},{"addr":140736917157502,"idx":21},{"addr":140736916971470,"idx":22}],,,,,,,,,17068,,,,,,,,,,,,,,,,,,,,,,,,,,,,,,,,,,,,2763417762,140736896630784,140736896630784,237947,192512,,,,,,,,,,,,,,,,,,,,,,,,,,,,,,,,,,,,,,,,,,,,,,,,,,,,,,,,,,,,,,,,,,,,,,,
"2025-09-02 15:13:17.4911299Z","ETW","Microsoft-Antimalware-Engine",59,"Message Info ",1912,22008,"MsMpEng.exe",,,,,,0,"Behavior:Win32/SuspDllSideLoaded.B","0x1A5B3D8FF6402","84db5fe770e0d0198f480427d1ce9babd9f03e0e",,,,,,,[],,,,,,,,,,,,,,,,,,,,,,,,,,,,,,,,,,,,,,,,,,,,,,,,,,,,,,,,,,,,,,,,,,,,,,,,,,,,,,,,,,,,,,,,,,,,,,,,,,,,,,,,,,,,,,,,,,,,,,,,
"2025-09-02 15:13:17.4913573Z","ETW","Microsoft-Antimalware-Engine",59,"Message Info ",1912,22008,"MsMpEng.exe",,,,,,0,"Behavior:Win32/ExploitAttempt.ZA!dha","0x5BB3C187493B","9b9f35e3b87d39f15df8932701977e1f4f0409c6",,,,,,,[],,,,,,,,,,,,,,,,,,,,,,,,,,,,,,,,,,,,,,,,,,,,,,,,,,,,,,,,,,,,,,,,,,,,,,,,,,,,,,,,,,,,,,,,,,,,,,,,,,,,,,,,,,,,,,,,,,,,,,,,
"2025-09-02 15:13:17.4924630Z","ETW","Microsoft-Antimalware-Engine",59,"Message Info ",1912,22008,"MsMpEng.exe",,,,,,0,"Behavior:Win32/SuspDllSideLoaded.B","0x1A5B3D8FF6402","84db5fe770e0d0198f480427d1ce9babd9f03e0e",,,,,,,[],,,,,,,,,,,,,,,,,,,,,,,,,,,,,,,,,,,,,,,,,,,,,,,,,,,,,,,,,,,,,,,,,,,,,,,,,,,,,,,,,,,,,,,,,,,,,,,,,,,,,,,,,,,,,,,,,,,,,,,,
"2025-09-02 15:13:17.4927263Z","ETW","Microsoft-Antimalware-Engine",59,"Message Info ",1912,22008,"MsMpEng.exe",,,,,,0,"Behavior:Win32/ExploitAttempt.ZA!dha","0x5BB3C187493B","9b9f35e3b87d39f15df8932701977e1f4f0409c6",,,,,,,[],,,,,,,,,,,,,,,,,,,,,,,,,,,,,,,,,,,,,,,,,,,,,,,,,,,,,,,,,,,,,,,,,,,,,,,,,,,,,,,,,,,,,,,,,,,,,,,,,,,,,,,,,,,,,,,,,,,,,,,,
"2025-09-02 15:13:17.4931358Z","ETW","Microsoft-Windows-Kernel-Process",5,"ImageLoadInfo ",17068,4848,"Notepad.exe",,,,"C:\Windows\System32\Microsoft.Internal.FrameworkUdk.System.dll",,,,,,,,,,,,[{"addr":140736918203828,"idx":0},{"addr":140736917192506,"idx":1},{"addr":140736917191278,"idx":2},{"addr":140736917210764,"idx":3},{"addr":140736917201516,"idx":4},{"addr":140736917258922,"idx":5},{"addr":140736916785248,"idx":6},{"addr":140736916784352,"idx":7},{"addr":140736917101952,"idx":8},{"addr":140736872000198,"idx":9},{"addr":140734017342296,"idx":10},{"addr":140734017342565,"idx":11},{"addr":140734016798246,"idx":12},{"addr":140736918195438,"idx":13},{"addr":140736917219838,"idx":14},{"addr":140736917215596,"idx":15},{"addr":140736916995194,"idx":16},{"addr":140736916995238,"idx":17},{"addr":140736916995238,"idx":18},{"addr":140736916995238,"idx":19},{"addr":140736917165788,"idx":20},{"addr":140736917158036,"idx":21},{"addr":140736917157502,"idx":22},{"addr":140736916971470,"idx":23}],,,,,,,,,17068,,,,,,,,,,,,,,,,,,,,,,,,,,,,,,,,,,,,2172863161,140736350388224,140736350388224,784652,737280,,,,,,,,,,,,,,,,,,,,,,,,,,,,,,,,,,,,,,,,,,,,,,,,,,,,,,,,,,,,,,,,,,,,,,,
"2025-09-02 15:13:17.4932292Z","ETW","Microsoft-Antimalware-Engine",59,"Message Info ",1912,22008,"MsMpEng.exe",,,,,,0,"Behavior:Win32/SuspDllSideLoaded.B","0x1A5B3D8FF6402","84db5fe770e0d0198f480427d1ce9babd9f03e0e",,,,,,,[],,,,,,,,,,,,,,,,,,,,,,,,,,,,,,,,,,,,,,,,,,,,,,,,,,,,,,,,,,,,,,,,,,,,,,,,,,,,,,,,,,,,,,,,,,,,,,,,,,,,,,,,,,,,,,,,,,,,,,,,
"2025-09-02 15:13:17.4934618Z","ETW","Microsoft-Antimalware-Engine",59,"Message Info ",1912,22008,"MsMpEng.exe",,,,,,0,"Behavior:Win32/ExploitAttempt.ZA!dha","0x5BB3C187493B","9b9f35e3b87d39f15df8932701977e1f4f0409c6",,,,,,,[],,,,,,,,,,,,,,,,,,,,,,,,,,,,,,,,,,,,,,,,,,,,,,,,,,,,,,,,,,,,,,,,,,,,,,,,,,,,,,,,,,,,,,,,,,,,,,,,,,,,,,,,,,,,,,,,,,,,,,,,
"2025-09-02 15:13:17.4941274Z","ETW","Microsoft-Antimalware-Engine",59,"Message Info ",1912,22008,"MsMpEng.exe",,,,,,0,"Behavior:Win32/SuspDllSideLoaded.B","0x1A5B3D8FF6402","84db5fe770e0d0198f480427d1ce9babd9f03e0e",,,,,,,[],,,,,,,,,,,,,,,,,,,,,,,,,,,,,,,,,,,,,,,,,,,,,,,,,,,,,,,,,,,,,,,,,,,,,,,,,,,,,,,,,,,,,,,,,,,,,,,,,,,,,,,,,,,,,,,,,,,,,,,,
"2025-09-02 15:13:17.4943555Z","ETW","Microsoft-Antimalware-Engine",59,"Message Info ",1912,22008,"MsMpEng.exe",,,,,,0,"Behavior:Win32/ExploitAttempt.ZA!dha","0x5BB3C187493B","9b9f35e3b87d39f15df8932701977e1f4f0409c6",,,,,,,[],,,,,,,,,,,,,,,,,,,,,,,,,,,,,,,,,,,,,,,,,,,,,,,,,,,,,,,,,,,,,,,,,,,,,,,,,,,,,,,,,,,,,,,,,,,,,,,,,,,,,,,,,,,,,,,,,,,,,,,,
"2025-09-02 15:13:17.4950432Z","ETW","Microsoft-Antimalware-Engine",111,"Behavior Monitoring BmNotificationHandleStart",15112,22008,"Notepad.exe",,,,,,,,,,,,,,,,[],,,,,,,,,,,,,,,,,,,,,,,,,,,,,,,,,,,,,,,,,,,,,,,,,,,,,,,,,,,,,,,,,,,,,,,,,,,,,,,,,16426,3935856,1,,,,,,,,,,,,,,,,,,,,,,,,,,,,,,,,,,,,,
"2025-09-02 15:13:17.4950460Z","ETW","Microsoft-Antimalware-Engine",112,"Behavior Monitoring BmNotificationHandleStop",15112,22008,"Notepad.exe",,,,,,,,,,,,,,,,[],,,,,,,,,,,,,,,,,,,,,,,,,,,,,,,,,,,,,,,,,,,,,,,,,,,,,,,,,,,,,,,,,,,,,,,,,,,,,,,,,16426,3935856,1,false,false,0,,,,,,,,,,,,,,,,,,,,,,,,,,,,,,,,,,
"2025-09-02 15:13:17.4963572Z","ETW","Microsoft-Windows-Kernel-Process",5,"ImageLoadInfo ",17068,4848,"Notepad.exe",,,,"C:\Windows\System32\bcryptprimitives.dll",,,,,,,,,,,,[{"addr":140736918203828,"idx":0},{"addr":140736917192506,"idx":1},{"addr":140736917191278,"idx":2},{"addr":140736917190209,"idx":3},{"addr":140736916804181,"idx":4},{"addr":140736916785218,"idx":5},{"addr":140736916786774,"idx":6},{"addr":140736917021315,"idx":7},{"addr":140736917023197,"idx":8},{"addr":140736882386290,"idx":9},{"addr":140736882460095,"idx":10},{"addr":140736881997317,"idx":11},{"addr":140736909937766,"idx":12},{"addr":140736909936267,"idx":13},{"addr":140736909935376,"idx":14},{"addr":140736909934840,"idx":15},{"addr":140736909929135,"idx":16},{"addr":140736909926457,"idx":17},{"addr":140696713006689,"idx":18},{"addr":140696713155131,"idx":19},{"addr":140696712988565,"idx":20},{"addr":140736876766998,"idx":21},{"addr":140696714194616,"idx":22},{"addr":140736897083607,"idx":23},{"addr":140736916996940,"idx":24}],,,,,,,,,17068,,,,,,,,,,,,,,,,,,,,,,,,,,,,,,,,,,,,3318233078,140736867663872,140736867663872,705120,626688,,,,,,,,,,,,,,,,,,,,,,,,,,,,,,,,,,,,,,,,,,,,,,,,,,,,,,,,,,,,,,,,,,,,,,,
"2025-09-02 15:13:17.4968563Z","ETW","Microsoft-Windows-Kernel-Process",5,"ImageLoadInfo ",17068,4848,"Notepad.exe",,,,"C:\Windows\System32\clbcatq.dll",,,,,,,,,,,,[{"addr":140736918203828,"idx":0},{"addr":140736917192506,"idx":1},{"addr":140736917191278,"idx":2},{"addr":140736917190209,"idx":3},{"addr":140736916804181,"idx":4},{"addr":140736916785218,"idx":5},{"addr":140736916786774,"idx":6},{"addr":140736917021315,"idx":7},{"addr":140736917023197,"idx":8},{"addr":140736910389554,"idx":9},{"addr":140736910688281,"idx":10},{"addr":140736910347186,"idx":11},{"addr":140736911036234,"idx":12},{"addr":140736909566763,"idx":13},{"addr":140736909524306,"idx":14},{"addr":140736909523551,"idx":15},{"addr":140696713006704,"idx":16},{"addr":140696713155131,"idx":17},{"addr":140696712988565,"idx":18},{"addr":140736876766998,"idx":19},{"addr":140696714194616,"idx":20},{"addr":140736897083607,"idx":21},{"addr":140736916996940,"idx":22}],,,,,,,,,17068,,,,,,,,,,,,,,,,,,,,,,,,,,,,,,,,,,,,1600192633,140736892108800,140736892108800,700133,688128,,,,,,,,,,,,,,,,,,,,,,,,,,,,,,,,,,,,,,,,,,,,,,,,,,,,,,,,,,,,,,,,,,,,,,,
"2025-09-02 15:13:17.4975879Z","ETW","Microsoft-Windows-Kernel-Audit-API-Calls",5,"Info ",17068,4848,"Notepad.exe",,,,,,,,,,,,,,,,[{"addr":140736918203764,"idx":0},{"addr":140736872731894,"idx":1},{"addr":140696713424360,"idx":2},{"addr":140696713433271,"idx":3},{"addr":140696713578297,"idx":4},{"addr":140696714194754,"idx":5},{"addr":140736897083607,"idx":6},{"addr":140736916996940,"idx":7}],,,,,,,,,,,,,,,,,,,64,0,15112,,,,,,,,,,,,,,,,,,,,,,,,,,,,,,,,,,,,,,,,,,,,,,,,,,,,,,,,,,,,,,,,,,,,,,,,,,,,,,,,,,,,,,,,,,,,,,,,,,,
"2025-09-02 15:13:17.4976217Z","ETW","Microsoft-Antimalware-Engine",53,"Behavior Monitoring BmOpenProcess",17068,3012,"Notepad.exe",,15112,,,,,,,,,,,,,,[],,,,,,,,,,,,,,,,,,,,,,,,,,,,,,,,,,,,,,,,,,,,,,,,,,,,,,,,,,,,,,,,,,,,,,,,64,false,,,,,,,,,,,,,,,,,,,,,,,,,,,,,,,,,,,,,,,,,,,,,,,
"2025-09-02 15:13:17.4977711Z","ETW","Microsoft-Windows-Kernel-Audit-API-Calls",5,"Info ",2496,2756,"svchost.exe",,,,,,,,,,,,,,,,[{"addr":140736918203764,"idx":0},{"addr":140736624153375,"idx":1},{"addr":140736624146038,"idx":2},{"addr":140736624145118,"idx":3},{"addr":140736624193741,"idx":4},{"addr":140700308678045,"idx":5},{"addr":140736881194535,"idx":6},{"addr":140736897083607,"idx":7},{"addr":140736916996940,"idx":8}],,,,,,,,,,,,,,,,,,,5240,0,17068,,,,,,,,,,,,,,,,,,,,,,,,,,,,,,,,,,,,,,,,,,,,,,,,,,,,,,,,,,,,,,,,,,,,,,,,,,,,,,,,,,,,,,,,,,,,,,,,,,,
"2025-09-02 15:13:17.4978578Z","ETW","Microsoft-Windows-Kernel-Audit-API-Calls",6,"Info ",2496,4360,"svchost.exe",,,,,,,,,,,,,,,,[{"addr":140736918212548,"idx":0},{"addr":140736624141675,"idx":1},{"addr":140736624140828,"idx":2},{"addr":140736624140307,"idx":3},{"addr":140736624148436,"idx":4},{"addr":140736624147998,"idx":5},{"addr":140736624154053,"idx":6},{"addr":140736917453874,"idx":7},{"addr":140736917350976,"idx":8},{"addr":140736897083607,"idx":9},{"addr":140736916996940,"idx":10}],,,,,,,,,,,,,,,,,,,64,0,17068,4848,,,,,,,,,,,,,,,,,,,,,,,,,,,,,,,,,,,,,,,,,,,,,,,,,,,,,,,,,,,,,,,,,,,,,,,,,,,,,,,,,,,,,,,,,,,,,,,,,,
"2025-09-02 15:13:17.4978660Z","ETW","Microsoft-Windows-Kernel-Audit-API-Calls",5,"Info ",2496,4360,"svchost.exe",,,,,,,,,,,,,,,,[{"addr":140736918203764,"idx":0},{"addr":140736624141781,"idx":1},{"addr":140736624140828,"idx":2},{"addr":140736624140307,"idx":3},{"addr":140736624148436,"idx":4},{"addr":140736624147998,"idx":5},{"addr":140736624154053,"idx":6},{"addr":140736917453874,"idx":7},{"addr":140736917350976,"idx":8},{"addr":140736897083607,"idx":9},{"addr":140736916996940,"idx":10}],,,,,,,,,,,,,,,,,,,1024,0,17068,,,,,,,,,,,,,,,,,,,,,,,,,,,,,,,,,,,,,,,,,,,,,,,,,,,,,,,,,,,,,,,,,,,,,,,,,,,,,,,,,,,,,,,,,,,,,,,,,,,
"2025-09-02 15:13:17.5000071Z","ETW","Microsoft-Windows-Kernel-Process",5,"ImageLoadInfo ",17068,4848,"Notepad.exe",,,,"C:\Windows\System32\Windows.StateRepositoryCore.dll",,,,,,,,,,,,[{"addr":140736918203828,"idx":0},{"addr":140736917192506,"idx":1},{"addr":140736917191278,"idx":2},{"addr":140736917210764,"idx":3},{"addr":140736917202269,"idx":4},{"addr":140736917259140,"idx":5},{"addr":140736916785248,"idx":6},{"addr":140736916786774,"idx":7},{"addr":140736917021315,"idx":8},{"addr":140736917023197,"idx":9},{"addr":140736873012562,"idx":10},{"addr":140736873171359,"idx":11},{"addr":140736872368125,"idx":12},{"addr":140736872603342,"idx":13},{"addr":140736909497054,"idx":14},{"addr":140736909500575,"idx":15},{"addr":140736909503282,"idx":16},{"addr":140736909540407,"idx":17},{"addr":140736910606405,"idx":18},{"addr":140736909547205,"idx":19},{"addr":140736909524462,"idx":20},{"addr":140736909523551,"idx":21},{"addr":140696713159702,"idx":22},{"addr":140696713950287,"idx":23},{"addr":140696713944328,"idx":24},{"addr":140696713433711,"idx":25},{"addr":140696713578297,"idx":26},{"addr":140696714194754,"idx":27},{"addr":140736897083607,"idx":28},{"addr":140736916996940,"idx":29}],,,,,,,,,17068,,,,,,,,,,,,,,,,,,,,,,,,,,,,,,,,,,,,3847844510,140736632913920,140736632913920,174488,106496,,,,,,,,,,,,,,,,,,,,,,,,,,,,,,,,,,,,,,,,,,,,,,,,,,,,,,,,,,,,,,,,,,,,,,,
"2025-09-02 15:13:17.5019687Z","ETW","Microsoft-Windows-Kernel-Process",5,"ImageLoadInfo ",17068,4848,"Notepad.exe",,,,"C:\Program Files\WindowsApps\Microsoft.WindowsNotepad_11.2506.35.0_x64__8wekyb3d8bbwe\Notepad\NotepadXamlUI.dll",,,,,,,,,,,,[{"addr":140736918203828,"idx":0},{"addr":140736917192506,"idx":1},{"addr":140736917191278,"idx":2},{"addr":140736917210764,"idx":3},{"addr":140736917202269,"idx":4},{"addr":140736917259140,"idx":5},{"addr":140736916785248,"idx":6},{"addr":140736916784352,"idx":7},{"addr":140736917101952,"idx":8},{"addr":140736872000198,"idx":9},{"addr":140736909363845,"idx":10},{"addr":140736909362547,"idx":11},{"addr":140736909531736,"idx":12},{"addr":140736909524833,"idx":13},{"addr":140736909523551,"idx":14},{"addr":140696713159702,"idx":15},{"addr":140696713950287,"idx":16},{"addr":140696713944328,"idx":17},{"addr":140696713433711,"idx":18},{"addr":140696713578297,"idx":19},{"addr":140696714194754,"idx":20},{"addr":140736897083607,"idx":21},{"addr":140736916996940,"idx":22}],,,,,,,,,17068,,,,,,,,,,,,,,,,,,,,,,,,,,,,,,,,,,,,1753885176,140733913759744,140733913759744,5344138,5296128,,,,,,,,,,,,,,,,,,,,,,,,,,,,,,,,,,,,,,,,,,,,,,,,,,,,,,,,,,,,,,,,,,,,,,,
"2025-09-02 15:13:17.5027996Z","ETW","Microsoft-Antimalware-Engine",3,"Message Info ",1912,10404,"MsMpEng.exe",,,"Lua IsKnownFriendly(c:\program files\windowsapps\microsoft.windowsnotepad_11.2506.35.0_x64__8wekyb3d8bbwe\notepad\notepadxamlui.dll, UseCache: true, fSlowChecks: false) = true from 0x001822bdce6ab208",,,,,,,,,,,,,[],,,,,,,,,,,,,,,,,,,,,,,,,,,,,,,,,,,,,,,,,,,,,,,,,,,,,,,,,,,,,,,,,,,,,,,,,,,,,,,,,,,,,,,,,,,,,,,,,,,,,,,,,,,,,,,,,,,,,,,,
"2025-09-02 15:13:17.5028047Z","ETW","Microsoft-Antimalware-Engine",59,"Message Info ",1912,10404,"MsMpEng.exe",,,,,,0,"Behavior:Win32/SuspDllSideLoaded.B","0x1A5B3D8FF6402","84db5fe770e0d0198f480427d1ce9babd9f03e0e",,,,,,,[],,,,,,,,,,,,,,,,,,,,,,,,,,,,,,,,,,,,,,,,,,,,,,,,,,,,,,,,,,,,,,,,,,,,,,,,,,,,,,,,,,,,,,,,,,,,,,,,,,,,,,,,,,,,,,,,,,,,,,,,
"2025-09-02 15:13:17.5029709Z","ETW","Microsoft-Windows-Kernel-Process",5,"ImageLoadInfo ",17068,14896,"Notepad.exe",,,,"C:\Windows\System32\DWrite.dll",,,,,,,,,,,,[{"addr":140736918203828,"idx":0},{"addr":140736917192506,"idx":1},{"addr":140736917191278,"idx":2},{"addr":140736917210764,"idx":3},{"addr":140736917201516,"idx":4},{"addr":140736917258922,"idx":5},{"addr":140736917255216,"idx":6},{"addr":140736917350945,"idx":7},{"addr":140736897083607,"idx":8},{"addr":140736916996940,"idx":9}],,,,,,,,,17068,,,,,,,,,,,,,,,,,,,,,,,,,,,,,,,,,,,,1496558505,140736794198016,140736794198016,2527455,2535424,,,,,,,,,,,,,,,,,,,,,,,,,,,,,,,,,,,,,,,,,,,,,,,,,,,,,,,,,,,,,,,,,,,,,,,
"2025-09-02 15:13:17.5032140Z","ETW","Microsoft-Antimalware-Engine",59,"Message Info ",1912,10404,"MsMpEng.exe",,,,,,0,"Behavior:Win32/ExploitAttempt.ZA!dha","0x5BB3C187493B","9b9f35e3b87d39f15df8932701977e1f4f0409c6",,,,,,,[],,,,,,,,,,,,,,,,,,,,,,,,,,,,,,,,,,,,,,,,,,,,,,,,,,,,,,,,,,,,,,,,,,,,,,,,,,,,,,,,,,,,,,,,,,,,,,,,,,,,,,,,,,,,,,,,,,,,,,,,
"2025-09-02 15:13:17.5063077Z","ETW","Microsoft-Windows-Kernel-Process",5,"ImageLoadInfo ",17068,4848,"Notepad.exe",,,,"C:\Program Files\WindowsApps\Microsoft.WindowsAppRuntime.1.7_7000.522.1444.0_x64__8wekyb3d8bbwe\Microsoft.ui.xaml.dll",,,,,,,,,,,,[{"addr":140736918203828,"idx":0},{"addr":140736917192506,"idx":1},{"addr":140736917191278,"idx":2},{"addr":140736917210764,"idx":3},{"addr":140736917202269,"idx":4},{"addr":140736917259140,"idx":5},{"addr":140736916785248,"idx":6},{"addr":140736916784352,"idx":7},{"addr":140736917101952,"idx":8},{"addr":140736872000198,"idx":9},{"addr":140736909363845,"idx":10},{"addr":140736909362547,"idx":11},{"addr":140736909531736,"idx":12},{"addr":140736909524833,"idx":13},{"addr":140736909523551,"idx":14},{"addr":140733913809066,"idx":15},{"addr":140733913983030,"idx":16},{"addr":140733913764051,"idx":17},{"addr":140736876766998,"idx":18},{"addr":140733915430810,"idx":19},{"addr":140733915431179,"idx":20},{"addr":140736918195438,"idx":21},{"addr":140736917219838,"idx":22},{"addr":140736917215596,"idx":23},{"addr":140736916995194,"idx":24},{"addr":140736916991491,"idx":25},{"addr":140736916785364,"idx":26},{"addr":140736916784352,"idx":27},{"addr":140736917101952,"idx":28},{"addr":140736872000198,"idx":29},{"addr":140736909363845,"idx":30},{"addr":140736909362547,"idx":31},{"addr":140736909531736,"idx":32},{"addr":140736909524833,"idx":33},{"addr":140736909523551,"idx":34},{"addr":140696713159702,"idx":35},{"addr":140696713950287,"idx":36},{"addr":140696713944328,"idx":37},{"addr":140696713433711,"idx":38},{"addr":140696713578297,"idx":39},{"addr":140696714194754,"idx":40},{"addr":140736897083607,"idx":41},{"addr":140736916996940,"idx":42}],,,,,,,,,17068,,,,,,,,,,,,,,,,,,,,,,,,,,,,,,,,,,,,2880426807,140733859364864,140733859364864,15089607,15085568,,,,,,,,,,,,,,,,,,,,,,,,,,,,,,,,,,,,,,,,,,,,,,,,,,,,,,,,,,,,,,,,,,,,,,,
"2025-09-02 15:13:17.5068081Z","ETW","Microsoft-Windows-Kernel-Process",5,"ImageLoadInfo ",17068,9820,"Notepad.exe",,,,"C:\Windows\System32\powrprof.dll",,,,,,,,,,,,[{"addr":140736918203828,"idx":0},{"addr":140736917192506,"idx":1},{"addr":140736917191278,"idx":2},{"addr":140736917210764,"idx":3},{"addr":140736917202269,"idx":4},{"addr":140736917259140,"idx":5},{"addr":140736917255216,"idx":6},{"addr":140736917350945,"idx":7},{"addr":140736897083607,"idx":8},{"addr":140736916996940,"idx":9}],,,,,,,,,17068,,,,,,,,,,,,,,,,,,,,,,,,,,,,,,,,,,,,2858637235,140736866091008,140736866091008,457799,385024,,,,,,,,,,,,,,,,,,,,,,,,,,,,,,,,,,,,,,,,,,,,,,,,,,,,,,,,,,,,,,,,,,,,,,,
"2025-09-02 15:13:17.5069524Z","ETW","Microsoft-Windows-Kernel-Process",5,"ImageLoadInfo ",17068,4848,"Notepad.exe",,,,"C:\Windows\System32\version.dll",,,,,,,,,,,,[{"addr":140736918203828,"idx":0},{"addr":140736917192506,"idx":1},{"addr":140736917191278,"idx":2},{"addr":140736917210764,"idx":3},{"addr":140736917201516,"idx":4},{"addr":140736917258922,"idx":5},{"addr":140736916999751,"idx":6},{"addr":140736916785258,"idx":7},{"addr":140736916784352,"idx":8},{"addr":140736917101952,"idx":9},{"addr":140736872000198,"idx":10},{"addr":140736909363845,"idx":11},{"addr":140736909362547,"idx":12},{"addr":140736909531736,"idx":13},{"addr":140736909524833,"idx":14},{"addr":140736909523551,"idx":15},{"addr":140733913809066,"idx":16},{"addr":140733913983030,"idx":17},{"addr":140733913764051,"idx":18},{"addr":140736876766998,"idx":19},{"addr":140733915430810,"idx":20},{"addr":140733915431179,"idx":21},{"addr":140736918195438,"idx":22},{"addr":140736917219838,"idx":23},{"addr":140736917215596,"idx":24},{"addr":140736916995194,"idx":25},{"addr":140736916991491,"idx":26},{"addr":140736916785364,"idx":27},{"addr":140736916784352,"idx":28},{"addr":140736917101952,"idx":29},{"addr":140736872000198,"idx":30},{"addr":140736909363845,"idx":31},{"addr":140736909362547,"idx":32},{"addr":140736909531736,"idx":33},{"addr":140736909524833,"idx":34},{"addr":140736909523551,"idx":35},{"addr":140696713159702,"idx":36},{"addr":140696713950287,"idx":37},{"addr":140696713944328,"idx":38},{"addr":140696713433711,"idx":39},{"addr":140696713578297,"idx":40},{"addr":140696714194754,"idx":41},{"addr":140736897083607,"idx":42},{"addr":140736916996940,"idx":43}],,,,,,,,,17068,,,,,,,,,,,,,,,,,,,,,,,,,,,,,,,,,,,,2275202464,140736748388352,140736748388352,72452,45056,,,,,,,,,,,,,,,,,,,,,,,,,,,,,,,,,,,,,,,,,,,,,,,,,,,,,,,,,,,,,,,,,,,,,,,
"2025-09-02 15:13:17.5069525Z","ETW","Microsoft-Windows-Kernel-Process",5,"ImageLoadInfo ",17068,8032,"Notepad.exe",,,,"C:\Windows\System32\d2d1.dll",,,,,,,,,,,,[{"addr":140736918203828,"idx":0},{"addr":140736917192506,"idx":1},{"addr":140736917191278,"idx":2},{"addr":140736917210764,"idx":3},{"addr":140736917201516,"idx":4},{"addr":140736917258922,"idx":5},{"addr":140736917255216,"idx":6},{"addr":140736917350945,"idx":7},{"addr":140736897083607,"idx":8},{"addr":140736916996940,"idx":9}],,,,,,,,,17068,,,,,,,,,,,,,,,,,,,,,,,,,,,,,,,,,,,,2898039771,140736796753920,140736796753920,6680845,6565888,,,,,,,,,,,,,,,,,,,,,,,,,,,,,,,,,,,,,,,,,,,,,,,,,,,,,,,,,,,,,,,,,,,,,,,
"2025-09-02 15:13:17.5069777Z","ETW","Microsoft-Antimalware-Engine",59,"Message Info ",1912,13020,"MsMpEng.exe",,,,,,0,"Behavior:Win32/SuspDllSideLoaded.B","0x1A5B3D8FF6402","84db5fe770e0d0198f480427d1ce9babd9f03e0e",,,,,,,[],,,,,,,,,,,,,,,,,,,,,,,,,,,,,,,,,,,,,,,,,,,,,,,,,,,,,,,,,,,,,,,,,,,,,,,,,,,,,,,,,,,,,,,,,,,,,,,,,,,,,,,,,,,,,,,,,,,,,,,,
"2025-09-02 15:13:17.5075239Z","ETW","Microsoft-Windows-Kernel-Process",5,"ImageLoadInfo ",17068,14896,"Notepad.exe",,,,"C:\Windows\System32\d3d11.dll",,,,,,,,,,,,[{"addr":140736918203828,"idx":0},{"addr":140736917192506,"idx":1},{"addr":140736917191278,"idx":2},{"addr":140736917210764,"idx":3},{"addr":140736917201516,"idx":4},{"addr":140736917258922,"idx":5},{"addr":140736917255216,"idx":6},{"addr":140736917350945,"idx":7},{"addr":140736897083607,"idx":8},{"addr":140736916996940,"idx":9}],,,,,,,,,17068,,,,,,,,,,,,,,,,,,,,,,,,,,,,,,,,,,,,3657003287,140736803373056,140736803373056,2576804,2519040,,,,,,,,,,,,,,,,,,,,,,,,,,,,,,,,,,,,,,,,,,,,,,,,,,,,,,,,,,,,,,,,,,,,,,,
"2025-09-02 15:13:17.5080457Z","ETW","Microsoft-Windows-Kernel-Process",5,"ImageLoadInfo ",17068,8032,"Notepad.exe",,,,"C:\Windows\System32\dxgi.dll",,,,,,,,,,,,[{"addr":140736918203828,"idx":0},{"addr":140736917192506,"idx":1},{"addr":140736917191278,"idx":2},{"addr":140736917210764,"idx":3},{"addr":140736917201516,"idx":4},{"addr":140736917258922,"idx":5},{"addr":140736917255216,"idx":6},{"addr":140736917350945,"idx":7},{"addr":140736897083607,"idx":8},{"addr":140736916996940,"idx":9}],,,,,,,,,17068,,,,,,,,,,,,,,,,,,,,,,,,,,,,,,,,,,,,179780312,140736821395456,140736821395456,1361123,1302528,,,,,,,,,,,,,,,,,,,,,,,,,,,,,,,,,,,,,,,,,,,,,,,,,,,,,,,,,,,,,,,,,,,,,,,
"2025-09-02 15:13:17.5083161Z","ETW","Microsoft-Antimalware-Engine",59,"Message Info ",1912,22008,"MsMpEng.exe",,,,,,0,"!BMGroup:DridexVulnDlls.A","0x195B3BF987774","01184f82067d771b42525bbf6c6541ec7a8114a3",,,,,,,[],,,,,,,,,,,,,,,,,,,,,,,,,,,,,,,,,,,,,,,,,,,,,,,,,,,,,,,,,,,,,,,,,,,,,,,,,,,,,,,,,,,,,,,,,,,,,,,,,,,,,,,,,,,,,,,,,,,,,,,,
"2025-09-02 15:13:17.5090352Z","ETW","Microsoft-Windows-Kernel-Process",5,"ImageLoadInfo ",17068,4848,"Notepad.exe",,,,"C:\Windows\System32\umpdc.dll",,,,,,,,,,,,[{"addr":140736918203828,"idx":0},{"addr":140736917192506,"idx":1},{"addr":140736917191278,"idx":2},{"addr":140736917210764,"idx":3},{"addr":140736917201516,"idx":4},{"addr":140736917258922,"idx":5},{"addr":140736916785248,"idx":6},{"addr":140736916786774,"idx":7},{"addr":140736917021315,"idx":8},{"addr":140736917023197,"idx":9},{"addr":140736866119074,"idx":10},{"addr":140736866136530,"idx":11},{"addr":140736866130783,"idx":12},{"addr":140736866132678,"idx":13},{"addr":140736918195438,"idx":14},{"addr":140736917219838,"idx":15},{"addr":140736917215596,"idx":16},{"addr":140736916995194,"idx":17},{"addr":140736916995238,"idx":18},{"addr":140736916991491,"idx":19},{"addr":140736916785364,"idx":20},{"addr":140736916784352,"idx":21},{"addr":140736917101952,"idx":22},{"addr":140736872000198,"idx":23},{"addr":140736909363845,"idx":24},{"addr":140736909362547,"idx":25},{"addr":140736909531736,"idx":26},{"addr":140736909524833,"idx":27},{"addr":140736909523551,"idx":28},{"addr":140733913809066,"idx":29},{"addr":140733913983030,"idx":30},{"addr":140733913764051,"idx":31},{"addr":140736876766998,"idx":32},{"addr":140733915430810,"idx":33},{"addr":140733915431179,"idx":34},{"addr":140736918195438,"idx":35},{"addr":140736917219838,"idx":36},{"addr":140736917215596,"idx":37},{"addr":140736916995194,"idx":38},{"addr":140736916991491,"idx":39},{"addr":140736916785364,"idx":40},{"addr":140736916784352,"idx":41},{"addr":140736917101952,"idx":42},{"addr":140736872000198,"idx":43},{"addr":140736909363845,"idx":44},{"addr":140736909362547,"idx":45},{"addr":140736909531736,"idx":46},{"addr":140736909524833,"idx":47},{"addr":140736909523551,"idx":48},{"addr":140696713159702,"idx":49},{"addr":140696713950287,"idx":50},{"addr":140696713944328,"idx":51},{"addr":140696713433711,"idx":52},{"addr":140696713578297,"idx":53},{"addr":140696714194754,"idx":54},{"addr":140736897083607,"idx":55},{"addr":140736916996940,"idx":56}],,,,,,,,,17068,,,,,,,,,,,,,,,,,,,,,,,,,,,,,,,,,,,,212057710,140736865959936,140736865959936,140109,81920,,,,,,,,,,,,,,,,,,,,,,,,,,,,,,,,,,,,,,,,,,,,,,,,,,,,,,,,,,,,,,,,,,,,,,,
"2025-09-02 15:13:17.5138312Z","ETW","Microsoft-Windows-Kernel-Process",5,"ImageLoadInfo ",17068,4848,"Notepad.exe",,,,"C:\Program Files\WindowsApps\Microsoft.WindowsAppRuntime.1.7_7000.522.1444.0_x64__8wekyb3d8bbwe\Microsoft.Windows.ApplicationModel.Resources.dll",,,,,,,,,,,,[{"addr":140736918203828,"idx":0},{"addr":140736917192506,"idx":1},{"addr":140736917191278,"idx":2},{"addr":140736917210764,"idx":3},{"addr":140736917202269,"idx":4},{"addr":140736917259140,"idx":5},{"addr":140736916785248,"idx":6},{"addr":140736916784352,"idx":7},{"addr":140736917101952,"idx":8},{"addr":140736872000198,"idx":9},{"addr":140736909363845,"idx":10},{"addr":140736909362547,"idx":11},{"addr":140736909531736,"idx":12},{"addr":140736909524833,"idx":13},{"addr":140736909523551,"idx":14},{"addr":140733913809066,"idx":15},{"addr":140733914472479,"idx":16},{"addr":140733914470393,"idx":17},{"addr":140733914468614,"idx":18},{"addr":140696713950630,"idx":19},{"addr":140696713950772,"idx":20},{"addr":140696713950442,"idx":21},{"addr":140696713944328,"idx":22},{"addr":140696713433711,"idx":23},{"addr":140696713578297,"idx":24},{"addr":140696714194754,"idx":25},{"addr":140736897083607,"idx":26},{"addr":140736916996940,"idx":27}],,,,,,,,,17068,,,,,,,,,,,,,,,,,,,,,,,,,,,,,,,,,,,,878804597,140735690440704,140735690440704,197572,163840,,,,,,,,,,,,,,,,,,,,,,,,,,,,,,,,,,,,,,,,,,,,,,,,,,,,,,,,,,,,,,,,,,,,,,,
"2025-09-02 15:13:17.5144234Z","ETW","Microsoft-Windows-Kernel-Process",5,"ImageLoadInfo ",17068,9820,"Notepad.exe",,,,"C:\Program Files\WindowsApps\Microsoft.WindowsAppRuntime.1.7_7000.522.1444.0_x64__8wekyb3d8bbwe\MRM.dll",,,,,,,,,,,,[{"addr":140736918203828,"idx":0},{"addr":140736917192506,"idx":1},{"addr":140736917191278,"idx":2},{"addr":140736917210764,"idx":3},{"addr":140736917201516,"idx":4},{"addr":140736917258922,"idx":5},{"addr":140736917255216,"idx":6},{"addr":140736917350945,"idx":7},{"addr":140736897083607,"idx":8},{"addr":140736916996940,"idx":9}],,,,,,,,,17068,,,,,,,,,,,,,,,,,,,,,,,,,,,,,,,,,,,,21918131,140735243943936,140735243943936,334307,311296,,,,,,,,,,,,,,,,,,,,,,,,,,,,,,,,,,,,,,,,,,,,,,,,,,,,,,,,,,,,,,,,,,,,,,,
"2025-09-02 15:13:17.5144305Z","ETW","Microsoft-Windows-Kernel-Process",5,"ImageLoadInfo ",17068,14896,"Notepad.exe",,,,"C:\Windows\System32\BCP47mrm.dll",,,,,,,,,,,,[{"addr":140736918203828,"idx":0},{"addr":140736917192506,"idx":1},{"addr":140736917191278,"idx":2},{"addr":140736917210764,"idx":3},{"addr":140736917201516,"idx":4},{"addr":140736917258922,"idx":5},{"addr":140736917255216,"idx":6},{"addr":140736917350945,"idx":7},{"addr":140736897083607,"idx":8},{"addr":140736916996940,"idx":9}],,,,,,,,,17068,,,,,,,,,,,,,,,,,,,,,,,,,,,,,,,,,,,,4048268187,140736704151552,140736704151552,233481,212992,,,,,,,,,,,,,,,,,,,,,,,,,,,,,,,,,,,,,,,,,,,,,,,,,,,,,,,,,,,,,,,,,,,,,,,
"2025-09-02 15:13:17.5144936Z","ETW","Microsoft-Antimalware-Engine",59,"Message Info ",1912,22008,"MsMpEng.exe",,,,,,0,"Behavior:Win32/SuspDllSideLoaded.B","0x1A5B3D8FF6402","84db5fe770e0d0198f480427d1ce9babd9f03e0e",,,,,,,[],,,,,,,,,,,,,,,,,,,,,,,,,,,,,,,,,,,,,,,,,,,,,,,,,,,,,,,,,,,,,,,,,,,,,,,,,,,,,,,,,,,,,,,,,,,,,,,,,,,,,,,,,,,,,,,,,,,,,,,,
"2025-09-02 15:13:17.5147912Z","ETW","Microsoft-Windows-Kernel-Audit-API-Calls",6,"Info ",760,776,"csrss.exe",,,,,,,,,,,,,,,,[{"addr":140736918206948,"idx":0},{"addr":140736867540170,"idx":1},{"addr":140736867571939,"idx":2},{"addr":140736916996962,"idx":3}],,,,,,,,,,,,,,,,,,,2097151,0,17068,9820,,,,,,,,,,,,,,,,,,,,,,,,,,,,,,,,,,,,,,,,,,,,,,,,,,,,,,,,,,,,,,,,,,,,,,,,,,,,,,,,,,,,,,,,,,,,,,,,,,
"2025-09-02 15:13:17.5155052Z","ETW","Microsoft-Antimalware-Engine",59,"Message Info ",1912,22008,"MsMpEng.exe",,,,,,0,"Behavior:Win32/SuspDllSideLoaded.B","0x1A5B3D8FF6402","84db5fe770e0d0198f480427d1ce9babd9f03e0e",,,,,,,[],,,,,,,,,,,,,,,,,,,,,,,,,,,,,,,,,,,,,,,,,,,,,,,,,,,,,,,,,,,,,,,,,,,,,,,,,,,,,,,,,,,,,,,,,,,,,,,,,,,,,,,,,,,,,,,,,,,,,,,,
"2025-09-02 15:13:17.5162708Z","ETW","Microsoft-Windows-Kernel-Process",5,"ImageLoadInfo ",17068,4848,"Notepad.exe",,,,"C:\Windows\System32\AppXDeploymentClient.dll",,,,,,,,,,,,[{"addr":140736918203828,"idx":0},{"addr":140736917192506,"idx":1},{"addr":140736917191278,"idx":2},{"addr":140736917210764,"idx":3},{"addr":140736917201516,"idx":4},{"addr":140736917258922,"idx":5},{"addr":140736916785248,"idx":6},{"addr":140736916784352,"idx":7},{"addr":140736917101952,"idx":8},{"addr":140736872000198,"idx":9},{"addr":140736350638455,"idx":10},{"addr":140736350637577,"idx":11},{"addr":140736350642393,"idx":12},{"addr":140734016875138,"idx":13},{"addr":140735690462367,"idx":14},{"addr":140735690488097,"idx":15},{"addr":140735690489303,"idx":16},{"addr":140733914472819,"idx":17},{"addr":140733914472634,"idx":18},{"addr":140733914470393,"idx":19},{"addr":140733914468614,"idx":20},{"addr":140696713950630,"idx":21},{"addr":140696713950772,"idx":22},{"addr":140696713950442,"idx":23},{"addr":140696713944328,"idx":24},{"addr":140696713433711,"idx":25},{"addr":140696713578297,"idx":26},{"addr":140696714194754,"idx":27},{"addr":140736897083607,"idx":28},{"addr":140736916996940,"idx":29}],,,,,,,,,17068,,,,,,,,,,,,,,,,,,,,,,,,,,,,,,,,,,,,2766280966,140736722894848,140736722894848,1518226,1503232,,,,,,,,,,,,,,,,,,,,,,,,,,,,,,,,,,,,,,,,,,,,,,,,,,,,,,,,,,,,,,,,,,,,,,,
"2025-09-02 15:13:17.5169491Z","ETW","Microsoft-Windows-Kernel-Process",6,"ImageUnloadInfo ",17068,4848,"Notepad.exe",,,,"C:\Windows\System32\AppXDeploymentClient.dll",,,,,,,,,,,,[{"addr":140736918203892,"idx":0},{"addr":140736917028534,"idx":1},{"addr":140736916779098,"idx":2},{"addr":140736916773567,"idx":3},{"addr":140736872000489,"idx":4},{"addr":140736350643541,"idx":5},{"addr":140736350634610,"idx":6},{"addr":140736350634347,"idx":7},{"addr":140736350639619,"idx":8},{"addr":140736350637577,"idx":9},{"addr":140736350642393,"idx":10},{"addr":140734016875138,"idx":11},{"addr":140735690462367,"idx":12},{"addr":140735690488097,"idx":13},{"addr":140735690489303,"idx":14},{"addr":140733914472819,"idx":15},{"addr":140733914472634,"idx":16},{"addr":140733914470393,"idx":17},{"addr":140733914468614,"idx":18},{"addr":140696713950630,"idx":19},{"addr":140696713950772,"idx":20},{"addr":140696713950442,"idx":21},{"addr":140696713944328,"idx":22},{"addr":140696713433711,"idx":23},{"addr":140696713578297,"idx":24},{"addr":140696714194754,"idx":25},{"addr":140736897083607,"idx":26},{"addr":140736916996940,"idx":27}],,,,,,,,,17068,,,,,,,,,,,,,,,,,,,,,,,,,,,,,,,,,,,,2766280966,140736722894848,140736722894848,1518226,1515520,,,,,,,,,,,,,,,,,,,,,,,,,,,,,,,,,,,,,,,,,,,,,,,,,,,,,,,,,,,,,,,,,,,,,,,
"2025-09-02 15:13:17.5192755Z","ETW","Microsoft-Windows-Kernel-Process",5,"ImageLoadInfo ",17068,4848,"Notepad.exe",,,,"C:\Windows\System32\Windows.Globalization.dll",,,,,,,,,,,,[{"addr":140736918203828,"idx":0},{"addr":140736917192506,"idx":1},{"addr":140736917191278,"idx":2},{"addr":140736917210764,"idx":3},{"addr":140736917202269,"idx":4},{"addr":140736917259140,"idx":5},{"addr":140736916785248,"idx":6},{"addr":140736916784352,"idx":7},{"addr":140736917101952,"idx":8},{"addr":140736872000198,"idx":9},{"addr":140736909363845,"idx":10},{"addr":140736909362547,"idx":11},{"addr":140736909531736,"idx":12},{"addr":140736909524833,"idx":13},{"addr":140736909523551,"idx":14},{"addr":140735690450926,"idx":15},{"addr":140735690450618,"idx":16},{"addr":140735690445912,"idx":17},{"addr":140735690445608,"idx":18},{"addr":140735690485194,"idx":19},{"addr":140735690483685,"idx":20},{"addr":140735690483381,"idx":21},{"addr":140735690484277,"idx":22},{"addr":140735690488868,"idx":23},{"addr":140735690487861,"idx":24},{"addr":140735690489404,"idx":25},{"addr":140733914472979,"idx":26},{"addr":140733914473336,"idx":27},{"addr":140733914470532,"idx":28},{"addr":140733914468614,"idx":29},{"addr":140696713950630,"idx":30},{"addr":140696713950772,"idx":31},{"addr":140696713950442,"idx":32},{"addr":140696713944328,"idx":33},{"addr":140696713433711,"idx":34},{"addr":140696713578297,"idx":35},{"addr":140696714194754,"idx":36},{"addr":140736897083607,"idx":37},{"addr":140736916996940,"idx":38}],,,,,,,,,17068,,,,,,,,,,,,,,,,,,,,,,,,,,,,,,,,,,,,555229935,140736671580160,140736671580160,1677219,1671168,,,,,,,,,,,,,,,,,,,,,,,,,,,,,,,,,,,,,,,,,,,,,,,,,,,,,,,,,,,,,,,,,,,,,,,
"2025-09-02 15:13:17.5216101Z","ETW","Microsoft-Windows-Kernel-Process",5,"ImageLoadInfo ",17068,4848,"Notepad.exe",,,,"C:\Windows\System32\MrmCoreR.dll",,,,,,,,,,,,[{"addr":140736918203828,"idx":0},{"addr":140736917192506,"idx":1},{"addr":140736917191278,"idx":2},{"addr":140736917210764,"idx":3},{"addr":140736917202269,"idx":4},{"addr":140736917259140,"idx":5},{"addr":140736916785248,"idx":6},{"addr":140736916784352,"idx":7},{"addr":140736917101952,"idx":8},{"addr":140736872000198,"idx":9},{"addr":140736909363845,"idx":10},{"addr":140736909362547,"idx":11},{"addr":140736909531736,"idx":12},{"addr":140736909524833,"idx":13},{"addr":140736909523551,"idx":14},{"addr":140696713006618,"idx":15},{"addr":140696713989711,"idx":16},{"addr":140696713985370,"idx":17},{"addr":140696713941342,"idx":18},{"addr":140696713944456,"idx":19},{"addr":140696713433711,"idx":20},{"addr":140696713578297,"idx":21},{"addr":140696714194754,"idx":22},{"addr":140736897083607,"idx":23},{"addr":140736916996940,"idx":24}],,,,,,,,,17068,,,,,,,,,,,,,,,,,,,,,,,,,,,,,,,,,,,,3079985832,140736702644224,140736702644224,1208911,1175552,,,,,,,,,,,,,,,,,,,,,,,,,,,,,,,,,,,,,,,,,,,,,,,,,,,,,,,,,,,,,,,,,,,,,,,
"2025-09-02 15:13:17.5223657Z","ETW","Microsoft-Windows-Kernel-Process",5,"ImageLoadInfo ",17068,4848,"Notepad.exe",,,,"C:\Windows\System32\Windows.StateRepositoryClient.dll",,,,,,,,,,,,[{"addr":140736918203828,"idx":0},{"addr":140736917192506,"idx":1},{"addr":140736917191278,"idx":2},{"addr":140736917210764,"idx":3},{"addr":140736917202269,"idx":4},{"addr":140736917259140,"idx":5},{"addr":140736916785248,"idx":6},{"addr":140736916786774,"idx":7},{"addr":140736917021315,"idx":8},{"addr":140736917023197,"idx":9},{"addr":140736873012562,"idx":10},{"addr":140736873178377,"idx":11},{"addr":140736872448750,"idx":12},{"addr":140736873275128,"idx":13},{"addr":140736872566978,"idx":14},{"addr":140736872566582,"idx":15},{"addr":140736702862398,"idx":16},{"addr":140736702858885,"idx":17},{"addr":140736702774434,"idx":18},{"addr":140736702820497,"idx":19},{"addr":140736702908861,"idx":20},{"addr":140736702902985,"idx":21},{"addr":140736702899092,"idx":22},{"addr":140696713990012,"idx":23},{"addr":140696713989851,"idx":24},{"addr":140696713985370,"idx":25},{"addr":140696713941342,"idx":26},{"addr":140696713944456,"idx":27},{"addr":140696713433711,"idx":28},{"addr":140696713578297,"idx":29},{"addr":140696714194754,"idx":30},{"addr":140736897083607,"idx":31},{"addr":140736916996940,"idx":32}],,,,,,,,,17068,,,,,,,,,,,,,,,,,,,,,,,,,,,,,,,,,,,,3001738537,140736632520704,140736632520704,374661,327680,,,,,,,,,,,,,,,,,,,,,,,,,,,,,,,,,,,,,,,,,,,,,,,,,,,,,,,,,,,,,,,,,,,,,,,
"2025-09-02 15:13:17.5282023Z","ETW","Microsoft-Windows-Kernel-Process",5,"ImageLoadInfo ",17068,4848,"Notepad.exe",,,,"C:\Windows\System32\AppXDeploymentClient.dll",,,,,,,,,,,,[{"addr":140736918203828,"idx":0},{"addr":140736917192506,"idx":1},{"addr":140736917191278,"idx":2},{"addr":140736917210764,"idx":3},{"addr":140736917201516,"idx":4},{"addr":140736917258922,"idx":5},{"addr":140736916785248,"idx":6},{"addr":140736916784352,"idx":7},{"addr":140736917101952,"idx":8},{"addr":140736872000198,"idx":9},{"addr":140736702761034,"idx":10},{"addr":140736702753269,"idx":11},{"addr":140736702732919,"idx":12},{"addr":140736703015154,"idx":13},{"addr":140736702816694,"idx":14},{"addr":140736702820592,"idx":15},{"addr":140736702908861,"idx":16},{"addr":140736702902985,"idx":17},{"addr":140736702899092,"idx":18},{"addr":140696713990012,"idx":19},{"addr":140696713989851,"idx":20},{"addr":140696713985370,"idx":21},{"addr":140696713941342,"idx":22},{"addr":140696713944456,"idx":23},{"addr":140696713433711,"idx":24},{"addr":140696713578297,"idx":25},{"addr":140696714194754,"idx":26},{"addr":140736897083607,"idx":27},{"addr":140736916996940,"idx":28}],,,,,,,,,17068,,,,,,,,,,,,,,,,,,,,,,,,,,,,,,,,,,,,2766280966,140736722894848,140736722894848,1518226,1503232,,,,,,,,,,,,,,,,,,,,,,,,,,,,,,,,,,,,,,,,,,,,,,,,,,,,,,,,,,,,,,,,,,,,,,,
"2025-09-02 15:13:17.5288596Z","ETW","Microsoft-Windows-Kernel-Process",6,"ImageUnloadInfo ",17068,4848,"Notepad.exe",,,,"C:\Windows\System32\AppXDeploymentClient.dll",,,,,,,,,,,,[{"addr":140736918203892,"idx":0},{"addr":140736917028534,"idx":1},{"addr":140736916779098,"idx":2},{"addr":140736916773567,"idx":3},{"addr":140736872000489,"idx":4},{"addr":140736702761493,"idx":5},{"addr":140736702753269,"idx":6},{"addr":140736702732919,"idx":7},{"addr":140736703015154,"idx":8},{"addr":140736702816694,"idx":9},{"addr":140736702820592,"idx":10},{"addr":140736702908861,"idx":11},{"addr":140736702902985,"idx":12},{"addr":140736702899092,"idx":13},{"addr":140696713990012,"idx":14},{"addr":140696713989851,"idx":15},{"addr":140696713985370,"idx":16},{"addr":140696713941342,"idx":17},{"addr":140696713944456,"idx":18},{"addr":140696713433711,"idx":19},{"addr":140696713578297,"idx":20},{"addr":140696714194754,"idx":21},{"addr":140736897083607,"idx":22},{"addr":140736916996940,"idx":23}],,,,,,,,,17068,,,,,,,,,,,,,,,,,,,,,,,,,,,,,,,,,,,,2766280966,140736722894848,140736722894848,1518226,1515520,,,,,,,,,,,,,,,,,,,,,,,,,,,,,,,,,,,,,,,,,,,,,,,,,,,,,,,,,,,,,,,,,,,,,,,
"2025-09-02 15:13:17.5294382Z","ETW","Microsoft-Windows-Kernel-Process",5,"ImageLoadInfo ",17068,4848,"Notepad.exe",,,,"C:\Windows\System32\Windows.UI.dll",,,,,,,,,,,,[{"addr":140736918203828,"idx":0},{"addr":140736917192506,"idx":1},{"addr":140736917191278,"idx":2},{"addr":140736917210764,"idx":3},{"addr":140736917202269,"idx":4},{"addr":140736917259140,"idx":5},{"addr":140736916785248,"idx":6},{"addr":140736916784352,"idx":7},{"addr":140736917101952,"idx":8},{"addr":140736872000198,"idx":9},{"addr":140736909363845,"idx":10},{"addr":140736909362547,"idx":11},{"addr":140736909531736,"idx":12},{"addr":140736909524833,"idx":13},{"addr":140736909523551,"idx":14},{"addr":140736702789291,"idx":15},{"addr":140736702789093,"idx":16},{"addr":140736702782188,"idx":17},{"addr":140736702815159,"idx":18},{"addr":140736702808724,"idx":19},{"addr":140736702807932,"idx":20},{"addr":140736702802202,"idx":21},{"addr":140736702820702,"idx":22},{"addr":140736702908861,"idx":23},{"addr":140736702902985,"idx":24},{"addr":140736702899092,"idx":25},{"addr":140696713990012,"idx":26},{"addr":140696713989851,"idx":27},{"addr":140696713985370,"idx":28},{"addr":140696713941342,"idx":29},{"addr":140696713944456,"idx":30},{"addr":140696713433711,"idx":31},{"addr":140696713578297,"idx":32},{"addr":140696714194754,"idx":33},{"addr":140736897083607,"idx":34},{"addr":140736916996940,"idx":35}],,,,,,,,,17068,,,,,,,,,,,,,,,,,,,,,,,,,,,,,,,,,,,,2192056598,140736701202432,140736701202432,1455945,1409024,,,,,,,,,,,,,,,,,,,,,,,,,,,,,,,,,,,,,,,,,,,,,,,,,,,,,,,,,,,,,,,,,,,,,,,
"2025-09-02 15:13:17.5317333Z","ETW","Microsoft-Windows-Kernel-Process",5,"ImageLoadInfo ",17068,4848,"Notepad.exe",,,,"C:\Windows\System32\AppXDeploymentClient.dll",,,,,,,,,,,,[{"addr":140736918203828,"idx":0},{"addr":140736917192506,"idx":1},{"addr":140736917191278,"idx":2},{"addr":140736917210764,"idx":3},{"addr":140736917201516,"idx":4},{"addr":140736917258922,"idx":5},{"addr":140736916785248,"idx":6},{"addr":140736916784352,"idx":7},{"addr":140736917101952,"idx":8},{"addr":140736872000198,"idx":9},{"addr":140736702761034,"idx":10},{"addr":140736702753269,"idx":11},{"addr":140736702732919,"idx":12},{"addr":140736703015154,"idx":13},{"addr":140736702817142,"idx":14},{"addr":140736702821140,"idx":15},{"addr":140736702908861,"idx":16},{"addr":140736702902985,"idx":17},{"addr":140736702899092,"idx":18},{"addr":140696713990012,"idx":19},{"addr":140696713989851,"idx":20},{"addr":140696713985370,"idx":21},{"addr":140696713941342,"idx":22},{"addr":140696713944456,"idx":23},{"addr":140696713433711,"idx":24},{"addr":140696713578297,"idx":25},{"addr":140696714194754,"idx":26},{"addr":140736897083607,"idx":27},{"addr":140736916996940,"idx":28}],,,,,,,,,17068,,,,,,,,,,,,,,,,,,,,,,,,,,,,,,,,,,,,2766280966,140736722894848,140736722894848,1518226,1503232,,,,,,,,,,,,,,,,,,,,,,,,,,,,,,,,,,,,,,,,,,,,,,,,,,,,,,,,,,,,,,,,,,,,,,,
"2025-09-02 15:13:17.5322677Z","ETW","Microsoft-Windows-Kernel-Process",6,"ImageUnloadInfo ",17068,4848,"Notepad.exe",,,,"C:\Windows\System32\AppXDeploymentClient.dll",,,,,,,,,,,,[{"addr":140736918203892,"idx":0},{"addr":140736917028534,"idx":1},{"addr":140736916779098,"idx":2},{"addr":140736916773567,"idx":3},{"addr":140736872000489,"idx":4},{"addr":140736702761493,"idx":5},{"addr":140736702753269,"idx":6},{"addr":140736702732919,"idx":7},{"addr":140736703015154,"idx":8},{"addr":140736702817142,"idx":9},{"addr":140736702821140,"idx":10},{"addr":140736702908861,"idx":11},{"addr":140736702902985,"idx":12},{"addr":140736702899092,"idx":13},{"addr":140696713990012,"idx":14},{"addr":140696713989851,"idx":15},{"addr":140696713985370,"idx":16},{"addr":140696713941342,"idx":17},{"addr":140696713944456,"idx":18},{"addr":140696713433711,"idx":19},{"addr":140696713578297,"idx":20},{"addr":140696714194754,"idx":21},{"addr":140736897083607,"idx":22},{"addr":140736916996940,"idx":23}],,,,,,,,,17068,,,,,,,,,,,,,,,,,,,,,,,,,,,,,,,,,,,,2766280966,140736722894848,140736722894848,1518226,1515520,,,,,,,,,,,,,,,,,,,,,,,,,,,,,,,,,,,,,,,,,,,,,,,,,,,,,,,,,,,,,,,,,,,,,,,
"2025-09-02 15:13:17.5346677Z","ETW","Microsoft-Windows-Kernel-Process",3,"ThreadStartStart ",17068,4848,"Notepad.exe",,,,,,,,,,,,,,,,[{"addr":140736918208964,"idx":0},{"addr":140736872776761,"idx":1},{"addr":140736897102141,"idx":2},{"addr":140736702944758,"idx":3},{"addr":140736702943770,"idx":4},{"addr":140736702942784,"idx":5},{"addr":140736703036884,"idx":6},{"addr":140736702903189,"idx":7},{"addr":140736702899120,"idx":8},{"addr":140696713990012,"idx":9},{"addr":140696713989851,"idx":10},{"addr":140696713985370,"idx":11},{"addr":140696713941342,"idx":12},{"addr":140696713944456,"idx":13},{"addr":140696713433711,"idx":14},{"addr":140696713578297,"idx":15},{"addr":140696714194754,"idx":16},{"addr":140736897083607,"idx":17},{"addr":140736916996940,"idx":18}],,,,,,,,,17068,18446639081570840576,18446639081570816000,140736702935312,0,131192291328,10720,131197829120,131197825024,140736702935312,,,,,,,,,,,,,,,,,,,,,,,,,,,,,,,,,,,,,,,,,,,,,,,,,,,,,,,,,,,,,,,,,,,,,,,,,,,,,,,,,,,,,,,,,,,,,,,,,,,,,,
"2025-09-02 15:13:17.5353572Z","ETW","Microsoft-Windows-Kernel-Process",5,"ImageLoadInfo ",17068,4848,"Notepad.exe",,,,"C:\Windows\System32\twinapi.appcore.dll",,,,,,,,,,,,[{"addr":140736918203828,"idx":0},{"addr":140736917192506,"idx":1},{"addr":140736917191278,"idx":2},{"addr":140736917210764,"idx":3},{"addr":140736917202269,"idx":4},{"addr":140736917259140,"idx":5},{"addr":140736916785248,"idx":6},{"addr":140736916784352,"idx":7},{"addr":140736917101952,"idx":8},{"addr":140736872000198,"idx":9},{"addr":140736909363845,"idx":10},{"addr":140736909362547,"idx":11},{"addr":140736909531736,"idx":12},{"addr":140736909524833,"idx":13},{"addr":140736909523551,"idx":14},{"addr":140736702905820,"idx":15},{"addr":140736702905524,"idx":16},{"addr":140736702899135,"idx":17},{"addr":140696713990012,"idx":18},{"addr":140696713989851,"idx":19},{"addr":140696713985370,"idx":20},{"addr":140696713941342,"idx":21},{"addr":140696713944456,"idx":22},{"addr":140696713433711,"idx":23},{"addr":140696713578297,"idx":24},{"addr":140696714194754,"idx":25},{"addr":140736897083607,"idx":26},{"addr":140736916996940,"idx":27}],,,,,,,,,17068,,,,,,,,,,,,,,,,,,,,,,,,,,,,,,,,,,,,2889134449,140736717651968,140736717651968,2408796,2326528,,,,,,,,,,,,,,,,,,,,,,,,,,,,,,,,,,,,,,,,,,,,,,,,,,,,,,,,,,,,,,,,,,,,,,,
"2025-09-02 15:13:17.5358692Z","ETW","Microsoft-Windows-Kernel-Process",3,"ThreadStartStart ",17068,4848,"Notepad.exe",,,,,,,,,,,,,,,,[{"addr":140736918214756,"idx":0},{"addr":140736917452953,"idx":1},{"addr":140736917451578,"idx":2},{"addr":140736872925435,"idx":3},{"addr":140736717766192,"idx":4},{"addr":140736717765625,"idx":5},{"addr":140736916975221,"idx":6},{"addr":140736872573249,"idx":7},{"addr":140736717719604,"idx":8},{"addr":140736702911525,"idx":9},{"addr":140736702911175,"idx":10},{"addr":140736702905668,"idx":11},{"addr":140736702899135,"idx":12},{"addr":140696713990012,"idx":13},{"addr":140696713989851,"idx":14},{"addr":140696713985370,"idx":15},{"addr":140696713941342,"idx":16},{"addr":140696713944456,"idx":17},{"addr":140696713433711,"idx":18},{"addr":140696713578297,"idx":19},{"addr":140696714194754,"idx":20},{"addr":140736897083607,"idx":21},{"addr":140736916996940,"idx":22}],,,,,,,,,17068,18446639081570955264,18446639081570930688,140736917348896,0,131192299520,20868,131198877696,131198873600,140736917348896,,,,,,,,,,,,,,,,,,,,,,,,,,,,,,,,,,,,,,,,,,,,,,,,,,,,,,,,,,,,,,,,,,,,,,,,,,,,,,,,,,,,,,,,,,,,,,,,,,,,,,
"2025-09-02 15:13:17.5373144Z","ETW","Microsoft-Windows-Kernel-Process",5,"ImageLoadInfo ",17068,4848,"Notepad.exe",,,,"C:\Windows\System32\KBDGR.DLL",,,,,,,,,,,,[{"addr":140736918203828,"idx":0},{"addr":140736917192506,"idx":1},{"addr":140736917191278,"idx":2},{"addr":140736917210764,"idx":3},{"addr":140736917201516,"idx":4},{"addr":140736917258922,"idx":5},{"addr":140736916785248,"idx":6},{"addr":140736916784352,"idx":7},{"addr":140736917101952,"idx":8},{"addr":140736872000198,"idx":9},{"addr":140736914304850,"idx":10},{"addr":140736914303208,"idx":11},{"addr":140736914302937,"idx":12},{"addr":140696713986192,"idx":13},{"addr":140696713985742,"idx":14},{"addr":140696713941342,"idx":15},{"addr":140696713944456,"idx":16},{"addr":140696713433711,"idx":17},{"addr":140696713578297,"idx":18},{"addr":140696714194754,"idx":19},{"addr":140736897083607,"idx":20},{"addr":140736916996940,"idx":21}],,,,,,,,,17068,,,,,,,,,,,,,,,,,,,,,,,,,,,,,,,,,,,,3357678732,140735958614016,140735958614016,75067,24576,,,,,,,,,,,,,,,,,,,,,,,,,,,,,,,,,,,,,,,,,,,,,,,,,,,,,,,,,,,,,,,,,,,,,,,
"2025-09-02 15:13:17.5375508Z","ETW","Microsoft-Windows-Kernel-Process",6,"ImageUnloadInfo ",17068,4848,"Notepad.exe",,,,"C:\Windows\System32\KBDGR.DLL",,,,,,,,,,,,[{"addr":140736918203892,"idx":0},{"addr":140736917028534,"idx":1},{"addr":140736916779098,"idx":2},{"addr":140736916773567,"idx":3},{"addr":140736872000489,"idx":4},{"addr":140736914305056,"idx":5},{"addr":140736914303208,"idx":6},{"addr":140736914302937,"idx":7},{"addr":140696713986192,"idx":8},{"addr":140696713985742,"idx":9},{"addr":140696713941342,"idx":10},{"addr":140696713944456,"idx":11},{"addr":140696713433711,"idx":12},{"addr":140696713578297,"idx":13},{"addr":140696714194754,"idx":14},{"addr":140736897083607,"idx":15},{"addr":140736916996940,"idx":16}],,,,,,,,,17068,,,,,,,,,,,,,,,,,,,,,,,,,,,,,,,,,,,,3357678732,140735958614016,140735958614016,75067,36864,,,,,,,,,,,,,,,,,,,,,,,,,,,,,,,,,,,,,,,,,,,,,,,,,,,,,,,,,,,,,,,,,,,,,,,
"2025-09-02 15:13:17.5394681Z","ETW","Microsoft-Windows-Kernel-Process",5,"ImageLoadInfo ",17068,4848,"Notepad.exe",,,,"C:\Program Files\WindowsApps\Microsoft.WindowsNotepad_11.2506.35.0_x64__8wekyb3d8bbwe\Notepad\msptls.dll",,,,,,,,,,,,[{"addr":140736918203828,"idx":0},{"addr":140736917192506,"idx":1},{"addr":140736917191278,"idx":2},{"addr":140736917210764,"idx":3},{"addr":140736917202269,"idx":4},{"addr":140736917259140,"idx":5},{"addr":140736916785248,"idx":6},{"addr":140736916784352,"idx":7},{"addr":140736917101952,"idx":8},{"addr":140736872000198,"idx":9},{"addr":140696713933109,"idx":10},{"addr":140696713944514,"idx":11},{"addr":140696713433711,"idx":12},{"addr":140696713578297,"idx":13},{"addr":140696714194754,"idx":14},{"addr":140736897083607,"idx":15},{"addr":140736916996940,"idx":16}],,,,,,,,,17068,,,,,,,,,,,,,,,,,,,,,,,,,,,,,,,,,,,,1750046632,140734014750720,140734014750720,2025926,1986560,,,,,,,,,,,,,,,,,,,,,,,,,,,,,,,,,,,,,,,,,,,,,,,,,,,,,,,,,,,,,,,,,,,,,,,
"2025-09-02 15:13:17.5405510Z","ETW","Microsoft-Antimalware-Engine",3,"Message Info ",1912,22008,"MsMpEng.exe",,,"Lua IsKnownFriendly(c:\program files\windowsapps\microsoft.windowsnotepad_11.2506.35.0_x64__8wekyb3d8bbwe\notepad\msptls.dll, UseCache: true, fSlowChecks: false) = true from 0x001822bdce6ab208",,,,,,,,,,,,,[],,,,,,,,,,,,,,,,,,,,,,,,,,,,,,,,,,,,,,,,,,,,,,,,,,,,,,,,,,,,,,,,,,,,,,,,,,,,,,,,,,,,,,,,,,,,,,,,,,,,,,,,,,,,,,,,,,,,,,,,
"2025-09-02 15:13:17.5405574Z","ETW","Microsoft-Antimalware-Engine",59,"Message Info ",1912,22008,"MsMpEng.exe",,,,,,0,"Behavior:Win32/SuspDllSideLoaded.B","0x1A5B3D8FF6402","84db5fe770e0d0198f480427d1ce9babd9f03e0e",,,,,,,[],,,,,,,,,,,,,,,,,,,,,,,,,,,,,,,,,,,,,,,,,,,,,,,,,,,,,,,,,,,,,,,,,,,,,,,,,,,,,,,,,,,,,,,,,,,,,,,,,,,,,,,,,,,,,,,,,,,,,,,,
"2025-09-02 15:13:17.5406106Z","ETW","Microsoft-Windows-Kernel-Process",5,"ImageLoadInfo ",17068,4848,"Notepad.exe",,,,"C:\Program Files\WindowsApps\Microsoft.WindowsNotepad_11.2506.35.0_x64__8wekyb3d8bbwe\Notepad\riched20.dll",,,,,,,,,,,,[{"addr":140736918203828,"idx":0},{"addr":140736917192506,"idx":1},{"addr":140736917191278,"idx":2},{"addr":140736917210764,"idx":3},{"addr":140736917202269,"idx":4},{"addr":140736917259140,"idx":5},{"addr":140736916785248,"idx":6},{"addr":140736916784352,"idx":7},{"addr":140736917101952,"idx":8},{"addr":140736872000198,"idx":9},{"addr":140696713933206,"idx":10},{"addr":140696713944514,"idx":11},{"addr":140696713433711,"idx":12},{"addr":140696713578297,"idx":13},{"addr":140696714194754,"idx":14},{"addr":140736897083607,"idx":15},{"addr":140736916996940,"idx":16}],,,,,,,,,17068,,,,,,,,,,,,,,,,,,,,,,,,,,,,,,,,,,,,1750124818,140733993582592,140733993582592,3711962,3706880,,,,,,,,,,,,,,,,,,,,,,,,,,,,,,,,,,,,,,,,,,,,,,,,,,,,,,,,,,,,,,,,,,,,,,,
"2025-09-02 15:13:17.5413287Z","ETW","Microsoft-Antimalware-Engine",3,"Message Info ",1912,22008,"MsMpEng.exe",,,"Lua IsKnownFriendly(c:\program files\windowsapps\microsoft.windowsnotepad_11.2506.35.0_x64__8wekyb3d8bbwe\notepad\riched20.dll, UseCache: true, fSlowChecks: false) = true from 0x001822bdce6ab208",,,,,,,,,,,,,[],,,,,,,,,,,,,,,,,,,,,,,,,,,,,,,,,,,,,,,,,,,,,,,,,,,,,,,,,,,,,,,,,,,,,,,,,,,,,,,,,,,,,,,,,,,,,,,,,,,,,,,,,,,,,,,,,,,,,,,,
"2025-09-02 15:13:17.5413318Z","ETW","Microsoft-Antimalware-Engine",59,"Message Info ",1912,22008,"MsMpEng.exe",,,,,,0,"Behavior:Win32/SuspDllSideLoaded.B","0x1A5B3D8FF6402","84db5fe770e0d0198f480427d1ce9babd9f03e0e",,,,,,,[],,,,,,,,,,,,,,,,,,,,,,,,,,,,,,,,,,,,,,,,,,,,,,,,,,,,,,,,,,,,,,,,,,,,,,,,,,,,,,,,,,,,,,,,,,,,,,,,,,,,,,,,,,,,,,,,,,,,,,,,
"2025-09-02 15:13:17.5423192Z","ETW","Microsoft-Windows-Kernel-Process",5,"ImageLoadInfo ",17068,4848,"Notepad.exe",,,,"C:\Windows\System32\oleacc.dll",,,,,,,,,,,,[{"addr":140736918203828,"idx":0},{"addr":140736917192506,"idx":1},{"addr":140736917191278,"idx":2},{"addr":140736917210764,"idx":3},{"addr":140736917202269,"idx":4},{"addr":140736917259140,"idx":5},{"addr":140736916785248,"idx":6},{"addr":140736916784352,"idx":7},{"addr":140736917101952,"idx":8},{"addr":140736872000198,"idx":9},{"addr":140736909363845,"idx":10},{"addr":140736909362547,"idx":11},{"addr":140736909360794,"idx":12},{"addr":140736909561496,"idx":13},{"addr":140736909365281,"idx":14},{"addr":140736909356853,"idx":15},{"addr":140736910270317,"idx":16},{"addr":140736909359719,"idx":17},{"addr":140736909871367,"idx":18},{"addr":140736910338829,"idx":19},{"addr":140736910332465,"idx":20},{"addr":140736910348734,"idx":21},{"addr":140736910270317,"idx":22},{"addr":140736909350430,"idx":23},{"addr":140736910270317,"idx":24},{"addr":140736909553458,"idx":25},{"addr":140736909548907,"idx":26},{"addr":140736909576880,"idx":27},{"addr":140696713944584,"idx":28},{"addr":140696713433711,"idx":29},{"addr":140696713578297,"idx":30},{"addr":140696714194754,"idx":31},{"addr":140736897083607,"idx":32},{"addr":140736916996940,"idx":33}],,,,,,,,,17068,,,,,,,,,,,,,,,,,,,,,,,,,,,,,,,,,,,,3356117354,140736397508608,140736397508608,535962,512000,,,,,,,,,,,,,,,,,,,,,,,,,,,,,,,,,,,,,,,,,,,,,,,,,,,,,,,,,,,,,,,,,,,,,,,
"2025-09-02 15:13:17.5425441Z","ETW","Microsoft-Antimalware-Engine",59,"Message Info ",1912,22008,"MsMpEng.exe",,,,,,0,"!BMGroup:DridexVulnDlls.A","0x195B3BF987774","01184f82067d771b42525bbf6c6541ec7a8114a3",,,,,,,[],,,,,,,,,,,,,,,,,,,,,,,,,,,,,,,,,,,,,,,,,,,,,,,,,,,,,,,,,,,,,,,,,,,,,,,,,,,,,,,,,,,,,,,,,,,,,,,,,,,,,,,,,,,,,,,,,,,,,,,,
"2025-09-02 15:13:17.5436573Z","ETW","Microsoft-Windows-Kernel-Process",5,"ImageLoadInfo ",17068,4848,"Notepad.exe",,,,"C:\Windows\System32\Windows.Storage.ApplicationData.dll",,,,,,,,,,,,[{"addr":140736918203828,"idx":0},{"addr":140736917192506,"idx":1},{"addr":140736917191278,"idx":2},{"addr":140736917210764,"idx":3},{"addr":140736917202269,"idx":4},{"addr":140736917259140,"idx":5},{"addr":140736916785248,"idx":6},{"addr":140736916784352,"idx":7},{"addr":140736917101952,"idx":8},{"addr":140736872000198,"idx":9},{"addr":140736909363845,"idx":10},{"addr":140736909362547,"idx":11},{"addr":140736909531736,"idx":12},{"addr":140736909524833,"idx":13},{"addr":140736909523551,"idx":14},{"addr":140696713006618,"idx":15},{"addr":140696713402575,"idx":16},{"addr":140696713403142,"idx":17},{"addr":140696713810295,"idx":18},{"addr":140696713818121,"idx":19},{"addr":140696713810997,"idx":20},{"addr":140696713414966,"idx":21},{"addr":140696713944642,"idx":22},{"addr":140696713433711,"idx":23},{"addr":140696713578297,"idx":24},{"addr":140696714194754,"idx":25},{"addr":140736897083607,"idx":26},{"addr":140736916996940,"idx":27}],,,,,,,,,17068,,,,,,,,,,,,,,,,,,,,,,,,,,,,,,,,,,,,3189851701,140736314802176,140736314802176,440584,393216,,,,,,,,,,,,,,,,,,,,,,,,,,,,,,,,,,,,,,,,,,,,,,,,,,,,,,,,,,,,,,,,,,,,,,,
"2025-09-02 15:13:17.5443736Z","ETW","Microsoft-Windows-Kernel-Audit-API-Calls",5,"Info ",528,11704,"svchost.exe",,,,,,,,,,,,,,,,[{"addr":140736918203764,"idx":0},{"addr":140736872731894,"idx":1},{"addr":140736829045620,"idx":2},{"addr":140736829045555,"idx":3},{"addr":140736882620003,"idx":4},{"addr":140736881849533,"idx":5},{"addr":140736881848122,"idx":6},{"addr":140736882311415,"idx":7},{"addr":140736882088628,"idx":8},{"addr":140736882092744,"idx":9},{"addr":140736882015316,"idx":10},{"addr":140736882081820,"idx":11},{"addr":140736882106396,"idx":12},{"addr":140736882102691,"idx":13},{"addr":140736882098504,"idx":14},{"addr":140736917358174,"idx":15},{"addr":140736917350275,"idx":16},{"addr":140736897083607,"idx":17},{"addr":140736916996940,"idx":18}],,,,,,,,,,,,,,,,,,,4096,0,17068,,,,,,,,,,,,,,,,,,,,,,,,,,,,,,,,,,,,,,,,,,,,,,,,,,,,,,,,,,,,,,,,,,,,,,,,,,,,,,,,,,,,,,,,,,,,,,,,,,,
"2025-09-02 15:13:17.5444047Z","ETW","Microsoft-Windows-Kernel-Audit-API-Calls",5,"Info ",944,17404,"svchost.exe",,,,,,,,,,,,,,,,[{"addr":140736918206916,"idx":0},{"addr":140736882337646,"idx":1},{"addr":140736828644345,"idx":2},{"addr":140736828636082,"idx":3},{"addr":140736882620003,"idx":4},{"addr":140736881849533,"idx":5},{"addr":140736881848122,"idx":6},{"addr":140736882311415,"idx":7},{"addr":140736882088628,"idx":8},{"addr":140736882092744,"idx":9},{"addr":140736882015316,"idx":10},{"addr":140736882081820,"idx":11},{"addr":140736882106396,"idx":12},{"addr":140736882102691,"idx":13},{"addr":140736882098504,"idx":14},{"addr":140736917358174,"idx":15},{"addr":140736917350275,"idx":16},{"addr":140736897083607,"idx":17},{"addr":140736916996940,"idx":18}],,,,,,,,,,,,,,,,,,,1048576,0,17068,,,,,,,,,,,,,,,,,,,,,,,,,,,,,,,,,,,,,,,,,,,,,,,,,,,,,,,,,,,,,,,,,,,,,,,,,,,,,,,,,,,,,,,,,,,,,,,,,,,
"2025-09-02 15:13:17.5454615Z","ETW","Microsoft-Windows-Kernel-Process",3,"ThreadStartStart ",17068,4848,"Notepad.exe",,,,,,,,,,,,,,,,[{"addr":140736918208964,"idx":0},{"addr":140736872776761,"idx":1},{"addr":140736897102141,"idx":2},{"addr":140736909291405,"idx":3},{"addr":140736909289761,"idx":4},{"addr":140736909471518,"idx":5},{"addr":140736909472222,"idx":6},{"addr":140736909469257,"idx":7},{"addr":140736909469042,"idx":8},{"addr":140736909468649,"idx":9},{"addr":140736909472335,"idx":10},{"addr":140736909678884,"idx":11},{"addr":140736909678529,"idx":12},{"addr":140736909445650,"idx":13},{"addr":140736909445396,"idx":14},{"addr":140736909531005,"idx":15},{"addr":140736909524833,"idx":16},{"addr":140736909523551,"idx":17},{"addr":140696713006618,"idx":18},{"addr":140696713402575,"idx":19},{"addr":140696713403142,"idx":20},{"addr":140696713810295,"idx":21},{"addr":140696713818121,"idx":22},{"addr":140696713810997,"idx":23},{"addr":140696713414966,"idx":24},{"addr":140696713944642,"idx":25},{"addr":140696713433711,"idx":26},{"addr":140696713578297,"idx":27},{"addr":140696714194754,"idx":28},{"addr":140736897083607,"idx":29},{"addr":140736916996940,"idx":30}],,,,,,,,,17068,18446639081571016704,18446639081570992128,140736910320112,0,131192307712,21736,131199926272,131199918080,140736910320112,,,,,,,,,,,,,,,,,,,,,,,,,,,,,,,,,,,,,,,,,,,,,,,,,,,,,,,,,,,,,,,,,,,,,,,,,,,,,,,,,,,,,,,,,,,,,,,,,,,,,,
"2025-09-02 15:13:17.5457794Z","ETW","Microsoft-Windows-Kernel-Process",3,"ThreadStartStart ",17068,20868,"Notepad.exe",,,,,,,,,,,,,,,,[{"addr":140736918216388,"idx":0},{"addr":140736917669762,"idx":1},{"addr":140736882108009,"idx":2},{"addr":140736882120022,"idx":3},{"addr":140736882104053,"idx":4},{"addr":140736882098504,"idx":5},{"addr":140736917358174,"idx":6},{"addr":140736917350275,"idx":7},{"addr":140736897083607,"idx":8},{"addr":140736916996940,"idx":9}],,,,,,,,,17068,18446639081571045376,18446639081571020800,140736917348896,0,131192315904,576,131200974848,131200970752,140736917348896,,,,,,,,,,,,,,,,,,,,,,,,,,,,,,,,,,,,,,,,,,,,,,,,,,,,,,,,,,,,,,,,,,,,,,,,,,,,,,,,,,,,,,,,,,,,,,,,,,,,,,
"2025-09-02 15:13:17.5461456Z","ETW","Microsoft-Windows-Kernel-Process",3,"ThreadStartStart ",17068,4848,"Notepad.exe",,,,,,,,,,,,,,,,[{"addr":140736918208964,"idx":0},{"addr":140736872776761,"idx":1},{"addr":140736897102141,"idx":2},{"addr":140736909291405,"idx":3},{"addr":140736909295249,"idx":4},{"addr":140736909292377,"idx":5},{"addr":140736910319693,"idx":6},{"addr":140736909436915,"idx":7},{"addr":140736909401394,"idx":8},{"addr":140736909256341,"idx":9},{"addr":140736909846787,"idx":10},{"addr":140736882637457,"idx":11},{"addr":140736910089846,"idx":12},{"addr":140736911506466,"idx":13},{"addr":140736909610582,"idx":14},{"addr":140736909443339,"idx":15},{"addr":140736909445431,"idx":16},{"addr":140736909531005,"idx":17},{"addr":140736909524833,"idx":18},{"addr":140736909523551,"idx":19},{"addr":140696713006618,"idx":20},{"addr":140696713402575,"idx":21},{"addr":140696713403142,"idx":22},{"addr":140696713810295,"idx":23},{"addr":140696713818121,"idx":24},{"addr":140696713810997,"idx":25},{"addr":140696713414966,"idx":26},{"addr":140696713944642,"idx":27},{"addr":140696713433711,"idx":28},{"addr":140696713578297,"idx":29},{"addr":140696714194754,"idx":30},{"addr":140736897083607,"idx":31},{"addr":140736916996940,"idx":32}],,,,,,,,,17068,18446639081571074048,18446639081571049472,140736910320112,0,131192324096,12680,131202023424,131202015232,140736910320112,,,,,,,,,,,,,,,,,,,,,,,,,,,,,,,,,,,,,,,,,,,,,,,,,,,,,,,,,,,,,,,,,,,,,,,,,,,,,,,,,,,,,,,,,,,,,,,,,,,,,,
"2025-09-02 15:13:17.5472557Z","ETW","Microsoft-Windows-Kernel-Audit-API-Calls",6,"Info ",1912,8,"MsMpEng.exe",,,,,,,,,,,,,,,,[{"addr":140736918212548,"idx":0},{"addr":140736872857142,"idx":1},{"addr":140736738243895,"idx":2},{"addr":140736738242452,"idx":3},{"addr":140736657604428,"idx":4},{"addr":140736657598535,"idx":5},{"addr":140736657597146,"idx":6},{"addr":140736658259206,"idx":7},{"addr":140736657749938,"idx":8},{"addr":140736657909615,"idx":9},{"addr":140736658079503,"idx":10},{"addr":140736897083607,"idx":11},{"addr":140736916996940,"idx":12}],,,,,,,,,,,,,,,,,,,2097151,0,1912,8,,,,,,,,,,,,,,,,,,,,,,,,,,,,,,,,,,,,,,,,,,,,,,,,,,,,,,,,,,,,,,,,,,,,,,,,,,,,,,,,,,,,,,,,,,,,,,,,,,
"2025-09-02 15:13:17.5472891Z","ETW","Microsoft-Windows-Kernel-Audit-API-Calls",5,"Info ",1912,8,"MsMpEng.exe",,,,,,,,,,,,,,,,[{"addr":140736918203764,"idx":0},{"addr":140736872731894,"idx":1},{"addr":140733810479103,"idx":2},{"addr":140733810478599,"idx":3},{"addr":140733809630809,"idx":4},{"addr":140733809420559,"idx":5},{"addr":140733811789991,"idx":6},{"addr":140733811785301,"idx":7},{"addr":140736738242841,"idx":8},{"addr":140736657604428,"idx":9},{"addr":140736657598535,"idx":10},{"addr":140736657597146,"idx":11},{"addr":140736658259206,"idx":12},{"addr":140736657749938,"idx":13},{"addr":140736657909615,"idx":14},{"addr":140736658079503,"idx":15},{"addr":140736897083607,"idx":16},{"addr":140736916996940,"idx":17}],,,,,,,,,,,,,,,,,,,1052672,0,17068,,,,,,,,,,,,,,,,,,,,,,,,,,,,,,,,,,,,,,,,,,,,,,,,,,,,,,,,,,,,,,,,,,,,,,,,,,,,,,,,,,,,,,,,,,,,,,,,,,,
"2025-09-02 15:13:17.5483380Z","ETW","Microsoft-Windows-Kernel-Audit-API-Calls",6,"Info ",1912,8,"MsMpEng.exe",,,,,,,,,,,,,,,,[{"addr":140736918212548,"idx":0},{"addr":140736872857142,"idx":1},{"addr":140736738243895,"idx":2},{"addr":140736738242452,"idx":3},{"addr":140736657604428,"idx":4},{"addr":140736657598535,"idx":5},{"addr":140736657597146,"idx":6},{"addr":140736658259206,"idx":7},{"addr":140736657749938,"idx":8},{"addr":140736657909615,"idx":9},{"addr":140736658079503,"idx":10},{"addr":140736897083607,"idx":11},{"addr":140736916996940,"idx":12}],,,,,,,,,,,,,,,,,,,2097151,0,1912,8,,,,,,,,,,,,,,,,,,,,,,,,,,,,,,,,,,,,,,,,,,,,,,,,,,,,,,,,,,,,,,,,,,,,,,,,,,,,,,,,,,,,,,,,,,,,,,,,,,
"2025-09-02 15:13:17.5660274Z","ETW","Microsoft-Windows-Kernel-Process",3,"ThreadStartStart ",17068,4848,"Notepad.exe",,,,,,,,,,,,,,,,[{"addr":140736918208964,"idx":0},{"addr":140736872776761,"idx":1},{"addr":140736897102141,"idx":2},{"addr":140736876812648,"idx":3},{"addr":140696713891474,"idx":4},{"addr":140696713944944,"idx":5},{"addr":140696713433711,"idx":6},{"addr":140696713578297,"idx":7},{"addr":140696714194754,"idx":8},{"addr":140736897083607,"idx":9},{"addr":140736916996940,"idx":10}],,,,,,,,,17068,18446639081571217408,18446639081571192832,140736876328832,0,131192332288,18712,131203072000,131203067904,140736876328832,,,,,,,,,,,,,,,,,,,,,,,,,,,,,,,,,,,,,,,,,,,,,,,,,,,,,,,,,,,,,,,,,,,,,,,,,,,,,,,,,,,,,,,,,,,,,,,,,,,,,,
"2025-09-02 15:13:17.5672568Z","ETW","Microsoft-Windows-Kernel-Process",3,"ThreadStartStart ",17068,18712,"Notepad.exe",,,,,,,,,,,,,,,,[{"addr":140736918208964,"idx":0},{"addr":140736872776761,"idx":1},{"addr":140736897102141,"idx":2},{"addr":140734017910849,"idx":3},{"addr":140734017910647,"idx":4},{"addr":140734017894357,"idx":5},{"addr":140734017881964,"idx":6},{"addr":140734018445788,"idx":7},{"addr":140734018427414,"idx":8},{"addr":140734018411422,"idx":9},{"addr":140734018416245,"idx":10},{"addr":140734018416522,"idx":11},{"addr":140696713951395,"idx":12},{"addr":140696713951210,"idx":13},{"addr":140696713933692,"idx":14},{"addr":140696713892868,"idx":15},{"addr":140736876328880,"idx":16},{"addr":140736897083607,"idx":17},{"addr":140736916996940,"idx":18}],,,,,,,,,17068,18446639081571274752,18446639081571250176,140734017911136,0,131192340480,14720,131204120576,131204116480,140734017911136,,,,,,,,,,,,,,,,,,,,,,,,,,,,,,,,,,,,,,,,,,,,,,,,,,,,,,,,,,,,,,,,,,,,,,,,,,,,,,,,,,,,,,,,,,,,,,,,,,,,,,
"2025-09-02 15:13:17.5715373Z","ETW","Microsoft-Windows-Kernel-Audit-API-Calls",5,"Info ",17068,18712,"Notepad.exe",,,,,,,,,,,,,,,,[{"addr":140736918203764,"idx":0},{"addr":140736872731894,"idx":1},{"addr":140736732662431,"idx":2},{"addr":140736732658563,"idx":3},{"addr":140736732655943,"idx":4},{"addr":140736732637152,"idx":5},{"addr":140736732632626,"idx":6},{"addr":140736732844814,"idx":7},{"addr":140736916975221,"idx":8},{"addr":140736872573249,"idx":9},{"addr":140736732629242,"idx":10},{"addr":140736732624534,"idx":11},{"addr":140733859806557,"idx":12},{"addr":140733859806436,"idx":13},{"addr":140733860135712,"idx":14},{"addr":140733860985213,"idx":15},{"addr":140733860984896,"idx":16},{"addr":140733860985542,"idx":17},{"addr":140733860988951,"idx":18},{"addr":140733860368179,"idx":19},{"addr":140733860982510,"idx":20},{"addr":140733860982231,"idx":21},{"addr":140733860374919,"idx":22},{"addr":140733860371267,"idx":23},{"addr":140733859561251,"idx":24},{"addr":140733861734396,"idx":25},{"addr":140733860157428,"idx":26},{"addr":140733860156853,"idx":27},{"addr":140733860156695,"idx":28},{"addr":140733914654643,"idx":29},{"addr":140733914654458,"idx":30},{"addr":140733914643446,"idx":31},{"addr":140733914643141,"idx":32},{"addr":140733914646316,"idx":33},{"addr":140696713950870,"idx":34},{"addr":140696713413098,"idx":35},{"addr":140696713933862,"idx":36},{"addr":140696713892868,"idx":37},{"addr":140736876328880,"idx":38},{"addr":140736897083607,"idx":39},{"addr":140736916996940,"idx":40}],,,,,,,,,,,,,,,,,,,1024,0,17068,,,,,,,,,,,,,,,,,,,,,,,,,,,,,,,,,,,,,,,,,,,,,,,,,,,,,,,,,,,,,,,,,,,,,,,,,,,,,,,,,,,,,,,,,,,,,,,,,,,
"2025-09-02 15:13:17.5716487Z","ETW","Microsoft-Windows-Kernel-Audit-API-Calls",5,"Info ",17068,18712,"Notepad.exe",,,,,,,,,,,,,,,,[{"addr":140736918203764,"idx":0},{"addr":140736872731894,"idx":1},{"addr":140736732662431,"idx":2},{"addr":140736732657011,"idx":3},{"addr":140736732637152,"idx":4},{"addr":140736732632626,"idx":5},{"addr":140736732844814,"idx":6},{"addr":140736916975221,"idx":7},{"addr":140736872573249,"idx":8},{"addr":140736732629242,"idx":9},{"addr":140736732624534,"idx":10},{"addr":140733859806557,"idx":11},{"addr":140733859806436,"idx":12},{"addr":140733860135712,"idx":13},{"addr":140733860985213,"idx":14},{"addr":140733860984896,"idx":15},{"addr":140733860985542,"idx":16},{"addr":140733860988951,"idx":17},{"addr":140733860368179,"idx":18},{"addr":140733860982510,"idx":19},{"addr":140733860982231,"idx":20},{"addr":140733860374919,"idx":21},{"addr":140733860371267,"idx":22},{"addr":140733859561251,"idx":23},{"addr":140733861734396,"idx":24},{"addr":140733860157428,"idx":25},{"addr":140733860156853,"idx":26},{"addr":140733860156695,"idx":27},{"addr":140733914654643,"idx":28},{"addr":140733914654458,"idx":29},{"addr":140733914643446,"idx":30},{"addr":140733914643141,"idx":31},{"addr":140733914646316,"idx":32},{"addr":140696713950870,"idx":33},{"addr":140696713413098,"idx":34},{"addr":140696713933862,"idx":35},{"addr":140696713892868,"idx":36},{"addr":140736876328880,"idx":37},{"addr":140736897083607,"idx":38},{"addr":140736916996940,"idx":39}],,,,,,,,,,,,,,,,,,,1024,0,17068,,,,,,,,,,,,,,,,,,,,,,,,,,,,,,,,,,,,,,,,,,,,,,,,,,,,,,,,,,,,,,,,,,,,,,,,,,,,,,,,,,,,,,,,,,,,,,,,,,,
"2025-09-02 15:13:17.5731440Z","ETW","Microsoft-Windows-Kernel-Process",3,"ThreadStartStart ",17068,18712,"Notepad.exe",,,,,,,,,,,,,,,,[{"addr":140736918208964,"idx":0},{"addr":140736872776761,"idx":1},{"addr":140736897102141,"idx":2},{"addr":140733861181319,"idx":3},{"addr":140733861180962,"idx":4},{"addr":140733861180702,"idx":5},{"addr":140733861180552,"idx":6},{"addr":140733861180315,"idx":7},{"addr":140733861180199,"idx":8},{"addr":140733859772196,"idx":9},{"addr":140733859771319,"idx":10},{"addr":140733859770609,"idx":11},{"addr":140733861781325,"idx":12},{"addr":140733860984983,"idx":13},{"addr":140733860985542,"idx":14},{"addr":140733860988951,"idx":15},{"addr":140733860368179,"idx":16},{"addr":140733860982510,"idx":17},{"addr":140733860982231,"idx":18},{"addr":140733860374919,"idx":19},{"addr":140733860371267,"idx":20},{"addr":140733859561251,"idx":21},{"addr":140733861734396,"idx":22},{"addr":140733860157428,"idx":23},{"addr":140733860156853,"idx":24},{"addr":140733860156695,"idx":25},{"addr":140733914654643,"idx":26},{"addr":140733914654458,"idx":27},{"addr":140733914643446,"idx":28},{"addr":140733914643141,"idx":29},{"addr":140733914646316,"idx":30},{"addr":140696713950870,"idx":31},{"addr":140696713413098,"idx":32},{"addr":140696713933862,"idx":33},{"addr":140696713892868,"idx":34},{"addr":140736876328880,"idx":35},{"addr":140736897083607,"idx":36},{"addr":140736916996940,"idx":37}],,,,,,,,,17068,18446639081571360768,18446639081571336192,140733860684928,0,131192348672,3980,131205169152,131205165056,140733860684928,,,,,,,,,,,,,,,,,,,,,,,,,,,,,,,,,,,,,,,,,,,,,,,,,,,,,,,,,,,,,,,,,,,,,,,,,,,,,,,,,,,,,,,,,,,,,,,,,,,,,,
"2025-09-02 15:13:17.5731973Z","ETW","Microsoft-Windows-Kernel-Process",3,"ThreadStartStart ",17068,18712,"Notepad.exe",,,,,,,,,,,,,,,,[{"addr":140736918208964,"idx":0},{"addr":140736872776761,"idx":1},{"addr":140736897102141,"idx":2},{"addr":140733861868967,"idx":3},{"addr":140733861181185,"idx":4},{"addr":140733861180822,"idx":5},{"addr":140733861180552,"idx":6},{"addr":140733861180315,"idx":7},{"addr":140733861180199,"idx":8},{"addr":140733859772196,"idx":9},{"addr":140733859771319,"idx":10},{"addr":140733859770609,"idx":11},{"addr":140733861781325,"idx":12},{"addr":140733860984983,"idx":13},{"addr":140733860985542,"idx":14},{"addr":140733860988951,"idx":15},{"addr":140733860368179,"idx":16},{"addr":140733860982510,"idx":17},{"addr":140733860982231,"idx":18},{"addr":140733860374919,"idx":19},{"addr":140733860371267,"idx":20},{"addr":140733859561251,"idx":21},{"addr":140733861734396,"idx":22},{"addr":140733860157428,"idx":23},{"addr":140733860156853,"idx":24},{"addr":140733860156695,"idx":25},{"addr":140733914654643,"idx":26},{"addr":140733914654458,"idx":27},{"addr":140733914643446,"idx":28},{"addr":140733914643141,"idx":29},{"addr":140733914646316,"idx":30},{"addr":140696713950870,"idx":31},{"addr":140696713413098,"idx":32},{"addr":140696713933862,"idx":33},{"addr":140696713892868,"idx":34},{"addr":140736876328880,"idx":35},{"addr":140736897083607,"idx":36},{"addr":140736916996940,"idx":37}],,,,,,,,,17068,18446639081571389440,18446639081571364864,140733861970144,0,131192356864,5432,131206217728,131206213632,140733861970144,,,,,,,,,,,,,,,,,,,,,,,,,,,,,,,,,,,,,,,,,,,,,,,,,,,,,,,,,,,,,,,,,,,,,,,,,,,,,,,,,,,,,,,,,,,,,,,,,,,,,,
"2025-09-02 15:13:17.5739551Z","ETW","Microsoft-Windows-Kernel-Process",5,"ImageLoadInfo ",17068,3980,"Notepad.exe",,,,"C:\Windows\System32\DXCore.dll",,,,,,,,,,,,[{"addr":140736918203828,"idx":0},{"addr":140736917192506,"idx":1},{"addr":140736917191278,"idx":2},{"addr":140736917210764,"idx":3},{"addr":140736917202269,"idx":4},{"addr":140736917259140,"idx":5},{"addr":140736916785248,"idx":6},{"addr":140736916786774,"idx":7},{"addr":140736917098157,"idx":8},{"addr":140736916993351,"idx":9},{"addr":140736872145058,"idx":10},{"addr":140736821446777,"idx":11},{"addr":140736821718493,"idx":12},{"addr":140736821478507,"idx":13},{"addr":140736821476572,"idx":14},{"addr":140736821475930,"idx":15},{"addr":140736821477466,"idx":16},{"addr":140736821714085,"idx":17},{"addr":140733860686076,"idx":18},{"addr":140733860685281,"idx":19},{"addr":140733860685009,"idx":20},{"addr":140736897083607,"idx":21},{"addr":140736916996940,"idx":22}],,,,,,,,,17068,,,,,,,,,,,,,,,,,,,,,,,,,,,,,,,,,,,,2132968074,140736821067776,140736821067776,351724,315392,,,,,,,,,,,,,,,,,,,,,,,,,,,,,,,,,,,,,,,,,,,,,,,,,,,,,,,,,,,,,,,,,,,,,,,
"2025-09-02 15:13:17.5746696Z","ETW","Microsoft-Windows-Kernel-Process",5,"ImageLoadInfo ",17068,18712,"Notepad.exe",,,,"C:\Windows\System32\Windows.ApplicationModel.dll",,,,,,,,,,,,[{"addr":140736918203828,"idx":0},{"addr":140736917192506,"idx":1},{"addr":140736917191278,"idx":2},{"addr":140736917210764,"idx":3},{"addr":140736917202269,"idx":4},{"addr":140736917259140,"idx":5},{"addr":140736916785248,"idx":6},{"addr":140736916784352,"idx":7},{"addr":140736917101952,"idx":8},{"addr":140736872000198,"idx":9},{"addr":140736909363845,"idx":10},{"addr":140736909362547,"idx":11},{"addr":140736909531736,"idx":12},{"addr":140736909524833,"idx":13},{"addr":140736909523551,"idx":14},{"addr":140733861785801,"idx":15},{"addr":140733859417760,"idx":16},{"addr":140733860785531,"idx":17},{"addr":140733860785011,"idx":18},{"addr":140733860786267,"idx":19},{"addr":140733860786683,"idx":20},{"addr":140733860782988,"idx":21},{"addr":140733860781140,"idx":22},{"addr":140733861841623,"idx":23},{"addr":140733861781393,"idx":24},{"addr":140733860984983,"idx":25},{"addr":140733860985542,"idx":26},{"addr":140733860988951,"idx":27},{"addr":140733860368179,"idx":28},{"addr":140733860982510,"idx":29},{"addr":140733860982231,"idx":30},{"addr":140733860374919,"idx":31},{"addr":140733860371267,"idx":32},{"addr":140733859561251,"idx":33},{"addr":140733861734396,"idx":34},{"addr":140733860157428,"idx":35},{"addr":140733860156853,"idx":36},{"addr":140733860156695,"idx":37},{"addr":140733914654643,"idx":38},{"addr":140733914654458,"idx":39},{"addr":140733914643446,"idx":40},{"addr":140733914643141,"idx":41},{"addr":140733914646316,"idx":42},{"addr":140696713950870,"idx":43},{"addr":140696713413098,"idx":44},{"addr":140696713933862,"idx":45},{"addr":140696713892868,"idx":46},{"addr":140736876328880,"idx":47},{"addr":140736897083607,"idx":48},{"addr":140736916996940,"idx":49}],,,,,,,,,17068,,,,,,,,,,,,,,,,,,,,,,,,,,,,,,,,,,,,3909170685,140736601587712,140736601587712,906950,868352,,,,,,,,,,,,,,,,,,,,,,,,,,,,,,,,,,,,,,,,,,,,,,,,,,,,,,,,,,,,,,,,,,,,,,,
"2025-09-02 15:13:17.5752246Z","ETW","Microsoft-Windows-Kernel-Process",5,"ImageLoadInfo ",17068,3980,"Notepad.exe",,,,"C:\Windows\System32\ResourcePolicyClient.dll",,,,,,,,,,,,[{"addr":140736918203828,"idx":0},{"addr":140736917192506,"idx":1},{"addr":140736917191278,"idx":2},{"addr":140736917210764,"idx":3},{"addr":140736917202269,"idx":4},{"addr":140736917259140,"idx":5},{"addr":140736916785248,"idx":6},{"addr":140736916784352,"idx":7},{"addr":140736917101952,"idx":8},{"addr":140736872000198,"idx":9},{"addr":140736821727374,"idx":10},{"addr":140736821961885,"idx":11},{"addr":140736821718812,"idx":12},{"addr":140736821718361,"idx":13},{"addr":140736821478507,"idx":14},{"addr":140736821476572,"idx":15},{"addr":140736821475930,"idx":16},{"addr":140736821477466,"idx":17},{"addr":140736821714085,"idx":18},{"addr":140733860686076,"idx":19},{"addr":140733860685281,"idx":20},{"addr":140733860685009,"idx":21},{"addr":140736897083607,"idx":22},{"addr":140736916996940,"idx":23}],,,,,,,,,17068,,,,,,,,,,,,,,,,,,,,,,,,,,,,,,,,,,,,2069163340,140736825786368,140736825786368,104020,81920,,,,,,,,,,,,,,,,,,,,,,,,,,,,,,,,,,,,,,,,,,,,,,,,,,,,,,,,,,,,,,,,,,,,,,,
"2025-09-02 15:13:17.5757254Z","ETW","Microsoft-Windows-Kernel-Process",5,"ImageLoadInfo ",17068,18712,"Notepad.exe",,,,"C:\Windows\System32\Windows.UI.Immersive.dll",,,,,,,,,,,,[{"addr":140736918203828,"idx":0},{"addr":140736917192506,"idx":1},{"addr":140736917191278,"idx":2},{"addr":140736917210764,"idx":3},{"addr":140736917202269,"idx":4},{"addr":140736917259140,"idx":5},{"addr":140736916785248,"idx":6},{"addr":140736916784352,"idx":7},{"addr":140736917101952,"idx":8},{"addr":140736872000198,"idx":9},{"addr":140736909363845,"idx":10},{"addr":140736909362547,"idx":11},{"addr":140736909531736,"idx":12},{"addr":140736909524833,"idx":13},{"addr":140736909523551,"idx":14},{"addr":140736701386716,"idx":15},{"addr":140736701386400,"idx":16},{"addr":140733860981388,"idx":17},{"addr":140733860984549,"idx":18},{"addr":140733860989350,"idx":19},{"addr":140733860368179,"idx":20},{"addr":140733860982510,"idx":21},{"addr":140733860982231,"idx":22},{"addr":140733860374919,"idx":23},{"addr":140733860371267,"idx":24},{"addr":140733859561251,"idx":25},{"addr":140733861734396,"idx":26},{"addr":140733860157428,"idx":27},{"addr":140733860156853,"idx":28},{"addr":140733860156695,"idx":29},{"addr":140733914654643,"idx":30},{"addr":140733914654458,"idx":31},{"addr":140733914643446,"idx":32},{"addr":140733914643141,"idx":33},{"addr":140733914646316,"idx":34},{"addr":140696713950870,"idx":35},{"addr":140696713413098,"idx":36},{"addr":140696713933862,"idx":37},{"addr":140696713892868,"idx":38},{"addr":140736876328880,"idx":39},{"addr":140736897083607,"idx":40},{"addr":140736916996940,"idx":41}],,,,,,,,,17068,,,,,,,,,,,,,,,,,,,,,,,,,,,,,,,,,,,,533653671,140736697729024,140736697729024,1376848,1363968,,,,,,,,,,,,,,,,,,,,,,,,,,,,,,,,,,,,,,,,,,,,,,,,,,,,,,,,,,,,,,,,,,,,,,,
"2025-09-02 15:13:17.5758741Z","ETW","Microsoft-Windows-Kernel-Audit-API-Calls",5,"Info ",528,11704,"svchost.exe",,,,,,,,,,,,,,,,[{"addr":140736918203764,"idx":0},{"addr":140736872731894,"idx":1},{"addr":140736819599374,"idx":2},{"addr":140736819599845,"idx":3},{"addr":140736819601600,"idx":4},{"addr":140736819596293,"idx":5},{"addr":140736819588315,"idx":6},{"addr":140736882620003,"idx":7},{"addr":140736882628366,"idx":8},{"addr":140736882319852,"idx":9},{"addr":140736882311415,"idx":10},{"addr":140736882088628,"idx":11},{"addr":140736882092744,"idx":12},{"addr":140736882015316,"idx":13},{"addr":140736882081820,"idx":14},{"addr":140736882106396,"idx":15},{"addr":140736882102691,"idx":16},{"addr":140736882098504,"idx":17},{"addr":140736917358174,"idx":18},{"addr":140736917350275,"idx":19},{"addr":140736897083607,"idx":20},{"addr":140736916996940,"idx":21}],,,,,,,,,,,,,,,,,,,4096,0,17068,,,,,,,,,,,,,,,,,,,,,,,,,,,,,,,,,,,,,,,,,,,,,,,,,,,,,,,,,,,,,,,,,,,,,,,,,,,,,,,,,,,,,,,,,,,,,,,,,,,
"2025-09-02 15:13:17.5759505Z","ETW","Microsoft-Windows-Kernel-Audit-API-Calls",6,"Info ",760,848,"csrss.exe",,,,,,,,,,,,,,,,[{"addr":140736918206948,"idx":0},{"addr":140736867540170,"idx":1},{"addr":140736867571939,"idx":2},{"addr":140736916996962,"idx":3}],,,,,,,,,,,,,,,,,,,2097151,0,17068,18712,,,,,,,,,,,,,,,,,,,,,,,,,,,,,,,,,,,,,,,,,,,,,,,,,,,,,,,,,,,,,,,,,,,,,,,,,,,,,,,,,,,,,,,,,,,,,,,,,,
"2025-09-02 15:13:17.5761125Z","ETW","Microsoft-Windows-Kernel-Audit-API-Calls",5,"Info ",528,11704,"svchost.exe",,,,,,,,,,,,,,,,[{"addr":140736918203764,"idx":0},{"addr":140736872731894,"idx":1},{"addr":140736819653411,"idx":2},{"addr":140736819601237,"idx":3},{"addr":140736819596310,"idx":4},{"addr":140736819588315,"idx":5},{"addr":140736882620003,"idx":6},{"addr":140736882628366,"idx":7},{"addr":140736882319852,"idx":8},{"addr":140736882311415,"idx":9},{"addr":140736882088628,"idx":10},{"addr":140736882092744,"idx":11},{"addr":140736882015316,"idx":12},{"addr":140736882081820,"idx":13},{"addr":140736882106396,"idx":14},{"addr":140736882102691,"idx":15},{"addr":140736882098504,"idx":16},{"addr":140736917358174,"idx":17},{"addr":140736917350275,"idx":18},{"addr":140736897083607,"idx":19},{"addr":140736916996940,"idx":20}],,,,,,,,,,,,,,,,,,,4096,0,17068,,,,,,,,,,,,,,,,,,,,,,,,,,,,,,,,,,,,,,,,,,,,,,,,,,,,,,,,,,,,,,,,,,,,,,,,,,,,,,,,,,,,,,,,,,,,,,,,,,,
"2025-09-02 15:13:17.5764811Z","ETW","Microsoft-Windows-Kernel-Audit-API-Calls",5,"Info ",17068,18712,"Notepad.exe",,,,,,,,,,,,,,,,[{"addr":140736918203764,"idx":0},{"addr":140736872731894,"idx":1},{"addr":140736697808266,"idx":2},{"addr":140736697808036,"idx":3},{"addr":140736697994150,"idx":4},{"addr":140736918195438,"idx":5},{"addr":140736917219838,"idx":6},{"addr":140736917215596,"idx":7},{"addr":140736916995194,"idx":8},{"addr":140736916991491,"idx":9},{"addr":140736916785364,"idx":10},{"addr":140736916784352,"idx":11},{"addr":140736917101952,"idx":12},{"addr":140736872000198,"idx":13},{"addr":140736909363845,"idx":14},{"addr":140736909362547,"idx":15},{"addr":140736909531736,"idx":16},{"addr":140736909524833,"idx":17},{"addr":140736909523551,"idx":18},{"addr":140736701386716,"idx":19},{"addr":140736701386400,"idx":20},{"addr":140733860981388,"idx":21},{"addr":140733860984549,"idx":22},{"addr":140733860989350,"idx":23},{"addr":140733860368179,"idx":24},{"addr":140733860982510,"idx":25},{"addr":140733860982231,"idx":26},{"addr":140733860374919,"idx":27},{"addr":140733860371267,"idx":28},{"addr":140733859561251,"idx":29},{"addr":140733861734396,"idx":30},{"addr":140733860157428,"idx":31},{"addr":140733860156853,"idx":32},{"addr":140733860156695,"idx":33},{"addr":140733914654643,"idx":34},{"addr":140733914654458,"idx":35},{"addr":140733914643446,"idx":36},{"addr":140733914643141,"idx":37},{"addr":140733914646316,"idx":38},{"addr":140696713950870,"idx":39},{"addr":140696713413098,"idx":40},{"addr":140696713933862,"idx":41},{"addr":140696713892868,"idx":42},{"addr":140736876328880,"idx":43},{"addr":140736897083607,"idx":44},{"addr":140736916996940,"idx":45}],,,,,,,,,,,,,,,,,,,4096,0,17068,,,,,,,,,,,,,,,,,,,,,,,,,,,,,,,,,,,,,,,,,,,,,,,,,,,,,,,,,,,,,,,,,,,,,,,,,,,,,,,,,,,,,,,,,,,,,,,,,,,
"2025-09-02 15:13:17.5767345Z","ETW","Microsoft-Windows-Kernel-Process",6,"ImageUnloadInfo ",17068,3980,"Notepad.exe",,,,"C:\Windows\System32\ResourcePolicyClient.dll",,,,,,,,,,,,[{"addr":140736918203892,"idx":0},{"addr":140736917028534,"idx":1},{"addr":140736916779098,"idx":2},{"addr":140736916773567,"idx":3},{"addr":140736872000489,"idx":4},{"addr":140736821734943,"idx":5},{"addr":140736821962005,"idx":6},{"addr":140736821718812,"idx":7},{"addr":140736821718361,"idx":8},{"addr":140736821478507,"idx":9},{"addr":140736821476572,"idx":10},{"addr":140736821475930,"idx":11},{"addr":140736821477466,"idx":12},{"addr":140736821714085,"idx":13},{"addr":140733860686076,"idx":14},{"addr":140733860685281,"idx":15},{"addr":140733860685009,"idx":16},{"addr":140736897083607,"idx":17},{"addr":140736916996940,"idx":18}],,,,,,,,,17068,,,,,,,,,,,,,,,,,,,,,,,,,,,,,,,,,,,,2069163340,140736825786368,140736825786368,104020,94208,,,,,,,,,,,,,,,,,,,,,,,,,,,,,,,,,,,,,,,,,,,,,,,,,,,,,,,,,,,,,,,,,,,,,,,
"2025-09-02 15:13:17.5770796Z","ETW","Microsoft-Windows-Kernel-Process",5,"ImageLoadInfo ",17068,3980,"Notepad.exe",,,,"C:\Windows\System32\directxdatabasehelper.dll",,,,,,,,,,,,[{"addr":140736918203828,"idx":0},{"addr":140736917192506,"idx":1},{"addr":140736917191278,"idx":2},{"addr":140736917210764,"idx":3},{"addr":140736917202269,"idx":4},{"addr":140736917259140,"idx":5},{"addr":140736916785248,"idx":6},{"addr":140736916786774,"idx":7},{"addr":140736917021315,"idx":8},{"addr":140736917023197,"idx":9},{"addr":140736821738210,"idx":10},{"addr":140736821867495,"idx":11},{"addr":140736821719118,"idx":12},{"addr":140736821718361,"idx":13},{"addr":140736821478507,"idx":14},{"addr":140736821476572,"idx":15},{"addr":140736821475930,"idx":16},{"addr":140736821477466,"idx":17},{"addr":140736821714085,"idx":18},{"addr":140733860686076,"idx":19},{"addr":140733860685281,"idx":20},{"addr":140733860685009,"idx":21},{"addr":140736897083607,"idx":22},{"addr":140736916996940,"idx":23}],,,,,,,,,17068,,,,,,,,,,,,,,,,,,,,,,,,,,,,,,,,,,,,741009652,140736772046848,140736772046848,486960,434176,,,,,,,,,,,,,,,,,,,,,,,,,,,,,,,,,,,,,,,,,,,,,,,,,,,,,,,,,,,,,,,,,,,,,,,
"2025-09-02 15:13:17.5810340Z","ETW","Microsoft-Windows-Kernel-Process",5,"ImageLoadInfo ",17068,18712,"Notepad.exe",,,,"C:\Windows\System32\AppXDeploymentClient.dll",,,,,,,,,,,,[{"addr":140736918203828,"idx":0},{"addr":140736917192506,"idx":1},{"addr":140736917191278,"idx":2},{"addr":140736917210764,"idx":3},{"addr":140736917201516,"idx":4},{"addr":140736917258922,"idx":5},{"addr":140736916785248,"idx":6},{"addr":140736916784352,"idx":7},{"addr":140736917101952,"idx":8},{"addr":140736872000198,"idx":9},{"addr":140736350638455,"idx":10},{"addr":140736350637577,"idx":11},{"addr":140736350642393,"idx":12},{"addr":140734016875138,"idx":13},{"addr":140735690462367,"idx":14},{"addr":140735690491074,"idx":15},{"addr":140735690494312,"idx":16},{"addr":140736909521776,"idx":17},{"addr":140736909520558,"idx":18},{"addr":140736909517865,"idx":19},{"addr":140733861876667,"idx":20},{"addr":140733860374158,"idx":21},{"addr":140733861822405,"idx":22},{"addr":140733861699782,"idx":23},{"addr":140733861699668,"idx":24},{"addr":140733860272365,"idx":25},{"addr":140733859799126,"idx":26},{"addr":140733860136801,"idx":27},{"addr":140733860136554,"idx":28},{"addr":140733860375347,"idx":29},{"addr":140733860982341,"idx":30},{"addr":140733860982231,"idx":31},{"addr":140733860374919,"idx":32},{"addr":140733860371267,"idx":33},{"addr":140733859561251,"idx":34},{"addr":140733861734396,"idx":35},{"addr":140733860157428,"idx":36},{"addr":140733860156853,"idx":37},{"addr":140733860156695,"idx":38},{"addr":140733914654643,"idx":39},{"addr":140733914654458,"idx":40},{"addr":140733914643446,"idx":41},{"addr":140733914643141,"idx":42},{"addr":140733914646316,"idx":43},{"addr":140696713950870,"idx":44},{"addr":140696713413098,"idx":45},{"addr":140696713933862,"idx":46},{"addr":140696713892868,"idx":47},{"addr":140736876328880,"idx":48},{"addr":140736897083607,"idx":49},{"addr":140736916996940,"idx":50}],,,,,,,,,17068,,,,,,,,,,,,,,,,,,,,,,,,,,,,,,,,,,,,2766280966,140736722894848,140736722894848,1518226,1503232,,,,,,,,,,,,,,,,,,,,,,,,,,,,,,,,,,,,,,,,,,,,,,,,,,,,,,,,,,,,,,,,,,,,,,,
"2025-09-02 15:13:17.5818070Z","ETW","Microsoft-Windows-Kernel-Process",5,"ImageLoadInfo ",17068,3980,"Notepad.exe",,,,"C:\Windows\System32\d3d10warp.dll",,,,,,,,,,,,[{"addr":140736918203828,"idx":0},{"addr":140736917192506,"idx":1},{"addr":140736917191278,"idx":2},{"addr":140736917210764,"idx":3},{"addr":140736917201516,"idx":4},{"addr":140736917258922,"idx":5},{"addr":140736916785248,"idx":6},{"addr":140736916784352,"idx":7},{"addr":140736917101952,"idx":8},{"addr":140736872000198,"idx":9},{"addr":140736821404050,"idx":10},{"addr":140736803796665,"idx":11},{"addr":140736803791217,"idx":12},{"addr":140736803705062,"idx":13},{"addr":140736803697254,"idx":14},{"addr":140736803878163,"idx":15},{"addr":140736803908446,"idx":16},{"addr":140736803908268,"idx":17},{"addr":140736803914646,"idx":18},{"addr":140733860688371,"idx":19},{"addr":140733860685555,"idx":20},{"addr":140733860685009,"idx":21},{"addr":140736897083607,"idx":22},{"addr":140736916996940,"idx":23}],,,,,,,,,17068,,,,,,,,,,,,,,,,,,,,,,,,,,,,,,,,,,,,426759432,140736750878720,140736750878720,6027108,5988352,,,,,,,,,,,,,,,,,,,,,,,,,,,,,,,,,,,,,,,,,,,,,,,,,,,,,,,,,,,,,,,,,,,,,,,
"2025-09-02 15:13:17.5822804Z","ETW","Microsoft-Windows-Kernel-Process",6,"ImageUnloadInfo ",17068,18712,"Notepad.exe",,,,"C:\Windows\System32\AppXDeploymentClient.dll",,,,,,,,,,,,[{"addr":140736918203892,"idx":0},{"addr":140736917028534,"idx":1},{"addr":140736916779098,"idx":2},{"addr":140736916773567,"idx":3},{"addr":140736872000489,"idx":4},{"addr":140736350643541,"idx":5},{"addr":140736350634610,"idx":6},{"addr":140736350634347,"idx":7},{"addr":140736350639619,"idx":8},{"addr":140736350637577,"idx":9},{"addr":140736350642393,"idx":10},{"addr":140734016875138,"idx":11},{"addr":140735690462367,"idx":12},{"addr":140735690491074,"idx":13},{"addr":140735690494312,"idx":14},{"addr":140736909521776,"idx":15},{"addr":140736909520558,"idx":16},{"addr":140736909517865,"idx":17},{"addr":140733861876667,"idx":18},{"addr":140733860374158,"idx":19},{"addr":140733861822405,"idx":20},{"addr":140733861699782,"idx":21},{"addr":140733861699668,"idx":22},{"addr":140733860272365,"idx":23},{"addr":140733859799126,"idx":24},{"addr":140733860136801,"idx":25},{"addr":140733860136554,"idx":26},{"addr":140733860375347,"idx":27},{"addr":140733860982341,"idx":28},{"addr":140733860982231,"idx":29},{"addr":140733860374919,"idx":30},{"addr":140733860371267,"idx":31},{"addr":140733859561251,"idx":32},{"addr":140733861734396,"idx":33},{"addr":140733860157428,"idx":34},{"addr":140733860156853,"idx":35},{"addr":140733860156695,"idx":36},{"addr":140733914654643,"idx":37},{"addr":140733914654458,"idx":38},{"addr":140733914643446,"idx":39},{"addr":140733914643141,"idx":40},{"addr":140733914646316,"idx":41},{"addr":140696713950870,"idx":42},{"addr":140696713413098,"idx":43},{"addr":140696713933862,"idx":44},{"addr":140696713892868,"idx":45},{"addr":140736876328880,"idx":46},{"addr":140736897083607,"idx":47},{"addr":140736916996940,"idx":48}],,,,,,,,,17068,,,,,,,,,,,,,,,,,,,,,,,,,,,,,,,,,,,,2766280966,140736722894848,140736722894848,1518226,1515520,,,,,,,,,,,,,,,,,,,,,,,,,,,,,,,,,,,,,,,,,,,,,,,,,,,,,,,,,,,,,,,,,,,,,,,
"2025-09-02 15:13:17.5825489Z","ETW","Microsoft-Windows-Kernel-Audit-API-Calls",5,"Info ",17068,3980,"Notepad.exe",,,,,,,,,,,,,,,,[{"addr":140736876137252,"idx":0},{"addr":140736803693221,"idx":1},{"addr":140736803693489,"idx":2},{"addr":140736803419410,"idx":3},{"addr":140736803417894,"idx":4},{"addr":140736803459531,"idx":5},{"addr":140736803461042,"idx":6},{"addr":140736803460006,"idx":7},{"addr":140736804015323,"idx":8},{"addr":140736803691627,"idx":9},{"addr":140736803705684,"idx":10},{"addr":140736803705946,"idx":11},{"addr":140736803691169,"idx":12},{"addr":140736803700219,"idx":13},{"addr":140736803702775,"idx":14},{"addr":140736803696639,"idx":15},{"addr":140736803878163,"idx":16},{"addr":140736803908446,"idx":17},{"addr":140736803908268,"idx":18},{"addr":140736803914646,"idx":19},{"addr":140733860688371,"idx":20},{"addr":140733860685555,"idx":21},{"addr":140733860685009,"idx":22},{"addr":140736897083607,"idx":23},{"addr":140736916996940,"idx":24}],,,,,,,,,,,,,,,,,,,64,0,17068,,,,,,,,,,,,,,,,,,,,,,,,,,,,,,,,,,,,,,,,,,,,,,,,,,,,,,,,,,,,,,,,,,,,,,,,,,,,,,,,,,,,,,,,,,,,,,,,,,,
"2025-09-02 15:13:17.5845882Z","ETW","Microsoft-Windows-Kernel-Audit-API-Calls",5,"Info ",2644,2676,"svchost.exe",,,,,,,,,,,,,,,,[{"addr":140736918206916,"idx":0},{"addr":140736673549164,"idx":1},{"addr":140736673667204,"idx":2},{"addr":140736673553439,"idx":3},{"addr":140736673552238,"idx":4},{"addr":140736674069630,"idx":5},{"addr":140736897083607,"idx":6},{"addr":140736916996940,"idx":7}],,,,,,,,,,,,,,,,,,,64,0,17068,,,,,,,,,,,,,,,,,,,,,,,,,,,,,,,,,,,,,,,,,,,,,,,,,,,,,,,,,,,,,,,,,,,,,,,,,,,,,,,,,,,,,,,,,,,,,,,,,,,
"2025-09-02 15:13:17.5847033Z","ETW","Microsoft-Windows-Kernel-Audit-API-Calls",5,"Info ",2644,2676,"svchost.exe",,,,,,,,,,,,,,,,[{"addr":140736918206916,"idx":0},{"addr":140736673549164,"idx":1},{"addr":140736673550120,"idx":2},{"addr":140736673552852,"idx":3},{"addr":140736673552238,"idx":4},{"addr":140736674069630,"idx":5},{"addr":140736897083607,"idx":6},{"addr":140736916996940,"idx":7}],,,,,,,,,,,,,,,,,,,64,0,17068,,,,,,,,,,,,,,,,,,,,,,,,,,,,,,,,,,,,,,,,,,,,,,,,,,,,,,,,,,,,,,,,,,,,,,,,,,,,,,,,,,,,,,,,,,,,,,,,,,,
"2025-09-02 15:13:17.5854677Z","ETW","Microsoft-Windows-Kernel-Audit-API-Calls",5,"Info ",2644,2676,"svchost.exe",,,,,,,,,,,,,,,,[{"addr":140736918206916,"idx":0},{"addr":140736673549164,"idx":1},{"addr":140736673550120,"idx":2},{"addr":140736673552852,"idx":3},{"addr":140736673552238,"idx":4},{"addr":140736674069630,"idx":5},{"addr":140736897083607,"idx":6},{"addr":140736916996940,"idx":7}],,,,,,,,,,,,,,,,,,,64,0,17068,,,,,,,,,,,,,,,,,,,,,,,,,,,,,,,,,,,,,,,,,,,,,,,,,,,,,,,,,,,,,,,,,,,,,,,,,,,,,,,,,,,,,,,,,,,,,,,,,,,
"2025-09-02 15:13:17.5860648Z","ETW","Microsoft-Windows-Kernel-Process",5,"ImageLoadInfo ",17068,3980,"Notepad.exe",,,,"C:\Windows\System32\TextShaping.dll",,,,,,,,,,,,[{"addr":140736918203828,"idx":0},{"addr":140736917192506,"idx":1},{"addr":140736917191278,"idx":2},{"addr":140736917210764,"idx":3},{"addr":140736917201516,"idx":4},{"addr":140736917258922,"idx":5},{"addr":140736916785248,"idx":6},{"addr":140736916786774,"idx":7},{"addr":140736917021315,"idx":8},{"addr":140736917023197,"idx":9},{"addr":140736795166530,"idx":10},{"addr":140736795305733,"idx":11},{"addr":140736794479174,"idx":12},{"addr":140736794594528,"idx":13},{"addr":140736794591355,"idx":14},{"addr":140736794587876,"idx":15},{"addr":140736794419359,"idx":16},{"addr":140736794853546,"idx":17},{"addr":140736794851703,"idx":18},{"addr":140736794845834,"idx":19},{"addr":140736798099462,"idx":20},{"addr":140736798094117,"idx":21},{"addr":140736798093533,"idx":22},{"addr":140736798375876,"idx":23},{"addr":140733860548413,"idx":24},{"addr":140733860685046,"idx":25},{"addr":140736897083607,"idx":26},{"addr":140736916996940,"idx":27}],,,,,,,,,17068,,,,,,,,,,,,,,,,,,,,,,,,,,,,,,,,,,,,1814550754,140736700219392,140736700219392,757881,733184,,,,,,,,,,,,,,,,,,,,,,,,,,,,,,,,,,,,,,,,,,,,,,,,,,,,,,,,,,,,,,,,,,,,,,,
"2025-09-02 15:13:17.5863033Z","ETW","Microsoft-Windows-Kernel-Audit-API-Calls",5,"Info ",2644,2676,"svchost.exe",,,,,,,,,,,,,,,,[{"addr":140736918206916,"idx":0},{"addr":140736673549164,"idx":1},{"addr":140736673550120,"idx":2},{"addr":140736673552852,"idx":3},{"addr":140736673552238,"idx":4},{"addr":140736674069630,"idx":5},{"addr":140736897083607,"idx":6},{"addr":140736916996940,"idx":7}],,,,,,,,,,,,,,,,,,,64,0,17068,,,,,,,,,,,,,,,,,,,,,,,,,,,,,,,,,,,,,,,,,,,,,,,,,,,,,,,,,,,,,,,,,,,,,,,,,,,,,,,,,,,,,,,,,,,,,,,,,,,
"2025-09-02 15:13:17.5873831Z","ETW","Microsoft-Windows-Kernel-Process",4,"ThreadStopStop ",17068,3980,"Notepad.exe",,,,,,,,,,,,,,,,[],,,,,,,,42701360,17068,18446639081571360768,18446639081571336192,140733860684928,0,131192348672,3980,131205169152,131205144576,140733860684928,,,,,,,,,,,,,,,,,,,,,,,,,,,,,,,,,,,,,,,,,,,,,,,,,,,,,,,,,,,,,,,,,,,,,,,,,,,,,,,,,,,,,,,,,,,,,,,,,,,,,,
"2025-09-02 15:13:17.5935849Z","ETW","Microsoft-Windows-Kernel-Process",5,"ImageLoadInfo ",17068,18712,"Notepad.exe",,,,"C:\Program Files\WindowsApps\Microsoft.WindowsAppRuntime.1.7_7000.522.1444.0_x64__8wekyb3d8bbwe\Microsoft.UI.Xaml.Controls.dll",,,,,,,,,,,,[{"addr":140736918203828,"idx":0},{"addr":140736917192506,"idx":1},{"addr":140736917191278,"idx":2},{"addr":140736917210764,"idx":3},{"addr":140736917202269,"idx":4},{"addr":140736917259140,"idx":5},{"addr":140736916785248,"idx":6},{"addr":140736916784352,"idx":7},{"addr":140736917101952,"idx":8},{"addr":140736872000198,"idx":9},{"addr":140736909363845,"idx":10},{"addr":140736909362547,"idx":11},{"addr":140736909531736,"idx":12},{"addr":140736909524833,"idx":13},{"addr":140736909523551,"idx":14},{"addr":140733913988054,"idx":15},{"addr":140733915401727,"idx":16},{"addr":140733914697241,"idx":17},{"addr":140733914665500,"idx":18},{"addr":140733860450976,"idx":19},{"addr":140733861019753,"idx":20},{"addr":140733861143218,"idx":21},{"addr":140733860808338,"idx":22},{"addr":140733860505546,"idx":23},{"addr":140733859493594,"idx":24},{"addr":140733860268469,"idx":25},{"addr":140733859796195,"idx":26},{"addr":140733860486904,"idx":27},{"addr":140733860486308,"idx":28},{"addr":140733860485949,"idx":29},{"addr":140733860485625,"idx":30},{"addr":140733860485435,"idx":31},{"addr":140733914473576,"idx":32},{"addr":140733914473890,"idx":33},{"addr":140733914468431,"idx":34},{"addr":140733914467780,"idx":35},{"addr":140733914469801,"idx":36},{"addr":140696713934000,"idx":37},{"addr":140696713892868,"idx":38},{"addr":140736876328880,"idx":39},{"addr":140736897083607,"idx":40},{"addr":140736916996940,"idx":41}],,,,,,,,,17068,,,,,,,,,,,,,,,,,,,,,,,,,,,,,,,,,,,,1585339835,140733801889792,140733801889792,6651234,6660096,,,,,,,,,,,,,,,,,,,,,,,,,,,,,,,,,,,,,,,,,,,,,,,,,,,,,,,,,,,,,,,,,,,,,,,
"2025-09-02 15:13:17.5941623Z","ETW","Microsoft-Antimalware-Engine",59,"Message Info ",1912,10404,"MsMpEng.exe",,,,,,0,"Behavior:Win32/SuspDllSideLoaded.B","0x1A5B3D8FF6402","84db5fe770e0d0198f480427d1ce9babd9f03e0e",,,,,,,[],,,,,,,,,,,,,,,,,,,,,,,,,,,,,,,,,,,,,,,,,,,,,,,,,,,,,,,,,,,,,,,,,,,,,,,,,,,,,,,,,,,,,,,,,,,,,,,,,,,,,,,,,,,,,,,,,,,,,,,,
"2025-09-02 15:13:17.5993271Z","ETW","Microsoft-Windows-Kernel-Audit-API-Calls",6,"Info ",1912,8,"MsMpEng.exe",,,,,,,,,,,,,,,,[{"addr":140736918212548,"idx":0},{"addr":140736872857142,"idx":1},{"addr":140736738243895,"idx":2},{"addr":140736738242452,"idx":3},{"addr":140736657604428,"idx":4},{"addr":140736657598535,"idx":5},{"addr":140736657597146,"idx":6},{"addr":140736658259206,"idx":7},{"addr":140736657749938,"idx":8},{"addr":140736657909615,"idx":9},{"addr":140736658079503,"idx":10},{"addr":140736897083607,"idx":11},{"addr":140736916996940,"idx":12}],,,,,,,,,,,,,,,,,,,2097151,0,1912,8,,,,,,,,,,,,,,,,,,,,,,,,,,,,,,,,,,,,,,,,,,,,,,,,,,,,,,,,,,,,,,,,,,,,,,,,,,,,,,,,,,,,,,,,,,,,,,,,,,
"2025-09-02 15:13:17.6073553Z","ETW","Microsoft-Windows-Kernel-Process",3,"ThreadStartStart ",17068,18712,"Notepad.exe",,,,,,,,,,,,,,,,[{"addr":140736918208964,"idx":0},{"addr":140736872776761,"idx":1},{"addr":140736897102141,"idx":2},{"addr":140736876812648,"idx":3},{"addr":140696714043834,"idx":4},{"addr":140696713942141,"idx":5},{"addr":140696713735184,"idx":6},{"addr":140696713733998,"idx":7},{"addr":140696713934080,"idx":8},{"addr":140696713892868,"idx":9},{"addr":140736876328880,"idx":10},{"addr":140736897083607,"idx":11},{"addr":140736916996940,"idx":12}],,,,,,,,,17068,18446639081571360768,18446639081571336192,140736876328832,0,131192365056,12168,131205169152,131205165056,140736876328832,,,,,,,,,,,,,,,,,,,,,,,,,,,,,,,,,,,,,,,,,,,,,,,,,,,,,,,,,,,,,,,,,,,,,,,,,,,,,,,,,,,,,,,,,,,,,,,,,,,,,,
"2025-09-02 15:13:17.6082379Z","ETW","Microsoft-Windows-Kernel-File",30,"CreateNewFileInfo ",17068,12168,"Notepad.exe",,,,"C:\Users\hacker\AppData\Local\Packages\Microsoft.WindowsNotepad_8wekyb3d8bbwe\LocalState\WindowState\37f08f32-4881-44d9-8e09-fc80ac61a93e.0.bin",,,,,,,,,,,,[{"addr":140736918205268,"idx":0},{"addr":140736872716567,"idx":1},{"addr":140736872407957,"idx":2},{"addr":140736876551228,"idx":3},{"addr":140736876550857,"idx":4},{"addr":140736876549874,"idx":5},{"addr":140736876555588,"idx":6},{"addr":140736645606618,"idx":7},{"addr":140696714101168,"idx":8},{"addr":140696714101035,"idx":9},{"addr":140696714154697,"idx":10},{"addr":140696714044348,"idx":11},{"addr":140696714024731,"idx":12},{"addr":140696714052590,"idx":13},{"addr":140736876328880,"idx":14},{"addr":140736897083607,"idx":15},{"addr":140736916996940,"idx":16}],128,84017248,18446660010973899152,18446660010799999624,12168,3,,,,,,,,,,,,,,,,,,,,,,,,,,,,,,,,,,,,,,,,,,,,,,,,,,,,,,,,,,,,,,,,,,,,,,,,,,,,,,,,,,,,,,,,,,,,,,,,,,,,,,,,,,,,,,,,,,
"2025-09-02 15:13:17.6082567Z","ETW","Microsoft-Windows-Kernel-File",10,"NameCreateInfo ",17068,12168,"Notepad.exe",,,,"C:\Users\hacker\AppData\Local\Packages\Microsoft.WindowsNotepad_8wekyb3d8bbwe\LocalState\WindowState\37f08f32-4881-44d9-8e09-fc80ac61a93e.0.bin",,,,,,,,,,,,[{"addr":140736918205268,"idx":0},{"addr":140736872716567,"idx":1},{"addr":140736872407957,"idx":2},{"addr":140736876551228,"idx":3},{"addr":140736876550857,"idx":4},{"addr":140736876549874,"idx":5},{"addr":140736876555588,"idx":6},{"addr":140736645606618,"idx":7},{"addr":140696714101168,"idx":8},{"addr":140696714101035,"idx":9},{"addr":140696714154697,"idx":10},{"addr":140696714044348,"idx":11},{"addr":140696714024731,"idx":12},{"addr":140696714052590,"idx":13},{"addr":140736876328880,"idx":14},{"addr":140736897083607,"idx":15},{"addr":140736916996940,"idx":16}],,,,,,,18446708904992438208,,,,,,,,,,,,,,,,,,,,,,,,,,,,,,,,,,,,,,,,,,,,,,,,,,,,,,,,,,,,,,,,,,,,,,,,,,,,,,,,,,,,,,,,,,,,,,,,,,,,,,,,,,,,,,,,,
"2025-09-02 15:13:17.6084637Z","ETW","Microsoft-Windows-Kernel-Process",5,"ImageLoadInfo ",17068,18712,"Notepad.exe",,,,"C:\Windows\System32\msctf.dll",,,,,,,,,,,,[{"addr":140736918203828,"idx":0},{"addr":140736917192506,"idx":1},{"addr":140736917191278,"idx":2},{"addr":140736917190209,"idx":3},{"addr":140736916804181,"idx":4},{"addr":140736916785218,"idx":5},{"addr":140736916786774,"idx":6},{"addr":140736917021315,"idx":7},{"addr":140736917023197,"idx":8},{"addr":140736896668978,"idx":9},{"addr":140736896681008,"idx":10},{"addr":140736896667516,"idx":11},{"addr":140736914114250,"idx":12},{"addr":140736914114102,"idx":13},{"addr":140736914162134,"idx":14},{"addr":140736914160220,"idx":15},{"addr":140736914286798,"idx":16},{"addr":140736918218964,"idx":17},{"addr":140736876126340,"idx":18},{"addr":140736914229722,"idx":19},{"addr":140736914228583,"idx":20},{"addr":140736914228082,"idx":21},{"addr":140696713931625,"idx":22},{"addr":140696713483293,"idx":23},{"addr":140696713732826,"idx":24},{"addr":140696713735618,"idx":25},{"addr":140696713733998,"idx":26},{"addr":140696713934080,"idx":27},{"addr":140696713892868,"idx":28},{"addr":140736876328880,"idx":29},{"addr":140736897083607,"idx":30},{"addr":140736916996940,"idx":31}],,,,,,,,,17068,,,,,,,,,,,,,,,,,,,,,,,,,,,,,,,,,,,,2469319063,140736900562944,140736900562944,1473651,1445888,,,,,,,,,,,,,,,,,,,,,,,,,,,,,,,,,,,,,,,,,,,,,,,,,,,,,,,,,,,,,,,,,,,,,,,
"2025-09-02 15:13:17.6085976Z","ETW","Microsoft-Windows-Kernel-File",30,"CreateNewFileInfo ",17068,12168,"Notepad.exe",,,,"C:\Users\hacker\AppData\Local\Packages\Microsoft.WindowsNotepad_8wekyb3d8bbwe\LocalState\WindowState\37f08f32-4881-44d9-8e09-fc80ac61a93e.1.bin",,,,,,,,,,,,[{"addr":140736918205268,"idx":0},{"addr":140736872716567,"idx":1},{"addr":140736872407957,"idx":2},{"addr":140736876551228,"idx":3},{"addr":140736876550857,"idx":4},{"addr":140736876549874,"idx":5},{"addr":140736876555588,"idx":6},{"addr":140736645606618,"idx":7},{"addr":140696714101168,"idx":8},{"addr":140696714101035,"idx":9},{"addr":140696714154829,"idx":10},{"addr":140696714044348,"idx":11},{"addr":140696714024731,"idx":12},{"addr":140696714052590,"idx":13},{"addr":140736876328880,"idx":14},{"addr":140736897083607,"idx":15},{"addr":140736916996940,"idx":16}],128,84017248,18446660011106695808,18446660011101446392,12168,3,,,,,,,,,,,,,,,,,,,,,,,,,,,,,,,,,,,,,,,,,,,,,,,,,,,,,,,,,,,,,,,,,,,,,,,,,,,,,,,,,,,,,,,,,,,,,,,,,,,,,,,,,,,,,,,,,,
"2025-09-02 15:13:17.6086086Z","ETW","Microsoft-Windows-Kernel-File",10,"NameCreateInfo ",17068,12168,"Notepad.exe",,,,"C:\Users\hacker\AppData\Local\Packages\Microsoft.WindowsNotepad_8wekyb3d8bbwe\LocalState\WindowState\37f08f32-4881-44d9-8e09-fc80ac61a93e.1.bin",,,,,,,,,,,,[{"addr":140736918205268,"idx":0},{"addr":140736872716567,"idx":1},{"addr":140736872407957,"idx":2},{"addr":140736876551228,"idx":3},{"addr":140736876550857,"idx":4},{"addr":140736876549874,"idx":5},{"addr":140736876555588,"idx":6},{"addr":140736645606618,"idx":7},{"addr":140696714101168,"idx":8},{"addr":140696714101035,"idx":9},{"addr":140696714154829,"idx":10},{"addr":140696714044348,"idx":11},{"addr":140696714024731,"idx":12},{"addr":140696714052590,"idx":13},{"addr":140736876328880,"idx":14},{"addr":140736897083607,"idx":15},{"addr":140736916996940,"idx":16}],,,,,,,18446708904376896368,,,,,,,,,,,,,,,,,,,,,,,,,,,,,,,,,,,,,,,,,,,,,,,,,,,,,,,,,,,,,,,,,,,,,,,,,,,,,,,,,,,,,,,,,,,,,,,,,,,,,,,,,,,,,,,,,
"2025-09-02 15:13:17.6302372Z","ETW","Microsoft-Windows-Kernel-Process",5,"ImageLoadInfo ",17068,18712,"Notepad.exe",,,,"C:\Program Files\WindowsApps\Microsoft.WindowsAppRuntime.1.7_7000.522.1444.0_x64__8wekyb3d8bbwe\dcompi.dll",,,,,,,,,,,,[{"addr":140736918203828,"idx":0},{"addr":140736917192506,"idx":1},{"addr":140736917191278,"idx":2},{"addr":140736917210764,"idx":3},{"addr":140736917202269,"idx":4},{"addr":140736917259140,"idx":5},{"addr":140736916785248,"idx":6},{"addr":140736916784352,"idx":7},{"addr":140736917101952,"idx":8},{"addr":140736872000198,"idx":9},{"addr":140736909363845,"idx":10},{"addr":140736909362547,"idx":11},{"addr":140736909531736,"idx":12},{"addr":140736909524833,"idx":13},{"addr":140736909523551,"idx":14},{"addr":140733861783667,"idx":15},{"addr":140733860828750,"idx":16},{"addr":140733860823411,"idx":17},{"addr":140733861222277,"idx":18},{"addr":140733861525296,"idx":19},{"addr":140733861525202,"idx":20},{"addr":140733861524939,"idx":21},{"addr":140733861524781,"idx":22},{"addr":140733862068096,"idx":23},{"addr":140733859561251,"idx":24},{"addr":140733864570890,"idx":25},{"addr":140733862065886,"idx":26},{"addr":140733860153715,"idx":27},{"addr":140733859561251,"idx":28},{"addr":140733861744758,"idx":29},{"addr":140733861821566,"idx":30},{"addr":140733861821319,"idx":31},{"addr":140733861821207,"idx":32},{"addr":140696713413482,"idx":33},{"addr":140696713413852,"idx":34},{"addr":140696713414194,"idx":35},{"addr":140696713952331,"idx":36},{"addr":140696713617064,"idx":37},{"addr":140696713493792,"idx":38},{"addr":140696713931685,"idx":39},{"addr":140696713483293,"idx":40},{"addr":140696713732826,"idx":41},{"addr":140696713735618,"idx":42},{"addr":140696713733998,"idx":43},{"addr":140696713934080,"idx":44},{"addr":140696713892868,"idx":45},{"addr":140736876328880,"idx":46},{"addr":140736897083607,"idx":47},{"addr":140736916996940,"idx":48}],,,,,,,,,17068,,,,,,,,,,,,,,,,,,,,,,,,,,,,,,,,,,,,724326035,140733988274176,140733988274176,1741498,1683456,,,,,,,,,,,,,,,,,,,,,,,,,,,,,,,,,,,,,,,,,,,,,,,,,,,,,,,,,,,,,,,,,,,,,,,
"2025-09-02 15:13:17.6309243Z","ETW","Microsoft-Windows-Kernel-Process",5,"ImageLoadInfo ",17068,8032,"Notepad.exe",,,,"C:\Program Files\WindowsApps\Microsoft.WindowsAppRuntime.1.7_7000.522.1444.0_x64__8wekyb3d8bbwe\marshal.dll",,,,,,,,,,,,[{"addr":140736918203828,"idx":0},{"addr":140736917192506,"idx":1},{"addr":140736917191278,"idx":2},{"addr":140736917210764,"idx":3},{"addr":140736917201516,"idx":4},{"addr":140736917258922,"idx":5},{"addr":140736917255216,"idx":6},{"addr":140736917350945,"idx":7},{"addr":140736897083607,"idx":8},{"addr":140736916996940,"idx":9}],,,,,,,,,17068,,,,,,,,,,,,,,,,,,,,,,,,,,,,,,,,,,,,308346505,140734014226432,140734014226432,527316,512000,,,,,,,,,,,,,,,,,,,,,,,,,,,,,,,,,,,,,,,,,,,,,,,,,,,,,,,,,,,,,,,,,,,,,,,
"2025-09-02 15:13:17.6310833Z","ETW","Microsoft-Windows-Kernel-Process",5,"ImageLoadInfo ",17068,18712,"Notepad.exe",,,,"C:\Program Files\WindowsApps\Microsoft.WindowsAppRuntime.1.7_7000.522.1444.0_x64__8wekyb3d8bbwe\Microsoft.UI.Composition.OSSupport.dll",,,,,,,,,,,,[{"addr":140736918203828,"idx":0},{"addr":140736917192506,"idx":1},{"addr":140736917191278,"idx":2},{"addr":140736917210764,"idx":3},{"addr":140736917201516,"idx":4},{"addr":140736917258922,"idx":5},{"addr":140736916999751,"idx":6},{"addr":140736916785258,"idx":7},{"addr":140736916784352,"idx":8},{"addr":140736917101952,"idx":9},{"addr":140736872000198,"idx":10},{"addr":140736909363845,"idx":11},{"addr":140736909362547,"idx":12},{"addr":140736909531736,"idx":13},{"addr":140736909524833,"idx":14},{"addr":140736909523551,"idx":15},{"addr":140733861783667,"idx":16},{"addr":140733860828750,"idx":17},{"addr":140733860823411,"idx":18},{"addr":140733861222277,"idx":19},{"addr":140733861525296,"idx":20},{"addr":140733861525202,"idx":21},{"addr":140733861524939,"idx":22},{"addr":140733861524781,"idx":23},{"addr":140733862068096,"idx":24},{"addr":140733859561251,"idx":25},{"addr":140733864570890,"idx":26},{"addr":140733862065886,"idx":27},{"addr":140733860153715,"idx":28},{"addr":140733859561251,"idx":29},{"addr":140733861744758,"idx":30},{"addr":140733861821566,"idx":31},{"addr":140733861821319,"idx":32},{"addr":140733861821207,"idx":33},{"addr":140696713413482,"idx":34},{"addr":140696713413852,"idx":35},{"addr":140696713414194,"idx":36},{"addr":140696713952331,"idx":37},{"addr":140696713617064,"idx":38},{"addr":140696713493792,"idx":39},{"addr":140696713931685,"idx":40},{"addr":140696713483293,"idx":41},{"addr":140696713732826,"idx":42},{"addr":140696713735618,"idx":43},{"addr":140696713733998,"idx":44},{"addr":140696713934080,"idx":45},{"addr":140696713892868,"idx":46},{"addr":140736876328880,"idx":47},{"addr":140736897083607,"idx":48},{"addr":140736916996940,"idx":49}],,,,,,,,,17068,,,,,,,,,,,,,,,,,,,,,,,,,,,,,,,,,,,,2325998336,140735836585984,140735836585984,83672,57344,,,,,,,,,,,,,,,,,,,,,,,,,,,,,,,,,,,,,,,,,,,,,,,,,,,,,,,,,,,,,,,,,,,,,,,
"2025-09-02 15:13:17.6311704Z","ETW","Microsoft-Antimalware-Engine",59,"Message Info ",1912,10404,"MsMpEng.exe",,,,,,0,"Behavior:Win32/SuspDllSideLoaded.B","0x1A5B3D8FF6402","84db5fe770e0d0198f480427d1ce9babd9f03e0e",,,,,,,[],,,,,,,,,,,,,,,,,,,,,,,,,,,,,,,,,,,,,,,,,,,,,,,,,,,,,,,,,,,,,,,,,,,,,,,,,,,,,,,,,,,,,,,,,,,,,,,,,,,,,,,,,,,,,,,,,,,,,,,,
"2025-09-02 15:13:17.6312531Z","ETW","Microsoft-Windows-Kernel-Process",5,"ImageLoadInfo ",17068,9820,"Notepad.exe",,,,"C:\Program Files\WindowsApps\Microsoft.WindowsAppRuntime.1.7_7000.522.1444.0_x64__8wekyb3d8bbwe\dwmcorei.dll",,,,,,,,,,,,[{"addr":140736918203828,"idx":0},{"addr":140736917192506,"idx":1},{"addr":140736917191278,"idx":2},{"addr":140736917210764,"idx":3},{"addr":140736917201516,"idx":4},{"addr":140736917258922,"idx":5},{"addr":140736917255216,"idx":6},{"addr":140736917350945,"idx":7},{"addr":140736897083607,"idx":8},{"addr":140736916996940,"idx":9}],,,,,,,,,17068,,,,,,,,,,,,,,,,,,,,,,,,,,,,,,,,,,,,630923923,140733910876160,140733910876160,2872902,2867200,,,,,,,,,,,,,,,,,,,,,,,,,,,,,,,,,,,,,,,,,,,,,,,,,,,,,,,,,,,,,,,,,,,,,,,
"2025-09-02 15:13:17.6317676Z","ETW","Microsoft-Antimalware-Engine",59,"Message Info ",1912,10404,"MsMpEng.exe",,,,,,0,"Behavior:Win32/SuspDllSideLoaded.B","0x1A5B3D8FF6402","84db5fe770e0d0198f480427d1ce9babd9f03e0e",,,,,,,[],,,,,,,,,,,,,,,,,,,,,,,,,,,,,,,,,,,,,,,,,,,,,,,,,,,,,,,,,,,,,,,,,,,,,,,,,,,,,,,,,,,,,,,,,,,,,,,,,,,,,,,,,,,,,,,,,,,,,,,,
"2025-09-02 15:13:17.6319191Z","ETW","Microsoft-Windows-Kernel-Process",5,"ImageLoadInfo ",17068,9820,"Notepad.exe",,,,"C:\Windows\System32\D3DCompiler_47.dll",,,,,,,,,,,,[{"addr":140736918203828,"idx":0},{"addr":140736917192506,"idx":1},{"addr":140736917191278,"idx":2},{"addr":140736917210764,"idx":3},{"addr":140736917201516,"idx":4},{"addr":140736917258922,"idx":5},{"addr":140736917255216,"idx":6},{"addr":140736917350945,"idx":7},{"addr":140736897083607,"idx":8},{"addr":140736916996940,"idx":9}],,,,,,,,,17068,,,,,,,,,,,,,,,,,,,,,,,,,,,,,,,,,,,,936958366,140736786202624,140736786202624,4728664,4714496,,,,,,,,,,,,,,,,,,,,,,,,,,,,,,,,,,,,,,,,,,,,,,,,,,,,,,,,,,,,,,,,,,,,,,,
"2025-09-02 15:13:17.6320007Z","ETW","Microsoft-Windows-Kernel-Process",5,"ImageLoadInfo ",17068,18712,"Notepad.exe",,,,"C:\Program Files\WindowsApps\Microsoft.WindowsAppRuntime.1.7_7000.522.1444.0_x64__8wekyb3d8bbwe\Microsoft.InputStateManager.dll",,,,,,,,,,,,[{"addr":140736918203828,"idx":0},{"addr":140736917192506,"idx":1},{"addr":140736917191278,"idx":2},{"addr":140736917210764,"idx":3},{"addr":140736917201516,"idx":4},{"addr":140736917258922,"idx":5},{"addr":140736916999751,"idx":6},{"addr":140736916785258,"idx":7},{"addr":140736916784352,"idx":8},{"addr":140736917101952,"idx":9},{"addr":140736872000198,"idx":10},{"addr":140736909363845,"idx":11},{"addr":140736909362547,"idx":12},{"addr":140736909531736,"idx":13},{"addr":140736909524833,"idx":14},{"addr":140736909523551,"idx":15},{"addr":140733861783667,"idx":16},{"addr":140733860828750,"idx":17},{"addr":140733860823411,"idx":18},{"addr":140733861222277,"idx":19},{"addr":140733861525296,"idx":20},{"addr":140733861525202,"idx":21},{"addr":140733861524939,"idx":22},{"addr":140733861524781,"idx":23},{"addr":140733862068096,"idx":24},{"addr":140733859561251,"idx":25},{"addr":140733864570890,"idx":26},{"addr":140733862065886,"idx":27},{"addr":140733860153715,"idx":28},{"addr":140733859561251,"idx":29},{"addr":140733861744758,"idx":30},{"addr":140733861821566,"idx":31},{"addr":140733861821319,"idx":32},{"addr":140733861821207,"idx":33},{"addr":140696713413482,"idx":34},{"addr":140696713413852,"idx":35},{"addr":140696713414194,"idx":36},{"addr":140696713952331,"idx":37},{"addr":140696713617064,"idx":38},{"addr":140696713493792,"idx":39},{"addr":140696713931685,"idx":40},{"addr":140696713483293,"idx":41},{"addr":140696713732826,"idx":42},{"addr":140696713735618,"idx":43},{"addr":140696713733998,"idx":44},{"addr":140696713934080,"idx":45},{"addr":140696713892868,"idx":46},{"addr":140736876328880,"idx":47},{"addr":140736897083607,"idx":48},{"addr":140736916996940,"idx":49}],,,,,,,,,17068,,,,,,,,,,,,,,,,,,,,,,,,,,,,,,,,,,,,196642477,140734412947456,140734412947456,489914,438272,,,,,,,,,,,,,,,,,,,,,,,,,,,,,,,,,,,,,,,,,,,,,,,,,,,,,,,,,,,,,,,,,,,,,,,
"2025-09-02 15:13:17.6322686Z","ETW","Microsoft-Antimalware-Engine",59,"Message Info ",1912,10404,"MsMpEng.exe",,,,,,0,"Behavior:Win32/SuspDllSideLoaded.B","0x1A5B3D8FF6402","84db5fe770e0d0198f480427d1ce9babd9f03e0e",,,,,,,[],,,,,,,,,,,,,,,,,,,,,,,,,,,,,,,,,,,,,,,,,,,,,,,,,,,,,,,,,,,,,,,,,,,,,,,,,,,,,,,,,,,,,,,,,,,,,,,,,,,,,,,,,,,,,,,,,,,,,,,,
"2025-09-02 15:13:17.6324096Z","ETW","Microsoft-Windows-Kernel-Process",5,"ImageLoadInfo ",17068,14896,"Notepad.exe",,,,"C:\Windows\System32\cryptsp.dll",,,,,,,,,,,,[{"addr":140736918203828,"idx":0},{"addr":140736917192506,"idx":1},{"addr":140736917191278,"idx":2},{"addr":140736917210764,"idx":3},{"addr":140736917202269,"idx":4},{"addr":140736917259140,"idx":5},{"addr":140736917255216,"idx":6},{"addr":140736917350945,"idx":7},{"addr":140736897083607,"idx":8},{"addr":140736916996940,"idx":9}],,,,,,,,,17068,,,,,,,,,,,,,,,,,,,,,,,,,,,,,,,,,,,,1637991129,140736856981504,140736856981504,133346,110592,,,,,,,,,,,,,,,,,,,,,,,,,,,,,,,,,,,,,,,,,,,,,,,,,,,,,,,,,,,,,,,,,,,,,,,
"2025-09-02 15:13:17.6325493Z","ETW","Microsoft-Windows-Kernel-Process",5,"ImageLoadInfo ",17068,9820,"Notepad.exe",,,,"C:\Program Files\WindowsApps\Microsoft.WindowsAppRuntime.1.7_7000.522.1444.0_x64__8wekyb3d8bbwe\Microsoft.UI.Input.dll",,,,,,,,,,,,[{"addr":140736918203828,"idx":0},{"addr":140736917192506,"idx":1},{"addr":140736917191278,"idx":2},{"addr":140736917210764,"idx":3},{"addr":140736917201516,"idx":4},{"addr":140736917258922,"idx":5},{"addr":140736917255216,"idx":6},{"addr":140736917350945,"idx":7},{"addr":140736897083607,"idx":8},{"addr":140736916996940,"idx":9}],,,,,,,,,17068,,,,,,,,,,,,,,,,,,,,,,,,,,,,,,,,,,,,1046078476,140733964288000,140733964288000,1681036,1667072,,,,,,,,,,,,,,,,,,,,,,,,,,,,,,,,,,,,,,,,,,,,,,,,,,,,,,,,,,,,,,,,,,,,,,,
"2025-09-02 15:13:17.6334364Z","ETW","Microsoft-Antimalware-Engine",59,"Message Info ",1912,10404,"MsMpEng.exe",,,,,,0,"Behavior:Win32/SuspDllSideLoaded.B","0x1A5B3D8FF6402","84db5fe770e0d0198f480427d1ce9babd9f03e0e",,,,,,,[],,,,,,,,,,,,,,,,,,,,,,,,,,,,,,,,,,,,,,,,,,,,,,,,,,,,,,,,,,,,,,,,,,,,,,,,,,,,,,,,,,,,,,,,,,,,,,,,,,,,,,,,,,,,,,,,,,,,,,,,
"2025-09-02 15:13:17.6340201Z","ETW","Microsoft-Antimalware-Engine",59,"Message Info ",1912,10404,"MsMpEng.exe",,,,,,0,"Behavior:Win32/SuspDllSideLoaded.B","0x1A5B3D8FF6402","84db5fe770e0d0198f480427d1ce9babd9f03e0e",,,,,,,[],,,,,,,,,,,,,,,,,,,,,,,,,,,,,,,,,,,,,,,,,,,,,,,,,,,,,,,,,,,,,,,,,,,,,,,,,,,,,,,,,,,,,,,,,,,,,,,,,,,,,,,,,,,,,,,,,,,,,,,,
"2025-09-02 15:13:17.6345910Z","ETW","Microsoft-Antimalware-Engine",59,"Message Info ",1912,10404,"MsMpEng.exe",,,,,,0,"Behavior:Win32/SuspDllSideLoaded.B","0x1A5B3D8FF6402","84db5fe770e0d0198f480427d1ce9babd9f03e0e",,,,,,,[],,,,,,,,,,,,,,,,,,,,,,,,,,,,,,,,,,,,,,,,,,,,,,,,,,,,,,,,,,,,,,,,,,,,,,,,,,,,,,,,,,,,,,,,,,,,,,,,,,,,,,,,,,,,,,,,,,,,,,,,
"2025-09-02 15:13:17.6353189Z","ETW","Microsoft-Windows-Kernel-Process",3,"ThreadStartStart ",17068,18712,"Notepad.exe",,,,,,,,,,,,,,,,[{"addr":140736918208964,"idx":0},{"addr":140736872776761,"idx":1},{"addr":140736897102141,"idx":2},{"addr":140733911098476,"idx":3},{"addr":140733912058608,"idx":4},{"addr":140733988725816,"idx":5},{"addr":140733988767595,"idx":6},{"addr":140733989305511,"idx":7},{"addr":140733988681015,"idx":8},{"addr":140733861680121,"idx":9},{"addr":140733860828787,"idx":10},{"addr":140733860823411,"idx":11},{"addr":140733861222277,"idx":12},{"addr":140733861525296,"idx":13},{"addr":140733861525202,"idx":14},{"addr":140733861524939,"idx":15},{"addr":140733861524781,"idx":16},{"addr":140733862068096,"idx":17},{"addr":140733859561251,"idx":18},{"addr":140733864570890,"idx":19},{"addr":140733862065886,"idx":20},{"addr":140733860153715,"idx":21},{"addr":140733859561251,"idx":22},{"addr":140733861744758,"idx":23},{"addr":140733861821566,"idx":24},{"addr":140733861821319,"idx":25},{"addr":140733861821207,"idx":26},{"addr":140696713413482,"idx":27},{"addr":140696713413852,"idx":28},{"addr":140696713414194,"idx":29},{"addr":140696713952331,"idx":30},{"addr":140696713617064,"idx":31},{"addr":140696713493792,"idx":32},{"addr":140696713931685,"idx":33},{"addr":140696713483293,"idx":34},{"addr":140696713732826,"idx":35},{"addr":140696713735618,"idx":36},{"addr":140696713733998,"idx":37},{"addr":140696713934080,"idx":38},{"addr":140696713892868,"idx":39},{"addr":140736876328880,"idx":40},{"addr":140736897083607,"idx":41},{"addr":140736916996940,"idx":42}],,,,,,,,,17068,18446639081571532800,18446639081571508224,140733911097920,0,131192373248,22288,131207266304,131207262208,140733911097920,,,,,,,,,,,,,,,,,,,,,,,,,,,,,,,,,,,,,,,,,,,,,,,,,,,,,,,,,,,,,,,,,,,,,,,,,,,,,,,,,,,,,,,,,,,,,,,,,,,,,,
"2025-09-02 15:13:17.6360481Z","ETW","Microsoft-Windows-Kernel-Process",3,"ThreadStartStart ",17068,22288,"Notepad.exe",,,,,,,,,,,,,,,,[{"addr":140736918208964,"idx":0},{"addr":140736872776761,"idx":1},{"addr":140736897102141,"idx":2},{"addr":140733912059986,"idx":3},{"addr":140733912059330,"idx":4},{"addr":140733910990134,"idx":5},{"addr":140733912150764,"idx":6},{"addr":140733911098887,"idx":7},{"addr":140733911099651,"idx":8},{"addr":140736897083607,"idx":9},{"addr":140736916996940,"idx":10}],,,,,,,,,17068,18446639081571590144,18446639081571565568,140733912060704,0,131192381440,13132,131208314880,131208310784,140733912060704,,,,,,,,,,,,,,,,,,,,,,,,,,,,,,,,,,,,,,,,,,,,,,,,,,,,,,,,,,,,,,,,,,,,,,,,,,,,,,,,,,,,,,,,,,,,,,,,,,,,,,
"2025-09-02 15:13:17.6361489Z","ETW","Microsoft-Windows-Kernel-Process",3,"ThreadStartStart ",17068,22288,"Notepad.exe",,,,,,,,,,,,,,,,[{"addr":140736918208964,"idx":0},{"addr":140736872776761,"idx":1},{"addr":140736897102141,"idx":2},{"addr":140733912310091,"idx":3},{"addr":140733912226231,"idx":4},{"addr":140733912221989,"idx":5},{"addr":140733910990469,"idx":6},{"addr":140733912150764,"idx":7},{"addr":140733911098887,"idx":8},{"addr":140733911099651,"idx":9},{"addr":140736897083607,"idx":10},{"addr":140736916996940,"idx":11}],,,,,,,,,17068,18446639081571647488,18446639081571622912,140733912310288,0,131192389632,21912,131209363456,131209359360,140733912310288,,,,,,,,,,,,,,,,,,,,,,,,,,,,,,,,,,,,,,,,,,,,,,,,,,,,,,,,,,,,,,,,,,,,,,,,,,,,,,,,,,,,,,,,,,,,,,,,,,,,,,
"2025-09-02 15:13:17.6361987Z","ETW","Microsoft-Windows-Kernel-Process",3,"ThreadStartStart ",17068,22288,"Notepad.exe",,,,,,,,,,,,,,,,[{"addr":140736918208964,"idx":0},{"addr":140736872776761,"idx":1},{"addr":140736897102141,"idx":2},{"addr":140733912235602,"idx":3},{"addr":140733912223756,"idx":4},{"addr":140733910990494,"idx":5},{"addr":140733912150764,"idx":6},{"addr":140733911098887,"idx":7},{"addr":140733911099651,"idx":8},{"addr":140736897083607,"idx":9},{"addr":140736916996940,"idx":10}],,,,,,,,,17068,18446639081571676160,18446639081571651584,140733912262400,0,131192397824,17932,131210412032,131210407936,140733912262400,,,,,,,,,,,,,,,,,,,,,,,,,,,,,,,,,,,,,,,,,,,,,,,,,,,,,,,,,,,,,,,,,,,,,,,,,,,,,,,,,,,,,,,,,,,,,,,,,,,,,,
"2025-09-02 15:13:17.6368390Z","ETW","Microsoft-Windows-Kernel-Process",3,"ThreadStartStart ",17068,21912,"Notepad.exe",,,,,,,,,,,,,,,,[{"addr":140736918208964,"idx":0},{"addr":140736872776761,"idx":1},{"addr":140736897102141,"idx":2},{"addr":140736876812648,"idx":3},{"addr":140734413097232,"idx":4},{"addr":140734413008295,"idx":5},{"addr":140734413027699,"idx":6},{"addr":140734412974984,"idx":7},{"addr":140733912310555,"idx":8},{"addr":140736897083607,"idx":9},{"addr":140736916996940,"idx":10}],,,,,,,,,17068,18446639081569923072,18446639081569898496,140736876328832,0,131192406016,9600,131211460608,131211456512,140736876328832,,,,,,,,,,,,,,,,,,,,,,,,,,,,,,,,,,,,,,,,,,,,,,,,,,,,,,,,,,,,,,,,,,,,,,,,,,,,,,,,,,,,,,,,,,,,,,,,,,,,,,
"2025-09-02 15:13:17.6388655Z","ETW","Microsoft-Windows-Kernel-Audit-API-Calls",5,"Info ",17068,22288,"Notepad.exe",,,,,,,,,,,,,,,,[{"addr":140736876137252,"idx":0},{"addr":140736803693221,"idx":1},{"addr":140736803693489,"idx":2},{"addr":140736803419410,"idx":3},{"addr":140736803417894,"idx":4},{"addr":140736803459531,"idx":5},{"addr":140736803461042,"idx":6},{"addr":140736803460006,"idx":7},{"addr":140736804015323,"idx":8},{"addr":140736803691627,"idx":9},{"addr":140736803705684,"idx":10},{"addr":140736803705946,"idx":11},{"addr":140736803691169,"idx":12},{"addr":140736803700219,"idx":13},{"addr":140736803702775,"idx":14},{"addr":140736803696639,"idx":15},{"addr":140736803878163,"idx":16},{"addr":140736803908446,"idx":17},{"addr":140736803908268,"idx":18},{"addr":140736803914646,"idx":19},{"addr":140733911384483,"idx":20},{"addr":140733911352360,"idx":21},{"addr":140733911353593,"idx":22},{"addr":140733911353425,"idx":23},{"addr":140733911098989,"idx":24},{"addr":140733911099651,"idx":25},{"addr":140736897083607,"idx":26},{"addr":140736916996940,"idx":27}],,,,,,,,,,,,,,,,,,,64,0,17068,,,,,,,,,,,,,,,,,,,,,,,,,,,,,,,,,,,,,,,,,,,,,,,,,,,,,,,,,,,,,,,,,,,,,,,,,,,,,,,,,,,,,,,,,,,,,,,,,,,
"2025-09-02 15:13:17.6391881Z","ETW","Microsoft-Windows-Kernel-Process",3,"ThreadStartStart ",17068,22288,"Notepad.exe",,,,,,,,,,,,,,,,[{"addr":140736918216388,"idx":0},{"addr":140736917292563,"idx":1},{"addr":140736873033675,"idx":2},{"addr":140736751153715,"idx":3},{"addr":140736751156253,"idx":4},{"addr":140736751154227,"idx":5},{"addr":140736751158614,"idx":6},{"addr":140736751926247,"idx":7},{"addr":140736751921968,"idx":8},{"addr":140736803693905,"idx":9},{"addr":140736803419410,"idx":10},{"addr":140736803417894,"idx":11},{"addr":140736803459531,"idx":12},{"addr":140736803461042,"idx":13},{"addr":140736803460006,"idx":14},{"addr":140736804015323,"idx":15},{"addr":140736803691627,"idx":16},{"addr":140736803705684,"idx":17},{"addr":140736803705946,"idx":18},{"addr":140736803691169,"idx":19},{"addr":140736803700219,"idx":20},{"addr":140736803702775,"idx":21},{"addr":140736803696639,"idx":22},{"addr":140736803878163,"idx":23},{"addr":140736803908446,"idx":24},{"addr":140736803908268,"idx":25},{"addr":140736803914646,"idx":26},{"addr":140733911384483,"idx":27},{"addr":140733911352360,"idx":28},{"addr":140733911353593,"idx":29},{"addr":140733911353425,"idx":30},{"addr":140733911098989,"idx":31},{"addr":140733911099651,"idx":32},{"addr":140736897083607,"idx":33},{"addr":140736916996940,"idx":34}],,,,,,,,,17068,18446639081571704832,18446639081571680256,140736917348896,0,131192414208,17916,131212509184,131212505088,140736917348896,,,,,,,,,,,,,,,,,,,,,,,,,,,,,,,,,,,,,,,,,,,,,,,,,,,,,,,,,,,,,,,,,,,,,,,,,,,,,,,,,,,,,,,,,,,,,,,,,,,,,,
"2025-09-02 15:13:17.6448657Z","ETW","Microsoft-Windows-Kernel-Process",5,"ImageLoadInfo ",17068,18712,"Notepad.exe",,,,"C:\Program Files\WindowsApps\Microsoft.WindowsAppRuntime.1.7_7000.522.1444.0_x64__8wekyb3d8bbwe\Microsoft.UI.Windowing.dll",,,,,,,,,,,,[{"addr":140736918203828,"idx":0},{"addr":140736917192506,"idx":1},{"addr":140736917191278,"idx":2},{"addr":140736917210764,"idx":3},{"addr":140736917202269,"idx":4},{"addr":140736917259140,"idx":5},{"addr":140736916785248,"idx":6},{"addr":140736916784352,"idx":7},{"addr":140736917101952,"idx":8},{"addr":140736872000198,"idx":9},{"addr":140736909363845,"idx":10},{"addr":140736909362547,"idx":11},{"addr":140736909531736,"idx":12},{"addr":140736909524833,"idx":13},{"addr":140736909523551,"idx":14},{"addr":140733965185646,"idx":15},{"addr":140733965188573,"idx":16},{"addr":140733965189314,"idx":17},{"addr":140733965173811,"idx":18},{"addr":140733965165758,"idx":19},{"addr":140733965165424,"idx":20},{"addr":140733860154675,"idx":21},{"addr":140733860153603,"idx":22},{"addr":140733860153457,"idx":23},{"addr":140733860153288,"idx":24},{"addr":140696713952442,"idx":25},{"addr":140696713617064,"idx":26},{"addr":140696713493792,"idx":27},{"addr":140696713931685,"idx":28},{"addr":140696713483293,"idx":29},{"addr":140696713732826,"idx":30},{"addr":140696713735618,"idx":31},{"addr":140696713733998,"idx":32},{"addr":140696713934080,"idx":33},{"addr":140696713892868,"idx":34},{"addr":140736876328880,"idx":35},{"addr":140736897083607,"idx":36},{"addr":140736916996940,"idx":37}],,,,,,,,,17068,,,,,,,,,,,,,,,,,,,,,,,,,,,,,,,,,,,,3095222898,140733992992768,140733992992768,549845,540672,,,,,,,,,,,,,,,,,,,,,,,,,,,,,,,,,,,,,,,,,,,,,,,,,,,,,,,,,,,,,,,,,,,,,,,
"2025-09-02 15:13:17.6454472Z","ETW","Microsoft-Antimalware-Engine",59,"Message Info ",1912,13020,"MsMpEng.exe",,,,,,0,"Behavior:Win32/SuspDllSideLoaded.B","0x1A5B3D8FF6402","84db5fe770e0d0198f480427d1ce9babd9f03e0e",,,,,,,[],,,,,,,,,,,,,,,,,,,,,,,,,,,,,,,,,,,,,,,,,,,,,,,,,,,,,,,,,,,,,,,,,,,,,,,,,,,,,,,,,,,,,,,,,,,,,,,,,,,,,,,,,,,,,,,,,,,,,,,,
"2025-09-02 15:13:17.6470455Z","ETW","Microsoft-Windows-Kernel-Process",5,"ImageLoadInfo ",17068,18712,"Notepad.exe",,,,"C:\Windows\System32\UIAutomationCore.dll",,,,,,,,,,,,[{"addr":140736918203828,"idx":0},{"addr":140736917192506,"idx":1},{"addr":140736917191278,"idx":2},{"addr":140736917210764,"idx":3},{"addr":140736917202269,"idx":4},{"addr":140736917259140,"idx":5},{"addr":140736916785248,"idx":6},{"addr":140736916784352,"idx":7},{"addr":140736917101952,"idx":8},{"addr":140736872000198,"idx":9},{"addr":140736872006436,"idx":10},{"addr":140733965233274,"idx":11},{"addr":140733964315152,"idx":12},{"addr":140733965023896,"idx":13},{"addr":140733965039181,"idx":14},{"addr":140733965016471,"idx":15},{"addr":140733965021084,"idx":16},{"addr":140733965018784,"idx":17},{"addr":140733965019294,"idx":18},{"addr":140734020276522,"idx":19},{"addr":140734020088436,"idx":20},{"addr":140734020171692,"idx":21},{"addr":140734020170745,"idx":22},{"addr":140734020143109,"idx":23},{"addr":140734020203306,"idx":24},{"addr":140733965018444,"idx":25},{"addr":140733965020210,"idx":26},{"addr":140733964874505,"idx":27},{"addr":140733964852884,"idx":28},{"addr":140733964954490,"idx":29},{"addr":140733965193339,"idx":30},{"addr":140733860154865,"idx":31},{"addr":140733860153603,"idx":32},{"addr":140733860153457,"idx":33},{"addr":140733860153288,"idx":34},{"addr":140696713952442,"idx":35},{"addr":140696713617064,"idx":36},{"addr":140696713493792,"idx":37},{"addr":140696713931685,"idx":38},{"addr":140696713483293,"idx":39},{"addr":140696713732826,"idx":40},{"addr":140696713735618,"idx":41},{"addr":140696713733998,"idx":42},{"addr":140696713934080,"idx":43},{"addr":140696713892868,"idx":44},{"addr":140736876328880,"idx":45},{"addr":140736897083607,"idx":46},{"addr":140736916996940,"idx":47}],,,,,,,,,17068,,,,,,,,,,,,,,,,,,,,,,,,,,,,,,,,,,,,2499371108,140736439713792,140736439713792,4406480,4395008,,,,,,,,,,,,,,,,,,,,,,,,,,,,,,,,,,,,,,,,,,,,,,,,,,,,,,,,,,,,,,,,,,,,,,,
"2025-09-02 15:13:17.6473489Z","ETW","Microsoft-Windows-Kernel-Audit-API-Calls",5,"Info ",10464,22004,"copilot-language-server.exe",,,,,,,,,,,,,,,,[{"addr":140736918203764,"idx":0},{"addr":140736872731894,"idx":1},{"addr":140702698444584,"idx":2},{"addr":140702697018348,"idx":3},{"addr":140701097580744,"idx":4},{"addr":140700568323904,"idx":5},{"addr":140700568316064,"idx":6},{"addr":140700566090877,"idx":7},{"addr":140702708515008,"idx":8},{"addr":140702708513979,"idx":9},{"addr":140702707157057,"idx":10},{"addr":140702707155187,"idx":11},{"addr":140702708266044,"idx":12},{"addr":140702698065041,"idx":13},{"addr":140702698537495,"idx":14},{"addr":140702698522991,"idx":15},{"addr":140702698328165,"idx":16},{"addr":140702697182954,"idx":17},{"addr":140702697791677,"idx":18},{"addr":140702697787118,"idx":19},{"addr":140702695670984,"idx":20},{"addr":140702717007636,"idx":21},{"addr":140736897083607,"idx":22},{"addr":140736916996940,"idx":23}],,,,,,,,,,,,,,,,,,,1025,0,10596,,,,,,,,,,,,,,,,,,,,,,,,,,,,,,,,,,,,,,,,,,,,,,,,,,,,,,,,,,,,,,,,,,,,,,,,,,,,,,,,,,,,,,,,,,,,,,,,,,,
"2025-09-02 15:13:17.6486835Z","ETW","Microsoft-Windows-Kernel-Process",5,"ImageLoadInfo ",17068,18712,"Notepad.exe",,,,"C:\Windows\System32\DataExchange.dll",,,,,,,,,,,,[{"addr":140736918203828,"idx":0},{"addr":140736917192506,"idx":1},{"addr":140736917191278,"idx":2},{"addr":140736917210764,"idx":3},{"addr":140736917202269,"idx":4},{"addr":140736917259140,"idx":5},{"addr":140736916785248,"idx":6},{"addr":140736916784352,"idx":7},{"addr":140736917101952,"idx":8},{"addr":140736872000198,"idx":9},{"addr":140736909363845,"idx":10},{"addr":140736909362547,"idx":11},{"addr":140736909531736,"idx":12},{"addr":140736909524833,"idx":13},{"addr":140736909523551,"idx":14},{"addr":140733964640772,"idx":15},{"addr":140733964661792,"idx":16},{"addr":140733964664531,"idx":17},{"addr":140733964662284,"idx":18},{"addr":140733964663803,"idx":19},{"addr":140733964663708,"idx":20},{"addr":140733860160244,"idx":21},{"addr":140733860159948,"idx":22},{"addr":140733866014359,"idx":23},{"addr":140733862069358,"idx":24},{"addr":140733964873239,"idx":25},{"addr":140733964485333,"idx":26},{"addr":140733964836297,"idx":27},{"addr":140733964836622,"idx":28},{"addr":140733964867140,"idx":29},{"addr":140733964852912,"idx":30},{"addr":140733964954490,"idx":31},{"addr":140733965193339,"idx":32},{"addr":140733860154865,"idx":33},{"addr":140733860153603,"idx":34},{"addr":140733860153457,"idx":35},{"addr":140733860153288,"idx":36},{"addr":140696713952442,"idx":37},{"addr":140696713617064,"idx":38},{"addr":140696713493792,"idx":39},{"addr":140696713931685,"idx":40},{"addr":140696713483293,"idx":41},{"addr":140696713732826,"idx":42},{"addr":140696713735618,"idx":43},{"addr":140696713733998,"idx":44},{"addr":140696713934080,"idx":45},{"addr":140696713892868,"idx":46},{"addr":140736876328880,"idx":47},{"addr":140736897083607,"idx":48},{"addr":140736916996940,"idx":49}],,,,,,,,,17068,,,,,,,,,,,,,,,,,,,,,,,,,,,,,,,,,,,,1473623662,140736401637376,140736401637376,413852,368640,,,,,,,,,,,,,,,,,,,,,,,,,,,,,,,,,,,,,,,,,,,,,,,,,,,,,,,,,,,,,,,,,,,,,,,
"2025-09-02 15:13:17.6489767Z","ETW","Microsoft-Windows-Kernel-Audit-API-Calls",5,"Info ",17068,18712,"Notepad.exe",,,,,,,,,,,,,,,,[{"addr":140736918203764,"idx":0},{"addr":140736872731894,"idx":1},{"addr":140736717697306,"idx":2},{"addr":140736401658233,"idx":3},{"addr":140733964664583,"idx":4},{"addr":140733964662284,"idx":5},{"addr":140733964663803,"idx":6},{"addr":140733964663708,"idx":7},{"addr":140733860160244,"idx":8},{"addr":140733860159948,"idx":9},{"addr":140733866014359,"idx":10},{"addr":140733862069358,"idx":11},{"addr":140733964873239,"idx":12},{"addr":140733964485333,"idx":13},{"addr":140733964836297,"idx":14},{"addr":140733964836622,"idx":15},{"addr":140733964867140,"idx":16},{"addr":140733964852912,"idx":17},{"addr":140733964954490,"idx":18},{"addr":140733965193339,"idx":19},{"addr":140733860154865,"idx":20},{"addr":140733860153603,"idx":21},{"addr":140733860153457,"idx":22},{"addr":140733860153288,"idx":23},{"addr":140696713952442,"idx":24},{"addr":140696713617064,"idx":25},{"addr":140696713493792,"idx":26},{"addr":140696713931685,"idx":27},{"addr":140696713483293,"idx":28},{"addr":140696713732826,"idx":29},{"addr":140696713735618,"idx":30},{"addr":140696713733998,"idx":31},{"addr":140696713934080,"idx":32},{"addr":140696713892868,"idx":33},{"addr":140736876328880,"idx":34},{"addr":140736897083607,"idx":35},{"addr":140736916996940,"idx":36}],,,,,,,,,,,,,,,,,,,4096,0,17068,,,,,,,,,,,,,,,,,,,,,,,,,,,,,,,,,,,,,,,,,,,,,,,,,,,,,,,,,,,,,,,,,,,,,,,,,,,,,,,,,,,,,,,,,,,,,,,,,,,
"2025-09-02 15:13:17.6500293Z","ETW","Microsoft-Windows-Kernel-Process",5,"ImageLoadInfo ",17068,18712,"Notepad.exe",,,,"C:\Windows\System32\OneCoreUAPCommonProxyStub.dll",,,,,,,,,,,,[{"addr":140736918203828,"idx":0},{"addr":140736917192506,"idx":1},{"addr":140736917191278,"idx":2},{"addr":140736917210764,"idx":3},{"addr":140736917202269,"idx":4},{"addr":140736917259140,"idx":5},{"addr":140736916785248,"idx":6},{"addr":140736916784352,"idx":7},{"addr":140736917101952,"idx":8},{"addr":140736872000198,"idx":9},{"addr":140736909363845,"idx":10},{"addr":140736909362547,"idx":11},{"addr":140736909360794,"idx":12},{"addr":140736909561496,"idx":13},{"addr":140736909365281,"idx":14},{"addr":140736909339322,"idx":15},{"addr":140736909195691,"idx":16},{"addr":140736909191304,"idx":17},{"addr":140736910023632,"idx":18},{"addr":140736909168718,"idx":19},{"addr":140736909164962,"idx":20},{"addr":140736909163671,"idx":21},{"addr":140736909162770,"idx":22},{"addr":140736909135305,"idx":23},{"addr":140736909240714,"idx":24},{"addr":140736401661185,"idx":25},{"addr":140736401660352,"idx":26},{"addr":140736401659672,"idx":27},{"addr":140736401658272,"idx":28},{"addr":140733964664583,"idx":29},{"addr":140733964662284,"idx":30},{"addr":140733964663803,"idx":31},{"addr":140733964663708,"idx":32},{"addr":140733860160244,"idx":33},{"addr":140733860159948,"idx":34},{"addr":140733866014359,"idx":35},{"addr":140733862069358,"idx":36},{"addr":140733964873239,"idx":37},{"addr":140733964485333,"idx":38},{"addr":140733964836297,"idx":39},{"addr":140733964836622,"idx":40},{"addr":140733964867140,"idx":41},{"addr":140733964852912,"idx":42},{"addr":140733964954490,"idx":43},{"addr":140733965193339,"idx":44},{"addr":140733860154865,"idx":45},{"addr":140733860153603,"idx":46},{"addr":140733860153457,"idx":47},{"addr":140733860153288,"idx":48},{"addr":140696713952442,"idx":49},{"addr":140696713617064,"idx":50},{"addr":140696713493792,"idx":51},{"addr":140696713931685,"idx":52},{"addr":140696713483293,"idx":53},{"addr":140696713732826,"idx":54},{"addr":140696713735618,"idx":55},{"addr":140696713733998,"idx":56},{"addr":140696713934080,"idx":57},{"addr":140696713892868,"idx":58},{"addr":140736876328880,"idx":59},{"addr":140736897083607,"idx":60},{"addr":140736916996940,"idx":61}],,,,,,,,,17068,,,,,,,,,,,,,,,,,,,,,,,,,,,,,,,,,,,,1635141586,140736710443008,140736710443008,6653254,6569984,,,,,,,,,,,,,,,,,,,,,,,,,,,,,,,,,,,,,,,,,,,,,,,,,,,,,,,,,,,,,,,,,,,,,,,
"2025-09-02 15:13:17.6671898Z","ETW","Microsoft-Windows-Kernel-Audit-API-Calls",5,"Info ",17068,18712,"Notepad.exe",,,,,,,,,,,,,,,,[{"addr":140736918203764,"idx":0},{"addr":140736872731894,"idx":1},{"addr":140736717697306,"idx":2},{"addr":140736401658233,"idx":3},{"addr":140733964664583,"idx":4},{"addr":140733964662284,"idx":5},{"addr":140733964663803,"idx":6},{"addr":140733964663708,"idx":7},{"addr":140733860160244,"idx":8},{"addr":140733860159948,"idx":9},{"addr":140733866014359,"idx":10},{"addr":140733862069358,"idx":11},{"addr":140733964873239,"idx":12},{"addr":140733964485333,"idx":13},{"addr":140733964836297,"idx":14},{"addr":140733964836622,"idx":15},{"addr":140733964867140,"idx":16},{"addr":140733964852912,"idx":17},{"addr":140733964954490,"idx":18},{"addr":140733965193339,"idx":19},{"addr":140733860154865,"idx":20},{"addr":140733860153603,"idx":21},{"addr":140733860153457,"idx":22},{"addr":140733860153288,"idx":23},{"addr":140696713952442,"idx":24},{"addr":140696713610060,"idx":25},{"addr":140696713493800,"idx":26},{"addr":140696713931685,"idx":27},{"addr":140696713483293,"idx":28},{"addr":140696713732826,"idx":29},{"addr":140696713735618,"idx":30},{"addr":140696713733998,"idx":31},{"addr":140696713934080,"idx":32},{"addr":140696713892868,"idx":33},{"addr":140736876328880,"idx":34},{"addr":140736897083607,"idx":35},{"addr":140736916996940,"idx":36}],,,,,,,,,,,,,,,,,,,4096,0,17068,,,,,,,,,,,,,,,,,,,,,,,,,,,,,,,,,,,,,,,,,,,,,,,,,,,,,,,,,,,,,,,,,,,,,,,,,,,,,,,,,,,,,,,,,,,,,,,,,,,
"2025-09-02 15:13:17.6754454Z","ETW","Microsoft-Windows-Kernel-Audit-API-Calls",5,"Info ",17068,18712,"Notepad.exe",,,,,,,,,,,,,,,,[{"addr":140736918203764,"idx":0},{"addr":140736872731894,"idx":1},{"addr":140736717697306,"idx":2},{"addr":140736401658233,"idx":3},{"addr":140733964664583,"idx":4},{"addr":140733964662284,"idx":5},{"addr":140733964663803,"idx":6},{"addr":140733964663708,"idx":7},{"addr":140733860160244,"idx":8},{"addr":140733860159948,"idx":9},{"addr":140733866014359,"idx":10},{"addr":140733862069358,"idx":11},{"addr":140733964873239,"idx":12},{"addr":140733964485333,"idx":13},{"addr":140733964836297,"idx":14},{"addr":140733964836622,"idx":15},{"addr":140733964867140,"idx":16},{"addr":140733964852912,"idx":17},{"addr":140733964954490,"idx":18},{"addr":140733965193339,"idx":19},{"addr":140733860154865,"idx":20},{"addr":140733860153603,"idx":21},{"addr":140733860153457,"idx":22},{"addr":140733860153288,"idx":23},{"addr":140696713952442,"idx":24},{"addr":140696713623298,"idx":25},{"addr":140696713493808,"idx":26},{"addr":140696713931685,"idx":27},{"addr":140696713483293,"idx":28},{"addr":140696713732826,"idx":29},{"addr":140696713735618,"idx":30},{"addr":140696713733998,"idx":31},{"addr":140696713934080,"idx":32},{"addr":140696713892868,"idx":33},{"addr":140736876328880,"idx":34},{"addr":140736897083607,"idx":35},{"addr":140736916996940,"idx":36}],,,,,,,,,,,,,,,,,,,4096,0,17068,,,,,,,,,,,,,,,,,,,,,,,,,,,,,,,,,,,,,,,,,,,,,,,,,,,,,,,,,,,,,,,,,,,,,,,,,,,,,,,,,,,,,,,,,,,,,,,,,,,
"2025-09-02 15:13:17.6784150Z","ETW","Microsoft-Windows-Kernel-Audit-API-Calls",5,"Info ",17068,18712,"Notepad.exe",,,,,,,,,,,,,,,,[{"addr":140736918203764,"idx":0},{"addr":140736872731894,"idx":1},{"addr":140736717697306,"idx":2},{"addr":140736401658233,"idx":3},{"addr":140733964664583,"idx":4},{"addr":140733964662284,"idx":5},{"addr":140733964663803,"idx":6},{"addr":140733964663708,"idx":7},{"addr":140733860160244,"idx":8},{"addr":140733860159948,"idx":9},{"addr":140733866014359,"idx":10},{"addr":140733862069358,"idx":11},{"addr":140733964873239,"idx":12},{"addr":140733964485333,"idx":13},{"addr":140733964836297,"idx":14},{"addr":140733964836622,"idx":15},{"addr":140733964867140,"idx":16},{"addr":140733964852912,"idx":17},{"addr":140733964954490,"idx":18},{"addr":140733965193339,"idx":19},{"addr":140733860154865,"idx":20},{"addr":140733860153603,"idx":21},{"addr":140733860153457,"idx":22},{"addr":140733860153288,"idx":23},{"addr":140696713952442,"idx":24},{"addr":140696713624421,"idx":25},{"addr":140696713493816,"idx":26},{"addr":140696713931685,"idx":27},{"addr":140696713483293,"idx":28},{"addr":140696713732826,"idx":29},{"addr":140696713735618,"idx":30},{"addr":140696713733998,"idx":31},{"addr":140696713934080,"idx":32},{"addr":140696713892868,"idx":33},{"addr":140736876328880,"idx":34},{"addr":140736897083607,"idx":35},{"addr":140736916996940,"idx":36}],,,,,,,,,,,,,,,,,,,4096,0,17068,,,,,,,,,,,,,,,,,,,,,,,,,,,,,,,,,,,,,,,,,,,,,,,,,,,,,,,,,,,,,,,,,,,,,,,,,,,,,,,,,,,,,,,,,,,,,,,,,,,
"2025-09-02 15:13:17.6815973Z","ETW","Microsoft-Windows-Kernel-Audit-API-Calls",5,"Info ",17068,18712,"Notepad.exe",,,,,,,,,,,,,,,,[{"addr":140736918203764,"idx":0},{"addr":140736872731894,"idx":1},{"addr":140736717697306,"idx":2},{"addr":140736401658233,"idx":3},{"addr":140733964664583,"idx":4},{"addr":140733964662284,"idx":5},{"addr":140733964663803,"idx":6},{"addr":140733964663708,"idx":7},{"addr":140733860160244,"idx":8},{"addr":140733860159948,"idx":9},{"addr":140733866014359,"idx":10},{"addr":140733862069358,"idx":11},{"addr":140733964873239,"idx":12},{"addr":140733964485333,"idx":13},{"addr":140733964836297,"idx":14},{"addr":140733964836622,"idx":15},{"addr":140733964867140,"idx":16},{"addr":140733964852912,"idx":17},{"addr":140733964954490,"idx":18},{"addr":140733965193339,"idx":19},{"addr":140733860154865,"idx":20},{"addr":140733860153603,"idx":21},{"addr":140733860153457,"idx":22},{"addr":140733860153288,"idx":23},{"addr":140696713952442,"idx":24},{"addr":140696713624892,"idx":25},{"addr":140696713493816,"idx":26},{"addr":140696713931685,"idx":27},{"addr":140696713483293,"idx":28},{"addr":140696713732826,"idx":29},{"addr":140696713735618,"idx":30},{"addr":140696713733998,"idx":31},{"addr":140696713934080,"idx":32},{"addr":140696713892868,"idx":33},{"addr":140736876328880,"idx":34},{"addr":140736897083607,"idx":35},{"addr":140736916996940,"idx":36}],,,,,,,,,,,,,,,,,,,4096,0,17068,,,,,,,,,,,,,,,,,,,,,,,,,,,,,,,,,,,,,,,,,,,,,,,,,,,,,,,,,,,,,,,,,,,,,,,,,,,,,,,,,,,,,,,,,,,,,,,,,,,
"2025-09-02 15:13:17.6845037Z","ETW","Microsoft-Windows-Kernel-Process",5,"ImageLoadInfo ",17068,18712,"Notepad.exe",,,,"C:\Windows\System32\efswrt.dll",,,,,,,,,,,,[{"addr":140736918203828,"idx":0},{"addr":140736917192506,"idx":1},{"addr":140736917191278,"idx":2},{"addr":140736917210764,"idx":3},{"addr":140736917202269,"idx":4},{"addr":140736917259140,"idx":5},{"addr":140736916785248,"idx":6},{"addr":140736916784352,"idx":7},{"addr":140736917101952,"idx":8},{"addr":140736872000198,"idx":9},{"addr":140736909363845,"idx":10},{"addr":140736909362547,"idx":11},{"addr":140736909531736,"idx":12},{"addr":140736909524833,"idx":13},{"addr":140736909523551,"idx":14},{"addr":140736832523881,"idx":15},{"addr":140696713975248,"idx":16},{"addr":140696713735703,"idx":17},{"addr":140696713733998,"idx":18},{"addr":140696713934080,"idx":19},{"addr":140696713892868,"idx":20},{"addr":140736876328880,"idx":21},{"addr":140736897083607,"idx":22},{"addr":140736916996940,"idx":23}],,,,,,,,,17068,,,,,,,,,,,,,,,,,,,,,,,,,,,,,,,,,,,,3293182887,140735373639680,140735373639680,800594,786432,,,,,,,,,,,,,,,,,,,,,,,,,,,,,,,,,,,,,,,,,,,,,,,,,,,,,,,,,,,,,,,,,,,,,,,
"2025-09-02 15:13:17.6896563Z","ETW","Microsoft-Windows-Kernel-Process",5,"ImageLoadInfo ",17068,18712,"Notepad.exe",,,,"C:\Windows\System32\Windows.UI.Xaml.dll",,,,,,,,,,,,[{"addr":140736918203828,"idx":0},{"addr":140736917192506,"idx":1},{"addr":140736917191278,"idx":2},{"addr":140736917210764,"idx":3},{"addr":140736917202269,"idx":4},{"addr":140736917259140,"idx":5},{"addr":140736916785248,"idx":6},{"addr":140736916784352,"idx":7},{"addr":140736917101952,"idx":8},{"addr":140736872000198,"idx":9},{"addr":140736909363845,"idx":10},{"addr":140736909362547,"idx":11},{"addr":140736909531736,"idx":12},{"addr":140736909524833,"idx":13},{"addr":140736909523551,"idx":14},{"addr":140733913809066,"idx":15},{"addr":140733914230635,"idx":16},{"addr":140733914234465,"idx":17},{"addr":140733914232442,"idx":18},{"addr":140733914579468,"idx":19},{"addr":140696713564818,"idx":20},{"addr":140696713565148,"idx":21},{"addr":140696713536089,"idx":22},{"addr":140696713735775,"idx":23},{"addr":140696713733998,"idx":24},{"addr":140696713934080,"idx":25},{"addr":140696713892868,"idx":26},{"addr":140736876328880,"idx":27},{"addr":140736897083607,"idx":28},{"addr":140736916996940,"idx":29}],,,,,,,,,17068,,,,,,,,,,,,,,,,,,,,,,,,,,,,,,,,,,,,1131723279,140736674791424,140736674791424,17910789,17891328,,,,,,,,,,,,,,,,,,,,,,,,,,,,,,,,,,,,,,,,,,,,,,,,,,,,,,,,,,,,,,,,,,,,,,,
"2025-09-02 15:13:17.6984873Z","ETW","Microsoft-Windows-Kernel-Audit-API-Calls",5,"Info ",5380,5932,"explorer.exe",,,,,,,,,,,,,,,,[{"addr":140736918203764,"idx":0},{"addr":140736872731894,"idx":1},{"addr":140736444440318,"idx":2},{"addr":140736444439143,"idx":3},{"addr":140736446083290,"idx":4},{"addr":140736446083204,"idx":5},{"addr":140736446083163,"idx":6},{"addr":140736914375392,"idx":7},{"addr":140736918218964,"idx":8},{"addr":140736876122820,"idx":9},{"addr":140736914122143,"idx":10},{"addr":140736914122024,"idx":11},{"addr":140736385071913,"idx":12},{"addr":140736385153039,"idx":13},{"addr":140736385398901,"idx":14},{"addr":140736385399961,"idx":15},{"addr":140736897083607,"idx":16},{"addr":140736916996940,"idx":17}],,,,,,,,,,,,,,,,,,,4096,0,17068,,,,,,,,,,,,,,,,,,,,,,,,,,,,,,,,,,,,,,,,,,,,,,,,,,,,,,,,,,,,,,,,,,,,,,,,,,,,,,,,,,,,,,,,,,,,,,,,,,,
"2025-09-02 15:13:17.6985048Z","ETW","Microsoft-Windows-Kernel-Audit-API-Calls",5,"Info ",5380,5932,"explorer.exe",,,,,,,,,,,,,,,,[{"addr":140736918203764,"idx":0},{"addr":140736872731894,"idx":1},{"addr":140736444440532,"idx":2},{"addr":140736444439143,"idx":3},{"addr":140736446083290,"idx":4},{"addr":140736446083204,"idx":5},{"addr":140736446083163,"idx":6},{"addr":140736914375392,"idx":7},{"addr":140736918218964,"idx":8},{"addr":140736876122820,"idx":9},{"addr":140736914122143,"idx":10},{"addr":140736914122024,"idx":11},{"addr":140736385071913,"idx":12},{"addr":140736385153039,"idx":13},{"addr":140736385398901,"idx":14},{"addr":140736385399961,"idx":15},{"addr":140736897083607,"idx":16},{"addr":140736916996940,"idx":17}],,,,,,,,,,,,,,,,,,,4096,0,17068,,,,,,,,,,,,,,,,,,,,,,,,,,,,,,,,,,,,,,,,,,,,,,,,,,,,,,,,,,,,,,,,,,,,,,,,,,,,,,,,,,,,,,,,,,,,,,,,,,,
"2025-09-02 15:13:17.6994241Z","ETW","Microsoft-Windows-Kernel-Audit-API-Calls",5,"Info ",528,11704,"svchost.exe",,,,,,,,,,,,,,,,[{"addr":140736918203764,"idx":0},{"addr":140736824401950,"idx":1},{"addr":140736917261860,"idx":2},{"addr":140736917263407,"idx":3},{"addr":140736917266967,"idx":4},{"addr":140736917265136,"idx":5},{"addr":140736917350329,"idx":6},{"addr":140736897083607,"idx":7},{"addr":140736916996940,"idx":8}],,,,,,,,,,,,,,,,,,,8192,0,17068,,,,,,,,,,,,,,,,,,,,,,,,,,,,,,,,,,,,,,,,,,,,,,,,,,,,,,,,,,,,,,,,,,,,,,,,,,,,,,,,,,,,,,,,,,,,,,,,,,,
"2025-09-02 15:13:17.6998294Z","ETW","Microsoft-Windows-Kernel-Audit-API-Calls",5,"Info ",5380,5932,"explorer.exe",,,,,,,,,,,,,,,,[{"addr":140736918203764,"idx":0},{"addr":140736872731894,"idx":1},{"addr":140736402635997,"idx":2},{"addr":140736444426842,"idx":3},{"addr":140736444422450,"idx":4},{"addr":140736380163635,"idx":5},{"addr":140736379887339,"idx":6},{"addr":140736379886107,"idx":7},{"addr":140736380085383,"idx":8},{"addr":140736380059802,"idx":9},{"addr":140736380059676,"idx":10},{"addr":140736914162134,"idx":11},{"addr":140736914152749,"idx":12},{"addr":140736385072015,"idx":13},{"addr":140736385153039,"idx":14},{"addr":140736385398901,"idx":15},{"addr":140736385399961,"idx":16},{"addr":140736897083607,"idx":17},{"addr":140736916996940,"idx":18}],,,,,,,,,,,,,,,,,,,4096,0,17068,,,,,,,,,,,,,,,,,,,,,,,,,,,,,,,,,,,,,,,,,,,,,,,,,,,,,,,,,,,,,,,,,,,,,,,,,,,,,,,,,,,,,,,,,,,,,,,,,,,
"2025-09-02 15:13:17.7009912Z","ETW","Microsoft-Windows-Kernel-Audit-API-Calls",5,"Info ",5380,1508,"explorer.exe",,,,,,,,,,,,,,,,[{"addr":140736918203764,"idx":0},{"addr":140736872731894,"idx":1},{"addr":140736398714600,"idx":2},{"addr":140736398712748,"idx":3},{"addr":140736398711234,"idx":4},{"addr":140736398710503,"idx":5},{"addr":140736398712005,"idx":6},{"addr":140736398711769,"idx":7},{"addr":140736398711514,"idx":8},{"addr":140736831089126,"idx":9},{"addr":140736831087936,"idx":10},{"addr":140736902972741,"idx":11},{"addr":140736917453874,"idx":12},{"addr":140736917350976,"idx":13},{"addr":140736897083607,"idx":14},{"addr":140736916996940,"idx":15}],,,,,,,,,,,,,,,,,,,4096,0,17068,,,,,,,,,,,,,,,,,,,,,,,,,,,,,,,,,,,,,,,,,,,,,,,,,,,,,,,,,,,,,,,,,,,,,,,,,,,,,,,,,,,,,,,,,,,,,,,,,,,
"2025-09-02 15:13:17.7013670Z","ETW","Microsoft-Windows-Kernel-Audit-API-Calls",5,"Info ",5380,1508,"explorer.exe",,,,,,,,,,,,,,,,[{"addr":140736918203764,"idx":0},{"addr":140736872731894,"idx":1},{"addr":140736430433935,"idx":2},{"addr":140736430427044,"idx":3},{"addr":140736430428073,"idx":4},{"addr":140736398710558,"idx":5},{"addr":140736398712005,"idx":6},{"addr":140736398711769,"idx":7},{"addr":140736398711514,"idx":8},{"addr":140736831089126,"idx":9},{"addr":140736831087936,"idx":10},{"addr":140736902972741,"idx":11},{"addr":140736917453874,"idx":12},{"addr":140736917350976,"idx":13},{"addr":140736897083607,"idx":14},{"addr":140736916996940,"idx":15}],,,,,,,,,,,,,,,,,,,4096,0,17068,,,,,,,,,,,,,,,,,,,,,,,,,,,,,,,,,,,,,,,,,,,,,,,,,,,,,,,,,,,,,,,,,,,,,,,,,,,,,,,,,,,,,,,,,,,,,,,,,,,
"2025-09-02 15:13:17.7022936Z","ETW","Microsoft-Windows-Kernel-Audit-API-Calls",5,"Info ",5380,11960,"explorer.exe",,,,,,,,,,,,,,,,[{"addr":140736918203764,"idx":0},{"addr":140736872731894,"idx":1},{"addr":140736444438058,"idx":2},{"addr":140736446554414,"idx":3},{"addr":140736445126775,"idx":4},{"addr":140736446857623,"idx":5},{"addr":140736902703990,"idx":6},{"addr":140736902703274,"idx":7},{"addr":140736902700103,"idx":8},{"addr":140736897083607,"idx":9},{"addr":140736916996940,"idx":10}],,,,,,,,,,,,,,,,,,,4096,0,17068,,,,,,,,,,,,,,,,,,,,,,,,,,,,,,,,,,,,,,,,,,,,,,,,,,,,,,,,,,,,,,,,,,,,,,,,,,,,,,,,,,,,,,,,,,,,,,,,,,,
"2025-09-02 15:13:17.7022988Z","ETW","Microsoft-Windows-Kernel-Audit-API-Calls",5,"Info ",5380,11960,"explorer.exe",,,,,,,,,,,,,,,,[{"addr":140736918203764,"idx":0},{"addr":140736872731894,"idx":1},{"addr":140736444438370,"idx":2},{"addr":140736446554414,"idx":3},{"addr":140736445126775,"idx":4},{"addr":140736446857623,"idx":5},{"addr":140736902703990,"idx":6},{"addr":140736902703274,"idx":7},{"addr":140736902700103,"idx":8},{"addr":140736897083607,"idx":9},{"addr":140736916996940,"idx":10}],,,,,,,,,,,,,,,,,,,4096,0,17068,,,,,,,,,,,,,,,,,,,,,,,,,,,,,,,,,,,,,,,,,,,,,,,,,,,,,,,,,,,,,,,,,,,,,,,,,,,,,,,,,,,,,,,,,,,,,,,,,,,
"2025-09-02 15:13:17.7023480Z","ETW","Microsoft-Windows-Kernel-Audit-API-Calls",5,"Info ",5380,11960,"explorer.exe",,,,,,,,,,,,,,,,[{"addr":140736918203764,"idx":0},{"addr":140736872731894,"idx":1},{"addr":140736445128446,"idx":2},{"addr":140736445127711,"idx":3},{"addr":140736445127394,"idx":4},{"addr":140736445126788,"idx":5},{"addr":140736446857623,"idx":6},{"addr":140736902703990,"idx":7},{"addr":140736902703274,"idx":8},{"addr":140736902700103,"idx":9},{"addr":140736897083607,"idx":10},{"addr":140736916996940,"idx":11}],,,,,,,,,,,,,,,,,,,4096,0,17068,,,,,,,,,,,,,,,,,,,,,,,,,,,,,,,,,,,,,,,,,,,,,,,,,,,,,,,,,,,,,,,,,,,,,,,,,,,,,,,,,,,,,,,,,,,,,,,,,,,
"2025-09-02 15:13:17.7041430Z","ETW","Microsoft-Windows-Kernel-Audit-API-Calls",5,"Info ",2828,8368,"svchost.exe",,,,,,,,,,,,,,,,[{"addr":140736918206916,"idx":0},{"addr":140736882337646,"idx":1},{"addr":140736910267593,"idx":2},{"addr":140736627175582,"idx":3},{"addr":140736627474007,"idx":4},{"addr":140736882620003,"idx":5},{"addr":140736882628366,"idx":6},{"addr":140736881847376,"idx":7},{"addr":140736909646499,"idx":8},{"addr":140736909646267,"idx":9},{"addr":140736909643574,"idx":10},{"addr":140736909641089,"idx":11},{"addr":140736910206646,"idx":12},{"addr":140736909298250,"idx":13},{"addr":140736909422200,"idx":14},{"addr":140736909684515,"idx":15},{"addr":140736882311415,"idx":16},{"addr":140736882088628,"idx":17},{"addr":140736882092154,"idx":18},{"addr":140736882015316,"idx":19},{"addr":140736882081820,"idx":20},{"addr":140736882106396,"idx":21},{"addr":140736882102691,"idx":22},{"addr":140736882098504,"idx":23},{"addr":140736917358174,"idx":24},{"addr":140736917350275,"idx":25},{"addr":140736897083607,"idx":26},{"addr":140736916996940,"idx":27}],,,,,,,,,,,,,,,,,,,4096,0,5380,,,,,,,,,,,,,,,,,,,,,,,,,,,,,,,,,,,,,,,,,,,,,,,,,,,,,,,,,,,,,,,,,,,,,,,,,,,,,,,,,,,,,,,,,,,,,,,,,,,
"2025-09-02 15:13:17.7074186Z","ETW","Microsoft-Windows-Kernel-Audit-API-Calls",5,"Info ",5380,7344,"explorer.exe",,,,,,,,,,,,,,,,[{"addr":140736918203764,"idx":0},{"addr":140736872731894,"idx":1},{"addr":140736444439923,"idx":2},{"addr":140736444712908,"idx":3},{"addr":140736444708475,"idx":4},{"addr":140736902703990,"idx":5},{"addr":140736902703274,"idx":6},{"addr":140736902700103,"idx":7},{"addr":140736897083607,"idx":8},{"addr":140736916996940,"idx":9}],,,,,,,,,,,,,,,,,,,4096,0,17068,,,,,,,,,,,,,,,,,,,,,,,,,,,,,,,,,,,,,,,,,,,,,,,,,,,,,,,,,,,,,,,,,,,,,,,,,,,,,,,,,,,,,,,,,,,,,,,,,,,
"2025-09-02 15:13:17.7082764Z","ETW","Microsoft-Windows-Kernel-Audit-API-Calls",5,"Info ",5380,5932,"explorer.exe",,,,,,,,,,,,,,,,[{"addr":140736918203764,"idx":0},{"addr":140736872731894,"idx":1},{"addr":140736402635997,"idx":2},{"addr":140736444426842,"idx":3},{"addr":140736444422450,"idx":4},{"addr":140736446288778,"idx":5},{"addr":140736445792905,"idx":6},{"addr":140736444423990,"idx":7},{"addr":140736380163635,"idx":8},{"addr":140736379887339,"idx":9},{"addr":140736379886107,"idx":10},{"addr":140736380085383,"idx":11},{"addr":140736380059802,"idx":12},{"addr":140736380059676,"idx":13},{"addr":140736914162134,"idx":14},{"addr":140736914152749,"idx":15},{"addr":140736385072015,"idx":16},{"addr":140736385153039,"idx":17},{"addr":140736385398901,"idx":18},{"addr":140736385399961,"idx":19},{"addr":140736897083607,"idx":20},{"addr":140736916996940,"idx":21}],,,,,,,,,,,,,,,,,,,4096,0,17068,,,,,,,,,,,,,,,,,,,,,,,,,,,,,,,,,,,,,,,,,,,,,,,,,,,,,,,,,,,,,,,,,,,,,,,,,,,,,,,,,,,,,,,,,,,,,,,,,,,
"2025-09-02 15:13:17.7082926Z","ETW","Microsoft-Windows-Kernel-Audit-API-Calls",5,"Info ",2828,1056,"svchost.exe",,,,,,,,,,,,,,,,[{"addr":140736918206916,"idx":0},{"addr":140736882337646,"idx":1},{"addr":140736910267593,"idx":2},{"addr":140736627556068,"idx":3},{"addr":140736882620003,"idx":4},{"addr":140736882628366,"idx":5},{"addr":140736881847376,"idx":6},{"addr":140736909646499,"idx":7},{"addr":140736909646267,"idx":8},{"addr":140736909643574,"idx":9},{"addr":140736909641089,"idx":10},{"addr":140736910206646,"idx":11},{"addr":140736909298250,"idx":12},{"addr":140736909422200,"idx":13},{"addr":140736909684515,"idx":14},{"addr":140736882311415,"idx":15},{"addr":140736882088628,"idx":16},{"addr":140736882092154,"idx":17},{"addr":140736882015316,"idx":18},{"addr":140736882081820,"idx":19},{"addr":140736882106396,"idx":20},{"addr":140736882102691,"idx":21},{"addr":140736882098504,"idx":22},{"addr":140736917358174,"idx":23},{"addr":140736917350275,"idx":24},{"addr":140736897083607,"idx":25},{"addr":140736916996940,"idx":26}],,,,,,,,,,,,,,,,,,,4096,0,5380,,,,,,,,,,,,,,,,,,,,,,,,,,,,,,,,,,,,,,,,,,,,,,,,,,,,,,,,,,,,,,,,,,,,,,,,,,,,,,,,,,,,,,,,,,,,,,,,,,,
"2025-09-02 15:13:17.7086076Z","ETW","Microsoft-Windows-Kernel-Audit-API-Calls",5,"Info ",2828,8368,"svchost.exe",,,,,,,,,,,,,,,,[{"addr":140736918206916,"idx":0},{"addr":140736882337646,"idx":1},{"addr":140736910267593,"idx":2},{"addr":140736627175582,"idx":3},{"addr":140736627168769,"idx":4},{"addr":140736882620003,"idx":5},{"addr":140736882628366,"idx":6},{"addr":140736881847376,"idx":7},{"addr":140736909646499,"idx":8},{"addr":140736909646267,"idx":9},{"addr":140736909643574,"idx":10},{"addr":140736909641089,"idx":11},{"addr":140736910206646,"idx":12},{"addr":140736909298250,"idx":13},{"addr":140736909422200,"idx":14},{"addr":140736909684515,"idx":15},{"addr":140736882311415,"idx":16},{"addr":140736882088628,"idx":17},{"addr":140736882092154,"idx":18},{"addr":140736882015316,"idx":19},{"addr":140736882081820,"idx":20},{"addr":140736882106396,"idx":21},{"addr":140736882102691,"idx":22},{"addr":140736882098504,"idx":23},{"addr":140736917358174,"idx":24},{"addr":140736917350275,"idx":25},{"addr":140736897083607,"idx":26},{"addr":140736916996940,"idx":27}],,,,,,,,,,,,,,,,,,,4096,0,5380,,,,,,,,,,,,,,,,,,,,,,,,,,,,,,,,,,,,,,,,,,,,,,,,,,,,,,,,,,,,,,,,,,,,,,,,,,,,,,,,,,,,,,,,,,,,,,,,,,,
"2025-09-02 15:13:17.7095106Z","ETW","Microsoft-Windows-Kernel-Audit-API-Calls",5,"Info ",2828,8368,"svchost.exe",,,,,,,,,,,,,,,,[{"addr":140736918206916,"idx":0},{"addr":140736882337646,"idx":1},{"addr":140736910267593,"idx":2},{"addr":140736627175582,"idx":3},{"addr":140736627173040,"idx":4},{"addr":140736882620003,"idx":5},{"addr":140736882628366,"idx":6},{"addr":140736881847376,"idx":7},{"addr":140736909646499,"idx":8},{"addr":140736909646267,"idx":9},{"addr":140736909643574,"idx":10},{"addr":140736909641089,"idx":11},{"addr":140736910206646,"idx":12},{"addr":140736909298250,"idx":13},{"addr":140736909422200,"idx":14},{"addr":140736909684515,"idx":15},{"addr":140736882311415,"idx":16},{"addr":140736882088628,"idx":17},{"addr":140736882092154,"idx":18},{"addr":140736882015316,"idx":19},{"addr":140736882081820,"idx":20},{"addr":140736882106396,"idx":21},{"addr":140736882102691,"idx":22},{"addr":140736882098504,"idx":23},{"addr":140736917358174,"idx":24},{"addr":140736917350275,"idx":25},{"addr":140736897083607,"idx":26},{"addr":140736916996940,"idx":27}],,,,,,,,,,,,,,,,,,,4096,0,5380,,,,,,,,,,,,,,,,,,,,,,,,,,,,,,,,,,,,,,,,,,,,,,,,,,,,,,,,,,,,,,,,,,,,,,,,,,,,,,,,,,,,,,,,,,,,,,,,,,,
"2025-09-02 15:13:17.7099230Z","ETW","Microsoft-Windows-Kernel-Audit-API-Calls",5,"Info ",2828,1056,"svchost.exe",,,,,,,,,,,,,,,,[{"addr":140736918206916,"idx":0},{"addr":140736882337646,"idx":1},{"addr":140736910267593,"idx":2},{"addr":140736627175582,"idx":3},{"addr":140736627340209,"idx":4},{"addr":140736882620003,"idx":5},{"addr":140736882628366,"idx":6},{"addr":140736881847376,"idx":7},{"addr":140736909646499,"idx":8},{"addr":140736909646267,"idx":9},{"addr":140736909643574,"idx":10},{"addr":140736909641089,"idx":11},{"addr":140736910206646,"idx":12},{"addr":140736909298250,"idx":13},{"addr":140736909422200,"idx":14},{"addr":140736909684515,"idx":15},{"addr":140736882311415,"idx":16},{"addr":140736882088628,"idx":17},{"addr":140736882092154,"idx":18},{"addr":140736882015316,"idx":19},{"addr":140736882081820,"idx":20},{"addr":140736882106396,"idx":21},{"addr":140736882102691,"idx":22},{"addr":140736882098504,"idx":23},{"addr":140736917358174,"idx":24},{"addr":140736917350275,"idx":25},{"addr":140736897083607,"idx":26},{"addr":140736916996940,"idx":27}],,,,,,,,,,,,,,,,,,,4096,0,5380,,,,,,,,,,,,,,,,,,,,,,,,,,,,,,,,,,,,,,,,,,,,,,,,,,,,,,,,,,,,,,,,,,,,,,,,,,,,,,,,,,,,,,,,,,,,,,,,,,,
"2025-09-02 15:13:17.7110204Z","ETW","Microsoft-Windows-Kernel-Audit-API-Calls",5,"Info ",2828,1056,"svchost.exe",,,,,,,,,,,,,,,,[{"addr":140736918206916,"idx":0},{"addr":140736882337646,"idx":1},{"addr":140736910267593,"idx":2},{"addr":140736627175582,"idx":3},{"addr":140736627787742,"idx":4},{"addr":140736882620003,"idx":5},{"addr":140736882628366,"idx":6},{"addr":140736881847376,"idx":7},{"addr":140736909646499,"idx":8},{"addr":140736909646267,"idx":9},{"addr":140736909643574,"idx":10},{"addr":140736909641089,"idx":11},{"addr":140736910206646,"idx":12},{"addr":140736909298250,"idx":13},{"addr":140736909422200,"idx":14},{"addr":140736909684515,"idx":15},{"addr":140736882311415,"idx":16},{"addr":140736882088628,"idx":17},{"addr":140736882092154,"idx":18},{"addr":140736882015316,"idx":19},{"addr":140736882081820,"idx":20},{"addr":140736882106396,"idx":21},{"addr":140736882102691,"idx":22},{"addr":140736882098504,"idx":23},{"addr":140736917358174,"idx":24},{"addr":140736917350275,"idx":25},{"addr":140736897083607,"idx":26},{"addr":140736916996940,"idx":27}],,,,,,,,,,,,,,,,,,,4096,0,5380,,,,,,,,,,,,,,,,,,,,,,,,,,,,,,,,,,,,,,,,,,,,,,,,,,,,,,,,,,,,,,,,,,,,,,,,,,,,,,,,,,,,,,,,,,,,,,,,,,,
"2025-09-02 15:13:17.7116080Z","ETW","Microsoft-Windows-Kernel-Audit-API-Calls",5,"Info ",6624,17100,"svchost.exe",,,,,,,,,,,,,,,,[{"addr":140736918203764,"idx":0},{"addr":140736872731894,"idx":1},{"addr":140733987347359,"idx":2},{"addr":140733987324808,"idx":3},{"addr":140733987315955,"idx":4},{"addr":140736902703990,"idx":5},{"addr":140736902703274,"idx":6},{"addr":140736902700103,"idx":7},{"addr":140736897083607,"idx":8},{"addr":140736916996940,"idx":9}],,,,,,,,,,,,,,,,,,,4096,0,17068,,,,,,,,,,,,,,,,,,,,,,,,,,,,,,,,,,,,,,,,,,,,,,,,,,,,,,,,,,,,,,,,,,,,,,,,,,,,,,,,,,,,,,,,,,,,,,,,,,,
"2025-09-02 15:13:17.7159378Z","ETW","Microsoft-Windows-Kernel-Audit-API-Calls",5,"Info ",4900,7676,"ctfmon.exe",,,,,,,,,,,,,,,,[{"addr":140736918206916,"idx":0},{"addr":140736900739521,"idx":1},{"addr":140736900742168,"idx":2},{"addr":140736900735498,"idx":3},{"addr":140736901294627,"idx":4},{"addr":140736897083607,"idx":5},{"addr":140736916996940,"idx":6}],,,,,,,,,,,,,,,,,,,4096,0,17068,,,,,,,,,,,,,,,,,,,,,,,,,,,,,,,,,,,,,,,,,,,,,,,,,,,,,,,,,,,,,,,,,,,,,,,,,,,,,,,,,,,,,,,,,,,,,,,,,,,
"2025-09-02 15:13:17.7163988Z","ETW","Microsoft-Windows-Kernel-Process",5,"ImageLoadInfo ",17068,18712,"Notepad.exe",,,,"C:\Windows\System32\TextInputFramework.dll",,,,,,,,,,,,[{"addr":140736918203828,"idx":0},{"addr":140736917192506,"idx":1},{"addr":140736917191278,"idx":2},{"addr":140736917210764,"idx":3},{"addr":140736917202269,"idx":4},{"addr":140736917259140,"idx":5},{"addr":140736916785248,"idx":6},{"addr":140736916786774,"idx":7},{"addr":140736917021315,"idx":8},{"addr":140736917023197,"idx":9},{"addr":140736900965938,"idx":10},{"addr":140736901152917,"idx":11},{"addr":140736901111853,"idx":12},{"addr":140736900781155,"idx":13},{"addr":140736900785878,"idx":14},{"addr":140736900779565,"idx":15},{"addr":140736901002238,"idx":16},{"addr":140736900705930,"idx":17},{"addr":140736900704383,"idx":18},{"addr":140736900704031,"idx":19},{"addr":140736896655108,"idx":20},{"addr":140736896644017,"idx":21},{"addr":140736896653321,"idx":22},{"addr":140736914119548,"idx":23},{"addr":140736914115681,"idx":24},{"addr":140736914114480,"idx":25},{"addr":140736914114102,"idx":26},{"addr":140736914162134,"idx":27},{"addr":140736914160220,"idx":28},{"addr":140736914362035,"idx":29},{"addr":140736918218964,"idx":30},{"addr":140736876125220,"idx":31},{"addr":140696713529143,"idx":32},{"addr":140696713572687,"idx":33},{"addr":140696713577554,"idx":34},{"addr":140736914162134,"idx":35},{"addr":140736914160796,"idx":36},{"addr":140734020181667,"idx":37},{"addr":140734020173556,"idx":38},{"addr":140734020086141,"idx":39},{"addr":140734020092975,"idx":40},{"addr":140734020177192,"idx":41},{"addr":140734020178427,"idx":42},{"addr":140736914162134,"idx":43},{"addr":140736914160220,"idx":44},{"addr":140736914362035,"idx":45},{"addr":140736918218964,"idx":46},{"addr":140736876125412,"idx":47},{"addr":140696713735805,"idx":48},{"addr":140696713733998,"idx":49},{"addr":140696713934080,"idx":50},{"addr":140696713892868,"idx":51},{"addr":140736876328880,"idx":52},{"addr":140736897083607,"idx":53},{"addr":140736916996940,"idx":54}],,,,,,,,,17068,,,,,,,,,,,,,,,,,,,,,,,,,,,,,,,,,,,,1467524759,140736660635648,140736660635648,1460031,1380352,,,,,,,,,,,,,,,,,,,,,,,,,,,,,,,,,,,,,,,,,,,,,,,,,,,,,,,,,,,,,,,,,,,,,,,
"2025-09-02 15:13:17.7197376Z","ETW","Microsoft-Windows-Kernel-Audit-API-Calls",5,"Info ",5380,22280,"explorer.exe",,,,,,,,,,,,,,,,[{"addr":140736918203764,"idx":0},{"addr":140736872731894,"idx":1},{"addr":140736430433935,"idx":2},{"addr":140736430427044,"idx":3},{"addr":140736430428073,"idx":4},{"addr":140736399722365,"idx":5},{"addr":140736399723236,"idx":6},{"addr":140736398711578,"idx":7},{"addr":140736831089126,"idx":8},{"addr":140736831087936,"idx":9},{"addr":140736902972741,"idx":10},{"addr":140736917453874,"idx":11},{"addr":140736917350976,"idx":12},{"addr":140736897083607,"idx":13},{"addr":140736916996940,"idx":14}],,,,,,,,,,,,,,,,,,,4096,0,17068,,,,,,,,,,,,,,,,,,,,,,,,,,,,,,,,,,,,,,,,,,,,,,,,,,,,,,,,,,,,,,,,,,,,,,,,,,,,,,,,,,,,,,,,,,,,,,,,,,,
"2025-09-02 15:13:17.7201340Z","ETW","Microsoft-Windows-Kernel-Audit-API-Calls",5,"Info ",5380,5932,"explorer.exe",,,,,,,,,,,,,,,,[{"addr":140736918203764,"idx":0},{"addr":140736872731894,"idx":1},{"addr":140736402635997,"idx":2},{"addr":140736444426842,"idx":3},{"addr":140736444422450,"idx":4},{"addr":140736380163635,"idx":5},{"addr":140736379887339,"idx":6},{"addr":140736379886107,"idx":7},{"addr":140736380085383,"idx":8},{"addr":140736380059802,"idx":9},{"addr":140736380059676,"idx":10},{"addr":140736914162134,"idx":11},{"addr":140736914152749,"idx":12},{"addr":140736385072015,"idx":13},{"addr":140736385153039,"idx":14},{"addr":140736385398901,"idx":15},{"addr":140736385399961,"idx":16},{"addr":140736897083607,"idx":17},{"addr":140736916996940,"idx":18}],,,,,,,,,,,,,,,,,,,4096,0,17068,,,,,,,,,,,,,,,,,,,,,,,,,,,,,,,,,,,,,,,,,,,,,,,,,,,,,,,,,,,,,,,,,,,,,,,,,,,,,,,,,,,,,,,,,,,,,,,,,,,
"2025-09-02 15:13:17.7214698Z","ETW","Microsoft-Windows-Kernel-Process",3,"ThreadStartStart ",17068,4848,"Notepad.exe",,,,,,,,,,,,,,,,[{"addr":140736918208964,"idx":0},{"addr":140736872776761,"idx":1},{"addr":140736897102141,"idx":2},{"addr":140736876812648,"idx":3},{"addr":140696713891474,"idx":4},{"addr":140696713944944,"idx":5},{"addr":140696713433711,"idx":6},{"addr":140696713578297,"idx":7},{"addr":140696714194754,"idx":8},{"addr":140736897083607,"idx":9},{"addr":140736916996940,"idx":10}],,,,,,,,,17068,18446639081572507648,18446639081572483072,140736876328832,0,131192422400,484,131213557760,131213553664,140736876328832,,,,,,,,,,,,,,,,,,,,,,,,,,,,,,,,,,,,,,,,,,,,,,,,,,,,,,,,,,,,,,,,,,,,,,,,,,,,,,,,,,,,,,,,,,,,,,,,,,,,,,
"2025-09-02 15:13:17.7225254Z","ETW","Microsoft-Windows-Kernel-File",30,"CreateNewFileInfo ",17068,12168,"Notepad.exe",,,,"C:\Users\hacker\AppData\Local\Packages\Microsoft.WindowsNotepad_8wekyb3d8bbwe\LocalState\TabState\b22fa01c-a17a-4c40-a7af-f18a6646c8ef.bin.tmp",,,,,,,,,,,,[{"addr":140736918205268,"idx":0},{"addr":140736872716567,"idx":1},{"addr":140736872407957,"idx":2},{"addr":140736876551228,"idx":3},{"addr":140736876550857,"idx":4},{"addr":140736876549874,"idx":5},{"addr":140736876555588,"idx":6},{"addr":140736645606618,"idx":7},{"addr":140696714101168,"idx":8},{"addr":140696714037111,"idx":9},{"addr":140696714077204,"idx":10},{"addr":140696714024731,"idx":11},{"addr":140696714052590,"idx":12},{"addr":140736876328880,"idx":13},{"addr":140736897083607,"idx":14},{"addr":140736916996940,"idx":15}],128,84017248,18446660011106530208,18446660011101446392,12168,3,,,,,,,,,,,,,,,,,,,,,,,,,,,,,,,,,,,,,,,,,,,,,,,,,,,,,,,,,,,,,,,,,,,,,,,,,,,,,,,,,,,,,,,,,,,,,,,,,,,,,,,,,,,,,,,,,,
"2025-09-02 15:13:17.7225378Z","ETW","Microsoft-Windows-Kernel-File",10,"NameCreateInfo ",17068,12168,"Notepad.exe",,,,"C:\Users\hacker\AppData\Local\Packages\Microsoft.WindowsNotepad_8wekyb3d8bbwe\LocalState\TabState\b22fa01c-a17a-4c40-a7af-f18a6646c8ef.bin.tmp",,,,,,,,,,,,[{"addr":140736918205268,"idx":0},{"addr":140736872716567,"idx":1},{"addr":140736872407957,"idx":2},{"addr":140736876551228,"idx":3},{"addr":140736876550857,"idx":4},{"addr":140736876549874,"idx":5},{"addr":140736876555588,"idx":6},{"addr":140736645606618,"idx":7},{"addr":140696714101168,"idx":8},{"addr":140696714037111,"idx":9},{"addr":140696714077204,"idx":10},{"addr":140696714024731,"idx":11},{"addr":140696714052590,"idx":12},{"addr":140736876328880,"idx":13},{"addr":140736897083607,"idx":14},{"addr":140736916996940,"idx":15}],,,,,,,18446708904259042176,,,,,,,,,,,,,,,,,,,,,,,,,,,,,,,,,,,,,,,,,,,,,,,,,,,,,,,,,,,,,,,,,,,,,,,,,,,,,,,,,,,,,,,,,,,,,,,,,,,,,,,,,,,,,,,,,
"2025-09-02 15:13:17.7229438Z","ETW","Microsoft-Windows-Kernel-Audit-API-Calls",6,"Info ",1912,8,"MsMpEng.exe",,,,,,,,,,,,,,,,[{"addr":140736918212548,"idx":0},{"addr":140736872857142,"idx":1},{"addr":140736738243895,"idx":2},{"addr":140736738242452,"idx":3},{"addr":140736657604428,"idx":4},{"addr":140736657598535,"idx":5},{"addr":140736657597146,"idx":6},{"addr":140736658259206,"idx":7},{"addr":140736657749938,"idx":8},{"addr":140736657909615,"idx":9},{"addr":140736658079503,"idx":10},{"addr":140736897083607,"idx":11},{"addr":140736916996940,"idx":12}],,,,,,,,,,,,,,,,,,,2097151,0,1912,8,,,,,,,,,,,,,,,,,,,,,,,,,,,,,,,,,,,,,,,,,,,,,,,,,,,,,,,,,,,,,,,,,,,,,,,,,,,,,,,,,,,,,,,,,,,,,,,,,,
"2025-09-02 15:13:17.7230396Z","ETW","Microsoft-Windows-Kernel-File",10,"NameCreateInfo ",17068,12168,"Notepad.exe",,,,"C:\Users\hacker\AppData\Local\Packages\Microsoft.WindowsNotepad_8wekyb3d8bbwe\LocalState\TabState\b22fa01c-a17a-4c40-a7af-f18a6646c8ef.bin",,,,,,,,,,,,[{"addr":140736918203796,"idx":0},{"addr":140736872913295,"idx":1},{"addr":140736872912349,"idx":2},{"addr":140696714191872,"idx":3},{"addr":140696714048053,"idx":4},{"addr":140696714037814,"idx":5},{"addr":140696714077204,"idx":6},{"addr":140696714024731,"idx":7},{"addr":140696714052590,"idx":8},{"addr":140736876328880,"idx":9},{"addr":140736897083607,"idx":10},{"addr":140736916996940,"idx":11}],,,,,,,18446708904259042176,,,,,,,,,,,,,,,,,,,,,,,,,,,,,,,,,,,,,,,,,,,,,,,,,,,,,,,,,,,,,,,,,,,,,,,,,,,,,,,,,,,,,,,,,,,,,,,,,,,,,,,,,,,,,,,,,
"2025-09-02 15:13:17.7231571Z","ETW","Microsoft-Windows-Kernel-Audit-API-Calls",5,"Info ",17068,18712,"Notepad.exe",,,,,,,,,,,,,,,,[{"addr":140736918203764,"idx":0},{"addr":140736872731894,"idx":1},{"addr":140736717697306,"idx":2},{"addr":140736718982931,"idx":3},{"addr":140736718986610,"idx":4},{"addr":140696713934453,"idx":5},{"addr":140696713892868,"idx":6},{"addr":140736876328880,"idx":7},{"addr":140736897083607,"idx":8},{"addr":140736916996940,"idx":9}],,,,,,,,,,,,,,,,,,,4096,0,17068,,,,,,,,,,,,,,,,,,,,,,,,,,,,,,,,,,,,,,,,,,,,,,,,,,,,,,,,,,,,,,,,,,,,,,,,,,,,,,,,,,,,,,,,,,,,,,,,,,,
"2025-09-02 15:13:17.7234125Z","ETW","Microsoft-Windows-Kernel-Audit-API-Calls",6,"Info ",1912,8,"MsMpEng.exe",,,,,,,,,,,,,,,,[{"addr":140736918212548,"idx":0},{"addr":140736872857142,"idx":1},{"addr":140736738243895,"idx":2},{"addr":140736738242452,"idx":3},{"addr":140736657604428,"idx":4},{"addr":140736657598535,"idx":5},{"addr":140736657597146,"idx":6},{"addr":140736658259206,"idx":7},{"addr":140736657749938,"idx":8},{"addr":140736657909615,"idx":9},{"addr":140736658079503,"idx":10},{"addr":140736897083607,"idx":11},{"addr":140736916996940,"idx":12}],,,,,,,,,,,,,,,,,,,2097151,0,1912,8,,,,,,,,,,,,,,,,,,,,,,,,,,,,,,,,,,,,,,,,,,,,,,,,,,,,,,,,,,,,,,,,,,,,,,,,,,,,,,,,,,,,,,,,,,,,,,,,,,
"2025-09-02 15:13:17.7235084Z","ETW","Microsoft-Antimalware-Engine",59,"Message Info ",1912,22008,"MsMpEng.exe",,,,,,0,"Behavior:Win32/ASRUsbCopiedRenamed","0x19B3CC206E0B","7cd6872bd369cad262956a7857d3829369d711f7",,,,,,,[],,,,,,,,,,,,,,,,,,,,,,,,,,,,,,,,,,,,,,,,,,,,,,,,,,,,,,,,,,,,,,,,,,,,,,,,,,,,,,,,,,,,,,,,,,,,,,,,,,,,,,,,,,,,,,,,,,,,,,,,
"2025-09-02 15:13:17.7239859Z","ETW","Microsoft-Antimalware-Engine",3,"Message Info ",1912,8,"MsMpEng.exe",,,"Small object cache hit for C:\Users\hacker\AppData\Local\Packages\Microsoft.WindowsNotepad_8wekyb3d8bbwe\LocalState\TabState\b22fa01c-a17a-4c40-a7af-f18a6646c8ef.bin",,,,,,,,,,,,,[],,,,,,,,,,,,,,,,,,,,,,,,,,,,,,,,,,,,,,,,,,,,,,,,,,,,,,,,,,,,,,,,,,,,,,,,,,,,,,,,,,,,,,,,,,,,,,,,,,,,,,,,,,,,,,,,,,,,,,,,
"2025-09-02 15:13:17.7241600Z","ETW","Microsoft-Antimalware-Engine",111,"Behavior Monitoring BmNotificationHandleStart",15112,10404,"Notepad.exe",,,,,,,,,,,,,,,,[],,,,,,,,,,,,,,,,,,,,,,,,,,,,,,,,,,,,,,,,,,,,,,,,,,,,,,,,,,,,,,,,,,,,,,,,,,,,,,,,,16386,3935921,1,,,,,,,,,,,,,,,,,,,,,,,,,,,,,,,,,,,,,
"2025-09-02 15:13:17.7246045Z","ETW","Microsoft-Antimalware-Engine",112,"Behavior Monitoring BmNotificationHandleStop",15112,10404,"Notepad.exe",,,,,,,,,,,,,,,,[],,,,,,,,,,,,,,,,,,,,,,,,,,,,,,,,,,,,,,,,,,,,,,,,,,,,,,,,,,,,,,,,,,,,,,,,,,,,,,,,,16386,3935921,1,false,true,0,,,,,,,,,,,,,,,,,,,,,,,,,,,,,,,,,,
"2025-09-02 15:13:17.7247565Z","ETW","Microsoft-Antimalware-Engine",59,"Message Info ",1912,22008,"MsMpEng.exe",,,,,,0,"Behavior:Win32/PossiblePrifou.C","0x39B31D40F3EE","07862b071506fa6403b840e947e3b06cbfdf5579",,,,,,,[],,,,,,,,,,,,,,,,,,,,,,,,,,,,,,,,,,,,,,,,,,,,,,,,,,,,,,,,,,,,,,,,,,,,,,,,,,,,,,,,,,,,,,,,,,,,,,,,,,,,,,,,,,,,,,,,,,,,,,,,
"2025-09-02 15:13:17.7247818Z","ETW","Microsoft-Antimalware-Engine",111,"Behavior Monitoring BmNotificationHandleStart",16284,10404,"attack.exe",,,,,,,,,,,,,,,,[],,,,,,,,,,,,,,,,,,,,,,,,,,,,,,,,,,,,,,,,,,,,,,,,,,,,,,,,,,,,,,,,,,,,,,,,,,,,,,,,,16386,3935921,1,,,,,,,,,,,,,,,,,,,,,,,,,,,,,,,,,,,,,
"2025-09-02 15:13:17.7248180Z","ETW","Microsoft-Antimalware-Engine",112,"Behavior Monitoring BmNotificationHandleStop",16284,10404,"attack.exe",,,,,,,,,,,,,,,,[],,,,,,,,,,,,,,,,,,,,,,,,,,,,,,,,,,,,,,,,,,,,,,,,,,,,,,,,,,,,,,,,,,,,,,,,,,,,,,,,,16386,3935921,1,false,false,0,,,,,,,,,,,,,,,,,,,,,,,,,,,,,,,,,,
"2025-09-02 15:13:17.7257020Z","ETW","Microsoft-Antimalware-Engine",111,"Behavior Monitoring BmNotificationHandleStart",15112,22008,"Notepad.exe",,,,,,,,,,,,,,,,[],,,,,,,,,,,,,,,,,,,,,,,,,,,,,,,,,,,,,,,,,,,,,,,,,,,,,,,,,,,,,,,,,,,,,,,,,,,,,,,,,16384,3935920,1,,,,,,,,,,,,,,,,,,,,,,,,,,,,,,,,,,,,,
"2025-09-02 15:13:17.7260815Z","ETW","Microsoft-Antimalware-Engine",112,"Behavior Monitoring BmNotificationHandleStop",15112,22008,"Notepad.exe",,,,,,,,,,,,,,,,[],,,,,,,,,,,,,,,,,,,,,,,,,,,,,,,,,,,,,,,,,,,,,,,,,,,,,,,,,,,,,,,,,,,,,,,,,,,,,,,,,16384,3935920,1,false,true,0,,,,,,,,,,,,,,,,,,,,,,,,,,,,,,,,,,
"2025-09-02 15:13:17.7261242Z","ETW","Microsoft-Antimalware-Engine",111,"Behavior Monitoring BmNotificationHandleStart",16284,10404,"attack.exe",,,,,,,,,,,,,,,,[],,,,,,,,,,,,,,,,,,,,,,,,,,,,,,,,,,,,,,,,,,,,,,,,,,,,,,,,,,,,,,,,,,,,,,,,,,,,,,,,,16384,3935920,1,,,,,,,,,,,,,,,,,,,,,,,,,,,,,,,,,,,,,
"2025-09-02 15:13:17.7267247Z","ETW","Microsoft-Antimalware-Engine",112,"Behavior Monitoring BmNotificationHandleStop",16284,10404,"attack.exe",,,,,,,,,,,,,,,,[],,,,,,,,,,,,,,,,,,,,,,,,,,,,,,,,,,,,,,,,,,,,,,,,,,,,,,,,,,,,,,,,,,,,,,,,,,,,,,,,,16384,3935920,1,false,true,0,,,,,,,,,,,,,,,,,,,,,,,,,,,,,,,,,,
"2025-09-02 15:13:17.7315541Z","ETW","Microsoft-Windows-Kernel-Process",5,"ImageLoadInfo ",17068,484,"Notepad.exe",,,,"C:\Windows\System32\globinputhost.dll",,,,,,,,,,,,[{"addr":140736918203828,"idx":0},{"addr":140736917192506,"idx":1},{"addr":140736917191278,"idx":2},{"addr":140736917210764,"idx":3},{"addr":140736917202269,"idx":4},{"addr":140736917259140,"idx":5},{"addr":140736916785248,"idx":6},{"addr":140736916786774,"idx":7},{"addr":140736917021315,"idx":8},{"addr":140736917023197,"idx":9},{"addr":140736672096258,"idx":10},{"addr":140736672177084,"idx":11},{"addr":140736672082153,"idx":12},{"addr":140733995076865,"idx":13},{"addr":140733995076407,"idx":14},{"addr":140733994474512,"idx":15},{"addr":140733994457828,"idx":16},{"addr":140733994659653,"idx":17},{"addr":140733994658239,"idx":18},{"addr":140733994899627,"idx":19},{"addr":140736914162134,"idx":20},{"addr":140736914160220,"idx":21},{"addr":140736914286798,"idx":22},{"addr":140736918218964,"idx":23},{"addr":140736876126340,"idx":24},{"addr":140736914229722,"idx":25},{"addr":140736914228583,"idx":26},{"addr":140736914228082,"idx":27},{"addr":140696713848465,"idx":28},{"addr":140696713892868,"idx":29},{"addr":140736876328880,"idx":30},{"addr":140736897083607,"idx":31},{"addr":140736916996940,"idx":32}],,,,,,,,,17068,,,,,,,,,,,,,,,,,,,,,,,,,,,,,,,,,,,,2781083246,140736555843584,140736555843584,265479,229376,,,,,,,,,,,,,,,,,,,,,,,,,,,,,,,,,,,,,,,,,,,,,,,,,,,,,,,,,,,,,,,,,,,,,,,
"2025-09-02 15:13:17.7317986Z","ETW","Microsoft-Windows-Kernel-Audit-API-Calls",5,"Info ",2828,8368,"svchost.exe",,,,,,,,,,,,,,,,[{"addr":140736918206916,"idx":0},{"addr":140736882337646,"idx":1},{"addr":140736910267593,"idx":2},{"addr":140736627175582,"idx":3},{"addr":140736627474007,"idx":4},{"addr":140736882620003,"idx":5},{"addr":140736882628366,"idx":6},{"addr":140736881847376,"idx":7},{"addr":140736909646499,"idx":8},{"addr":140736909646267,"idx":9},{"addr":140736909643574,"idx":10},{"addr":140736909641089,"idx":11},{"addr":140736910206646,"idx":12},{"addr":140736909298250,"idx":13},{"addr":140736909422200,"idx":14},{"addr":140736909684515,"idx":15},{"addr":140736882311415,"idx":16},{"addr":140736882088628,"idx":17},{"addr":140736882092154,"idx":18},{"addr":140736882015316,"idx":19},{"addr":140736882081820,"idx":20},{"addr":140736882106396,"idx":21},{"addr":140736882102691,"idx":22},{"addr":140736882098504,"idx":23},{"addr":140736917358174,"idx":24},{"addr":140736917350275,"idx":25},{"addr":140736897083607,"idx":26},{"addr":140736916996940,"idx":27}],,,,,,,,,,,,,,,,,,,4096,0,5380,,,,,,,,,,,,,,,,,,,,,,,,,,,,,,,,,,,,,,,,,,,,,,,,,,,,,,,,,,,,,,,,,,,,,,,,,,,,,,,,,,,,,,,,,,,,,,,,,,,
"2025-09-02 15:13:17.7475330Z","ETW","Microsoft-Windows-Kernel-Audit-API-Calls",6,"Info ",760,776,"csrss.exe",,,,,,,,,,,,,,,,[{"addr":140736918206948,"idx":0},{"addr":140736867540170,"idx":1},{"addr":140736867571939,"idx":2},{"addr":140736916996962,"idx":3}],,,,,,,,,,,,,,,,,,,2097151,0,17068,484,,,,,,,,,,,,,,,,,,,,,,,,,,,,,,,,,,,,,,,,,,,,,,,,,,,,,,,,,,,,,,,,,,,,,,,,,,,,,,,,,,,,,,,,,,,,,,,,,,
"2025-09-02 15:13:17.7475406Z","ETW","Microsoft-Windows-Kernel-Audit-API-Calls",5,"Info ",2828,8368,"svchost.exe",,,,,,,,,,,,,,,,[{"addr":140736918206916,"idx":0},{"addr":140736882337646,"idx":1},{"addr":140736910267593,"idx":2},{"addr":140736627556068,"idx":3},{"addr":140736882620003,"idx":4},{"addr":140736882628366,"idx":5},{"addr":140736881847376,"idx":6},{"addr":140736909646499,"idx":7},{"addr":140736909646267,"idx":8},{"addr":140736909643574,"idx":9},{"addr":140736909641089,"idx":10},{"addr":140736910206646,"idx":11},{"addr":140736909298250,"idx":12},{"addr":140736909422200,"idx":13},{"addr":140736909684515,"idx":14},{"addr":140736882311415,"idx":15},{"addr":140736882088628,"idx":16},{"addr":140736882092154,"idx":17},{"addr":140736882015316,"idx":18},{"addr":140736882081820,"idx":19},{"addr":140736882106396,"idx":20},{"addr":140736882102691,"idx":21},{"addr":140736882098504,"idx":22},{"addr":140736917358174,"idx":23},{"addr":140736917350275,"idx":24},{"addr":140736897083607,"idx":25},{"addr":140736916996940,"idx":26}],,,,,,,,,,,,,,,,,,,4096,0,5380,,,,,,,,,,,,,,,,,,,,,,,,,,,,,,,,,,,,,,,,,,,,,,,,,,,,,,,,,,,,,,,,,,,,,,,,,,,,,,,,,,,,,,,,,,,,,,,,,,,
"2025-09-02 15:13:17.7482630Z","ETW","Microsoft-Windows-Kernel-Audit-API-Calls",5,"Info ",2828,8368,"svchost.exe",,,,,,,,,,,,,,,,[{"addr":140736918206916,"idx":0},{"addr":140736882337646,"idx":1},{"addr":140736910267593,"idx":2},{"addr":140736627175582,"idx":3},{"addr":140736627173040,"idx":4},{"addr":140736882620003,"idx":5},{"addr":140736882628366,"idx":6},{"addr":140736881847376,"idx":7},{"addr":140736909646499,"idx":8},{"addr":140736909646267,"idx":9},{"addr":140736909643574,"idx":10},{"addr":140736909641089,"idx":11},{"addr":140736910206646,"idx":12},{"addr":140736909298250,"idx":13},{"addr":140736909422200,"idx":14},{"addr":140736909684515,"idx":15},{"addr":140736882311415,"idx":16},{"addr":140736882088628,"idx":17},{"addr":140736882092154,"idx":18},{"addr":140736882015316,"idx":19},{"addr":140736882081820,"idx":20},{"addr":140736882106396,"idx":21},{"addr":140736882102691,"idx":22},{"addr":140736882098504,"idx":23},{"addr":140736917358174,"idx":24},{"addr":140736917350275,"idx":25},{"addr":140736897083607,"idx":26},{"addr":140736916996940,"idx":27}],,,,,,,,,,,,,,,,,,,4096,0,5380,,,,,,,,,,,,,,,,,,,,,,,,,,,,,,,,,,,,,,,,,,,,,,,,,,,,,,,,,,,,,,,,,,,,,,,,,,,,,,,,,,,,,,,,,,,,,,,,,,,
"2025-09-02 15:13:17.7524820Z","ETW","Microsoft-Windows-Kernel-Audit-API-Calls",5,"Info ",4900,7676,"ctfmon.exe",,,,,,,,,,,,,,,,[{"addr":140736918206916,"idx":0},{"addr":140736900739521,"idx":1},{"addr":140736900742168,"idx":2},{"addr":140736900735498,"idx":3},{"addr":140736901294627,"idx":4},{"addr":140736897083607,"idx":5},{"addr":140736916996940,"idx":6}],,,,,,,,,,,,,,,,,,,4096,0,17068,,,,,,,,,,,,,,,,,,,,,,,,,,,,,,,,,,,,,,,,,,,,,,,,,,,,,,,,,,,,,,,,,,,,,,,,,,,,,,,,,,,,,,,,,,,,,,,,,,,
"2025-09-02 15:13:17.7548937Z","ETW","Microsoft-Windows-Kernel-Process",5,"ImageLoadInfo ",17068,21912,"Notepad.exe",,,,"C:\Windows\System32\InputHost.dll",,,,,,,,,,,,[{"addr":140736918203828,"idx":0},{"addr":140736917192506,"idx":1},{"addr":140736917191278,"idx":2},{"addr":140736917210764,"idx":3},{"addr":140736917202269,"idx":4},{"addr":140736917259140,"idx":5},{"addr":140736916785248,"idx":6},{"addr":140736916784352,"idx":7},{"addr":140736917101952,"idx":8},{"addr":140736872000198,"idx":9},{"addr":140736909363845,"idx":10},{"addr":140736909362547,"idx":11},{"addr":140736909531736,"idx":12},{"addr":140736909524833,"idx":13},{"addr":140736909523551,"idx":14},{"addr":140736350537594,"idx":15},{"addr":140736350537701,"idx":16},{"addr":140736350555700,"idx":17},{"addr":140736350506091,"idx":18},{"addr":140734016865791,"idx":19},{"addr":140734413234890,"idx":20},{"addr":140734413113168,"idx":21},{"addr":140734413113257,"idx":22},{"addr":140734413218202,"idx":23},{"addr":140734018401922,"idx":24},{"addr":140734413211506,"idx":25},{"addr":140734413211123,"idx":26},{"addr":140734018092056,"idx":27},{"addr":140734018092815,"idx":28},{"addr":140734018046363,"idx":29},{"addr":140734018050368,"idx":30},{"addr":140734018363750,"idx":31},{"addr":140734018008032,"idx":32},{"addr":140734017970538,"idx":33},{"addr":140734017970985,"idx":34},{"addr":140734018154560,"idx":35},{"addr":140734017912509,"idx":36},{"addr":140734018255648,"idx":37},{"addr":140734018192510,"idx":38},{"addr":140734017947952,"idx":39},{"addr":140734017947293,"idx":40},{"addr":140734017896044,"idx":41},{"addr":140734017907986,"idx":42},{"addr":140734017908872,"idx":43},{"addr":140734018172755,"idx":44},{"addr":140734018173158,"idx":45},{"addr":140734018174558,"idx":46},{"addr":140736914162134,"idx":47},{"addr":140736914160220,"idx":48},{"addr":140736914362035,"idx":49},{"addr":140736918218964,"idx":50},{"addr":140736876122820,"idx":51},{"addr":140736914122143,"idx":52},{"addr":140736914122024,"idx":53},{"addr":140733912310746,"idx":54},{"addr":140736897083607,"idx":55},{"addr":140736916996940,"idx":56}],,,,,,,,,17068,,,,,,,,,,,,,,,,,,,,,,,,,,,,,,,,,,,,2855433698,140736662077440,140736662077440,2027883,1974272,,,,,,,,,,,,,,,,,,,,,,,,,,,,,,,,,,,,,,,,,,,,,,,,,,,,,,,,,,,,,,,,,,,,,,,
"2025-09-02 15:13:17.7565171Z","ETW","Microsoft-Windows-Kernel-Process",5,"ImageLoadInfo ",17068,18712,"Notepad.exe",,,,"C:\Program Files\WindowsApps\Microsoft.WindowsAppRuntime.1.7_7000.522.1444.0_x64__8wekyb3d8bbwe\Microsoft.DirectManipulation.dll",,,,,,,,,,,,[{"addr":140736918203828,"idx":0},{"addr":140736917192506,"idx":1},{"addr":140736917191278,"idx":2},{"addr":140736917210764,"idx":3},{"addr":140736917201516,"idx":4},{"addr":140736917258922,"idx":5},{"addr":140736916785248,"idx":6},{"addr":140736916784352,"idx":7},{"addr":140736917101952,"idx":8},{"addr":140736872000198,"idx":9},{"addr":140733861505486,"idx":10},{"addr":140733859406956,"idx":11},{"addr":140733859406523,"idx":12},{"addr":140733859406016,"idx":13},{"addr":140733859405816,"idx":14},{"addr":140733860273326,"idx":15},{"addr":140733860277671,"idx":16},{"addr":140733860274865,"idx":17},{"addr":140733861573149,"idx":18},{"addr":140734018451351,"idx":19},{"addr":140734018450817,"idx":20},{"addr":140734018452419,"idx":21},{"addr":140734018095789,"idx":22},{"addr":140734018112262,"idx":23},{"addr":140734018031177,"idx":24},{"addr":140734017947952,"idx":25},{"addr":140734017947293,"idx":26},{"addr":140734017896044,"idx":27},{"addr":140734017907986,"idx":28},{"addr":140734017908872,"idx":29},{"addr":140734018172755,"idx":30},{"addr":140734018173158,"idx":31},{"addr":140734018174558,"idx":32},{"addr":140736914162134,"idx":33},{"addr":140736914160220,"idx":34},{"addr":140736914362035,"idx":35},{"addr":140736918218964,"idx":36},{"addr":140736876122916,"idx":37},{"addr":140736914326306,"idx":38},{"addr":140696713934844,"idx":39},{"addr":140696713892868,"idx":40},{"addr":140736876328880,"idx":41},{"addr":140736897083607,"idx":42},{"addr":140736916996940,"idx":43}],,,,,,,,,17068,,,,,,,,,,,,,,,,,,,,,,,,,,,,,,,,,,,,4037588931,140733987553280,140733987553280,655370,651264,,,,,,,,,,,,,,,,,,,,,,,,,,,,,,,,,,,,,,,,,,,,,,,,,,,,,,,,,,,,,,,,,,,,,,,
"2025-09-02 15:13:17.7569548Z","ETW","Microsoft-Windows-Kernel-Process",3,"ThreadStartStart ",17068,18712,"Notepad.exe",,,,,,,,,,,,,,,,[{"addr":140736918208964,"idx":0},{"addr":140736872776761,"idx":1},{"addr":140736897102141,"idx":2},{"addr":140733987619314,"idx":3},{"addr":140733987603760,"idx":4},{"addr":140733987604316,"idx":5},{"addr":140733860353816,"idx":6},{"addr":140733859411616,"idx":7},{"addr":140733859406981,"idx":8},{"addr":140733859406523,"idx":9},{"addr":140733859406016,"idx":10},{"addr":140733859405816,"idx":11},{"addr":140733860273326,"idx":12},{"addr":140733860277671,"idx":13},{"addr":140733860274865,"idx":14},{"addr":140733861573149,"idx":15},{"addr":140734018451351,"idx":16},{"addr":140734018450817,"idx":17},{"addr":140734018452419,"idx":18},{"addr":140734018095789,"idx":19},{"addr":140734018112262,"idx":20},{"addr":140734018031177,"idx":21},{"addr":140734017947952,"idx":22},{"addr":140734017947293,"idx":23},{"addr":140734017896044,"idx":24},{"addr":140734017907986,"idx":25},{"addr":140734017908872,"idx":26},{"addr":140734018172755,"idx":27},{"addr":140734018173158,"idx":28},{"addr":140734018174558,"idx":29},{"addr":140736914162134,"idx":30},{"addr":140736914160220,"idx":31},{"addr":140736914362035,"idx":32},{"addr":140736918218964,"idx":33},{"addr":140736876122916,"idx":34},{"addr":140736914326306,"idx":35},{"addr":140696713934844,"idx":36},{"addr":140696713892868,"idx":37},{"addr":140736876328880,"idx":38},{"addr":140736897083607,"idx":39},{"addr":140736916996940,"idx":40}],,,,,,,,,17068,18446639081571905536,18446639081571880960,140733987622240,0,131192430592,2208,131214606336,131214602240,140733987622240,,,,,,,,,,,,,,,,,,,,,,,,,,,,,,,,,,,,,,,,,,,,,,,,,,,,,,,,,,,,,,,,,,,,,,,,,,,,,,,,,,,,,,,,,,,,,,,,,,,,,,
"2025-09-02 15:13:17.7574082Z","ETW","Microsoft-Windows-Kernel-Process",5,"ImageLoadInfo ",17068,21912,"Notepad.exe",,,,"C:\Windows\System32\cryptbase.dll",,,,,,,,,,,,[{"addr":140736918203828,"idx":0},{"addr":140736917192506,"idx":1},{"addr":140736917191278,"idx":2},{"addr":140736917210764,"idx":3},{"addr":140736917201516,"idx":4},{"addr":140736917258922,"idx":5},{"addr":140736916785248,"idx":6},{"addr":140736916786774,"idx":7},{"addr":140736917098157,"idx":8},{"addr":140736916993351,"idx":9},{"addr":140736872145058,"idx":10},{"addr":140736876397138,"idx":11},{"addr":140736876792776,"idx":12},{"addr":140736876792657,"idx":13},{"addr":140736876792597,"idx":14},{"addr":140736868441444,"idx":15},{"addr":140736813982227,"idx":16},{"addr":140736813982141,"idx":17},{"addr":140736814115006,"idx":18},{"addr":140736814114092,"idx":19},{"addr":140736814042873,"idx":20},{"addr":140736814185684,"idx":21},{"addr":140736814186789,"idx":22},{"addr":140736814186866,"idx":23},{"addr":140736813539564,"idx":24},{"addr":140736813768847,"idx":25},{"addr":140736813798176,"idx":26},{"addr":140736813797285,"idx":27},{"addr":140736813796997,"idx":28},{"addr":140736813796754,"idx":29},{"addr":140736813862346,"idx":30},{"addr":140736662128124,"idx":31},{"addr":140736662135252,"idx":32},{"addr":140736662136819,"idx":33},{"addr":140736662162746,"idx":34},{"addr":140736662160890,"idx":35},{"addr":140736662138307,"idx":36},{"addr":140736662348935,"idx":37},{"addr":140736662169411,"idx":38},{"addr":140736350554037,"idx":39},{"addr":140736350505899,"idx":40},{"addr":140734016865647,"idx":41},{"addr":140734413234648,"idx":42},{"addr":140734413113168,"idx":43},{"addr":140734413113257,"idx":44},{"addr":140734413218202,"idx":45},{"addr":140734018401922,"idx":46},{"addr":140734413211506,"idx":47},{"addr":140734413211123,"idx":48},{"addr":140734018092056,"idx":49},{"addr":140734018092815,"idx":50},{"addr":140734018046363,"idx":51},{"addr":140734018050368,"idx":52},{"addr":140734018363750,"idx":53},{"addr":140734018008032,"idx":54},{"addr":140734017970538,"idx":55},{"addr":140734017970985,"idx":56},{"addr":140734018154560,"idx":57},{"addr":140734017912509,"idx":58},{"addr":140734018255648,"idx":59},{"addr":140734018192510,"idx":60},{"addr":140734017947952,"idx":61},{"addr":140734017947293,"idx":62},{"addr":140734017896044,"idx":63},{"addr":140734017907986,"idx":64},{"addr":140734017908872,"idx":65},{"addr":140734018172755,"idx":66},{"addr":140734018173158,"idx":67},{"addr":140734018174558,"idx":68},{"addr":140736914162134,"idx":69},{"addr":140736914160220,"idx":70},{"addr":140736914362035,"idx":71},{"addr":140736918218964,"idx":72},{"addr":140736876122820,"idx":73},{"addr":140736914122143,"idx":74},{"addr":140736914122024,"idx":75},{"addr":140733912310746,"idx":76},{"addr":140736897083607,"idx":77},{"addr":140736916996940,"idx":78}],,,,,,,,,17068,,,,,,,,,,,,,,,,,,,,,,,,,,,,,,,,,,,,850532204,140736857112576,140736857112576,94938,49152,,,,,,,,,,,,,,,,,,,,,,,,,,,,,,,,,,,,,,,,,,,,,,,,,,,,,,,,,,,,,,,,,,,,,,,
"2025-09-02 15:13:17.7589784Z","ETW","Microsoft-Windows-Kernel-Process",5,"ImageLoadInfo ",17068,12680,"Notepad.exe",,,,"C:\Windows\System32\MsSpellCheckingFacility.dll",,,,,,,,,,,,[{"addr":140736918203828,"idx":0},{"addr":140736917192506,"idx":1},{"addr":140736917191278,"idx":2},{"addr":140736917210764,"idx":3},{"addr":140736917202269,"idx":4},{"addr":140736917259140,"idx":5},{"addr":140736916785248,"idx":6},{"addr":140736916784352,"idx":7},{"addr":140736917101952,"idx":8},{"addr":140736872000198,"idx":9},{"addr":140736909363845,"idx":10},{"addr":140736909362547,"idx":11},{"addr":140736909360794,"idx":12},{"addr":140736909561496,"idx":13},{"addr":140736909365281,"idx":14},{"addr":140736909356853,"idx":15},{"addr":140736910270317,"idx":16},{"addr":140736909359719,"idx":17},{"addr":140736882620003,"idx":18},{"addr":140736882628366,"idx":19},{"addr":140736881847376,"idx":20},{"addr":140736909646461,"idx":21},{"addr":140736909646267,"idx":22},{"addr":140736909643574,"idx":23},{"addr":140736909641089,"idx":24},{"addr":140736910206646,"idx":25},{"addr":140736909298250,"idx":26},{"addr":140736909422200,"idx":27},{"addr":140736909415344,"idx":28},{"addr":140736910435790,"idx":29},{"addr":140736910320481,"idx":30},{"addr":140736910320153,"idx":31},{"addr":140736897083607,"idx":32},{"addr":140736916996940,"idx":33}],,,,,,,,,17068,,,,,,,,,,,,,,,,,,,,,,,,,,,,,,,,,,,,1847816833,140735890653184,140735890653184,1337030,1372160,,,,,,,,,,,,,,,,,,,,,,,,,,,,,,,,,,,,,,,,,,,,,,,,,,,,,,,,,,,,,,,,,,,,,,,
"2025-09-02 15:13:17.7593592Z","ETW","Microsoft-Windows-Kernel-Audit-API-Calls",5,"Info ",5380,1604,"explorer.exe",,,,,,,,,,,,,,,,[{"addr":140736918203764,"idx":0},{"addr":140736872731894,"idx":1},{"addr":140736374266683,"idx":2},{"addr":140736374328280,"idx":3},{"addr":140736374307205,"idx":4},{"addr":140736374298393,"idx":5},{"addr":140736374296570,"idx":6},{"addr":140736374288902,"idx":7},{"addr":140736374287441,"idx":8},{"addr":140736374309239,"idx":9},{"addr":140736398688664,"idx":10},{"addr":140736398691570,"idx":11},{"addr":140736398692617,"idx":12},{"addr":140736398685305,"idx":13},{"addr":140736399150762,"idx":14},{"addr":140736399860818,"idx":15},{"addr":140736902703990,"idx":16},{"addr":140736902703274,"idx":17},{"addr":140736902700103,"idx":18},{"addr":140736897083607,"idx":19},{"addr":140736916996940,"idx":20}],,,,,,,,,,,,,,,,,,,1024,0,5380,,,,,,,,,,,,,,,,,,,,,,,,,,,,,,,,,,,,,,,,,,,,,,,,,,,,,,,,,,,,,,,,,,,,,,,,,,,,,,,,,,,,,,,,,,,,,,,,,,,
"2025-09-02 15:13:17.7594056Z","ETW","Microsoft-Windows-Kernel-Audit-API-Calls",5,"Info ",5380,1604,"explorer.exe",,,,,,,,,,,,,,,,[{"addr":140736918203764,"idx":0},{"addr":140736872731894,"idx":1},{"addr":140736374328495,"idx":2},{"addr":140736374328227,"idx":3},{"addr":140736374307205,"idx":4},{"addr":140736374298393,"idx":5},{"addr":140736374296570,"idx":6},{"addr":140736374288902,"idx":7},{"addr":140736374287441,"idx":8},{"addr":140736374309239,"idx":9},{"addr":140736398688664,"idx":10},{"addr":140736398691570,"idx":11},{"addr":140736398692617,"idx":12},{"addr":140736398685305,"idx":13},{"addr":140736399150762,"idx":14},{"addr":140736399860818,"idx":15},{"addr":140736902703990,"idx":16},{"addr":140736902703274,"idx":17},{"addr":140736902700103,"idx":18},{"addr":140736897083607,"idx":19},{"addr":140736916996940,"idx":20}],,,,,,,,,,,,,,,,,,,1024,0,5380,,,,,,,,,,,,,,,,,,,,,,,,,,,,,,,,,,,,,,,,,,,,,,,,,,,,,,,,,,,,,,,,,,,,,,,,,,,,,,,,,,,,,,,,,,,,,,,,,,,
"2025-09-02 15:13:17.7594293Z","ETW","Microsoft-Windows-Kernel-Audit-API-Calls",5,"Info ",5380,1604,"explorer.exe",,,,,,,,,,,,,,,,[{"addr":140736918203764,"idx":0},{"addr":140736872731894,"idx":1},{"addr":140736374266683,"idx":2},{"addr":140736374299367,"idx":3},{"addr":140736374296570,"idx":4},{"addr":140736374288902,"idx":5},{"addr":140736374287441,"idx":6},{"addr":140736374309239,"idx":7},{"addr":140736398688664,"idx":8},{"addr":140736398691570,"idx":9},{"addr":140736398692617,"idx":10},{"addr":140736398685305,"idx":11},{"addr":140736399150762,"idx":12},{"addr":140736399860818,"idx":13},{"addr":140736902703990,"idx":14},{"addr":140736902703274,"idx":15},{"addr":140736902700103,"idx":16},{"addr":140736897083607,"idx":17},{"addr":140736916996940,"idx":18}],,,,,,,,,,,,,,,,,,,1024,0,5380,,,,,,,,,,,,,,,,,,,,,,,,,,,,,,,,,,,,,,,,,,,,,,,,,,,,,,,,,,,,,,,,,,,,,,,,,,,,,,,,,,,,,,,,,,,,,,,,,,,
"2025-09-02 15:13:17.7594434Z","ETW","Microsoft-Windows-Kernel-Audit-API-Calls",5,"Info ",5380,1604,"explorer.exe",,,,,,,,,,,,,,,,[{"addr":140736918203764,"idx":0},{"addr":140736872731894,"idx":1},{"addr":140736374266683,"idx":2},{"addr":140736374299367,"idx":3},{"addr":140736374296570,"idx":4},{"addr":140736374288902,"idx":5},{"addr":140736374287441,"idx":6},{"addr":140736374309239,"idx":7},{"addr":140736398688664,"idx":8},{"addr":140736398691570,"idx":9},{"addr":140736398692617,"idx":10},{"addr":140736398685305,"idx":11},{"addr":140736399150762,"idx":12},{"addr":140736399860818,"idx":13},{"addr":140736902703990,"idx":14},{"addr":140736902703274,"idx":15},{"addr":140736902700103,"idx":16},{"addr":140736897083607,"idx":17},{"addr":140736916996940,"idx":18}],,,,,,,,,,,,,,,,,,,1024,0,5380,,,,,,,,,,,,,,,,,,,,,,,,,,,,,,,,,,,,,,,,,,,,,,,,,,,,,,,,,,,,,,,,,,,,,,,,,,,,,,,,,,,,,,,,,,,,,,,,,,,
"2025-09-02 15:13:17.7594545Z","ETW","Microsoft-Windows-Kernel-Audit-API-Calls",5,"Info ",5380,1604,"explorer.exe",,,,,,,,,,,,,,,,[{"addr":140736918203764,"idx":0},{"addr":140736872731894,"idx":1},{"addr":140736374266683,"idx":2},{"addr":140736374299367,"idx":3},{"addr":140736374296570,"idx":4},{"addr":140736374288902,"idx":5},{"addr":140736374287441,"idx":6},{"addr":140736374309239,"idx":7},{"addr":140736398688664,"idx":8},{"addr":140736398691570,"idx":9},{"addr":140736398692617,"idx":10},{"addr":140736398685305,"idx":11},{"addr":140736399150762,"idx":12},{"addr":140736399860818,"idx":13},{"addr":140736902703990,"idx":14},{"addr":140736902703274,"idx":15},{"addr":140736902700103,"idx":16},{"addr":140736897083607,"idx":17},{"addr":140736916996940,"idx":18}],,,,,,,,,,,,,,,,,,,1024,0,5380,,,,,,,,,,,,,,,,,,,,,,,,,,,,,,,,,,,,,,,,,,,,,,,,,,,,,,,,,,,,,,,,,,,,,,,,,,,,,,,,,,,,,,,,,,,,,,,,,,,
"2025-09-02 15:13:17.7594635Z","ETW","Microsoft-Windows-Kernel-Audit-API-Calls",5,"Info ",5380,1604,"explorer.exe",,,,,,,,,,,,,,,,[{"addr":140736918203764,"idx":0},{"addr":140736872731894,"idx":1},{"addr":140736374266683,"idx":2},{"addr":140736374299367,"idx":3},{"addr":140736374296570,"idx":4},{"addr":140736374288902,"idx":5},{"addr":140736374287441,"idx":6},{"addr":140736374309239,"idx":7},{"addr":140736398688664,"idx":8},{"addr":140736398691570,"idx":9},{"addr":140736398692617,"idx":10},{"addr":140736398685305,"idx":11},{"addr":140736399150762,"idx":12},{"addr":140736399860818,"idx":13},{"addr":140736902703990,"idx":14},{"addr":140736902703274,"idx":15},{"addr":140736902700103,"idx":16},{"addr":140736897083607,"idx":17},{"addr":140736916996940,"idx":18}],,,,,,,,,,,,,,,,,,,1024,0,5380,,,,,,,,,,,,,,,,,,,,,,,,,,,,,,,,,,,,,,,,,,,,,,,,,,,,,,,,,,,,,,,,,,,,,,,,,,,,,,,,,,,,,,,,,,,,,,,,,,,
"2025-09-02 15:13:17.7594722Z","ETW","Microsoft-Windows-Kernel-Audit-API-Calls",5,"Info ",5380,1604,"explorer.exe",,,,,,,,,,,,,,,,[{"addr":140736918203764,"idx":0},{"addr":140736872731894,"idx":1},{"addr":140736374266683,"idx":2},{"addr":140736374299367,"idx":3},{"addr":140736374296570,"idx":4},{"addr":140736374288902,"idx":5},{"addr":140736374287441,"idx":6},{"addr":140736374309239,"idx":7},{"addr":140736398688664,"idx":8},{"addr":140736398691570,"idx":9},{"addr":140736398692617,"idx":10},{"addr":140736398685305,"idx":11},{"addr":140736399150762,"idx":12},{"addr":140736399860818,"idx":13},{"addr":140736902703990,"idx":14},{"addr":140736902703274,"idx":15},{"addr":140736902700103,"idx":16},{"addr":140736897083607,"idx":17},{"addr":140736916996940,"idx":18}],,,,,,,,,,,,,,,,,,,1024,0,5380,,,,,,,,,,,,,,,,,,,,,,,,,,,,,,,,,,,,,,,,,,,,,,,,,,,,,,,,,,,,,,,,,,,,,,,,,,,,,,,,,,,,,,,,,,,,,,,,,,,
"2025-09-02 15:13:17.7594827Z","ETW","Microsoft-Windows-Kernel-Audit-API-Calls",5,"Info ",5380,1604,"explorer.exe",,,,,,,,,,,,,,,,[{"addr":140736918203764,"idx":0},{"addr":140736872731894,"idx":1},{"addr":140736374266683,"idx":2},{"addr":140736374299367,"idx":3},{"addr":140736374296570,"idx":4},{"addr":140736374288902,"idx":5},{"addr":140736374287441,"idx":6},{"addr":140736374309239,"idx":7},{"addr":140736398688664,"idx":8},{"addr":140736398691570,"idx":9},{"addr":140736398692617,"idx":10},{"addr":140736398685305,"idx":11},{"addr":140736399150762,"idx":12},{"addr":140736399860818,"idx":13},{"addr":140736902703990,"idx":14},{"addr":140736902703274,"idx":15},{"addr":140736902700103,"idx":16},{"addr":140736897083607,"idx":17},{"addr":140736916996940,"idx":18}],,,,,,,,,,,,,,,,,,,1024,0,5380,,,,,,,,,,,,,,,,,,,,,,,,,,,,,,,,,,,,,,,,,,,,,,,,,,,,,,,,,,,,,,,,,,,,,,,,,,,,,,,,,,,,,,,,,,,,,,,,,,,
"2025-09-02 15:13:17.7594948Z","ETW","Microsoft-Windows-Kernel-Audit-API-Calls",5,"Info ",5380,1604,"explorer.exe",,,,,,,,,,,,,,,,[{"addr":140736918203764,"idx":0},{"addr":140736872731894,"idx":1},{"addr":140736374266683,"idx":2},{"addr":140736374299367,"idx":3},{"addr":140736374296570,"idx":4},{"addr":140736374288902,"idx":5},{"addr":140736374287441,"idx":6},{"addr":140736374309239,"idx":7},{"addr":140736398688664,"idx":8},{"addr":140736398691570,"idx":9},{"addr":140736398692617,"idx":10},{"addr":140736398685305,"idx":11},{"addr":140736399150762,"idx":12},{"addr":140736399860818,"idx":13},{"addr":140736902703990,"idx":14},{"addr":140736902703274,"idx":15},{"addr":140736902700103,"idx":16},{"addr":140736897083607,"idx":17},{"addr":140736916996940,"idx":18}],,,,,,,,,,,,,,,,,,,1024,0,5380,,,,,,,,,,,,,,,,,,,,,,,,,,,,,,,,,,,,,,,,,,,,,,,,,,,,,,,,,,,,,,,,,,,,,,,,,,,,,,,,,,,,,,,,,,,,,,,,,,,
"2025-09-02 15:13:17.7595142Z","ETW","Microsoft-Windows-Kernel-Audit-API-Calls",5,"Info ",5380,1604,"explorer.exe",,,,,,,,,,,,,,,,[{"addr":140736918203764,"idx":0},{"addr":140736872731894,"idx":1},{"addr":140736374266683,"idx":2},{"addr":140736374299367,"idx":3},{"addr":140736374296570,"idx":4},{"addr":140736374288902,"idx":5},{"addr":140736374287441,"idx":6},{"addr":140736374309239,"idx":7},{"addr":140736398688664,"idx":8},{"addr":140736398691570,"idx":9},{"addr":140736398692617,"idx":10},{"addr":140736398685305,"idx":11},{"addr":140736399150762,"idx":12},{"addr":140736399860818,"idx":13},{"addr":140736902703990,"idx":14},{"addr":140736902703274,"idx":15},{"addr":140736902700103,"idx":16},{"addr":140736897083607,"idx":17},{"addr":140736916996940,"idx":18}],,,,,,,,,,,,,,,,,,,1024,0,5380,,,,,,,,,,,,,,,,,,,,,,,,,,,,,,,,,,,,,,,,,,,,,,,,,,,,,,,,,,,,,,,,,,,,,,,,,,,,,,,,,,,,,,,,,,,,,,,,,,,
"2025-09-02 15:13:17.7595259Z","ETW","Microsoft-Windows-Kernel-Audit-API-Calls",5,"Info ",5380,1604,"explorer.exe",,,,,,,,,,,,,,,,[{"addr":140736918203764,"idx":0},{"addr":140736872731894,"idx":1},{"addr":140736374266683,"idx":2},{"addr":140736374299367,"idx":3},{"addr":140736374296570,"idx":4},{"addr":140736374288902,"idx":5},{"addr":140736374287441,"idx":6},{"addr":140736374309239,"idx":7},{"addr":140736398688664,"idx":8},{"addr":140736398691570,"idx":9},{"addr":140736398692617,"idx":10},{"addr":140736398685305,"idx":11},{"addr":140736399150762,"idx":12},{"addr":140736399860818,"idx":13},{"addr":140736902703990,"idx":14},{"addr":140736902703274,"idx":15},{"addr":140736902700103,"idx":16},{"addr":140736897083607,"idx":17},{"addr":140736916996940,"idx":18}],,,,,,,,,,,,,,,,,,,1024,0,5380,,,,,,,,,,,,,,,,,,,,,,,,,,,,,,,,,,,,,,,,,,,,,,,,,,,,,,,,,,,,,,,,,,,,,,,,,,,,,,,,,,,,,,,,,,,,,,,,,,,
"2025-09-02 15:13:17.7595358Z","ETW","Microsoft-Windows-Kernel-Audit-API-Calls",5,"Info ",5380,1604,"explorer.exe",,,,,,,,,,,,,,,,[{"addr":140736918203764,"idx":0},{"addr":140736872731894,"idx":1},{"addr":140736374266683,"idx":2},{"addr":140736374299367,"idx":3},{"addr":140736374296570,"idx":4},{"addr":140736374288902,"idx":5},{"addr":140736374287441,"idx":6},{"addr":140736374309239,"idx":7},{"addr":140736398688664,"idx":8},{"addr":140736398691570,"idx":9},{"addr":140736398692617,"idx":10},{"addr":140736398685305,"idx":11},{"addr":140736399150762,"idx":12},{"addr":140736399860818,"idx":13},{"addr":140736902703990,"idx":14},{"addr":140736902703274,"idx":15},{"addr":140736902700103,"idx":16},{"addr":140736897083607,"idx":17},{"addr":140736916996940,"idx":18}],,,,,,,,,,,,,,,,,,,1024,0,5380,,,,,,,,,,,,,,,,,,,,,,,,,,,,,,,,,,,,,,,,,,,,,,,,,,,,,,,,,,,,,,,,,,,,,,,,,,,,,,,,,,,,,,,,,,,,,,,,,,,
"2025-09-02 15:13:17.7595444Z","ETW","Microsoft-Windows-Kernel-Audit-API-Calls",5,"Info ",5380,1604,"explorer.exe",,,,,,,,,,,,,,,,[{"addr":140736918203764,"idx":0},{"addr":140736872731894,"idx":1},{"addr":140736374266683,"idx":2},{"addr":140736374299367,"idx":3},{"addr":140736374296570,"idx":4},{"addr":140736374288902,"idx":5},{"addr":140736374287441,"idx":6},{"addr":140736374309239,"idx":7},{"addr":140736398688664,"idx":8},{"addr":140736398691570,"idx":9},{"addr":140736398692617,"idx":10},{"addr":140736398685305,"idx":11},{"addr":140736399150762,"idx":12},{"addr":140736399860818,"idx":13},{"addr":140736902703990,"idx":14},{"addr":140736902703274,"idx":15},{"addr":140736902700103,"idx":16},{"addr":140736897083607,"idx":17},{"addr":140736916996940,"idx":18}],,,,,,,,,,,,,,,,,,,1024,0,5380,,,,,,,,,,,,,,,,,,,,,,,,,,,,,,,,,,,,,,,,,,,,,,,,,,,,,,,,,,,,,,,,,,,,,,,,,,,,,,,,,,,,,,,,,,,,,,,,,,,
"2025-09-02 15:13:17.7595577Z","ETW","Microsoft-Windows-Kernel-Audit-API-Calls",5,"Info ",5380,1604,"explorer.exe",,,,,,,,,,,,,,,,[{"addr":140736918203764,"idx":0},{"addr":140736872731894,"idx":1},{"addr":140736374266683,"idx":2},{"addr":140736374299367,"idx":3},{"addr":140736374296570,"idx":4},{"addr":140736374288902,"idx":5},{"addr":140736374287441,"idx":6},{"addr":140736374309239,"idx":7},{"addr":140736398688664,"idx":8},{"addr":140736398691570,"idx":9},{"addr":140736398692617,"idx":10},{"addr":140736398685305,"idx":11},{"addr":140736399150762,"idx":12},{"addr":140736399860818,"idx":13},{"addr":140736902703990,"idx":14},{"addr":140736902703274,"idx":15},{"addr":140736902700103,"idx":16},{"addr":140736897083607,"idx":17},{"addr":140736916996940,"idx":18}],,,,,,,,,,,,,,,,,,,1024,0,5380,,,,,,,,,,,,,,,,,,,,,,,,,,,,,,,,,,,,,,,,,,,,,,,,,,,,,,,,,,,,,,,,,,,,,,,,,,,,,,,,,,,,,,,,,,,,,,,,,,,
"2025-09-02 15:13:17.7595667Z","ETW","Microsoft-Windows-Kernel-Audit-API-Calls",5,"Info ",5380,1604,"explorer.exe",,,,,,,,,,,,,,,,[{"addr":140736918203764,"idx":0},{"addr":140736872731894,"idx":1},{"addr":140736374266683,"idx":2},{"addr":140736374299367,"idx":3},{"addr":140736374296570,"idx":4},{"addr":140736374288902,"idx":5},{"addr":140736374287441,"idx":6},{"addr":140736374309239,"idx":7},{"addr":140736398688664,"idx":8},{"addr":140736398691570,"idx":9},{"addr":140736398692617,"idx":10},{"addr":140736398685305,"idx":11},{"addr":140736399150762,"idx":12},{"addr":140736399860818,"idx":13},{"addr":140736902703990,"idx":14},{"addr":140736902703274,"idx":15},{"addr":140736902700103,"idx":16},{"addr":140736897083607,"idx":17},{"addr":140736916996940,"idx":18}],,,,,,,,,,,,,,,,,,,1024,0,5380,,,,,,,,,,,,,,,,,,,,,,,,,,,,,,,,,,,,,,,,,,,,,,,,,,,,,,,,,,,,,,,,,,,,,,,,,,,,,,,,,,,,,,,,,,,,,,,,,,,
"2025-09-02 15:13:17.7595757Z","ETW","Microsoft-Windows-Kernel-Audit-API-Calls",5,"Info ",5380,1604,"explorer.exe",,,,,,,,,,,,,,,,[{"addr":140736918203764,"idx":0},{"addr":140736872731894,"idx":1},{"addr":140736374266683,"idx":2},{"addr":140736374299367,"idx":3},{"addr":140736374296570,"idx":4},{"addr":140736374288902,"idx":5},{"addr":140736374287441,"idx":6},{"addr":140736374309239,"idx":7},{"addr":140736398688664,"idx":8},{"addr":140736398691570,"idx":9},{"addr":140736398692617,"idx":10},{"addr":140736398685305,"idx":11},{"addr":140736399150762,"idx":12},{"addr":140736399860818,"idx":13},{"addr":140736902703990,"idx":14},{"addr":140736902703274,"idx":15},{"addr":140736902700103,"idx":16},{"addr":140736897083607,"idx":17},{"addr":140736916996940,"idx":18}],,,,,,,,,,,,,,,,,,,1024,0,5380,,,,,,,,,,,,,,,,,,,,,,,,,,,,,,,,,,,,,,,,,,,,,,,,,,,,,,,,,,,,,,,,,,,,,,,,,,,,,,,,,,,,,,,,,,,,,,,,,,,
"2025-09-02 15:13:17.7595864Z","ETW","Microsoft-Windows-Kernel-Audit-API-Calls",5,"Info ",5380,1604,"explorer.exe",,,,,,,,,,,,,,,,[{"addr":140736918203764,"idx":0},{"addr":140736872731894,"idx":1},{"addr":140736374266683,"idx":2},{"addr":140736374262251,"idx":3},{"addr":140736374305045,"idx":4},{"addr":140736374296656,"idx":5},{"addr":140736374288902,"idx":6},{"addr":140736374287441,"idx":7},{"addr":140736374309239,"idx":8},{"addr":140736398688664,"idx":9},{"addr":140736398691570,"idx":10},{"addr":140736398692617,"idx":11},{"addr":140736398685305,"idx":12},{"addr":140736399150762,"idx":13},{"addr":140736399860818,"idx":14},{"addr":140736902703990,"idx":15},{"addr":140736902703274,"idx":16},{"addr":140736902700103,"idx":17},{"addr":140736897083607,"idx":18},{"addr":140736916996940,"idx":19}],,,,,,,,,,,,,,,,,,,1024,0,5380,,,,,,,,,,,,,,,,,,,,,,,,,,,,,,,,,,,,,,,,,,,,,,,,,,,,,,,,,,,,,,,,,,,,,,,,,,,,,,,,,,,,,,,,,,,,,,,,,,,
"2025-09-02 15:13:17.7597210Z","ETW","Microsoft-Windows-Kernel-Audit-API-Calls",5,"Info ",5380,1604,"explorer.exe",,,,,,,,,,,,,,,,[{"addr":140736918203764,"idx":0},{"addr":140736872731894,"idx":1},{"addr":140736374264322,"idx":2},{"addr":140736374273316,"idx":3},{"addr":140736374454399,"idx":4},{"addr":140736374296732,"idx":5},{"addr":140736374288902,"idx":6},{"addr":140736374287441,"idx":7},{"addr":140736374309239,"idx":8},{"addr":140736398688664,"idx":9},{"addr":140736398691570,"idx":10},{"addr":140736398692617,"idx":11},{"addr":140736398685305,"idx":12},{"addr":140736399150762,"idx":13},{"addr":140736399860818,"idx":14},{"addr":140736902703990,"idx":15},{"addr":140736902703274,"idx":16},{"addr":140736902700103,"idx":17},{"addr":140736897083607,"idx":18},{"addr":140736916996940,"idx":19}],,,,,,,,,,,,,,,,,,,1024,0,5380,,,,,,,,,,,,,,,,,,,,,,,,,,,,,,,,,,,,,,,,,,,,,,,,,,,,,,,,,,,,,,,,,,,,,,,,,,,,,,,,,,,,,,,,,,,,,,,,,,,
"2025-09-02 15:13:17.7598019Z","ETW","Microsoft-Windows-Kernel-Audit-API-Calls",5,"Info ",5380,1604,"explorer.exe",,,,,,,,,,,,,,,,[{"addr":140736918203764,"idx":0},{"addr":140736872731894,"idx":1},{"addr":140736374266683,"idx":2},{"addr":140736374266439,"idx":3},{"addr":140736374273343,"idx":4},{"addr":140736374454399,"idx":5},{"addr":140736374296732,"idx":6},{"addr":140736374288902,"idx":7},{"addr":140736374287441,"idx":8},{"addr":140736374309239,"idx":9},{"addr":140736398688664,"idx":10},{"addr":140736398691570,"idx":11},{"addr":140736398692617,"idx":12},{"addr":140736398685305,"idx":13},{"addr":140736399150762,"idx":14},{"addr":140736399860818,"idx":15},{"addr":140736902703990,"idx":16},{"addr":140736902703274,"idx":17},{"addr":140736902700103,"idx":18},{"addr":140736897083607,"idx":19},{"addr":140736916996940,"idx":20}],,,,,,,,,,,,,,,,,,,1024,0,5380,,,,,,,,,,,,,,,,,,,,,,,,,,,,,,,,,,,,,,,,,,,,,,,,,,,,,,,,,,,,,,,,,,,,,,,,,,,,,,,,,,,,,,,,,,,,,,,,,,,
"2025-09-02 15:13:17.7599053Z","ETW","Microsoft-Windows-Kernel-Audit-API-Calls",5,"Info ",5380,1604,"explorer.exe",,,,,,,,,,,,,,,,[{"addr":140736918203764,"idx":0},{"addr":140736872731894,"idx":1},{"addr":140736374265853,"idx":2},{"addr":140736374262584,"idx":3},{"addr":140736374352327,"idx":4},{"addr":140736374351681,"idx":5},{"addr":140736374454456,"idx":6},{"addr":140736374296732,"idx":7},{"addr":140736374288902,"idx":8},{"addr":140736374287441,"idx":9},{"addr":140736374309239,"idx":10},{"addr":140736398688664,"idx":11},{"addr":140736398691570,"idx":12},{"addr":140736398692617,"idx":13},{"addr":140736398685305,"idx":14},{"addr":140736399150762,"idx":15},{"addr":140736399860818,"idx":16},{"addr":140736902703990,"idx":17},{"addr":140736902703274,"idx":18},{"addr":140736902700103,"idx":19},{"addr":140736897083607,"idx":20},{"addr":140736916996940,"idx":21}],,,,,,,,,,,,,,,,,,,1024,0,5380,,,,,,,,,,,,,,,,,,,,,,,,,,,,,,,,,,,,,,,,,,,,,,,,,,,,,,,,,,,,,,,,,,,,,,,,,,,,,,,,,,,,,,,,,,,,,,,,,,,
"2025-09-02 15:13:17.7599300Z","ETW","Microsoft-Windows-Kernel-Audit-API-Calls",5,"Info ",5380,1604,"explorer.exe",,,,,,,,,,,,,,,,[{"addr":140736918203764,"idx":0},{"addr":140736872731894,"idx":1},{"addr":140736374266683,"idx":2},{"addr":140736374266439,"idx":3},{"addr":140736374262654,"idx":4},{"addr":140736374352327,"idx":5},{"addr":140736374351681,"idx":6},{"addr":140736374454456,"idx":7},{"addr":140736374296732,"idx":8},{"addr":140736374288902,"idx":9},{"addr":140736374287441,"idx":10},{"addr":140736374309239,"idx":11},{"addr":140736398688664,"idx":12},{"addr":140736398691570,"idx":13},{"addr":140736398692617,"idx":14},{"addr":140736398685305,"idx":15},{"addr":140736399150762,"idx":16},{"addr":140736399860818,"idx":17},{"addr":140736902703990,"idx":18},{"addr":140736902703274,"idx":19},{"addr":140736902700103,"idx":20},{"addr":140736897083607,"idx":21},{"addr":140736916996940,"idx":22}],,,,,,,,,,,,,,,,,,,1024,0,5380,,,,,,,,,,,,,,,,,,,,,,,,,,,,,,,,,,,,,,,,,,,,,,,,,,,,,,,,,,,,,,,,,,,,,,,,,,,,,,,,,,,,,,,,,,,,,,,,,,,
"2025-09-02 15:13:17.7599428Z","ETW","Microsoft-Windows-Kernel-Audit-API-Calls",5,"Info ",5380,1604,"explorer.exe",,,,,,,,,,,,,,,,[{"addr":140736918203764,"idx":0},{"addr":140736872731894,"idx":1},{"addr":140736374265853,"idx":2},{"addr":140736374262584,"idx":3},{"addr":140736374352327,"idx":4},{"addr":140736374351681,"idx":5},{"addr":140736374454456,"idx":6},{"addr":140736374296732,"idx":7},{"addr":140736374288902,"idx":8},{"addr":140736374287441,"idx":9},{"addr":140736374309239,"idx":10},{"addr":140736398688664,"idx":11},{"addr":140736398691570,"idx":12},{"addr":140736398692617,"idx":13},{"addr":140736398685305,"idx":14},{"addr":140736399150762,"idx":15},{"addr":140736399860818,"idx":16},{"addr":140736902703990,"idx":17},{"addr":140736902703274,"idx":18},{"addr":140736902700103,"idx":19},{"addr":140736897083607,"idx":20},{"addr":140736916996940,"idx":21}],,,,,,,,,,,,,,,,,,,1024,0,5380,,,,,,,,,,,,,,,,,,,,,,,,,,,,,,,,,,,,,,,,,,,,,,,,,,,,,,,,,,,,,,,,,,,,,,,,,,,,,,,,,,,,,,,,,,,,,,,,,,,
"2025-09-02 15:13:17.7599530Z","ETW","Microsoft-Windows-Kernel-Audit-API-Calls",5,"Info ",5380,1604,"explorer.exe",,,,,,,,,,,,,,,,[{"addr":140736918203764,"idx":0},{"addr":140736872731894,"idx":1},{"addr":140736374266683,"idx":2},{"addr":140736374266439,"idx":3},{"addr":140736374262654,"idx":4},{"addr":140736374352327,"idx":5},{"addr":140736374351681,"idx":6},{"addr":140736374454456,"idx":7},{"addr":140736374296732,"idx":8},{"addr":140736374288902,"idx":9},{"addr":140736374287441,"idx":10},{"addr":140736374309239,"idx":11},{"addr":140736398688664,"idx":12},{"addr":140736398691570,"idx":13},{"addr":140736398692617,"idx":14},{"addr":140736398685305,"idx":15},{"addr":140736399150762,"idx":16},{"addr":140736399860818,"idx":17},{"addr":140736902703990,"idx":18},{"addr":140736902703274,"idx":19},{"addr":140736902700103,"idx":20},{"addr":140736897083607,"idx":21},{"addr":140736916996940,"idx":22}],,,,,,,,,,,,,,,,,,,1024,0,5380,,,,,,,,,,,,,,,,,,,,,,,,,,,,,,,,,,,,,,,,,,,,,,,,,,,,,,,,,,,,,,,,,,,,,,,,,,,,,,,,,,,,,,,,,,,,,,,,,,,
"2025-09-02 15:13:17.7599630Z","ETW","Microsoft-Windows-Kernel-Audit-API-Calls",5,"Info ",5380,1604,"explorer.exe",,,,,,,,,,,,,,,,[{"addr":140736918203764,"idx":0},{"addr":140736872731894,"idx":1},{"addr":140736374265853,"idx":2},{"addr":140736374262584,"idx":3},{"addr":140736374352327,"idx":4},{"addr":140736374351681,"idx":5},{"addr":140736374454456,"idx":6},{"addr":140736374296732,"idx":7},{"addr":140736374288902,"idx":8},{"addr":140736374287441,"idx":9},{"addr":140736374309239,"idx":10},{"addr":140736398688664,"idx":11},{"addr":140736398691570,"idx":12},{"addr":140736398692617,"idx":13},{"addr":140736398685305,"idx":14},{"addr":140736399150762,"idx":15},{"addr":140736399860818,"idx":16},{"addr":140736902703990,"idx":17},{"addr":140736902703274,"idx":18},{"addr":140736902700103,"idx":19},{"addr":140736897083607,"idx":20},{"addr":140736916996940,"idx":21}],,,,,,,,,,,,,,,,,,,1024,0,5380,,,,,,,,,,,,,,,,,,,,,,,,,,,,,,,,,,,,,,,,,,,,,,,,,,,,,,,,,,,,,,,,,,,,,,,,,,,,,,,,,,,,,,,,,,,,,,,,,,,
"2025-09-02 15:13:17.7599738Z","ETW","Microsoft-Windows-Kernel-Audit-API-Calls",5,"Info ",5380,1604,"explorer.exe",,,,,,,,,,,,,,,,[{"addr":140736918203764,"idx":0},{"addr":140736872731894,"idx":1},{"addr":140736374266683,"idx":2},{"addr":140736374266439,"idx":3},{"addr":140736374262654,"idx":4},{"addr":140736374352327,"idx":5},{"addr":140736374351681,"idx":6},{"addr":140736374454456,"idx":7},{"addr":140736374296732,"idx":8},{"addr":140736374288902,"idx":9},{"addr":140736374287441,"idx":10},{"addr":140736374309239,"idx":11},{"addr":140736398688664,"idx":12},{"addr":140736398691570,"idx":13},{"addr":140736398692617,"idx":14},{"addr":140736398685305,"idx":15},{"addr":140736399150762,"idx":16},{"addr":140736399860818,"idx":17},{"addr":140736902703990,"idx":18},{"addr":140736902703274,"idx":19},{"addr":140736902700103,"idx":20},{"addr":140736897083607,"idx":21},{"addr":140736916996940,"idx":22}],,,,,,,,,,,,,,,,,,,1024,0,5380,,,,,,,,,,,,,,,,,,,,,,,,,,,,,,,,,,,,,,,,,,,,,,,,,,,,,,,,,,,,,,,,,,,,,,,,,,,,,,,,,,,,,,,,,,,,,,,,,,,
"2025-09-02 15:13:17.7599957Z","ETW","Microsoft-Windows-Kernel-Audit-API-Calls",5,"Info ",5380,1604,"explorer.exe",,,,,,,,,,,,,,,,[{"addr":140736918203764,"idx":0},{"addr":140736872731894,"idx":1},{"addr":140736374265853,"idx":2},{"addr":140736374262584,"idx":3},{"addr":140736374352327,"idx":4},{"addr":140736374351681,"idx":5},{"addr":140736374454456,"idx":6},{"addr":140736374296732,"idx":7},{"addr":140736374288902,"idx":8},{"addr":140736374287441,"idx":9},{"addr":140736374309239,"idx":10},{"addr":140736398688664,"idx":11},{"addr":140736398691570,"idx":12},{"addr":140736398692617,"idx":13},{"addr":140736398685305,"idx":14},{"addr":140736399150762,"idx":15},{"addr":140736399860818,"idx":16},{"addr":140736902703990,"idx":17},{"addr":140736902703274,"idx":18},{"addr":140736902700103,"idx":19},{"addr":140736897083607,"idx":20},{"addr":140736916996940,"idx":21}],,,,,,,,,,,,,,,,,,,1024,0,5380,,,,,,,,,,,,,,,,,,,,,,,,,,,,,,,,,,,,,,,,,,,,,,,,,,,,,,,,,,,,,,,,,,,,,,,,,,,,,,,,,,,,,,,,,,,,,,,,,,,
"2025-09-02 15:13:17.7600052Z","ETW","Microsoft-Windows-Kernel-Audit-API-Calls",5,"Info ",5380,1604,"explorer.exe",,,,,,,,,,,,,,,,[{"addr":140736918203764,"idx":0},{"addr":140736872731894,"idx":1},{"addr":140736374266683,"idx":2},{"addr":140736374266439,"idx":3},{"addr":140736374262654,"idx":4},{"addr":140736374352327,"idx":5},{"addr":140736374351681,"idx":6},{"addr":140736374454456,"idx":7},{"addr":140736374296732,"idx":8},{"addr":140736374288902,"idx":9},{"addr":140736374287441,"idx":10},{"addr":140736374309239,"idx":11},{"addr":140736398688664,"idx":12},{"addr":140736398691570,"idx":13},{"addr":140736398692617,"idx":14},{"addr":140736398685305,"idx":15},{"addr":140736399150762,"idx":16},{"addr":140736399860818,"idx":17},{"addr":140736902703990,"idx":18},{"addr":140736902703274,"idx":19},{"addr":140736902700103,"idx":20},{"addr":140736897083607,"idx":21},{"addr":140736916996940,"idx":22}],,,,,,,,,,,,,,,,,,,1024,0,5380,,,,,,,,,,,,,,,,,,,,,,,,,,,,,,,,,,,,,,,,,,,,,,,,,,,,,,,,,,,,,,,,,,,,,,,,,,,,,,,,,,,,,,,,,,,,,,,,,,,
"2025-09-02 15:13:17.7600154Z","ETW","Microsoft-Windows-Kernel-Audit-API-Calls",5,"Info ",5380,1604,"explorer.exe",,,,,,,,,,,,,,,,[{"addr":140736918203764,"idx":0},{"addr":140736872731894,"idx":1},{"addr":140736374265853,"idx":2},{"addr":140736374262584,"idx":3},{"addr":140736374352327,"idx":4},{"addr":140736374351681,"idx":5},{"addr":140736374454456,"idx":6},{"addr":140736374296732,"idx":7},{"addr":140736374288902,"idx":8},{"addr":140736374287441,"idx":9},{"addr":140736374309239,"idx":10},{"addr":140736398688664,"idx":11},{"addr":140736398691570,"idx":12},{"addr":140736398692617,"idx":13},{"addr":140736398685305,"idx":14},{"addr":140736399150762,"idx":15},{"addr":140736399860818,"idx":16},{"addr":140736902703990,"idx":17},{"addr":140736902703274,"idx":18},{"addr":140736902700103,"idx":19},{"addr":140736897083607,"idx":20},{"addr":140736916996940,"idx":21}],,,,,,,,,,,,,,,,,,,1024,0,5380,,,,,,,,,,,,,,,,,,,,,,,,,,,,,,,,,,,,,,,,,,,,,,,,,,,,,,,,,,,,,,,,,,,,,,,,,,,,,,,,,,,,,,,,,,,,,,,,,,,
"2025-09-02 15:13:17.7600267Z","ETW","Microsoft-Windows-Kernel-Audit-API-Calls",5,"Info ",5380,1604,"explorer.exe",,,,,,,,,,,,,,,,[{"addr":140736918203764,"idx":0},{"addr":140736872731894,"idx":1},{"addr":140736374266683,"idx":2},{"addr":140736374266439,"idx":3},{"addr":140736374262654,"idx":4},{"addr":140736374352327,"idx":5},{"addr":140736374351681,"idx":6},{"addr":140736374454456,"idx":7},{"addr":140736374296732,"idx":8},{"addr":140736374288902,"idx":9},{"addr":140736374287441,"idx":10},{"addr":140736374309239,"idx":11},{"addr":140736398688664,"idx":12},{"addr":140736398691570,"idx":13},{"addr":140736398692617,"idx":14},{"addr":140736398685305,"idx":15},{"addr":140736399150762,"idx":16},{"addr":140736399860818,"idx":17},{"addr":140736902703990,"idx":18},{"addr":140736902703274,"idx":19},{"addr":140736902700103,"idx":20},{"addr":140736897083607,"idx":21},{"addr":140736916996940,"idx":22}],,,,,,,,,,,,,,,,,,,1024,0,5380,,,,,,,,,,,,,,,,,,,,,,,,,,,,,,,,,,,,,,,,,,,,,,,,,,,,,,,,,,,,,,,,,,,,,,,,,,,,,,,,,,,,,,,,,,,,,,,,,,,
"2025-09-02 15:13:17.7600418Z","ETW","Microsoft-Windows-Kernel-Audit-API-Calls",5,"Info ",5380,1604,"explorer.exe",,,,,,,,,,,,,,,,[{"addr":140736918203764,"idx":0},{"addr":140736872731894,"idx":1},{"addr":140736374265853,"idx":2},{"addr":140736374262584,"idx":3},{"addr":140736374352327,"idx":4},{"addr":140736374351681,"idx":5},{"addr":140736374454456,"idx":6},{"addr":140736374296732,"idx":7},{"addr":140736374288902,"idx":8},{"addr":140736374287441,"idx":9},{"addr":140736374309239,"idx":10},{"addr":140736398688664,"idx":11},{"addr":140736398691570,"idx":12},{"addr":140736398692617,"idx":13},{"addr":140736398685305,"idx":14},{"addr":140736399150762,"idx":15},{"addr":140736399860818,"idx":16},{"addr":140736902703990,"idx":17},{"addr":140736902703274,"idx":18},{"addr":140736902700103,"idx":19},{"addr":140736897083607,"idx":20},{"addr":140736916996940,"idx":21}],,,,,,,,,,,,,,,,,,,1024,0,5380,,,,,,,,,,,,,,,,,,,,,,,,,,,,,,,,,,,,,,,,,,,,,,,,,,,,,,,,,,,,,,,,,,,,,,,,,,,,,,,,,,,,,,,,,,,,,,,,,,,
"2025-09-02 15:13:17.7600528Z","ETW","Microsoft-Windows-Kernel-Audit-API-Calls",5,"Info ",5380,1604,"explorer.exe",,,,,,,,,,,,,,,,[{"addr":140736918203764,"idx":0},{"addr":140736872731894,"idx":1},{"addr":140736374266683,"idx":2},{"addr":140736374266439,"idx":3},{"addr":140736374262654,"idx":4},{"addr":140736374352327,"idx":5},{"addr":140736374351681,"idx":6},{"addr":140736374454456,"idx":7},{"addr":140736374296732,"idx":8},{"addr":140736374288902,"idx":9},{"addr":140736374287441,"idx":10},{"addr":140736374309239,"idx":11},{"addr":140736398688664,"idx":12},{"addr":140736398691570,"idx":13},{"addr":140736398692617,"idx":14},{"addr":140736398685305,"idx":15},{"addr":140736399150762,"idx":16},{"addr":140736399860818,"idx":17},{"addr":140736902703990,"idx":18},{"addr":140736902703274,"idx":19},{"addr":140736902700103,"idx":20},{"addr":140736897083607,"idx":21},{"addr":140736916996940,"idx":22}],,,,,,,,,,,,,,,,,,,1024,0,5380,,,,,,,,,,,,,,,,,,,,,,,,,,,,,,,,,,,,,,,,,,,,,,,,,,,,,,,,,,,,,,,,,,,,,,,,,,,,,,,,,,,,,,,,,,,,,,,,,,,
"2025-09-02 15:13:17.7600635Z","ETW","Microsoft-Windows-Kernel-Audit-API-Calls",5,"Info ",5380,1604,"explorer.exe",,,,,,,,,,,,,,,,[{"addr":140736918203764,"idx":0},{"addr":140736872731894,"idx":1},{"addr":140736374265853,"idx":2},{"addr":140736374262584,"idx":3},{"addr":140736374352327,"idx":4},{"addr":140736374351681,"idx":5},{"addr":140736374454456,"idx":6},{"addr":140736374296732,"idx":7},{"addr":140736374288902,"idx":8},{"addr":140736374287441,"idx":9},{"addr":140736374309239,"idx":10},{"addr":140736398688664,"idx":11},{"addr":140736398691570,"idx":12},{"addr":140736398692617,"idx":13},{"addr":140736398685305,"idx":14},{"addr":140736399150762,"idx":15},{"addr":140736399860818,"idx":16},{"addr":140736902703990,"idx":17},{"addr":140736902703274,"idx":18},{"addr":140736902700103,"idx":19},{"addr":140736897083607,"idx":20},{"addr":140736916996940,"idx":21}],,,,,,,,,,,,,,,,,,,1024,0,5380,,,,,,,,,,,,,,,,,,,,,,,,,,,,,,,,,,,,,,,,,,,,,,,,,,,,,,,,,,,,,,,,,,,,,,,,,,,,,,,,,,,,,,,,,,,,,,,,,,,
"2025-09-02 15:13:17.7600748Z","ETW","Microsoft-Windows-Kernel-Audit-API-Calls",5,"Info ",5380,1604,"explorer.exe",,,,,,,,,,,,,,,,[{"addr":140736918203764,"idx":0},{"addr":140736872731894,"idx":1},{"addr":140736374266683,"idx":2},{"addr":140736374266439,"idx":3},{"addr":140736374262654,"idx":4},{"addr":140736374352327,"idx":5},{"addr":140736374351681,"idx":6},{"addr":140736374454456,"idx":7},{"addr":140736374296732,"idx":8},{"addr":140736374288902,"idx":9},{"addr":140736374287441,"idx":10},{"addr":140736374309239,"idx":11},{"addr":140736398688664,"idx":12},{"addr":140736398691570,"idx":13},{"addr":140736398692617,"idx":14},{"addr":140736398685305,"idx":15},{"addr":140736399150762,"idx":16},{"addr":140736399860818,"idx":17},{"addr":140736902703990,"idx":18},{"addr":140736902703274,"idx":19},{"addr":140736902700103,"idx":20},{"addr":140736897083607,"idx":21},{"addr":140736916996940,"idx":22}],,,,,,,,,,,,,,,,,,,1024,0,5380,,,,,,,,,,,,,,,,,,,,,,,,,,,,,,,,,,,,,,,,,,,,,,,,,,,,,,,,,,,,,,,,,,,,,,,,,,,,,,,,,,,,,,,,,,,,,,,,,,,
"2025-09-02 15:13:17.7600858Z","ETW","Microsoft-Windows-Kernel-Audit-API-Calls",5,"Info ",5380,1604,"explorer.exe",,,,,,,,,,,,,,,,[{"addr":140736918203764,"idx":0},{"addr":140736872731894,"idx":1},{"addr":140736374265853,"idx":2},{"addr":140736374262584,"idx":3},{"addr":140736374352327,"idx":4},{"addr":140736374351681,"idx":5},{"addr":140736374454456,"idx":6},{"addr":140736374296732,"idx":7},{"addr":140736374288902,"idx":8},{"addr":140736374287441,"idx":9},{"addr":140736374309239,"idx":10},{"addr":140736398688664,"idx":11},{"addr":140736398691570,"idx":12},{"addr":140736398692617,"idx":13},{"addr":140736398685305,"idx":14},{"addr":140736399150762,"idx":15},{"addr":140736399860818,"idx":16},{"addr":140736902703990,"idx":17},{"addr":140736902703274,"idx":18},{"addr":140736902700103,"idx":19},{"addr":140736897083607,"idx":20},{"addr":140736916996940,"idx":21}],,,,,,,,,,,,,,,,,,,1024,0,5380,,,,,,,,,,,,,,,,,,,,,,,,,,,,,,,,,,,,,,,,,,,,,,,,,,,,,,,,,,,,,,,,,,,,,,,,,,,,,,,,,,,,,,,,,,,,,,,,,,,
"2025-09-02 15:13:17.7601002Z","ETW","Microsoft-Windows-Kernel-Audit-API-Calls",5,"Info ",5380,1604,"explorer.exe",,,,,,,,,,,,,,,,[{"addr":140736918203764,"idx":0},{"addr":140736872731894,"idx":1},{"addr":140736374266683,"idx":2},{"addr":140736374266439,"idx":3},{"addr":140736374262654,"idx":4},{"addr":140736374352327,"idx":5},{"addr":140736374351681,"idx":6},{"addr":140736374454456,"idx":7},{"addr":140736374296732,"idx":8},{"addr":140736374288902,"idx":9},{"addr":140736374287441,"idx":10},{"addr":140736374309239,"idx":11},{"addr":140736398688664,"idx":12},{"addr":140736398691570,"idx":13},{"addr":140736398692617,"idx":14},{"addr":140736398685305,"idx":15},{"addr":140736399150762,"idx":16},{"addr":140736399860818,"idx":17},{"addr":140736902703990,"idx":18},{"addr":140736902703274,"idx":19},{"addr":140736902700103,"idx":20},{"addr":140736897083607,"idx":21},{"addr":140736916996940,"idx":22}],,,,,,,,,,,,,,,,,,,1024,0,5380,,,,,,,,,,,,,,,,,,,,,,,,,,,,,,,,,,,,,,,,,,,,,,,,,,,,,,,,,,,,,,,,,,,,,,,,,,,,,,,,,,,,,,,,,,,,,,,,,,,
"2025-09-02 15:13:17.7601120Z","ETW","Microsoft-Windows-Kernel-Audit-API-Calls",5,"Info ",5380,1604,"explorer.exe",,,,,,,,,,,,,,,,[{"addr":140736918203764,"idx":0},{"addr":140736872731894,"idx":1},{"addr":140736374265853,"idx":2},{"addr":140736374262584,"idx":3},{"addr":140736374352327,"idx":4},{"addr":140736374351681,"idx":5},{"addr":140736374454456,"idx":6},{"addr":140736374296732,"idx":7},{"addr":140736374288902,"idx":8},{"addr":140736374287441,"idx":9},{"addr":140736374309239,"idx":10},{"addr":140736398688664,"idx":11},{"addr":140736398691570,"idx":12},{"addr":140736398692617,"idx":13},{"addr":140736398685305,"idx":14},{"addr":140736399150762,"idx":15},{"addr":140736399860818,"idx":16},{"addr":140736902703990,"idx":17},{"addr":140736902703274,"idx":18},{"addr":140736902700103,"idx":19},{"addr":140736897083607,"idx":20},{"addr":140736916996940,"idx":21}],,,,,,,,,,,,,,,,,,,1024,0,5380,,,,,,,,,,,,,,,,,,,,,,,,,,,,,,,,,,,,,,,,,,,,,,,,,,,,,,,,,,,,,,,,,,,,,,,,,,,,,,,,,,,,,,,,,,,,,,,,,,,
"2025-09-02 15:13:17.7601226Z","ETW","Microsoft-Windows-Kernel-Audit-API-Calls",5,"Info ",5380,1604,"explorer.exe",,,,,,,,,,,,,,,,[{"addr":140736918203764,"idx":0},{"addr":140736872731894,"idx":1},{"addr":140736374266683,"idx":2},{"addr":140736374266439,"idx":3},{"addr":140736374262654,"idx":4},{"addr":140736374352327,"idx":5},{"addr":140736374351681,"idx":6},{"addr":140736374454456,"idx":7},{"addr":140736374296732,"idx":8},{"addr":140736374288902,"idx":9},{"addr":140736374287441,"idx":10},{"addr":140736374309239,"idx":11},{"addr":140736398688664,"idx":12},{"addr":140736398691570,"idx":13},{"addr":140736398692617,"idx":14},{"addr":140736398685305,"idx":15},{"addr":140736399150762,"idx":16},{"addr":140736399860818,"idx":17},{"addr":140736902703990,"idx":18},{"addr":140736902703274,"idx":19},{"addr":140736902700103,"idx":20},{"addr":140736897083607,"idx":21},{"addr":140736916996940,"idx":22}],,,,,,,,,,,,,,,,,,,1024,0,5380,,,,,,,,,,,,,,,,,,,,,,,,,,,,,,,,,,,,,,,,,,,,,,,,,,,,,,,,,,,,,,,,,,,,,,,,,,,,,,,,,,,,,,,,,,,,,,,,,,,
"2025-09-02 15:13:17.7601324Z","ETW","Microsoft-Windows-Kernel-Audit-API-Calls",5,"Info ",5380,1604,"explorer.exe",,,,,,,,,,,,,,,,[{"addr":140736918203764,"idx":0},{"addr":140736872731894,"idx":1},{"addr":140736374265853,"idx":2},{"addr":140736374262584,"idx":3},{"addr":140736374352327,"idx":4},{"addr":140736374351681,"idx":5},{"addr":140736374454456,"idx":6},{"addr":140736374296732,"idx":7},{"addr":140736374288902,"idx":8},{"addr":140736374287441,"idx":9},{"addr":140736374309239,"idx":10},{"addr":140736398688664,"idx":11},{"addr":140736398691570,"idx":12},{"addr":140736398692617,"idx":13},{"addr":140736398685305,"idx":14},{"addr":140736399150762,"idx":15},{"addr":140736399860818,"idx":16},{"addr":140736902703990,"idx":17},{"addr":140736902703274,"idx":18},{"addr":140736902700103,"idx":19},{"addr":140736897083607,"idx":20},{"addr":140736916996940,"idx":21}],,,,,,,,,,,,,,,,,,,1024,0,5380,,,,,,,,,,,,,,,,,,,,,,,,,,,,,,,,,,,,,,,,,,,,,,,,,,,,,,,,,,,,,,,,,,,,,,,,,,,,,,,,,,,,,,,,,,,,,,,,,,,
"2025-09-02 15:13:17.7601461Z","ETW","Microsoft-Windows-Kernel-Audit-API-Calls",5,"Info ",5380,1604,"explorer.exe",,,,,,,,,,,,,,,,[{"addr":140736918203764,"idx":0},{"addr":140736872731894,"idx":1},{"addr":140736374266683,"idx":2},{"addr":140736374266439,"idx":3},{"addr":140736374262654,"idx":4},{"addr":140736374352327,"idx":5},{"addr":140736374351681,"idx":6},{"addr":140736374454456,"idx":7},{"addr":140736374296732,"idx":8},{"addr":140736374288902,"idx":9},{"addr":140736374287441,"idx":10},{"addr":140736374309239,"idx":11},{"addr":140736398688664,"idx":12},{"addr":140736398691570,"idx":13},{"addr":140736398692617,"idx":14},{"addr":140736398685305,"idx":15},{"addr":140736399150762,"idx":16},{"addr":140736399860818,"idx":17},{"addr":140736902703990,"idx":18},{"addr":140736902703274,"idx":19},{"addr":140736902700103,"idx":20},{"addr":140736897083607,"idx":21},{"addr":140736916996940,"idx":22}],,,,,,,,,,,,,,,,,,,1024,0,5380,,,,,,,,,,,,,,,,,,,,,,,,,,,,,,,,,,,,,,,,,,,,,,,,,,,,,,,,,,,,,,,,,,,,,,,,,,,,,,,,,,,,,,,,,,,,,,,,,,,
"2025-09-02 15:13:17.7601557Z","ETW","Microsoft-Windows-Kernel-Audit-API-Calls",5,"Info ",5380,1604,"explorer.exe",,,,,,,,,,,,,,,,[{"addr":140736918203764,"idx":0},{"addr":140736872731894,"idx":1},{"addr":140736374265853,"idx":2},{"addr":140736374262584,"idx":3},{"addr":140736374352327,"idx":4},{"addr":140736374351681,"idx":5},{"addr":140736374454456,"idx":6},{"addr":140736374296732,"idx":7},{"addr":140736374288902,"idx":8},{"addr":140736374287441,"idx":9},{"addr":140736374309239,"idx":10},{"addr":140736398688664,"idx":11},{"addr":140736398691570,"idx":12},{"addr":140736398692617,"idx":13},{"addr":140736398685305,"idx":14},{"addr":140736399150762,"idx":15},{"addr":140736399860818,"idx":16},{"addr":140736902703990,"idx":17},{"addr":140736902703274,"idx":18},{"addr":140736902700103,"idx":19},{"addr":140736897083607,"idx":20},{"addr":140736916996940,"idx":21}],,,,,,,,,,,,,,,,,,,1024,0,5380,,,,,,,,,,,,,,,,,,,,,,,,,,,,,,,,,,,,,,,,,,,,,,,,,,,,,,,,,,,,,,,,,,,,,,,,,,,,,,,,,,,,,,,,,,,,,,,,,,,
"2025-09-02 15:13:17.7601690Z","ETW","Microsoft-Windows-Kernel-Audit-API-Calls",5,"Info ",5380,1604,"explorer.exe",,,,,,,,,,,,,,,,[{"addr":140736918203764,"idx":0},{"addr":140736872731894,"idx":1},{"addr":140736374266683,"idx":2},{"addr":140736374266439,"idx":3},{"addr":140736374262654,"idx":4},{"addr":140736374352327,"idx":5},{"addr":140736374351681,"idx":6},{"addr":140736374454456,"idx":7},{"addr":140736374296732,"idx":8},{"addr":140736374288902,"idx":9},{"addr":140736374287441,"idx":10},{"addr":140736374309239,"idx":11},{"addr":140736398688664,"idx":12},{"addr":140736398691570,"idx":13},{"addr":140736398692617,"idx":14},{"addr":140736398685305,"idx":15},{"addr":140736399150762,"idx":16},{"addr":140736399860818,"idx":17},{"addr":140736902703990,"idx":18},{"addr":140736902703274,"idx":19},{"addr":140736902700103,"idx":20},{"addr":140736897083607,"idx":21},{"addr":140736916996940,"idx":22}],,,,,,,,,,,,,,,,,,,1024,0,5380,,,,,,,,,,,,,,,,,,,,,,,,,,,,,,,,,,,,,,,,,,,,,,,,,,,,,,,,,,,,,,,,,,,,,,,,,,,,,,,,,,,,,,,,,,,,,,,,,,,
"2025-09-02 15:13:17.7602252Z","ETW","Microsoft-Windows-Kernel-Audit-API-Calls",5,"Info ",5380,1604,"explorer.exe",,,,,,,,,,,,,,,,[{"addr":140736918203764,"idx":0},{"addr":140736872731894,"idx":1},{"addr":140736374265853,"idx":2},{"addr":140736374262584,"idx":3},{"addr":140736374352327,"idx":4},{"addr":140736374351681,"idx":5},{"addr":140736374454456,"idx":6},{"addr":140736374296732,"idx":7},{"addr":140736374288902,"idx":8},{"addr":140736374287441,"idx":9},{"addr":140736374309239,"idx":10},{"addr":140736398688664,"idx":11},{"addr":140736398691570,"idx":12},{"addr":140736398692617,"idx":13},{"addr":140736398685305,"idx":14},{"addr":140736399150762,"idx":15},{"addr":140736399860818,"idx":16},{"addr":140736902703990,"idx":17},{"addr":140736902703274,"idx":18},{"addr":140736902700103,"idx":19},{"addr":140736897083607,"idx":20},{"addr":140736916996940,"idx":21}],,,,,,,,,,,,,,,,,,,1024,0,5380,,,,,,,,,,,,,,,,,,,,,,,,,,,,,,,,,,,,,,,,,,,,,,,,,,,,,,,,,,,,,,,,,,,,,,,,,,,,,,,,,,,,,,,,,,,,,,,,,,,
"2025-09-02 15:13:17.7602359Z","ETW","Microsoft-Windows-Kernel-Audit-API-Calls",5,"Info ",5380,1604,"explorer.exe",,,,,,,,,,,,,,,,[{"addr":140736918203764,"idx":0},{"addr":140736872731894,"idx":1},{"addr":140736374266683,"idx":2},{"addr":140736374266439,"idx":3},{"addr":140736374262654,"idx":4},{"addr":140736374352327,"idx":5},{"addr":140736374351681,"idx":6},{"addr":140736374454456,"idx":7},{"addr":140736374296732,"idx":8},{"addr":140736374288902,"idx":9},{"addr":140736374287441,"idx":10},{"addr":140736374309239,"idx":11},{"addr":140736398688664,"idx":12},{"addr":140736398691570,"idx":13},{"addr":140736398692617,"idx":14},{"addr":140736398685305,"idx":15},{"addr":140736399150762,"idx":16},{"addr":140736399860818,"idx":17},{"addr":140736902703990,"idx":18},{"addr":140736902703274,"idx":19},{"addr":140736902700103,"idx":20},{"addr":140736897083607,"idx":21},{"addr":140736916996940,"idx":22}],,,,,,,,,,,,,,,,,,,1024,0,5380,,,,,,,,,,,,,,,,,,,,,,,,,,,,,,,,,,,,,,,,,,,,,,,,,,,,,,,,,,,,,,,,,,,,,,,,,,,,,,,,,,,,,,,,,,,,,,,,,,,
"2025-09-02 15:13:17.7602460Z","ETW","Microsoft-Windows-Kernel-Audit-API-Calls",5,"Info ",5380,1604,"explorer.exe",,,,,,,,,,,,,,,,[{"addr":140736918203764,"idx":0},{"addr":140736872731894,"idx":1},{"addr":140736374265853,"idx":2},{"addr":140736374262584,"idx":3},{"addr":140736374352327,"idx":4},{"addr":140736374351681,"idx":5},{"addr":140736374454456,"idx":6},{"addr":140736374296732,"idx":7},{"addr":140736374288902,"idx":8},{"addr":140736374287441,"idx":9},{"addr":140736374309239,"idx":10},{"addr":140736398688664,"idx":11},{"addr":140736398691570,"idx":12},{"addr":140736398692617,"idx":13},{"addr":140736398685305,"idx":14},{"addr":140736399150762,"idx":15},{"addr":140736399860818,"idx":16},{"addr":140736902703990,"idx":17},{"addr":140736902703274,"idx":18},{"addr":140736902700103,"idx":19},{"addr":140736897083607,"idx":20},{"addr":140736916996940,"idx":21}],,,,,,,,,,,,,,,,,,,1024,0,5380,,,,,,,,,,,,,,,,,,,,,,,,,,,,,,,,,,,,,,,,,,,,,,,,,,,,,,,,,,,,,,,,,,,,,,,,,,,,,,,,,,,,,,,,,,,,,,,,,,,
"2025-09-02 15:13:17.7602556Z","ETW","Microsoft-Windows-Kernel-Audit-API-Calls",5,"Info ",5380,1604,"explorer.exe",,,,,,,,,,,,,,,,[{"addr":140736918203764,"idx":0},{"addr":140736872731894,"idx":1},{"addr":140736374266683,"idx":2},{"addr":140736374266439,"idx":3},{"addr":140736374262654,"idx":4},{"addr":140736374352327,"idx":5},{"addr":140736374351681,"idx":6},{"addr":140736374454456,"idx":7},{"addr":140736374296732,"idx":8},{"addr":140736374288902,"idx":9},{"addr":140736374287441,"idx":10},{"addr":140736374309239,"idx":11},{"addr":140736398688664,"idx":12},{"addr":140736398691570,"idx":13},{"addr":140736398692617,"idx":14},{"addr":140736398685305,"idx":15},{"addr":140736399150762,"idx":16},{"addr":140736399860818,"idx":17},{"addr":140736902703990,"idx":18},{"addr":140736902703274,"idx":19},{"addr":140736902700103,"idx":20},{"addr":140736897083607,"idx":21},{"addr":140736916996940,"idx":22}],,,,,,,,,,,,,,,,,,,1024,0,5380,,,,,,,,,,,,,,,,,,,,,,,,,,,,,,,,,,,,,,,,,,,,,,,,,,,,,,,,,,,,,,,,,,,,,,,,,,,,,,,,,,,,,,,,,,,,,,,,,,,
"2025-09-02 15:13:17.7602689Z","ETW","Microsoft-Windows-Kernel-Audit-API-Calls",5,"Info ",5380,1604,"explorer.exe",,,,,,,,,,,,,,,,[{"addr":140736918203764,"idx":0},{"addr":140736872731894,"idx":1},{"addr":140736374264322,"idx":2},{"addr":140736374262800,"idx":3},{"addr":140736374352327,"idx":4},{"addr":140736374351681,"idx":5},{"addr":140736374454456,"idx":6},{"addr":140736374296732,"idx":7},{"addr":140736374288902,"idx":8},{"addr":140736374287441,"idx":9},{"addr":140736374309239,"idx":10},{"addr":140736398688664,"idx":11},{"addr":140736398691570,"idx":12},{"addr":140736398692617,"idx":13},{"addr":140736398685305,"idx":14},{"addr":140736399150762,"idx":15},{"addr":140736399860818,"idx":16},{"addr":140736902703990,"idx":17},{"addr":140736902703274,"idx":18},{"addr":140736902700103,"idx":19},{"addr":140736897083607,"idx":20},{"addr":140736916996940,"idx":21}],,,,,,,,,,,,,,,,,,,1024,0,5380,,,,,,,,,,,,,,,,,,,,,,,,,,,,,,,,,,,,,,,,,,,,,,,,,,,,,,,,,,,,,,,,,,,,,,,,,,,,,,,,,,,,,,,,,,,,,,,,,,,
"2025-09-02 15:13:17.7602790Z","ETW","Microsoft-Windows-Kernel-Audit-API-Calls",5,"Info ",5380,1604,"explorer.exe",,,,,,,,,,,,,,,,[{"addr":140736918203764,"idx":0},{"addr":140736872731894,"idx":1},{"addr":140736374266683,"idx":2},{"addr":140736374266439,"idx":3},{"addr":140736374262835,"idx":4},{"addr":140736374352327,"idx":5},{"addr":140736374351681,"idx":6},{"addr":140736374454456,"idx":7},{"addr":140736374296732,"idx":8},{"addr":140736374288902,"idx":9},{"addr":140736374287441,"idx":10},{"addr":140736374309239,"idx":11},{"addr":140736398688664,"idx":12},{"addr":140736398691570,"idx":13},{"addr":140736398692617,"idx":14},{"addr":140736398685305,"idx":15},{"addr":140736399150762,"idx":16},{"addr":140736399860818,"idx":17},{"addr":140736902703990,"idx":18},{"addr":140736902703274,"idx":19},{"addr":140736902700103,"idx":20},{"addr":140736897083607,"idx":21},{"addr":140736916996940,"idx":22}],,,,,,,,,,,,,,,,,,,1024,0,5380,,,,,,,,,,,,,,,,,,,,,,,,,,,,,,,,,,,,,,,,,,,,,,,,,,,,,,,,,,,,,,,,,,,,,,,,,,,,,,,,,,,,,,,,,,,,,,,,,,,
"2025-09-02 15:13:17.7602939Z","ETW","Microsoft-Windows-Kernel-Audit-API-Calls",5,"Info ",5380,1604,"explorer.exe",,,,,,,,,,,,,,,,[{"addr":140736918203764,"idx":0},{"addr":140736872731894,"idx":1},{"addr":140736374265853,"idx":2},{"addr":140736374263731,"idx":3},{"addr":140736374352530,"idx":4},{"addr":140736374351681,"idx":5},{"addr":140736374454456,"idx":6},{"addr":140736374296732,"idx":7},{"addr":140736374288902,"idx":8},{"addr":140736374287441,"idx":9},{"addr":140736374309239,"idx":10},{"addr":140736398688664,"idx":11},{"addr":140736398691570,"idx":12},{"addr":140736398692617,"idx":13},{"addr":140736398685305,"idx":14},{"addr":140736399150762,"idx":15},{"addr":140736399860818,"idx":16},{"addr":140736902703990,"idx":17},{"addr":140736902703274,"idx":18},{"addr":140736902700103,"idx":19},{"addr":140736897083607,"idx":20},{"addr":140736916996940,"idx":21}],,,,,,,,,,,,,,,,,,,1024,0,5380,,,,,,,,,,,,,,,,,,,,,,,,,,,,,,,,,,,,,,,,,,,,,,,,,,,,,,,,,,,,,,,,,,,,,,,,,,,,,,,,,,,,,,,,,,,,,,,,,,,
"2025-09-02 15:13:17.7603046Z","ETW","Microsoft-Windows-Kernel-Audit-API-Calls",5,"Info ",5380,1604,"explorer.exe",,,,,,,,,,,,,,,,[{"addr":140736918203764,"idx":0},{"addr":140736872731894,"idx":1},{"addr":140736374267193,"idx":2},{"addr":140736374263865,"idx":3},{"addr":140736374352530,"idx":4},{"addr":140736374351681,"idx":5},{"addr":140736374454456,"idx":6},{"addr":140736374296732,"idx":7},{"addr":140736374288902,"idx":8},{"addr":140736374287441,"idx":9},{"addr":140736374309239,"idx":10},{"addr":140736398688664,"idx":11},{"addr":140736398691570,"idx":12},{"addr":140736398692617,"idx":13},{"addr":140736398685305,"idx":14},{"addr":140736399150762,"idx":15},{"addr":140736399860818,"idx":16},{"addr":140736902703990,"idx":17},{"addr":140736902703274,"idx":18},{"addr":140736902700103,"idx":19},{"addr":140736897083607,"idx":20},{"addr":140736916996940,"idx":21}],,,,,,,,,,,,,,,,,,,1024,0,5380,,,,,,,,,,,,,,,,,,,,,,,,,,,,,,,,,,,,,,,,,,,,,,,,,,,,,,,,,,,,,,,,,,,,,,,,,,,,,,,,,,,,,,,,,,,,,,,,,,,
"2025-09-02 15:13:17.7605227Z","ETW","Microsoft-Windows-Kernel-Process",3,"ThreadStartStart ",17068,576,"Notepad.exe",,,,,,,,,,,,,,,,[{"addr":140736918214756,"idx":0},{"addr":140736917348769,"idx":1},{"addr":140736751383867,"idx":2},{"addr":140736751381480,"idx":3},{"addr":140736917255712,"idx":4},{"addr":140736917350945,"idx":5},{"addr":140736897083607,"idx":6},{"addr":140736916996940,"idx":7}],,,,,,,,,17068,18446639081572134912,18446639081572110336,140736917348896,0,131192438784,12676,131215654912,131215650816,140736917348896,,,,,,,,,,,,,,,,,,,,,,,,,,,,,,,,,,,,,,,,,,,,,,,,,,,,,,,,,,,,,,,,,,,,,,,,,,,,,,,,,,,,,,,,,,,,,,,,,,,,,,
"2025-09-02 15:13:17.7606540Z","ETW","Microsoft-Windows-Kernel-Audit-API-Calls",6,"Info ",1912,8,"MsMpEng.exe",,,,,,,,,,,,,,,,[{"addr":140736918212548,"idx":0},{"addr":140736872857142,"idx":1},{"addr":140736738243895,"idx":2},{"addr":140736738242452,"idx":3},{"addr":140736657604428,"idx":4},{"addr":140736657598535,"idx":5},{"addr":140736657597146,"idx":6},{"addr":140736658259206,"idx":7},{"addr":140736657749938,"idx":8},{"addr":140736657909615,"idx":9},{"addr":140736658079503,"idx":10},{"addr":140736897083607,"idx":11},{"addr":140736916996940,"idx":12}],,,,,,,,,,,,,,,,,,,2097151,0,1912,8,,,,,,,,,,,,,,,,,,,,,,,,,,,,,,,,,,,,,,,,,,,,,,,,,,,,,,,,,,,,,,,,,,,,,,,,,,,,,,,,,,,,,,,,,,,,,,,,,,
"2025-09-02 15:13:17.7610262Z","ETW","Microsoft-Windows-Kernel-Audit-API-Calls",5,"Info ",5380,1604,"explorer.exe",,,,,,,,,,,,,,,,[{"addr":140736918203764,"idx":0},{"addr":140736872731894,"idx":1},{"addr":140736374264322,"idx":2},{"addr":140736374271678,"idx":3},{"addr":140736374270629,"idx":4},{"addr":140736374275754,"idx":5},{"addr":140736374248037,"idx":6},{"addr":140736374195045,"idx":7},{"addr":140736374454490,"idx":8},{"addr":140736374296732,"idx":9},{"addr":140736374288902,"idx":10},{"addr":140736374287441,"idx":11},{"addr":140736374309239,"idx":12},{"addr":140736398688664,"idx":13},{"addr":140736398691570,"idx":14},{"addr":140736398692617,"idx":15},{"addr":140736398685305,"idx":16},{"addr":140736399150762,"idx":17},{"addr":140736399860818,"idx":18},{"addr":140736902703990,"idx":19},{"addr":140736902703274,"idx":20},{"addr":140736902700103,"idx":21},{"addr":140736897083607,"idx":22},{"addr":140736916996940,"idx":23}],,,,,,,,,,,,,,,,,,,1024,0,5380,,,,,,,,,,,,,,,,,,,,,,,,,,,,,,,,,,,,,,,,,,,,,,,,,,,,,,,,,,,,,,,,,,,,,,,,,,,,,,,,,,,,,,,,,,,,,,,,,,,
"2025-09-02 15:13:17.7610702Z","ETW","Microsoft-Windows-Kernel-Audit-API-Calls",5,"Info ",5380,1604,"explorer.exe",,,,,,,,,,,,,,,,[{"addr":140736918203764,"idx":0},{"addr":140736872731894,"idx":1},{"addr":140736374267193,"idx":2},{"addr":140736374263547,"idx":3},{"addr":140736374271722,"idx":4},{"addr":140736374270629,"idx":5},{"addr":140736374275754,"idx":6},{"addr":140736374248037,"idx":7},{"addr":140736374195045,"idx":8},{"addr":140736374454490,"idx":9},{"addr":140736374296732,"idx":10},{"addr":140736374288902,"idx":11},{"addr":140736374287441,"idx":12},{"addr":140736374309239,"idx":13},{"addr":140736398688664,"idx":14},{"addr":140736398691570,"idx":15},{"addr":140736398692617,"idx":16},{"addr":140736398685305,"idx":17},{"addr":140736399150762,"idx":18},{"addr":140736399860818,"idx":19},{"addr":140736902703990,"idx":20},{"addr":140736902703274,"idx":21},{"addr":140736902700103,"idx":22},{"addr":140736897083607,"idx":23},{"addr":140736916996940,"idx":24}],,,,,,,,,,,,,,,,,,,1024,0,5380,,,,,,,,,,,,,,,,,,,,,,,,,,,,,,,,,,,,,,,,,,,,,,,,,,,,,,,,,,,,,,,,,,,,,,,,,,,,,,,,,,,,,,,,,,,,,,,,,,,
"2025-09-02 15:13:17.7619694Z","ETW","Microsoft-Windows-Kernel-Audit-API-Calls",5,"Info ",5380,1604,"explorer.exe",,,,,,,,,,,,,,,,[{"addr":140736918203764,"idx":0},{"addr":140736872731894,"idx":1},{"addr":140736374265853,"idx":2},{"addr":140736374263113,"idx":3},{"addr":140736374237426,"idx":4},{"addr":140736374292207,"idx":5},{"addr":140736374288428,"idx":6},{"addr":140736374287441,"idx":7},{"addr":140736374309239,"idx":8},{"addr":140736398688664,"idx":9},{"addr":140736398691570,"idx":10},{"addr":140736398692617,"idx":11},{"addr":140736398685305,"idx":12},{"addr":140736399150762,"idx":13},{"addr":140736399860818,"idx":14},{"addr":140736902703990,"idx":15},{"addr":140736902703274,"idx":16},{"addr":140736902700103,"idx":17},{"addr":140736897083607,"idx":18},{"addr":140736916996940,"idx":19}],,,,,,,,,,,,,,,,,,,1024,0,5380,,,,,,,,,,,,,,,,,,,,,,,,,,,,,,,,,,,,,,,,,,,,,,,,,,,,,,,,,,,,,,,,,,,,,,,,,,,,,,,,,,,,,,,,,,,,,,,,,,,
"2025-09-02 15:13:17.7620318Z","ETW","Microsoft-Windows-Kernel-Audit-API-Calls",5,"Info ",5380,1604,"explorer.exe",,,,,,,,,,,,,,,,[{"addr":140736918203764,"idx":0},{"addr":140736872731894,"idx":1},{"addr":140736374265853,"idx":2},{"addr":140736374237984,"idx":3},{"addr":140736374292207,"idx":4},{"addr":140736374288428,"idx":5},{"addr":140736374287441,"idx":6},{"addr":140736374309239,"idx":7},{"addr":140736398688664,"idx":8},{"addr":140736398691570,"idx":9},{"addr":140736398692617,"idx":10},{"addr":140736398685305,"idx":11},{"addr":140736399150762,"idx":12},{"addr":140736399860818,"idx":13},{"addr":140736902703990,"idx":14},{"addr":140736902703274,"idx":15},{"addr":140736902700103,"idx":16},{"addr":140736897083607,"idx":17},{"addr":140736916996940,"idx":18}],,,,,,,,,,,,,,,,,,,1024,0,5380,,,,,,,,,,,,,,,,,,,,,,,,,,,,,,,,,,,,,,,,,,,,,,,,,,,,,,,,,,,,,,,,,,,,,,,,,,,,,,,,,,,,,,,,,,,,,,,,,,,
"2025-09-02 15:13:17.7621401Z","ETW","Microsoft-Windows-Kernel-Audit-API-Calls",5,"Info ",5380,1604,"explorer.exe",,,,,,,,,,,,,,,,[{"addr":140736918203764,"idx":0},{"addr":140736872731894,"idx":1},{"addr":140736374266683,"idx":2},{"addr":140736374266439,"idx":3},{"addr":140736374238252,"idx":4},{"addr":140736374292207,"idx":5},{"addr":140736374288428,"idx":6},{"addr":140736374287441,"idx":7},{"addr":140736374309239,"idx":8},{"addr":140736398688664,"idx":9},{"addr":140736398691570,"idx":10},{"addr":140736398692617,"idx":11},{"addr":140736398685305,"idx":12},{"addr":140736399150762,"idx":13},{"addr":140736399860818,"idx":14},{"addr":140736902703990,"idx":15},{"addr":140736902703274,"idx":16},{"addr":140736902700103,"idx":17},{"addr":140736897083607,"idx":18},{"addr":140736916996940,"idx":19}],,,,,,,,,,,,,,,,,,,1024,0,5380,,,,,,,,,,,,,,,,,,,,,,,,,,,,,,,,,,,,,,,,,,,,,,,,,,,,,,,,,,,,,,,,,,,,,,,,,,,,,,,,,,,,,,,,,,,,,,,,,,,
"2025-09-02 15:13:17.7626303Z","ETW","Microsoft-Windows-Kernel-Process",5,"ImageLoadInfo ",17068,484,"Notepad.exe",,,,"C:\Windows\System32\ELSCore.dll",,,,,,,,,,,,[{"addr":140736918203828,"idx":0},{"addr":140736917192506,"idx":1},{"addr":140736917191278,"idx":2},{"addr":140736917210764,"idx":3},{"addr":140736917201516,"idx":4},{"addr":140736917258922,"idx":5},{"addr":140736916785248,"idx":6},{"addr":140736916784352,"idx":7},{"addr":140736917101952,"idx":8},{"addr":140736872000198,"idx":9},{"addr":140736872006436,"idx":10},{"addr":140733995538687,"idx":11},{"addr":140733995540647,"idx":12},{"addr":140733995590386,"idx":13},{"addr":140733995583504,"idx":14},{"addr":140733995549060,"idx":15},{"addr":140733996467081,"idx":16},{"addr":140733995408568,"idx":17},{"addr":140733994916585,"idx":18},{"addr":140733994897640,"idx":19},{"addr":140736914162134,"idx":20},{"addr":140736914160796,"idx":21},{"addr":140736431143432,"idx":22},{"addr":140736431143224,"idx":23},{"addr":140696713845320,"idx":24},{"addr":140736431143432,"idx":25},{"addr":140736431142879,"idx":26},{"addr":140736914162134,"idx":27},{"addr":140736914158819,"idx":28},{"addr":140736914158228,"idx":29},{"addr":140736914157695,"idx":30},{"addr":140696713827177,"idx":31},{"addr":140696713848630,"idx":32},{"addr":140696713892868,"idx":33},{"addr":140736876328880,"idx":34},{"addr":140736897083607,"idx":35},{"addr":140736916996940,"idx":36}],,,,,,,,,17068,,,,,,,,,,,,,,,,,,,,,,,,,,,,,,,,,,,,3450366944,140735958482944,140735958482944,155848,102400,,,,,,,,,,,,,,,,,,,,,,,,,,,,,,,,,,,,,,,,,,,,,,,,,,,,,,,,,,,,,,,,,,,,,,,
"2025-09-02 15:13:17.7755193Z","ETW","Microsoft-Antimalware-Engine",59,"Message Info ",1912,10404,"MsMpEng.exe",,,,,,0,"Behavior:Win32/SuspDllSideLoaded.B","0x1A5B3D8FF6402","84db5fe770e0d0198f480427d1ce9babd9f03e0e",,,,,,,[],,,,,,,,,,,,,,,,,,,,,,,,,,,,,,,,,,,,,,,,,,,,,,,,,,,,,,,,,,,,,,,,,,,,,,,,,,,,,,,,,,,,,,,,,,,,,,,,,,,,,,,,,,,,,,,,,,,,,,,,
"2025-09-02 15:13:17.7760866Z","ETW","Microsoft-Windows-Kernel-Process",5,"ImageLoadInfo ",17068,484,"Notepad.exe",,,,"C:\Windows\System32\elsTrans.dll",,,,,,,,,,,,[{"addr":140736918203828,"idx":0},{"addr":140736917192506,"idx":1},{"addr":140736917191278,"idx":2},{"addr":140736917210764,"idx":3},{"addr":140736917202269,"idx":4},{"addr":140736917259140,"idx":5},{"addr":140736916785248,"idx":6},{"addr":140736916784352,"idx":7},{"addr":140736917101952,"idx":8},{"addr":140736872000198,"idx":9},{"addr":140735958498806,"idx":10},{"addr":140735958498266,"idx":11},{"addr":140735958491212,"idx":12},{"addr":140735958491012,"idx":13},{"addr":140736916975221,"idx":14},{"addr":140736872573249,"idx":15},{"addr":140735958491917,"idx":16},{"addr":140735958490932,"idx":17},{"addr":140733995590386,"idx":18},{"addr":140733995583504,"idx":19},{"addr":140733995549060,"idx":20},{"addr":140733996467081,"idx":21},{"addr":140733995408568,"idx":22},{"addr":140733994916585,"idx":23},{"addr":140733994897640,"idx":24},{"addr":140736914162134,"idx":25},{"addr":140736914160796,"idx":26},{"addr":140736431143432,"idx":27},{"addr":140736431143224,"idx":28},{"addr":140696713845320,"idx":29},{"addr":140736431143432,"idx":30},{"addr":140736431142879,"idx":31},{"addr":140736914162134,"idx":32},{"addr":140736914158819,"idx":33},{"addr":140736914158228,"idx":34},{"addr":140736914157695,"idx":35},{"addr":140696713827177,"idx":36},{"addr":140696713848630,"idx":37},{"addr":140696713892868,"idx":38},{"addr":140736876328880,"idx":39},{"addr":140736897083607,"idx":40},{"addr":140736916996940,"idx":41}],,,,,,,,,17068,,,,,,,,,,,,,,,,,,,,,,,,,,,,,,,,,,,,370596121,140735958614016,140735958614016,77997,53248,,,,,,,,,,,,,,,,,,,,,,,,,,,,,,,,,,,,,,,,,,,,,,,,,,,,,,,,,,,,,,,,,,,,,,,
"2025-09-02 15:13:17.7785677Z","ETW","Microsoft-Windows-Kernel-Process",6,"ImageUnloadInfo ",17068,484,"Notepad.exe",,,,"C:\Windows\System32\elsTrans.dll",,,,,,,,,,,,[{"addr":140736918203892,"idx":0},{"addr":140736917028534,"idx":1},{"addr":140736916779098,"idx":2},{"addr":140736916773567,"idx":3},{"addr":140736872000489,"idx":4},{"addr":140735958499124,"idx":5},{"addr":140735958499634,"idx":6},{"addr":140735958492265,"idx":7},{"addr":140735958490932,"idx":8},{"addr":140733995590386,"idx":9},{"addr":140733995583504,"idx":10},{"addr":140733995549060,"idx":11},{"addr":140733996467081,"idx":12},{"addr":140733995408568,"idx":13},{"addr":140733994916585,"idx":14},{"addr":140733994897640,"idx":15},{"addr":140736914162134,"idx":16},{"addr":140736914160796,"idx":17},{"addr":140736431143432,"idx":18},{"addr":140736431143224,"idx":19},{"addr":140696713845320,"idx":20},{"addr":140736431143432,"idx":21},{"addr":140736431142879,"idx":22},{"addr":140736914162134,"idx":23},{"addr":140736914158819,"idx":24},{"addr":140736914158228,"idx":25},{"addr":140736914157695,"idx":26},{"addr":140696713827177,"idx":27},{"addr":140696713848630,"idx":28},{"addr":140696713892868,"idx":29},{"addr":140736876328880,"idx":30},{"addr":140736897083607,"idx":31},{"addr":140736916996940,"idx":32}],,,,,,,,,17068,,,,,,,,,,,,,,,,,,,,,,,,,,,,,,,,,,,,370596121,140735958614016,140735958614016,77997,65536,,,,,,,,,,,,,,,,,,,,,,,,,,,,,,,,,,,,,,,,,,,,,,,,,,,,,,,,,,,,,,,,,,,,,,,
"2025-09-02 15:13:17.7840371Z","ETW","Microsoft-Windows-Kernel-Process",3,"ThreadStartStart ",17068,12680,"Notepad.exe",,,,,,,,,,,,,,,,[{"addr":140736918208964,"idx":0},{"addr":140736872776761,"idx":1},{"addr":140736897102141,"idx":2},{"addr":140735891174374,"idx":3},{"addr":140735891001497,"idx":4},{"addr":140735891135402,"idx":5},{"addr":140735891132096,"idx":6},{"addr":140735891131420,"idx":7},{"addr":140735891122526,"idx":8},{"addr":140735890800996,"idx":9},{"addr":140735891117461,"idx":10},{"addr":140735891116444,"idx":11},{"addr":140735891116085,"idx":12},{"addr":140735890827669,"idx":13},{"addr":140735891117261,"idx":14},{"addr":140735890980482,"idx":15},{"addr":140736882620003,"idx":16},{"addr":140736882628366,"idx":17},{"addr":140736881847376,"idx":18},{"addr":140736909646461,"idx":19},{"addr":140736909646267,"idx":20},{"addr":140736909643574,"idx":21},{"addr":140736909641089,"idx":22},{"addr":140736910206646,"idx":23},{"addr":140736909298250,"idx":24},{"addr":140736909422200,"idx":25},{"addr":140736909415344,"idx":26},{"addr":140736910435790,"idx":27},{"addr":140736910320481,"idx":28},{"addr":140736910320153,"idx":29},{"addr":140736897083607,"idx":30},{"addr":140736916996940,"idx":31}],,,,,,,,,17068,18446639081571934208,18446639081571909632,140735891174480,0,131192446976,12688,131216703488,131216699392,140735891174480,,,,,,,,,,,,,,,,,,,,,,,,,,,,,,,,,,,,,,,,,,,,,,,,,,,,,,,,,,,,,,,,,,,,,,,,,,,,,,,,,,,,,,,,,,,,,,,,,,,,,,
"2025-09-02 15:13:17.7899343Z","ETW","Microsoft-Windows-Kernel-Process",5,"ImageLoadInfo ",17068,18712,"Notepad.exe",,,,"C:\Windows\System32\xmllite.dll",,,,,,,,,,,,[{"addr":140736918203828,"idx":0},{"addr":140736917192506,"idx":1},{"addr":140736917191278,"idx":2},{"addr":140736917210764,"idx":3},{"addr":140736917201516,"idx":4},{"addr":140736917258922,"idx":5},{"addr":140736916785248,"idx":6},{"addr":140736916786774,"idx":7},{"addr":140736917021315,"idx":8},{"addr":140736917023197,"idx":9},{"addr":140733862035968,"idx":10},{"addr":140733862036907,"idx":11},{"addr":140733860483575,"idx":12},{"addr":140733860482552,"idx":13},{"addr":140733860484829,"idx":14},{"addr":140733860489868,"idx":15},{"addr":140733860266965,"idx":16},{"addr":140733860149432,"idx":17},{"addr":140733860149182,"idx":18},{"addr":140733860152879,"idx":19},{"addr":140733861714161,"idx":20},{"addr":140733861713922,"idx":21},{"addr":140733861713734,"idx":22},{"addr":140733802648875,"idx":23},{"addr":140733802091812,"idx":24},{"addr":140733802091189,"idx":25},{"addr":140733802344986,"idx":26},{"addr":140733802750740,"idx":27},{"addr":140733914464864,"idx":28},{"addr":140733859958705,"idx":29},{"addr":140733859958924,"idx":30},{"addr":140733859441499,"idx":31},{"addr":140733859448196,"idx":32},{"addr":140733859892522,"idx":33},{"addr":140733859891063,"idx":34},{"addr":140733859887324,"idx":35},{"addr":140733859887265,"idx":36},{"addr":140733859887102,"idx":37},{"addr":140733861129250,"idx":38},{"addr":140733861136290,"idx":39},{"addr":140733861140560,"idx":40},{"addr":140733860858794,"idx":41},{"addr":140733860861644,"idx":42},{"addr":140733860856991,"idx":43},{"addr":140733859961029,"idx":44},{"addr":140733859960673,"idx":45},{"addr":140733859449098,"idx":46},{"addr":140733859892522,"idx":47},{"addr":140733859891063,"idx":48},{"addr":140733859887324,"idx":49},{"addr":140733859887265,"idx":50},{"addr":140733859887102,"idx":51},{"addr":140733859970399,"idx":52},{"addr":140733859961029,"idx":53},{"addr":140733859960673,"idx":54},{"addr":140733859449098,"idx":55},{"addr":140733859892522,"idx":56},{"addr":140733859891063,"idx":57},{"addr":140733859887324,"idx":58},{"addr":140733859887265,"idx":59},{"addr":140733859887102,"idx":60},{"addr":140733859698640,"idx":61},{"addr":140733859961029,"idx":62},{"addr":140733859960673,"idx":63},{"addr":140733859449098,"idx":64},{"addr":140733859892522,"idx":65},{"addr":140733859891063,"idx":66},{"addr":140733859896064,"idx":67},{"addr":140733859889463,"idx":68},{"addr":140733859448578,"idx":69},{"addr":140733859892522,"idx":70},{"addr":140733859891063,"idx":71},{"addr":140733861431655,"idx":72},{"addr":140733859448578,"idx":73},{"addr":140733859892522,"idx":74},{"addr":140733859891063,"idx":75},{"addr":140733859887324,"idx":76},{"addr":140733859887265,"idx":77},{"addr":140733859887102,"idx":78},{"addr":140733861441441,"idx":79},{"addr":140733859961029,"idx":80},{"addr":140733859960673,"idx":81},{"addr":140733859449098,"idx":82},{"addr":140733859892522,"idx":83},{"addr":140733859891063,"idx":84},{"addr":140733861431655,"idx":85},{"addr":140733859448578,"idx":86},{"addr":140733859892522,"idx":87},{"addr":140733859891063,"idx":88},{"addr":140733859886870,"idx":89},{"addr":140733861737528,"idx":90},{"addr":140733860439754,"idx":91},{"addr":140733860439678,"idx":92},{"addr":140733860439541,"idx":93},{"addr":140733860439408,"idx":94},{"addr":140733861911831,"idx":95},{"addr":140733802122827,"idx":96},{"addr":140733802122580,"idx":97},{"addr":140733802122131,"idx":98},{"addr":140733859961129,"idx":99},{"addr":140733859960673,"idx":100},{"addr":140733859449098,"idx":101},{"addr":140733859892522,"idx":102},{"addr":140733859891063,"idx":103},{"addr":140733859896064,"idx":104},{"addr":140733859889463,"idx":105},{"addr":140733859448578,"idx":106},{"addr":140733859892522,"idx":107},{"addr":140733859891063,"idx":108},{"addr":140733859896064,"idx":109},{"addr":140733859888930,"idx":110},{"addr":140733859448578,"idx":111},{"addr":140733859892522,"idx":112},{"addr":140733859891063,"idx":113},{"addr":140733859886870,"idx":114},{"addr":140733860439754,"idx":115},{"addr":140733860439678,"idx":116},{"addr":140733860439541,"idx":117},{"addr":140733860439408,"idx":118},{"addr":140733802122827,"idx":119},{"addr":140733802122580,"idx":120},{"addr":140733802121684,"idx":121},{"addr":140733859961129,"idx":122},{"addr":140733859960673,"idx":123},{"addr":140733859449098,"idx":124},{"addr":140733859892522,"idx":125},{"addr":140733859891063,"idx":126},{"addr":140733859888165,"idx":127},{"addr":140733859448578,"idx":128},{"addr":140733859892522,"idx":129},{"addr":140733859891063,"idx":130},{"addr":140733859886870,"idx":131},{"addr":140733860439754,"idx":132},{"addr":140733860439678,"idx":133},{"addr":140733860439541,"idx":134},{"addr":140733860439408,"idx":135},{"addr":140733913932672,"idx":136},{"addr":140733859961129,"idx":137},{"addr":140733859960673,"idx":138},{"addr":140733859449098,"idx":139},{"addr":140733859892522,"idx":140},{"addr":140733859891063,"idx":141},{"addr":140733861431655,"idx":142},{"addr":140733859448578,"idx":143},{"addr":140733859892522,"idx":144},{"addr":140733859891063,"idx":145},{"addr":140733859887324,"idx":146},{"addr":140733859887265,"idx":147},{"addr":140733859887102,"idx":148},{"addr":140733859698640,"idx":149},{"addr":140733859961029,"idx":150},{"addr":140733859960673,"idx":151},{"addr":140733859449098,"idx":152},{"addr":140733859892522,"idx":153},{"addr":140733859891063,"idx":154},{"addr":140733859887324,"idx":155},{"addr":140733859887265,"idx":156},{"addr":140733859887102,"idx":157},{"addr":140733861441441,"idx":158},{"addr":140733859961029,"idx":159},{"addr":140733859960673,"idx":160},{"addr":140733859449098,"idx":161},{"addr":140733859892522,"idx":162},{"addr":140733859891063,"idx":163},{"addr":140733861718725,"idx":164},{"addr":140733859448578,"idx":165},{"addr":140733859892522,"idx":166},{"addr":140733859891063,"idx":167},{"addr":140733861744489,"idx":168},{"addr":140733859448578,"idx":169},{"addr":140733859892522,"idx":170},{"addr":140733859891063,"idx":171},{"addr":140733861723893,"idx":172},{"addr":140733859448578,"idx":173},{"addr":140733859892522,"idx":174},{"addr":140733859891063,"idx":175},{"addr":140733859912542,"idx":176},{"addr":140733859908091,"idx":177},{"addr":140733859406569,"idx":178},{"addr":140733859406016,"idx":179},{"addr":140733859405816,"idx":180},{"addr":140733860273326,"idx":181},{"addr":140733860277671,"idx":182},{"addr":140733860274865,"idx":183},{"addr":140733861573149,"idx":184},{"addr":140734018451351,"idx":185},{"addr":140734018450817,"idx":186},{"addr":140734018452419,"idx":187},{"addr":140734018095789,"idx":188},{"addr":140734018112262,"idx":189},{"addr":140734018031177,"idx":190},{"addr":140734017947952,"idx":191},{"addr":140734017947293,"idx":192},{"addr":140734017896044,"idx":193},{"addr":140734017907986,"idx":194},{"addr":140734017908872,"idx":195},{"addr":140734018172755,"idx":196},{"addr":140734018173158,"idx":197},{"addr":140734018174558,"idx":198},{"addr":140736914162134,"idx":199},{"addr":140736914160220,"idx":200},{"addr":140736914362035,"idx":201},{"addr":140736918218964,"idx":202},{"addr":140736876122916,"idx":203},{"addr":140736914326306,"idx":204},{"addr":140696713934844,"idx":205},{"addr":140696713892868,"idx":206},{"addr":140736876328880,"idx":207},{"addr":140736897083607,"idx":208},{"addr":140736916996940,"idx":209}],,,,,,,,,17068,,,,,,,,,,,,,,,,,,,,,,,,,,,,,,,,,,,,1846490767,140736697008128,140736697008128,345217,315392,,,,,,,,,,,,,,,,,,,,,,,,,,,,,,,,,,,,,,,,,,,,,,,,,,,,,,,,,,,,,,,,,,,,,,,
"2025-09-02 15:13:17.7903759Z","ETW","Microsoft-Antimalware-Engine",59,"Message Info ",1912,3012,"MsMpEng.exe",,,,,,0,"!BMGroup:DridexVulnDlls.A","0x195B3BF987774","01184f82067d771b42525bbf6c6541ec7a8114a3",,,,,,,[],,,,,,,,,,,,,,,,,,,,,,,,,,,,,,,,,,,,,,,,,,,,,,,,,,,,,,,,,,,,,,,,,,,,,,,,,,,,,,,,,,,,,,,,,,,,,,,,,,,,,,,,,,,,,,,,,,,,,,,,
"2025-09-02 15:13:17.8110706Z","ETW","Microsoft-Windows-Kernel-Process",5,"ImageLoadInfo ",17068,18712,"Notepad.exe",,,,"C:\Program Files\WindowsApps\Microsoft.WindowsAppRuntime.1.7_7000.522.1444.0_x64__8wekyb3d8bbwe\Microsoft.UI.Xaml.Internal.dll",,,,,,,,,,,,[{"addr":140736918203828,"idx":0},{"addr":140736917192506,"idx":1},{"addr":140736917191278,"idx":2},{"addr":140736917210764,"idx":3},{"addr":140736917201516,"idx":4},{"addr":140736917258922,"idx":5},{"addr":140736916785248,"idx":6},{"addr":140736916786774,"idx":7},{"addr":140736917021315,"idx":8},{"addr":140736917023197,"idx":9},{"addr":140733862035968,"idx":10},{"addr":140733862030982,"idx":11},{"addr":140733861067097,"idx":12},{"addr":140733861065864,"idx":13},{"addr":140733861062389,"idx":14},{"addr":140733859767607,"idx":15},{"addr":140733859765782,"idx":16},{"addr":140733859767607,"idx":17},{"addr":140733862313450,"idx":18},{"addr":140733859448578,"idx":19},{"addr":140733859892522,"idx":20},{"addr":140733859891063,"idx":21},{"addr":140733859896064,"idx":22},{"addr":140733859889549,"idx":23},{"addr":140733859448578,"idx":24},{"addr":140733859892522,"idx":25},{"addr":140733859891063,"idx":26},{"addr":140733859886870,"idx":27},{"addr":140733860439754,"idx":28},{"addr":140733860439678,"idx":29},{"addr":140733860439541,"idx":30},{"addr":140733860439408,"idx":31},{"addr":140733913932672,"idx":32},{"addr":140733859961129,"idx":33},{"addr":140733859960673,"idx":34},{"addr":140733859449098,"idx":35},{"addr":140733859892522,"idx":36},{"addr":140733859891063,"idx":37},{"addr":140733859896064,"idx":38},{"addr":140733859889549,"idx":39},{"addr":140733859448578,"idx":40},{"addr":140733859892522,"idx":41},{"addr":140733859891063,"idx":42},{"addr":140733859888777,"idx":43},{"addr":140733859448578,"idx":44},{"addr":140733859892522,"idx":45},{"addr":140733859891063,"idx":46},{"addr":140733859886870,"idx":47},{"addr":140733860439754,"idx":48},{"addr":140733860439678,"idx":49},{"addr":140733860439541,"idx":50},{"addr":140733860439408,"idx":51},{"addr":140733913932672,"idx":52},{"addr":140733859961129,"idx":53},{"addr":140733859960673,"idx":54},{"addr":140733859449098,"idx":55},{"addr":140733859892522,"idx":56},{"addr":140733859891063,"idx":57},{"addr":140733861431655,"idx":58},{"addr":140733859448578,"idx":59},{"addr":140733859892522,"idx":60},{"addr":140733859891063,"idx":61},{"addr":140733859887324,"idx":62},{"addr":140733859887265,"idx":63},{"addr":140733859887102,"idx":64},{"addr":140733859698640,"idx":65},{"addr":140733859961029,"idx":66},{"addr":140733859960673,"idx":67},{"addr":140733859449098,"idx":68},{"addr":140733859892522,"idx":69},{"addr":140733859891063,"idx":70},{"addr":140733859887324,"idx":71},{"addr":140733859887265,"idx":72},{"addr":140733859887102,"idx":73},{"addr":140733861441441,"idx":74},{"addr":140733859961029,"idx":75},{"addr":140733859960673,"idx":76},{"addr":140733859449098,"idx":77},{"addr":140733859892522,"idx":78},{"addr":140733859891063,"idx":79},{"addr":140733861718725,"idx":80},{"addr":140733859448578,"idx":81},{"addr":140733859892522,"idx":82},{"addr":140733859891063,"idx":83},{"addr":140733861744489,"idx":84},{"addr":140733859448578,"idx":85},{"addr":140733859892522,"idx":86},{"addr":140733859891063,"idx":87},{"addr":140733861723893,"idx":88},{"addr":140733859448578,"idx":89},{"addr":140733859892522,"idx":90},{"addr":140733859891063,"idx":91},{"addr":140733859912542,"idx":92},{"addr":140733859908091,"idx":93},{"addr":140733859406569,"idx":94},{"addr":140733859406016,"idx":95},{"addr":140733859405816,"idx":96},{"addr":140733860273326,"idx":97},{"addr":140733860277671,"idx":98},{"addr":140733860274865,"idx":99},{"addr":140733861573149,"idx":100},{"addr":140734018451351,"idx":101},{"addr":140734018450817,"idx":102},{"addr":140734018452419,"idx":103},{"addr":140734018095789,"idx":104},{"addr":140734018112262,"idx":105},{"addr":140734018031177,"idx":106},{"addr":140734017947952,"idx":107},{"addr":140734017947293,"idx":108},{"addr":140734017896044,"idx":109},{"addr":140734017907986,"idx":110},{"addr":140734017908872,"idx":111},{"addr":140734018172755,"idx":112},{"addr":140734018173158,"idx":113},{"addr":140734018174558,"idx":114},{"addr":140736914162134,"idx":115},{"addr":140736914160220,"idx":116},{"addr":140736914362035,"idx":117},{"addr":140736918218964,"idx":118},{"addr":140736876122916,"idx":119},{"addr":140736914326306,"idx":120},{"addr":140696713934844,"idx":121},{"addr":140696713892868,"idx":122},{"addr":140736876328880,"idx":123},{"addr":140736897083607,"idx":124},{"addr":140736916996940,"idx":125}],,,,,,,,,17068,,,,,,,,,,,,,,,,,,,,,,,,,,,,,,,,,,,,3298388826,140733963304960,140733963304960,958879,942080,,,,,,,,,,,,,,,,,,,,,,,,,,,,,,,,,,,,,,,,,,,,,,,,,,,,,,,,,,,,,,,,,,,,,,,
"2025-09-02 15:13:17.8118031Z","ETW","Microsoft-Antimalware-Engine",59,"Message Info ",1912,3012,"MsMpEng.exe",,,,,,0,"Behavior:Win32/SuspDllSideLoaded.B","0x1A5B3D8FF6402","84db5fe770e0d0198f480427d1ce9babd9f03e0e",,,,,,,[],,,,,,,,,,,,,,,,,,,,,,,,,,,,,,,,,,,,,,,,,,,,,,,,,,,,,,,,,,,,,,,,,,,,,,,,,,,,,,,,,,,,,,,,,,,,,,,,,,,,,,,,,,,,,,,,,,,,,,,,
"2025-09-02 15:13:17.8494147Z","ETW","Microsoft-Windows-Kernel-Process",5,"ImageLoadInfo ",17068,484,"Notepad.exe",,,,"C:\Windows\System32\CoreUIComponents.dll",,,,,,,,,,,,[{"addr":140736918203828,"idx":0},{"addr":140736917192506,"idx":1},{"addr":140736917191278,"idx":2},{"addr":140736917210764,"idx":3},{"addr":140736917201516,"idx":4},{"addr":140736917258922,"idx":5},{"addr":140736916785248,"idx":6},{"addr":140736916786774,"idx":7},{"addr":140736917021315,"idx":8},{"addr":140736917023197,"idx":9},{"addr":140736661109170,"idx":10},{"addr":140736661219339,"idx":11},{"addr":140736660864478,"idx":12},{"addr":140736660867264,"idx":13},{"addr":140736660869010,"idx":14},{"addr":140736900932087,"idx":15},{"addr":140736901242905,"idx":16},{"addr":140736660865657,"idx":17},{"addr":140736660880367,"idx":18},{"addr":140736901254289,"idx":19},{"addr":140736901251284,"idx":20},{"addr":140736901124781,"idx":21},{"addr":140736900861506,"idx":22},{"addr":140736900893214,"idx":23},{"addr":140736914375392,"idx":24},{"addr":140736918218964,"idx":25},{"addr":140736876125220,"idx":26},{"addr":140696714440147,"idx":27},{"addr":140696713842871,"idx":28},{"addr":140736914162134,"idx":29},{"addr":140736914152749,"idx":30},{"addr":140696713848968,"idx":31},{"addr":140696713892868,"idx":32},{"addr":140736876328880,"idx":33},{"addr":140736897083607,"idx":34},{"addr":140736916996940,"idx":35}],,,,,,,,,17068,,,,,,,,,,,,,,,,,,,,,,,,,,,,,,,,,,,,3597554137,140736761823232,140736761823232,3066431,3026944,,,,,,,,,,,,,,,,,,,,,,,,,,,,,,,,,,,,,,,,,,,,,,,,,,,,,,,,,,,,,,,,,,,,,,,
"2025-09-02 15:13:17.8629099Z","ETW","Microsoft-Windows-Kernel-Audit-API-Calls",5,"Info ",17068,484,"Notepad.exe",,,,,,,,,,,,,,,,[{"addr":140736876137252,"idx":0},{"addr":140736803693221,"idx":1},{"addr":140736803693489,"idx":2},{"addr":140736803419410,"idx":3},{"addr":140736803417894,"idx":4},{"addr":140736803459531,"idx":5},{"addr":140736803461042,"idx":6},{"addr":140736803460006,"idx":7},{"addr":140736804015323,"idx":8},{"addr":140736803691627,"idx":9},{"addr":140736803705684,"idx":10},{"addr":140736803705946,"idx":11},{"addr":140736803691169,"idx":12},{"addr":140736803700219,"idx":13},{"addr":140736803702775,"idx":14},{"addr":140736803696639,"idx":15},{"addr":140736803878163,"idx":16},{"addr":140736803908446,"idx":17},{"addr":140736803908268,"idx":18},{"addr":140736803914646,"idx":19},{"addr":140736797422576,"idx":20},{"addr":140736797421671,"idx":21},{"addr":140736797420004,"idx":22},{"addr":140736797448215,"idx":23},{"addr":140736797447673,"idx":24},{"addr":140736797267264,"idx":25},{"addr":140736797266720,"idx":26},{"addr":140736798329402,"idx":27},{"addr":140736798328504,"idx":28},{"addr":140733994347317,"idx":29},{"addr":140733994900697,"idx":30},{"addr":140736914162134,"idx":31},{"addr":140736914160796,"idx":32},{"addr":140736431143432,"idx":33},{"addr":140736431143224,"idx":34},{"addr":140696713845320,"idx":35},{"addr":140736431143432,"idx":36},{"addr":140736431142879,"idx":37},{"addr":140736914162134,"idx":38},{"addr":140736914160220,"idx":39},{"addr":140736914362035,"idx":40},{"addr":140736918218964,"idx":41},{"addr":140736876124356,"idx":42},{"addr":140736914153112,"idx":43},{"addr":140696713848968,"idx":44},{"addr":140696713892868,"idx":45},{"addr":140736876328880,"idx":46},{"addr":140736897083607,"idx":47},{"addr":140736916996940,"idx":48}],,,,,,,,,,,,,,,,,,,64,0,17068,,,,,,,,,,,,,,,,,,,,,,,,,,,,,,,,,,,,,,,,,,,,,,,,,,,,,,,,,,,,,,,,,,,,,,,,,,,,,,,,,,,,,,,,,,,,,,,,,,,
"2025-09-02 15:13:17.8634435Z","ETW","Microsoft-Windows-Kernel-Process",3,"ThreadStartStart ",17068,484,"Notepad.exe",,,,,,,,,,,,,,,,[{"addr":140736918216388,"idx":0},{"addr":140736917292563,"idx":1},{"addr":140736873033675,"idx":2},{"addr":140736751153715,"idx":3},{"addr":140736751156253,"idx":4},{"addr":140736751154227,"idx":5},{"addr":140736751158614,"idx":6},{"addr":140736751926247,"idx":7},{"addr":140736751921968,"idx":8},{"addr":140736803693905,"idx":9},{"addr":140736803419410,"idx":10},{"addr":140736803417894,"idx":11},{"addr":140736803459531,"idx":12},{"addr":140736803461042,"idx":13},{"addr":140736803460006,"idx":14},{"addr":140736804015323,"idx":15},{"addr":140736803691627,"idx":16},{"addr":140736803705684,"idx":17},{"addr":140736803705946,"idx":18},{"addr":140736803691169,"idx":19},{"addr":140736803700219,"idx":20},{"addr":140736803702775,"idx":21},{"addr":140736803696639,"idx":22},{"addr":140736803878163,"idx":23},{"addr":140736803908446,"idx":24},{"addr":140736803908268,"idx":25},{"addr":140736803914646,"idx":26},{"addr":140736797422576,"idx":27},{"addr":140736797421671,"idx":28},{"addr":140736797420004,"idx":29},{"addr":140736797448215,"idx":30},{"addr":140736797447673,"idx":31},{"addr":140736797267264,"idx":32},{"addr":140736797266720,"idx":33},{"addr":140736798329402,"idx":34},{"addr":140736798328504,"idx":35},{"addr":140733994347317,"idx":36},{"addr":140733994900697,"idx":37},{"addr":140736914162134,"idx":38},{"addr":140736914160796,"idx":39},{"addr":140736431143432,"idx":40},{"addr":140736431143224,"idx":41},{"addr":140696713845320,"idx":42},{"addr":140736431143432,"idx":43},{"addr":140736431142879,"idx":44},{"addr":140736914162134,"idx":45},{"addr":140736914160220,"idx":46},{"addr":140736914362035,"idx":47},{"addr":140736918218964,"idx":48},{"addr":140736876124356,"idx":49},{"addr":140736914153112,"idx":50},{"addr":140696713848968,"idx":51},{"addr":140696713892868,"idx":52},{"addr":140736876328880,"idx":53},{"addr":140736897083607,"idx":54},{"addr":140736916996940,"idx":55}],,,,,,,,,17068,18446639081571848192,18446639081571823616,140736917348896,0,131192455168,5364,131217752064,131217747968,140736917348896,,,,,,,,,,,,,,,,,,,,,,,,,,,,,,,,,,,,,,,,,,,,,,,,,,,,,,,,,,,,,,,,,,,,,,,,,,,,,,,,,,,,,,,,,,,,,,,,,,,,,,
"2025-09-02 15:13:17.8919429Z","ETW","Microsoft-Windows-Kernel-Process",3,"ThreadStartStart ",17068,18712,"Notepad.exe",,,,,,,,,,,,,,,,[{"addr":140736918214756,"idx":0},{"addr":140736917348769,"idx":1},{"addr":140736751372353,"idx":2},{"addr":140736751630608,"idx":3},{"addr":140736751126396,"idx":4},{"addr":140736751124202,"idx":5},{"addr":140736751135398,"idx":6},{"addr":140736751135021,"idx":7},{"addr":140736804795751,"idx":8},{"addr":140733988494454,"idx":9},{"addr":140733988493745,"idx":10},{"addr":140733988431122,"idx":11},{"addr":140733988430898,"idx":12},{"addr":140733988346361,"idx":13},{"addr":140733989301678,"idx":14},{"addr":140733859420626,"idx":15},{"addr":140733859419406,"idx":16},{"addr":140733859910149,"idx":17},{"addr":140733859406569,"idx":18},{"addr":140733859406016,"idx":19},{"addr":140733859405816,"idx":20},{"addr":140733860273326,"idx":21},{"addr":140733860277671,"idx":22},{"addr":140733860274865,"idx":23},{"addr":140733861573149,"idx":24},{"addr":140734018451351,"idx":25},{"addr":140734018450817,"idx":26},{"addr":140734018452419,"idx":27},{"addr":140734018095789,"idx":28},{"addr":140734018112262,"idx":29},{"addr":140734018031177,"idx":30},{"addr":140734017947952,"idx":31},{"addr":140734017947293,"idx":32},{"addr":140734017896044,"idx":33},{"addr":140734017907986,"idx":34},{"addr":140734017908872,"idx":35},{"addr":140734018172755,"idx":36},{"addr":140734018173158,"idx":37},{"addr":140734018174558,"idx":38},{"addr":140736914162134,"idx":39},{"addr":140736914160220,"idx":40},{"addr":140736914362035,"idx":41},{"addr":140736918218964,"idx":42},{"addr":140736876122916,"idx":43},{"addr":140736914326306,"idx":44},{"addr":140696713934844,"idx":45},{"addr":140696713892868,"idx":46},{"addr":140736876328880,"idx":47},{"addr":140736897083607,"idx":48},{"addr":140736916996940,"idx":49}],,,,,,,,,17068,18446639081572708352,18446639081572683776,140736917348896,0,131192463360,3432,131218800640,131218796544,140736917348896,,,,,,,,,,,,,,,,,,,,,,,,,,,,,,,,,,,,,,,,,,,,,,,,,,,,,,,,,,,,,,,,,,,,,,,,,,,,,,,,,,,,,,,,,,,,,,,,,,,,,,
"2025-09-02 15:13:17.8934103Z","ETW","Microsoft-Windows-Kernel-Process",3,"ThreadStartStart ",17068,3432,"Notepad.exe",,,,,,,,,,,,,,,,[{"addr":140736918214756,"idx":0},{"addr":140736917257428,"idx":1},{"addr":140736917254706,"idx":2},{"addr":140736917350945,"idx":3},{"addr":140736897083607,"idx":4},{"addr":140736916996940,"idx":5}],,,,,,,,,17068,18446639081572823040,18446639081572798464,140736917348896,0,131192471552,2084,131219849216,131219845120,140736917348896,,,,,,,,,,,,,,,,,,,,,,,,,,,,,,,,,,,,,,,,,,,,,,,,,,,,,,,,,,,,,,,,,,,,,,,,,,,,,,,,,,,,,,,,,,,,,,,,,,,,,,
"2025-09-02 15:13:17.8948963Z","ETW","Microsoft-Windows-Kernel-Audit-API-Calls",5,"Info ",4900,6264,"ctfmon.exe",,,,,,,,,,,,,,,,[{"addr":140736918203764,"idx":0},{"addr":140736872731894,"idx":1},{"addr":140736661124088,"idx":2},{"addr":140736661123728,"idx":3},{"addr":140736661331367,"idx":4},{"addr":140736762331528,"idx":5},{"addr":140736762331337,"idx":6},{"addr":140736762342269,"idx":7},{"addr":140736761848934,"idx":8},{"addr":140736762102206,"idx":9},{"addr":140736761872922,"idx":10},{"addr":140736761870928,"idx":11},{"addr":140736813613695,"idx":12},{"addr":140736813611738,"idx":13},{"addr":140736813992650,"idx":14},{"addr":140736813605311,"idx":15},{"addr":140736813677306,"idx":16},{"addr":140736813675690,"idx":17},{"addr":140736813675059,"idx":18},{"addr":140736813705220,"idx":19},{"addr":140736813708749,"idx":20},{"addr":140736813707270,"idx":21},{"addr":140736813706702,"idx":22},{"addr":140736813666817,"idx":23},{"addr":140736813942079,"idx":24},{"addr":140736813625204,"idx":25},{"addr":140736813624077,"idx":26},{"addr":140736813683309,"idx":27},{"addr":140736813684989,"idx":28},{"addr":140736813684120,"idx":29},{"addr":140736813678304,"idx":30},{"addr":140736914162134,"idx":31},{"addr":140736914160220,"idx":32},{"addr":140736914362035,"idx":33},{"addr":140736918218964,"idx":34},{"addr":140736876122820,"idx":35},{"addr":140736914122143,"idx":36},{"addr":140736914122024,"idx":37},{"addr":140736813919654,"idx":38},{"addr":140736813919398,"idx":39},{"addr":140736813919071,"idx":40},{"addr":140736813638628,"idx":41},{"addr":140736814110186,"idx":42},{"addr":140736814085855,"idx":43},{"addr":140736813866763,"idx":44},{"addr":140736497381779,"idx":45},{"addr":140736497286952,"idx":46},{"addr":140736897083607,"idx":47},{"addr":140736916996940,"idx":48}],,,,,,,,,,,,,,,,,,,4096,0,17068,,,,,,,,,,,,,,,,,,,,,,,,,,,,,,,,,,,,,,,,,,,,,,,,,,,,,,,,,,,,,,,,,,,,,,,,,,,,,,,,,,,,,,,,,,,,,,,,,,,
"2025-09-02 15:13:17.8950909Z","ETW","Microsoft-Windows-Kernel-Audit-API-Calls",6,"Info ",4900,6264,"ctfmon.exe",,,,,,,,,,,,,,,,[{"addr":140736918212548,"idx":0},{"addr":140736872857142,"idx":1},{"addr":140736496613608,"idx":2},{"addr":140736497176138,"idx":3},{"addr":140736661163700,"idx":4},{"addr":140736761842638,"idx":5},{"addr":140736761842217,"idx":6},{"addr":140736762232251,"idx":7},{"addr":140736761848934,"idx":8},{"addr":140736762102206,"idx":9},{"addr":140736761872922,"idx":10},{"addr":140736761870928,"idx":11},{"addr":140736813613695,"idx":12},{"addr":140736813611738,"idx":13},{"addr":140736813992650,"idx":14},{"addr":140736813605311,"idx":15},{"addr":140736813677306,"idx":16},{"addr":140736813675690,"idx":17},{"addr":140736813675059,"idx":18},{"addr":140736813705220,"idx":19},{"addr":140736813708749,"idx":20},{"addr":140736813707270,"idx":21},{"addr":140736813706702,"idx":22},{"addr":140736813666817,"idx":23},{"addr":140736813942079,"idx":24},{"addr":140736813625204,"idx":25},{"addr":140736813624077,"idx":26},{"addr":140736813683309,"idx":27},{"addr":140736813684989,"idx":28},{"addr":140736813684120,"idx":29},{"addr":140736813678304,"idx":30},{"addr":140736914162134,"idx":31},{"addr":140736914160220,"idx":32},{"addr":140736914362035,"idx":33},{"addr":140736918218964,"idx":34},{"addr":140736876122820,"idx":35},{"addr":140736914122143,"idx":36},{"addr":140736914122024,"idx":37},{"addr":140736813919654,"idx":38},{"addr":140736813919398,"idx":39},{"addr":140736813919071,"idx":40},{"addr":140736813638628,"idx":41},{"addr":140736814110186,"idx":42},{"addr":140736814085855,"idx":43},{"addr":140736813866763,"idx":44},{"addr":140736497381779,"idx":45},{"addr":140736497286952,"idx":46},{"addr":140736897083607,"idx":47},{"addr":140736916996940,"idx":48}],,,,,,,,,,,,,,,,,,,2048,0,17068,484,,,,,,,,,,,,,,,,,,,,,,,,,,,,,,,,,,,,,,,,,,,,,,,,,,,,,,,,,,,,,,,,,,,,,,,,,,,,,,,,,,,,,,,,,,,,,,,,,,
"2025-09-02 15:13:17.8951605Z","ETW","Microsoft-Windows-Kernel-Audit-API-Calls",6,"Info ",4900,6264,"ctfmon.exe",,,,,,,,,,,,,,,,[{"addr":140736918212548,"idx":0},{"addr":140736872857142,"idx":1},{"addr":140736496891439,"idx":2},{"addr":140736496950489,"idx":3},{"addr":140736497451254,"idx":4},{"addr":140736661060314,"idx":5},{"addr":140736661171188,"idx":6},{"addr":140736660898052,"idx":7},{"addr":140736660894109,"idx":8},{"addr":140736660892693,"idx":9},{"addr":140736661168446,"idx":10},{"addr":140736762238226,"idx":11},{"addr":140736762237933,"idx":12},{"addr":140736762275289,"idx":13},{"addr":140736761848934,"idx":14},{"addr":140736762102206,"idx":15},{"addr":140736761872922,"idx":16},{"addr":140736761870928,"idx":17},{"addr":140736813613695,"idx":18},{"addr":140736813611738,"idx":19},{"addr":140736813992650,"idx":20},{"addr":140736813605311,"idx":21},{"addr":140736813677306,"idx":22},{"addr":140736813675690,"idx":23},{"addr":140736813675059,"idx":24},{"addr":140736813705220,"idx":25},{"addr":140736813708749,"idx":26},{"addr":140736813707270,"idx":27},{"addr":140736813706702,"idx":28},{"addr":140736813666817,"idx":29},{"addr":140736813942079,"idx":30},{"addr":140736813625204,"idx":31},{"addr":140736813624077,"idx":32},{"addr":140736813683309,"idx":33},{"addr":140736813684989,"idx":34},{"addr":140736813684120,"idx":35},{"addr":140736813678304,"idx":36},{"addr":140736914162134,"idx":37},{"addr":140736914160220,"idx":38},{"addr":140736914362035,"idx":39},{"addr":140736918218964,"idx":40},{"addr":140736876122820,"idx":41},{"addr":140736914122143,"idx":42},{"addr":140736914122024,"idx":43},{"addr":140736813919654,"idx":44},{"addr":140736813919398,"idx":45},{"addr":140736813919071,"idx":46},{"addr":140736813638628,"idx":47},{"addr":140736814110186,"idx":48},{"addr":140736814085855,"idx":49},{"addr":140736813866763,"idx":50},{"addr":140736497381779,"idx":51},{"addr":140736497286952,"idx":52},{"addr":140736897083607,"idx":53},{"addr":140736916996940,"idx":54}],,,,,,,,,,,,,,,,,,,2048,0,17068,484,,,,,,,,,,,,,,,,,,,,,,,,,,,,,,,,,,,,,,,,,,,,,,,,,,,,,,,,,,,,,,,,,,,,,,,,,,,,,,,,,,,,,,,,,,,,,,,,,,
"2025-09-02 15:13:17.8952480Z","ETW","Microsoft-Windows-Kernel-Audit-API-Calls",5,"Info ",4900,6264,"ctfmon.exe",,,,,,,,,,,,,,,,[{"addr":140736918203764,"idx":0},{"addr":140736872731894,"idx":1},{"addr":140736660660676,"idx":2},{"addr":140736660898616,"idx":3},{"addr":140736660894128,"idx":4},{"addr":140736660892693,"idx":5},{"addr":140736661168446,"idx":6},{"addr":140736762238226,"idx":7},{"addr":140736762237933,"idx":8},{"addr":140736762275289,"idx":9},{"addr":140736761848934,"idx":10},{"addr":140736762102206,"idx":11},{"addr":140736761872922,"idx":12},{"addr":140736761870928,"idx":13},{"addr":140736813613695,"idx":14},{"addr":140736813611738,"idx":15},{"addr":140736813992650,"idx":16},{"addr":140736813605311,"idx":17},{"addr":140736813677306,"idx":18},{"addr":140736813675690,"idx":19},{"addr":140736813675059,"idx":20},{"addr":140736813705220,"idx":21},{"addr":140736813708749,"idx":22},{"addr":140736813707270,"idx":23},{"addr":140736813706702,"idx":24},{"addr":140736813666817,"idx":25},{"addr":140736813942079,"idx":26},{"addr":140736813625204,"idx":27},{"addr":140736813624077,"idx":28},{"addr":140736813683309,"idx":29},{"addr":140736813684989,"idx":30},{"addr":140736813684120,"idx":31},{"addr":140736813678304,"idx":32},{"addr":140736914162134,"idx":33},{"addr":140736914160220,"idx":34},{"addr":140736914362035,"idx":35},{"addr":140736918218964,"idx":36},{"addr":140736876122820,"idx":37},{"addr":140736914122143,"idx":38},{"addr":140736914122024,"idx":39},{"addr":140736813919654,"idx":40},{"addr":140736813919398,"idx":41},{"addr":140736813919071,"idx":42},{"addr":140736813638628,"idx":43},{"addr":140736814110186,"idx":44},{"addr":140736814085855,"idx":45},{"addr":140736813866763,"idx":46},{"addr":140736497381779,"idx":47},{"addr":140736497286952,"idx":48},{"addr":140736897083607,"idx":49},{"addr":140736916996940,"idx":50}],,,,,,,,,,,,,,,,,,,4096,0,17068,,,,,,,,,,,,,,,,,,,,,,,,,,,,,,,,,,,,,,,,,,,,,,,,,,,,,,,,,,,,,,,,,,,,,,,,,,,,,,,,,,,,,,,,,,,,,,,,,,,
"2025-09-02 15:13:17.9003549Z","ETW","Microsoft-Windows-Kernel-Process",4,"ThreadStopStop ",1284,18800,"svchost.exe",,,,,,,,,,,,,,,,[],,,,,,,,285000,1284,18446639081680289792,18446639081680265216,140736917348896,0,897066647552,18800,897067778048,897067745280,140736917348896,,,,,,,,,,,,,,,,,,,,,,,,,,,,,,,,,,,,,,,,,,,,,,,,,,,,,,,,,,,,,,,,,,,,,,,,,,,,,,,,,,,,,,,,,,,,,,,,,,,,,,
"2025-09-02 15:13:17.9480757Z","ETW","Microsoft-Windows-Kernel-Audit-API-Calls",5,"Info ",1912,3012,"MsMpEng.exe",,,,,,,,,,,,,,,,[{"addr":140736918203764,"idx":0},{"addr":140736872731894,"idx":1},{"addr":140733810479103,"idx":2},{"addr":140733810478599,"idx":3},{"addr":140733809630809,"idx":4},{"addr":140733810350687,"idx":5},{"addr":140733810350247,"idx":6},{"addr":140733815177284,"idx":7},{"addr":140733815177051,"idx":8},{"addr":140736917274113,"idx":9},{"addr":140736917350957,"idx":10},{"addr":140736897083607,"idx":11},{"addr":140736916996940,"idx":12}],,,,,,,,,,,,,,,,,,,1052672,0,15112,,,,,,,,,,,,,,,,,,,,,,,,,,,,,,,,,,,,,,,,,,,,,,,,,,,,,,,,,,,,,,,,,,,,,,,,,,,,,,,,,,,,,,,,,,,,,,,,,,,
"2025-09-02 15:13:17.9666168Z","ETW","Microsoft-Windows-Kernel-Process",3,"ThreadStartStart ",2644,2676,"svchost.exe",,,,,,,,,,,,,,,,[{"addr":140736918214756,"idx":0},{"addr":140736917348769,"idx":1},{"addr":140736673571722,"idx":2},{"addr":140736673912489,"idx":3},{"addr":140736673558122,"idx":4},{"addr":140736673552040,"idx":5},{"addr":140736673552641,"idx":6},{"addr":140736673552238,"idx":7},{"addr":140736674069630,"idx":8},{"addr":140736897083607,"idx":9},{"addr":140736916996940,"idx":10}],,,,,,,,,2644,18446639081572048896,18446639081572024320,140736917348896,75,239714492416,8012,239717580800,239717548032,140736917348896,,,,,,,,,,,,,,,,,,,,,,,,,,,,,,,,,,,,,,,,,,,,,,,,,,,,,,,,,,,,,,,,,,,,,,,,,,,,,,,,,,,,,,,,,,,,,,,,,,,,,,
"2025-09-02 15:13:17.9793267Z","ETW","Microsoft-Windows-Kernel-Process",5,"ImageLoadInfo ",17068,18712,"Notepad.exe",,,,"C:\Program Files\WindowsApps\Microsoft.WindowsAppRuntime.1.7_7000.522.1444.0_x64__8wekyb3d8bbwe\Microsoft.UI.dll",,,,,,,,,,,,[{"addr":140736918203828,"idx":0},{"addr":140736917192506,"idx":1},{"addr":140736917191278,"idx":2},{"addr":140736917210764,"idx":3},{"addr":140736917202269,"idx":4},{"addr":140736917259140,"idx":5},{"addr":140736916785248,"idx":6},{"addr":140736916784352,"idx":7},{"addr":140736917101952,"idx":8},{"addr":140736872000198,"idx":9},{"addr":140736909363845,"idx":10},{"addr":140736909362547,"idx":11},{"addr":140736909531736,"idx":12},{"addr":140736909524833,"idx":13},{"addr":140736909523551,"idx":14},{"addr":140733802191930,"idx":15},{"addr":140733802188721,"idx":16},{"addr":140733802394291,"idx":17},{"addr":140733802829211,"idx":18},{"addr":140733860180579,"idx":19},{"addr":140733860181426,"idx":20},{"addr":140733860176069,"idx":21},{"addr":140733860175406,"idx":22},{"addr":140733860175085,"idx":23},{"addr":140733861294531,"idx":24},{"addr":140733860275939,"idx":25},{"addr":140733860275408,"idx":26},{"addr":140733860275245,"idx":27},{"addr":140733860273512,"idx":28},{"addr":140733859613652,"idx":29},{"addr":140733861230978,"idx":30},{"addr":140733861230084,"idx":31},{"addr":140733859910492,"idx":32},{"addr":140733859406569,"idx":33},{"addr":140733859406016,"idx":34},{"addr":140733859405816,"idx":35},{"addr":140733860273326,"idx":36},{"addr":140733860277671,"idx":37},{"addr":140733860274865,"idx":38},{"addr":140733861573149,"idx":39},{"addr":140734018451351,"idx":40},{"addr":140734018450817,"idx":41},{"addr":140734018452419,"idx":42},{"addr":140734018095789,"idx":43},{"addr":140734018112262,"idx":44},{"addr":140734018031177,"idx":45},{"addr":140734017947952,"idx":46},{"addr":140734017947293,"idx":47},{"addr":140734017896044,"idx":48},{"addr":140734017907986,"idx":49},{"addr":140734017908872,"idx":50},{"addr":140734018172755,"idx":51},{"addr":140734018173158,"idx":52},{"addr":140734018174558,"idx":53},{"addr":140736914162134,"idx":54},{"addr":140736914160220,"idx":55},{"addr":140736914362035,"idx":56},{"addr":140736918218964,"idx":57},{"addr":140736876122916,"idx":58},{"addr":140736914326306,"idx":59},{"addr":140696713934844,"idx":60},{"addr":140696713892868,"idx":61},{"addr":140736876328880,"idx":62},{"addr":140736897083607,"idx":63},{"addr":140736916996940,"idx":64}],,,,,,,,,17068,,,,,,,,,,,,,,,,,,,,,,,,,,,,,,,,,,,,1843134925,140734468915200,140734468915200,193016,167936,,,,,,,,,,,,,,,,,,,,,,,,,,,,,,,,,,,,,,,,,,,,,,,,,,,,,,,,,,,,,,,,,,,,,,,
"2025-09-02 15:13:17.9806089Z","ETW","Microsoft-Antimalware-Engine",59,"Message Info ",1912,3012,"MsMpEng.exe",,,,,,0,"Behavior:Win32/SuspDllSideLoaded.B","0x1A5B3D8FF6402","84db5fe770e0d0198f480427d1ce9babd9f03e0e",,,,,,,[],,,,,,,,,,,,,,,,,,,,,,,,,,,,,,,,,,,,,,,,,,,,,,,,,,,,,,,,,,,,,,,,,,,,,,,,,,,,,,,,,,,,,,,,,,,,,,,,,,,,,,,,,,,,,,,,,,,,,,,,
"2025-09-02 15:13:17.9932081Z","ETW","Microsoft-Windows-Kernel-Process",5,"ImageLoadInfo ",17068,18712,"Notepad.exe",,,,"C:\Windows\System32\threadpoolwinrt.dll",,,,,,,,,,,,[{"addr":140736918203828,"idx":0},{"addr":140736917192506,"idx":1},{"addr":140736917191278,"idx":2},{"addr":140736917210764,"idx":3},{"addr":140736917202269,"idx":4},{"addr":140736917259140,"idx":5},{"addr":140736916785248,"idx":6},{"addr":140736916784352,"idx":7},{"addr":140736917101952,"idx":8},{"addr":140736872000198,"idx":9},{"addr":140736909363845,"idx":10},{"addr":140736909362547,"idx":11},{"addr":140736909531736,"idx":12},{"addr":140736909524833,"idx":13},{"addr":140736909523551,"idx":14},{"addr":140733861831042,"idx":15},{"addr":140733861830896,"idx":16},{"addr":140736916975221,"idx":17},{"addr":140736872573249,"idx":18},{"addr":140733860520846,"idx":19},{"addr":140733860523629,"idx":20},{"addr":140733860523953,"idx":21},{"addr":140733860524654,"idx":22},{"addr":140733860523339,"idx":23},{"addr":140733859984432,"idx":24},{"addr":140733861662695,"idx":25},{"addr":140733860277474,"idx":26},{"addr":140733860274865,"idx":27},{"addr":140733861573149,"idx":28},{"addr":140734018451351,"idx":29},{"addr":140734018450817,"idx":30},{"addr":140734018452419,"idx":31},{"addr":140734018095789,"idx":32},{"addr":140734018112262,"idx":33},{"addr":140734018031177,"idx":34},{"addr":140734017947952,"idx":35},{"addr":140734017947293,"idx":36},{"addr":140734017896044,"idx":37},{"addr":140734017907986,"idx":38},{"addr":140734017908872,"idx":39},{"addr":140734018172755,"idx":40},{"addr":140734018173158,"idx":41},{"addr":140734018174558,"idx":42},{"addr":140736914162134,"idx":43},{"addr":140736914160220,"idx":44},{"addr":140736914362035,"idx":45},{"addr":140736918218964,"idx":46},{"addr":140736876122916,"idx":47},{"addr":140736914326306,"idx":48},{"addr":140696713934844,"idx":49},{"addr":140696713892868,"idx":50},{"addr":140736876328880,"idx":51},{"addr":140736897083607,"idx":52},{"addr":140736916996940,"idx":53}],,,,,,,,,17068,,,,,,,,,,,,,,,,,,,,,,,,,,,,,,,,,,,,2299561022,140736526090240,140736526090240,130107,90112,,,,,,,,,,,,,,,,,,,,,,,,,,,,,,,,,,,,,,,,,,,,,,,,,,,,,,,,,,,,,,,,,,,,,,,
"2025-09-02 15:13:17.9936981Z","ETW","Microsoft-Windows-Kernel-Process",3,"ThreadStartStart ",17068,18712,"Notepad.exe",,,,,,,,,,,,,,,,[{"addr":140736918214756,"idx":0},{"addr":140736917348769,"idx":1},{"addr":140736526113564,"idx":2},{"addr":140736526106360,"idx":3},{"addr":140736526108274,"idx":4},{"addr":140736526102679,"idx":5},{"addr":140733860520904,"idx":6},{"addr":140733860523629,"idx":7},{"addr":140733860523953,"idx":8},{"addr":140733860524654,"idx":9},{"addr":140733860523339,"idx":10},{"addr":140733859984432,"idx":11},{"addr":140733861662695,"idx":12},{"addr":140733860277474,"idx":13},{"addr":140733860274865,"idx":14},{"addr":140733861573149,"idx":15},{"addr":140734018451351,"idx":16},{"addr":140734018450817,"idx":17},{"addr":140734018452419,"idx":18},{"addr":140734018095789,"idx":19},{"addr":140734018112262,"idx":20},{"addr":140734018031177,"idx":21},{"addr":140734017947952,"idx":22},{"addr":140734017947293,"idx":23},{"addr":140734017896044,"idx":24},{"addr":140734017907986,"idx":25},{"addr":140734017908872,"idx":26},{"addr":140734018172755,"idx":27},{"addr":140734018173158,"idx":28},{"addr":140734018174558,"idx":29},{"addr":140736914162134,"idx":30},{"addr":140736914160220,"idx":31},{"addr":140736914362035,"idx":32},{"addr":140736918218964,"idx":33},{"addr":140736876122916,"idx":34},{"addr":140736914326306,"idx":35},{"addr":140696713934844,"idx":36},{"addr":140696713892868,"idx":37},{"addr":140736876328880,"idx":38},{"addr":140736897083607,"idx":39},{"addr":140736916996940,"idx":40}],,,,,,,,,17068,18446639081572278272,18446639081572253696,140736917348896,0,131192479744,20568,131220897792,131220893696,140736917348896,,,,,,,,,,,,,,,,,,,,,,,,,,,,,,,,,,,,,,,,,,,,,,,,,,,,,,,,,,,,,,,,,,,,,,,,,,,,,,,,,,,,,,,,,,,,,,,,,,,,,,
"2025-09-02 15:13:17.9953277Z","ETW","Microsoft-Windows-Kernel-Process",5,"ImageLoadInfo ",17068,18712,"Notepad.exe",,,,"C:\Windows\System32\Windows.Security.Authentication.Web.Core.dll",,,,,,,,,,,,[{"addr":140736918203828,"idx":0},{"addr":140736917192506,"idx":1},{"addr":140736917191278,"idx":2},{"addr":140736917210764,"idx":3},{"addr":140736917202269,"idx":4},{"addr":140736917259140,"idx":5},{"addr":140736916785248,"idx":6},{"addr":140736916784352,"idx":7},{"addr":140736917101952,"idx":8},{"addr":140736872000198,"idx":9},{"addr":140736909363845,"idx":10},{"addr":140736909362547,"idx":11},{"addr":140736909531736,"idx":12},{"addr":140736909524833,"idx":13},{"addr":140736909523551,"idx":14},{"addr":140696713006618,"idx":15},{"addr":140696713929736,"idx":16},{"addr":140696714465212,"idx":17},{"addr":140696714483979,"idx":18},{"addr":140696714457592,"idx":19},{"addr":140696713897100,"idx":20},{"addr":140696713690723,"idx":21},{"addr":140734018435880,"idx":22},{"addr":140734018095789,"idx":23},{"addr":140734018112262,"idx":24},{"addr":140734018138432,"idx":25},{"addr":140734017943935,"idx":26},{"addr":140734018195666,"idx":27},{"addr":140734017947952,"idx":28},{"addr":140734017947293,"idx":29},{"addr":140734017896044,"idx":30},{"addr":140734017907986,"idx":31},{"addr":140734017908872,"idx":32},{"addr":140734018172755,"idx":33},{"addr":140734018173158,"idx":34},{"addr":140734018174558,"idx":35},{"addr":140736914162134,"idx":36},{"addr":140736914160220,"idx":37},{"addr":140736914362035,"idx":38},{"addr":140736918218964,"idx":39},{"addr":140736876122916,"idx":40},{"addr":140736914326306,"idx":41},{"addr":140696713934844,"idx":42},{"addr":140696713892868,"idx":43},{"addr":140736876328880,"idx":44},{"addr":140736897083607,"idx":45},{"addr":140736916996940,"idx":46}],,,,,,,,,17068,,,,,,,,,,,,,,,,,,,,,,,,,,,,,,,,,,,,2944453996,140736469401600,140736469401600,1280056,1273856,,,,,,,,,,,,,,,,,,,,,,,,,,,,,,,,,,,,,,,,,,,,,,,,,,,,,,,,,,,,,,,,,,,,,,,
"2025-09-02 15:13:17.9961789Z","ETW","Microsoft-Windows-Kernel-Process",5,"ImageLoadInfo ",17068,20568,"Notepad.exe",,,,"C:\Windows\System32\WindowsCodecs.dll",,,,,,,,,,,,[{"addr":140736918203828,"idx":0},{"addr":140736917192506,"idx":1},{"addr":140736917191278,"idx":2},{"addr":140736917210764,"idx":3},{"addr":140736917202269,"idx":4},{"addr":140736917259140,"idx":5},{"addr":140736916785248,"idx":6},{"addr":140736916784352,"idx":7},{"addr":140736917101952,"idx":8},{"addr":140736872000198,"idx":9},{"addr":140736909363845,"idx":10},{"addr":140736909362547,"idx":11},{"addr":140736909360794,"idx":12},{"addr":140736909561496,"idx":13},{"addr":140736909365281,"idx":14},{"addr":140736909356853,"idx":15},{"addr":140736910270317,"idx":16},{"addr":140736909359719,"idx":17},{"addr":140736909871367,"idx":18},{"addr":140736910338829,"idx":19},{"addr":140736910332465,"idx":20},{"addr":140736910348734,"idx":21},{"addr":140736910270317,"idx":22},{"addr":140736909350430,"idx":23},{"addr":140736910270317,"idx":24},{"addr":140736909553458,"idx":25},{"addr":140736909548907,"idx":26},{"addr":140736909576880,"idx":27},{"addr":140733861892156,"idx":28},{"addr":140733861892046,"idx":29},{"addr":140736916975221,"idx":30},{"addr":140736872573249,"idx":31},{"addr":140733860515050,"idx":32},{"addr":140733860526899,"idx":33},{"addr":140733860523470,"idx":34},{"addr":140736526100728,"idx":35},{"addr":140736917255712,"idx":36},{"addr":140736917350945,"idx":37},{"addr":140736897083607,"idx":38},{"addr":140736916996940,"idx":39}],,,,,,,,,17068,,,,,,,,,,,,,,,,,,,,,,,,,,,,,,,,,,,,449385420,140736791117824,140736791117824,2408944,2355200,,,,,,,,,,,,,,,,,,,,,,,,,,,,,,,,,,,,,,,,,,,,,,,,,,,,,,,,,,,,,,,,,,,,,,,
"2025-09-02 15:13:17.9986379Z","ETW","Microsoft-Windows-Kernel-Audit-API-Calls",5,"Info ",17068,18712,"Notepad.exe",,,,,,,,,,,,,,,,[{"addr":140736918203764,"idx":0},{"addr":140736872731894,"idx":1},{"addr":140736469995210,"idx":2},{"addr":140736916975221,"idx":3},{"addr":140736872573249,"idx":4},{"addr":140736469822434,"idx":5},{"addr":140736469822094,"idx":6},{"addr":140736469749286,"idx":7},{"addr":140736469747495,"idx":8},{"addr":140736469790683,"idx":9},{"addr":140696713929938,"idx":10},{"addr":140696714465212,"idx":11},{"addr":140696714483979,"idx":12},{"addr":140696714457592,"idx":13},{"addr":140696713897100,"idx":14},{"addr":140696713690723,"idx":15},{"addr":140734018435880,"idx":16},{"addr":140734018095789,"idx":17},{"addr":140734018112262,"idx":18},{"addr":140734018138432,"idx":19},{"addr":140734017943935,"idx":20},{"addr":140734018195666,"idx":21},{"addr":140734017947952,"idx":22},{"addr":140734017947293,"idx":23},{"addr":140734017896044,"idx":24},{"addr":140734017907986,"idx":25},{"addr":140734017908872,"idx":26},{"addr":140734018172755,"idx":27},{"addr":140734018173158,"idx":28},{"addr":140734018174558,"idx":29},{"addr":140736914162134,"idx":30},{"addr":140736914160220,"idx":31},{"addr":140736914362035,"idx":32},{"addr":140736918218964,"idx":33},{"addr":140736876122916,"idx":34},{"addr":140736914326306,"idx":35},{"addr":140696713934844,"idx":36},{"addr":140696713892868,"idx":37},{"addr":140736876328880,"idx":38},{"addr":140736897083607,"idx":39},{"addr":140736916996940,"idx":40}],,,,,,,,,,,,,,,,,,,4096,0,17068,,,,,,,,,,,,,,,,,,,,,,,,,,,,,,,,,,,,,,,,,,,,,,,,,,,,,,,,,,,,,,,,,,,,,,,,,,,,,,,,,,,,,,,,,,,,,,,,,,,
"2025-09-02 15:13:17.9987609Z","ETW","Microsoft-Windows-Kernel-Process",3,"ThreadStartStart ",17068,18712,"Notepad.exe",,,,,,,,,,,,,,,,[{"addr":140736918208964,"idx":0},{"addr":140736872776761,"idx":1},{"addr":140736897102141,"idx":2},{"addr":140736902701861,"idx":3},{"addr":140736903122914,"idx":4},{"addr":140736902708086,"idx":5},{"addr":140736902706669,"idx":6},{"addr":140736469952461,"idx":7},{"addr":140736469821769,"idx":8},{"addr":140736469749583,"idx":9},{"addr":140736469747495,"idx":10},{"addr":140736469790683,"idx":11},{"addr":140696713929938,"idx":12},{"addr":140696714465212,"idx":13},{"addr":140696714483979,"idx":14},{"addr":140696714457592,"idx":15},{"addr":140696713897100,"idx":16},{"addr":140696713690723,"idx":17},{"addr":140734018435880,"idx":18},{"addr":140734018095789,"idx":19},{"addr":140734018112262,"idx":20},{"addr":140734018138432,"idx":21},{"addr":140734017943935,"idx":22},{"addr":140734018195666,"idx":23},{"addr":140734017947952,"idx":24},{"addr":140734017947293,"idx":25},{"addr":140734017896044,"idx":26},{"addr":140734017907986,"idx":27},{"addr":140734017908872,"idx":28},{"addr":140734018172755,"idx":29},{"addr":140734018173158,"idx":30},{"addr":140734018174558,"idx":31},{"addr":140736914162134,"idx":32},{"addr":140736914160220,"idx":33},{"addr":140736914362035,"idx":34},{"addr":140736918218964,"idx":35},{"addr":140736876122916,"idx":36},{"addr":140736914326306,"idx":37},{"addr":140696713934844,"idx":38},{"addr":140696713892868,"idx":39},{"addr":140736876328880,"idx":40},{"addr":140736897083607,"idx":41},{"addr":140736916996940,"idx":42}],,,,,,,,,17068,18446639081572851712,18446639081572827136,140736902700080,0,131192487936,17656,131221946368,131221942272,140736902700080,,,,,,,,,,,,,,,,,,,,,,,,,,,,,,,,,,,,,,,,,,,,,,,,,,,,,,,,,,,,,,,,,,,,,,,,,,,,,,,,,,,,,,,,,,,,,,,,,,,,,,
"2025-09-02 15:13:18.0000494Z","ETW","Microsoft-Windows-Kernel-Audit-API-Calls",5,"Info ",17068,20568,"Notepad.exe",,,,,,,,,,,,,,,,[{"addr":140736876137252,"idx":0},{"addr":140736803693221,"idx":1},{"addr":140736803693489,"idx":2},{"addr":140736803419410,"idx":3},{"addr":140736803417894,"idx":4},{"addr":140736803459531,"idx":5},{"addr":140736803461042,"idx":6},{"addr":140736803460006,"idx":7},{"addr":140736804015323,"idx":8},{"addr":140736803691627,"idx":9},{"addr":140736803705684,"idx":10},{"addr":140736803705946,"idx":11},{"addr":140736803691169,"idx":12},{"addr":140736803700219,"idx":13},{"addr":140736803702775,"idx":14},{"addr":140736803696639,"idx":15},{"addr":140736803878163,"idx":16},{"addr":140736803908446,"idx":17},{"addr":140736803908268,"idx":18},{"addr":140736803914646,"idx":19},{"addr":140736797422576,"idx":20},{"addr":140736797421671,"idx":21},{"addr":140736797420004,"idx":22},{"addr":140736797448215,"idx":23},{"addr":140736797445943,"idx":24},{"addr":140733860515230,"idx":25},{"addr":140733860526899,"idx":26},{"addr":140733860523470,"idx":27},{"addr":140736526100728,"idx":28},{"addr":140736917255712,"idx":29},{"addr":140736917350945,"idx":30},{"addr":140736897083607,"idx":31},{"addr":140736916996940,"idx":32}],,,,,,,,,,,,,,,,,,,64,0,17068,,,,,,,,,,,,,,,,,,,,,,,,,,,,,,,,,,,,,,,,,,,,,,,,,,,,,,,,,,,,,,,,,,,,,,,,,,,,,,,,,,,,,,,,,,,,,,,,,,,
"2025-09-02 15:13:18.0025767Z","ETW","Microsoft-Windows-Kernel-Process",5,"ImageLoadInfo ",17068,17656,"Notepad.exe",,,,"C:\Windows\System32\OneCoreCommonProxyStub.dll",,,,,,,,,,,,[{"addr":140736918203828,"idx":0},{"addr":140736917192506,"idx":1},{"addr":140736917191278,"idx":2},{"addr":140736917210764,"idx":3},{"addr":140736917202269,"idx":4},{"addr":140736917259140,"idx":5},{"addr":140736916785248,"idx":6},{"addr":140736916784352,"idx":7},{"addr":140736917101952,"idx":8},{"addr":140736872000198,"idx":9},{"addr":140736909363845,"idx":10},{"addr":140736909362547,"idx":11},{"addr":140736909360794,"idx":12},{"addr":140736909561496,"idx":13},{"addr":140736909365281,"idx":14},{"addr":140736909339322,"idx":15},{"addr":140736909195691,"idx":16},{"addr":140736909191304,"idx":17},{"addr":140736909568050,"idx":18},{"addr":140736909567049,"idx":19},{"addr":140736910229700,"idx":20},{"addr":140736910858718,"idx":21},{"addr":140736909460923,"idx":22},{"addr":140736909455813,"idx":23},{"addr":140736909134403,"idx":24},{"addr":140736909231120,"idx":25},{"addr":140736909525351,"idx":26},{"addr":140736909523551,"idx":27},{"addr":140736469675096,"idx":28},{"addr":140736469693129,"idx":29},{"addr":140736469691712,"idx":30},{"addr":140736469669940,"idx":31},{"addr":140736469426889,"idx":32},{"addr":140736469419371,"idx":33},{"addr":140736469764720,"idx":34},{"addr":140736469764441,"idx":35},{"addr":140736469808669,"idx":36},{"addr":140736902703990,"idx":37},{"addr":140736902703274,"idx":38},{"addr":140736902700103,"idx":39},{"addr":140736897083607,"idx":40},{"addr":140736916996940,"idx":41}],,,,,,,,,17068,,,,,,,,,,,,,,,,,,,,,,,,,,,,,,,,,,,,656825553,140736595886080,140736595886080,830688,774144,,,,,,,,,,,,,,,,,,,,,,,,,,,,,,,,,,,,,,,,,,,,,,,,,,,,,,,,,,,,,,,,,,,,,,,
"2025-09-02 15:13:18.0049678Z","ETW","Microsoft-Windows-Kernel-Audit-API-Calls",5,"Info ",5088,15560,"svchost.exe",,,,,,,,,,,,,,,,[{"addr":140736918206916,"idx":0},{"addr":140736882337646,"idx":1},{"addr":140736910267593,"idx":2},{"addr":140736518823374,"idx":3},{"addr":140736518817001,"idx":4},{"addr":140736518795548,"idx":5},{"addr":140736519219385,"idx":6},{"addr":140736882620003,"idx":7},{"addr":140736881849533,"idx":8},{"addr":140736881847412,"idx":9},{"addr":140736909646499,"idx":10},{"addr":140736909646267,"idx":11},{"addr":140736909643574,"idx":12},{"addr":140736909637756,"idx":13},{"addr":140736910408633,"idx":14},{"addr":140736909641544,"idx":15},{"addr":140736910206646,"idx":16},{"addr":140736910205715,"idx":17},{"addr":140736909298250,"idx":18},{"addr":140736909422200,"idx":19},{"addr":140736909684515,"idx":20},{"addr":140736882311415,"idx":21},{"addr":140736882088628,"idx":22},{"addr":140736882092154,"idx":23},{"addr":140736882015316,"idx":24},{"addr":140736882081820,"idx":25},{"addr":140736882106396,"idx":26},{"addr":140736882102691,"idx":27},{"addr":140736882098504,"idx":28},{"addr":140736917358174,"idx":29},{"addr":140736917350275,"idx":30},{"addr":140736897083607,"idx":31},{"addr":140736916996940,"idx":32}],,,,,,,,,,,,,,,,,,,1052672,0,17068,,,,,,,,,,,,,,,,,,,,,,,,,,,,,,,,,,,,,,,,,,,,,,,,,,,,,,,,,,,,,,,,,,,,,,,,,,,,,,,,,,,,,,,,,,,,,,,,,,,
"2025-09-02 15:13:18.0049871Z","ETW","Microsoft-Windows-Kernel-Audit-API-Calls",5,"Info ",5088,15560,"svchost.exe",,,,,,,,,,,,,,,,[{"addr":140736918206916,"idx":0},{"addr":140736882337646,"idx":1},{"addr":140736910267593,"idx":2},{"addr":140736518823487,"idx":3},{"addr":140736518817001,"idx":4},{"addr":140736518795548,"idx":5},{"addr":140736519219385,"idx":6},{"addr":140736882620003,"idx":7},{"addr":140736881849533,"idx":8},{"addr":140736881847412,"idx":9},{"addr":140736909646499,"idx":10},{"addr":140736909646267,"idx":11},{"addr":140736909643574,"idx":12},{"addr":140736909637756,"idx":13},{"addr":140736910408633,"idx":14},{"addr":140736909641544,"idx":15},{"addr":140736910206646,"idx":16},{"addr":140736910205715,"idx":17},{"addr":140736909298250,"idx":18},{"addr":140736909422200,"idx":19},{"addr":140736909684515,"idx":20},{"addr":140736882311415,"idx":21},{"addr":140736882088628,"idx":22},{"addr":140736882092154,"idx":23},{"addr":140736882015316,"idx":24},{"addr":140736882081820,"idx":25},{"addr":140736882106396,"idx":26},{"addr":140736882102691,"idx":27},{"addr":140736882098504,"idx":28},{"addr":140736917358174,"idx":29},{"addr":140736917350275,"idx":30},{"addr":140736897083607,"idx":31},{"addr":140736916996940,"idx":32}],,,,,,,,,,,,,,,,,,,4096,0,17068,,,,,,,,,,,,,,,,,,,,,,,,,,,,,,,,,,,,,,,,,,,,,,,,,,,,,,,,,,,,,,,,,,,,,,,,,,,,,,,,,,,,,,,,,,,,,,,,,,,
"2025-09-02 15:13:18.0058220Z","ETW","Microsoft-Windows-Kernel-Process",3,"ThreadStartStart ",5088,15560,"svchost.exe",,,,,,,,,,,,,,,,[{"addr":140736918208964,"idx":0},{"addr":140736872776761,"idx":1},{"addr":140736897102141,"idx":2},{"addr":140736902701861,"idx":3},{"addr":140736903122914,"idx":4},{"addr":140736902708086,"idx":5},{"addr":140736902706669,"idx":6},{"addr":140736519217838,"idx":7},{"addr":140736519170145,"idx":8},{"addr":140736519169911,"idx":9},{"addr":140736518795780,"idx":10},{"addr":140736519219385,"idx":11},{"addr":140736882620003,"idx":12},{"addr":140736881849533,"idx":13},{"addr":140736881847412,"idx":14},{"addr":140736909646499,"idx":15},{"addr":140736909646267,"idx":16},{"addr":140736909643574,"idx":17},{"addr":140736909637756,"idx":18},{"addr":140736910408633,"idx":19},{"addr":140736909641544,"idx":20},{"addr":140736910206646,"idx":21},{"addr":140736910205715,"idx":22},{"addr":140736909298250,"idx":23},{"addr":140736909422200,"idx":24},{"addr":140736909684515,"idx":25},{"addr":140736882311415,"idx":26},{"addr":140736882088628,"idx":27},{"addr":140736882092154,"idx":28},{"addr":140736882015316,"idx":29},{"addr":140736882081820,"idx":30},{"addr":140736882106396,"idx":31},{"addr":140736882102691,"idx":32},{"addr":140736882098504,"idx":33},{"addr":140736917358174,"idx":34},{"addr":140736917350275,"idx":35},{"addr":140736897083607,"idx":36},{"addr":140736916996940,"idx":37}],,,,,,,,,5088,18446639081572392960,18446639081572368384,140736902700080,198,1054202273792,19864,1054205280256,1054205247488,140736902700080,,,,,,,,,,,,,,,,,,,,,,,,,,,,,,,,,,,,,,,,,,,,,,,,,,,,,,,,,,,,,,,,,,,,,,,,,,,,,,,,,,,,,,,,,,,,,,,,,,,,,,
"2025-09-02 15:13:18.0093353Z","ETW","Microsoft-Windows-Kernel-Process",5,"ImageLoadInfo ",17068,17656,"Notepad.exe",,,,"C:\Windows\System32\bcrypt.dll",,,,,,,,,,,,[{"addr":140736918203828,"idx":0},{"addr":140736917192506,"idx":1},{"addr":140736917191278,"idx":2},{"addr":140736917210764,"idx":3},{"addr":140736917201516,"idx":4},{"addr":140736917258922,"idx":5},{"addr":140736916785248,"idx":6},{"addr":140736916786774,"idx":7},{"addr":140736917021315,"idx":8},{"addr":140736917023197,"idx":9},{"addr":140736910389554,"idx":10},{"addr":140736910683141,"idx":11},{"addr":140736909897234,"idx":12},{"addr":140736910642078,"idx":13},{"addr":140736909536530,"idx":14},{"addr":140736909536017,"idx":15},{"addr":140736469711665,"idx":16},{"addr":140736469426915,"idx":17},{"addr":140736469419371,"idx":18},{"addr":140736469764720,"idx":19},{"addr":140736469764441,"idx":20},{"addr":140736469808669,"idx":21},{"addr":140736902703990,"idx":22},{"addr":140736902703274,"idx":23},{"addr":140736902700103,"idx":24},{"addr":140736897083607,"idx":25},{"addr":140736916996940,"idx":26}],,,,,,,,,17068,,,,,,,,,,,,,,,,,,,,,,,,,,,,,,,,,,,,3023801214,140736866549760,140736866549760,216761,155648,,,,,,,,,,,,,,,,,,,,,,,,,,,,,,,,,,,,,,,,,,,,,,,,,,,,,,,,,,,,,,,,,,,,,,,
"2025-09-02 15:13:18.1231486Z","ETW","Microsoft-Windows-Kernel-Process",3,"ThreadStartStart ",10552,17964,"ServiceHub.IntellicodeModelService.exe",,,,,,,,,,,,,,,,[{"addr":140736918208964,"idx":0},{"addr":140736872776761,"idx":1},{"addr":140736897102141,"idx":2},{"addr":140735663334047,"idx":3},{"addr":140735664153845,"idx":4},{"addr":140735667271907,"idx":5},{"addr":140735667271605,"idx":6},{"addr":140735666833464,"idx":7},{"addr":140735666952957,"idx":8},{"addr":140735664734285,"idx":9},{"addr":140735664734207,"idx":10},{"addr":140736897083607,"idx":11},{"addr":140736916996940,"idx":12}],,,,,,,,,10552,18446639081572077568,18446639081572052992,140735664156336,0,66625601536,680,66630975488,66630959104,140735664156336,,,,,,,,,,,,,,,,,,,,,,,,,,,,,,,,,,,,,,,,,,,,,,,,,,,,,,,,,,,,,,,,,,,,,,,,,,,,,,,,,,,,,,,,,,,,,,,,,,,,,,
"2025-09-02 15:13:18.2337039Z","ETW","Microsoft-Windows-Kernel-Process",4,"ThreadStopStop ",15548,12800,"svchost.exe",,,,,,,,,,,,,,,,[],,,,,,,,554420,15548,18446639081679572992,18446639081679548416,140736917348896,0,303947911168,12800,303946465280,303946432512,140736917348896,,,,,,,,,,,,,,,,,,,,,,,,,,,,,,,,,,,,,,,,,,,,,,,,,,,,,,,,,,,,,,,,,,,,,,,,,,,,,,,,,,,,,,,,,,,,,,,,,,,,,,
"2025-09-02 15:13:18.3285096Z","ETW","Microsoft-Windows-Kernel-Process",4,"ThreadStopStop ",4344,14708,"svchost.exe",,,,,,,,,,,,,,,,[],,,,,,,,397860,4344,18446639081553518592,18446639081553494016,140736917348896,0,819014754304,14708,819016499200,819016466432,140736917348896,,,,,,,,,,,,,,,,,,,,,,,,,,,,,,,,,,,,,,,,,,,,,,,,,,,,,,,,,,,,,,,,,,,,,,,,,,,,,,,,,,,,,,,,,,,,,,,,,,,,,,
"2025-09-02 15:13:18.3285119Z","ETW","Microsoft-Windows-Kernel-Process",4,"ThreadStopStop ",5260,5252,"svchost.exe",,,,,,,,,,,,,,,,[],,,,,,,,328320,5260,18446639081553661952,18446639081553637376,140736917348896,0,14099099648,5252,14096334848,14096302080,140736917348896,,,,,,,,,,,,,,,,,,,,,,,,,,,,,,,,,,,,,,,,,,,,,,,,,,,,,,,,,,,,,,,,,,,,,,,,,,,,,,,,,,,,,,,,,,,,,,,,,,,,,,
"2025-09-02 15:13:18.3286467Z","ETW","Microsoft-Windows-Kernel-Process",4,"ThreadStopStop ",3156,1192,"svchost.exe",,,,,,,,,,,,,,,,[],,,,,,,,456760,3156,18446639081680261120,18446639081680236544,140736917348896,0,1087359401984,1192,1087357976576,1087357943808,140736917348896,,,,,,,,,,,,,,,,,,,,,,,,,,,,,,,,,,,,,,,,,,,,,,,,,,,,,,,,,,,,,,,,,,,,,,,,,,,,,,,,,,,,,,,,,,,,,,,,,,,,,,
"2025-09-02 15:13:18.3768583Z","ETW","Microsoft-Windows-Kernel-Process",4,"ThreadStopStop ",504,13236,"PerfWatson2.exe",,,,,,,,,,,,,,,,[],,,,,,,,1332660,504,18446639081569779712,18446639081569755136,140735664156336,0,264449253376,13236,264476295168,264476278784,140735664156336,,,,,,,,,,,,,,,,,,,,,,,,,,,,,,,,,,,,,,,,,,,,,,,,,,,,,,,,,,,,,,,,,,,,,,,,,,,,,,,,,,,,,,,,,,,,,,,,,,,,,,
"2025-09-02 15:13:18.3925766Z","ETW","Microsoft-Windows-Kernel-Process",3,"ThreadStartStart ",4,72,"System",,,,,,,,,,,,,,,,[],,,,,,,,,1236,18446639081569779712,18446639081569755136,140736917348896,0,131974176768,9308,131973120000,131973087232,140736917348896,,,,,,,,,,,,,,,,,,,,,,,,,,,,,,,,,,,,,,,,,,,,,,,,,,,,,,,,,,,,,,,,,,,,,,,,,,,,,,,,,,,,,,,,,,,,,,,,,,,,,,
"2025-09-02 15:13:18.4240623Z","Custom","Injector-Attack",13337,"[<] Before opening process handle",16284,,"attack.exe",,,,,,,,,,,,,,,,,,,,,,,,,,,,,,,,,,,,,,,,,,,,,,,,,,,,,,,,,,,,,,,,,,,,,,,,,,,,,,,,,,,,,,,,,,,,,,,,,,,,,,,,,,,,,,,,,,,,,,,,,,,,,,,,,,,,,,,,
"2025-09-02 15:13:18.4247281Z","ETW","Microsoft-Windows-Kernel-Audit-API-Calls",5,"Info ",16284,14140,"attack.exe",,,,,,,,,,,,,,,,[{"addr":140736918203764,"idx":0},{"addr":140736872731894,"idx":1},{"addr":140694710262879,"idx":2},{"addr":140694710272512,"idx":3},{"addr":140736897083607,"idx":4},{"addr":140736916996940,"idx":5}],,,,,,,,,,,,,,,,,,,56,0,15112,,,,,,,,,,,,,,,,,,,,,,,,,,,,,,,,,,,,,,,,,,,,,,,,,,,,,,,,,,,,,,,,,,,,,,,,,,,,,,,,,,,,,,,,,,,,,,,,,,,
"2025-09-02 15:13:18.4247768Z","ETW","Microsoft-Antimalware-Engine",53,"Behavior Monitoring BmOpenProcess",16284,3012,"attack.exe",,15112,,,,,,,,,,,,,,[],,,,,,,,,,,,,,,,,,,,,,,,,,,,,,,,,,,,,,,,,,,,,,,,,,,,,,,,,,,,,,,,,,,,,,,,4152,false,,,,,,,,,,,,,,,,,,,,,,,,,,,,,,,,,,,,,,,,,,,,,,,
"2025-09-02 15:13:18.4247904Z","Custom","Injector-Attack",13337,"[>]  After opening process handle",16284,,"attack.exe",,,,,,,,,,,,,,,,,,,,,,,,,,,,,,,,,,,,,,,,,,,,,,,,,,,,,,,,,,,,,,,,,,,,,,,,,,,,,,,,,,,,,,,,,,,,,,,,,,,,,,,,,,,,,,,,,,,,,,,,,,,,,,,,,,,,,,,,
"2025-09-02 15:13:18.4248709Z","ETW","Microsoft-Antimalware-Engine",111,"Behavior Monitoring BmNotificationHandleStart",16284,3012,"attack.exe",,,,,,,,,,,,,,,,[],,,,,,,,,,,,,,,,,,,,,,,,,,,,,,,,,,,,,,,,,,,,,,,,,,,,,,,,,,,,,,,,,,,,,,,,,,,,,,,,,16427,3935954,0,,,,,,,,,,,,,,,,,,,,,,,,,,,,,,,,,,,,,
"2025-09-02 15:13:18.4249029Z","ETW","Microsoft-Antimalware-Engine",112,"Behavior Monitoring BmNotificationHandleStop",16284,3012,"attack.exe",,,,,,,,,,,,,,,,[],,,,,,,,,,,,,,,,,,,,,,,,,,,,,,,,,,,,,,,,,,,,,,,,,,,,,,,,,,,,,,,,,,,,,,,,,,,,,,,,,16427,3935954,0,false,false,0,,,,,,,,,,,,,,,,,,,,,,,,,,,,,,,,,,
"2025-09-02 15:13:18.4400254Z","ETW","Microsoft-Windows-Kernel-Audit-API-Calls",5,"Info ",1912,13536,"MsMpEng.exe",,,,,,,,,,,,,,,,[{"addr":140736918203764,"idx":0},{"addr":140736872731894,"idx":1},{"addr":140733810479103,"idx":2},{"addr":140733810476689,"idx":3},{"addr":140733810472975,"idx":4},{"addr":140733810472117,"idx":5},{"addr":140733810464644,"idx":6},{"addr":140736881050120,"idx":7},{"addr":140736881043887,"idx":8},{"addr":140736881177095,"idx":9},{"addr":140733814724037,"idx":10},{"addr":140733818700047,"idx":11},{"addr":140736897083607,"idx":12},{"addr":140736916996940,"idx":13}],,,,,,,,,,,,,,,,,,,4096,0,5620,,,,,,,,,,,,,,,,,,,,,,,,,,,,,,,,,,,,,,,,,,,,,,,,,,,,,,,,,,,,,,,,,,,,,,,,,,,,,,,,,,,,,,,,,,,,,,,,,,,
"2025-09-02 15:13:18.4400951Z","ETW","Microsoft-Windows-Kernel-Audit-API-Calls",5,"Info ",1912,13536,"MsMpEng.exe",,,,,,,,,,,,,,,,[{"addr":140736918203764,"idx":0},{"addr":140736872731894,"idx":1},{"addr":140733810479103,"idx":2},{"addr":140733810476689,"idx":3},{"addr":140733810472975,"idx":4},{"addr":140733810472117,"idx":5},{"addr":140733810464644,"idx":6},{"addr":140736881050120,"idx":7},{"addr":140736881043887,"idx":8},{"addr":140736881177095,"idx":9},{"addr":140733814724037,"idx":10},{"addr":140733818700047,"idx":11},{"addr":140736897083607,"idx":12},{"addr":140736916996940,"idx":13}],,,,,,,,,,,,,,,,,,,4096,0,5620,,,,,,,,,,,,,,,,,,,,,,,,,,,,,,,,,,,,,,,,,,,,,,,,,,,,,,,,,,,,,,,,,,,,,,,,,,,,,,,,,,,,,,,,,,,,,,,,,,,
"2025-09-02 15:13:18.4401461Z","ETW","Microsoft-Windows-Kernel-Audit-API-Calls",5,"Info ",1912,13536,"MsMpEng.exe",,,,,,,,,,,,,,,,[{"addr":140736918203764,"idx":0},{"addr":140736872731894,"idx":1},{"addr":140733810479103,"idx":2},{"addr":140733810476689,"idx":3},{"addr":140733810472975,"idx":4},{"addr":140733810472117,"idx":5},{"addr":140733810464644,"idx":6},{"addr":140736881050120,"idx":7},{"addr":140736881043887,"idx":8},{"addr":140736881177095,"idx":9},{"addr":140733814724037,"idx":10},{"addr":140733818700047,"idx":11},{"addr":140736897083607,"idx":12},{"addr":140736916996940,"idx":13}],,,,,,,,,,,,,,,,,,,4096,0,17068,,,,,,,,,,,,,,,,,,,,,,,,,,,,,,,,,,,,,,,,,,,,,,,,,,,,,,,,,,,,,,,,,,,,,,,,,,,,,,,,,,,,,,,,,,,,,,,,,,,
"2025-09-02 15:13:18.4401899Z","ETW","Microsoft-Windows-Kernel-Audit-API-Calls",5,"Info ",1912,13536,"MsMpEng.exe",,,,,,,,,,,,,,,,[{"addr":140736918203764,"idx":0},{"addr":140736872731894,"idx":1},{"addr":140733810479103,"idx":2},{"addr":140733810478599,"idx":3},{"addr":140733809630809,"idx":4},{"addr":140733810478009,"idx":5},{"addr":140733810477155,"idx":6},{"addr":140733810473202,"idx":7},{"addr":140733810472117,"idx":8},{"addr":140733810464644,"idx":9},{"addr":140736881050120,"idx":10},{"addr":140736881043887,"idx":11},{"addr":140736881177095,"idx":12},{"addr":140733814724037,"idx":13},{"addr":140733818700047,"idx":14},{"addr":140736897083607,"idx":15},{"addr":140736916996940,"idx":16}],,,,,,,,,,,,,,,,,,,1052672,0,17068,,,,,,,,,,,,,,,,,,,,,,,,,,,,,,,,,,,,,,,,,,,,,,,,,,,,,,,,,,,,,,,,,,,,,,,,,,,,,,,,,,,,,,,,,,,,,,,,,,,
"2025-09-02 15:13:18.4402116Z","ETW","Microsoft-Windows-Kernel-Audit-API-Calls",5,"Info ",1912,13536,"MsMpEng.exe",,,,,,,,,,,,,,,,[{"addr":140736918203764,"idx":0},{"addr":140736872731894,"idx":1},{"addr":140733810479103,"idx":2},{"addr":140733810476689,"idx":3},{"addr":140733810472975,"idx":4},{"addr":140733810472117,"idx":5},{"addr":140733810464644,"idx":6},{"addr":140736881050120,"idx":7},{"addr":140736881043887,"idx":8},{"addr":140736881177095,"idx":9},{"addr":140733814724037,"idx":10},{"addr":140733818700047,"idx":11},{"addr":140736897083607,"idx":12},{"addr":140736916996940,"idx":13}],,,,,,,,,,,,,,,,,,,4096,0,17068,,,,,,,,,,,,,,,,,,,,,,,,,,,,,,,,,,,,,,,,,,,,,,,,,,,,,,,,,,,,,,,,,,,,,,,,,,,,,,,,,,,,,,,,,,,,,,,,,,,
"2025-09-02 15:13:18.4402419Z","ETW","Microsoft-Windows-Kernel-Audit-API-Calls",5,"Info ",1912,13536,"MsMpEng.exe",,,,,,,,,,,,,,,,[{"addr":140736918203764,"idx":0},{"addr":140736872731894,"idx":1},{"addr":140733810479103,"idx":2},{"addr":140733810476689,"idx":3},{"addr":140733810472975,"idx":4},{"addr":140733810472117,"idx":5},{"addr":140733810464644,"idx":6},{"addr":140736881050120,"idx":7},{"addr":140736881043887,"idx":8},{"addr":140736881177095,"idx":9},{"addr":140733814724037,"idx":10},{"addr":140733818700047,"idx":11},{"addr":140736897083607,"idx":12},{"addr":140736916996940,"idx":13}],,,,,,,,,,,,,,,,,,,4096,0,17068,,,,,,,,,,,,,,,,,,,,,,,,,,,,,,,,,,,,,,,,,,,,,,,,,,,,,,,,,,,,,,,,,,,,,,,,,,,,,,,,,,,,,,,,,,,,,,,,,,,
"2025-09-02 15:13:18.4402565Z","ETW","Microsoft-Windows-Kernel-Audit-API-Calls",5,"Info ",1912,13536,"MsMpEng.exe",,,,,,,,,,,,,,,,[{"addr":140736918203764,"idx":0},{"addr":140736872731894,"idx":1},{"addr":140733810479103,"idx":2},{"addr":140733810476689,"idx":3},{"addr":140733810472975,"idx":4},{"addr":140733810472117,"idx":5},{"addr":140733810464644,"idx":6},{"addr":140736881050120,"idx":7},{"addr":140736881043887,"idx":8},{"addr":140736881177095,"idx":9},{"addr":140733814724037,"idx":10},{"addr":140733818700047,"idx":11},{"addr":140736897083607,"idx":12},{"addr":140736916996940,"idx":13}],,,,,,,,,,,,,,,,,,,4096,0,17068,,,,,,,,,,,,,,,,,,,,,,,,,,,,,,,,,,,,,,,,,,,,,,,,,,,,,,,,,,,,,,,,,,,,,,,,,,,,,,,,,,,,,,,,,,,,,,,,,,,
"2025-09-02 15:13:18.4402707Z","ETW","Microsoft-Windows-Kernel-Audit-API-Calls",5,"Info ",1912,13536,"MsMpEng.exe",,,,,,,,,,,,,,,,[{"addr":140736918203764,"idx":0},{"addr":140736872731894,"idx":1},{"addr":140733810479103,"idx":2},{"addr":140733810476689,"idx":3},{"addr":140733810472975,"idx":4},{"addr":140733810472117,"idx":5},{"addr":140733810464644,"idx":6},{"addr":140736881050120,"idx":7},{"addr":140736881043887,"idx":8},{"addr":140736881177095,"idx":9},{"addr":140733814724037,"idx":10},{"addr":140733818700047,"idx":11},{"addr":140736897083607,"idx":12},{"addr":140736916996940,"idx":13}],,,,,,,,,,,,,,,,,,,4096,0,21604,,,,,,,,,,,,,,,,,,,,,,,,,,,,,,,,,,,,,,,,,,,,,,,,,,,,,,,,,,,,,,,,,,,,,,,,,,,,,,,,,,,,,,,,,,,,,,,,,,,
"2025-09-02 15:13:18.4403083Z","ETW","Microsoft-Windows-Kernel-Audit-API-Calls",5,"Info ",1912,13536,"MsMpEng.exe",,,,,,,,,,,,,,,,[{"addr":140736918203764,"idx":0},{"addr":140736872731894,"idx":1},{"addr":140733810479103,"idx":2},{"addr":140733810476689,"idx":3},{"addr":140733810472975,"idx":4},{"addr":140733810472117,"idx":5},{"addr":140733810464644,"idx":6},{"addr":140736881050120,"idx":7},{"addr":140736881043887,"idx":8},{"addr":140736881177095,"idx":9},{"addr":140733814724037,"idx":10},{"addr":140733818700047,"idx":11},{"addr":140736897083607,"idx":12},{"addr":140736916996940,"idx":13}],,,,,,,,,,,,,,,,,,,4096,0,17068,,,,,,,,,,,,,,,,,,,,,,,,,,,,,,,,,,,,,,,,,,,,,,,,,,,,,,,,,,,,,,,,,,,,,,,,,,,,,,,,,,,,,,,,,,,,,,,,,,,
"2025-09-02 15:13:18.4403254Z","ETW","Microsoft-Windows-Kernel-Audit-API-Calls",5,"Info ",1912,13536,"MsMpEng.exe",,,,,,,,,,,,,,,,[{"addr":140736918203764,"idx":0},{"addr":140736872731894,"idx":1},{"addr":140733810479103,"idx":2},{"addr":140733810476689,"idx":3},{"addr":140733810472975,"idx":4},{"addr":140733810472117,"idx":5},{"addr":140733810464644,"idx":6},{"addr":140736881050120,"idx":7},{"addr":140736881043887,"idx":8},{"addr":140736881177095,"idx":9},{"addr":140733814724037,"idx":10},{"addr":140733818700047,"idx":11},{"addr":140736897083607,"idx":12},{"addr":140736916996940,"idx":13}],,,,,,,,,,,,,,,,,,,4096,0,17068,,,,,,,,,,,,,,,,,,,,,,,,,,,,,,,,,,,,,,,,,,,,,,,,,,,,,,,,,,,,,,,,,,,,,,,,,,,,,,,,,,,,,,,,,,,,,,,,,,,
"2025-09-02 15:13:18.4403798Z","ETW","Microsoft-Windows-Kernel-Audit-API-Calls",5,"Info ",1912,13536,"MsMpEng.exe",,,,,,,,,,,,,,,,[{"addr":140736918203764,"idx":0},{"addr":140736872731894,"idx":1},{"addr":140733810479103,"idx":2},{"addr":140733810476689,"idx":3},{"addr":140733810472975,"idx":4},{"addr":140733810472117,"idx":5},{"addr":140733810464644,"idx":6},{"addr":140736881050120,"idx":7},{"addr":140736881043887,"idx":8},{"addr":140736881177095,"idx":9},{"addr":140733814724037,"idx":10},{"addr":140733818700047,"idx":11},{"addr":140736897083607,"idx":12},{"addr":140736916996940,"idx":13}],,,,,,,,,,,,,,,,,,,4096,0,17068,,,,,,,,,,,,,,,,,,,,,,,,,,,,,,,,,,,,,,,,,,,,,,,,,,,,,,,,,,,,,,,,,,,,,,,,,,,,,,,,,,,,,,,,,,,,,,,,,,,
"2025-09-02 15:13:18.4877341Z","ETW","Microsoft-Windows-Kernel-Process",3,"ThreadStartStart ",2644,8012,"svchost.exe",,,,,,,,,,,,,,,,[{"addr":140736918214756,"idx":0},{"addr":140736917348769,"idx":1},{"addr":140736673697830,"idx":2},{"addr":140736673697238,"idx":3},{"addr":140736673696295,"idx":4},{"addr":140736917274113,"idx":5},{"addr":140736917350957,"idx":6},{"addr":140736897083607,"idx":7},{"addr":140736916996940,"idx":8}],,,,,,,,,2644,18446639081553518592,18446639081553494016,140736917348896,75,239714500608,13936,239718105088,239718072320,140736917348896,,,,,,,,,,,,,,,,,,,,,,,,,,,,,,,,,,,,,,,,,,,,,,,,,,,,,,,,,,,,,,,,,,,,,,,,,,,,,,,,,,,,,,,,,,,,,,,,,,,,,,
"2025-09-02 15:13:18.9307854Z","ETW","Microsoft-Windows-Kernel-Process",4,"ThreadStopStop ",4960,16428,"powershell.exe",,,,,,,,,,,,,,,,[],,,,,,,,1049560,4960,18446639081561677824,18446639081561653248,140735664709408,0,936505171968,16428,936507604992,936507592704,140735664709408,,,,,,,,,,,,,,,,,,,,,,,,,,,,,,,,,,,,,,,,,,,,,,,,,,,,,,,,,,,,,,,,,,,,,,,,,,,,,,,,,,,,,,,,,,,,,,,,,,,,,,
"2025-09-02 15:13:18.9308815Z","ETW","Microsoft-Windows-Kernel-Process",4,"ThreadStopStop ",4960,19180,"powershell.exe",,,,,,,,,,,,,,,,[],,,,,,,,2404260,4960,18446639081561305088,18446639081561280512,140735664709408,0,936505155584,19180,936506818560,936506802176,140735664709408,,,,,,,,,,,,,,,,,,,,,,,,,,,,,,,,,,,,,,,,,,,,,,,,,,,,,,,,,,,,,,,,,,,,,,,,,,,,,,,,,,,,,,,,,,,,,,,,,,,,,,
"2025-09-02 15:13:19.1201788Z","ETW","Microsoft-Windows-Kernel-Process",3,"ThreadStartStart ",504,9444,"PerfWatson2.exe",,,,,,,,,,,,,,,,[{"addr":140736918208964,"idx":0},{"addr":140736872776761,"idx":1},{"addr":140736897102141,"idx":2},{"addr":140735663334047,"idx":3},{"addr":140735664153845,"idx":4},{"addr":140735667271907,"idx":5},{"addr":140735667271605,"idx":6},{"addr":140735666833464,"idx":7},{"addr":140735666952957,"idx":8},{"addr":140735664734285,"idx":9},{"addr":140735664734207,"idx":10},{"addr":140736897083607,"idx":11},{"addr":140736916996940,"idx":12}],,,,,,,,,504,18446639081561305088,18446639081561280512,140735664156336,0,264449261568,9212,264476295168,264476278784,140735664156336,,,,,,,,,,,,,,,,,,,,,,,,,,,,,,,,,,,,,,,,,,,,,,,,,,,,,,,,,,,,,,,,,,,,,,,,,,,,,,,,,,,,,,,,,,,,,,,,,,,,,,
"2025-09-02 15:13:19.2466133Z","ETW","Microsoft-Windows-Kernel-Process",3,"ThreadStartStart ",4,72,"System",,,,,,,,,,,,,,,,[],,,,,,,,,15548,18446639081572995072,18446639081572970496,140736917348896,0,303947935744,3140,303946465280,303946432512,140736917348896,,,,,,,,,,,,,,,,,,,,,,,,,,,,,,,,,,,,,,,,,,,,,,,,,,,,,,,,,,,,,,,,,,,,,,,,,,,,,,,,,,,,,,,,,,,,,,,,,,,,,,
"2025-09-02 15:13:19.3420585Z","ETW","Microsoft-Windows-Kernel-Process",3,"ThreadStartStart ",4,72,"System",,,,,,,,,,,,,,,,[],,,,,,,,,4344,18446639081572651008,18446639081572626432,140736917348896,0,819014762496,19116,819016499200,819016466432,140736917348896,,,,,,,,,,,,,,,,,,,,,,,,,,,,,,,,,,,,,,,,,,,,,,,,,,,,,,,,,,,,,,,,,,,,,,,,,,,,,,,,,,,,,,,,,,,,,,,,,,,,,,
"2025-09-02 15:13:19.3421566Z","ETW","Microsoft-Windows-Kernel-Process",3,"ThreadStartStart ",4,72,"System",,,,,,,,,,,,,,,,[],,,,,,,,,5260,18446639081572622336,18446639081572597760,140736917348896,0,14099124224,11824,14096334848,14096302080,140736917348896,,,,,,,,,,,,,,,,,,,,,,,,,,,,,,,,,,,,,,,,,,,,,,,,,,,,,,,,,,,,,,,,,,,,,,,,,,,,,,,,,,,,,,,,,,,,,,,,,,,,,,
"2025-09-02 15:13:19.3422355Z","ETW","Microsoft-Windows-Kernel-Process",3,"ThreadStartStart ",4,72,"System",,,,,,,,,,,,,,,,[],,,,,,,,,3156,18446639081553661952,18446639081553637376,140736917348896,0,1087359410176,18384,1087357976576,1087357943808,140736917348896,,,,,,,,,,,,,,,,,,,,,,,,,,,,,,,,,,,,,,,,,,,,,,,,,,,,,,,,,,,,,,,,,,,,,,,,,,,,,,,,,,,,,,,,,,,,,,,,,,,,,,
"2025-09-02 15:13:19.4049033Z","Custom","Injector-Attack",13337,"[<] Before allocating memory for shellcode",16284,,"attack.exe",,,,,,,,,,,,,,,,,,,,,,,,,,,,,,,,,,,,,,,,,,,,,,,,,,,,,,,,,,,,,,,,,,,,,,,,,,,,,,,,,,,,,,,,,,,,,,,,,,,,,,,,,,,,,,,,,,,,,,,,,,,,,,,,,,,,,,,,
"2025-09-02 15:13:19.4051399Z","Custom","Injector-Attack",13337,"[>]  After allocating memory for shellcode, at: 0000025BD8E60000",16284,,"attack.exe",,,,,,,,,,,,,,,,,,,,,,,,,,,,,,,,,,,,,,,,,,,,,,,,,,,,,,,,,,,,,,,,,,,,,,,,,,,,,,,,,,,,,,,,,,,,,,,,,,,,,,,,,,,,,,,,,,,,,,,,,,,,,,,,,,,,,,,,
"2025-09-02 15:13:19.4841579Z","ETW","Microsoft-Windows-Kernel-Process",4,"ThreadStopStop ",3720,1156,"svchost.exe",,,,,,,,,,,,,,,,[],,,,,,,,405102800,3720,18446639081562714112,18446639081562689536,140735795384736,248,276593434624,1156,276598620160,276598587392,140735795384736,,,,,,,,,,,,,,,,,,,,,,,,,,,,,,,,,,,,,,,,,,,,,,,,,,,,,,,,,,,,,,,,,,,,,,,,,,,,,,,,,,,,,,,,,,,,,,,,,,,,,,
"2025-09-02 15:13:19.4842223Z","ETW","Microsoft-Windows-Kernel-Process",4,"ThreadStopStop ",3720,17420,"svchost.exe",,,,,,,,,,,,,,,,[],,,,,,,,15778898840,3720,18446639081562685440,18446639081562660864,140735795384736,248,276593426432,17420,276597047296,276597014528,140735795384736,,,,,,,,,,,,,,,,,,,,,,,,,,,,,,,,,,,,,,,,,,,,,,,,,,,,,,,,,,,,,,,,,,,,,,,,,,,,,,,,,,,,,,,,,,,,,,,,,,,,,,
"2025-09-02 15:13:19.6262749Z","ETW","Microsoft-Windows-Kernel-Process",4,"ThreadStopStop ",10552,680,"ServiceHub.IntellicodeModelService.exe",,,,,,,,,,,,,,,,[],,,,,,,,1284400,10552,18446639081572077568,18446639081572052992,140735664156336,0,66625601536,680,66630975488,66630959104,140735664156336,,,,,,,,,,,,,,,,,,,,,,,,,,,,,,,,,,,,,,,,,,,,,,,,,,,,,,,,,,,,,,,,,,,,,,,,,,,,,,,,,,,,,,,,,,,,,,,,,,,,,,
"2025-09-02 15:13:19.7050587Z","ETW","Microsoft-Windows-Kernel-Process",4,"ThreadStopStop ",9012,1968,"svchost.exe",,,,,,,,,,,,,,,,[],,,,,,,,309320,9012,18446639081620656128,18446639081620631552,140736917348896,0,276774608896,1968,276773273600,276773240832,140736917348896,,,,,,,,,,,,,,,,,,,,,,,,,,,,,,,,,,,,,,,,,,,,,,,,,,,,,,,,,,,,,,,,,,,,,,,,,,,,,,,,,,,,,,,,,,,,,,,,,,,,,,
"2025-09-02 15:13:19.7758012Z","ETW","Microsoft-Windows-Kernel-Audit-API-Calls",5,"Info ",2544,2728,"svchost.exe",,,,,,,,,,,,,,,,[{"addr":140736918203764,"idx":0},{"addr":140736872731894,"idx":1},{"addr":140736622856004,"idx":2},{"addr":140736622853104,"idx":3},{"addr":140736622845570,"idx":4},{"addr":140736622854089,"idx":5},{"addr":140736622877268,"idx":6},{"addr":140736623007058,"idx":7},{"addr":140736623083887,"idx":8},{"addr":140700308678045,"idx":9},{"addr":140736881194535,"idx":10},{"addr":140736897083607,"idx":11},{"addr":140736916996940,"idx":12}],,,,,,,,,,,,,,,,,,,12288,3221225506,4,,,,,,,,,,,,,,,,,,,,,,,,,,,,,,,,,,,,,,,,,,,,,,,,,,,,,,,,,,,,,,,,,,,,,,,,,,,,,,,,,,,,,,,,,,,,,,,,,,,
"2025-09-02 15:13:19.7758225Z","ETW","Microsoft-Windows-Kernel-Audit-API-Calls",5,"Info ",2544,2728,"svchost.exe",,,,,,,,,,,,,,,,[{"addr":140736918203764,"idx":0},{"addr":140736872731894,"idx":1},{"addr":140736622856004,"idx":2},{"addr":140736622853104,"idx":3},{"addr":140736622845570,"idx":4},{"addr":140736622854089,"idx":5},{"addr":140736622877268,"idx":6},{"addr":140736623007058,"idx":7},{"addr":140736623083887,"idx":8},{"addr":140700308678045,"idx":9},{"addr":140736881194535,"idx":10},{"addr":140736897083607,"idx":11},{"addr":140736916996940,"idx":12}],,,,,,,,,,,,,,,,,,,12288,0,5732,,,,,,,,,,,,,,,,,,,,,,,,,,,,,,,,,,,,,,,,,,,,,,,,,,,,,,,,,,,,,,,,,,,,,,,,,,,,,,,,,,,,,,,,,,,,,,,,,,,
"2025-09-02 15:13:19.7758275Z","ETW","Microsoft-Windows-Kernel-Audit-API-Calls",5,"Info ",2544,2728,"svchost.exe",,,,,,,,,,,,,,,,[{"addr":140736918203764,"idx":0},{"addr":140736872731894,"idx":1},{"addr":140736622856715,"idx":2},{"addr":140736622856183,"idx":3},{"addr":140736622856028,"idx":4},{"addr":140736622853104,"idx":5},{"addr":140736622845570,"idx":6},{"addr":140736622854089,"idx":7},{"addr":140736622877268,"idx":8},{"addr":140736623007058,"idx":9},{"addr":140736623083887,"idx":10},{"addr":140700308678045,"idx":11},{"addr":140736881194535,"idx":12},{"addr":140736897083607,"idx":13},{"addr":140736916996940,"idx":14}],,,,,,,,,,,,,,,,,,,12288,0,2340,,,,,,,,,,,,,,,,,,,,,,,,,,,,,,,,,,,,,,,,,,,,,,,,,,,,,,,,,,,,,,,,,,,,,,,,,,,,,,,,,,,,,,,,,,,,,,,,,,,
"2025-09-02 15:13:19.7758350Z","ETW","Microsoft-Windows-Kernel-Audit-API-Calls",5,"Info ",2544,2728,"svchost.exe",,,,,,,,,,,,,,,,[{"addr":140736918203764,"idx":0},{"addr":140736872731894,"idx":1},{"addr":140736622856715,"idx":2},{"addr":140736622856183,"idx":3},{"addr":140736622856028,"idx":4},{"addr":140736622853104,"idx":5},{"addr":140736622845570,"idx":6},{"addr":140736622854089,"idx":7},{"addr":140736622877268,"idx":8},{"addr":140736623007058,"idx":9},{"addr":140736623083887,"idx":10},{"addr":140700308678045,"idx":11},{"addr":140736881194535,"idx":12},{"addr":140736897083607,"idx":13},{"addr":140736916996940,"idx":14}],,,,,,,,,,,,,,,,,,,12288,0,3640,,,,,,,,,,,,,,,,,,,,,,,,,,,,,,,,,,,,,,,,,,,,,,,,,,,,,,,,,,,,,,,,,,,,,,,,,,,,,,,,,,,,,,,,,,,,,,,,,,,
"2025-09-02 15:13:19.7758429Z","ETW","Microsoft-Windows-Kernel-Audit-API-Calls",5,"Info ",2544,2728,"svchost.exe",,,,,,,,,,,,,,,,[{"addr":140736918203764,"idx":0},{"addr":140736872731894,"idx":1},{"addr":140736622856004,"idx":2},{"addr":140736622853104,"idx":3},{"addr":140736622845570,"idx":4},{"addr":140736622854089,"idx":5},{"addr":140736622877268,"idx":6},{"addr":140736623007058,"idx":7},{"addr":140736623083887,"idx":8},{"addr":140700308678045,"idx":9},{"addr":140736881194535,"idx":10},{"addr":140736897083607,"idx":11},{"addr":140736916996940,"idx":12}],,,,,,,,,,,,,,,,,,,12288,0,768,,,,,,,,,,,,,,,,,,,,,,,,,,,,,,,,,,,,,,,,,,,,,,,,,,,,,,,,,,,,,,,,,,,,,,,,,,,,,,,,,,,,,,,,,,,,,,,,,,,
"2025-09-02 15:13:19.7758463Z","ETW","Microsoft-Windows-Kernel-Audit-API-Calls",5,"Info ",2544,2728,"svchost.exe",,,,,,,,,,,,,,,,[{"addr":140736918203764,"idx":0},{"addr":140736872731894,"idx":1},{"addr":140736622856715,"idx":2},{"addr":140736622856183,"idx":3},{"addr":140736622856028,"idx":4},{"addr":140736622853104,"idx":5},{"addr":140736622845570,"idx":6},{"addr":140736622854089,"idx":7},{"addr":140736622877268,"idx":8},{"addr":140736623007058,"idx":9},{"addr":140736623083887,"idx":10},{"addr":140700308678045,"idx":11},{"addr":140736881194535,"idx":12},{"addr":140736897083607,"idx":13},{"addr":140736916996940,"idx":14}],,,,,,,,,,,,,,,,,,,12288,0,3640,,,,,,,,,,,,,,,,,,,,,,,,,,,,,,,,,,,,,,,,,,,,,,,,,,,,,,,,,,,,,,,,,,,,,,,,,,,,,,,,,,,,,,,,,,,,,,,,,,,
"2025-09-02 15:13:19.7758504Z","ETW","Microsoft-Windows-Kernel-Audit-API-Calls",5,"Info ",2544,2728,"svchost.exe",,,,,,,,,,,,,,,,[{"addr":140736918203764,"idx":0},{"addr":140736872731894,"idx":1},{"addr":140736622856004,"idx":2},{"addr":140736622853104,"idx":3},{"addr":140736622845570,"idx":4},{"addr":140736622854089,"idx":5},{"addr":140736622877268,"idx":6},{"addr":140736623007058,"idx":7},{"addr":140736623083887,"idx":8},{"addr":140700308678045,"idx":9},{"addr":140736881194535,"idx":10},{"addr":140736897083607,"idx":11},{"addr":140736916996940,"idx":12}],,,,,,,,,,,,,,,,,,,12288,0,3816,,,,,,,,,,,,,,,,,,,,,,,,,,,,,,,,,,,,,,,,,,,,,,,,,,,,,,,,,,,,,,,,,,,,,,,,,,,,,,,,,,,,,,,,,,,,,,,,,,,
"2025-09-02 15:13:19.7758535Z","ETW","Microsoft-Windows-Kernel-Audit-API-Calls",5,"Info ",2544,2728,"svchost.exe",,,,,,,,,,,,,,,,[{"addr":140736918203764,"idx":0},{"addr":140736872731894,"idx":1},{"addr":140736622856715,"idx":2},{"addr":140736622856183,"idx":3},{"addr":140736622856028,"idx":4},{"addr":140736622853104,"idx":5},{"addr":140736622845570,"idx":6},{"addr":140736622854089,"idx":7},{"addr":140736622877268,"idx":8},{"addr":140736623007058,"idx":9},{"addr":140736623083887,"idx":10},{"addr":140700308678045,"idx":11},{"addr":140736881194535,"idx":12},{"addr":140736897083607,"idx":13},{"addr":140736916996940,"idx":14}],,,,,,,,,,,,,,,,,,,12288,0,3640,,,,,,,,,,,,,,,,,,,,,,,,,,,,,,,,,,,,,,,,,,,,,,,,,,,,,,,,,,,,,,,,,,,,,,,,,,,,,,,,,,,,,,,,,,,,,,,,,,,
"2025-09-02 15:13:19.7758569Z","ETW","Microsoft-Windows-Kernel-Audit-API-Calls",5,"Info ",2544,2728,"svchost.exe",,,,,,,,,,,,,,,,[{"addr":140736918203764,"idx":0},{"addr":140736872731894,"idx":1},{"addr":140736622856715,"idx":2},{"addr":140736622856183,"idx":3},{"addr":140736622856028,"idx":4},{"addr":140736622853104,"idx":5},{"addr":140736622845570,"idx":6},{"addr":140736622854089,"idx":7},{"addr":140736622877268,"idx":8},{"addr":140736623007058,"idx":9},{"addr":140736623083887,"idx":10},{"addr":140700308678045,"idx":11},{"addr":140736881194535,"idx":12},{"addr":140736897083607,"idx":13},{"addr":140736916996940,"idx":14}],,,,,,,,,,,,,,,,,,,12288,0,2340,,,,,,,,,,,,,,,,,,,,,,,,,,,,,,,,,,,,,,,,,,,,,,,,,,,,,,,,,,,,,,,,,,,,,,,,,,,,,,,,,,,,,,,,,,,,,,,,,,,
"2025-09-02 15:13:19.7758630Z","ETW","Microsoft-Windows-Kernel-Audit-API-Calls",5,"Info ",2544,2728,"svchost.exe",,,,,,,,,,,,,,,,[{"addr":140736918203764,"idx":0},{"addr":140736872731894,"idx":1},{"addr":140736622856715,"idx":2},{"addr":140736622856183,"idx":3},{"addr":140736622856028,"idx":4},{"addr":140736622853104,"idx":5},{"addr":140736622845570,"idx":6},{"addr":140736622854089,"idx":7},{"addr":140736622877268,"idx":8},{"addr":140736623007058,"idx":9},{"addr":140736623083887,"idx":10},{"addr":140700308678045,"idx":11},{"addr":140736881194535,"idx":12},{"addr":140736897083607,"idx":13},{"addr":140736916996940,"idx":14}],,,,,,,,,,,,,,,,,,,12288,0,7024,,,,,,,,,,,,,,,,,,,,,,,,,,,,,,,,,,,,,,,,,,,,,,,,,,,,,,,,,,,,,,,,,,,,,,,,,,,,,,,,,,,,,,,,,,,,,,,,,,,
"2025-09-02 15:13:19.7758690Z","ETW","Microsoft-Windows-Kernel-Audit-API-Calls",5,"Info ",2544,2728,"svchost.exe",,,,,,,,,,,,,,,,[{"addr":140736918203764,"idx":0},{"addr":140736872731894,"idx":1},{"addr":140736622856715,"idx":2},{"addr":140736622856183,"idx":3},{"addr":140736622856028,"idx":4},{"addr":140736622853104,"idx":5},{"addr":140736622845570,"idx":6},{"addr":140736622854089,"idx":7},{"addr":140736622877268,"idx":8},{"addr":140736623007058,"idx":9},{"addr":140736623083887,"idx":10},{"addr":140700308678045,"idx":11},{"addr":140736881194535,"idx":12},{"addr":140736897083607,"idx":13},{"addr":140736916996940,"idx":14}],,,,,,,,,,,,,,,,,,,12288,0,10596,,,,,,,,,,,,,,,,,,,,,,,,,,,,,,,,,,,,,,,,,,,,,,,,,,,,,,,,,,,,,,,,,,,,,,,,,,,,,,,,,,,,,,,,,,,,,,,,,,,
"2025-09-02 15:13:19.7758837Z","ETW","Microsoft-Windows-Kernel-Audit-API-Calls",5,"Info ",2544,2728,"svchost.exe",,,,,,,,,,,,,,,,[{"addr":140736918203764,"idx":0},{"addr":140736872731894,"idx":1},{"addr":140736622856004,"idx":2},{"addr":140736622853104,"idx":3},{"addr":140736622845570,"idx":4},{"addr":140736622854089,"idx":5},{"addr":140736622877268,"idx":6},{"addr":140736623007058,"idx":7},{"addr":140736623083887,"idx":8},{"addr":140700308678045,"idx":9},{"addr":140736881194535,"idx":10},{"addr":140736897083607,"idx":11},{"addr":140736916996940,"idx":12}],,,,,,,,,,,,,,,,,,,12288,0,16284,,,,,,,,,,,,,,,,,,,,,,,,,,,,,,,,,,,,,,,,,,,,,,,,,,,,,,,,,,,,,,,,,,,,,,,,,,,,,,,,,,,,,,,,,,,,,,,,,,,
"2025-09-02 15:13:19.7758869Z","ETW","Microsoft-Windows-Kernel-Audit-API-Calls",5,"Info ",2544,2728,"svchost.exe",,,,,,,,,,,,,,,,[{"addr":140736918203764,"idx":0},{"addr":140736872731894,"idx":1},{"addr":140736622856715,"idx":2},{"addr":140736622856183,"idx":3},{"addr":140736622856028,"idx":4},{"addr":140736622853104,"idx":5},{"addr":140736622845570,"idx":6},{"addr":140736622854089,"idx":7},{"addr":140736622877268,"idx":8},{"addr":140736623007058,"idx":9},{"addr":140736623083887,"idx":10},{"addr":140700308678045,"idx":11},{"addr":140736881194535,"idx":12},{"addr":140736897083607,"idx":13},{"addr":140736916996940,"idx":14}],,,,,,,,,,,,,,,,,,,12288,0,10596,,,,,,,,,,,,,,,,,,,,,,,,,,,,,,,,,,,,,,,,,,,,,,,,,,,,,,,,,,,,,,,,,,,,,,,,,,,,,,,,,,,,,,,,,,,,,,,,,,,
"2025-09-02 15:13:19.7758961Z","ETW","Microsoft-Windows-Kernel-Audit-API-Calls",5,"Info ",2544,2728,"svchost.exe",,,,,,,,,,,,,,,,[{"addr":140736918203764,"idx":0},{"addr":140736872731894,"idx":1},{"addr":140736622856004,"idx":2},{"addr":140736622853104,"idx":3},{"addr":140736622845570,"idx":4},{"addr":140736622854089,"idx":5},{"addr":140736622877268,"idx":6},{"addr":140736623007058,"idx":7},{"addr":140736623083887,"idx":8},{"addr":140700308678045,"idx":9},{"addr":140736881194535,"idx":10},{"addr":140736897083607,"idx":11},{"addr":140736916996940,"idx":12}],,,,,,,,,,,,,,,,,,,12288,0,20964,,,,,,,,,,,,,,,,,,,,,,,,,,,,,,,,,,,,,,,,,,,,,,,,,,,,,,,,,,,,,,,,,,,,,,,,,,,,,,,,,,,,,,,,,,,,,,,,,,,
"2025-09-02 15:13:19.7759025Z","ETW","Microsoft-Windows-Kernel-Audit-API-Calls",5,"Info ",2544,2728,"svchost.exe",,,,,,,,,,,,,,,,[{"addr":140736918203764,"idx":0},{"addr":140736872731894,"idx":1},{"addr":140736622856715,"idx":2},{"addr":140736622856183,"idx":3},{"addr":140736622856028,"idx":4},{"addr":140736622853104,"idx":5},{"addr":140736622845570,"idx":6},{"addr":140736622854089,"idx":7},{"addr":140736622877268,"idx":8},{"addr":140736623007058,"idx":9},{"addr":140736623083887,"idx":10},{"addr":140700308678045,"idx":11},{"addr":140736881194535,"idx":12},{"addr":140736897083607,"idx":13},{"addr":140736916996940,"idx":14}],,,,,,,,,,,,,,,,,,,12288,0,10596,,,,,,,,,,,,,,,,,,,,,,,,,,,,,,,,,,,,,,,,,,,,,,,,,,,,,,,,,,,,,,,,,,,,,,,,,,,,,,,,,,,,,,,,,,,,,,,,,,,
"2025-09-02 15:13:19.7759118Z","ETW","Microsoft-Windows-Kernel-Audit-API-Calls",5,"Info ",2544,2728,"svchost.exe",,,,,,,,,,,,,,,,[{"addr":140736918203764,"idx":0},{"addr":140736872731894,"idx":1},{"addr":140736622856004,"idx":2},{"addr":140736622853104,"idx":3},{"addr":140736622845570,"idx":4},{"addr":140736622854089,"idx":5},{"addr":140736622877268,"idx":6},{"addr":140736623007058,"idx":7},{"addr":140736623083887,"idx":8},{"addr":140700308678045,"idx":9},{"addr":140736881194535,"idx":10},{"addr":140736897083607,"idx":11},{"addr":140736916996940,"idx":12}],,,,,,,,,,,,,,,,,,,12288,0,22412,,,,,,,,,,,,,,,,,,,,,,,,,,,,,,,,,,,,,,,,,,,,,,,,,,,,,,,,,,,,,,,,,,,,,,,,,,,,,,,,,,,,,,,,,,,,,,,,,,,
"2025-09-02 15:13:19.7759149Z","ETW","Microsoft-Windows-Kernel-Audit-API-Calls",5,"Info ",2544,2728,"svchost.exe",,,,,,,,,,,,,,,,[{"addr":140736918203764,"idx":0},{"addr":140736872731894,"idx":1},{"addr":140736622856715,"idx":2},{"addr":140736622856183,"idx":3},{"addr":140736622856028,"idx":4},{"addr":140736622853104,"idx":5},{"addr":140736622845570,"idx":6},{"addr":140736622854089,"idx":7},{"addr":140736622877268,"idx":8},{"addr":140736623007058,"idx":9},{"addr":140736623083887,"idx":10},{"addr":140700308678045,"idx":11},{"addr":140736881194535,"idx":12},{"addr":140736897083607,"idx":13},{"addr":140736916996940,"idx":14}],,,,,,,,,,,,,,,,,,,12288,0,10596,,,,,,,,,,,,,,,,,,,,,,,,,,,,,,,,,,,,,,,,,,,,,,,,,,,,,,,,,,,,,,,,,,,,,,,,,,,,,,,,,,,,,,,,,,,,,,,,,,,
"2025-09-02 15:13:19.7759256Z","ETW","Microsoft-Windows-Kernel-Audit-API-Calls",5,"Info ",2544,2728,"svchost.exe",,,,,,,,,,,,,,,,[{"addr":140736918203764,"idx":0},{"addr":140736872731894,"idx":1},{"addr":140736622856004,"idx":2},{"addr":140736622853104,"idx":3},{"addr":140736622845570,"idx":4},{"addr":140736622854089,"idx":5},{"addr":140736622877268,"idx":6},{"addr":140736623007058,"idx":7},{"addr":140736623083887,"idx":8},{"addr":140700308678045,"idx":9},{"addr":140736881194535,"idx":10},{"addr":140736897083607,"idx":11},{"addr":140736916996940,"idx":12}],,,,,,,,,,,,,,,,,,,12288,0,14228,,,,,,,,,,,,,,,,,,,,,,,,,,,,,,,,,,,,,,,,,,,,,,,,,,,,,,,,,,,,,,,,,,,,,,,,,,,,,,,,,,,,,,,,,,,,,,,,,,,
"2025-09-02 15:13:19.7759287Z","ETW","Microsoft-Windows-Kernel-Audit-API-Calls",5,"Info ",2544,2728,"svchost.exe",,,,,,,,,,,,,,,,[{"addr":140736918203764,"idx":0},{"addr":140736872731894,"idx":1},{"addr":140736622856715,"idx":2},{"addr":140736622856183,"idx":3},{"addr":140736622856028,"idx":4},{"addr":140736622853104,"idx":5},{"addr":140736622845570,"idx":6},{"addr":140736622854089,"idx":7},{"addr":140736622877268,"idx":8},{"addr":140736623007058,"idx":9},{"addr":140736623083887,"idx":10},{"addr":140700308678045,"idx":11},{"addr":140736881194535,"idx":12},{"addr":140736897083607,"idx":13},{"addr":140736916996940,"idx":14}],,,,,,,,,,,,,,,,,,,12288,0,10596,,,,,,,,,,,,,,,,,,,,,,,,,,,,,,,,,,,,,,,,,,,,,,,,,,,,,,,,,,,,,,,,,,,,,,,,,,,,,,,,,,,,,,,,,,,,,,,,,,,
"2025-09-02 15:13:19.7759321Z","ETW","Microsoft-Windows-Kernel-Audit-API-Calls",5,"Info ",2544,2728,"svchost.exe",,,,,,,,,,,,,,,,[{"addr":140736918203764,"idx":0},{"addr":140736872731894,"idx":1},{"addr":140736622856715,"idx":2},{"addr":140736622856183,"idx":3},{"addr":140736622856028,"idx":4},{"addr":140736622853104,"idx":5},{"addr":140736622845570,"idx":6},{"addr":140736622854089,"idx":7},{"addr":140736622877268,"idx":8},{"addr":140736623007058,"idx":9},{"addr":140736623083887,"idx":10},{"addr":140700308678045,"idx":11},{"addr":140736881194535,"idx":12},{"addr":140736897083607,"idx":13},{"addr":140736916996940,"idx":14}],,,,,,,,,,,,,,,,,,,12288,0,3640,,,,,,,,,,,,,,,,,,,,,,,,,,,,,,,,,,,,,,,,,,,,,,,,,,,,,,,,,,,,,,,,,,,,,,,,,,,,,,,,,,,,,,,,,,,,,,,,,,,
"2025-09-02 15:13:19.7759362Z","ETW","Microsoft-Windows-Kernel-Audit-API-Calls",5,"Info ",2544,2728,"svchost.exe",,,,,,,,,,,,,,,,[{"addr":140736918203764,"idx":0},{"addr":140736872731894,"idx":1},{"addr":140736622856004,"idx":2},{"addr":140736622853104,"idx":3},{"addr":140736622845570,"idx":4},{"addr":140736622854089,"idx":5},{"addr":140736622877268,"idx":6},{"addr":140736623007058,"idx":7},{"addr":140736623083887,"idx":8},{"addr":140700308678045,"idx":9},{"addr":140736881194535,"idx":10},{"addr":140736897083607,"idx":11},{"addr":140736916996940,"idx":12}],,,,,,,,,,,,,,,,,,,12288,0,15112,,,,,,,,,,,,,,,,,,,,,,,,,,,,,,,,,,,,,,,,,,,,,,,,,,,,,,,,,,,,,,,,,,,,,,,,,,,,,,,,,,,,,,,,,,,,,,,,,,,
"2025-09-02 15:13:19.7759393Z","ETW","Microsoft-Windows-Kernel-Audit-API-Calls",5,"Info ",2544,2728,"svchost.exe",,,,,,,,,,,,,,,,[{"addr":140736918203764,"idx":0},{"addr":140736872731894,"idx":1},{"addr":140736622856715,"idx":2},{"addr":140736622856183,"idx":3},{"addr":140736622856028,"idx":4},{"addr":140736622853104,"idx":5},{"addr":140736622845570,"idx":6},{"addr":140736622854089,"idx":7},{"addr":140736622877268,"idx":8},{"addr":140736623007058,"idx":9},{"addr":140736623083887,"idx":10},{"addr":140700308678045,"idx":11},{"addr":140736881194535,"idx":12},{"addr":140736897083607,"idx":13},{"addr":140736916996940,"idx":14}],,,,,,,,,,,,,,,,,,,12288,0,3640,,,,,,,,,,,,,,,,,,,,,,,,,,,,,,,,,,,,,,,,,,,,,,,,,,,,,,,,,,,,,,,,,,,,,,,,,,,,,,,,,,,,,,,,,,,,,,,,,,,
"2025-09-02 15:13:19.7759427Z","ETW","Microsoft-Windows-Kernel-Audit-API-Calls",5,"Info ",2544,2728,"svchost.exe",,,,,,,,,,,,,,,,[{"addr":140736918203764,"idx":0},{"addr":140736872731894,"idx":1},{"addr":140736622856715,"idx":2},{"addr":140736622856183,"idx":3},{"addr":140736622856028,"idx":4},{"addr":140736622853104,"idx":5},{"addr":140736622845570,"idx":6},{"addr":140736622854089,"idx":7},{"addr":140736622877268,"idx":8},{"addr":140736623007058,"idx":9},{"addr":140736623083887,"idx":10},{"addr":140700308678045,"idx":11},{"addr":140736881194535,"idx":12},{"addr":140736897083607,"idx":13},{"addr":140736916996940,"idx":14}],,,,,,,,,,,,,,,,,,,12288,0,10596,,,,,,,,,,,,,,,,,,,,,,,,,,,,,,,,,,,,,,,,,,,,,,,,,,,,,,,,,,,,,,,,,,,,,,,,,,,,,,,,,,,,,,,,,,,,,,,,,,,
"2025-09-02 15:13:19.7759506Z","ETW","Microsoft-Windows-Kernel-Audit-API-Calls",5,"Info ",2544,2728,"svchost.exe",,,,,,,,,,,,,,,,[{"addr":140736918203764,"idx":0},{"addr":140736872731894,"idx":1},{"addr":140736622856004,"idx":2},{"addr":140736622853104,"idx":3},{"addr":140736622845570,"idx":4},{"addr":140736622854089,"idx":5},{"addr":140736622877268,"idx":6},{"addr":140736623007058,"idx":7},{"addr":140736623083887,"idx":8},{"addr":140700308678045,"idx":9},{"addr":140736881194535,"idx":10},{"addr":140736897083607,"idx":11},{"addr":140736916996940,"idx":12}],,,,,,,,,,,,,,,,,,,12288,0,17068,,,,,,,,,,,,,,,,,,,,,,,,,,,,,,,,,,,,,,,,,,,,,,,,,,,,,,,,,,,,,,,,,,,,,,,,,,,,,,,,,,,,,,,,,,,,,,,,,,,
"2025-09-02 15:13:19.7759537Z","ETW","Microsoft-Windows-Kernel-Audit-API-Calls",5,"Info ",2544,2728,"svchost.exe",,,,,,,,,,,,,,,,[{"addr":140736918203764,"idx":0},{"addr":140736872731894,"idx":1},{"addr":140736622856715,"idx":2},{"addr":140736622856183,"idx":3},{"addr":140736622856028,"idx":4},{"addr":140736622853104,"idx":5},{"addr":140736622845570,"idx":6},{"addr":140736622854089,"idx":7},{"addr":140736622877268,"idx":8},{"addr":140736623007058,"idx":9},{"addr":140736623083887,"idx":10},{"addr":140700308678045,"idx":11},{"addr":140736881194535,"idx":12},{"addr":140736897083607,"idx":13},{"addr":140736916996940,"idx":14}],,,,,,,,,,,,,,,,,,,12288,0,10596,,,,,,,,,,,,,,,,,,,,,,,,,,,,,,,,,,,,,,,,,,,,,,,,,,,,,,,,,,,,,,,,,,,,,,,,,,,,,,,,,,,,,,,,,,,,,,,,,,,
"2025-09-02 15:13:19.8156963Z","ETW","Microsoft-Windows-Kernel-Process",4,"ThreadStopStop ",6424,15988,"svchost.exe",,,,,,,,,,,,,,,,[],,,,,,,,245860,6424,18446639081553690624,18446639081553666048,140736917348896,0,36659867648,15988,36657561600,36657528832,140736917348896,,,,,,,,,,,,,,,,,,,,,,,,,,,,,,,,,,,,,,,,,,,,,,,,,,,,,,,,,,,,,,,,,,,,,,,,,,,,,,,,,,,,,,,,,,,,,,,,,,,,,,
"2025-09-02 15:13:20.0837447Z","ETW","Microsoft-Windows-Kernel-Process",4,"ThreadStopStop ",7024,18420,"msedgewebview2.exe",,,,,,,,,,,,,,,,[],,,,,,,,1170400,7024,18446639081662226432,18446639081662201856,140736917348896,0,755922608128,18420,755939409920,755939401728,140736917348896,,,,,,,,,,,,,,,,,,,,,,,,,,,,,,,,,,,,,,,,,,,,,,,,,,,,,,,,,,,,,,,,,,,,,,,,,,,,,,,,,,,,,,,,,,,,,,,,,,,,,,
"2025-09-02 15:13:20.3845264Z","Custom","Injector-Attack",13337,"[<] Before writing shellcode to process",16284,,"attack.exe",,,,,,,,,,,,,,,,,,,,,,,,,,,,,,,,,,,,,,,,,,,,,,,,,,,,,,,,,,,,,,,,,,,,,,,,,,,,,,,,,,,,,,,,,,,,,,,,,,,,,,,,,,,,,,,,,,,,,,,,,,,,,,,,,,,,,,,,
"2025-09-02 15:13:20.3847314Z","Custom","Injector-Attack",13337,"[>]  After writing shellcode to process, at: 0000025BD8E60000",16284,,"attack.exe",,,,,,,,,,,,,,,,,,,,,,,,,,,,,,,,,,,,,,,,,,,,,,,,,,,,,,,,,,,,,,,,,,,,,,,,,,,,,,,,,,,,,,,,,,,,,,,,,,,,,,,,,,,,,,,,,,,,,,,,,,,,,,,,,,,,,,,,
"2025-09-02 15:13:20.4797360Z","ETW","Microsoft-Windows-Kernel-Audit-API-Calls",5,"Info ",15112,14224,"Notepad.exe",,,,,,,,,,,,,,,,[{"addr":140736918203764,"idx":0},{"addr":140736872731894,"idx":1},{"addr":140696713910886,"idx":2},{"addr":140696713438613,"idx":3},{"addr":140696713578534,"idx":4},{"addr":140696714194754,"idx":5},{"addr":140736897083607,"idx":6},{"addr":140736916996940,"idx":7}],,,,,,,,,,,,,,,,,,,4096,0,17068,,,,,,,,,,,,,,,,,,,,,,,,,,,,,,,,,,,,,,,,,,,,,,,,,,,,,,,,,,,,,,,,,,,,,,,,,,,,,,,,,,,,,,,,,,,,,,,,,,,
"2025-09-02 15:13:20.5154792Z","ETW","Microsoft-Windows-Kernel-Audit-API-Calls",5,"Info ",1076,2148,"svchost.exe",,,,,,,,,,,,,,,,[{"addr":140736918203764,"idx":0},{"addr":140736872733451,"idx":1},{"addr":140736825967890,"idx":2},{"addr":140736882620003,"idx":3},{"addr":140736882628366,"idx":4},{"addr":140736882319852,"idx":5},{"addr":140736882311415,"idx":6},{"addr":140736882088628,"idx":7},{"addr":140736882092744,"idx":8},{"addr":140736882015316,"idx":9},{"addr":140736882081820,"idx":10},{"addr":140736882106396,"idx":11},{"addr":140736882102691,"idx":12},{"addr":140736882098504,"idx":13},{"addr":140736917358174,"idx":14},{"addr":140736917350275,"idx":15},{"addr":140736897083607,"idx":16},{"addr":140736916996940,"idx":17}],,,,,,,,,,,,,,,,,,,4096,0,2364,,,,,,,,,,,,,,,,,,,,,,,,,,,,,,,,,,,,,,,,,,,,,,,,,,,,,,,,,,,,,,,,,,,,,,,,,,,,,,,,,,,,,,,,,,,,,,,,,,,
"2025-09-02 15:13:20.5159243Z","ETW","Microsoft-Windows-Kernel-Audit-API-Calls",5,"Info ",1076,2148,"svchost.exe",,,,,,,,,,,,,,,,[{"addr":140736918203764,"idx":0},{"addr":140736872733451,"idx":1},{"addr":140736825967890,"idx":2},{"addr":140736882620003,"idx":3},{"addr":140736882628366,"idx":4},{"addr":140736882319852,"idx":5},{"addr":140736882311415,"idx":6},{"addr":140736882088628,"idx":7},{"addr":140736882092744,"idx":8},{"addr":140736882015316,"idx":9},{"addr":140736882081820,"idx":10},{"addr":140736882106396,"idx":11},{"addr":140736882102691,"idx":12},{"addr":140736882098504,"idx":13},{"addr":140736917358174,"idx":14},{"addr":140736917350275,"idx":15},{"addr":140736897083607,"idx":16},{"addr":140736916996940,"idx":17}],,,,,,,,,,,,,,,,,,,4096,0,2364,,,,,,,,,,,,,,,,,,,,,,,,,,,,,,,,,,,,,,,,,,,,,,,,,,,,,,,,,,,,,,,,,,,,,,,,,,,,,,,,,,,,,,,,,,,,,,,,,,,
"2025-09-02 15:13:20.5169408Z","ETW","Microsoft-Windows-Kernel-Process",3,"ThreadStartStart ",8480,8528,"VBoxTray.exe",,,,,,,,,,,,,,,,[{"addr":140736918208964,"idx":0},{"addr":140736872776761,"idx":1},{"addr":140736897102141,"idx":2},{"addr":140700739562943,"idx":3},{"addr":140700738743563,"idx":4},{"addr":140700738708092,"idx":5},{"addr":140700738524437,"idx":6},{"addr":140700738525031,"idx":7},{"addr":140700738460456,"idx":8},{"addr":140700738707791,"idx":9},{"addr":140700738743372,"idx":10},{"addr":140700739562611,"idx":11},{"addr":140700739562759,"idx":12},{"addr":140736897083607,"idx":13},{"addr":140736916996940,"idx":14}],,,,,,,,,8480,18446639081662226432,18446639081662201856,140700739562632,0,10747904,3820,16318464,16314368,140700739562632,,,,,,,,,,,,,,,,,,,,,,,,,,,,,,,,,,,,,,,,,,,,,,,,,,,,,,,,,,,,,,,,,,,,,,,,,,,,,,,,,,,,,,,,,,,,,,,,,,,,,,
"2025-09-02 15:13:20.5171751Z","ETW","Microsoft-Windows-Kernel-Process",4,"ThreadStopStop ",8480,3820,"VBoxTray.exe",,,,,,,,,,,,,,,,[],,,,,,,,408880,8480,18446639081662226432,18446639081662201856,140700739562632,0,10747904,3820,16318464,16310272,140700739562632,,,,,,,,,,,,,,,,,,,,,,,,,,,,,,,,,,,,,,,,,,,,,,,,,,,,,,,,,,,,,,,,,,,,,,,,,,,,,,,,,,,,,,,,,,,,,,,,,,,,,,
"2025-09-02 15:13:20.6222135Z","ETW","Microsoft-Windows-Kernel-Process",4,"ThreadStopStop ",504,9212,"PerfWatson2.exe",,,,,,,,,,,,,,,,[],,,,,,,,996740,504,18446639081561305088,18446639081561280512,140735664156336,0,264449261568,9212,264476295168,264476278784,140735664156336,,,,,,,,,,,,,,,,,,,,,,,,,,,,,,,,,,,,,,,,,,,,,,,,,,,,,,,,,,,,,,,,,,,,,,,,,,,,,,,,,,,,,,,,,,,,,,,,,,,,,,
"2025-09-02 15:13:20.6537651Z","ETW","Microsoft-Windows-Kernel-Audit-API-Calls",5,"Info ",10464,22004,"copilot-language-server.exe",,,,,,,,,,,,,,,,[{"addr":140736918203764,"idx":0},{"addr":140736872731894,"idx":1},{"addr":140702698444584,"idx":2},{"addr":140702697018348,"idx":3},{"addr":140701097580744,"idx":4},{"addr":140700568323904,"idx":5},{"addr":140700568316064,"idx":6},{"addr":140700566090877,"idx":7},{"addr":140702708515008,"idx":8},{"addr":140702708513979,"idx":9},{"addr":140702707157057,"idx":10},{"addr":140702707155187,"idx":11},{"addr":140702708266044,"idx":12},{"addr":140702698065041,"idx":13},{"addr":140702698537495,"idx":14},{"addr":140702698522991,"idx":15},{"addr":140702698328165,"idx":16},{"addr":140702697182954,"idx":17},{"addr":140702697791677,"idx":18},{"addr":140702697787118,"idx":19},{"addr":140702695670984,"idx":20},{"addr":140702717007636,"idx":21},{"addr":140736897083607,"idx":22},{"addr":140736916996940,"idx":23}],,,,,,,,,,,,,,,,,,,1025,0,10596,,,,,,,,,,,,,,,,,,,,,,,,,,,,,,,,,,,,,,,,,,,,,,,,,,,,,,,,,,,,,,,,,,,,,,,,,,,,,,,,,,,,,,,,,,,,,,,,,,,
"2025-09-02 15:13:20.7164782Z","ETW","Microsoft-Windows-Kernel-Process",3,"ThreadStartStart ",4,72,"System",,,,,,,,,,,,,,,,[],,,,,,,,,9012,18446639081662226432,18446639081662201856,140736917348896,0,276774617088,7224,276773273600,276773240832,140736917348896,,,,,,,,,,,,,,,,,,,,,,,,,,,,,,,,,,,,,,,,,,,,,,,,,,,,,,,,,,,,,,,,,,,,,,,,,,,,,,,,,,,,,,,,,,,,,,,,,,,,,,
"2025-09-02 15:13:20.8112460Z","ETW","Microsoft-Windows-Kernel-Process",4,"ThreadStopStop ",10596,12428,"devenv.exe",,,,,,,,,,,,,,,,[],,,,,,,,8249800,10596,18446639081639178240,18446639081639153664,140736917348896,0,831467069440,12428,831469649920,831469641728,140736917348896,,,,,,,,,,,,,,,,,,,,,,,,,,,,,,,,,,,,,,,,,,,,,,,,,,,,,,,,,,,,,,,,,,,,,,,,,,,,,,,,,,,,,,,,,,,,,,,,,,,,,,
"2025-09-02 15:13:20.8267531Z","ETW","Microsoft-Windows-Kernel-Process",3,"ThreadStartStart ",4,72,"System",,,,,,,,,,,,,,,,[],,,,,,,,,6424,18446639081639178240,18446639081639153664,140736917348896,0,36659875840,13212,36657561600,36657528832,140736917348896,,,,,,,,,,,,,,,,,,,,,,,,,,,,,,,,,,,,,,,,,,,,,,,,,,,,,,,,,,,,,,,,,,,,,,,,,,,,,,,,,,,,,,,,,,,,,,,,,,,,,,
"2025-09-02 15:13:20.9225384Z","ETW","Microsoft-Windows-Kernel-Audit-API-Calls",6,"Info ",1912,8,"MsMpEng.exe",,,,,,,,,,,,,,,,[{"addr":140736918212548,"idx":0},{"addr":140736872857142,"idx":1},{"addr":140736738243895,"idx":2},{"addr":140736738242452,"idx":3},{"addr":140736657604428,"idx":4},{"addr":140736657598535,"idx":5},{"addr":140736657597146,"idx":6},{"addr":140736658259206,"idx":7},{"addr":140736657749938,"idx":8},{"addr":140736657909615,"idx":9},{"addr":140736658079503,"idx":10},{"addr":140736897083607,"idx":11},{"addr":140736916996940,"idx":12}],,,,,,,,,,,,,,,,,,,2097151,0,1912,8,,,,,,,,,,,,,,,,,,,,,,,,,,,,,,,,,,,,,,,,,,,,,,,,,,,,,,,,,,,,,,,,,,,,,,,,,,,,,,,,,,,,,,,,,,,,,,,,,,
"2025-09-02 15:13:20.9265058Z","ETW","Microsoft-Windows-Kernel-File",30,"CreateNewFileInfo ",2544,2728,"svchost.exe",,,,"C:\Windows\Prefetch\EXPLORER.EXE-03C49D11.pf",,,,,,,,,,,,[{"addr":140736918205268,"idx":0},{"addr":140736872716567,"idx":1},{"addr":140736872407957,"idx":2},{"addr":140736622686411,"idx":3},{"addr":140736622799555,"idx":4},{"addr":140736622805526,"idx":5},{"addr":140736622878872,"idx":6},{"addr":140736622877246,"idx":7},{"addr":140736623007058,"idx":8},{"addr":140736623083887,"idx":9},{"addr":140700308678045,"idx":10},{"addr":140736881194535,"idx":11},{"addr":140736897083607,"idx":12},{"addr":140736916996940,"idx":13}],0,83886176,18446660010885424272,18446660011071477272,2728,0,,,,,,,,,,,,,,,,,,,,,,,,,,,,,,,,,,,,,,,,,,,,,,,,,,,,,,,,,,,,,,,,,,,,,,,,,,,,,,,,,,,,,,,,,,,,,,,,,,,,,,,,,,,,,,,,,,
"2025-09-02 15:13:20.9266972Z","ETW","Microsoft-Windows-Kernel-Audit-API-Calls",6,"Info ",1912,8,"MsMpEng.exe",,,,,,,,,,,,,,,,[{"addr":140736918212548,"idx":0},{"addr":140736872857142,"idx":1},{"addr":140736738243895,"idx":2},{"addr":140736738242452,"idx":3},{"addr":140736657604428,"idx":4},{"addr":140736657598535,"idx":5},{"addr":140736657597146,"idx":6},{"addr":140736658259206,"idx":7},{"addr":140736657749938,"idx":8},{"addr":140736657909615,"idx":9},{"addr":140736658079503,"idx":10},{"addr":140736897083607,"idx":11},{"addr":140736916996940,"idx":12}],,,,,,,,,,,,,,,,,,,2097151,0,1912,8,,,,,,,,,,,,,,,,,,,,,,,,,,,,,,,,,,,,,,,,,,,,,,,,,,,,,,,,,,,,,,,,,,,,,,,,,,,,,,,,,,,,,,,,,,,,,,,,,,
"2025-09-02 15:13:21.0965925Z","ETW","Microsoft-Windows-Kernel-Process",3,"ThreadStartStart ",4,72,"System",,,,,,,,,,,,,,,,[],,,,,,,,,7024,18446639081662169088,18446639081662144512,140736917348896,0,755920551936,13300,755939409920,755939405824,140736917348896,,,,,,,,,,,,,,,,,,,,,,,,,,,,,,,,,,,,,,,,,,,,,,,,,,,,,,,,,,,,,,,,,,,,,,,,,,,,,,,,,,,,,,,,,,,,,,,,,,,,,,
"2025-09-02 15:13:21.1450216Z","ETW","Microsoft-Windows-Kernel-Audit-API-Calls",6,"Info ",1912,8,"MsMpEng.exe",,,,,,,,,,,,,,,,[{"addr":140736918212548,"idx":0},{"addr":140736872857142,"idx":1},{"addr":140736738243895,"idx":2},{"addr":140736738242452,"idx":3},{"addr":140736657604428,"idx":4},{"addr":140736657598535,"idx":5},{"addr":140736657597146,"idx":6},{"addr":140736658259206,"idx":7},{"addr":140736657749938,"idx":8},{"addr":140736657909615,"idx":9},{"addr":140736658079503,"idx":10},{"addr":140736897083607,"idx":11},{"addr":140736916996940,"idx":12}],,,,,,,,,,,,,,,,,,,2097151,0,1912,8,,,,,,,,,,,,,,,,,,,,,,,,,,,,,,,,,,,,,,,,,,,,,,,,,,,,,,,,,,,,,,,,,,,,,,,,,,,,,,,,,,,,,,,,,,,,,,,,,,
"2025-09-02 15:13:21.1461656Z","ETW","Microsoft-Windows-Kernel-File",30,"CreateNewFileInfo ",2544,2728,"svchost.exe",,,,"C:\Windows\Prefetch\ATTACK.EXE-3D92D789.pf",,,,,,,,,,,,[{"addr":140736918205268,"idx":0},{"addr":140736872716567,"idx":1},{"addr":140736872407957,"idx":2},{"addr":140736622686411,"idx":3},{"addr":140736622799555,"idx":4},{"addr":140736622805526,"idx":5},{"addr":140736622878872,"idx":6},{"addr":140736622877246,"idx":7},{"addr":140736623007058,"idx":8},{"addr":140736623083887,"idx":9},{"addr":140700308678045,"idx":10},{"addr":140736881194535,"idx":11},{"addr":140736897083607,"idx":12},{"addr":140736916996940,"idx":13}],0,83886176,18446660010885307472,18446660011071477272,2728,0,,,,,,,,,,,,,,,,,,,,,,,,,,,,,,,,,,,,,,,,,,,,,,,,,,,,,,,,,,,,,,,,,,,,,,,,,,,,,,,,,,,,,,,,,,,,,,,,,,,,,,,,,,,,,,,,,,
"2025-09-02 15:13:21.1463452Z","ETW","Microsoft-Windows-Kernel-Audit-API-Calls",6,"Info ",1912,8,"MsMpEng.exe",,,,,,,,,,,,,,,,[{"addr":140736918212548,"idx":0},{"addr":140736872857142,"idx":1},{"addr":140736738243895,"idx":2},{"addr":140736738242452,"idx":3},{"addr":140736657604428,"idx":4},{"addr":140736657598535,"idx":5},{"addr":140736657597146,"idx":6},{"addr":140736658259206,"idx":7},{"addr":140736657749938,"idx":8},{"addr":140736657909615,"idx":9},{"addr":140736658079503,"idx":10},{"addr":140736897083607,"idx":11},{"addr":140736916996940,"idx":12}],,,,,,,,,,,,,,,,,,,2097151,0,1912,8,,,,,,,,,,,,,,,,,,,,,,,,,,,,,,,,,,,,,,,,,,,,,,,,,,,,,,,,,,,,,,,,,,,,,,,,,,,,,,,,,,,,,,,,,,,,,,,,,,
"2025-09-02 15:13:21.1768487Z","ETW","Microsoft-Windows-Kernel-Audit-API-Calls",6,"Info ",1912,8,"MsMpEng.exe",,,,,,,,,,,,,,,,[{"addr":140736918212548,"idx":0},{"addr":140736872857142,"idx":1},{"addr":140736738243895,"idx":2},{"addr":140736738242452,"idx":3},{"addr":140736657604428,"idx":4},{"addr":140736657598535,"idx":5},{"addr":140736657597146,"idx":6},{"addr":140736658259206,"idx":7},{"addr":140736657749938,"idx":8},{"addr":140736657909615,"idx":9},{"addr":140736658079503,"idx":10},{"addr":140736897083607,"idx":11},{"addr":140736916996940,"idx":12}],,,,,,,,,,,,,,,,,,,2097151,0,1912,8,,,,,,,,,,,,,,,,,,,,,,,,,,,,,,,,,,,,,,,,,,,,,,,,,,,,,,,,,,,,,,,,,,,,,,,,,,,,,,,,,,,,,,,,,,,,,,,,,,
"2025-09-02 15:13:21.1784071Z","ETW","Microsoft-Windows-Kernel-File",30,"CreateNewFileInfo ",2544,2728,"svchost.exe",,,,"C:\Windows\Prefetch\OPENCONSOLE.EXE-0611C291.pf",,,,,,,,,,,,[{"addr":140736918205268,"idx":0},{"addr":140736872716567,"idx":1},{"addr":140736872407957,"idx":2},{"addr":140736622686411,"idx":3},{"addr":140736622799555,"idx":4},{"addr":140736622805526,"idx":5},{"addr":140736622878872,"idx":6},{"addr":140736622877246,"idx":7},{"addr":140736623007058,"idx":8},{"addr":140736623083887,"idx":9},{"addr":140700308678045,"idx":10},{"addr":140736881194535,"idx":11},{"addr":140736897083607,"idx":12},{"addr":140736916996940,"idx":13}],0,83886176,18446660010885490272,18446660011071477272,2728,0,,,,,,,,,,,,,,,,,,,,,,,,,,,,,,,,,,,,,,,,,,,,,,,,,,,,,,,,,,,,,,,,,,,,,,,,,,,,,,,,,,,,,,,,,,,,,,,,,,,,,,,,,,,,,,,,,,
"2025-09-02 15:13:21.1786001Z","ETW","Microsoft-Windows-Kernel-Audit-API-Calls",6,"Info ",1912,8,"MsMpEng.exe",,,,,,,,,,,,,,,,[{"addr":140736918212548,"idx":0},{"addr":140736872857142,"idx":1},{"addr":140736738243895,"idx":2},{"addr":140736738242452,"idx":3},{"addr":140736657604428,"idx":4},{"addr":140736657598535,"idx":5},{"addr":140736657597146,"idx":6},{"addr":140736658259206,"idx":7},{"addr":140736657749938,"idx":8},{"addr":140736657909615,"idx":9},{"addr":140736658079503,"idx":10},{"addr":140736897083607,"idx":11},{"addr":140736916996940,"idx":12}],,,,,,,,,,,,,,,,,,,2097151,0,1912,8,,,,,,,,,,,,,,,,,,,,,,,,,,,,,,,,,,,,,,,,,,,,,,,,,,,,,,,,,,,,,,,,,,,,,,,,,,,,,,,,,,,,,,,,,,,,,,,,,,
"2025-09-02 15:13:21.3664857Z","Custom","Injector-Attack",13337,"[<] Before changing memory protection to PAGE_EXECUTE_READ",16284,,"attack.exe",,,,,,,,,,,,,,,,,,,,,,,,,,,,,,,,,,,,,,,,,,,,,,,,,,,,,,,,,,,,,,,,,,,,,,,,,,,,,,,,,,,,,,,,,,,,,,,,,,,,,,,,,,,,,,,,,,,,,,,,,,,,,,,,,,,,,,,,
"2025-09-02 15:13:21.3667584Z","Custom","Injector-Attack",13337,"[>]  After changing memory protection to PAGE_EXECUTE_READ",16284,,"attack.exe",,,,,,,,,,,,,,,,,,,,,,,,,,,,,,,,,,,,,,,,,,,,,,,,,,,,,,,,,,,,,,,,,,,,,,,,,,,,,,,,,,,,,,,,,,,,,,,,,,,,,,,,,,,,,,,,,,,,,,,,,,,,,,,,,,,,,,,,
"2025-09-02 15:13:21.5092356Z","ETW","Microsoft-Windows-Kernel-Process",4,"ThreadStopStop ",504,16540,"PerfWatson2.exe",,,,,,,,,,,,,,,,[],,,,,,,,1526080,504,18446639081622007808,18446639081621983232,140736917348896,0,264450711552,16540,264463450112,264463433728,140736917348896,,,,,,,,,,,,,,,,,,,,,,,,,,,,,,,,,,,,,,,,,,,,,,,,,,,,,,,,,,,,,,,,,,,,,,,,,,,,,,,,,,,,,,,,,,,,,,,,,,,,,,
"2025-09-02 15:13:21.5092826Z","ETW","Microsoft-Windows-Kernel-Process",4,"ThreadStopStop ",504,836,"PerfWatson2.exe",,,,,,,,,,,,,,,,[],,,,,,,,868680,504,18446639081658355712,18446639081658331136,140736917348896,0,264449015808,836,264459255808,264459239424,140736917348896,,,,,,,,,,,,,,,,,,,,,,,,,,,,,,,,,,,,,,,,,,,,,,,,,,,,,,,,,,,,,,,,,,,,,,,,,,,,,,,,,,,,,,,,,,,,,,,,,,,,,,
"2025-09-02 15:13:21.5252321Z","ETW","Microsoft-Antimalware-Engine",60,"Behavior Monitoring BmEtw",16284,13536,"attack.exe",,,,,,,,,,,,,,,,[],,,,,,,,,,,,,,,,,,,,,,,,,,,,,,,,,,,,,,,,,,,,,,,,,,,,,,,,,,,,,,,,,,,,,,,,,,,,,,,,,,,,,,,,,,,,,,,,,,,,,"ThreatIntel",15,,,,,,,,,,,,,,,,,,
"2025-09-02 15:13:21.5259551Z","ETW","Microsoft-Antimalware-Engine",43,"ExpensiveOperationTaskExpensiveOperationBegin",1912,10404,"MsMpEng.exe",,,"BM VerifyIsFriendlyFile()","C:\Users\Public\Downloads\attack.exe",,,,,,,,,,,,[],,,,,,,,,,,,,,,,,,,,,,,,,,,,,,,,,,,,,,,,,,,,,,,,,,,,,3125000,,,,,,,,,,,,,,,,,,,,,,,,16284,true,,,,,,,,,,,,,,,,,,,,,,,,,,,,,,,,,,,,,,,,,,
"2025-09-02 15:13:21.5259567Z","ETW","Microsoft-Antimalware-Engine",43,"ExpensiveOperationTaskExpensiveOperationBegin",1912,10404,"MsMpEng.exe",,,"VerifyIsFriendlyFile(1)","C:\Users\Public\Downloads\attack.exe",,,,,,,,,,,,[],,,,,,,,,,,,,,,,,,,,,,,,,,,,,,,,,,,,,,,,,,,,,,,,,,,,,3125000,,,,,,,,,,,,,,,,,,,,,,,,16284,true,,,,,,,,,,,,,,,,,,,,,,,,,,,,,,,,,,,,,,,,,,
"2025-09-02 15:13:21.5260968Z","ETW","Microsoft-Antimalware-Engine",36,"Cache MOACLookup",1912,10404,"MsMpEng.exe",,,,"C:\Users\Public\Downloads\attack.exe",,"0x8002",,,,,,,,,,[],,,,,,,,,,,,,,,,,,,,,,,,,,,,,,,,,,,,,,,,,,,,,,,,,,,,,,1,56,624455,1968355096,"",0,,,,,,,,,,,,,,,,,,,,,,,,,,,,,,,,,,,,,,,,,,,,,,,,,,,,,,,,,,,,,
"2025-09-02 15:13:21.5261610Z","ETW","Microsoft-Antimalware-Engine",36,"Cache MOACLookup",1912,10404,"MsMpEng.exe",,,,"C:\Users\Public\Downloads\attack.exe",,"0x8002",,,,,,,,,,[],,,,,,,,,,,,,,,,,,,,,,,,,,,,,,,,,,,,,,,,,,,,,,,,,,,,,,2,56,624455,1968355096,"",0,,,,,,,,,,,,,,,,,,,,,,,,,,,,,,,,,,,,,,,,,,,,,,,,,,,,,,,,,,,,,
"2025-09-02 15:13:21.5262011Z","ETW","Microsoft-Antimalware-Engine",36,"Cache MOACLookup",1912,10404,"MsMpEng.exe",,,,"C:\Users\Public\Downloads\attack.exe",,"0x8002",,,,,,,,,,[],,,,,,,,,,,,,,,,,,,,,,,,,,,,,,,,,,,,,,,,,,,,,,,,,,,,,,128,56,624455,1968355096,"",0,,,,,,,,,,,,,,,,,,,,,,,,,,,,,,,,,,,,,,,,,,,,,,,,,,,,,,,,,,,,,
"2025-09-02 15:13:21.5262417Z","ETW","Microsoft-Antimalware-Engine",38,"Cache CacheLookup",1912,10404,"MsMpEng.exe",,,,"C:\Users\Public\Downloads\attack.exe",,"MISS",,,,,,,,,,[],,,,,,,,,,,,,,,,,,,,,,,,,,,,,,,,,,,,,,,,,,,,,,,,,,,,,,,,,,,,"USN Cache",,,,,,,,,,,,,,,,,,,,,,,,,,,,,,,,,,,,,,,,,,,,,,,,,,,,,,,,,,,,
"2025-09-02 15:13:21.5262937Z","ETW","Microsoft-Windows-Kernel-Audit-API-Calls",5,"Info ",1912,10404,"MsMpEng.exe",,,,,,,,,,,,,,,,[{"addr":140736918203764,"idx":0},{"addr":140736872733451,"idx":1},{"addr":140733813981883,"idx":2},{"addr":140733810693083,"idx":3},{"addr":140733809762746,"idx":4},{"addr":140733809762386,"idx":5},{"addr":140733809762035,"idx":6},{"addr":140733811201732,"idx":7},{"addr":140733810492569,"idx":8},{"addr":140733810486714,"idx":9},{"addr":140733810486301,"idx":10},{"addr":140733810417140,"idx":11},{"addr":140733810415802,"idx":12},{"addr":140733810413462,"idx":13},{"addr":140733810411633,"idx":14},{"addr":140733810411092,"idx":15},{"addr":140733815162932,"idx":16},{"addr":140733815162655,"idx":17},{"addr":140736917255712,"idx":18},{"addr":140736917350945,"idx":19},{"addr":140736897083607,"idx":20},{"addr":140736916996940,"idx":21}],,,,,,,,,,,,,,,,,,,4096,0,16284,,,,,,,,,,,,,,,,,,,,,,,,,,,,,,,,,,,,,,,,,,,,,,,,,,,,,,,,,,,,,,,,,,,,,,,,,,,,,,,,,,,,,,,,,,,,,,,,,,,
"2025-09-02 15:13:21.5264137Z","ETW","Microsoft-Windows-Kernel-Audit-API-Calls",5,"Info ",1076,2148,"svchost.exe",,,,,,,,,,,,,,,,[{"addr":140736918203764,"idx":0},{"addr":140736872733451,"idx":1},{"addr":140736825975970,"idx":2},{"addr":140736825975662,"idx":3},{"addr":140736882620003,"idx":4},{"addr":140736882628366,"idx":5},{"addr":140736882319852,"idx":6},{"addr":140736882311415,"idx":7},{"addr":140736882088628,"idx":8},{"addr":140736882092744,"idx":9},{"addr":140736882015316,"idx":10},{"addr":140736882081820,"idx":11},{"addr":140736882106396,"idx":12},{"addr":140736882102691,"idx":13},{"addr":140736882098504,"idx":14},{"addr":140736917358174,"idx":15},{"addr":140736917350275,"idx":16},{"addr":140736897083607,"idx":17},{"addr":140736916996940,"idx":18}],,,,,,,,,,,,,,,,,,,4096,0,1912,,,,,,,,,,,,,,,,,,,,,,,,,,,,,,,,,,,,,,,,,,,,,,,,,,,,,,,,,,,,,,,,,,,,,,,,,,,,,,,,,,,,,,,,,,,,,,,,,,,
"2025-09-02 15:13:21.5264257Z","ETW","Microsoft-Windows-Kernel-Audit-API-Calls",5,"Info ",1076,2148,"svchost.exe",,,,,,,,,,,,,,,,[{"addr":140736918203764,"idx":0},{"addr":140736872731894,"idx":1},{"addr":140736825941677,"idx":2},{"addr":140736825976196,"idx":3},{"addr":140736825975662,"idx":4},{"addr":140736882620003,"idx":5},{"addr":140736882628366,"idx":6},{"addr":140736882319852,"idx":7},{"addr":140736882311415,"idx":8},{"addr":140736882088628,"idx":9},{"addr":140736882092744,"idx":10},{"addr":140736882015316,"idx":11},{"addr":140736882081820,"idx":12},{"addr":140736882106396,"idx":13},{"addr":140736882102691,"idx":14},{"addr":140736882098504,"idx":15},{"addr":140736917358174,"idx":16},{"addr":140736917350275,"idx":17},{"addr":140736897083607,"idx":18},{"addr":140736916996940,"idx":19}],,,,,,,,,,,,,,,,,,,64,0,1076,,,,,,,,,,,,,,,,,,,,,,,,,,,,,,,,,,,,,,,,,,,,,,,,,,,,,,,,,,,,,,,,,,,,,,,,,,,,,,,,,,,,,,,,,,,,,,,,,,,
"2025-09-02 15:13:21.5265329Z","ETW","Microsoft-Antimalware-Engine",30,"UfsScanFileTaskStart ",1912,10404,"MsMpEng.exe",,,,"C:\Users\Public\Downloads\attack.exe",,,,,,,,,,,,[],,,,,,,,,,,,,,,,,,,,,,,,,,,,,,,,,,,,,,,,,,,,,,,,,,,,,3125000,,,,,,,,140733808574464,,,,,,,,,,,,,,,,,,,,,,,,,,,,,,,,,,,,,,,,,,,,,,,,,,,,,,,,,,,
"2025-09-02 15:13:21.5328789Z","ETW","Microsoft-Antimalware-Engine",31,"UfsScanFileTaskStop ",1912,10404,"MsMpEng.exe",,,,"C:\Users\Public\Downloads\attack.exe",,,,,,,,,,,,[],,,,,,,,,,,,,,,,,,,,,,,,,,,,,,,,,,,,,,,,,,,,,,,,,,,,,3281250,,,,,,,,140733808574464,,,,,,,,,,,,,,,,,,,,,,,,,,,,,,,,,,,,,,,,,,1784556060589,,,,,,,,,,,,,,,,,
"2025-09-02 15:13:21.5330431Z","ETW","Microsoft-Antimalware-Engine",35,"Cache MOACAdd",1912,10404,"MsMpEng.exe",,,,"C:\Users\Public\Downloads\attack.exe",,"0x0",,,,,,,,,,[],,,,,,,,,,,,,,,,,,,,,,,,,,,,,,,,,,,,,,,,,,,,,,,,,,,,,,128,55,624455,1968355096,"Unfriendly",0,,,,,,,,,,,,,,,,,,,,,,,,,,,,,,,,,,,,,,,,,,,,,,,,,,,,,,,,,,,,,
"2025-09-02 15:13:21.5330596Z","ETW","Microsoft-Antimalware-Engine",67,"ExpensiveOperationTaskExpensiveOperationEnd",1912,10404,"MsMpEng.exe",,,"VerifyIsFriendlyFile(1)","C:\Users\Public\Downloads\attack.exe",,,,,,,,,,,,[],,,,,,,,,,,,,,,,,,,,,,,,,,,,,,,,,,,,,,,,,,,,,,,,,,,,,3125000,,,,,,,,,,,,,,,,,,,,,,,,16284,false,15,15,,,,,,,,,,,,,,,,,,,,,,,,,,,,,,,,,,,,,,,,
"2025-09-02 15:13:21.5330603Z","ETW","Microsoft-Antimalware-Engine",67,"ExpensiveOperationTaskExpensiveOperationEnd",1912,10404,"MsMpEng.exe",,,"BM VerifyIsFriendlyFile()","C:\Users\Public\Downloads\attack.exe",,,,,,,,,,,,[],,,,,,,,,,,,,,,,,,,,,,,,,,,,,,,,,,,,,,,,,,,,,,,,,,,,,3125000,,,,,,,,,,,,,,,,,,,,,,,,16284,false,15,15,,,,,,,,,,,,,,,,,,,,,,,,,,,,,,,,,,,,,,,,
"2025-09-02 15:13:21.5330638Z","ETW","Microsoft-Antimalware-Engine",63,"Behavior Monitoring BmProcessTainting",1912,10404,"MsMpEng.exe",,,,"C:\Users\Public\Downloads\attack.exe",,,,,,,,,,,,[],,,,,,,,,,,,,,,,,,,,,,,,,,,,,,,,,,,,,,,,,,,,,,,,,,,,,,,,,,,,,,,,,,,,,,,,,,,,,,,,,,,,,,,,,,,,,,,,,,,,,,,,"C:\Program Files\WindowsApps\Microsoft.WindowsNotepad_11.2506.35.0_x64__8wekyb3d8bbwe\Notepad\Notepad.exe",8,,,,,,,,,,,,,,,
"2025-09-02 15:13:21.5330713Z","ETW","Microsoft-Antimalware-Engine",104,"Behavior Monitoring BmInternal",15112,10404,"Notepad.exe",,,,,,,,,,,,,,,,[],,,,,,,,,,,,,,,,,,,,,,,,,,,,,,,,,,,,,,,,,,,,,,,,,,,,,,,,,,,,,,,,,,,,,,,,,,20,"C:\Users\Public\Downloads\attack.exe","n/a",,,,,,,,,,,,,,,,,,,,,,,,,,,,,,,,,,,,,,,,,,,,
"2025-09-02 15:13:21.5331015Z","ETW","Microsoft-Antimalware-Engine",111,"Behavior Monitoring BmNotificationHandleStart",15112,13020,"Notepad.exe",,,,,,,,,,,,,,,,[],,,,,,,,,,,,,,,,,,,,,,,,,,,,,,,,,,,,,,,,,,,,,,,,,,,,,,,,,,,,,,,,,,,,,,,,,,,,,,,,,16470,0,0,,,,,,,,,,,,,,,,,,,,,,,,,,,,,,,,,,,,,
"2025-09-02 15:13:21.5331538Z","ETW","Microsoft-Antimalware-Engine",111,"Behavior Monitoring BmNotificationHandleStart",16284,10404,"attack.exe",,,,,,,,,,,,,,,,[],,,,,,,,,,,,,,,,,,,,,,,,,,,,,,,,,,,,,,,,,,,,,,,,,,,,,,,,,,,,,,,,,,,,,,,,,,,,,,,,,16430,3935954,0,,,,,,,,,,,,,,,,,,,,,,,,,,,,,,,,,,,,,
"2025-09-02 15:13:21.5332129Z","ETW","Microsoft-Antimalware-Engine",112,"Behavior Monitoring BmNotificationHandleStop",15112,13020,"Notepad.exe",,,,,,,,,,,,,,,,[],,,,,,,,,,,,,,,,,,,,,,,,,,,,,,,,,,,,,,,,,,,,,,,,,,,,,,,,,,,,,,,,,,,,,,,,,,,,,,,,,16470,0,0,false,false,0,,,,,,,,,,,,,,,,,,,,,,,,,,,,,,,,,,
"2025-09-02 15:13:21.5332454Z","ETW","Microsoft-Antimalware-Engine",112,"Behavior Monitoring BmNotificationHandleStop",16284,10404,"attack.exe",,,,,,,,,,,,,,,,[],,,,,,,,,,,,,,,,,,,,,,,,,,,,,,,,,,,,,,,,,,,,,,,,,,,,,,,,,,,,,,,,,,,,,,,,,,,,,,,,,16430,3935954,0,false,false,0,,,,,,,,,,,,,,,,,,,,,,,,,,,,,,,,,,
"2025-09-02 15:13:21.5332533Z","ETW","Microsoft-Antimalware-Engine",111,"Behavior Monitoring BmNotificationHandleStart",16284,10404,"attack.exe",,,,,,,,,,,,,,,,[],,,,,,,,,,,,,,,,,,,,,,,,,,,,,,,,,,,,,,,,,,,,,,,,,,,,,,,,,,,,,,,,,,,,,,,,,,,,,,,,,16522,3935954,0,,,,,,,,,,,,,,,,,,,,,,,,,,,,,,,,,,,,,
"2025-09-02 15:13:21.5334359Z","ETW","Microsoft-Antimalware-Engine",112,"Behavior Monitoring BmNotificationHandleStop",16284,10404,"attack.exe",,,,,,,,,,,,,,,,[],,,,,,,,,,,,,,,,,,,,,,,,,,,,,,,,,,,,,,,,,,,,,,,,,,,,,,,,,,,,,,,,,,,,,,,,,,,,,,,,,16522,3935954,0,false,true,0,,,,,,,,,,,,,,,,,,,,,,,,,,,,,,,,,,
"2025-09-02 15:13:21.8108702Z","ETW","Microsoft-Windows-Kernel-Process",4,"ThreadStopStop ",7252,21320,"msedgewebview2.exe",,,,,,,,,,,,,,,,[],,,,,,,,275500,7252,18446639081553833984,18446639081553809408,140736917348896,0,861700907008,21320,861736534016,861736529920,140736917348896,,,,,,,,,,,,,,,,,,,,,,,,,,,,,,,,,,,,,,,,,,,,,,,,,,,,,,,,,,,,,,,,,,,,,,,,,,,,,,,,,,,,,,,,,,,,,,,,,,,,,,
"2025-09-02 15:13:22.3497218Z","Custom","Injector-Attack",13337,"[<] Before creating remote thread",16284,,"attack.exe",,,,,,,,,,,,,,,,,,,,,,,,,,,,,,,,,,,,,,,,,,,,,,,,,,,,,,,,,,,,,,,,,,,,,,,,,,,,,,,,,,,,,,,,,,,,,,,,,,,,,,,,,,,,,,,,,,,,,,,,,,,,,,,,,,,,,,,,
"2025-09-02 15:13:22.3500519Z","ETW","Microsoft-Antimalware-Engine",53,"Behavior Monitoring BmOpenProcess",16284,3012,"attack.exe",,15112,,,,,,,,,,,,,,[],,,,,,,,,,,,,,,,,,,,,,,,,,,,,,,,,,,,,,,,,,,,,,,,,,,,,,,,,,,,,,,,,,,,,,,,5122,false,,,,,,,,,,,,,,,,,,,,,,,,,,,,,,,,,,,,,,,,,,,,,,,
"2025-09-02 15:13:22.3500593Z","ETW","Microsoft-Windows-Kernel-Process",3,"ThreadStartStart ",16284,14140,"attack.exe",,,,,,,,,,,,,,,,[{"addr":140736918208964,"idx":0},{"addr":140736872776761,"idx":1},{"addr":140736897166920,"idx":2},{"addr":140694710265834,"idx":3},{"addr":140694710272512,"idx":4},{"addr":140736897083607,"idx":5},{"addr":140736916996940,"idx":6}],,,,,,,,,15112,18446639081572909056,18446639081572884480,2593504231424,0,1062507950080,5500,1062513672192,1062513668096,2593504231424,,,,,,,,,,,,,,,,,,,,,,,,,,,,,,,,,,,,,,,,,,,,,,,,,,,,,,,,,,,,,,,,,,,,,,,,,,,,,,,,,,,,,,,,,,,,,,,,,,,,,,
"2025-09-02 15:13:22.3500793Z","Custom","Injector-Attack",13337,"[>]  After creating remote thread",16284,,"attack.exe",,,,,,,,,,,,,,,,,,,,,,,,,,,,,,,,,,,,,,,,,,,,,,,,,,,,,,,,,,,,,,,,,,,,,,,,,,,,,,,,,,,,,,,,,,,,,,,,,,,,,,,,,,,,,,,,,,,,,,,,,,,,,,,,,,,,,,,,
"2025-09-02 15:13:22.3501401Z","ETW","Microsoft-Antimalware-Engine",111,"Behavior Monitoring BmNotificationHandleStart",16284,3012,"attack.exe",,,,,,,,,,,,,,,,[],,,,,,,,,,,,,,,,,,,,,,,,,,,,,,,,,,,,,,,,,,,,,,,,,,,,,,,,,,,,,,,,,,,,,,,,,,,,,,,,,16427,3935958,0,,,,,,,,,,,,,,,,,,,,,,,,,,,,,,,,,,,,,
"2025-09-02 15:13:22.3501684Z","ETW","Microsoft-Antimalware-Engine",112,"Behavior Monitoring BmNotificationHandleStop",16284,3012,"attack.exe",,,,,,,,,,,,,,,,[],,,,,,,,,,,,,,,,,,,,,,,,,,,,,,,,,,,,,,,,,,,,,,,,,,,,,,,,,,,,,,,,,,,,,,,,,,,,,,,,,16427,3935958,0,false,false,0,,,,,,,,,,,,,,,,,,,,,,,,,,,,,,,,,,
"2025-09-02 15:13:22.3501778Z","ETW","Microsoft-Antimalware-Engine",29,"Behavior Monitoring BmRemoteThreadCreate",16284,13020,"attack.exe",,15112,,"C:\Program Files\WindowsApps\Microsoft.WindowsNotepad_11.2506.35.0_x64__8wekyb3d8bbwe\Notepad\Notepad.exe",,,,,,,,,,,,[],,,,,,,,,,,,,,,,,,,,,,,,,,,,,,,,,,,,,,,,,,,,,,,,,,,,,,,,,,,,,,,,,,,,,,,,,,,,,,,,,,,,,,,,,,,,,,,,,,,,,,,,,,5500,,,,,,,,,,,,,,
"2025-09-02 15:13:22.3502410Z","ETW","Microsoft-Antimalware-Engine",63,"Behavior Monitoring BmProcessTainting",1912,13020,"MsMpEng.exe",,,,"C:\Users\Public\Downloads\attack.exe",,,,,,,,,,,,[],,,,,,,,,,,,,,,,,,,,,,,,,,,,,,,,,,,,,,,,,,,,,,,,,,,,,,,,,,,,,,,,,,,,,,,,,,,,,,,,,,,,,,,,,,,,,,,,,,,,,,,,"C:\Program Files\WindowsApps\Microsoft.WindowsNotepad_11.2506.35.0_x64__8wekyb3d8bbwe\Notepad\Notepad.exe",2,,,,,,,,,,,,,,,
"2025-09-02 15:13:22.3502562Z","ETW","Microsoft-Antimalware-Engine",104,"Behavior Monitoring BmInternal",15112,13020,"Notepad.exe",,,,,,,,,,,,,,,,[],,,,,,,,,,,,,,,,,,,,,,,,,,,,,,,,,,,,,,,,,,,,,,,,,,,,,,,,,,,,,,,,,,,,,,,,,,20,"C:\Users\Public\Downloads\attack.exe","n/a",,,,,,,,,,,,,,,,,,,,,,,,,,,,,,,,,,,,,,,,,,,,
"2025-09-02 15:13:22.3502815Z","ETW","Microsoft-Antimalware-Engine",111,"Behavior Monitoring BmNotificationHandleStart",16284,13020,"attack.exe",,,,,,,,,,,,,,,,[],,,,,,,,,,,,,,,,,,,,,,,,,,,,,,,,,,,,,,,,,,,,,,,,,,,,,,,,,,,,,,,,,,,,,,,,,,,,,,,,,16398,3935959,0,,,,,,,,,,,,,,,,,,,,,,,,,,,,,,,,,,,,,
"2025-09-02 15:13:22.3502861Z","ETW","Microsoft-Antimalware-Engine",111,"Behavior Monitoring BmNotificationHandleStart",15112,3012,"Notepad.exe",,,,,,,,,,,,,,,,[],,,,,,,,,,,,,,,,,,,,,,,,,,,,,,,,,,,,,,,,,,,,,,,,,,,,,,,,,,,,,,,,,,,,,,,,,,,,,,,,,16470,0,0,,,,,,,,,,,,,,,,,,,,,,,,,,,,,,,,,,,,,
"2025-09-02 15:13:22.3504193Z","ETW","Microsoft-Antimalware-Engine",112,"Behavior Monitoring BmNotificationHandleStop",15112,3012,"Notepad.exe",,,,,,,,,,,,,,,,[],,,,,,,,,,,,,,,,,,,,,,,,,,,,,,,,,,,,,,,,,,,,,,,,,,,,,,,,,,,,,,,,,,,,,,,,,,,,,,,,,16470,0,0,false,false,0,,,,,,,,,,,,,,,,,,,,,,,,,,,,,,,,,,
"2025-09-02 15:13:22.3505989Z","ETW","Microsoft-Antimalware-Engine",36,"Cache MOACLookup",1912,13020,"MsMpEng.exe",,,,"C:\Users\Public\Downloads\attack.exe",,"0x8002",,,,,,,,,,[],,,,,,,,,,,,,,,,,,,,,,,,,,,,,,,,,,,,,,,,,,,,,,,,,,,,,,1,56,624455,1968355096,"",0,,,,,,,,,,,,,,,,,,,,,,,,,,,,,,,,,,,,,,,,,,,,,,,,,,,,,,,,,,,,,
"2025-09-02 15:13:22.3506494Z","ETW","Microsoft-Antimalware-Engine",36,"Cache MOACLookup",1912,13020,"MsMpEng.exe",,,,"C:\Users\Public\Downloads\attack.exe",,"0x8002",,,,,,,,,,[],,,,,,,,,,,,,,,,,,,,,,,,,,,,,,,,,,,,,,,,,,,,,,,,,,,,,,2,56,624455,1968355096,"",0,,,,,,,,,,,,,,,,,,,,,,,,,,,,,,,,,,,,,,,,,,,,,,,,,,,,,,,,,,,,,
"2025-09-02 15:13:22.3507116Z","ETW","Microsoft-Antimalware-Engine",36,"Cache MOACLookup",1912,13020,"MsMpEng.exe",,,,"C:\Users\Public\Downloads\attack.exe",,"0x8002",,,,,,,,,,[],,,,,,,,,,,,,,,,,,,,,,,,,,,,,,,,,,,,,,,,,,,,,,,,,,,,,,128,56,624455,1968355096,"",0,,,,,,,,,,,,,,,,,,,,,,,,,,,,,,,,,,,,,,,,,,,,,,,,,,,,,,,,,,,,,
"2025-09-02 15:13:22.3507582Z","ETW","Microsoft-Antimalware-Engine",38,"Cache CacheLookup",1912,13020,"MsMpEng.exe",,,,"C:\Users\Public\Downloads\attack.exe",,"MISS",,,,,,,,,,[],,,,,,,,,,,,,,,,,,,,,,,,,,,,,,,,,,,,,,,,,,,,,,,,,,,,,,,,,,,,"USN Cache",,,,,,,,,,,,,,,,,,,,,,,,,,,,,,,,,,,,,,,,,,,,,,,,,,,,,,,,,,,,
"2025-09-02 15:13:22.3508080Z","ETW","Microsoft-Windows-Kernel-Audit-API-Calls",5,"Info ",1912,13020,"MsMpEng.exe",,,,,,,,,,,,,,,,[{"addr":140736918203764,"idx":0},{"addr":140736872733451,"idx":1},{"addr":140733813981883,"idx":2},{"addr":140733810693083,"idx":3},{"addr":140733810694939,"idx":4},{"addr":140733808765435,"idx":5},{"addr":140733808764243,"idx":6},{"addr":140733808763650,"idx":7},{"addr":140733808799556,"idx":8},{"addr":140733808804501,"idx":9},{"addr":140733808797687,"idx":10},{"addr":140733809165196,"idx":11},{"addr":140733809160564,"idx":12},{"addr":140733808882112,"idx":13},{"addr":140733808881111,"idx":14},{"addr":140733808887575,"idx":15},{"addr":140733808978064,"idx":16},{"addr":140733808969552,"idx":17},{"addr":140733810419886,"idx":18},{"addr":140733813856283,"idx":19},{"addr":140733814177354,"idx":20},{"addr":140733810417171,"idx":21},{"addr":140733810415802,"idx":22},{"addr":140733810413462,"idx":23},{"addr":140733810411633,"idx":24},{"addr":140733810411092,"idx":25},{"addr":140733815162932,"idx":26},{"addr":140733815162655,"idx":27},{"addr":140736917255712,"idx":28},{"addr":140736917350945,"idx":29},{"addr":140736897083607,"idx":30},{"addr":140736916996940,"idx":31}],,,,,,,,,,,,,,,,,,,4096,0,16284,,,,,,,,,,,,,,,,,,,,,,,,,,,,,,,,,,,,,,,,,,,,,,,,,,,,,,,,,,,,,,,,,,,,,,,,,,,,,,,,,,,,,,,,,,,,,,,,,,,
"2025-09-02 15:13:22.3509301Z","ETW","Microsoft-Windows-Kernel-Audit-API-Calls",5,"Info ",1076,2148,"svchost.exe",,,,,,,,,,,,,,,,[{"addr":140736918203764,"idx":0},{"addr":140736872733451,"idx":1},{"addr":140736825975970,"idx":2},{"addr":140736825975662,"idx":3},{"addr":140736882620003,"idx":4},{"addr":140736882628366,"idx":5},{"addr":140736882319852,"idx":6},{"addr":140736882311415,"idx":7},{"addr":140736882088628,"idx":8},{"addr":140736882092744,"idx":9},{"addr":140736882015316,"idx":10},{"addr":140736882081820,"idx":11},{"addr":140736882106396,"idx":12},{"addr":140736882102691,"idx":13},{"addr":140736882098504,"idx":14},{"addr":140736917358174,"idx":15},{"addr":140736917350275,"idx":16},{"addr":140736897083607,"idx":17},{"addr":140736916996940,"idx":18}],,,,,,,,,,,,,,,,,,,4096,0,1912,,,,,,,,,,,,,,,,,,,,,,,,,,,,,,,,,,,,,,,,,,,,,,,,,,,,,,,,,,,,,,,,,,,,,,,,,,,,,,,,,,,,,,,,,,,,,,,,,,,
"2025-09-02 15:13:22.3509423Z","ETW","Microsoft-Windows-Kernel-Audit-API-Calls",5,"Info ",1076,2148,"svchost.exe",,,,,,,,,,,,,,,,[{"addr":140736918203764,"idx":0},{"addr":140736872731894,"idx":1},{"addr":140736825941677,"idx":2},{"addr":140736825976196,"idx":3},{"addr":140736825975662,"idx":4},{"addr":140736882620003,"idx":5},{"addr":140736882628366,"idx":6},{"addr":140736882319852,"idx":7},{"addr":140736882311415,"idx":8},{"addr":140736882088628,"idx":9},{"addr":140736882092744,"idx":10},{"addr":140736882015316,"idx":11},{"addr":140736882081820,"idx":12},{"addr":140736882106396,"idx":13},{"addr":140736882102691,"idx":14},{"addr":140736882098504,"idx":15},{"addr":140736917358174,"idx":16},{"addr":140736917350275,"idx":17},{"addr":140736897083607,"idx":18},{"addr":140736916996940,"idx":19}],,,,,,,,,,,,,,,,,,,64,0,1076,,,,,,,,,,,,,,,,,,,,,,,,,,,,,,,,,,,,,,,,,,,,,,,,,,,,,,,,,,,,,,,,,,,,,,,,,,,,,,,,,,,,,,,,,,,,,,,,,,,
"2025-09-02 15:13:22.3510486Z","ETW","Microsoft-Antimalware-Engine",30,"UfsScanFileTaskStart ",1912,13020,"MsMpEng.exe",,,,"C:\Users\Public\Downloads\attack.exe",,,,,,,,,,,,[],,,,,,,,,,,,,,,,,,,,,,,,,,,,,,,,,,,,,,,,,,,,,,,,,,,,,312500,,,,,,,,140733808574464,,,,,,,,,,,,,,,,,,,,,,,,,,,,,,,,,,,,,,,,,,,,,,,,,,,,,,,,,,,
"2025-09-02 15:13:22.3514274Z","ETW","Microsoft-Windows-Kernel-Process",1,"ProcessStartStart ",15112,5500,"Notepad.exe",,,,"C:\Windows\System32\calc.exe",,,,,,,,,,,,[{"addr":140736918209220,"idx":0},{"addr":140736872957146,"idx":1},{"addr":140736872946387,"idx":2},{"addr":140736872945206,"idx":3},{"addr":140736897354547,"idx":4},{"addr":2593504231652,"idx":5}],,,,,,,,,17396,,,,,,,,,,,,,,,,,,,,,,,134012996023513731,0,90741,"0x","","",15112,31823,31825,3,0,0,1,4001445627,,,,,,,,,,,,,,,,,,,,,,,,,,,,,,,,,,,,,,,,,,,,,,,,,,,,,,,,,,,,,,,,,,,,,,,,,,,
"2025-09-02 15:13:22.3515793Z","ETW","Microsoft-Windows-Kernel-Audit-API-Calls",6,"Info ",1912,8,"MsMpEng.exe",,,,,,,,,,,,,,,,[{"addr":140736918212548,"idx":0},{"addr":140736872857142,"idx":1},{"addr":140736738243895,"idx":2},{"addr":140736738242452,"idx":3},{"addr":140736657687525,"idx":4},{"addr":140736657686325,"idx":5},{"addr":140736657683993,"idx":6},{"addr":140736658258217,"idx":7},{"addr":140736657749938,"idx":8},{"addr":140736657909615,"idx":9},{"addr":140736658079503,"idx":10},{"addr":140736897083607,"idx":11},{"addr":140736916996940,"idx":12}],,,,,,,,,,,,,,,,,,,2097151,0,1912,8,,,,,,,,,,,,,,,,,,,,,,,,,,,,,,,,,,,,,,,,,,,,,,,,,,,,,,,,,,,,,,,,,,,,,,,,,,,,,,,,,,,,,,,,,,,,,,,,,,
"2025-09-02 15:13:22.3538016Z","ETW","Microsoft-Windows-Kernel-Audit-API-Calls",5,"Info ",1912,8,"MsMpEng.exe",,,,,,,,,,,,,,,,[{"addr":140736918203764,"idx":0},{"addr":140736872731894,"idx":1},{"addr":140733815122067,"idx":2},{"addr":140733813533757,"idx":3},{"addr":140733820783122,"idx":4},{"addr":140733811457761,"idx":5},{"addr":140733811450648,"idx":6},{"addr":140733811449218,"idx":7},{"addr":140733811441856,"idx":8},{"addr":140733811790261,"idx":9},{"addr":140733811785301,"idx":10},{"addr":140736738242841,"idx":11},{"addr":140736657687525,"idx":12},{"addr":140736657686325,"idx":13},{"addr":140736657683993,"idx":14},{"addr":140736658258217,"idx":15},{"addr":140736657749938,"idx":16},{"addr":140736657909615,"idx":17},{"addr":140736658079503,"idx":18},{"addr":140736897083607,"idx":19},{"addr":140736916996940,"idx":20}],,,,,,,,,,,,,,,,,,,1536,0,17396,,,,,,,,,,,,,,,,,,,,,,,,,,,,,,,,,,,,,,,,,,,,,,,,,,,,,,,,,,,,,,,,,,,,,,,,,,,,,,,,,,,,,,,,,,,,,,,,,,,
"2025-09-02 15:13:22.3540024Z","ETW","Microsoft-Windows-Kernel-Audit-API-Calls",5,"Info ",15112,5500,"Notepad.exe",,,,,,,,,,,,,,,,[{"addr":140736918209220,"idx":0},{"addr":140736872957146,"idx":1},{"addr":140736872946387,"idx":2},{"addr":140736872945206,"idx":3},{"addr":140736897354547,"idx":4},{"addr":2593504231652,"idx":5}],,,,,,,,,,,,,,,,,,,1024,0,17396,,,,,,,,,,,,,,,,,,,,,,,,,,,,,,,,,,,,,,,,,,,,,,,,,,,,,,,,,,,,,,,,,,,,,,,,,,,,,,,,,,,,,,,,,,,,,,,,,,,
"2025-09-02 15:13:22.3540316Z","ETW","Microsoft-Windows-Kernel-Audit-API-Calls",5,"Info ",1912,3012,"MsMpEng.exe",,,,,,,,,,,,,,,,[{"addr":140736918203764,"idx":0},{"addr":140736872731894,"idx":1},{"addr":140733810479103,"idx":2},{"addr":140733810478599,"idx":3},{"addr":140733810481824,"idx":4},{"addr":140733811992461,"idx":5},{"addr":140733811987347,"idx":6},{"addr":140733811996001,"idx":7},{"addr":140733811994278,"idx":8},{"addr":140733810447018,"idx":9},{"addr":140733810434825,"idx":10},{"addr":140733810436081,"idx":11},{"addr":140733810435993,"idx":12},{"addr":140733812865289,"idx":13},{"addr":140733811799252,"idx":14},{"addr":140733811789863,"idx":15},{"addr":140733811785301,"idx":16},{"addr":140736738242841,"idx":17},{"addr":140736657613597,"idx":18},{"addr":140736657838177,"idx":19},{"addr":140736749360292,"idx":20},{"addr":140736749360015,"idx":21},{"addr":140736917255712,"idx":22},{"addr":140736917350945,"idx":23},{"addr":140736897083607,"idx":24},{"addr":140736916996940,"idx":25}],,,,,,,,,,,,,,,,,,,4096,0,17396,,,,,,,,,,,,,,,,,,,,,,,,,,,,,,,,,,,,,,,,,,,,,,,,,,,,,,,,,,,,,,,,,,,,,,,,,,,,,,,,,,,,,,,,,,,,,,,,,,,
"2025-09-02 15:13:22.3541631Z","ETW","Microsoft-Windows-Kernel-Audit-API-Calls",5,"Info ",15112,5500,"Notepad.exe",,,,,,,,,,,,,,,,[{"addr":140736918209220,"idx":0},{"addr":140736872957146,"idx":1},{"addr":140736872946387,"idx":2},{"addr":140736872945206,"idx":3},{"addr":140736897354547,"idx":4},{"addr":2593504231652,"idx":5}],,,,,,,,,,,,,,,,,,,1024,0,15112,,,,,,,,,,,,,,,,,,,,,,,,,,,,,,,,,,,,,,,,,,,,,,,,,,,,,,,,,,,,,,,,,,,,,,,,,,,,,,,,,,,,,,,,,,,,,,,,,,,
"2025-09-02 15:13:22.3541997Z","ETW","Microsoft-Antimalware-Engine",111,"Behavior Monitoring BmNotificationHandleStart",15112,3012,"Notepad.exe",,,,,,,,,,,,,,,,[],,,,,,,,,,,,,,,,,,,,,,,,,,,,,,,,,,,,,,,,,,,,,,,,,,,,,,,,,,,,,,,,,,,,,,,,,,,,,,,,,16400,3935960,0,,,,,,,,,,,,,,,,,,,,,,,,,,,,,,,,,,,,,
"2025-09-02 15:13:22.3544584Z","ETW","Microsoft-Windows-Kernel-Process",3,"ThreadStartStart ",15112,5500,"Notepad.exe",,,,,,,,,,,,,,,,[{"addr":140736918209220,"idx":0},{"addr":140736872957146,"idx":1},{"addr":140736872946387,"idx":2},{"addr":140736872945206,"idx":3},{"addr":140736897354547,"idx":4},{"addr":2593504231652,"idx":5}],,,,,,,,,17396,18446639081572450304,18446639081572425728,140695105640256,0,909323849728,15804,909325631488,909325623296,140695105640256,,,,,,,,,,,,,,,,,,,,,,,,,,,,,,,,,,,,,,,,,,,,,,,,,,,,,,,,,,,,,,,,,,,,,,,,,,,,,,,,,,,,,,,,,,,,,,,,,,,,,,
"2025-09-02 15:13:22.3553686Z","ETW","Microsoft-Antimalware-Engine",112,"Behavior Monitoring BmNotificationHandleStop",15112,3012,"Notepad.exe",,,,,,,,,,,,,,,,[],,,,,,,,,,,,,,,,,,,,,,,,,,,,,,,,,,,,,,,,,,,,,,,,,,,,,,,,,,,,,,,,,,,,,,,,,,,,,,,,,16400,3935960,0,false,true,0,,,,,,,,,,,,,,,,,,,,,,,,,,,,,,,,,,
"2025-09-02 15:13:22.3553900Z","ETW","Microsoft-Windows-Kernel-Audit-API-Calls",5,"Info ",1912,3012,"MsMpEng.exe",,,,,,,,,,,,,,,,[{"addr":140736918203764,"idx":0},{"addr":140736872731894,"idx":1},{"addr":140733810479103,"idx":2},{"addr":140733810478599,"idx":3},{"addr":140733811467421,"idx":4},{"addr":140733811466488,"idx":5},{"addr":140733810456992,"idx":6},{"addr":140733810413765,"idx":7},{"addr":140733810417057,"idx":8},{"addr":140733810415802,"idx":9},{"addr":140733810413462,"idx":10},{"addr":140733810411633,"idx":11},{"addr":140733810411092,"idx":12},{"addr":140733815162932,"idx":13},{"addr":140733815162655,"idx":14},{"addr":140736917255712,"idx":15},{"addr":140736917350945,"idx":16},{"addr":140736897083607,"idx":17},{"addr":140736916996940,"idx":18}],,,,,,,,,,,,,,,,,,,5136,0,15112,,,,,,,,,,,,,,,,,,,,,,,,,,,,,,,,,,,,,,,,,,,,,,,,,,,,,,,,,,,,,,,,,,,,,,,,,,,,,,,,,,,,,,,,,,,,,,,,,,,
"2025-09-02 15:13:22.3554802Z","ETW","Microsoft-Windows-Kernel-Audit-API-Calls",6,"Info ",760,776,"csrss.exe",,,,,,,,,,,,,,,,[{"addr":140736918206948,"idx":0},{"addr":140736867540170,"idx":1},{"addr":140736867571939,"idx":2},{"addr":140736916996962,"idx":3}],,,,,,,,,,,,,,,,,,,2097151,0,15112,5500,,,,,,,,,,,,,,,,,,,,,,,,,,,,,,,,,,,,,,,,,,,,,,,,,,,,,,,,,,,,,,,,,,,,,,,,,,,,,,,,,,,,,,,,,,,,,,,,,,
"2025-09-02 15:13:22.3555007Z","ETW","Microsoft-Windows-Kernel-Audit-API-Calls",5,"Info ",760,776,"csrss.exe",,,,,,,,,,,,,,,,[{"addr":140736918203764,"idx":0},{"addr":140736867430364,"idx":1},{"addr":140736867572214,"idx":2},{"addr":140736916996962,"idx":3}],,,,,,,,,,,,,,,,,,,2097151,0,17396,,,,,,,,,,,,,,,,,,,,,,,,,,,,,,,,,,,,,,,,,,,,,,,,,,,,,,,,,,,,,,,,,,,,,,,,,,,,,,,,,,,,,,,,,,,,,,,,,,,
"2025-09-02 15:13:22.3555061Z","ETW","Microsoft-Windows-Kernel-Audit-API-Calls",6,"Info ",760,776,"csrss.exe",,,,,,,,,,,,,,,,[{"addr":140736918212548,"idx":0},{"addr":140736867430626,"idx":1},{"addr":140736867572214,"idx":2},{"addr":140736916996962,"idx":3}],,,,,,,,,,,,,,,,,,,2097151,0,17396,15804,,,,,,,,,,,,,,,,,,,,,,,,,,,,,,,,,,,,,,,,,,,,,,,,,,,,,,,,,,,,,,,,,,,,,,,,,,,,,,,,,,,,,,,,,,,,,,,,,,
"2025-09-02 15:13:22.3562228Z","ETW","Microsoft-Antimalware-Engine",53,"Behavior Monitoring BmOpenProcess",15112,10404,"Notepad.exe",,17396,,,,,,,,,,,,,,[],,,,,,,,,,,,,,,,,,,,,,,,,,,,,,,,,,,,,,,,,,,,,,,,,,,,,,,,,,,,,,,,,,,,,,,,2097151,false,,,,,,,,,,,,,,,,,,,,,,,,,,,,,,,,,,,,,,,,,,,,,,,
"2025-09-02 15:13:22.3562347Z","ETW","Microsoft-Antimalware-Engine",111,"Behavior Monitoring BmNotificationHandleStart",15112,10404,"Notepad.exe",,,,,,,,,,,,,,,,[],,,,,,,,,,,,,,,,,,,,,,,,,,,,,,,,,,,,,,,,,,,,,,,,,,,,,,,,,,,,,,,,,,,,,,,,,,,,,,,,,16427,3935961,0,,,,,,,,,,,,,,,,,,,,,,,,,,,,,,,,,,,,,
"2025-09-02 15:13:22.3562648Z","ETW","Microsoft-Windows-Kernel-Process",5,"ImageLoadInfo ",17396,15804,"calc.exe",,,,"C:\Windows\System32\calc.exe",,,,,,,,,,,,[{"addr":140736916996896,"idx":0}],,,,,,,,,17396,,,,,,,,,,,,,,,,,,,,,,,,,,,,,,,,,,,,4001445627,140695105634304,140695105634304,90741,49152,,,,,,,,,,,,,,,,,,,,,,,,,,,,,,,,,,,,,,,,,,,,,,,,,,,,,,,,,,,,,,,,,,,,,,,
"2025-09-02 15:13:22.3562939Z","ETW","Microsoft-Windows-Kernel-Process",5,"ImageLoadInfo ",17396,15804,"calc.exe",,,,"C:\Windows\System32\ntdll.dll",,,,,,,,,,,,[{"addr":140736916996896,"idx":0}],,,,,,,,,17396,,,,,,,,,,,,,,,,,,,,,,,,,,,,,,,,,,,,2512787800,140736916750336,140736916750336,2531053,2519040,,,,,,,,,,,,,,,,,,,,,,,,,,,,,,,,,,,,,,,,,,,,,,,,,,,,,,,,,,,,,,,,,,,,,,,
"2025-09-02 15:13:22.3563036Z","ETW","Microsoft-Antimalware-Engine",112,"Behavior Monitoring BmNotificationHandleStop",15112,10404,"Notepad.exe",,,,,,,,,,,,,,,,[],,,,,,,,,,,,,,,,,,,,,,,,,,,,,,,,,,,,,,,,,,,,,,,,,,,,,,,,,,,,,,,,,,,,,,,,,,,,,,,,,16427,3935961,0,false,true,0,,,,,,,,,,,,,,,,,,,,,,,,,,,,,,,,,,
"2025-09-02 15:13:22.3564138Z","ETW","Microsoft-Windows-Kernel-Audit-API-Calls",6,"Info ",1912,8,"MsMpEng.exe",,,,,,,,,,,,,,,,[{"addr":140736918212548,"idx":0},{"addr":140736872857142,"idx":1},{"addr":140736738243895,"idx":2},{"addr":140736738242452,"idx":3},{"addr":140736657604428,"idx":4},{"addr":140736657598535,"idx":5},{"addr":140736657597146,"idx":6},{"addr":140736658259206,"idx":7},{"addr":140736657749938,"idx":8},{"addr":140736657909615,"idx":9},{"addr":140736658079503,"idx":10},{"addr":140736897083607,"idx":11},{"addr":140736916996940,"idx":12}],,,,,,,,,,,,,,,,,,,2097151,0,1912,8,,,,,,,,,,,,,,,,,,,,,,,,,,,,,,,,,,,,,,,,,,,,,,,,,,,,,,,,,,,,,,,,,,,,,,,,,,,,,,,,,,,,,,,,,,,,,,,,,,
"2025-09-02 15:13:22.3564355Z","ETW","Microsoft-Windows-Kernel-Audit-API-Calls",5,"Info ",1912,8,"MsMpEng.exe",,,,,,,,,,,,,,,,[{"addr":140736918203764,"idx":0},{"addr":140736872731894,"idx":1},{"addr":140733810479103,"idx":2},{"addr":140733810478599,"idx":3},{"addr":140733809630809,"idx":4},{"addr":140733809420559,"idx":5},{"addr":140733811789991,"idx":6},{"addr":140733811785301,"idx":7},{"addr":140736738242841,"idx":8},{"addr":140736657604428,"idx":9},{"addr":140736657598535,"idx":10},{"addr":140736657597146,"idx":11},{"addr":140736658259206,"idx":12},{"addr":140736657749938,"idx":13},{"addr":140736657909615,"idx":14},{"addr":140736658079503,"idx":15},{"addr":140736897083607,"idx":16},{"addr":140736916996940,"idx":17}],,,,,,,,,,,,,,,,,,,1052672,0,17396,,,,,,,,,,,,,,,,,,,,,,,,,,,,,,,,,,,,,,,,,,,,,,,,,,,,,,,,,,,,,,,,,,,,,,,,,,,,,,,,,,,,,,,,,,,,,,,,,,,
"2025-09-02 15:13:22.3571532Z","ETW","Microsoft-Antimalware-Engine",59,"Message Info ",1912,11040,"MsMpEng.exe",,,,,,0,"Behavior:Win32/ExploitAttempt.ZA!dha","0x5BB3C187493B","9b9f35e3b87d39f15df8932701977e1f4f0409c6",,,,,,,[],,,,,,,,,,,,,,,,,,,,,,,,,,,,,,,,,,,,,,,,,,,,,,,,,,,,,,,,,,,,,,,,,,,,,,,,,,,,,,,,,,,,,,,,,,,,,,,,,,,,,,,,,,,,,,,,,,,,,,,,
"2025-09-02 15:13:22.3573217Z","ETW","Microsoft-Antimalware-Engine",31,"UfsScanFileTaskStop ",1912,13020,"MsMpEng.exe",,,,"C:\Users\Public\Downloads\attack.exe",,,,,,,,,,,,[],,,,,,,,,,,,,,,,,,,,,,,,,,,,,,,,,,,,,,,,,,,,,,,,,,,,,312500,,,,,,,,140733808574464,,,,,,,,,,,,,,,,,,,,,,,,,,,,,,,,,,,,,,,,,,1784564305747,,,,,,,,,,,,,,,,,
"2025-09-02 15:13:22.3574973Z","ETW","Microsoft-Antimalware-Engine",35,"Cache MOACAdd",1912,13020,"MsMpEng.exe",,,,"C:\Users\Public\Downloads\attack.exe",,"0x0",,,,,,,,,,[],,,,,,,,,,,,,,,,,,,,,,,,,,,,,,,,,,,,,,,,,,,,,,,,,,,,,,128,55,624455,1968355096,"Unfriendly",0,,,,,,,,,,,,,,,,,,,,,,,,,,,,,,,,,,,,,,,,,,,,,,,,,,,,,,,,,,,,,
"2025-09-02 15:13:22.3575751Z","ETW","Microsoft-Windows-Kernel-Audit-API-Calls",5,"Info ",1912,13020,"MsMpEng.exe",,,,,,,,,,,,,,,,[{"addr":140736918203764,"idx":0},{"addr":140736872731894,"idx":1},{"addr":140733810479103,"idx":2},{"addr":140733810478599,"idx":3},{"addr":140733813094716,"idx":4},{"addr":140733808799556,"idx":5},{"addr":140733808804501,"idx":6},{"addr":140733808797687,"idx":7},{"addr":140733809165196,"idx":8},{"addr":140733809160564,"idx":9},{"addr":140733808882112,"idx":10},{"addr":140733808881111,"idx":11},{"addr":140733808887575,"idx":12},{"addr":140733808978064,"idx":13},{"addr":140733808969552,"idx":14},{"addr":140733810419886,"idx":15},{"addr":140733813856283,"idx":16},{"addr":140733814177354,"idx":17},{"addr":140733810417171,"idx":18},{"addr":140733810415802,"idx":19},{"addr":140733810413462,"idx":20},{"addr":140733810411633,"idx":21},{"addr":140733810411092,"idx":22},{"addr":140733815162932,"idx":23},{"addr":140733815162655,"idx":24},{"addr":140736917255712,"idx":25},{"addr":140736917350945,"idx":26},{"addr":140736897083607,"idx":27},{"addr":140736916996940,"idx":28}],,,,,,,,,,,,,,,,,,,4096,0,20964,,,,,,,,,,,,,,,,,,,,,,,,,,,,,,,,,,,,,,,,,,,,,,,,,,,,,,,,,,,,,,,,,,,,,,,,,,,,,,,,,,,,,,,,,,,,,,,,,,,
"2025-09-02 15:13:22.3575937Z","ETW","Microsoft-Windows-Kernel-Audit-API-Calls",5,"Info ",1912,13020,"MsMpEng.exe",,,,,,,,,,,,,,,,[{"addr":140736918203764,"idx":0},{"addr":140736872731894,"idx":1},{"addr":140733810479103,"idx":2},{"addr":140733810478599,"idx":3},{"addr":140733813094716,"idx":4},{"addr":140733808799556,"idx":5},{"addr":140733808804501,"idx":6},{"addr":140733808797687,"idx":7},{"addr":140733809165196,"idx":8},{"addr":140733809160564,"idx":9},{"addr":140733808882112,"idx":10},{"addr":140733808881111,"idx":11},{"addr":140733808887575,"idx":12},{"addr":140733808978064,"idx":13},{"addr":140733808969552,"idx":14},{"addr":140733810419886,"idx":15},{"addr":140733813856283,"idx":16},{"addr":140733814177354,"idx":17},{"addr":140733810417171,"idx":18},{"addr":140733810415802,"idx":19},{"addr":140733810413462,"idx":20},{"addr":140733810411633,"idx":21},{"addr":140733810411092,"idx":22},{"addr":140733815162932,"idx":23},{"addr":140733815162655,"idx":24},{"addr":140736917255712,"idx":25},{"addr":140736917350945,"idx":26},{"addr":140736897083607,"idx":27},{"addr":140736916996940,"idx":28}],,,,,,,,,,,,,,,,,,,4096,0,15112,,,,,,,,,,,,,,,,,,,,,,,,,,,,,,,,,,,,,,,,,,,,,,,,,,,,,,,,,,,,,,,,,,,,,,,,,,,,,,,,,,,,,,,,,,,,,,,,,,,
"2025-09-02 15:13:22.3576002Z","ETW","Microsoft-Antimalware-Engine",59,"Message Info ",1912,13020,"MsMpEng.exe",,,,,,0,"Behavior:Win32/RemoteThreadCreateSystemRID","0x15B364E82951","e0cf7b6b1df4c9db3b8396e1956ef6e8b5f87e34",,,,,,,[],,,,,,,,,,,,,,,,,,,,,,,,,,,,,,,,,,,,,,,,,,,,,,,,,,,,,,,,,,,,,,,,,,,,,,,,,,,,,,,,,,,,,,,,,,,,,,,,,,,,,,,,,,,,,,,,,,,,,,,,
"2025-09-02 15:13:22.3576684Z","ETW","Microsoft-Antimalware-Engine",104,"Behavior Monitoring BmInternal",16284,13020,"attack.exe",,,,,,,,,,,,,,,,[],,,,,,,,,,,,,,,,,,,,,,,,,,,,,,,,,,,,,,,,,,,,,,,,,,,,,,,,,,,,,,,,,,,,,,,,,,22,"C:\Users\Public\Downloads\attack.exe","'C:\Users\Public\Downloads\attack.exe' ",,,,,,,,,,,,,,,,,,,,,,,,,,,,,,,,,,,,,,,,,,,,
"2025-09-02 15:13:22.3576778Z","ETW","Microsoft-Antimalware-Engine",112,"Behavior Monitoring BmNotificationHandleStop",16284,13020,"attack.exe",,,,,,,,,,,,,,,,[],,,,,,,,,,,,,,,,,,,,,,,,,,,,,,,,,,,,,,,,,,,,,,,,,,,,,,,,,,,,,,,,,,,,,,,,,,,,,,,,,16398,3935959,0,false,true,0,,,,,,,,,,,,,,,,,,,,,,,,,,,,,,,,,,
"2025-09-02 15:13:22.3576808Z","ETW","Microsoft-Antimalware-Engine",111,"Behavior Monitoring BmNotificationHandleStart",16284,13020,"attack.exe",,,,,,,,,,,,,,,,[],,,,,,,,,,,,,,,,,,,,,,,,,,,,,,,,,,,,,,,,,,,,,,,,,,,,,,,,,,,,,,,,,,,,,,,,,,,,,,,,,16430,3935959,0,,,,,,,,,,,,,,,,,,,,,,,,,,,,,,,,,,,,,
"2025-09-02 15:13:22.3577205Z","ETW","Microsoft-Antimalware-Engine",112,"Behavior Monitoring BmNotificationHandleStop",16284,13020,"attack.exe",,,,,,,,,,,,,,,,[],,,,,,,,,,,,,,,,,,,,,,,,,,,,,,,,,,,,,,,,,,,,,,,,,,,,,,,,,,,,,,,,,,,,,,,,,,,,,,,,,16430,3935959,0,false,true,0,,,,,,,,,,,,,,,,,,,,,,,,,,,,,,,,,,
"2025-09-02 15:13:22.3577233Z","ETW","Microsoft-Antimalware-Engine",111,"Behavior Monitoring BmNotificationHandleStart",16284,13020,"attack.exe",,,,,,,,,,,,,,,,[],,,,,,,,,,,,,,,,,,,,,,,,,,,,,,,,,,,,,,,,,,,,,,,,,,,,,,,,,,,,,,,,,,,,,,,,,,,,,,,,,16522,3935959,0,,,,,,,,,,,,,,,,,,,,,,,,,,,,,,,,,,,,,
"2025-09-02 15:13:22.3577813Z","ETW","Microsoft-Antimalware-Engine",112,"Behavior Monitoring BmNotificationHandleStop",16284,13020,"attack.exe",,,,,,,,,,,,,,,,[],,,,,,,,,,,,,,,,,,,,,,,,,,,,,,,,,,,,,,,,,,,,,,,,,,,,,,,,,,,,,,,,,,,,,,,,,,,,,,,,,16522,3935959,0,false,true,0,,,,,,,,,,,,,,,,,,,,,,,,,,,,,,,,,,
"2025-09-02 15:13:22.3577922Z","ETW","Microsoft-Antimalware-Engine",111,"Behavior Monitoring BmNotificationHandleStart",16284,13020,"attack.exe",,,,,,,,,,,,,,,,[],,,,,,,,,,,,,,,,,,,,,,,,,,,,,,,,,,,,,,,,,,,,,,,,,,,,,,,,,,,,,,,,,,,,,,,,,,,,,,,,,16401,0,0,,,,,,,,,,,,,,,,,,,,,,,,,,,,,,,,,,,,,
"2025-09-02 15:13:22.3578083Z","ETW","Microsoft-Windows-Kernel-Audit-API-Calls",5,"Info ",1912,11040,"MsMpEng.exe",,,,,,,,,,,,,,,,[{"addr":140736918203764,"idx":0},{"addr":140736872731894,"idx":1},{"addr":140733810479103,"idx":2},{"addr":140733810478599,"idx":3},{"addr":140733811467421,"idx":4},{"addr":140733811466488,"idx":5},{"addr":140733810456419,"idx":6},{"addr":140733810413765,"idx":7},{"addr":140733810417057,"idx":8},{"addr":140733810415802,"idx":9},{"addr":140733810413462,"idx":10},{"addr":140733809657173,"idx":11},{"addr":140733810411971,"idx":12},{"addr":140733810411092,"idx":13},{"addr":140733815162932,"idx":14},{"addr":140733815162655,"idx":15},{"addr":140736917255712,"idx":16},{"addr":140736917350945,"idx":17},{"addr":140736897083607,"idx":18},{"addr":140736916996940,"idx":19}],,,,,,,,,,,,,,,,,,,5136,0,17396,,,,,,,,,,,,,,,,,,,,,,,,,,,,,,,,,,,,,,,,,,,,,,,,,,,,,,,,,,,,,,,,,,,,,,,,,,,,,,,,,,,,,,,,,,,,,,,,,,,
"2025-09-02 15:13:22.3583171Z","ETW","Microsoft-Windows-Kernel-Process",3,"ThreadStartStart ",1912,22008,"MsMpEng.exe",,,,,,,,,,,,,,,,[{"addr":140736918214756,"idx":0},{"addr":140736917356893,"idx":1},{"addr":140736917350035,"idx":2},{"addr":140736897083607,"idx":3},{"addr":140736916996940,"idx":4}],,,,,,,,,1912,18446639081573023744,18446639081572999168,140736917348896,0,400564822016,11468,400564158464,400564092928,140736917348896,,,,,,,,,,,,,,,,,,,,,,,,,,,,,,,,,,,,,,,,,,,,,,,,,,,,,,,,,,,,,,,,,,,,,,,,,,,,,,,,,,,,,,,,,,,,,,,,,,,,,,
"2025-09-02 15:13:22.3583372Z","ETW","Microsoft-Antimalware-Engine",59,"Message Info ",1912,13020,"MsMpEng.exe",,,,,,0,"!#BMLowfiTrigger.A","0xDBB39B890BFC","4dbf7bd615cfae8829011e03de200a1bc0bab7d3",,,,,,,[],,,,,,,,,,,,,,,,,,,,,,,,,,,,,,,,,,,,,,,,,,,,,,,,,,,,,,,,,,,,,,,,,,,,,,,,,,,,,,,,,,,,,,,,,,,,,,,,,,,,,,,,,,,,,,,,,,,,,,,,
"2025-09-02 15:13:22.3585365Z","ETW","Microsoft-Antimalware-Engine",112,"Behavior Monitoring BmNotificationHandleStop",16284,13020,"attack.exe",,,,,,,,,,,,,,,,[],,,,,,,,,,,,,,,,,,,,,,,,,,,,,,,,,,,,,,,,,,,,,,,,,,,,,,,,,,,,,,,,,,,,,,,,,,,,,,,,,16401,0,0,false,false,0,,,,,,,,,,,,,,,,,,,,,,,,,,,,,,,,,,
"2025-09-02 15:13:22.3585505Z","ETW","Microsoft-Antimalware-Engine",111,"Behavior Monitoring BmNotificationHandleStart",16284,13020,"attack.exe",,,,,,,,,,,,,,,,[],,,,,,,,,,,,,,,,,,,,,,,,,,,,,,,,,,,,,,,,,,,,,,,,,,,,,,,,,,,,,,,,,,,,,,,,,,,,,,,,,16400,3935960,1,,,,,,,,,,,,,,,,,,,,,,,,,,,,,,,,,,,,,
"2025-09-02 15:13:22.3586804Z","ETW","Microsoft-Antimalware-Engine",112,"Behavior Monitoring BmNotificationHandleStop",16284,13020,"attack.exe",,,,,,,,,,,,,,,,[],,,,,,,,,,,,,,,,,,,,,,,,,,,,,,,,,,,,,,,,,,,,,,,,,,,,,,,,,,,,,,,,,,,,,,,,,,,,,,,,,16400,3935960,1,false,false,0,,,,,,,,,,,,,,,,,,,,,,,,,,,,,,,,,,
"2025-09-02 15:13:22.3587000Z","ETW","Microsoft-Windows-Kernel-Audit-API-Calls",5,"Info ",1912,13020,"MsMpEng.exe",,,,,,,,,,,,,,,,[{"addr":140736918203764,"idx":0},{"addr":140736872731894,"idx":1},{"addr":140733810479103,"idx":2},{"addr":140733810478599,"idx":3},{"addr":140733811467421,"idx":4},{"addr":140733811466488,"idx":5},{"addr":140733810456992,"idx":6},{"addr":140733810413765,"idx":7},{"addr":140733810417057,"idx":8},{"addr":140733810415802,"idx":9},{"addr":140733810413462,"idx":10},{"addr":140733810411633,"idx":11},{"addr":140733810411092,"idx":12},{"addr":140733815162932,"idx":13},{"addr":140733815162655,"idx":14},{"addr":140736917255712,"idx":15},{"addr":140736917350945,"idx":16},{"addr":140736897083607,"idx":17},{"addr":140736916996940,"idx":18}],,,,,,,,,,,,,,,,,,,5136,0,16284,,,,,,,,,,,,,,,,,,,,,,,,,,,,,,,,,,,,,,,,,,,,,,,,,,,,,,,,,,,,,,,,,,,,,,,,,,,,,,,,,,,,,,,,,,,,,,,,,,,
"2025-09-02 15:13:22.3587277Z","ETW","Microsoft-Antimalware-Engine",111,"Behavior Monitoring BmNotificationHandleStart",16284,13020,"attack.exe",,,,,,,,,,,,,,,,[],,,,,,,,,,,,,,,,,,,,,,,,,,,,,,,,,,,,,,,,,,,,,,,,,,,,,,,,,,,,,,,,,,,,,,,,,,,,,,,,,16427,3935961,1,,,,,,,,,,,,,,,,,,,,,,,,,,,,,,,,,,,,,
"2025-09-02 15:13:22.3587387Z","ETW","Microsoft-Antimalware-Engine",112,"Behavior Monitoring BmNotificationHandleStop",16284,13020,"attack.exe",,,,,,,,,,,,,,,,[],,,,,,,,,,,,,,,,,,,,,,,,,,,,,,,,,,,,,,,,,,,,,,,,,,,,,,,,,,,,,,,,,,,,,,,,,,,,,,,,,16427,3935961,1,false,false,0,,,,,,,,,,,,,,,,,,,,,,,,,,,,,,,,,,
"2025-09-02 15:13:22.3588320Z","ETW","Microsoft-Antimalware-Engine",111,"Behavior Monitoring BmNotificationHandleStart",15112,13020,"Notepad.exe",,,,,,,,,,,,,,,,[],,,,,,,,,,,,,,,,,,,,,,,,,,,,,,,,,,,,,,,,,,,,,,,,,,,,,,,,,,,,,,,,,,,,,,,,,,,,,,,,,16526,0,1,,,,,,,,,,,,,,,,,,,,,,,,,,,,,,,,,,,,,
"2025-09-02 15:13:22.3588439Z","ETW","Microsoft-Antimalware-Engine",112,"Behavior Monitoring BmNotificationHandleStop",15112,13020,"Notepad.exe",,,,,,,,,,,,,,,,[],,,,,,,,,,,,,,,,,,,,,,,,,,,,,,,,,,,,,,,,,,,,,,,,,,,,,,,,,,,,,,,,,,,,,,,,,,,,,,,,,16526,0,1,false,false,0,,,,,,,,,,,,,,,,,,,,,,,,,,,,,,,,,,
"2025-09-02 15:13:22.3588456Z","ETW","Microsoft-Antimalware-Engine",111,"Behavior Monitoring BmNotificationHandleStart",15112,13020,"Notepad.exe",,,,,,,,,,,,,,,,[],,,,,,,,,,,,,,,,,,,,,,,,,,,,,,,,,,,,,,,,,,,,,,,,,,,,,,,,,,,,,,,,,,,,,,,,,,,,,,,,,16526,0,1,,,,,,,,,,,,,,,,,,,,,,,,,,,,,,,,,,,,,
"2025-09-02 15:13:22.3588555Z","ETW","Microsoft-Antimalware-Engine",112,"Behavior Monitoring BmNotificationHandleStop",15112,13020,"Notepad.exe",,,,,,,,,,,,,,,,[],,,,,,,,,,,,,,,,,,,,,,,,,,,,,,,,,,,,,,,,,,,,,,,,,,,,,,,,,,,,,,,,,,,,,,,,,,,,,,,,,16526,0,1,false,false,0,,,,,,,,,,,,,,,,,,,,,,,,,,,,,,,,,,
"2025-09-02 15:13:22.3588619Z","ETW","Microsoft-Antimalware-Engine",111,"Behavior Monitoring BmNotificationHandleStart",15112,13020,"Notepad.exe",,,,,,,,,,,,,,,,[],,,,,,,,,,,,,,,,,,,,,,,,,,,,,,,,,,,,,,,,,,,,,,,,,,,,,,,,,,,,,,,,,,,,,,,,,,,,,,,,,16404,3935963,1,,,,,,,,,,,,,,,,,,,,,,,,,,,,,,,,,,,,,
"2025-09-02 15:13:22.3589062Z","ETW","Microsoft-Antimalware-Engine",112,"Behavior Monitoring BmNotificationHandleStop",15112,13020,"Notepad.exe",,,,,,,,,,,,,,,,[],,,,,,,,,,,,,,,,,,,,,,,,,,,,,,,,,,,,,,,,,,,,,,,,,,,,,,,,,,,,,,,,,,,,,,,,,,,,,,,,,16404,3935963,1,false,false,0,,,,,,,,,,,,,,,,,,,,,,,,,,,,,,,,,,
"2025-09-02 15:13:22.3589794Z","ETW","Microsoft-Antimalware-Engine",111,"Behavior Monitoring BmNotificationHandleStart",15112,13020,"Notepad.exe",,,,,,,,,,,,,,,,[],,,,,,,,,,,,,,,,,,,,,,,,,,,,,,,,,,,,,,,,,,,,,,,,,,,,,,,,,,,,,,,,,,,,,,,,,,,,,,,,,16526,0,1,,,,,,,,,,,,,,,,,,,,,,,,,,,,,,,,,,,,,
"2025-09-02 15:13:22.3589879Z","ETW","Microsoft-Antimalware-Engine",112,"Behavior Monitoring BmNotificationHandleStop",15112,13020,"Notepad.exe",,,,,,,,,,,,,,,,[],,,,,,,,,,,,,,,,,,,,,,,,,,,,,,,,,,,,,,,,,,,,,,,,,,,,,,,,,,,,,,,,,,,,,,,,,,,,,,,,,16526,0,1,false,false,0,,,,,,,,,,,,,,,,,,,,,,,,,,,,,,,,,,
"2025-09-02 15:13:22.3589898Z","ETW","Microsoft-Antimalware-Engine",111,"Behavior Monitoring BmNotificationHandleStart",15112,13020,"Notepad.exe",,,,,,,,,,,,,,,,[],,,,,,,,,,,,,,,,,,,,,,,,,,,,,,,,,,,,,,,,,,,,,,,,,,,,,,,,,,,,,,,,,,,,,,,,,,,,,,,,,16526,0,1,,,,,,,,,,,,,,,,,,,,,,,,,,,,,,,,,,,,,
"2025-09-02 15:13:22.3589960Z","ETW","Microsoft-Antimalware-Engine",112,"Behavior Monitoring BmNotificationHandleStop",15112,13020,"Notepad.exe",,,,,,,,,,,,,,,,[],,,,,,,,,,,,,,,,,,,,,,,,,,,,,,,,,,,,,,,,,,,,,,,,,,,,,,,,,,,,,,,,,,,,,,,,,,,,,,,,,16526,0,1,false,false,0,,,,,,,,,,,,,,,,,,,,,,,,,,,,,,,,,,
"2025-09-02 15:13:22.3614562Z","ETW","Microsoft-Windows-Kernel-Process",5,"ImageLoadInfo ",17396,15804,"calc.exe",,,,"C:\Windows\System32\kernel32.dll",,,,,,,,,,,,[{"addr":140736918203828,"idx":0},{"addr":140736917192506,"idx":1},{"addr":140736917191278,"idx":2},{"addr":140736917190209,"idx":3},{"addr":140736916804181,"idx":4},{"addr":140736916785218,"idx":5},{"addr":140736916784352,"idx":6},{"addr":140736917101952,"idx":7},{"addr":140736917649076,"idx":8},{"addr":140736917165243,"idx":9},{"addr":140736917158036,"idx":10},{"addr":140736917157502,"idx":11},{"addr":140736916971470,"idx":12}],,,,,,,,,17396,,,,,,,,,,,,,,,,,,,,,,,,,,,,,,,,,,,,2842556120,140736896892928,140736896892928,880212,823296,,,,,,,,,,,,,,,,,,,,,,,,,,,,,,,,,,,,,,,,,,,,,,,,,,,,,,,,,,,,,,,,,,,,,,,
"2025-09-02 15:13:22.3615617Z","ETW","Microsoft-Windows-Kernel-Process",5,"ImageLoadInfo ",17396,15804,"calc.exe",,,,"C:\Windows\System32\KernelBase.dll",,,,,,,,,,,,[{"addr":140736918203828,"idx":0},{"addr":140736917192506,"idx":1},{"addr":140736917191278,"idx":2},{"addr":140736917190209,"idx":3},{"addr":140736916798526,"idx":4},{"addr":140736916790798,"idx":5},{"addr":140736917191656,"idx":6},{"addr":140736917190209,"idx":7},{"addr":140736916804181,"idx":8},{"addr":140736916785218,"idx":9},{"addr":140736916784352,"idx":10},{"addr":140736917101952,"idx":11},{"addr":140736917649076,"idx":12},{"addr":140736917165243,"idx":13},{"addr":140736917158036,"idx":14},{"addr":140736917157502,"idx":15},{"addr":140736916971470,"idx":16}],,,,,,,,,17396,,,,,,,,,,,,,,,,,,,,,,,,,,,,,,,,,,,,1916522255,140736871923712,140736871923712,4150506,4128768,,,,,,,,,,,,,,,,,,,,,,,,,,,,,,,,,,,,,,,,,,,,,,,,,,,,,,,,,,,,,,,,,,,,,,,
"2025-09-02 15:13:22.3626113Z","ETW","Microsoft-Windows-Kernel-Process",5,"ImageLoadInfo ",17396,15804,"calc.exe",,,,"C:\Windows\System32\shell32.dll",,,,,,,,,,,,[{"addr":140736918203828,"idx":0},{"addr":140736917192506,"idx":1},{"addr":140736917191278,"idx":2},{"addr":140736917190209,"idx":3},{"addr":140736916798526,"idx":4},{"addr":140736916790798,"idx":5},{"addr":140736917165509,"idx":6},{"addr":140736917158036,"idx":7},{"addr":140736917157502,"idx":8},{"addr":140736916971470,"idx":9}],,,,,,,,,17396,,,,,,,,,,,,,,,,,,,,,,,,,,,,,,,,,,,,951285368,140736882933760,140736882933760,7762708,7655424,,,,,,,,,,,,,,,,,,,,,,,,,,,,,,,,,,,,,,,,,,,,,,,,,,,,,,,,,,,,,,,,,,,,,,,
"2025-09-02 15:13:22.3627470Z","ETW","Microsoft-Windows-Kernel-Process",5,"ImageLoadInfo ",17396,15804,"calc.exe",,,,"C:\Windows\System32\msvcp_win.dll",,,,,,,,,,,,[{"addr":140736918203828,"idx":0},{"addr":140736917192506,"idx":1},{"addr":140736917191278,"idx":2},{"addr":140736917190209,"idx":3},{"addr":140736916798526,"idx":4},{"addr":140736916790798,"idx":5},{"addr":140736917191656,"idx":6},{"addr":140736917190209,"idx":7},{"addr":140736916798526,"idx":8},{"addr":140736916790798,"idx":9},{"addr":140736917165509,"idx":10},{"addr":140736917158036,"idx":11},{"addr":140736917157502,"idx":12},{"addr":140736916971470,"idx":13}],,,,,,,,,17396,,,,,,,,,,,,,,,,,,,,,,,,,,,,,,,,,,,,2240469762,140736868319232,140736868319232,703256,667648,,,,,,,,,,,,,,,,,,,,,,,,,,,,,,,,,,,,,,,,,,,,,,,,,,,,,,,,,,,,,,,,,,,,,,,
"2025-09-02 15:13:22.3628272Z","ETW","Microsoft-Windows-Kernel-Process",5,"ImageLoadInfo ",17396,15804,"calc.exe",,,,"C:\Windows\System32\ucrtbase.dll",,,,,,,,,,,,[{"addr":140736918203828,"idx":0},{"addr":140736917192506,"idx":1},{"addr":140736917191278,"idx":2},{"addr":140736917190209,"idx":3},{"addr":140736916798526,"idx":4},{"addr":140736916790798,"idx":5},{"addr":140736917191656,"idx":6},{"addr":140736917190209,"idx":7},{"addr":140736916798526,"idx":8},{"addr":140736916790798,"idx":9},{"addr":140736917191656,"idx":10},{"addr":140736917190209,"idx":11},{"addr":140736916798526,"idx":12},{"addr":140736916790798,"idx":13},{"addr":140736917165509,"idx":14},{"addr":140736917158036,"idx":15},{"addr":140736917157502,"idx":16},{"addr":140736916971470,"idx":17}],,,,,,,,,17396,,,,,,,,,,,,,,,,,,,,,,,,,,,,,,,,,,,,3686092271,140736876314624,140736876314624,1418583,1355776,,,,,,,,,,,,,,,,,,,,,,,,,,,,,,,,,,,,,,,,,,,,,,,,,,,,,,,,,,,,,,,,,,,,,,,
"2025-09-02 15:13:22.3629040Z","ETW","Microsoft-Windows-Kernel-Process",3,"ThreadStartStart ",17396,15804,"calc.exe",,,,,,,,,,,,,,,,[{"addr":140736918214756,"idx":0},{"addr":140736917348769,"idx":1},{"addr":140736917700534,"idx":2},{"addr":140736916791223,"idx":3},{"addr":140736917191656,"idx":4},{"addr":140736917190209,"idx":5},{"addr":140736916798526,"idx":6},{"addr":140736916790798,"idx":7},{"addr":140736917191656,"idx":8},{"addr":140736917190209,"idx":9},{"addr":140736916798526,"idx":10},{"addr":140736916790798,"idx":11},{"addr":140736917191656,"idx":12},{"addr":140736917190209,"idx":13},{"addr":140736916798526,"idx":14},{"addr":140736916790798,"idx":15},{"addr":140736917165509,"idx":16},{"addr":140736917158036,"idx":17},{"addr":140736917157502,"idx":18},{"addr":140736916971470,"idx":19}],,,,,,,,,17396,18446639081573052416,18446639081573027840,140736917348896,0,909323857920,2356,909326155776,909326147584,140736917348896,,,,,,,,,,,,,,,,,,,,,,,,,,,,,,,,,,,,,,,,,,,,,,,,,,,,,,,,,,,,,,,,,,,,,,,,,,,,,,,,,,,,,,,,,,,,,,,,,,,,,,
"2025-09-02 15:13:22.3629878Z","ETW","Microsoft-Windows-Kernel-Process",5,"ImageLoadInfo ",17396,15804,"calc.exe",,,,"C:\Windows\System32\user32.dll",,,,,,,,,,,,[{"addr":140736918203828,"idx":0},{"addr":140736917192506,"idx":1},{"addr":140736917191278,"idx":2},{"addr":140736917190209,"idx":3},{"addr":140736916798526,"idx":4},{"addr":140736916790798,"idx":5},{"addr":140736917191656,"idx":6},{"addr":140736917190209,"idx":7},{"addr":140736916798526,"idx":8},{"addr":140736916790798,"idx":9},{"addr":140736917165509,"idx":10},{"addr":140736917158036,"idx":11},{"addr":140736917157502,"idx":12},{"addr":140736916971470,"idx":13}],,,,,,,,,17396,,,,,,,,,,,,,,,,,,,,,,,,,,,,,,,,,,,,3594986103,140736914063360,140736914063360,1919723,1855488,,,,,,,,,,,,,,,,,,,,,,,,,,,,,,,,,,,,,,,,,,,,,,,,,,,,,,,,,,,,,,,,,,,,,,,
"2025-09-02 15:13:22.3630612Z","ETW","Microsoft-Windows-Kernel-Process",3,"ThreadStartStart ",17396,2356,"calc.exe",,,,,,,,,,,,,,,,[{"addr":140736918214756,"idx":0},{"addr":140736917257428,"idx":1},{"addr":140736917254706,"idx":2},{"addr":140736917350945,"idx":3},{"addr":140736897083607,"idx":4},{"addr":140736916996940,"idx":5}],,,,,,,,,17396,18446639081573228544,18446639081573203968,140736917348896,0,909323866112,17796,909326680064,909326671872,140736917348896,,,,,,,,,,,,,,,,,,,,,,,,,,,,,,,,,,,,,,,,,,,,,,,,,,,,,,,,,,,,,,,,,,,,,,,,,,,,,,,,,,,,,,,,,,,,,,,,,,,,,,
"2025-09-02 15:13:22.3631454Z","ETW","Microsoft-Windows-Kernel-Process",5,"ImageLoadInfo ",17396,15804,"calc.exe",,,,"C:\Windows\System32\win32u.dll",,,,,,,,,,,,[{"addr":140736918203828,"idx":0},{"addr":140736917192506,"idx":1},{"addr":140736917191278,"idx":2},{"addr":140736917190209,"idx":3},{"addr":140736916798526,"idx":4},{"addr":140736916790798,"idx":5},{"addr":140736917191656,"idx":6},{"addr":140736917190209,"idx":7},{"addr":140736916798526,"idx":8},{"addr":140736916790798,"idx":9},{"addr":140736917191656,"idx":10},{"addr":140736917190209,"idx":11},{"addr":140736916798526,"idx":12},{"addr":140736916790798,"idx":13},{"addr":140736917165509,"idx":14},{"addr":140736917158036,"idx":15},{"addr":140736917157502,"idx":16},{"addr":140736916971470,"idx":17}],,,,,,,,,17396,,,,,,,,,,,,,,,,,,,,,,,,,,,,,,,,,,,,4080079730,140736876118016,140736876118016,179667,159744,,,,,,,,,,,,,,,,,,,,,,,,,,,,,,,,,,,,,,,,,,,,,,,,,,,,,,,,,,,,,,,,,,,,,,,
"2025-09-02 15:13:22.3632472Z","ETW","Microsoft-Windows-Kernel-Process",5,"ImageLoadInfo ",17396,15804,"calc.exe",,,,"C:\Windows\System32\gdi32.dll",,,,,,,,,,,,[{"addr":140736918203828,"idx":0},{"addr":140736917192506,"idx":1},{"addr":140736917191278,"idx":2},{"addr":140736917190209,"idx":3},{"addr":140736916798526,"idx":4},{"addr":140736916790798,"idx":5},{"addr":140736917191656,"idx":6},{"addr":140736917190209,"idx":7},{"addr":140736916798526,"idx":8},{"addr":140736916790798,"idx":9},{"addr":140736917191656,"idx":10},{"addr":140736917190209,"idx":11},{"addr":140736916798526,"idx":12},{"addr":140736916790798,"idx":13},{"addr":140736917165509,"idx":14},{"addr":140736917158036,"idx":15},{"addr":140736917157502,"idx":16},{"addr":140736916971470,"idx":17}],,,,,,,,,17396,,,,,,,,,,,,,,,,,,,,,,,,,,,,,,,,,,,,226377214,140736902135808,140736902135808,213118,176128,,,,,,,,,,,,,,,,,,,,,,,,,,,,,,,,,,,,,,,,,,,,,,,,,,,,,,,,,,,,,,,,,,,,,,,
"2025-09-02 15:13:22.3633710Z","ETW","Microsoft-Windows-Kernel-Process",3,"ThreadStartStart ",17396,17796,"calc.exe",,,,,,,,,,,,,,,,[{"addr":140736918214756,"idx":0},{"addr":140736917257428,"idx":1},{"addr":140736917254706,"idx":2},{"addr":140736917350945,"idx":3},{"addr":140736897083607,"idx":4},{"addr":140736916996940,"idx":5}],,,,,,,,,17396,18446639081573257216,18446639081573232640,140736917348896,0,909323874304,19800,909327204352,909327196160,140736917348896,,,,,,,,,,,,,,,,,,,,,,,,,,,,,,,,,,,,,,,,,,,,,,,,,,,,,,,,,,,,,,,,,,,,,,,,,,,,,,,,,,,,,,,,,,,,,,,,,,,,,,
"2025-09-02 15:13:22.3634090Z","ETW","Microsoft-Windows-Kernel-Process",5,"ImageLoadInfo ",17396,15804,"calc.exe",,,,"C:\Windows\System32\gdi32full.dll",,,,,,,,,,,,[{"addr":140736918203828,"idx":0},{"addr":140736917192506,"idx":1},{"addr":140736917191278,"idx":2},{"addr":140736917190209,"idx":3},{"addr":140736916798526,"idx":4},{"addr":140736916790798,"idx":5},{"addr":140736917191656,"idx":6},{"addr":140736917190209,"idx":7},{"addr":140736916798526,"idx":8},{"addr":140736916790798,"idx":9},{"addr":140736917191656,"idx":10},{"addr":140736917190209,"idx":11},{"addr":140736916798526,"idx":12},{"addr":140736916790798,"idx":13},{"addr":140736917191656,"idx":14},{"addr":140736917190209,"idx":15},{"addr":140736916798526,"idx":16},{"addr":140736916790798,"idx":17},{"addr":140736917165509,"idx":18},{"addr":140736917158036,"idx":19},{"addr":140736917157502,"idx":20},{"addr":140736916971470,"idx":21}],,,,,,,,,17396,,,,,,,,,,,,,,,,,,,,,,,,,,,,,,,,,,,,4226913238,140736869040128,140736869040128,1298614,1277952,,,,,,,,,,,,,,,,,,,,,,,,,,,,,,,,,,,,,,,,,,,,,,,,,,,,,,,,,,,,,,,,,,,,,,,
"2025-09-02 15:13:22.3635377Z","ETW","Microsoft-Windows-Kernel-Process",5,"ImageLoadInfo ",17396,15804,"calc.exe",,,,"C:\Windows\System32\WinTypes.dll",,,,,,,,,,,,[{"addr":140736918203828,"idx":0},{"addr":140736917192506,"idx":1},{"addr":140736917191278,"idx":2},{"addr":140736917190209,"idx":3},{"addr":140736916798526,"idx":4},{"addr":140736916790798,"idx":5},{"addr":140736917191656,"idx":6},{"addr":140736917190209,"idx":7},{"addr":140736916798526,"idx":8},{"addr":140736916790798,"idx":9},{"addr":140736917165509,"idx":10},{"addr":140736917158036,"idx":11},{"addr":140736917157502,"idx":12},{"addr":140736916971470,"idx":13}],,,,,,,,,17396,,,,,,,,,,,,,,,,,,,,,,,,,,,,,,,,,,,,3655579039,140736870350848,140736870350848,1545528,1519616,,,,,,,,,,,,,,,,,,,,,,,,,,,,,,,,,,,,,,,,,,,,,,,,,,,,,,,,,,,,,,,,,,,,,,,
"2025-09-02 15:13:22.3636412Z","ETW","Microsoft-Windows-Kernel-Process",5,"ImageLoadInfo ",17396,15804,"calc.exe",,,,"C:\Windows\System32\combase.dll",,,,,,,,,,,,[{"addr":140736918203828,"idx":0},{"addr":140736917192506,"idx":1},{"addr":140736917191278,"idx":2},{"addr":140736917190209,"idx":3},{"addr":140736916798526,"idx":4},{"addr":140736916790798,"idx":5},{"addr":140736917191656,"idx":6},{"addr":140736917190209,"idx":7},{"addr":140736916798526,"idx":8},{"addr":140736916790798,"idx":9},{"addr":140736917191656,"idx":10},{"addr":140736917190209,"idx":11},{"addr":140736916798526,"idx":12},{"addr":140736916790798,"idx":13},{"addr":140736917165509,"idx":14},{"addr":140736917158036,"idx":15},{"addr":140736917157502,"idx":16},{"addr":140736916971470,"idx":17}],,,,,,,,,17396,,,,,,,,,,,,,,,,,,,,,,,,,,,,,,,,,,,,670765882,140736909082624,140736909082624,3776119,3690496,,,,,,,,,,,,,,,,,,,,,,,,,,,,,,,,,,,,,,,,,,,,,,,,,,,,,,,,,,,,,,,,,,,,,,,
"2025-09-02 15:13:22.3637561Z","ETW","Microsoft-Windows-Kernel-Process",5,"ImageLoadInfo ",17396,15804,"calc.exe",,,,"C:\Windows\System32\rpcrt4.dll",,,,,,,,,,,,[{"addr":140736918203828,"idx":0},{"addr":140736917192506,"idx":1},{"addr":140736917191278,"idx":2},{"addr":140736917190209,"idx":3},{"addr":140736916798526,"idx":4},{"addr":140736916790798,"idx":5},{"addr":140736917191656,"idx":6},{"addr":140736917190209,"idx":7},{"addr":140736916798526,"idx":8},{"addr":140736916790798,"idx":9},{"addr":140736917191656,"idx":10},{"addr":140736917190209,"idx":11},{"addr":140736916798526,"idx":12},{"addr":140736916790798,"idx":13},{"addr":140736917191656,"idx":14},{"addr":140736917190209,"idx":15},{"addr":140736916798526,"idx":16},{"addr":140736916790798,"idx":17},{"addr":140736917165509,"idx":18},{"addr":140736917158036,"idx":19},{"addr":140736917157502,"idx":20},{"addr":140736916971470,"idx":21}],,,,,,,,,17396,,,,,,,,,,,,,,,,,,,,,,,,,,,,,,,,,,,,755903142,140736881754112,140736881754112,1201440,1146880,,,,,,,,,,,,,,,,,,,,,,,,,,,,,,,,,,,,,,,,,,,,,,,,,,,,,,,,,,,,,,,,,,,,,,,
"2025-09-02 15:13:22.3639069Z","ETW","Microsoft-Windows-Kernel-Process",5,"ImageLoadInfo ",17396,15804,"calc.exe",,,,"C:\Windows\System32\msvcrt.dll",,,,,,,,,,,,[{"addr":140736918203828,"idx":0},{"addr":140736917192506,"idx":1},{"addr":140736917191278,"idx":2},{"addr":140736917190209,"idx":3},{"addr":140736916798526,"idx":4},{"addr":140736916790798,"idx":5},{"addr":140736917165509,"idx":6},{"addr":140736917158036,"idx":7},{"addr":140736917157502,"idx":8},{"addr":140736916971470,"idx":9}],,,,,,,,,17396,,,,,,,,,,,,,,,,,,,,,,,,,,,,,,,,,,,,2634004398,140736913342464,140736913342464,729924,692224,,,,,,,,,,,,,,,,,,,,,,,,,,,,,,,,,,,,,,,,,,,,,,,,,,,,,,,,,,,,,,,,,,,,,,,
"2025-09-02 15:13:22.3640280Z","ETW","Microsoft-Windows-Kernel-Process",5,"ImageLoadInfo ",17396,15804,"calc.exe",,,,"C:\Windows\System32\advapi32.dll",,,,,,,,,,,,[{"addr":140736918203828,"idx":0},{"addr":140736917192506,"idx":1},{"addr":140736917191278,"idx":2},{"addr":140736917190209,"idx":3},{"addr":140736916798526,"idx":4},{"addr":140736916790798,"idx":5},{"addr":140736917165509,"idx":6},{"addr":140736917158036,"idx":7},{"addr":140736917157502,"idx":8},{"addr":140736916971470,"idx":9}],,,,,,,,,17396,,,,,,,,,,,,,,,,,,,,,,,,,,,,,,,,,,,,2886261828,140736895844352,140736895844352,804270,737280,,,,,,,,,,,,,,,,,,,,,,,,,,,,,,,,,,,,,,,,,,,,,,,,,,,,,,,,,,,,,,,,,,,,,,,
"2025-09-02 15:13:22.3642762Z","ETW","Microsoft-Windows-Kernel-Process",5,"ImageLoadInfo ",17396,15804,"calc.exe",,,,"C:\Windows\System32\sechost.dll",,,,,,,,,,,,[{"addr":140736918203828,"idx":0},{"addr":140736917192506,"idx":1},{"addr":140736917191278,"idx":2},{"addr":140736917190209,"idx":3},{"addr":140736916798526,"idx":4},{"addr":140736916790798,"idx":5},{"addr":140736917191656,"idx":6},{"addr":140736917190209,"idx":7},{"addr":140736916798526,"idx":8},{"addr":140736916790798,"idx":9},{"addr":140736917165509,"idx":10},{"addr":140736917158036,"idx":11},{"addr":140736917157502,"idx":12},{"addr":140736916971470,"idx":13}],,,,,,,,,17396,,,,,,,,,,,,,,,,,,,,,,,,,,,,,,,,,,,,918957807,140736881033216,140736881033216,733904,679936,,,,,,,,,,,,,,,,,,,,,,,,,,,,,,,,,,,,,,,,,,,,,,,,,,,,,,,,,,,,,,,,,,,,,,,
"2025-09-02 15:13:22.3651485Z","ETW","Microsoft-Windows-Kernel-Process",5,"ImageLoadInfo ",17396,15804,"calc.exe",,,,"C:\Windows\System32\imm32.dll",,,,,,,,,,,,[{"addr":140736918203828,"idx":0},{"addr":140736917192506,"idx":1},{"addr":140736917191278,"idx":2},{"addr":140736917190209,"idx":3},{"addr":140736916804181,"idx":4},{"addr":140736916785218,"idx":5},{"addr":140736916784352,"idx":6},{"addr":140736917101952,"idx":7},{"addr":140736872000198,"idx":8},{"addr":140736914283356,"idx":9},{"addr":140736914516183,"idx":10},{"addr":140736918195438,"idx":11},{"addr":140736917219838,"idx":12},{"addr":140736917215596,"idx":13},{"addr":140736916995194,"idx":14},{"addr":140736916995238,"idx":15},{"addr":140736916995238,"idx":16},{"addr":140736917165788,"idx":17},{"addr":140736917158036,"idx":18},{"addr":140736917157502,"idx":19},{"addr":140736916971470,"idx":20}],,,,,,,,,17396,,,,,,,,,,,,,,,,,,,,,,,,,,,,,,,,,,,,2763417762,140736896630784,140736896630784,237947,192512,,,,,,,,,,,,,,,,,,,,,,,,,,,,,,,,,,,,,,,,,,,,,,,,,,,,,,,,,,,,,,,,,,,,,,,
"2025-09-02 15:13:22.3657182Z","ETW","Microsoft-Antimalware-Engine",111,"Behavior Monitoring BmNotificationHandleStart",15112,11468,"Notepad.exe",,,,,,,,,,,,,,,,[],,,,,,,,,,,,,,,,,,,,,,,,,,,,,,,,,,,,,,,,,,,,,,,,,,,,,,,,,,,,,,,,,,,,,,,,,,,,,,,,,16426,3935981,1,,,,,,,,,,,,,,,,,,,,,,,,,,,,,,,,,,,,,
"2025-09-02 15:13:22.3657193Z","ETW","Microsoft-Antimalware-Engine",112,"Behavior Monitoring BmNotificationHandleStop",15112,11468,"Notepad.exe",,,,,,,,,,,,,,,,[],,,,,,,,,,,,,,,,,,,,,,,,,,,,,,,,,,,,,,,,,,,,,,,,,,,,,,,,,,,,,,,,,,,,,,,,,,,,,,,,,16426,3935981,1,false,false,0,,,,,,,,,,,,,,,,,,,,,,,,,,,,,,,,,,
"2025-09-02 15:13:22.3675962Z","ETW","Microsoft-Windows-Kernel-Process",5,"ImageLoadInfo ",17396,15804,"calc.exe",,,,"C:\Windows\System32\windows.storage.dll",,,,,,,,,,,,[{"addr":140736918203828,"idx":0},{"addr":140736917192506,"idx":1},{"addr":140736917191278,"idx":2},{"addr":140736917210764,"idx":3},{"addr":140736917201516,"idx":4},{"addr":140736917258922,"idx":5},{"addr":140736916785248,"idx":6},{"addr":140736916786774,"idx":7},{"addr":140736917021315,"idx":8},{"addr":140736917023197,"idx":9},{"addr":140736883977330,"idx":10},{"addr":140736885039797,"idx":11},{"addr":140695105641208,"idx":12},{"addr":140695105640086,"idx":13},{"addr":140736897083607,"idx":14},{"addr":140736916996940,"idx":15}],,,,,,,,,17396,,,,,,,,,,,,,,,,,,,,,,,,,,,,,,,,,,,,156427775,140736830046208,140736830046208,8870321,8781824,,,,,,,,,,,,,,,,,,,,,,,,,,,,,,,,,,,,,,,,,,,,,,,,,,,,,,,,,,,,,,,,,,,,,,,
"2025-09-02 15:13:22.3683772Z","ETW","Microsoft-Windows-Kernel-Process",5,"ImageLoadInfo ",17396,15804,"calc.exe",,,,"C:\Windows\System32\SHCore.dll",,,,,,,,,,,,[{"addr":140736918203828,"idx":0},{"addr":140736917192506,"idx":1},{"addr":140736917191278,"idx":2},{"addr":140736917190209,"idx":3},{"addr":140736916804181,"idx":4},{"addr":140736916785218,"idx":5},{"addr":140736916786774,"idx":6},{"addr":140736917021315,"idx":7},{"addr":140736917023197,"idx":8},{"addr":140736832559570,"idx":9},{"addr":140736833622801,"idx":10},{"addr":140736835929107,"idx":11},{"addr":140695105641208,"idx":12},{"addr":140695105640086,"idx":13},{"addr":140736897083607,"idx":14},{"addr":140736916996940,"idx":15}],,,,,,,,,17396,,,,,,,,,,,,,,,,,,,,,,,,,,,,,,,,,,,,742317482,140736902660096,140736902660096,1049363,1003520,,,,,,,,,,,,,,,,,,,,,,,,,,,,,,,,,,,,,,,,,,,,,,,,,,,,,,,,,,,,,,,,,,,,,,,
"2025-09-02 15:13:22.3690693Z","ETW","Microsoft-Windows-Kernel-Process",5,"ImageLoadInfo ",17396,15804,"calc.exe",,,,"C:\Windows\System32\bcryptprimitives.dll",,,,,,,,,,,,[{"addr":140736918203828,"idx":0},{"addr":140736917192506,"idx":1},{"addr":140736917191278,"idx":2},{"addr":140736917190209,"idx":3},{"addr":140736916804181,"idx":4},{"addr":140736916785218,"idx":5},{"addr":140736916786774,"idx":6},{"addr":140736917021315,"idx":7},{"addr":140736917023197,"idx":8},{"addr":140736882386290,"idx":9},{"addr":140736882460095,"idx":10},{"addr":140736881997317,"idx":11},{"addr":140736832938559,"idx":12},{"addr":140736833223175,"idx":13},{"addr":140736832572999,"idx":14},{"addr":140736833578118,"idx":15},{"addr":140736831904913,"idx":16},{"addr":140736835929140,"idx":17},{"addr":140695105641208,"idx":18},{"addr":140695105640086,"idx":19},{"addr":140736897083607,"idx":20},{"addr":140736916996940,"idx":21}],,,,,,,,,17396,,,,,,,,,,,,,,,,,,,,,,,,,,,,,,,,,,,,3318233078,140736867663872,140736867663872,705120,626688,,,,,,,,,,,,,,,,,,,,,,,,,,,,,,,,,,,,,,,,,,,,,,,,,,,,,,,,,,,,,,,,,,,,,,,
"2025-09-02 15:13:22.3696725Z","ETW","Microsoft-Windows-Kernel-Process",5,"ImageLoadInfo ",17396,15804,"calc.exe",,,,"C:\Windows\System32\shlwapi.dll",,,,,,,,,,,,[{"addr":140736918203828,"idx":0},{"addr":140736917192506,"idx":1},{"addr":140736917191278,"idx":2},{"addr":140736917190209,"idx":3},{"addr":140736916804181,"idx":4},{"addr":140736916785218,"idx":5},{"addr":140736916786774,"idx":6},{"addr":140736917021315,"idx":7},{"addr":140736917023197,"idx":8},{"addr":140736832559570,"idx":9},{"addr":140736833644915,"idx":10},{"addr":140736832575429,"idx":11},{"addr":140736832573278,"idx":12},{"addr":140736833578118,"idx":13},{"addr":140736831904913,"idx":14},{"addr":140736835929140,"idx":15},{"addr":140695105641208,"idx":16},{"addr":140695105640086,"idx":17},{"addr":140736897083607,"idx":18},{"addr":140736916996940,"idx":19}],,,,,,,,,17396,,,,,,,,,,,,,,,,,,,,,,,,,,,,,,,,,,,,17834217,140736890601472,140736890601472,465141,434176,,,,,,,,,,,,,,,,,,,,,,,,,,,,,,,,,,,,,,,,,,,,,,,,,,,,,,,,,,,,,,,,,,,,,,,
"2025-09-02 15:13:22.3701422Z","ETW","Microsoft-Windows-Kernel-Process",3,"ThreadStartStart ",17396,15804,"calc.exe",,,,,,,,,,,,,,,,[{"addr":140736918208964,"idx":0},{"addr":140736872776761,"idx":1},{"addr":140736897102141,"idx":2},{"addr":140736902967069,"idx":3},{"addr":140736835926819,"idx":4},{"addr":140736832573520,"idx":5},{"addr":140736833578118,"idx":6},{"addr":140736831904913,"idx":7},{"addr":140736835929140,"idx":8},{"addr":140695105641208,"idx":9},{"addr":140695105640086,"idx":10},{"addr":140736897083607,"idx":11},{"addr":140736916996940,"idx":12}],,,,,,,,,17396,18446639081573343232,18446639081573318656,140736902954752,0,909323882496,13804,909327728640,909327720448,140736902954752,,,,,,,,,,,,,,,,,,,,,,,,,,,,,,,,,,,,,,,,,,,,,,,,,,,,,,,,,,,,,,,,,,,,,,,,,,,,,,,,,,,,,,,,,,,,,,,,,,,,,,
"2025-09-02 15:13:22.3702746Z","ETW","Microsoft-Windows-Kernel-Process",5,"ImageLoadInfo ",17396,13804,"calc.exe",,,,"C:\Windows\System32\ole32.dll",,,,,,,,,,,,[{"addr":140736918203828,"idx":0},{"addr":140736917192506,"idx":1},{"addr":140736917191278,"idx":2},{"addr":140736917190209,"idx":3},{"addr":140736916804181,"idx":4},{"addr":140736916785218,"idx":5},{"addr":140736916786774,"idx":6},{"addr":140736917021315,"idx":7},{"addr":140736917023197,"idx":8},{"addr":140736902963810,"idx":9},{"addr":140736903073696,"idx":10},{"addr":140736902955872,"idx":11},{"addr":140736902955076,"idx":12},{"addr":140736897083607,"idx":13},{"addr":140736916996940,"idx":14}],,,,,,,,,17396,,,,,,,,,,,,,,,,,,,,,,,,,,,,,,,,,,,,916019586,140736897744896,140736897744896,1774113,1703936,,,,,,,,,,,,,,,,,,,,,,,,,,,,,,,,,,,,,,,,,,,,,,,,,,,,,,,,,,,,,,,,,,,,,,,
"2025-09-02 15:13:22.3705237Z","ETW","Microsoft-Windows-Kernel-Process",4,"ThreadStopStop ",15112,5040,"Notepad.exe",,,,,,,,,,,,,,,,[],,,,,,,,7376940,15112,18446639081570525184,18446639081570500608,140736917348896,0,1062507941888,5040,1062512623616,1062512611328,140736917348896,,,,,,,,,,,,,,,,,,,,,,,,,,,,,,,,,,,,,,,,,,,,,,,,,,,,,,,,,,,,,,,,,,,,,,,,,,,,,,,,,,,,,,,,,,,,,,,,,,,,,,
"2025-09-02 15:13:22.3705579Z","ETW","Microsoft-Windows-Kernel-Process",4,"ThreadStopStop ",15112,17548,"Notepad.exe",,,,,,,,,,,,,,,,[],,,,,,,,21478740,15112,18446639081570467840,18446639081570443264,140736917348896,0,1062507933696,17548,1062511575040,1062511558656,140736917348896,,,,,,,,,,,,,,,,,,,,,,,,,,,,,,,,,,,,,,,,,,,,,,,,,,,,,,,,,,,,,,,,,,,,,,,,,,,,,,,,,,,,,,,,,,,,,,,,,,,,,,
"2025-09-02 15:13:22.3705828Z","ETW","Microsoft-Windows-Kernel-Process",4,"ThreadStopStop ",15112,12124,"Notepad.exe",,,,,,,,,,,,,,,,[],,,,,,,,26674100,15112,18446639081570439168,18446639081570414592,140736917348896,0,1062507925504,12124,1062510526464,1062510510080,140736917348896,,,,,,,,,,,,,,,,,,,,,,,,,,,,,,,,,,,,,,,,,,,,,,,,,,,,,,,,,,,,,,,,,,,,,,,,,,,,,,,,,,,,,,,,,,,,,,,,,,,,,,
"2025-09-02 15:13:22.3706024Z","ETW","Microsoft-Windows-Kernel-Process",4,"ThreadStopStop ",15112,14224,"Notepad.exe",,,,,,,,,,,,,,,,[],,,,,,,,105154360,15112,18446639081570324480,18446639081570299904,140696714194864,0,1062507917312,14224,1062507184128,1062507159552,140696714194864,,,,,,,,,,,,,,,,,,,,,,,,,,,,,,,,,,,,,,,,,,,,,,,,,,,,,,,,,,,,,,,,,,,,,,,,,,,,,,,,,,,,,,,,,,,,,,,,,,,,,,
"2025-09-02 15:13:22.3709373Z","ETW","Microsoft-Windows-Kernel-Audit-API-Calls",5,"Info ",920,1004,"lsass.exe",,,,,,,,,,,,,,,,[{"addr":140736918203764,"idx":0},{"addr":140736861237981,"idx":1},{"addr":140736861233227,"idx":2},{"addr":140736845519191,"idx":3},{"addr":140736882620003,"idx":4},{"addr":140736882628366,"idx":5},{"addr":140736882319852,"idx":6},{"addr":140736882311415,"idx":7},{"addr":140736882088628,"idx":8},{"addr":140736882092744,"idx":9},{"addr":140736882015316,"idx":10},{"addr":140736882081820,"idx":11},{"addr":140736882106396,"idx":12},{"addr":140736882102691,"idx":13},{"addr":140736882098504,"idx":14},{"addr":140736917358174,"idx":15},{"addr":140736917350275,"idx":16},{"addr":140736897083607,"idx":17},{"addr":140736916996940,"idx":18}],,,,,,,,,,,,,,,,,,,4096,0,900,,,,,,,,,,,,,,,,,,,,,,,,,,,,,,,,,,,,,,,,,,,,,,,,,,,,,,,,,,,,,,,,,,,,,,,,,,,,,,,,,,,,,,,,,,,,,,,,,,,
"2025-09-02 15:13:22.3711198Z","ETW","Microsoft-Windows-Kernel-Process",3,"ThreadStartStart ",920,6132,"lsass.exe",,,,,,,,,,,,,,,,[{"addr":140736918216388,"idx":0},{"addr":140736917669762,"idx":1},{"addr":140736882108009,"idx":2},{"addr":140736882106619,"idx":3},{"addr":140736882102691,"idx":4},{"addr":140736882098504,"idx":5},{"addr":140736917358174,"idx":6},{"addr":140736917350275,"idx":7},{"addr":140736897083607,"idx":8},{"addr":140736916996940,"idx":9}],,,,,,,,,920,18446639081570324480,18446639081570299904,140736917348896,0,352247054336,20064,352250757120,352250707968,140736917348896,,,,,,,,,,,,,,,,,,,,,,,,,,,,,,,,,,,,,,,,,,,,,,,,,,,,,,,,,,,,,,,,,,,,,,,,,,,,,,,,,,,,,,,,,,,,,,,,,,,,,,
"2025-09-02 15:13:22.3714527Z","ETW","Microsoft-Windows-Kernel-Process",5,"ImageLoadInfo ",17396,13804,"calc.exe",,,,"C:\Windows\System32\kernel.appcore.dll",,,,,,,,,,,,[{"addr":140736918203828,"idx":0},{"addr":140736917192506,"idx":1},{"addr":140736917191278,"idx":2},{"addr":140736917210764,"idx":3},{"addr":140736917202269,"idx":4},{"addr":140736917259140,"idx":5},{"addr":140736916785248,"idx":6},{"addr":140736916786774,"idx":7},{"addr":140736917021315,"idx":8},{"addr":140736917023197,"idx":9},{"addr":140736910389554,"idx":10},{"addr":140736910690375,"idx":11},{"addr":140736910448320,"idx":12},{"addr":140736916975221,"idx":13},{"addr":140736872573249,"idx":14},{"addr":140736910291875,"idx":15},{"addr":140736910291808,"idx":16},{"addr":140736909934810,"idx":17},{"addr":140736909933889,"idx":18},{"addr":140736909932542,"idx":19},{"addr":140736909930953,"idx":20},{"addr":140736897855892,"idx":21},{"addr":140736902955872,"idx":22},{"addr":140736902955076,"idx":23},{"addr":140736897083607,"idx":24},{"addr":140736916996940,"idx":25}],,,,,,,,,17396,,,,,,,,,,,,,,,,,,,,,,,,,,,,,,,,,,,,4117383687,140736848265216,140736848265216,158572,110592,,,,,,,,,,,,,,,,,,,,,,,,,,,,,,,,,,,,,,,,,,,,,,,,,,,,,,,,,,,,,,,,,,,,,,,
"2025-09-02 15:13:22.3716406Z","ETW","Microsoft-Windows-Kernel-Audit-API-Calls",5,"Info ",1076,15876,"svchost.exe",,,,,,,,,,,,,,,,[{"addr":140736918203764,"idx":0},{"addr":140736872733451,"idx":1},{"addr":140736825978121,"idx":2},{"addr":140736882620003,"idx":3},{"addr":140736882628366,"idx":4},{"addr":140736882319852,"idx":5},{"addr":140736882311415,"idx":6},{"addr":140736882088628,"idx":7},{"addr":140736882092744,"idx":8},{"addr":140736882015316,"idx":9},{"addr":140736882081820,"idx":10},{"addr":140736882106396,"idx":11},{"addr":140736882102691,"idx":12},{"addr":140736882098504,"idx":13},{"addr":140736917358174,"idx":14},{"addr":140736917350275,"idx":15},{"addr":140736897083607,"idx":16},{"addr":140736916996940,"idx":17}],,,,,,,,,,,,,,,,,,,4096,0,920,,,,,,,,,,,,,,,,,,,,,,,,,,,,,,,,,,,,,,,,,,,,,,,,,,,,,,,,,,,,,,,,,,,,,,,,,,,,,,,,,,,,,,,,,,,,,,,,,,,
"2025-09-02 15:13:22.3716679Z","ETW","Microsoft-Windows-Kernel-Audit-API-Calls",5,"Info ",1076,15876,"svchost.exe",,,,,,,,,,,,,,,,[{"addr":140736918203764,"idx":0},{"addr":140736872733451,"idx":1},{"addr":140736825979910,"idx":2},{"addr":140736825978413,"idx":3},{"addr":140736882620003,"idx":4},{"addr":140736882628366,"idx":5},{"addr":140736882319852,"idx":6},{"addr":140736882311415,"idx":7},{"addr":140736882088628,"idx":8},{"addr":140736882092744,"idx":9},{"addr":140736882015316,"idx":10},{"addr":140736882081820,"idx":11},{"addr":140736882106396,"idx":12},{"addr":140736882102691,"idx":13},{"addr":140736882098504,"idx":14},{"addr":140736917358174,"idx":15},{"addr":140736917350275,"idx":16},{"addr":140736897083607,"idx":17},{"addr":140736916996940,"idx":18}],,,,,,,,,,,,,,,,,,,4096,0,920,,,,,,,,,,,,,,,,,,,,,,,,,,,,,,,,,,,,,,,,,,,,,,,,,,,,,,,,,,,,,,,,,,,,,,,,,,,,,,,,,,,,,,,,,,,,,,,,,,,
"2025-09-02 15:13:22.3718161Z","ETW","Microsoft-Windows-Kernel-Audit-API-Calls",5,"Info ",920,1004,"lsass.exe",,,,,,,,,,,,,,,,[{"addr":140736918203764,"idx":0},{"addr":140736860732800,"idx":1},{"addr":140736860681823,"idx":2},{"addr":140736860692418,"idx":3},{"addr":140736861933874,"idx":4},{"addr":140736861241789,"idx":5},{"addr":140736861233227,"idx":6},{"addr":140736845519191,"idx":7},{"addr":140736882620003,"idx":8},{"addr":140736882628366,"idx":9},{"addr":140736882319852,"idx":10},{"addr":140736882311415,"idx":11},{"addr":140736882088628,"idx":12},{"addr":140736882092744,"idx":13},{"addr":140736882015316,"idx":14},{"addr":140736882081820,"idx":15},{"addr":140736882106396,"idx":16},{"addr":140736882102691,"idx":17},{"addr":140736882098504,"idx":18},{"addr":140736917358174,"idx":19},{"addr":140736917350275,"idx":20},{"addr":140736897083607,"idx":21},{"addr":140736916996940,"idx":22}],,,,,,,,,,,,,,,,,,,4096,0,900,,,,,,,,,,,,,,,,,,,,,,,,,,,,,,,,,,,,,,,,,,,,,,,,,,,,,,,,,,,,,,,,,,,,,,,,,,,,,,,,,,,,,,,,,,,,,,,,,,,
"2025-09-02 15:13:22.3720445Z","ETW","Microsoft-Windows-Kernel-Process",5,"ImageLoadInfo ",17396,13804,"calc.exe",,,,"C:\Windows\System32\uxtheme.dll",,,,,,,,,,,,[{"addr":140736918203828,"idx":0},{"addr":140736917192506,"idx":1},{"addr":140736917191278,"idx":2},{"addr":140736917210764,"idx":3},{"addr":140736917202269,"idx":4},{"addr":140736917259140,"idx":5},{"addr":140736916785248,"idx":6},{"addr":140736916784352,"idx":7},{"addr":140736917101952,"idx":8},{"addr":140736872000198,"idx":9},{"addr":140736914284989,"idx":10},{"addr":140736918218964,"idx":11},{"addr":140736876126340,"idx":12},{"addr":140736914229722,"idx":13},{"addr":140736914228583,"idx":14},{"addr":140736914228082,"idx":15},{"addr":140736910431671,"idx":16},{"addr":140736909934518,"idx":17},{"addr":140736909932542,"idx":18},{"addr":140736909930953,"idx":19},{"addr":140736897855892,"idx":20},{"addr":140736902955872,"idx":21},{"addr":140736902955076,"idx":22},{"addr":140736897083607,"idx":23},{"addr":140736916996940,"idx":24}],,,,,,,,,17396,,,,,,,,,,,,,,,,,,,,,,,,,,,,,,,,,,,,1095616687,140736820019200,140736820019200,769574,716800,,,,,,,,,,,,,,,,,,,,,,,,,,,,,,,,,,,,,,,,,,,,,,,,,,,,,,,,,,,,,,,,,,,,,,,
"2025-09-02 15:13:22.3722903Z","ETW","Microsoft-Antimalware-Engine",59,"Message Info ",1912,10404,"MsMpEng.exe",,,,,,0,"!BMGroup:DridexVulnDlls.A","0x195B3BF987774","01184f82067d771b42525bbf6c6541ec7a8114a3",,,,,,,[],,,,,,,,,,,,,,,,,,,,,,,,,,,,,,,,,,,,,,,,,,,,,,,,,,,,,,,,,,,,,,,,,,,,,,,,,,,,,,,,,,,,,,,,,,,,,,,,,,,,,,,,,,,,,,,,,,,,,,,,
"2025-09-02 15:13:22.3723395Z","ETW","Microsoft-Windows-Kernel-Audit-API-Calls",5,"Info ",2496,2756,"svchost.exe",,,,,,,,,,,,,,,,[{"addr":140736918203764,"idx":0},{"addr":140736624153375,"idx":1},{"addr":140736624146038,"idx":2},{"addr":140736624145118,"idx":3},{"addr":140736624193741,"idx":4},{"addr":140700308678045,"idx":5},{"addr":140736881194535,"idx":6},{"addr":140736897083607,"idx":7},{"addr":140736916996940,"idx":8}],,,,,,,,,,,,,,,,,,,5240,0,17396,,,,,,,,,,,,,,,,,,,,,,,,,,,,,,,,,,,,,,,,,,,,,,,,,,,,,,,,,,,,,,,,,,,,,,,,,,,,,,,,,,,,,,,,,,,,,,,,,,,
"2025-09-02 15:13:22.3724209Z","ETW","Microsoft-Windows-Kernel-Audit-API-Calls",6,"Info ",2496,4360,"svchost.exe",,,,,,,,,,,,,,,,[{"addr":140736918212548,"idx":0},{"addr":140736624141675,"idx":1},{"addr":140736624140828,"idx":2},{"addr":140736624140307,"idx":3},{"addr":140736624148436,"idx":4},{"addr":140736624147998,"idx":5},{"addr":140736624154053,"idx":6},{"addr":140736917453874,"idx":7},{"addr":140736917350976,"idx":8},{"addr":140736897083607,"idx":9},{"addr":140736916996940,"idx":10}],,,,,,,,,,,,,,,,,,,64,0,17396,13804,,,,,,,,,,,,,,,,,,,,,,,,,,,,,,,,,,,,,,,,,,,,,,,,,,,,,,,,,,,,,,,,,,,,,,,,,,,,,,,,,,,,,,,,,,,,,,,,,,
"2025-09-02 15:13:22.3724262Z","ETW","Microsoft-Windows-Kernel-Audit-API-Calls",5,"Info ",2496,4360,"svchost.exe",,,,,,,,,,,,,,,,[{"addr":140736918203764,"idx":0},{"addr":140736624141781,"idx":1},{"addr":140736624140828,"idx":2},{"addr":140736624140307,"idx":3},{"addr":140736624148436,"idx":4},{"addr":140736624147998,"idx":5},{"addr":140736624154053,"idx":6},{"addr":140736917453874,"idx":7},{"addr":140736917350976,"idx":8},{"addr":140736897083607,"idx":9},{"addr":140736916996940,"idx":10}],,,,,,,,,,,,,,,,,,,1024,0,17396,,,,,,,,,,,,,,,,,,,,,,,,,,,,,,,,,,,,,,,,,,,,,,,,,,,,,,,,,,,,,,,,,,,,,,,,,,,,,,,,,,,,,,,,,,,,,,,,,,,
"2025-09-02 15:13:22.3725895Z","ETW","Microsoft-Antimalware-Engine",59,"Message Info ",1912,10404,"MsMpEng.exe",,,,,,0,"Behavior:Win32/ExploitAttempt.ZA!dha","0x5BB3C187493B","9b9f35e3b87d39f15df8932701977e1f4f0409c6",,,,,,,[],,,,,,,,,,,,,,,,,,,,,,,,,,,,,,,,,,,,,,,,,,,,,,,,,,,,,,,,,,,,,,,,,,,,,,,,,,,,,,,,,,,,,,,,,,,,,,,,,,,,,,,,,,,,,,,,,,,,,,,,
"2025-09-02 15:13:22.3731519Z","ETW","Microsoft-Windows-Kernel-Process",5,"ImageLoadInfo ",17396,13804,"calc.exe",,,,"C:\Windows\System32\propsys.dll",,,,,,,,,,,,[{"addr":140736918203828,"idx":0},{"addr":140736917192506,"idx":1},{"addr":140736917191278,"idx":2},{"addr":140736917210764,"idx":3},{"addr":140736917201516,"idx":4},{"addr":140736917258922,"idx":5},{"addr":140736916785248,"idx":6},{"addr":140736916786774,"idx":7},{"addr":140736917021315,"idx":8},{"addr":140736917023197,"idx":9},{"addr":140736832559570,"idx":10},{"addr":140736833622940,"idx":11},{"addr":140736831832680,"idx":12},{"addr":140736831829141,"idx":13},{"addr":140736831828780,"idx":14},{"addr":140736831828138,"idx":15},{"addr":140736835925724,"idx":16},{"addr":140736835914335,"idx":17},{"addr":140736902955098,"idx":18},{"addr":140736897083607,"idx":19},{"addr":140736916996940,"idx":20}],,,,,,,,,17396,,,,,,,,,,,,,,,,,,,,,,,,,,,,,,,,,,,,3411663920,140736783384576,140736783384576,1157670,1101824,,,,,,,,,,,,,,,,,,,,,,,,,,,,,,,,,,,,,,,,,,,,,,,,,,,,,,,,,,,,,,,,,,,,,,,
"2025-09-02 15:13:22.3732056Z","ETW","Microsoft-Windows-Kernel-Process",1,"ProcessStartStart ",900,17808,"services.exe",,,,"C:\Windows\System32\svchost.exe",,,,,,,,,,,,[{"addr":140736918209220,"idx":0},{"addr":140736872957146,"idx":1},{"addr":140736872946835,"idx":2},{"addr":140736897134736,"idx":3},{"addr":140695717430165,"idx":4},{"addr":140695717709155,"idx":5},{"addr":140695717186202,"idx":6},{"addr":140695717179385,"idx":7},{"addr":140695717174946,"idx":8},{"addr":140695717140647,"idx":9},{"addr":140695717249748,"idx":10},{"addr":140736917261860,"idx":11},{"addr":140736917263407,"idx":12},{"addr":140736917266967,"idx":13},{"addr":140736917265136,"idx":14},{"addr":140736917350329,"idx":15},{"addr":140736897083607,"idx":16},{"addr":140736916996940,"idx":17}],,,,,,,,,19992,,,,,,,,,,,,,,,,,,,,,,,134012996023731457,0,91182,"0x","","",900,11,31826,1,1,0,0,2654003965,,,,,,,,,,,,,,,,,,,,,,,,,,,,,,,,,,,,,,,,,,,,,,,,,,,,,,,,,,,,,,,,,,,,,,,,,,,
"2025-09-02 15:13:22.3733152Z","ETW","Microsoft-Windows-Kernel-Audit-API-Calls",6,"Info ",1912,8,"MsMpEng.exe",,,,,,,,,,,,,,,,[{"addr":140736918212548,"idx":0},{"addr":140736872857142,"idx":1},{"addr":140736738243895,"idx":2},{"addr":140736738242452,"idx":3},{"addr":140736657687525,"idx":4},{"addr":140736657686325,"idx":5},{"addr":140736657683993,"idx":6},{"addr":140736658258217,"idx":7},{"addr":140736657749938,"idx":8},{"addr":140736657909615,"idx":9},{"addr":140736658079503,"idx":10},{"addr":140736897083607,"idx":11},{"addr":140736916996940,"idx":12}],,,,,,,,,,,,,,,,,,,2097151,0,1912,8,,,,,,,,,,,,,,,,,,,,,,,,,,,,,,,,,,,,,,,,,,,,,,,,,,,,,,,,,,,,,,,,,,,,,,,,,,,,,,,,,,,,,,,,,,,,,,,,,,
"2025-09-02 15:13:22.3735383Z","ETW","Microsoft-Windows-Kernel-Audit-API-Calls",5,"Info ",1912,8,"MsMpEng.exe",,,,,,,,,,,,,,,,[{"addr":140736918203764,"idx":0},{"addr":140736872731894,"idx":1},{"addr":140733815122067,"idx":2},{"addr":140733813533757,"idx":3},{"addr":140733820783122,"idx":4},{"addr":140733811457761,"idx":5},{"addr":140733811450648,"idx":6},{"addr":140733811449218,"idx":7},{"addr":140733811441856,"idx":8},{"addr":140733811790261,"idx":9},{"addr":140733811785301,"idx":10},{"addr":140736738242841,"idx":11},{"addr":140736657687525,"idx":12},{"addr":140736657686325,"idx":13},{"addr":140736657683993,"idx":14},{"addr":140736658258217,"idx":15},{"addr":140736657749938,"idx":16},{"addr":140736657909615,"idx":17},{"addr":140736658079503,"idx":18},{"addr":140736897083607,"idx":19},{"addr":140736916996940,"idx":20}],,,,,,,,,,,,,,,,,,,1536,0,19992,,,,,,,,,,,,,,,,,,,,,,,,,,,,,,,,,,,,,,,,,,,,,,,,,,,,,,,,,,,,,,,,,,,,,,,,,,,,,,,,,,,,,,,,,,,,,,,,,,,
"2025-09-02 15:13:22.3735813Z","ETW","Microsoft-Windows-Kernel-Process",5,"ImageLoadInfo ",17396,13804,"calc.exe",,,,"C:\Windows\System32\oleaut32.dll",,,,,,,,,,,,[{"addr":140736918203828,"idx":0},{"addr":140736917192506,"idx":1},{"addr":140736917191278,"idx":2},{"addr":140736917190209,"idx":3},{"addr":140736916804181,"idx":4},{"addr":140736916785218,"idx":5},{"addr":140736916786774,"idx":6},{"addr":140736917021315,"idx":7},{"addr":140736917023197,"idx":8},{"addr":140736783766354,"idx":9},{"addr":140736783846783,"idx":10},{"addr":140736783538823,"idx":11},{"addr":140736783537587,"idx":12},{"addr":140736783757345,"idx":13},{"addr":140736831832791,"idx":14},{"addr":140736831829141,"idx":15},{"addr":140736831828780,"idx":16},{"addr":140736831828138,"idx":17},{"addr":140736835925724,"idx":18},{"addr":140736835914335,"idx":19},{"addr":140736902955098,"idx":20},{"addr":140736897083607,"idx":21},{"addr":140736916996940,"idx":22}],,,,,,,,,17396,,,,,,,,,,,,,,,,,,,,,,,,,,,,,,,,,,,,2785821912,140736894861312,140736894861312,927709,917504,,,,,,,,,,,,,,,,,,,,,,,,,,,,,,,,,,,,,,,,,,,,,,,,,,,,,,,,,,,,,,,,,,,,,,,
"2025-09-02 15:13:22.3736725Z","ETW","Microsoft-Windows-Kernel-Audit-API-Calls",5,"Info ",1912,11040,"MsMpEng.exe",,,,,,,,,,,,,,,,[{"addr":140736918203764,"idx":0},{"addr":140736872731894,"idx":1},{"addr":140733810479103,"idx":2},{"addr":140733810478599,"idx":3},{"addr":140733810481824,"idx":4},{"addr":140733811992461,"idx":5},{"addr":140733811987347,"idx":6},{"addr":140733811996001,"idx":7},{"addr":140733811994278,"idx":8},{"addr":140733810447018,"idx":9},{"addr":140733810434825,"idx":10},{"addr":140733810436081,"idx":11},{"addr":140733810435993,"idx":12},{"addr":140733812865289,"idx":13},{"addr":140733811799252,"idx":14},{"addr":140733811789863,"idx":15},{"addr":140733811785301,"idx":16},{"addr":140736738242841,"idx":17},{"addr":140736657613597,"idx":18},{"addr":140736657838177,"idx":19},{"addr":140736749360292,"idx":20},{"addr":140736749360015,"idx":21},{"addr":140736917255712,"idx":22},{"addr":140736917350945,"idx":23},{"addr":140736897083607,"idx":24},{"addr":140736916996940,"idx":25}],,,,,,,,,,,,,,,,,,,4096,0,19992,,,,,,,,,,,,,,,,,,,,,,,,,,,,,,,,,,,,,,,,,,,,,,,,,,,,,,,,,,,,,,,,,,,,,,,,,,,,,,,,,,,,,,,,,,,,,,,,,,,
"2025-09-02 15:13:22.3736731Z","ETW","Microsoft-Windows-Kernel-Audit-API-Calls",5,"Info ",900,17808,"services.exe",,,,,,,,,,,,,,,,[{"addr":140736918209220,"idx":0},{"addr":140736872957146,"idx":1},{"addr":140736872946835,"idx":2},{"addr":140736897134736,"idx":3},{"addr":140695717430165,"idx":4},{"addr":140695717709155,"idx":5},{"addr":140695717186202,"idx":6},{"addr":140695717179385,"idx":7},{"addr":140695717174946,"idx":8},{"addr":140695717140647,"idx":9},{"addr":140695717249748,"idx":10},{"addr":140736917261860,"idx":11},{"addr":140736917263407,"idx":12},{"addr":140736917266967,"idx":13},{"addr":140736917265136,"idx":14},{"addr":140736917350329,"idx":15},{"addr":140736897083607,"idx":16},{"addr":140736916996940,"idx":17}],,,,,,,,,,,,,,,,,,,1024,0,19992,,,,,,,,,,,,,,,,,,,,,,,,,,,,,,,,,,,,,,,,,,,,,,,,,,,,,,,,,,,,,,,,,,,,,,,,,,,,,,,,,,,,,,,,,,,,,,,,,,,
"2025-09-02 15:13:22.3737591Z","ETW","Microsoft-Windows-Kernel-Audit-API-Calls",5,"Info ",900,17808,"services.exe",,,,,,,,,,,,,,,,[{"addr":140736918209220,"idx":0},{"addr":140736872957146,"idx":1},{"addr":140736872946835,"idx":2},{"addr":140736897134736,"idx":3},{"addr":140695717430165,"idx":4},{"addr":140695717709155,"idx":5},{"addr":140695717186202,"idx":6},{"addr":140695717179385,"idx":7},{"addr":140695717174946,"idx":8},{"addr":140695717140647,"idx":9},{"addr":140695717249748,"idx":10},{"addr":140736917261860,"idx":11},{"addr":140736917263407,"idx":12},{"addr":140736917266967,"idx":13},{"addr":140736917265136,"idx":14},{"addr":140736917350329,"idx":15},{"addr":140736897083607,"idx":16},{"addr":140736916996940,"idx":17}],,,,,,,,,,,,,,,,,,,1024,0,900,,,,,,,,,,,,,,,,,,,,,,,,,,,,,,,,,,,,,,,,,,,,,,,,,,,,,,,,,,,,,,,,,,,,,,,,,,,,,,,,,,,,,,,,,,,,,,,,,,,
"2025-09-02 15:13:22.3738861Z","ETW","Microsoft-Windows-Kernel-Process",3,"ThreadStartStart ",900,17808,"services.exe",,,,,,,,,,,,,,,,[{"addr":140736918209220,"idx":0},{"addr":140736872957146,"idx":1},{"addr":140736872946835,"idx":2},{"addr":140736897134736,"idx":3},{"addr":140695717430165,"idx":4},{"addr":140695717709155,"idx":5},{"addr":140695717186202,"idx":6},{"addr":140695717179385,"idx":7},{"addr":140695717174946,"idx":8},{"addr":140695717140647,"idx":9},{"addr":140695717249748,"idx":10},{"addr":140736917261860,"idx":11},{"addr":140736917263407,"idx":12},{"addr":140736917266967,"idx":13},{"addr":140736917265136,"idx":14},{"addr":140736917350329,"idx":15},{"addr":140736897083607,"idx":16},{"addr":140736916996940,"idx":17}],,,,,,,,,19992,18446639081572794368,18446639081572769792,140700308688864,0,111298596864,21692,111297560576,111297544192,140700308688864,,,,,,,,,,,,,,,,,,,,,,,,,,,,,,,,,,,,,,,,,,,,,,,,,,,,,,,,,,,,,,,,,,,,,,,,,,,,,,,,,,,,,,,,,,,,,,,,,,,,,,
"2025-09-02 15:13:22.3745021Z","ETW","Microsoft-Windows-Kernel-Audit-API-Calls",5,"Info ",1912,10404,"MsMpEng.exe",,,,,,,,,,,,,,,,[{"addr":140736918203764,"idx":0},{"addr":140736872731894,"idx":1},{"addr":140733810479103,"idx":2},{"addr":140733810478599,"idx":3},{"addr":140733811469163,"idx":4},{"addr":140733811468543,"idx":5},{"addr":140733813649356,"idx":6},{"addr":140733808799556,"idx":7},{"addr":140733808804501,"idx":8},{"addr":140733808797687,"idx":9},{"addr":140733809165196,"idx":10},{"addr":140733809160564,"idx":11},{"addr":140733808882112,"idx":12},{"addr":140733808881111,"idx":13},{"addr":140733808887575,"idx":14},{"addr":140733808978064,"idx":15},{"addr":140733808969552,"idx":16},{"addr":140733810419886,"idx":17},{"addr":140733810456873,"idx":18},{"addr":140733810413765,"idx":19},{"addr":140733810417057,"idx":20},{"addr":140733810415802,"idx":21},{"addr":140733810413462,"idx":22},{"addr":140733810411633,"idx":23},{"addr":140733810411092,"idx":24},{"addr":140733815162932,"idx":25},{"addr":140733815162655,"idx":26},{"addr":140736917255712,"idx":27},{"addr":140736917350945,"idx":28},{"addr":140736897083607,"idx":29},{"addr":140736916996940,"idx":30}],,,,,,,,,,,,,,,,,,,4112,3221225506,900,,,,,,,,,,,,,,,,,,,,,,,,,,,,,,,,,,,,,,,,,,,,,,,,,,,,,,,,,,,,,,,,,,,,,,,,,,,,,,,,,,,,,,,,,,,,,,,,,,,
"2025-09-02 15:13:22.3745101Z","ETW","Microsoft-Windows-Kernel-Audit-API-Calls",5,"Info ",1912,10404,"MsMpEng.exe",,,,,,,,,,,,,,,,[{"addr":140736918203764,"idx":0},{"addr":140736872731894,"idx":1},{"addr":140733810479103,"idx":2},{"addr":140733810478599,"idx":3},{"addr":140733811468921,"idx":4},{"addr":140733811468412,"idx":5},{"addr":140733813649356,"idx":6},{"addr":140733808799556,"idx":7},{"addr":140733808804501,"idx":8},{"addr":140733808797687,"idx":9},{"addr":140733809165196,"idx":10},{"addr":140733809160564,"idx":11},{"addr":140733808882112,"idx":12},{"addr":140733808881111,"idx":13},{"addr":140733808887575,"idx":14},{"addr":140733808978064,"idx":15},{"addr":140733808969552,"idx":16},{"addr":140733810419886,"idx":17},{"addr":140733810456873,"idx":18},{"addr":140733810413765,"idx":19},{"addr":140733810417057,"idx":20},{"addr":140733810415802,"idx":21},{"addr":140733810413462,"idx":22},{"addr":140733810411633,"idx":23},{"addr":140733810411092,"idx":24},{"addr":140733815162932,"idx":25},{"addr":140733815162655,"idx":26},{"addr":140736917255712,"idx":27},{"addr":140736917350945,"idx":28},{"addr":140736897083607,"idx":29},{"addr":140736916996940,"idx":30}],,,,,,,,,,,,,,,,,,,4096,0,900,,,,,,,,,,,,,,,,,,,,,,,,,,,,,,,,,,,,,,,,,,,,,,,,,,,,,,,,,,,,,,,,,,,,,,,,,,,,,,,,,,,,,,,,,,,,,,,,,,,
"2025-09-02 15:13:22.3745198Z","ETW","Microsoft-Windows-Kernel-Audit-API-Calls",5,"Info ",676,2044,"csrss.exe",,,,,,,,,,,,,,,,[{"addr":140736918203764,"idx":0},{"addr":140736867430364,"idx":1},{"addr":140736867572214,"idx":2},{"addr":140736916996962,"idx":3}],,,,,,,,,,,,,,,,,,,2097151,0,19992,,,,,,,,,,,,,,,,,,,,,,,,,,,,,,,,,,,,,,,,,,,,,,,,,,,,,,,,,,,,,,,,,,,,,,,,,,,,,,,,,,,,,,,,,,,,,,,,,,,
"2025-09-02 15:13:22.3745277Z","ETW","Microsoft-Windows-Kernel-Audit-API-Calls",6,"Info ",676,2044,"csrss.exe",,,,,,,,,,,,,,,,[{"addr":140736918212548,"idx":0},{"addr":140736867430626,"idx":1},{"addr":140736867572214,"idx":2},{"addr":140736916996962,"idx":3}],,,,,,,,,,,,,,,,,,,2097151,0,19992,21692,,,,,,,,,,,,,,,,,,,,,,,,,,,,,,,,,,,,,,,,,,,,,,,,,,,,,,,,,,,,,,,,,,,,,,,,,,,,,,,,,,,,,,,,,,,,,,,,,,
"2025-09-02 15:13:22.3745312Z","ETW","Microsoft-Antimalware-Engine",59,"Message Info ",1912,10404,"MsMpEng.exe",,,,,,0,"Behavior:Win32/NonStdSvchostParent.A","0x91B3DB590133","e4caea6aab0647b7265547cab25cb7e571b781fd",,,,,,,[],,,,,,,,,,,,,,,,,,,,,,,,,,,,,,,,,,,,,,,,,,,,,,,,,,,,,,,,,,,,,,,,,,,,,,,,,,,,,,,,,,,,,,,,,,,,,,,,,,,,,,,,,,,,,,,,,,,,,,,,
"2025-09-02 15:13:22.3745550Z","ETW","Microsoft-Antimalware-Engine",59,"Message Info ",1912,10404,"MsMpEng.exe",,,,,,0,"Behavior:Win32/NonStdSvchostParent.B!bcl","0x2DB3381F483E","1a232357220189ea02dff38d214419dcfe8c39c3",,,,,,,[],,,,,,,,,,,,,,,,,,,,,,,,,,,,,,,,,,,,,,,,,,,,,,,,,,,,,,,,,,,,,,,,,,,,,,,,,,,,,,,,,,,,,,,,,,,,,,,,,,,,,,,,,,,,,,,,,,,,,,,,
"2025-09-02 15:13:22.3751461Z","ETW","Microsoft-Windows-Kernel-Process",5,"ImageLoadInfo ",19992,21692,"svchost.exe",,,,"C:\Windows\System32\svchost.exe",,,,,,,,,,,,[{"addr":140736916996896,"idx":0}],,,,,,,,,19992,,,,,,,,,,,,,,,,,,,,,,,,,,,,,,,,,,,,2654003965,140700308668416,140700308668416,91182,77824,,,,,,,,,,,,,,,,,,,,,,,,,,,,,,,,,,,,,,,,,,,,,,,,,,,,,,,,,,,,,,,,,,,,,,,
"2025-09-02 15:13:22.3751678Z","ETW","Microsoft-Windows-Kernel-Process",5,"ImageLoadInfo ",19992,21692,"svchost.exe",,,,"C:\Windows\System32\ntdll.dll",,,,,,,,,,,,[{"addr":140736916996896,"idx":0}],,,,,,,,,19992,,,,,,,,,,,,,,,,,,,,,,,,,,,,,,,,,,,,2512787800,140736916750336,140736916750336,2531053,2519040,,,,,,,,,,,,,,,,,,,,,,,,,,,,,,,,,,,,,,,,,,,,,,,,,,,,,,,,,,,,,,,,,,,,,,,
"2025-09-02 15:13:22.3752786Z","ETW","Microsoft-Windows-Kernel-Audit-API-Calls",6,"Info ",1912,8,"MsMpEng.exe",,,,,,,,,,,,,,,,[{"addr":140736918212548,"idx":0},{"addr":140736872857142,"idx":1},{"addr":140736738243895,"idx":2},{"addr":140736738242452,"idx":3},{"addr":140736657604428,"idx":4},{"addr":140736657598535,"idx":5},{"addr":140736657597146,"idx":6},{"addr":140736658259206,"idx":7},{"addr":140736657749938,"idx":8},{"addr":140736657909615,"idx":9},{"addr":140736658079503,"idx":10},{"addr":140736897083607,"idx":11},{"addr":140736916996940,"idx":12}],,,,,,,,,,,,,,,,,,,2097151,0,1912,8,,,,,,,,,,,,,,,,,,,,,,,,,,,,,,,,,,,,,,,,,,,,,,,,,,,,,,,,,,,,,,,,,,,,,,,,,,,,,,,,,,,,,,,,,,,,,,,,,,
"2025-09-02 15:13:22.3752960Z","ETW","Microsoft-Windows-Kernel-Audit-API-Calls",5,"Info ",1912,8,"MsMpEng.exe",,,,,,,,,,,,,,,,[{"addr":140736918203764,"idx":0},{"addr":140736872731894,"idx":1},{"addr":140733810479103,"idx":2},{"addr":140733810478599,"idx":3},{"addr":140733809630809,"idx":4},{"addr":140733809420559,"idx":5},{"addr":140733811789991,"idx":6},{"addr":140733811785301,"idx":7},{"addr":140736738242841,"idx":8},{"addr":140736657604428,"idx":9},{"addr":140736657598535,"idx":10},{"addr":140736657597146,"idx":11},{"addr":140736658259206,"idx":12},{"addr":140736657749938,"idx":13},{"addr":140736657909615,"idx":14},{"addr":140736658079503,"idx":15},{"addr":140736897083607,"idx":16},{"addr":140736916996940,"idx":17}],,,,,,,,,,,,,,,,,,,1052672,0,19992,,,,,,,,,,,,,,,,,,,,,,,,,,,,,,,,,,,,,,,,,,,,,,,,,,,,,,,,,,,,,,,,,,,,,,,,,,,,,,,,,,,,,,,,,,,,,,,,,,,
"2025-09-02 15:13:22.3757811Z","ETW","Microsoft-Antimalware-Engine",59,"Message Info ",1912,10404,"MsMpEng.exe",,,,,,0,"Behavior:Win32/NonStdSvchostProcess.A","0x19B3378537B0","a46a2542652cb8bc637538e84e4072ba74767f54",,,,,,,[],,,,,,,,,,,,,,,,,,,,,,,,,,,,,,,,,,,,,,,,,,,,,,,,,,,,,,,,,,,,,,,,,,,,,,,,,,,,,,,,,,,,,,,,,,,,,,,,,,,,,,,,,,,,,,,,,,,,,,,,
"2025-09-02 15:13:22.3759903Z","ETW","Microsoft-Windows-Kernel-Process",5,"ImageLoadInfo ",17396,13804,"calc.exe",,,,"C:\Windows\System32\clbcatq.dll",,,,,,,,,,,,[{"addr":140736918203828,"idx":0},{"addr":140736917192506,"idx":1},{"addr":140736917191278,"idx":2},{"addr":140736917190209,"idx":3},{"addr":140736916804181,"idx":4},{"addr":140736916785218,"idx":5},{"addr":140736916786774,"idx":6},{"addr":140736917021315,"idx":7},{"addr":140736917023197,"idx":8},{"addr":140736910389554,"idx":9},{"addr":140736910688281,"idx":10},{"addr":140736910347186,"idx":11},{"addr":140736911036234,"idx":12},{"addr":140736909566763,"idx":13},{"addr":140736909524306,"idx":14},{"addr":140736909523551,"idx":15},{"addr":140736830208159,"idx":16},{"addr":140736831046072,"idx":17},{"addr":140736831048592,"idx":18},{"addr":140736831050755,"idx":19},{"addr":140736831044458,"idx":20},{"addr":140736831043854,"idx":21},{"addr":140736831525169,"idx":22},{"addr":140736830205448,"idx":23},{"addr":140736830203500,"idx":24},{"addr":140736830202747,"idx":25},{"addr":140736830202364,"idx":26},{"addr":140736890648089,"idx":27},{"addr":140736832422910,"idx":28},{"addr":140736830655693,"idx":29},{"addr":140736830472602,"idx":30},{"addr":140736830661589,"idx":31},{"addr":140736831828181,"idx":32},{"addr":140736835925724,"idx":33},{"addr":140736835914335,"idx":34},{"addr":140736902955098,"idx":35},{"addr":140736897083607,"idx":36},{"addr":140736916996940,"idx":37}],,,,,,,,,17396,,,,,,,,,,,,,,,,,,,,,,,,,,,,,,,,,,,,1600192633,140736892108800,140736892108800,700133,688128,,,,,,,,,,,,,,,,,,,,,,,,,,,,,,,,,,,,,,,,,,,,,,,,,,,,,,,,,,,,,,,,,,,,,,,
"2025-09-02 15:13:22.3768449Z","ETW","Microsoft-Windows-Kernel-Process",5,"ImageLoadInfo ",17396,13804,"calc.exe",,,,"C:\Windows\System32\Windows.System.Launcher.dll",,,,,,,,,,,,[{"addr":140736918203828,"idx":0},{"addr":140736917192506,"idx":1},{"addr":140736917191278,"idx":2},{"addr":140736917210764,"idx":3},{"addr":140736917202269,"idx":4},{"addr":140736917259140,"idx":5},{"addr":140736916785248,"idx":6},{"addr":140736916784352,"idx":7},{"addr":140736917101952,"idx":8},{"addr":140736872000198,"idx":9},{"addr":140736909363845,"idx":10},{"addr":140736909362547,"idx":11},{"addr":140736909531736,"idx":12},{"addr":140736909524833,"idx":13},{"addr":140736909523551,"idx":14},{"addr":140736830208159,"idx":15},{"addr":140736831046072,"idx":16},{"addr":140736831048592,"idx":17},{"addr":140736831050755,"idx":18},{"addr":140736831044458,"idx":19},{"addr":140736831043854,"idx":20},{"addr":140736831525169,"idx":21},{"addr":140736830205448,"idx":22},{"addr":140736830203500,"idx":23},{"addr":140736830202747,"idx":24},{"addr":140736830202364,"idx":25},{"addr":140736890648089,"idx":26},{"addr":140736832422910,"idx":27},{"addr":140736830655693,"idx":28},{"addr":140736830472602,"idx":29},{"addr":140736830661589,"idx":30},{"addr":140736831828181,"idx":31},{"addr":140736835925724,"idx":32},{"addr":140736835914335,"idx":33},{"addr":140736902955098,"idx":34},{"addr":140736897083607,"idx":35},{"addr":140736916996940,"idx":36}],,,,,,,,,17396,,,,,,,,,,,,,,,,,,,,,,,,,,,,,,,,,,,,1243891064,140736566591488,140736566591488,1618084,1576960,,,,,,,,,,,,,,,,,,,,,,,,,,,,,,,,,,,,,,,,,,,,,,,,,,,,,,,,,,,,,,,,,,,,,,,
"2025-09-02 15:13:22.3774777Z","ETW","Microsoft-Windows-Kernel-Process",5,"ImageLoadInfo ",17396,13804,"calc.exe",,,,"C:\Windows\System32\Windows.StateRepositoryCore.dll",,,,,,,,,,,,[{"addr":140736918203828,"idx":0},{"addr":140736917192506,"idx":1},{"addr":140736917191278,"idx":2},{"addr":140736917210764,"idx":3},{"addr":140736917202269,"idx":4},{"addr":140736917259140,"idx":5},{"addr":140736916785248,"idx":6},{"addr":140736916786774,"idx":7},{"addr":140736917021315,"idx":8},{"addr":140736917023197,"idx":9},{"addr":140736566784610,"idx":10},{"addr":140736566877674,"idx":11},{"addr":140736566634046,"idx":12},{"addr":140736830208306,"idx":13},{"addr":140736831046072,"idx":14},{"addr":140736831048592,"idx":15},{"addr":140736831050755,"idx":16},{"addr":140736831044458,"idx":17},{"addr":140736831043854,"idx":18},{"addr":140736831525169,"idx":19},{"addr":140736830205448,"idx":20},{"addr":140736830203500,"idx":21},{"addr":140736830202747,"idx":22},{"addr":140736830202364,"idx":23},{"addr":140736890648089,"idx":24},{"addr":140736832422910,"idx":25},{"addr":140736830655693,"idx":26},{"addr":140736830472602,"idx":27},{"addr":140736830661589,"idx":28},{"addr":140736831828181,"idx":29},{"addr":140736835925724,"idx":30},{"addr":140736835914335,"idx":31},{"addr":140736902955098,"idx":32},{"addr":140736897083607,"idx":33},{"addr":140736916996940,"idx":34}],,,,,,,,,17396,,,,,,,,,,,,,,,,,,,,,,,,,,,,,,,,,,,,3847844510,140736632913920,140736632913920,174488,106496,,,,,,,,,,,,,,,,,,,,,,,,,,,,,,,,,,,,,,,,,,,,,,,,,,,,,,,,,,,,,,,,,,,,,,,
"2025-09-02 15:13:22.3780130Z","ETW","Microsoft-Windows-Kernel-Process",5,"ImageLoadInfo ",19992,21692,"svchost.exe",,,,"C:\Windows\System32\kernel32.dll",,,,,,,,,,,,[{"addr":140736918203828,"idx":0},{"addr":140736917192506,"idx":1},{"addr":140736917191278,"idx":2},{"addr":140736917190209,"idx":3},{"addr":140736916804181,"idx":4},{"addr":140736916785218,"idx":5},{"addr":140736916784352,"idx":6},{"addr":140736917101952,"idx":7},{"addr":140736917649076,"idx":8},{"addr":140736917165243,"idx":9},{"addr":140736917158036,"idx":10},{"addr":140736917157502,"idx":11},{"addr":140736916971470,"idx":12}],,,,,,,,,19992,,,,,,,,,,,,,,,,,,,,,,,,,,,,,,,,,,,,2842556120,140736896892928,140736896892928,880212,823296,,,,,,,,,,,,,,,,,,,,,,,,,,,,,,,,,,,,,,,,,,,,,,,,,,,,,,,,,,,,,,,,,,,,,,,
"2025-09-02 15:13:22.3781169Z","ETW","Microsoft-Windows-Kernel-Process",5,"ImageLoadInfo ",19992,21692,"svchost.exe",,,,"C:\Windows\System32\KernelBase.dll",,,,,,,,,,,,[{"addr":140736918203828,"idx":0},{"addr":140736917192506,"idx":1},{"addr":140736917191278,"idx":2},{"addr":140736917190209,"idx":3},{"addr":140736916798526,"idx":4},{"addr":140736916790798,"idx":5},{"addr":140736917191656,"idx":6},{"addr":140736917190209,"idx":7},{"addr":140736916804181,"idx":8},{"addr":140736916785218,"idx":9},{"addr":140736916784352,"idx":10},{"addr":140736917101952,"idx":11},{"addr":140736917649076,"idx":12},{"addr":140736917165243,"idx":13},{"addr":140736917158036,"idx":14},{"addr":140736917157502,"idx":15},{"addr":140736916971470,"idx":16}],,,,,,,,,19992,,,,,,,,,,,,,,,,,,,,,,,,,,,,,,,,,,,,1916522255,140736871923712,140736871923712,4150506,4128768,,,,,,,,,,,,,,,,,,,,,,,,,,,,,,,,,,,,,,,,,,,,,,,,,,,,,,,,,,,,,,,,,,,,,,,
"2025-09-02 15:13:22.3791443Z","ETW","Microsoft-Windows-Kernel-Process",5,"ImageLoadInfo ",19992,21692,"svchost.exe",,,,"C:\Windows\System32\ucrtbase.dll",,,,,,,,,,,,[{"addr":140736918203828,"idx":0},{"addr":140736917192506,"idx":1},{"addr":140736917191278,"idx":2},{"addr":140736917190209,"idx":3},{"addr":140736916798526,"idx":4},{"addr":140736916790798,"idx":5},{"addr":140736917165509,"idx":6},{"addr":140736917158036,"idx":7},{"addr":140736917157502,"idx":8},{"addr":140736916971470,"idx":9}],,,,,,,,,19992,,,,,,,,,,,,,,,,,,,,,,,,,,,,,,,,,,,,3686092271,140736876314624,140736876314624,1418583,1355776,,,,,,,,,,,,,,,,,,,,,,,,,,,,,,,,,,,,,,,,,,,,,,,,,,,,,,,,,,,,,,,,,,,,,,,
"2025-09-02 15:13:22.3792825Z","ETW","Microsoft-Windows-Kernel-Process",3,"ThreadStartStart ",19992,21692,"svchost.exe",,,,,,,,,,,,,,,,[{"addr":140736918214756,"idx":0},{"addr":140736917348769,"idx":1},{"addr":140736917700534,"idx":2},{"addr":140736916791223,"idx":3},{"addr":140736917191656,"idx":4},{"addr":140736917190209,"idx":5},{"addr":140736916798526,"idx":6},{"addr":140736916790798,"idx":7},{"addr":140736917165509,"idx":8},{"addr":140736917158036,"idx":9},{"addr":140736917157502,"idx":10},{"addr":140736916971470,"idx":11}],,,,,,,,,19992,18446639081570467840,18446639081570443264,140736917348896,0,111298605056,13384,111300575232,111300542464,140736917348896,,,,,,,,,,,,,,,,,,,,,,,,,,,,,,,,,,,,,,,,,,,,,,,,,,,,,,,,,,,,,,,,,,,,,,,,,,,,,,,,,,,,,,,,,,,,,,,,,,,,,,
"2025-09-02 15:13:22.3799412Z","ETW","Microsoft-Windows-Kernel-Process",5,"ImageLoadInfo ",17396,13804,"calc.exe",,,,"C:\Windows\System32\urlmon.dll",,,,,,,,,,,,[{"addr":140736918203828,"idx":0},{"addr":140736917192506,"idx":1},{"addr":140736917191278,"idx":2},{"addr":140736917210764,"idx":3},{"addr":140736917201516,"idx":4},{"addr":140736917258922,"idx":5},{"addr":140736916785248,"idx":6},{"addr":140736916786774,"idx":7},{"addr":140736917021315,"idx":8},{"addr":140736917023197,"idx":9},{"addr":140736832559570,"idx":10},{"addr":140736833623429,"idx":11},{"addr":140736830732170,"idx":12},{"addr":140736830731953,"idx":13},{"addr":140736830731367,"idx":14},{"addr":140736832715970,"idx":15},{"addr":140736830473212,"idx":16},{"addr":140736830661589,"idx":17},{"addr":140736831828181,"idx":18},{"addr":140736835925724,"idx":19},{"addr":140736835914335,"idx":20},{"addr":140736902955098,"idx":21},{"addr":140736897083607,"idx":22},{"addr":140736916996940,"idx":23}],,,,,,,,,17396,,,,,,,,,,,,,,,,,,,,,,,,,,,,,,,,,,,,4167353037,140736735477760,140736735477760,1997412,1986560,,,,,,,,,,,,,,,,,,,,,,,,,,,,,,,,,,,,,,,,,,,,,,,,,,,,,,,,,,,,,,,,,,,,,,,
"2025-09-02 15:13:22.3799939Z","ETW","Microsoft-Windows-Kernel-Process",5,"ImageLoadInfo ",19992,21692,"svchost.exe",,,,"C:\Windows\System32\rpcrt4.dll",,,,,,,,,,,,[{"addr":140736918203828,"idx":0},{"addr":140736917192506,"idx":1},{"addr":140736917191278,"idx":2},{"addr":140736917190209,"idx":3},{"addr":140736916804181,"idx":4},{"addr":140736916785218,"idx":5},{"addr":140736916786774,"idx":6},{"addr":140736917021315,"idx":7},{"addr":140736917023197,"idx":8},{"addr":140700308684418,"idx":9},{"addr":140700308692658,"idx":10},{"addr":140700308686930,"idx":11},{"addr":140700308676426,"idx":12},{"addr":140700308675373,"idx":13},{"addr":140700308675337,"idx":14},{"addr":140700308688731,"idx":15},{"addr":140736897083607,"idx":16},{"addr":140736916996940,"idx":17}],,,,,,,,,19992,,,,,,,,,,,,,,,,,,,,,,,,,,,,,,,,,,,,755903142,140736881754112,140736881754112,1201440,1146880,,,,,,,,,,,,,,,,,,,,,,,,,,,,,,,,,,,,,,,,,,,,,,,,,,,,,,,,,,,,,,,,,,,,,,,
"2025-09-02 15:13:22.3802932Z","ETW","Microsoft-Windows-Kernel-Process",5,"ImageLoadInfo ",17396,13804,"calc.exe",,,,"C:\Windows\System32\iertutil.dll",,,,,,,,,,,,[{"addr":140736918203828,"idx":0},{"addr":140736917192506,"idx":1},{"addr":140736917191278,"idx":2},{"addr":140736917210764,"idx":3},{"addr":140736917201516,"idx":4},{"addr":140736917258922,"idx":5},{"addr":140736916999751,"idx":6},{"addr":140736916785258,"idx":7},{"addr":140736916786774,"idx":8},{"addr":140736917021315,"idx":9},{"addr":140736917023197,"idx":10},{"addr":140736832559570,"idx":11},{"addr":140736833623429,"idx":12},{"addr":140736830732170,"idx":13},{"addr":140736830731953,"idx":14},{"addr":140736830731367,"idx":15},{"addr":140736832715970,"idx":16},{"addr":140736830473212,"idx":17},{"addr":140736830661589,"idx":18},{"addr":140736831828181,"idx":19},{"addr":140736835925724,"idx":20},{"addr":140736835914335,"idx":21},{"addr":140736902955098,"idx":22},{"addr":140736897083607,"idx":23},{"addr":140736916996940,"idx":24}],,,,,,,,,17396,,,,,,,,,,,,,,,,,,,,,,,,,,,,,,,,,,,,4273941920,140736732528640,140736732528640,2989039,2924544,,,,,,,,,,,,,,,,,,,,,,,,,,,,,,,,,,,,,,,,,,,,,,,,,,,,,,,,,,,,,,,,,,,,,,,
"2025-09-02 15:13:22.3803998Z","ETW","Microsoft-Windows-Kernel-Process",5,"ImageLoadInfo ",19992,21692,"svchost.exe",,,,"C:\Windows\System32\sechost.dll",,,,,,,,,,,,[{"addr":140736918203828,"idx":0},{"addr":140736917192506,"idx":1},{"addr":140736917191278,"idx":2},{"addr":140736917190209,"idx":3},{"addr":140736916804181,"idx":4},{"addr":140736916785218,"idx":5},{"addr":140736916786774,"idx":6},{"addr":140736917021315,"idx":7},{"addr":140736917023197,"idx":8},{"addr":140700308684418,"idx":9},{"addr":140700308691959,"idx":10},{"addr":140700308675395,"idx":11},{"addr":140700308675337,"idx":12},{"addr":140700308688731,"idx":13},{"addr":140736897083607,"idx":14},{"addr":140736916996940,"idx":15}],,,,,,,,,19992,,,,,,,,,,,,,,,,,,,,,,,,,,,,,,,,,,,,918957807,140736881033216,140736881033216,733904,679936,,,,,,,,,,,,,,,,,,,,,,,,,,,,,,,,,,,,,,,,,,,,,,,,,,,,,,,,,,,,,,,,,,,,,,,
"2025-09-02 15:13:22.3807249Z","ETW","Microsoft-Windows-Kernel-Process",5,"ImageLoadInfo ",17396,13804,"calc.exe",,,,"C:\Windows\System32\netutils.dll",,,,,,,,,,,,[{"addr":140736918203828,"idx":0},{"addr":140736917192506,"idx":1},{"addr":140736917191278,"idx":2},{"addr":140736917210764,"idx":3},{"addr":140736917201516,"idx":4},{"addr":140736917258922,"idx":5},{"addr":140736916999751,"idx":6},{"addr":140736916785258,"idx":7},{"addr":140736916786774,"idx":8},{"addr":140736917021315,"idx":9},{"addr":140736917023197,"idx":10},{"addr":140736832559570,"idx":11},{"addr":140736833623429,"idx":12},{"addr":140736830732170,"idx":13},{"addr":140736830731953,"idx":14},{"addr":140736830731367,"idx":15},{"addr":140736832715970,"idx":16},{"addr":140736830473212,"idx":17},{"addr":140736830661589,"idx":18},{"addr":140736831828181,"idx":19},{"addr":140736835925724,"idx":20},{"addr":140736835914335,"idx":21},{"addr":140736902955098,"idx":22},{"addr":140736897083607,"idx":23},{"addr":140736916996940,"idx":24}],,,,,,,,,17396,,,,,,,,,,,,,,,,,,,,,,,,,,,,,,,,,,,,865845000,140736841973760,140736841973760,80696,53248,,,,,,,,,,,,,,,,,,,,,,,,,,,,,,,,,,,,,,,,,,,,,,,,,,,,,,,,,,,,,,,,,,,,,,,
"2025-09-02 15:13:22.3808323Z","ETW","Microsoft-Windows-Kernel-Process",5,"ImageLoadInfo ",17396,19800,"calc.exe",,,,"C:\Windows\System32\srvcli.dll",,,,,,,,,,,,[{"addr":140736918203828,"idx":0},{"addr":140736917192506,"idx":1},{"addr":140736917191278,"idx":2},{"addr":140736917210764,"idx":3},{"addr":140736917201516,"idx":4},{"addr":140736917258922,"idx":5},{"addr":140736917255216,"idx":6},{"addr":140736917350945,"idx":7},{"addr":140736897083607,"idx":8},{"addr":140736916996940,"idx":9}],,,,,,,,,17396,,,,,,,,,,,,,,,,,,,,,,,,,,,,,,,,,,,,239922031,140736732135424,140736732135424,181029,167936,,,,,,,,,,,,,,,,,,,,,,,,,,,,,,,,,,,,,,,,,,,,,,,,,,,,,,,,,,,,,,,,,,,,,,,
"2025-09-02 15:13:22.3809225Z","ETW","Microsoft-Windows-Kernel-Audit-API-Calls",5,"Info ",900,22228,"services.exe",,,,,,,,,,,,,,,,[{"addr":140736918206916,"idx":0},{"addr":140736882337646,"idx":1},{"addr":140695717419350,"idx":2},{"addr":140736882620003,"idx":3},{"addr":140736881849533,"idx":4},{"addr":140736881848122,"idx":5},{"addr":140736882311415,"idx":6},{"addr":140736882088628,"idx":7},{"addr":140736882092744,"idx":8},{"addr":140736882015316,"idx":9},{"addr":140736882081820,"idx":10},{"addr":140736882106396,"idx":11},{"addr":140736882102691,"idx":12},{"addr":140736882098504,"idx":13},{"addr":140736917358174,"idx":14},{"addr":140736917350275,"idx":15},{"addr":140736897083607,"idx":16},{"addr":140736916996940,"idx":17}],,,,,,,,,,,,,,,,,,,4096,0,19992,,,,,,,,,,,,,,,,,,,,,,,,,,,,,,,,,,,,,,,,,,,,,,,,,,,,,,,,,,,,,,,,,,,,,,,,,,,,,,,,,,,,,,,,,,,,,,,,,,,
"2025-09-02 15:13:22.3809308Z","ETW","Microsoft-Windows-Kernel-Audit-API-Calls",6,"Info ",900,22228,"services.exe",,,,,,,,,,,,,,,,[{"addr":140736918206948,"idx":0},{"addr":140736882157911,"idx":1},{"addr":140695717419512,"idx":2},{"addr":140736882620003,"idx":3},{"addr":140736881849533,"idx":4},{"addr":140736881848122,"idx":5},{"addr":140736882311415,"idx":6},{"addr":140736882088628,"idx":7},{"addr":140736882092744,"idx":8},{"addr":140736882015316,"idx":9},{"addr":140736882081820,"idx":10},{"addr":140736882106396,"idx":11},{"addr":140736882102691,"idx":12},{"addr":140736882098504,"idx":13},{"addr":140736917358174,"idx":14},{"addr":140736917350275,"idx":15},{"addr":140736897083607,"idx":16},{"addr":140736916996940,"idx":17}],,,,,,,,,,,,,,,,,,,2048,0,19992,21692,,,,,,,,,,,,,,,,,,,,,,,,,,,,,,,,,,,,,,,,,,,,,,,,,,,,,,,,,,,,,,,,,,,,,,,,,,,,,,,,,,,,,,,,,,,,,,,,,,
"2025-09-02 15:13:22.3810739Z","ETW","Microsoft-Windows-Kernel-Process",3,"ThreadStartStart ",4,72,"System",,,,,,,,,,,,,,,,[],,,,,,,,,19992,18446639081570525184,18446639081570500608,140736917348896,0,111298613248,12292,111301099520,111301066752,140736917348896,,,,,,,,,,,,,,,,,,,,,,,,,,,,,,,,,,,,,,,,,,,,,,,,,,,,,,,,,,,,,,,,,,,,,,,,,,,,,,,,,,,,,,,,,,,,,,,,,,,,,,
"2025-09-02 15:13:22.3812192Z","ETW","Microsoft-Windows-Kernel-Process",3,"ThreadStartStart ",19992,21692,"svchost.exe",,,,,,,,,,,,,,,,[{"addr":140736918208964,"idx":0},{"addr":140736872776761,"idx":1},{"addr":140736897102141,"idx":2},{"addr":140736881093447,"idx":3},{"addr":140736881085482,"idx":4},{"addr":140700308675410,"idx":5},{"addr":140700308675337,"idx":6},{"addr":140700308688731,"idx":7},{"addr":140736897083607,"idx":8},{"addr":140736916996940,"idx":9}],,,,,,,,,19992,18446639081573371904,18446639081573347328,140736881194496,0,111298621440,9412,111301623808,111301591040,140736881194496,,,,,,,,,,,,,,,,,,,,,,,,,,,,,,,,,,,,,,,,,,,,,,,,,,,,,,,,,,,,,,,,,,,,,,,,,,,,,,,,,,,,,,,,,,,,,,,,,,,,,,
"2025-09-02 15:13:22.3812612Z","ETW","Microsoft-Windows-Kernel-Audit-API-Calls",5,"Info ",17396,13804,"calc.exe",,,,,,,,,,,,,,,,[{"addr":140736918203764,"idx":0},{"addr":140736872731894,"idx":1},{"addr":140736732662431,"idx":2},{"addr":140736732658563,"idx":3},{"addr":140736732655943,"idx":4},{"addr":140736732637152,"idx":5},{"addr":140736732632626,"idx":6},{"addr":140736732844814,"idx":7},{"addr":140736916975221,"idx":8},{"addr":140736872573249,"idx":9},{"addr":140736732629242,"idx":10},{"addr":140736732624534,"idx":11},{"addr":140736830732170,"idx":12},{"addr":140736830731953,"idx":13},{"addr":140736830731367,"idx":14},{"addr":140736832715970,"idx":15},{"addr":140736830473212,"idx":16},{"addr":140736830661589,"idx":17},{"addr":140736831828181,"idx":18},{"addr":140736835925724,"idx":19},{"addr":140736835914335,"idx":20},{"addr":140736902955098,"idx":21},{"addr":140736897083607,"idx":22},{"addr":140736916996940,"idx":23}],,,,,,,,,,,,,,,,,,,1024,0,17396,,,,,,,,,,,,,,,,,,,,,,,,,,,,,,,,,,,,,,,,,,,,,,,,,,,,,,,,,,,,,,,,,,,,,,,,,,,,,,,,,,,,,,,,,,,,,,,,,,,
"2025-09-02 15:13:22.3812969Z","ETW","Microsoft-Windows-Kernel-Audit-API-Calls",5,"Info ",17396,13804,"calc.exe",,,,,,,,,,,,,,,,[{"addr":140736918203764,"idx":0},{"addr":140736872731894,"idx":1},{"addr":140736732662431,"idx":2},{"addr":140736732657011,"idx":3},{"addr":140736732637152,"idx":4},{"addr":140736732632626,"idx":5},{"addr":140736732844814,"idx":6},{"addr":140736916975221,"idx":7},{"addr":140736872573249,"idx":8},{"addr":140736732629242,"idx":9},{"addr":140736732624534,"idx":10},{"addr":140736830732170,"idx":11},{"addr":140736830731953,"idx":12},{"addr":140736830731367,"idx":13},{"addr":140736832715970,"idx":14},{"addr":140736830473212,"idx":15},{"addr":140736830661589,"idx":16},{"addr":140736831828181,"idx":17},{"addr":140736835925724,"idx":18},{"addr":140736835914335,"idx":19},{"addr":140736902955098,"idx":20},{"addr":140736897083607,"idx":21},{"addr":140736916996940,"idx":22}],,,,,,,,,,,,,,,,,,,1024,0,17396,,,,,,,,,,,,,,,,,,,,,,,,,,,,,,,,,,,,,,,,,,,,,,,,,,,,,,,,,,,,,,,,,,,,,,,,,,,,,,,,,,,,,,,,,,,,,,,,,,,
"2025-09-02 15:13:22.3816812Z","ETW","Microsoft-Windows-Kernel-Process",5,"ImageLoadInfo ",19992,9412,"svchost.exe",,,,"C:\Windows\System32\wersvc.dll",,,,,,,,,,,,[{"addr":140736918203828,"idx":0},{"addr":140736917192506,"idx":1},{"addr":140736917191278,"idx":2},{"addr":140736917210764,"idx":3},{"addr":140736917202269,"idx":4},{"addr":140736917259140,"idx":5},{"addr":140736916785248,"idx":6},{"addr":140736916784352,"idx":7},{"addr":140736917101952,"idx":8},{"addr":140736872000198,"idx":9},{"addr":140700308678308,"idx":10},{"addr":140700308681107,"idx":11},{"addr":140700308677327,"idx":12},{"addr":140736881194535,"idx":13},{"addr":140736897083607,"idx":14},{"addr":140736916996940,"idx":15}],,,,,,,,,19992,,,,,,,,,,,,,,,,,,,,,,,,,,,,,,,,,,,,334332490,140734019600384,140734019600384,347997,331776,,,,,,,,,,,,,,,,,,,,,,,,,,,,,,,,,,,,,,,,,,,,,,,,,,,,,,,,,,,,,,,,,,,,,,,
"2025-09-02 15:13:22.3820813Z","ETW","Microsoft-Windows-Kernel-Process",5,"ImageLoadInfo ",19992,9412,"svchost.exe",,,,"C:\Windows\System32\DiagnosticDataSettings.dll",,,,,,,,,,,,[{"addr":140736918203828,"idx":0},{"addr":140736917192506,"idx":1},{"addr":140736917191278,"idx":2},{"addr":140736917210764,"idx":3},{"addr":140736917201516,"idx":4},{"addr":140736917258922,"idx":5},{"addr":140736916999751,"idx":6},{"addr":140736916785258,"idx":7},{"addr":140736916784352,"idx":8},{"addr":140736917101952,"idx":9},{"addr":140736872000198,"idx":10},{"addr":140700308678308,"idx":11},{"addr":140700308681107,"idx":12},{"addr":140700308677327,"idx":13},{"addr":140736881194535,"idx":14},{"addr":140736897083607,"idx":15},{"addr":140736916996940,"idx":16}],,,,,,,,,19992,,,,,,,,,,,,,,,,,,,,,,,,,,,,,,,,,,,,956088925,140736564297728,140736564297728,74321,61440,,,,,,,,,,,,,,,,,,,,,,,,,,,,,,,,,,,,,,,,,,,,,,,,,,,,,,,,,,,,,,,,,,,,,,,
"2025-09-02 15:13:22.3823674Z","ETW","Microsoft-Windows-Kernel-Process",5,"ImageLoadInfo ",19992,9412,"svchost.exe",,,,"C:\Windows\System32\windowsperformancerecordercontrol.dll",,,,,,,,,,,,[{"addr":140736918203828,"idx":0},{"addr":140736917192506,"idx":1},{"addr":140736917191278,"idx":2},{"addr":140736917210764,"idx":3},{"addr":140736917201516,"idx":4},{"addr":140736917258922,"idx":5},{"addr":140736916999751,"idx":6},{"addr":140736916785258,"idx":7},{"addr":140736916784352,"idx":8},{"addr":140736917101952,"idx":9},{"addr":140736872000198,"idx":10},{"addr":140700308678308,"idx":11},{"addr":140700308681107,"idx":12},{"addr":140700308677327,"idx":13},{"addr":140736881194535,"idx":14},{"addr":140736897083607,"idx":15},{"addr":140736916996940,"idx":16}],,,,,,,,,19992,,,,,,,,,,,,,,,,,,,,,,,,,,,,,,,,,,,,625884576,140736538542080,140736538542080,1318587,1298432,,,,,,,,,,,,,,,,,,,,,,,,,,,,,,,,,,,,,,,,,,,,,,,,,,,,,,,,,,,,,,,,,,,,,,,
"2025-09-02 15:13:22.3825425Z","ETW","Microsoft-Windows-Kernel-Process",3,"ThreadStartStart ",19992,13384,"svchost.exe",,,,,,,,,,,,,,,,[{"addr":140736918214756,"idx":0},{"addr":140736917257428,"idx":1},{"addr":140736917254706,"idx":2},{"addr":140736917350945,"idx":3},{"addr":140736897083607,"idx":4},{"addr":140736916996940,"idx":5}],,,,,,,,,19992,18446639081573400576,18446639081573376000,140736917348896,0,111298629632,17792,111302148096,111302115328,140736917348896,,,,,,,,,,,,,,,,,,,,,,,,,,,,,,,,,,,,,,,,,,,,,,,,,,,,,,,,,,,,,,,,,,,,,,,,,,,,,,,,,,,,,,,,,,,,,,,,,,,,,,
"2025-09-02 15:13:22.3827601Z","ETW","Microsoft-Windows-Kernel-Process",5,"ImageLoadInfo ",19992,9412,"svchost.exe",,,,"C:\Windows\System32\weretw.dll",,,,,,,,,,,,[{"addr":140736918203828,"idx":0},{"addr":140736917192506,"idx":1},{"addr":140736917191278,"idx":2},{"addr":140736917210764,"idx":3},{"addr":140736917201516,"idx":4},{"addr":140736917258922,"idx":5},{"addr":140736916999751,"idx":6},{"addr":140736916785258,"idx":7},{"addr":140736916784352,"idx":8},{"addr":140736917101952,"idx":9},{"addr":140736872000198,"idx":10},{"addr":140700308678308,"idx":11},{"addr":140700308681107,"idx":12},{"addr":140700308677327,"idx":13},{"addr":140736881194535,"idx":14},{"addr":140736897083607,"idx":15},{"addr":140736916996940,"idx":16}],,,,,,,,,19992,,,,,,,,,,,,,,,,,,,,,,,,,,,,,,,,,,,,165834255,140734424481792,140734424481792,307411,245760,,,,,,,,,,,,,,,,,,,,,,,,,,,,,,,,,,,,,,,,,,,,,,,,,,,,,,,,,,,,,,,,,,,,,,,
"2025-09-02 15:13:22.3828660Z","ETW","Microsoft-Windows-Kernel-Process",5,"ImageLoadInfo ",19992,9412,"svchost.exe",,,,"C:\Windows\System32\oleaut32.dll",,,,,,,,,,,,[{"addr":140736918203828,"idx":0},{"addr":140736917192506,"idx":1},{"addr":140736917191278,"idx":2},{"addr":140736917190209,"idx":3},{"addr":140736916798526,"idx":4},{"addr":140736916790798,"idx":5},{"addr":140736917191656,"idx":6},{"addr":140736917210764,"idx":7},{"addr":140736917201516,"idx":8},{"addr":140736917258922,"idx":9},{"addr":140736916999751,"idx":10},{"addr":140736916785258,"idx":11},{"addr":140736916784352,"idx":12},{"addr":140736917101952,"idx":13},{"addr":140736872000198,"idx":14},{"addr":140700308678308,"idx":15},{"addr":140700308681107,"idx":16},{"addr":140700308677327,"idx":17},{"addr":140736881194535,"idx":18},{"addr":140736897083607,"idx":19},{"addr":140736916996940,"idx":20}],,,,,,,,,19992,,,,,,,,,,,,,,,,,,,,,,,,,,,,,,,,,,,,2785821912,140736894861312,140736894861312,927709,917504,,,,,,,,,,,,,,,,,,,,,,,,,,,,,,,,,,,,,,,,,,,,,,,,,,,,,,,,,,,,,,,,,,,,,,,
"2025-09-02 15:13:22.3829464Z","ETW","Microsoft-Windows-Kernel-Process",5,"ImageLoadInfo ",19992,9412,"svchost.exe",,,,"C:\Windows\System32\msvcp_win.dll",,,,,,,,,,,,[{"addr":140736918203828,"idx":0},{"addr":140736917192506,"idx":1},{"addr":140736917191278,"idx":2},{"addr":140736917190209,"idx":3},{"addr":140736916798526,"idx":4},{"addr":140736916790798,"idx":5},{"addr":140736917191656,"idx":6},{"addr":140736917190209,"idx":7},{"addr":140736916798526,"idx":8},{"addr":140736916790798,"idx":9},{"addr":140736917191656,"idx":10},{"addr":140736917210764,"idx":11},{"addr":140736917201516,"idx":12},{"addr":140736917258922,"idx":13},{"addr":140736916999751,"idx":14},{"addr":140736916785258,"idx":15},{"addr":140736916784352,"idx":16},{"addr":140736917101952,"idx":17},{"addr":140736872000198,"idx":18},{"addr":140700308678308,"idx":19},{"addr":140700308681107,"idx":20},{"addr":140700308677327,"idx":21},{"addr":140736881194535,"idx":22},{"addr":140736897083607,"idx":23},{"addr":140736916996940,"idx":24}],,,,,,,,,19992,,,,,,,,,,,,,,,,,,,,,,,,,,,,,,,,,,,,2240469762,140736868319232,140736868319232,703256,667648,,,,,,,,,,,,,,,,,,,,,,,,,,,,,,,,,,,,,,,,,,,,,,,,,,,,,,,,,,,,,,,,,,,,,,,
"2025-09-02 15:13:22.3830462Z","ETW","Microsoft-Windows-Kernel-Process",5,"ImageLoadInfo ",19992,9412,"svchost.exe",,,,"C:\Windows\System32\combase.dll",,,,,,,,,,,,[{"addr":140736918203828,"idx":0},{"addr":140736917192506,"idx":1},{"addr":140736917191278,"idx":2},{"addr":140736917190209,"idx":3},{"addr":140736916798526,"idx":4},{"addr":140736916790798,"idx":5},{"addr":140736917191656,"idx":6},{"addr":140736917190209,"idx":7},{"addr":140736916798526,"idx":8},{"addr":140736916790798,"idx":9},{"addr":140736917191656,"idx":10},{"addr":140736917210764,"idx":11},{"addr":140736917201516,"idx":12},{"addr":140736917258922,"idx":13},{"addr":140736916999751,"idx":14},{"addr":140736916785258,"idx":15},{"addr":140736916784352,"idx":16},{"addr":140736917101952,"idx":17},{"addr":140736872000198,"idx":18},{"addr":140700308678308,"idx":19},{"addr":140700308681107,"idx":20},{"addr":140700308677327,"idx":21},{"addr":140736881194535,"idx":22},{"addr":140736897083607,"idx":23},{"addr":140736916996940,"idx":24}],,,,,,,,,19992,,,,,,,,,,,,,,,,,,,,,,,,,,,,,,,,,,,,670765882,140736909082624,140736909082624,3776119,3690496,,,,,,,,,,,,,,,,,,,,,,,,,,,,,,,,,,,,,,,,,,,,,,,,,,,,,,,,,,,,,,,,,,,,,,,
"2025-09-02 15:13:22.3835773Z","ETW","Microsoft-Windows-Kernel-Process",5,"ImageLoadInfo ",19992,9412,"svchost.exe",,,,"C:\Windows\System32\bcrypt.dll",,,,,,,,,,,,[{"addr":140736918203828,"idx":0},{"addr":140736917192506,"idx":1},{"addr":140736917191278,"idx":2},{"addr":140736917210764,"idx":3},{"addr":140736917201516,"idx":4},{"addr":140736917258922,"idx":5},{"addr":140736916999751,"idx":6},{"addr":140736916785258,"idx":7},{"addr":140736916784352,"idx":8},{"addr":140736917101952,"idx":9},{"addr":140736872000198,"idx":10},{"addr":140700308678308,"idx":11},{"addr":140700308681107,"idx":12},{"addr":140700308677327,"idx":13},{"addr":140736881194535,"idx":14},{"addr":140736897083607,"idx":15},{"addr":140736916996940,"idx":16}],,,,,,,,,19992,,,,,,,,,,,,,,,,,,,,,,,,,,,,,,,,,,,,3023801214,140736866549760,140736866549760,216761,155648,,,,,,,,,,,,,,,,,,,,,,,,,,,,,,,,,,,,,,,,,,,,,,,,,,,,,,,,,,,,,,,,,,,,,,,
"2025-09-02 15:13:22.3836429Z","ETW","Microsoft-Windows-Kernel-Process",5,"ImageLoadInfo ",17396,13804,"calc.exe",,,,"C:\Windows\System32\ieframe.dll",,,,,,,,,,,,[{"addr":140736918203828,"idx":0},{"addr":140736917192506,"idx":1},{"addr":140736917191278,"idx":2},{"addr":140736917210764,"idx":3},{"addr":140736917202269,"idx":4},{"addr":140736917259140,"idx":5},{"addr":140736916785248,"idx":6},{"addr":140736916784352,"idx":7},{"addr":140736917101952,"idx":8},{"addr":140736872000198,"idx":9},{"addr":140736909363845,"idx":10},{"addr":140736909362547,"idx":11},{"addr":140736909360794,"idx":12},{"addr":140736909561496,"idx":13},{"addr":140736909365281,"idx":14},{"addr":140736909356853,"idx":15},{"addr":140736910270317,"idx":16},{"addr":140736909359719,"idx":17},{"addr":140736909871367,"idx":18},{"addr":140736910338829,"idx":19},{"addr":140736910332465,"idx":20},{"addr":140736910348734,"idx":21},{"addr":140736910270317,"idx":22},{"addr":140736909350430,"idx":23},{"addr":140736910270317,"idx":24},{"addr":140736909553458,"idx":25},{"addr":140736909548907,"idx":26},{"addr":140736909576880,"idx":27},{"addr":140736833444500,"idx":28},{"addr":140736833442979,"idx":29},{"addr":140736883141400,"idx":30},{"addr":140736883140355,"idx":31},{"addr":140736833443277,"idx":32},{"addr":140736831608028,"idx":33},{"addr":140736835926316,"idx":34},{"addr":140736835925825,"idx":35},{"addr":140736835914335,"idx":36},{"addr":140736902955098,"idx":37},{"addr":140736897083607,"idx":38},{"addr":140736916996940,"idx":39}],,,,,,,,,17396,,,,,,,,,,,,,,,,,,,,,,,,,,,,,,,,,,,,3932914612,140735450382336,140735450382336,7519225,7524352,,,,,,,,,,,,,,,,,,,,,,,,,,,,,,,,,,,,,,,,,,,,,,,,,,,,,,,,,,,,,,,,,,,,,,,
"2025-09-02 15:13:22.3841399Z","ETW","Microsoft-Windows-Kernel-Audit-API-Calls",6,"Info ",760,1176,"csrss.exe",,,,,,,,,,,,,,,,[{"addr":140736918206948,"idx":0},{"addr":140736867540170,"idx":1},{"addr":140736867571939,"idx":2},{"addr":140736916996962,"idx":3}],,,,,,,,,,,,,,,,,,,2097151,0,17396,13804,,,,,,,,,,,,,,,,,,,,,,,,,,,,,,,,,,,,,,,,,,,,,,,,,,,,,,,,,,,,,,,,,,,,,,,,,,,,,,,,,,,,,,,,,,,,,,,,,,
"2025-09-02 15:13:22.3845114Z","ETW","Microsoft-Windows-Kernel-Process",5,"ImageLoadInfo ",17396,13804,"calc.exe",,,,"C:\Windows\WinSxS\amd64_microsoft.windows.common-controls_6595b64144ccf1df_6.0.26100.4768_none_3e0c112ce331287c\comctl32.dll",,,,,,,,,,,,[{"addr":140736918203828,"idx":0},{"addr":140736917192506,"idx":1},{"addr":140736917191278,"idx":2},{"addr":140736917210764,"idx":3},{"addr":140736917202269,"idx":4},{"addr":140736917259140,"idx":5},{"addr":140736916785248,"idx":6},{"addr":140736916784352,"idx":7},{"addr":140736917101952,"idx":8},{"addr":140736872000198,"idx":9},{"addr":140735450623352,"idx":10},{"addr":140735451045906,"idx":11},{"addr":140735451016249,"idx":12},{"addr":140736918195438,"idx":13},{"addr":140736917219838,"idx":14},{"addr":140736917215596,"idx":15},{"addr":140736916995194,"idx":16},{"addr":140736916991491,"idx":17},{"addr":140736916785364,"idx":18},{"addr":140736916784352,"idx":19},{"addr":140736917101952,"idx":20},{"addr":140736872000198,"idx":21},{"addr":140736909363845,"idx":22},{"addr":140736909362547,"idx":23},{"addr":140736909360794,"idx":24},{"addr":140736909561496,"idx":25},{"addr":140736909365281,"idx":26},{"addr":140736909356853,"idx":27},{"addr":140736910270317,"idx":28},{"addr":140736909359719,"idx":29},{"addr":140736909871367,"idx":30},{"addr":140736910338829,"idx":31},{"addr":140736910332465,"idx":32},{"addr":140736910348734,"idx":33},{"addr":140736910270317,"idx":34},{"addr":140736909350430,"idx":35},{"addr":140736910270317,"idx":36},{"addr":140736909553458,"idx":37},{"addr":140736909548907,"idx":38},{"addr":140736909576880,"idx":39},{"addr":140736833444500,"idx":40},{"addr":140736833442979,"idx":41},{"addr":140736883141400,"idx":42},{"addr":140736883140355,"idx":43},{"addr":140736833443277,"idx":44},{"addr":140736831608028,"idx":45},{"addr":140736835926316,"idx":46},{"addr":140736835925825,"idx":47},{"addr":140736835914335,"idx":48},{"addr":140736902955098,"idx":49},{"addr":140736897083607,"idx":50},{"addr":140736916996940,"idx":51}],,,,,,,,,17396,,,,,,,,,,,,,,,,,,,,,,,,,,,,,,,,,,,,688105963,140736430997504,140736430997504,2751895,2727936,,,,,,,,,,,,,,,,,,,,,,,,,,,,,,,,,,,,,,,,,,,,,,,,,,,,,,,,,,,,,,,,,,,,,,,
"2025-09-02 15:13:22.3858566Z","ETW","Microsoft-Windows-Kernel-Process",3,"ThreadStartStart ",19992,9412,"svchost.exe",,,,,,,,,,,,,,,,[{"addr":140736918208964,"idx":0},{"addr":140736872776761,"idx":1},{"addr":140736897102141,"idx":2},{"addr":140734019802473,"idx":3},{"addr":140734019705502,"idx":4},{"addr":140734019703773,"idx":5},{"addr":140700308678045,"idx":6},{"addr":140736881194535,"idx":7},{"addr":140736897083607,"idx":8},{"addr":140736916996940,"idx":9}],,,,,,,,,19992,18446639081573457920,18446639081573433344,140734019803120,242,111298637824,9100,111302672384,111302639616,140734019803120,,,,,,,,,,,,,,,,,,,,,,,,,,,,,,,,,,,,,,,,,,,,,,,,,,,,,,,,,,,,,,,,,,,,,,,,,,,,,,,,,,,,,,,,,,,,,,,,,,,,,,
"2025-09-02 15:13:22.3862877Z","ETW","Microsoft-Windows-Kernel-Process",3,"ThreadStartStart ",19992,9412,"svchost.exe",,,,,,,,,,,,,,,,[{"addr":140736918208964,"idx":0},{"addr":140736872776761,"idx":1},{"addr":140736897102141,"idx":2},{"addr":140734019729922,"idx":3},{"addr":140734019730246,"idx":4},{"addr":140734019705655,"idx":5},{"addr":140734019703773,"idx":6},{"addr":140700308678045,"idx":7},{"addr":140736881194535,"idx":8},{"addr":140736897083607,"idx":9},{"addr":140736916996940,"idx":10}],,,,,,,,,19992,18446639081573572608,18446639081573548032,140734019706432,242,111298646016,8724,111303196672,111303163904,140734019706432,,,,,,,,,,,,,,,,,,,,,,,,,,,,,,,,,,,,,,,,,,,,,,,,,,,,,,,,,,,,,,,,,,,,,,,,,,,,,,,,,,,,,,,,,,,,,,,,,,,,,,
"2025-09-02 15:13:22.3863993Z","ETW","Microsoft-Windows-Kernel-Process",5,"ImageLoadInfo ",17396,13804,"calc.exe",,,,"C:\Windows\System32\secur32.dll",,,,,,,,,,,,[{"addr":140736918203828,"idx":0},{"addr":140736917192506,"idx":1},{"addr":140736917191278,"idx":2},{"addr":140736917210764,"idx":3},{"addr":140736917201516,"idx":4},{"addr":140736917258922,"idx":5},{"addr":140736916785248,"idx":6},{"addr":140736916784352,"idx":7},{"addr":140736917101952,"idx":8},{"addr":140736872000198,"idx":9},{"addr":140736872006436,"idx":10},{"addr":140735450512307,"idx":11},{"addr":140735451021239,"idx":12},{"addr":140735450410169,"idx":13},{"addr":140735450567378,"idx":14},{"addr":140736836360096,"idx":15},{"addr":140736833442302,"idx":16},{"addr":140736830319426,"idx":17},{"addr":140736833444649,"idx":18},{"addr":140736833442979,"idx":19},{"addr":140736883141400,"idx":20},{"addr":140736883140355,"idx":21},{"addr":140736833443277,"idx":22},{"addr":140736831608028,"idx":23},{"addr":140736835926316,"idx":24},{"addr":140736835925825,"idx":25},{"addr":140736835914335,"idx":26},{"addr":140736902955098,"idx":27},{"addr":140736897083607,"idx":28},{"addr":140736916996940,"idx":29}],,,,,,,,,17396,,,,,,,,,,,,,,,,,,,,,,,,,,,,,,,,,,,,632019051,140736818577408,140736818577408,112844,53248,,,,,,,,,,,,,,,,,,,,,,,,,,,,,,,,,,,,,,,,,,,,,,,,,,,,,,,,,,,,,,,,,,,,,,,
"2025-09-02 15:13:22.3864439Z","ETW","Microsoft-Windows-Kernel-Process",4,"ThreadStopStop ",19992,9412,"svchost.exe",,,,,,,,,,,,,,,,[],,,,,,,,15114120,19992,18446639081573371904,18446639081573347328,140736881194496,0,111298621440,9412,111301623808,111301591040,140736881194496,,,,,,,,,,,,,,,,,,,,,,,,,,,,,,,,,,,,,,,,,,,,,,,,,,,,,,,,,,,,,,,,,,,,,,,,,,,,,,,,,,,,,,,,,,,,,,,,,,,,,,
"2025-09-02 15:13:22.3866818Z","ETW","Microsoft-Antimalware-Engine",59,"Message Info ",1912,10404,"MsMpEng.exe",,,,,,0,"!BMGroup:DridexVulnDlls.A","0x195B3BF987774","01184f82067d771b42525bbf6c6541ec7a8114a3",,,,,,,[],,,,,,,,,,,,,,,,,,,,,,,,,,,,,,,,,,,,,,,,,,,,,,,,,,,,,,,,,,,,,,,,,,,,,,,,,,,,,,,,,,,,,,,,,,,,,,,,,,,,,,,,,,,,,,,,,,,,,,,,
"2025-09-02 15:13:22.3867432Z","ETW","Microsoft-Windows-Kernel-Process",5,"ImageLoadInfo ",17396,13804,"calc.exe",,,,"C:\Windows\System32\sspicli.dll",,,,,,,,,,,,[{"addr":140736918203828,"idx":0},{"addr":140736917192506,"idx":1},{"addr":140736917191278,"idx":2},{"addr":140736917210764,"idx":3},{"addr":140736917201516,"idx":4},{"addr":140736917258922,"idx":5},{"addr":140736916785248,"idx":6},{"addr":140736916786774,"idx":7},{"addr":140736917098157,"idx":8},{"addr":140736916993351,"idx":9},{"addr":140736872653372,"idx":10},{"addr":140735450512147,"idx":11},{"addr":140735451021239,"idx":12},{"addr":140735450410169,"idx":13},{"addr":140735450567378,"idx":14},{"addr":140736836360096,"idx":15},{"addr":140736833442302,"idx":16},{"addr":140736830319426,"idx":17},{"addr":140736833444649,"idx":18},{"addr":140736833442979,"idx":19},{"addr":140736883141400,"idx":20},{"addr":140736883140355,"idx":21},{"addr":140736833443277,"idx":22},{"addr":140736831608028,"idx":23},{"addr":140736835926316,"idx":24},{"addr":140736835925825,"idx":25},{"addr":140736835914335,"idx":26},{"addr":140736902955098,"idx":27},{"addr":140736897083607,"idx":28},{"addr":140736916996940,"idx":29}],,,,,,,,,17396,,,,,,,,,,,,,,,,,,,,,,,,,,,,,,,,,,,,100434550,140736851083264,140736851083264,322206,299008,,,,,,,,,,,,,,,,,,,,,,,,,,,,,,,,,,,,,,,,,,,,,,,,,,,,,,,,,,,,,,,,,,,,,,,
"2025-09-02 15:13:22.3867925Z","ETW","Microsoft-Windows-Kernel-Process",5,"ImageLoadInfo ",19992,12292,"svchost.exe",,,,"C:\Windows\System32\wer.dll",,,,,,,,,,,,[{"addr":140736918203828,"idx":0},{"addr":140736917192506,"idx":1},{"addr":140736917191278,"idx":2},{"addr":140736917210764,"idx":3},{"addr":140736917201516,"idx":4},{"addr":140736917258922,"idx":5},{"addr":140736916785248,"idx":6},{"addr":140736916784352,"idx":7},{"addr":140736917101952,"idx":8},{"addr":140736872000198,"idx":9},{"addr":140734019745809,"idx":10},{"addr":140734019690025,"idx":11},{"addr":140734019706334,"idx":12},{"addr":140736917282525,"idx":13},{"addr":140736917350969,"idx":14},{"addr":140736897083607,"idx":15},{"addr":140736916996940,"idx":16}],,,,,,,,,19992,,,,,,,,,,,,,,,,,,,,,,,,,,,,,,,,,,,,2310495835,140736823230464,140736823230464,1034785,1007616,,,,,,,,,,,,,,,,,,,,,,,,,,,,,,,,,,,,,,,,,,,,,,,,,,,,,,,,,,,,,,,,,,,,,,,
"2025-09-02 15:13:22.3870358Z","ETW","Microsoft-Antimalware-Engine",59,"Message Info ",1912,10404,"MsMpEng.exe",,,,,,0,"Behavior:Win32/ExploitAttempt.ZA!dha","0x5BB3C187493B","9b9f35e3b87d39f15df8932701977e1f4f0409c6",,,,,,,[],,,,,,,,,,,,,,,,,,,,,,,,,,,,,,,,,,,,,,,,,,,,,,,,,,,,,,,,,,,,,,,,,,,,,,,,,,,,,,,,,,,,,,,,,,,,,,,,,,,,,,,,,,,,,,,,,,,,,,,,
"2025-09-02 15:13:22.3872342Z","ETW","Microsoft-Antimalware-Engine",59,"Message Info ",1912,11040,"MsMpEng.exe",,,,,,0,"!BMGroup:DridexVulnDlls.A","0x195B3BF987774","01184f82067d771b42525bbf6c6541ec7a8114a3",,,,,,,[],,,,,,,,,,,,,,,,,,,,,,,,,,,,,,,,,,,,,,,,,,,,,,,,,,,,,,,,,,,,,,,,,,,,,,,,,,,,,,,,,,,,,,,,,,,,,,,,,,,,,,,,,,,,,,,,,,,,,,,,
"2025-09-02 15:13:22.3875210Z","ETW","Microsoft-Antimalware-Engine",59,"Message Info ",1912,11040,"MsMpEng.exe",,,,,,0,"Behavior:Win32/NonStdSvchostProcess.A","0x19B3378537B0","a46a2542652cb8bc637538e84e4072ba74767f54",,,,,,,[],,,,,,,,,,,,,,,,,,,,,,,,,,,,,,,,,,,,,,,,,,,,,,,,,,,,,,,,,,,,,,,,,,,,,,,,,,,,,,,,,,,,,,,,,,,,,,,,,,,,,,,,,,,,,,,,,,,,,,,,
"2025-09-02 15:13:22.3875765Z","ETW","Microsoft-Windows-Kernel-Audit-API-Calls",5,"Info ",920,1004,"lsass.exe",,,,,,,,,,,,,,,,[{"addr":140736918206916,"idx":0},{"addr":140736882337646,"idx":1},{"addr":140736860928424,"idx":2},{"addr":140736845519773,"idx":3},{"addr":140736882620003,"idx":4},{"addr":140736882628366,"idx":5},{"addr":140736882319852,"idx":6},{"addr":140736882311415,"idx":7},{"addr":140736882088628,"idx":8},{"addr":140736882092744,"idx":9},{"addr":140736882015316,"idx":10},{"addr":140736882081820,"idx":11},{"addr":140736882106396,"idx":12},{"addr":140736882102691,"idx":13},{"addr":140736882098504,"idx":14},{"addr":140736917358174,"idx":15},{"addr":140736917350275,"idx":16},{"addr":140736897083607,"idx":17},{"addr":140736916996940,"idx":18}],,,,,,,,,,,,,,,,,,,4096,0,17396,,,,,,,,,,,,,,,,,,,,,,,,,,,,,,,,,,,,,,,,,,,,,,,,,,,,,,,,,,,,,,,,,,,,,,,,,,,,,,,,,,,,,,,,,,,,,,,,,,,
"2025-09-02 15:13:22.3876254Z","ETW","Microsoft-Windows-Kernel-Audit-API-Calls",5,"Info ",920,1004,"lsass.exe",,,,,,,,,,,,,,,,[{"addr":140736918203764,"idx":0},{"addr":140736860927872,"idx":1},{"addr":140736860929776,"idx":2},{"addr":140736860928739,"idx":3},{"addr":140736845519773,"idx":4},{"addr":140736882620003,"idx":5},{"addr":140736882628366,"idx":6},{"addr":140736882319852,"idx":7},{"addr":140736882311415,"idx":8},{"addr":140736882088628,"idx":9},{"addr":140736882092744,"idx":10},{"addr":140736882015316,"idx":11},{"addr":140736882081820,"idx":12},{"addr":140736882106396,"idx":13},{"addr":140736882102691,"idx":14},{"addr":140736882098504,"idx":15},{"addr":140736917358174,"idx":16},{"addr":140736917350275,"idx":17},{"addr":140736897083607,"idx":18},{"addr":140736916996940,"idx":19}],,,,,,,,,,,,,,,,,,,1144,0,17396,,,,,,,,,,,,,,,,,,,,,,,,,,,,,,,,,,,,,,,,,,,,,,,,,,,,,,,,,,,,,,,,,,,,,,,,,,,,,,,,,,,,,,,,,,,,,,,,,,,
"2025-09-02 15:13:22.3876580Z","ETW","Microsoft-Windows-Kernel-Process",5,"ImageLoadInfo ",19992,12292,"svchost.exe",,,,"C:\Windows\System32\policymanager.dll",,,,,,,,,,,,[{"addr":140736918203828,"idx":0},{"addr":140736917192506,"idx":1},{"addr":140736917191278,"idx":2},{"addr":140736917210764,"idx":3},{"addr":140736917201516,"idx":4},{"addr":140736917258922,"idx":5},{"addr":140736916785248,"idx":6},{"addr":140736916784352,"idx":7},{"addr":140736917101952,"idx":8},{"addr":140736872000198,"idx":9},{"addr":140736564313215,"idx":10},{"addr":140736564317195,"idx":11},{"addr":140736564310991,"idx":12},{"addr":140736564312326,"idx":13},{"addr":140736564315077,"idx":14},{"addr":140736823462372,"idx":15},{"addr":140736823295874,"idx":16},{"addr":140736823288719,"idx":17},{"addr":140736823283182,"idx":18},{"addr":140736823711170,"idx":19},{"addr":140736823633170,"idx":20},{"addr":140734019745915,"idx":21},{"addr":140734019690025,"idx":22},{"addr":140734019706334,"idx":23},{"addr":140736917282525,"idx":24},{"addr":140736917350969,"idx":25},{"addr":140736897083607,"idx":26},{"addr":140736916996940,"idx":27}],,,,,,,,,19992,,,,,,,,,,,,,,,,,,,,,,,,,,,,,,,,,,,,2757975175,140736805928960,140736805928960,801211,737280,,,,,,,,,,,,,,,,,,,,,,,,,,,,,,,,,,,,,,,,,,,,,,,,,,,,,,,,,,,,,,,,,,,,,,,
"2025-09-02 15:13:22.3877653Z","ETW","Microsoft-Windows-Kernel-Process",5,"ImageLoadInfo ",19992,12292,"svchost.exe",,,,"C:\Windows\System32\msvcrt.dll",,,,,,,,,,,,[{"addr":140736918203828,"idx":0},{"addr":140736917192506,"idx":1},{"addr":140736917191278,"idx":2},{"addr":140736917190209,"idx":3},{"addr":140736916798526,"idx":4},{"addr":140736916790798,"idx":5},{"addr":140736917191656,"idx":6},{"addr":140736917210764,"idx":7},{"addr":140736917201516,"idx":8},{"addr":140736917258922,"idx":9},{"addr":140736916785248,"idx":10},{"addr":140736916784352,"idx":11},{"addr":140736917101952,"idx":12},{"addr":140736872000198,"idx":13},{"addr":140736564313215,"idx":14},{"addr":140736564317195,"idx":15},{"addr":140736564310991,"idx":16},{"addr":140736564312326,"idx":17},{"addr":140736564315077,"idx":18},{"addr":140736823462372,"idx":19},{"addr":140736823295874,"idx":20},{"addr":140736823288719,"idx":21},{"addr":140736823283182,"idx":22},{"addr":140736823711170,"idx":23},{"addr":140736823633170,"idx":24},{"addr":140734019745915,"idx":25},{"addr":140734019690025,"idx":26},{"addr":140734019706334,"idx":27},{"addr":140736917282525,"idx":28},{"addr":140736917350969,"idx":29},{"addr":140736897083607,"idx":30},{"addr":140736916996940,"idx":31}],,,,,,,,,19992,,,,,,,,,,,,,,,,,,,,,,,,,,,,,,,,,,,,2634004398,140736913342464,140736913342464,729924,692224,,,,,,,,,,,,,,,,,,,,,,,,,,,,,,,,,,,,,,,,,,,,,,,,,,,,,,,,,,,,,,,,,,,,,,,
"2025-09-02 15:13:22.3881025Z","ETW","Microsoft-Windows-Kernel-Process",5,"ImageLoadInfo ",17396,13804,"calc.exe",,,,"C:\Windows\System32\mlang.dll",,,,,,,,,,,,[{"addr":140736918203828,"idx":0},{"addr":140736917192506,"idx":1},{"addr":140736917191278,"idx":2},{"addr":140736917210764,"idx":3},{"addr":140736917201516,"idx":4},{"addr":140736917258922,"idx":5},{"addr":140736916785248,"idx":6},{"addr":140736916784352,"idx":7},{"addr":140736917101952,"idx":8},{"addr":140736872000198,"idx":9},{"addr":140736872006436,"idx":10},{"addr":140735450512307,"idx":11},{"addr":140735451022150,"idx":12},{"addr":140735450406338,"idx":13},{"addr":140735450406071,"idx":14},{"addr":140735450410188,"idx":15},{"addr":140735450567378,"idx":16},{"addr":140736836360096,"idx":17},{"addr":140736833442302,"idx":18},{"addr":140736830319426,"idx":19},{"addr":140736833444649,"idx":20},{"addr":140736833442979,"idx":21},{"addr":140736883141400,"idx":22},{"addr":140736883140355,"idx":23},{"addr":140736833443277,"idx":24},{"addr":140736831608028,"idx":25},{"addr":140736835926316,"idx":26},{"addr":140736835925825,"idx":27},{"addr":140736835914335,"idx":28},{"addr":140736902955098,"idx":29},{"addr":140736897083607,"idx":30},{"addr":140736916996940,"idx":31}],,,,,,,,,17396,,,,,,,,,,,,,,,,,,,,,,,,,,,,,,,,,,,,4128125090,140736298876928,140736298876928,291318,278528,,,,,,,,,,,,,,,,,,,,,,,,,,,,,,,,,,,,,,,,,,,,,,,,,,,,,,,,,,,,,,,,,,,,,,,
"2025-09-02 15:13:22.3881304Z","ETW","Microsoft-Windows-Kernel-Process",5,"ImageLoadInfo ",19992,12292,"svchost.exe",,,,"C:\Windows\System32\msvcp110_win.dll",,,,,,,,,,,,[{"addr":140736918203828,"idx":0},{"addr":140736917192506,"idx":1},{"addr":140736917191278,"idx":2},{"addr":140736917210764,"idx":3},{"addr":140736917201516,"idx":4},{"addr":140736917258922,"idx":5},{"addr":140736916999751,"idx":6},{"addr":140736916785258,"idx":7},{"addr":140736916784352,"idx":8},{"addr":140736917101952,"idx":9},{"addr":140736872000198,"idx":10},{"addr":140736564313215,"idx":11},{"addr":140736564317195,"idx":12},{"addr":140736564310991,"idx":13},{"addr":140736564312326,"idx":14},{"addr":140736564315077,"idx":15},{"addr":140736823462372,"idx":16},{"addr":140736823295874,"idx":17},{"addr":140736823288719,"idx":18},{"addr":140736823283182,"idx":19},{"addr":140736823711170,"idx":20},{"addr":140736823633170,"idx":21},{"addr":140734019745915,"idx":22},{"addr":140734019690025,"idx":23},{"addr":140734019706334,"idx":24},{"addr":140736917282525,"idx":25},{"addr":140736917350969,"idx":26},{"addr":140736897083607,"idx":27},{"addr":140736916996940,"idx":28}],,,,,,,,,19992,,,,,,,,,,,,,,,,,,,,,,,,,,,,,,,,,,,,3464179610,140736793542656,140736793542656,602786,593920,,,,,,,,,,,,,,,,,,,,,,,,,,,,,,,,,,,,,,,,,,,,,,,,,,,,,,,,,,,,,,,,,,,,,,,
"2025-09-02 15:13:22.3886980Z","ETW","Microsoft-Windows-Kernel-Process",5,"ImageLoadInfo ",17396,13804,"calc.exe",,,,"C:\Windows\System32\wininet.dll",,,,,,,,,,,,[{"addr":140736918203828,"idx":0},{"addr":140736917192506,"idx":1},{"addr":140736917191278,"idx":2},{"addr":140736917210764,"idx":3},{"addr":140736917201516,"idx":4},{"addr":140736917258922,"idx":5},{"addr":140736916785248,"idx":6},{"addr":140736916784352,"idx":7},{"addr":140736917101952,"idx":8},{"addr":140736872000198,"idx":9},{"addr":140736872006436,"idx":10},{"addr":140735450512307,"idx":11},{"addr":140735451023096,"idx":12},{"addr":140735450408079,"idx":13},{"addr":140735450567378,"idx":14},{"addr":140736836360096,"idx":15},{"addr":140736833442302,"idx":16},{"addr":140736830319426,"idx":17},{"addr":140736833444649,"idx":18},{"addr":140736833442979,"idx":19},{"addr":140736883141400,"idx":20},{"addr":140736883140355,"idx":21},{"addr":140736833443277,"idx":22},{"addr":140736831608028,"idx":23},{"addr":140736835926316,"idx":24},{"addr":140736835925825,"idx":25},{"addr":140736835914335,"idx":26},{"addr":140736902955098,"idx":27},{"addr":140736897083607,"idx":28},{"addr":140736916996940,"idx":29}],,,,,,,,,17396,,,,,,,,,,,,,,,,,,,,,,,,,,,,,,,,,,,,302585447,140736707100672,140736707100672,2716732,2658304,,,,,,,,,,,,,,,,,,,,,,,,,,,,,,,,,,,,,,,,,,,,,,,,,,,,,,,,,,,,,,,,,,,,,,,
"2025-09-02 15:13:22.3890031Z","ETW","Microsoft-Windows-Kernel-Process",6,"ImageUnloadInfo ",19992,12292,"svchost.exe",,,,"C:\Windows\System32\msvcp110_win.dll",,,,,,,,,,,,[{"addr":140736918203892,"idx":0},{"addr":140736917028534,"idx":1},{"addr":140736916779098,"idx":2},{"addr":140736916769422,"idx":3},{"addr":140736916769266,"idx":4},{"addr":140736916768404,"idx":5},{"addr":140736916773680,"idx":6},{"addr":140736872000489,"idx":7},{"addr":140736564313988,"idx":8},{"addr":140736564317195,"idx":9},{"addr":140736564310991,"idx":10},{"addr":140736564312326,"idx":11},{"addr":140736564315077,"idx":12},{"addr":140736823462372,"idx":13},{"addr":140736823295874,"idx":14},{"addr":140736823288719,"idx":15},{"addr":140736823283182,"idx":16},{"addr":140736823711170,"idx":17},{"addr":140736823633170,"idx":18},{"addr":140734019745915,"idx":19},{"addr":140734019690025,"idx":20},{"addr":140734019706334,"idx":21},{"addr":140736917282525,"idx":22},{"addr":140736917350969,"idx":23},{"addr":140736897083607,"idx":24},{"addr":140736916996940,"idx":25}],,,,,,,,,19992,,,,,,,,,,,,,,,,,,,,,,,,,,,,,,,,,,,,3464179610,140736793542656,140736793542656,602786,606208,,,,,,,,,,,,,,,,,,,,,,,,,,,,,,,,,,,,,,,,,,,,,,,,,,,,,,,,,,,,,,,,,,,,,,,
"2025-09-02 15:13:22.3891002Z","ETW","Microsoft-Windows-Kernel-Process",6,"ImageUnloadInfo ",19992,12292,"svchost.exe",,,,"C:\Windows\System32\msvcrt.dll",,,,,,,,,,,,[{"addr":140736918203892,"idx":0},{"addr":140736917028534,"idx":1},{"addr":140736916779098,"idx":2},{"addr":140736916769422,"idx":3},{"addr":140736916769266,"idx":4},{"addr":140736916768404,"idx":5},{"addr":140736916773680,"idx":6},{"addr":140736872000489,"idx":7},{"addr":140736564313988,"idx":8},{"addr":140736564317195,"idx":9},{"addr":140736564310991,"idx":10},{"addr":140736564312326,"idx":11},{"addr":140736564315077,"idx":12},{"addr":140736823462372,"idx":13},{"addr":140736823295874,"idx":14},{"addr":140736823288719,"idx":15},{"addr":140736823283182,"idx":16},{"addr":140736823711170,"idx":17},{"addr":140736823633170,"idx":18},{"addr":140734019745915,"idx":19},{"addr":140734019690025,"idx":20},{"addr":140734019706334,"idx":21},{"addr":140736917282525,"idx":22},{"addr":140736917350969,"idx":23},{"addr":140736897083607,"idx":24},{"addr":140736916996940,"idx":25}],,,,,,,,,19992,,,,,,,,,,,,,,,,,,,,,,,,,,,,,,,,,,,,2634004398,140736913342464,140736913342464,729924,704512,,,,,,,,,,,,,,,,,,,,,,,,,,,,,,,,,,,,,,,,,,,,,,,,,,,,,,,,,,,,,,,,,,,,,,,
"2025-09-02 15:13:22.3891544Z","ETW","Microsoft-Windows-Kernel-Process",6,"ImageUnloadInfo ",19992,12292,"svchost.exe",,,,"C:\Windows\System32\policymanager.dll",,,,,,,,,,,,[{"addr":140736918203892,"idx":0},{"addr":140736917028534,"idx":1},{"addr":140736916779098,"idx":2},{"addr":140736916773567,"idx":3},{"addr":140736872000489,"idx":4},{"addr":140736564313988,"idx":5},{"addr":140736564317195,"idx":6},{"addr":140736564310991,"idx":7},{"addr":140736564312326,"idx":8},{"addr":140736564315077,"idx":9},{"addr":140736823462372,"idx":10},{"addr":140736823295874,"idx":11},{"addr":140736823288719,"idx":12},{"addr":140736823283182,"idx":13},{"addr":140736823711170,"idx":14},{"addr":140736823633170,"idx":15},{"addr":140734019745915,"idx":16},{"addr":140734019690025,"idx":17},{"addr":140734019706334,"idx":18},{"addr":140736917282525,"idx":19},{"addr":140736917350969,"idx":20},{"addr":140736897083607,"idx":21},{"addr":140736916996940,"idx":22}],,,,,,,,,19992,,,,,,,,,,,,,,,,,,,,,,,,,,,,,,,,,,,,2757975175,140736805928960,140736805928960,801211,749568,,,,,,,,,,,,,,,,,,,,,,,,,,,,,,,,,,,,,,,,,,,,,,,,,,,,,,,,,,,,,,,,,,,,,,,
"2025-09-02 15:13:22.3894723Z","ETW","Microsoft-Windows-Kernel-Process",5,"ImageLoadInfo ",19992,12292,"svchost.exe",,,,"C:\Windows\System32\CorePrivacySettingsStore.dll",,,,,,,,,,,,[{"addr":140736918203828,"idx":0},{"addr":140736917192506,"idx":1},{"addr":140736917191278,"idx":2},{"addr":140736917210764,"idx":3},{"addr":140736917202269,"idx":4},{"addr":140736917259140,"idx":5},{"addr":140736916785248,"idx":6},{"addr":140736916786774,"idx":7},{"addr":140736917021315,"idx":8},{"addr":140736917023197,"idx":9},{"addr":140736564319458,"idx":10},{"addr":140736564305775,"idx":11},{"addr":140736564316946,"idx":12},{"addr":140736564311035,"idx":13},{"addr":140736564312326,"idx":14},{"addr":140736564315077,"idx":15},{"addr":140736823462372,"idx":16},{"addr":140736823295874,"idx":17},{"addr":140736823288719,"idx":18},{"addr":140736823283182,"idx":19},{"addr":140736823711170,"idx":20},{"addr":140736823633170,"idx":21},{"addr":140734019745915,"idx":22},{"addr":140734019690025,"idx":23},{"addr":140734019706334,"idx":24},{"addr":140736917282525,"idx":25},{"addr":140736917350969,"idx":26},{"addr":140736897083607,"idx":27},{"addr":140736916996940,"idx":28}],,,,,,,,,19992,,,,,,,,,,,,,,,,,,,,,,,,,,,,,,,,,,,,2978004593,140736557481984,140736557481984,263379,196608,,,,,,,,,,,,,,,,,,,,,,,,,,,,,,,,,,,,,,,,,,,,,,,,,,,,,,,,,,,,,,,,,,,,,,,
"2025-09-02 15:13:22.3899265Z","ETW","Microsoft-Windows-Kernel-Process",5,"ImageLoadInfo ",17396,13804,"calc.exe",,,,"C:\Windows\System32\profapi.dll",,,,,,,,,,,,[{"addr":140736918203828,"idx":0},{"addr":140736917192506,"idx":1},{"addr":140736917191278,"idx":2},{"addr":140736917210764,"idx":3},{"addr":140736917201516,"idx":4},{"addr":140736917258922,"idx":5},{"addr":140736916785248,"idx":6},{"addr":140736916786774,"idx":7},{"addr":140736917021315,"idx":8},{"addr":140736917023197,"idx":9},{"addr":140736832559570,"idx":10},{"addr":140736833636814,"idx":11},{"addr":140736831847475,"idx":12},{"addr":140736831844775,"idx":13},{"addr":140736830622759,"idx":14},{"addr":140736830149842,"idx":15},{"addr":140736830146064,"idx":16},{"addr":140736830152357,"idx":17},{"addr":140736830211315,"idx":18},{"addr":140736830148513,"idx":19},{"addr":140736830146064,"idx":20},{"addr":140736830152357,"idx":21},{"addr":140736830211315,"idx":22},{"addr":140736830148513,"idx":23},{"addr":140736830146064,"idx":24},{"addr":140736830152357,"idx":25},{"addr":140736732708119,"idx":26},{"addr":140736708208459,"idx":27},{"addr":140736708292966,"idx":28},{"addr":140736708291851,"idx":29},{"addr":140736916975221,"idx":30},{"addr":140736872573249,"idx":31},{"addr":140736708029668,"idx":32},{"addr":140736708026709,"idx":33},{"addr":140736708020607,"idx":34},{"addr":140736916975221,"idx":35},{"addr":140736872573249,"idx":36},{"addr":140736707524266,"idx":37},{"addr":140736707521898,"idx":38},{"addr":140736707521574,"idx":39},{"addr":140735450408079,"idx":40},{"addr":140735450567378,"idx":41},{"addr":140736836360096,"idx":42},{"addr":140736833442302,"idx":43},{"addr":140736830319426,"idx":44},{"addr":140736833444649,"idx":45},{"addr":140736833442979,"idx":46},{"addr":140736883141400,"idx":47},{"addr":140736883140355,"idx":48},{"addr":140736833443277,"idx":49},{"addr":140736831608028,"idx":50},{"addr":140736835926316,"idx":51},{"addr":140736835925825,"idx":52},{"addr":140736835914335,"idx":53},{"addr":140736902955098,"idx":54},{"addr":140736897083607,"idx":55},{"addr":140736916996940,"idx":56}],,,,,,,,,17396,,,,,,,,,,,,,,,,,,,,,,,,,,,,,,,,,,,,2107422311,140736866746368,140736866746368,182967,167936,,,,,,,,,,,,,,,,,,,,,,,,,,,,,,,,,,,,,,,,,,,,,,,,,,,,,,,,,,,,,,,,,,,,,,,
"2025-09-02 15:13:22.3919855Z","ETW","Microsoft-Windows-Kernel-Process",5,"ImageLoadInfo ",19992,12292,"svchost.exe",,,,"C:\Windows\System32\bcryptprimitives.dll",,,,,,,,,,,,[{"addr":140736918203828,"idx":0},{"addr":140736917192506,"idx":1},{"addr":140736917191278,"idx":2},{"addr":140736917190209,"idx":3},{"addr":140736916804181,"idx":4},{"addr":140736916785218,"idx":5},{"addr":140736916786774,"idx":6},{"addr":140736917021315,"idx":7},{"addr":140736917023197,"idx":8},{"addr":140736882386290,"idx":9},{"addr":140736882460095,"idx":10},{"addr":140736881997317,"idx":11},{"addr":140736823464291,"idx":12},{"addr":140736823279498,"idx":13},{"addr":140736823449839,"idx":14},{"addr":140736823711222,"idx":15},{"addr":140736823633170,"idx":16},{"addr":140734019745915,"idx":17},{"addr":140734019690025,"idx":18},{"addr":140734019706334,"idx":19},{"addr":140736917282525,"idx":20},{"addr":140736917350969,"idx":21},{"addr":140736897083607,"idx":22},{"addr":140736916996940,"idx":23}],,,,,,,,,19992,,,,,,,,,,,,,,,,,,,,,,,,,,,,,,,,,,,,3318233078,140736867663872,140736867663872,705120,626688,,,,,,,,,,,,,,,,,,,,,,,,,,,,,,,,,,,,,,,,,,,,,,,,,,,,,,,,,,,,,,,,,,,,,,,
"2025-09-02 15:13:22.3924183Z","ETW","Microsoft-Windows-Kernel-File",30,"CreateNewFileInfo ",19992,12292,"svchost.exe",,,,"C:\ProgramData\Microsoft\Windows\WER\Temp\d72a9c7c-274a-40f0-acee-6a0c2e7512c6",,,,,,,,,,,,[{"addr":140736918205268,"idx":0},{"addr":140736823279700,"idx":1},{"addr":140736823449839,"idx":2},{"addr":140736823711222,"idx":3},{"addr":140736823633170,"idx":4},{"addr":140734019745915,"idx":5},{"addr":140734019690025,"idx":6},{"addr":140734019706334,"idx":7},{"addr":140736917282525,"idx":8},{"addr":140736917350969,"idx":9},{"addr":140736897083607,"idx":10},{"addr":140736916996940,"idx":11}],128,33558528,18446660010908204304,18446660011071477272,12292,0,,,,,,,,,,,,,,,,,,,,,,,,,,,,,,,,,,,,,,,,,,,,,,,,,,,,,,,,,,,,,,,,,,,,,,,,,,,,,,,,,,,,,,,,,,,,,,,,,,,,,,,,,,,,,,,,,,
"2025-09-02 15:13:22.3924329Z","ETW","Microsoft-Windows-Kernel-File",10,"NameCreateInfo ",19992,12292,"svchost.exe",,,,"C:\ProgramData\Microsoft\Windows\WER\Temp\d72a9c7c-274a-40f0-acee-6a0c2e7512c6",,,,,,,,,,,,[{"addr":140736918205268,"idx":0},{"addr":140736823279700,"idx":1},{"addr":140736823449839,"idx":2},{"addr":140736823711222,"idx":3},{"addr":140736823633170,"idx":4},{"addr":140734019745915,"idx":5},{"addr":140734019690025,"idx":6},{"addr":140734019706334,"idx":7},{"addr":140736917282525,"idx":8},{"addr":140736917350969,"idx":9},{"addr":140736897083607,"idx":10},{"addr":140736916996940,"idx":11}],,,,,,,18446708905074907440,,,,,,,,,,,,,,,,,,,,,,,,,,,,,,,,,,,,,,,,,,,,,,,,,,,,,,,,,,,,,,,,,,,,,,,,,,,,,,,,,,,,,,,,,,,,,,,,,,,,,,,,,,,,,,,,,
"2025-09-02 15:13:22.3932337Z","ETW","Microsoft-Windows-Kernel-Process",5,"ImageLoadInfo ",19992,12292,"svchost.exe",,,,"C:\Windows\System32\policymanager.dll",,,,,,,,,,,,[{"addr":140736918203828,"idx":0},{"addr":140736917192506,"idx":1},{"addr":140736917191278,"idx":2},{"addr":140736917210764,"idx":3},{"addr":140736917201516,"idx":4},{"addr":140736917258922,"idx":5},{"addr":140736916785248,"idx":6},{"addr":140736916784352,"idx":7},{"addr":140736917101952,"idx":8},{"addr":140736872000198,"idx":9},{"addr":140736564313215,"idx":10},{"addr":140736564317195,"idx":11},{"addr":140736564310991,"idx":12},{"addr":140736564312326,"idx":13},{"addr":140736564315077,"idx":14},{"addr":140736823462372,"idx":15},{"addr":140736823295874,"idx":16},{"addr":140736823288719,"idx":17},{"addr":140736823282766,"idx":18},{"addr":140736823711170,"idx":19},{"addr":140736823633223,"idx":20},{"addr":140734019745915,"idx":21},{"addr":140734019690025,"idx":22},{"addr":140734019706334,"idx":23},{"addr":140736917282525,"idx":24},{"addr":140736917350969,"idx":25},{"addr":140736897083607,"idx":26},{"addr":140736916996940,"idx":27}],,,,,,,,,19992,,,,,,,,,,,,,,,,,,,,,,,,,,,,,,,,,,,,2757975175,140736805928960,140736805928960,801211,737280,,,,,,,,,,,,,,,,,,,,,,,,,,,,,,,,,,,,,,,,,,,,,,,,,,,,,,,,,,,,,,,,,,,,,,,
"2025-09-02 15:13:22.3934049Z","ETW","Microsoft-Windows-Kernel-Process",5,"ImageLoadInfo ",19992,12292,"svchost.exe",,,,"C:\Windows\System32\msvcrt.dll",,,,,,,,,,,,[{"addr":140736918203828,"idx":0},{"addr":140736917192506,"idx":1},{"addr":140736917191278,"idx":2},{"addr":140736917190209,"idx":3},{"addr":140736916798526,"idx":4},{"addr":140736916790798,"idx":5},{"addr":140736917191656,"idx":6},{"addr":140736917210764,"idx":7},{"addr":140736917201516,"idx":8},{"addr":140736917258922,"idx":9},{"addr":140736916785248,"idx":10},{"addr":140736916784352,"idx":11},{"addr":140736917101952,"idx":12},{"addr":140736872000198,"idx":13},{"addr":140736564313215,"idx":14},{"addr":140736564317195,"idx":15},{"addr":140736564310991,"idx":16},{"addr":140736564312326,"idx":17},{"addr":140736564315077,"idx":18},{"addr":140736823462372,"idx":19},{"addr":140736823295874,"idx":20},{"addr":140736823288719,"idx":21},{"addr":140736823282766,"idx":22},{"addr":140736823711170,"idx":23},{"addr":140736823633223,"idx":24},{"addr":140734019745915,"idx":25},{"addr":140734019690025,"idx":26},{"addr":140734019706334,"idx":27},{"addr":140736917282525,"idx":28},{"addr":140736917350969,"idx":29},{"addr":140736897083607,"idx":30},{"addr":140736916996940,"idx":31}],,,,,,,,,19992,,,,,,,,,,,,,,,,,,,,,,,,,,,,,,,,,,,,2634004398,140736913342464,140736913342464,729924,692224,,,,,,,,,,,,,,,,,,,,,,,,,,,,,,,,,,,,,,,,,,,,,,,,,,,,,,,,,,,,,,,,,,,,,,,
"2025-09-02 15:13:22.3937616Z","ETW","Microsoft-Windows-Kernel-Process",5,"ImageLoadInfo ",19992,17792,"svchost.exe",,,,"C:\Windows\System32\msvcp110_win.dll",,,,,,,,,,,,[{"addr":140736918203828,"idx":0},{"addr":140736917192506,"idx":1},{"addr":140736917191278,"idx":2},{"addr":140736917210764,"idx":3},{"addr":140736917201516,"idx":4},{"addr":140736917258922,"idx":5},{"addr":140736917255216,"idx":6},{"addr":140736917350945,"idx":7},{"addr":140736897083607,"idx":8},{"addr":140736916996940,"idx":9}],,,,,,,,,19992,,,,,,,,,,,,,,,,,,,,,,,,,,,,,,,,,,,,3464179610,140736793542656,140736793542656,602786,593920,,,,,,,,,,,,,,,,,,,,,,,,,,,,,,,,,,,,,,,,,,,,,,,,,,,,,,,,,,,,,,,,,,,,,,,
"2025-09-02 15:13:22.3938674Z","ETW","Microsoft-Windows-Kernel-Process",3,"ThreadStartStart ",19992,13384,"svchost.exe",,,,,,,,,,,,,,,,[{"addr":140736918214756,"idx":0},{"addr":140736917257428,"idx":1},{"addr":140736917254706,"idx":2},{"addr":140736917350945,"idx":3},{"addr":140736897083607,"idx":4},{"addr":140736916996940,"idx":5}],,,,,,,,,19992,18446639081573371904,18446639081573347328,140736917348896,0,111298654208,7332,111301623808,111301591040,140736917348896,,,,,,,,,,,,,,,,,,,,,,,,,,,,,,,,,,,,,,,,,,,,,,,,,,,,,,,,,,,,,,,,,,,,,,,,,,,,,,,,,,,,,,,,,,,,,,,,,,,,,,
"2025-09-02 15:13:22.3944558Z","ETW","Microsoft-Windows-Kernel-Process",6,"ImageUnloadInfo ",19992,12292,"svchost.exe",,,,"C:\Windows\System32\msvcp110_win.dll",,,,,,,,,,,,[{"addr":140736918203892,"idx":0},{"addr":140736917028534,"idx":1},{"addr":140736916779098,"idx":2},{"addr":140736916769422,"idx":3},{"addr":140736916769266,"idx":4},{"addr":140736916768404,"idx":5},{"addr":140736916773680,"idx":6},{"addr":140736872000489,"idx":7},{"addr":140736564313988,"idx":8},{"addr":140736564317195,"idx":9},{"addr":140736564310991,"idx":10},{"addr":140736564312326,"idx":11},{"addr":140736564315077,"idx":12},{"addr":140736823462372,"idx":13},{"addr":140736823295874,"idx":14},{"addr":140736823288719,"idx":15},{"addr":140736823282766,"idx":16},{"addr":140736823711170,"idx":17},{"addr":140736823633223,"idx":18},{"addr":140734019745915,"idx":19},{"addr":140734019690025,"idx":20},{"addr":140734019706334,"idx":21},{"addr":140736917282525,"idx":22},{"addr":140736917350969,"idx":23},{"addr":140736897083607,"idx":24},{"addr":140736916996940,"idx":25}],,,,,,,,,19992,,,,,,,,,,,,,,,,,,,,,,,,,,,,,,,,,,,,3464179610,140736793542656,140736793542656,602786,606208,,,,,,,,,,,,,,,,,,,,,,,,,,,,,,,,,,,,,,,,,,,,,,,,,,,,,,,,,,,,,,,,,,,,,,,
"2025-09-02 15:13:22.3945437Z","ETW","Microsoft-Windows-Kernel-Process",6,"ImageUnloadInfo ",19992,12292,"svchost.exe",,,,"C:\Windows\System32\msvcrt.dll",,,,,,,,,,,,[{"addr":140736918203892,"idx":0},{"addr":140736917028534,"idx":1},{"addr":140736916779098,"idx":2},{"addr":140736916769422,"idx":3},{"addr":140736916769266,"idx":4},{"addr":140736916768404,"idx":5},{"addr":140736916773680,"idx":6},{"addr":140736872000489,"idx":7},{"addr":140736564313988,"idx":8},{"addr":140736564317195,"idx":9},{"addr":140736564310991,"idx":10},{"addr":140736564312326,"idx":11},{"addr":140736564315077,"idx":12},{"addr":140736823462372,"idx":13},{"addr":140736823295874,"idx":14},{"addr":140736823288719,"idx":15},{"addr":140736823282766,"idx":16},{"addr":140736823711170,"idx":17},{"addr":140736823633223,"idx":18},{"addr":140734019745915,"idx":19},{"addr":140734019690025,"idx":20},{"addr":140734019706334,"idx":21},{"addr":140736917282525,"idx":22},{"addr":140736917350969,"idx":23},{"addr":140736897083607,"idx":24},{"addr":140736916996940,"idx":25}],,,,,,,,,19992,,,,,,,,,,,,,,,,,,,,,,,,,,,,,,,,,,,,2634004398,140736913342464,140736913342464,729924,704512,,,,,,,,,,,,,,,,,,,,,,,,,,,,,,,,,,,,,,,,,,,,,,,,,,,,,,,,,,,,,,,,,,,,,,,
"2025-09-02 15:13:22.3945847Z","ETW","Microsoft-Windows-Kernel-Process",6,"ImageUnloadInfo ",19992,12292,"svchost.exe",,,,"C:\Windows\System32\policymanager.dll",,,,,,,,,,,,[{"addr":140736918203892,"idx":0},{"addr":140736917028534,"idx":1},{"addr":140736916779098,"idx":2},{"addr":140736916773567,"idx":3},{"addr":140736872000489,"idx":4},{"addr":140736564313988,"idx":5},{"addr":140736564317195,"idx":6},{"addr":140736564310991,"idx":7},{"addr":140736564312326,"idx":8},{"addr":140736564315077,"idx":9},{"addr":140736823462372,"idx":10},{"addr":140736823295874,"idx":11},{"addr":140736823288719,"idx":12},{"addr":140736823282766,"idx":13},{"addr":140736823711170,"idx":14},{"addr":140736823633223,"idx":15},{"addr":140734019745915,"idx":16},{"addr":140734019690025,"idx":17},{"addr":140734019706334,"idx":18},{"addr":140736917282525,"idx":19},{"addr":140736917350969,"idx":20},{"addr":140736897083607,"idx":21},{"addr":140736916996940,"idx":22}],,,,,,,,,19992,,,,,,,,,,,,,,,,,,,,,,,,,,,,,,,,,,,,2757975175,140736805928960,140736805928960,801211,749568,,,,,,,,,,,,,,,,,,,,,,,,,,,,,,,,,,,,,,,,,,,,,,,,,,,,,,,,,,,,,,,,,,,,,,,
"2025-09-02 15:13:22.3956366Z","ETW","Microsoft-Windows-Kernel-Process",5,"ImageLoadInfo ",17396,13804,"calc.exe",,,,"C:\Windows\System32\edputil.dll",,,,,,,,,,,,[{"addr":140736918203828,"idx":0},{"addr":140736917192506,"idx":1},{"addr":140736917191278,"idx":2},{"addr":140736917210764,"idx":3},{"addr":140736917201516,"idx":4},{"addr":140736917258922,"idx":5},{"addr":140736916785248,"idx":6},{"addr":140736916786774,"idx":7},{"addr":140736917021315,"idx":8},{"addr":140736917023197,"idx":9},{"addr":140736832559570,"idx":10},{"addr":140736833628440,"idx":11},{"addr":140736831220646,"idx":12},{"addr":140736831218410,"idx":13},{"addr":140736832435755,"idx":14},{"addr":140736832434162,"idx":15},{"addr":140736884062167,"idx":16},{"addr":140736884061550,"idx":17},{"addr":140736884211506,"idx":18},{"addr":140736885254058,"idx":19},{"addr":140736833113982,"idx":20},{"addr":140736835926335,"idx":21},{"addr":140736835925825,"idx":22},{"addr":140736835914335,"idx":23},{"addr":140736902955098,"idx":24},{"addr":140736897083607,"idx":25},{"addr":140736916996940,"idx":26}],,,,,,,,,17396,,,,,,,,,,,,,,,,,,,,,,,,,,,,,,,,,,,,1763604982,140736565084160,140736565084160,193567,167936,,,,,,,,,,,,,,,,,,,,,,,,,,,,,,,,,,,,,,,,,,,,,,,,,,,,,,,,,,,,,,,,,,,,,,,
"2025-09-02 15:13:22.3961021Z","ETW","Microsoft-Windows-Kernel-File",30,"CreateNewFileInfo ",19992,12292,"svchost.exe",,,,"C:\ProgramData\Microsoft\Windows\WER\Temp\d1b6c908-5709-4554-a66b-1760dd2d842b",,,,,,,,,,,,[{"addr":140736918205268,"idx":0},{"addr":140736823279700,"idx":1},{"addr":140736823449839,"idx":2},{"addr":140736823711222,"idx":3},{"addr":140736823633223,"idx":4},{"addr":140734019745915,"idx":5},{"addr":140734019690025,"idx":6},{"addr":140734019706334,"idx":7},{"addr":140736917282525,"idx":8},{"addr":140736917350969,"idx":9},{"addr":140736897083607,"idx":10},{"addr":140736916996940,"idx":11}],128,33558528,18446660010908148704,18446660011071477272,12292,0,,,,,,,,,,,,,,,,,,,,,,,,,,,,,,,,,,,,,,,,,,,,,,,,,,,,,,,,,,,,,,,,,,,,,,,,,,,,,,,,,,,,,,,,,,,,,,,,,,,,,,,,,,,,,,,,,,
"2025-09-02 15:13:22.3961126Z","ETW","Microsoft-Windows-Kernel-File",10,"NameCreateInfo ",19992,12292,"svchost.exe",,,,"C:\ProgramData\Microsoft\Windows\WER\Temp\d1b6c908-5709-4554-a66b-1760dd2d842b",,,,,,,,,,,,[{"addr":140736918205268,"idx":0},{"addr":140736823279700,"idx":1},{"addr":140736823449839,"idx":2},{"addr":140736823711222,"idx":3},{"addr":140736823633223,"idx":4},{"addr":140734019745915,"idx":5},{"addr":140734019690025,"idx":6},{"addr":140734019706334,"idx":7},{"addr":140736917282525,"idx":8},{"addr":140736917350969,"idx":9},{"addr":140736897083607,"idx":10},{"addr":140736916996940,"idx":11}],,,,,,,18446708904256670576,,,,,,,,,,,,,,,,,,,,,,,,,,,,,,,,,,,,,,,,,,,,,,,,,,,,,,,,,,,,,,,,,,,,,,,,,,,,,,,,,,,,,,,,,,,,,,,,,,,,,,,,,,,,,,,,,
"2025-09-02 15:13:22.3964866Z","ETW","Microsoft-Windows-Kernel-Process",6,"ImageUnloadInfo ",19992,12292,"svchost.exe",,,,"C:\Windows\System32\wer.dll",,,,,,,,,,,,[{"addr":140736918203892,"idx":0},{"addr":140736917028534,"idx":1},{"addr":140736916779098,"idx":2},{"addr":140736916773567,"idx":3},{"addr":140736872000489,"idx":4},{"addr":140734019745932,"idx":5},{"addr":140734019690025,"idx":6},{"addr":140734019706334,"idx":7},{"addr":140736917282525,"idx":8},{"addr":140736917350969,"idx":9},{"addr":140736897083607,"idx":10},{"addr":140736916996940,"idx":11}],,,,,,,,,19992,,,,,,,,,,,,,,,,,,,,,,,,,,,,,,,,,,,,2310495835,140736823230464,140736823230464,1034785,1019904,,,,,,,,,,,,,,,,,,,,,,,,,,,,,,,,,,,,,,,,,,,,,,,,,,,,,,,,,,,,,,,,,,,,,,,
"2025-09-02 15:13:22.3965057Z","ETW","Microsoft-Windows-Kernel-Audit-API-Calls",5,"Info ",19992,12292,"svchost.exe",,,,,,,,,,,,,,,,[{"addr":140736918203764,"idx":0},{"addr":140736872731894,"idx":1},{"addr":140734019698163,"idx":2},{"addr":140734019712588,"idx":3},{"addr":140734019690234,"idx":4},{"addr":140734019706334,"idx":5},{"addr":140736917282525,"idx":6},{"addr":140736917350969,"idx":7},{"addr":140736897083607,"idx":8},{"addr":140736916996940,"idx":9}],,,,,,,,,,,,,,,,,,,1049665,0,15112,,,,,,,,,,,,,,,,,,,,,,,,,,,,,,,,,,,,,,,,,,,,,,,,,,,,,,,,,,,,,,,,,,,,,,,,,,,,,,,,,,,,,,,,,,,,,,,,,,,
"2025-09-02 15:13:22.3965447Z","ETW","Microsoft-Windows-Kernel-Audit-API-Calls",6,"Info ",19992,12292,"svchost.exe",,,,,,,,,,,,,,,,[{"addr":140736918212548,"idx":0},{"addr":140736872857142,"idx":1},{"addr":140734019699539,"idx":2},{"addr":140734019712588,"idx":3},{"addr":140734019690234,"idx":4},{"addr":140734019706334,"idx":5},{"addr":140736917282525,"idx":6},{"addr":140736917350969,"idx":7},{"addr":140736897083607,"idx":8},{"addr":140736916996940,"idx":9}],,,,,,,,,,,,,,,,,,,2097151,0,15112,5500,,,,,,,,,,,,,,,,,,,,,,,,,,,,,,,,,,,,,,,,,,,,,,,,,,,,,,,,,,,,,,,,,,,,,,,,,,,,,,,,,,,,,,,,,,,,,,,,,,
"2025-09-02 15:13:22.3965582Z","ETW","Microsoft-Windows-Kernel-Audit-API-Calls",5,"Info ",19992,12292,"svchost.exe",,,,,,,,,,,,,,,,[{"addr":140736918203764,"idx":0},{"addr":140736872731894,"idx":1},{"addr":140734019714757,"idx":2},{"addr":140734019700158,"idx":3},{"addr":140734019712588,"idx":4},{"addr":140734019690234,"idx":5},{"addr":140734019706334,"idx":6},{"addr":140736917282525,"idx":7},{"addr":140736917350969,"idx":8},{"addr":140736897083607,"idx":9},{"addr":140736916996940,"idx":10}],,,,,,,,,,,,,,,,,,,4096,0,15112,,,,,,,,,,,,,,,,,,,,,,,,,,,,,,,,,,,,,,,,,,,,,,,,,,,,,,,,,,,,,,,,,,,,,,,,,,,,,,,,,,,,,,,,,,,,,,,,,,,
"2025-09-02 15:13:22.3965721Z","ETW","Microsoft-Windows-Kernel-Audit-API-Calls",5,"Info ",19992,12292,"svchost.exe",,,,,,,,,,,,,,,,[{"addr":140736918203764,"idx":0},{"addr":140736872731894,"idx":1},{"addr":140734019714999,"idx":2},{"addr":140734019700158,"idx":3},{"addr":140734019712588,"idx":4},{"addr":140734019690234,"idx":5},{"addr":140734019706334,"idx":6},{"addr":140736917282525,"idx":7},{"addr":140736917350969,"idx":8},{"addr":140736897083607,"idx":9},{"addr":140736916996940,"idx":10}],,,,,,,,,,,,,,,,,,,4160,0,15112,,,,,,,,,,,,,,,,,,,,,,,,,,,,,,,,,,,,,,,,,,,,,,,,,,,,,,,,,,,,,,,,,,,,,,,,,,,,,,,,,,,,,,,,,,,,,,,,,,,
"2025-09-02 15:13:22.3966623Z","ETW","Microsoft-Antimalware-Engine",59,"Message Info ",1912,11468,"MsMpEng.exe",,,,,,0,"Behavior:Win32/NonStdSvchostProcess.A","0x19B3378537B0","a46a2542652cb8bc637538e84e4072ba74767f54",,,,,,,[],,,,,,,,,,,,,,,,,,,,,,,,,,,,,,,,,,,,,,,,,,,,,,,,,,,,,,,,,,,,,,,,,,,,,,,,,,,,,,,,,,,,,,,,,,,,,,,,,,,,,,,,,,,,,,,,,,,,,,,,
"2025-09-02 15:13:22.3968458Z","ETW","Microsoft-Antimalware-Engine",53,"Behavior Monitoring BmOpenProcess",19992,11468,"svchost.exe",,15112,,,,,,,,,,,,,,[],,,,,,,,,,,,,,,,,,,,,,,,,,,,,,,,,,,,,,,,,,,,,,,,,,,,,,,,,,,,,,,,,,,,,,,,1053761,false,,,,,,,,,,,,,,,,,,,,,,,,,,,,,,,,,,,,,,,,,,,,,,,
"2025-09-02 15:13:22.3968660Z","ETW","Microsoft-Antimalware-Engine",53,"Behavior Monitoring BmOpenProcess",19992,11468,"svchost.exe",,15112,,,,,,,,,,,,,,[],,,,,,,,,,,,,,,,,,,,,,,,,,,,,,,,,,,,,,,,,,,,,,,,,,,,,,,,,,,,,,,,,,,,,,,,2097151,false,,,,,,,,,,,,,,,,,,,,,,,,,,,,,,,,,,,,,,,,,,,,,,,
"2025-09-02 15:13:22.3968798Z","ETW","Microsoft-Antimalware-Engine",53,"Behavior Monitoring BmOpenProcess",19992,11468,"svchost.exe",,15112,,,,,,,,,,,,,,[],,,,,,,,,,,,,,,,,,,,,,,,,,,,,,,,,,,,,,,,,,,,,,,,,,,,,,,,,,,,,,,,,,,,,,,,4160,false,,,,,,,,,,,,,,,,,,,,,,,,,,,,,,,,,,,,,,,,,,,,,,,
"2025-09-02 15:13:22.3971431Z","ETW","Microsoft-Windows-Kernel-Process",1,"ProcessStartStart ",19992,12292,"svchost.exe",,,,"C:\Windows\System32\WerFault.exe",,,,,,,,,,,,[{"addr":140736918209220,"idx":0},{"addr":140736872957146,"idx":1},{"addr":140736872946710,"idx":2},{"addr":140736897140436,"idx":3},{"addr":140734019716165,"idx":4},{"addr":140734019700158,"idx":5},{"addr":140734019712588,"idx":6},{"addr":140734019690234,"idx":7},{"addr":140734019706334,"idx":8},{"addr":140736917282525,"idx":9},{"addr":140736917350969,"idx":10},{"addr":140736897083607,"idx":11},{"addr":140736916996940,"idx":12}],,,,,,,,,7940,,,,,,,,,,,,,,,,,,,,,,,134012996023971010,0,703605,"0x","","",19992,31826,31827,1,1,0,0,3409185830,,,,,,,,,,,,,,,,,,,,,,,,,,,,,,,,,,,,,,,,,,,,,,,,,,,,,,,,,,,,,,,,,,,,,,,,,,,
"2025-09-02 15:13:22.3972686Z","ETW","Microsoft-Windows-Kernel-Audit-API-Calls",6,"Info ",1912,8,"MsMpEng.exe",,,,,,,,,,,,,,,,[{"addr":140736918212548,"idx":0},{"addr":140736872857142,"idx":1},{"addr":140736738243895,"idx":2},{"addr":140736738242452,"idx":3},{"addr":140736657687525,"idx":4},{"addr":140736657686325,"idx":5},{"addr":140736657683993,"idx":6},{"addr":140736658258217,"idx":7},{"addr":140736657749938,"idx":8},{"addr":140736657909615,"idx":9},{"addr":140736658079503,"idx":10},{"addr":140736897083607,"idx":11},{"addr":140736916996940,"idx":12}],,,,,,,,,,,,,,,,,,,2097151,0,1912,8,,,,,,,,,,,,,,,,,,,,,,,,,,,,,,,,,,,,,,,,,,,,,,,,,,,,,,,,,,,,,,,,,,,,,,,,,,,,,,,,,,,,,,,,,,,,,,,,,,
"2025-09-02 15:13:22.3976833Z","ETW","Microsoft-Windows-Kernel-Process",3,"ThreadStartStart ",528,19756,"svchost.exe",,,,,,,,,,,,,,,,[{"addr":140736918214756,"idx":0},{"addr":140736917356893,"idx":1},{"addr":140736917350035,"idx":2},{"addr":140736897083607,"idx":3},{"addr":140736916996940,"idx":4}],,,,,,,,,528,18446639081573658624,18446639081573634048,140736917348896,0,996249108480,17612,996250484736,996250451968,140736917348896,,,,,,,,,,,,,,,,,,,,,,,,,,,,,,,,,,,,,,,,,,,,,,,,,,,,,,,,,,,,,,,,,,,,,,,,,,,,,,,,,,,,,,,,,,,,,,,,,,,,,,
"2025-09-02 15:13:22.3978438Z","ETW","Microsoft-Windows-Kernel-Process",3,"ThreadStartStart ",900,17808,"services.exe",,,,,,,,,,,,,,,,[{"addr":140736918214756,"idx":0},{"addr":140736917348769,"idx":1},{"addr":140736917287804,"idx":2},{"addr":140695717255643,"idx":3},{"addr":140695717254838,"idx":4},{"addr":140736863352921,"idx":5},{"addr":140736863351654,"idx":6},{"addr":140736863351336,"idx":7},{"addr":140736917261860,"idx":8},{"addr":140736917263407,"idx":9},{"addr":140736917266967,"idx":10},{"addr":140736917265136,"idx":11},{"addr":140736917350329,"idx":12},{"addr":140736897083607,"idx":13},{"addr":140736916996940,"idx":14}],,,,,,,,,900,18446639081573744640,18446639081573720064,140736917348896,0,144598482944,20384,144599678976,144599646208,140736917348896,,,,,,,,,,,,,,,,,,,,,,,,,,,,,,,,,,,,,,,,,,,,,,,,,,,,,,,,,,,,,,,,,,,,,,,,,,,,,,,,,,,,,,,,,,,,,,,,,,,,,,
"2025-09-02 15:13:22.3979419Z","ETW","Microsoft-Windows-Kernel-Process",5,"ImageLoadInfo ",17396,13804,"calc.exe",,,,"C:\Windows\System32\AppXDeploymentClient.dll",,,,,,,,,,,,[{"addr":140736918203828,"idx":0},{"addr":140736917192506,"idx":1},{"addr":140736917191278,"idx":2},{"addr":140736917210764,"idx":3},{"addr":140736917201516,"idx":4},{"addr":140736917258922,"idx":5},{"addr":140736916785248,"idx":6},{"addr":140736916786774,"idx":7},{"addr":140736917021315,"idx":8},{"addr":140736917023197,"idx":9},{"addr":140736566784610,"idx":10},{"addr":140736566877005,"idx":11},{"addr":140736567561492,"idx":12},{"addr":140736831209133,"idx":13},{"addr":140736831223961,"idx":14},{"addr":140736831218549,"idx":15},{"addr":140736832435755,"idx":16},{"addr":140736832434162,"idx":17},{"addr":140736884062167,"idx":18},{"addr":140736884061550,"idx":19},{"addr":140736884211506,"idx":20},{"addr":140736885254058,"idx":21},{"addr":140736833113982,"idx":22},{"addr":140736835926335,"idx":23},{"addr":140736835925825,"idx":24},{"addr":140736835914335,"idx":25},{"addr":140736902955098,"idx":26},{"addr":140736897083607,"idx":27},{"addr":140736916996940,"idx":28}],,,,,,,,,17396,,,,,,,,,,,,,,,,,,,,,,,,,,,,,,,,,,,,2766280966,140736722894848,140736722894848,1518226,1503232,,,,,,,,,,,,,,,,,,,,,,,,,,,,,,,,,,,,,,,,,,,,,,,,,,,,,,,,,,,,,,,,,,,,,,,
"2025-09-02 15:13:22.3981885Z","ETW","Microsoft-Windows-Kernel-Process",3,"ThreadStartStart ",4,72,"System",,,,,,,,,,,,,,,,[],,,,,,,,,19992,18446639081573773312,18446639081573748736,140736917348896,0,111298662400,20412,111303720960,111303688192,140736917348896,,,,,,,,,,,,,,,,,,,,,,,,,,,,,,,,,,,,,,,,,,,,,,,,,,,,,,,,,,,,,,,,,,,,,,,,,,,,,,,,,,,,,,,,,,,,,,,,,,,,,,
"2025-09-02 15:13:22.3984910Z","ETW","Microsoft-Windows-Kernel-Process",3,"ThreadStartStart ",944,13532,"svchost.exe",,,,,,,,,,,,,,,,[{"addr":140736918216388,"idx":0},{"addr":140736917669762,"idx":1},{"addr":140736882108009,"idx":2},{"addr":140736882106619,"idx":3},{"addr":140736882102691,"idx":4},{"addr":140736882098504,"idx":5},{"addr":140736917358174,"idx":6},{"addr":140736917350275,"idx":7},{"addr":140736897083607,"idx":8},{"addr":140736916996940,"idx":9}],,,,,,,,,944,18446639081573801984,18446639081573777408,140736917348896,156,137066967040,7448,137071427584,137071394816,140736917348896,,,,,,,,,,,,,,,,,,,,,,,,,,,,,,,,,,,,,,,,,,,,,,,,,,,,,,,,,,,,,,,,,,,,,,,,,,,,,,,,,,,,,,,,,,,,,,,,,,,,,,
"2025-09-02 15:13:22.3986445Z","ETW","Microsoft-Windows-Kernel-Audit-API-Calls",5,"Info ",528,11704,"svchost.exe",,,,,,,,,,,,,,,,[{"addr":140736918203764,"idx":0},{"addr":140736872731894,"idx":1},{"addr":140736829045620,"idx":2},{"addr":140736829045555,"idx":3},{"addr":140736882620003,"idx":4},{"addr":140736881849533,"idx":5},{"addr":140736881848122,"idx":6},{"addr":140736882311415,"idx":7},{"addr":140736882088628,"idx":8},{"addr":140736882092744,"idx":9},{"addr":140736882015316,"idx":10},{"addr":140736882081820,"idx":11},{"addr":140736882106396,"idx":12},{"addr":140736882102691,"idx":13},{"addr":140736882098504,"idx":14},{"addr":140736917358174,"idx":15},{"addr":140736917350275,"idx":16},{"addr":140736897083607,"idx":17},{"addr":140736916996940,"idx":18}],,,,,,,,,,,,,,,,,,,4096,0,17396,,,,,,,,,,,,,,,,,,,,,,,,,,,,,,,,,,,,,,,,,,,,,,,,,,,,,,,,,,,,,,,,,,,,,,,,,,,,,,,,,,,,,,,,,,,,,,,,,,,
"2025-09-02 15:13:22.3986674Z","ETW","Microsoft-Windows-Kernel-Audit-API-Calls",5,"Info ",944,13532,"svchost.exe",,,,,,,,,,,,,,,,[{"addr":140736918206916,"idx":0},{"addr":140736882337646,"idx":1},{"addr":140736828644345,"idx":2},{"addr":140736828636082,"idx":3},{"addr":140736882620003,"idx":4},{"addr":140736881849533,"idx":5},{"addr":140736881848122,"idx":6},{"addr":140736882311415,"idx":7},{"addr":140736882088628,"idx":8},{"addr":140736882092744,"idx":9},{"addr":140736882015316,"idx":10},{"addr":140736882081820,"idx":11},{"addr":140736882106396,"idx":12},{"addr":140736882102691,"idx":13},{"addr":140736882098504,"idx":14},{"addr":140736917358174,"idx":15},{"addr":140736917350275,"idx":16},{"addr":140736897083607,"idx":17},{"addr":140736916996940,"idx":18}],,,,,,,,,,,,,,,,,,,1048576,0,17396,,,,,,,,,,,,,,,,,,,,,,,,,,,,,,,,,,,,,,,,,,,,,,,,,,,,,,,,,,,,,,,,,,,,,,,,,,,,,,,,,,,,,,,,,,,,,,,,,,,
"2025-09-02 15:13:22.3989543Z","ETW","Microsoft-Windows-Kernel-Audit-API-Calls",5,"Info ",19992,12292,"svchost.exe",,,,,,,,,,,,,,,,[{"addr":140736918209220,"idx":0},{"addr":140736872957146,"idx":1},{"addr":140736872946710,"idx":2},{"addr":140736897140436,"idx":3},{"addr":140734019716165,"idx":4},{"addr":140734019700158,"idx":5},{"addr":140734019712588,"idx":6},{"addr":140734019690234,"idx":7},{"addr":140734019706334,"idx":8},{"addr":140736917282525,"idx":9},{"addr":140736917350969,"idx":10},{"addr":140736897083607,"idx":11},{"addr":140736916996940,"idx":12}],,,,,,,,,,,,,,,,,,,1024,0,7940,,,,,,,,,,,,,,,,,,,,,,,,,,,,,,,,,,,,,,,,,,,,,,,,,,,,,,,,,,,,,,,,,,,,,,,,,,,,,,,,,,,,,,,,,,,,,,,,,,,
"2025-09-02 15:13:22.3989622Z","ETW","Microsoft-Windows-Kernel-Audit-API-Calls",5,"Info ",1912,11468,"MsMpEng.exe",,,,,,,,,,,,,,,,[{"addr":140736918203764,"idx":0},{"addr":140736872731894,"idx":1},{"addr":140733810479103,"idx":2},{"addr":140733810478599,"idx":3},{"addr":140733810481824,"idx":4},{"addr":140733811992461,"idx":5},{"addr":140733811987347,"idx":6},{"addr":140733811996001,"idx":7},{"addr":140733811994278,"idx":8},{"addr":140733810447018,"idx":9},{"addr":140733810434825,"idx":10},{"addr":140733810436081,"idx":11},{"addr":140733810435993,"idx":12},{"addr":140733812865289,"idx":13},{"addr":140733811799252,"idx":14},{"addr":140733811789863,"idx":15},{"addr":140733811785301,"idx":16},{"addr":140736738242841,"idx":17},{"addr":140736657613597,"idx":18},{"addr":140736657838177,"idx":19},{"addr":140736749360292,"idx":20},{"addr":140736749360015,"idx":21},{"addr":140736917255712,"idx":22},{"addr":140736917350945,"idx":23},{"addr":140736897083607,"idx":24},{"addr":140736916996940,"idx":25}],,,,,,,,,,,,,,,,,,,4096,0,7940,,,,,,,,,,,,,,,,,,,,,,,,,,,,,,,,,,,,,,,,,,,,,,,,,,,,,,,,,,,,,,,,,,,,,,,,,,,,,,,,,,,,,,,,,,,,,,,,,,,
"2025-09-02 15:13:22.3990320Z","ETW","Microsoft-Windows-Kernel-Audit-API-Calls",5,"Info ",19992,12292,"svchost.exe",,,,,,,,,,,,,,,,[{"addr":140736918209220,"idx":0},{"addr":140736872957146,"idx":1},{"addr":140736872946710,"idx":2},{"addr":140736897140436,"idx":3},{"addr":140734019716165,"idx":4},{"addr":140734019700158,"idx":5},{"addr":140734019712588,"idx":6},{"addr":140734019690234,"idx":7},{"addr":140734019706334,"idx":8},{"addr":140736917282525,"idx":9},{"addr":140736917350969,"idx":10},{"addr":140736897083607,"idx":11},{"addr":140736916996940,"idx":12}],,,,,,,,,,,,,,,,,,,1024,0,19992,,,,,,,,,,,,,,,,,,,,,,,,,,,,,,,,,,,,,,,,,,,,,,,,,,,,,,,,,,,,,,,,,,,,,,,,,,,,,,,,,,,,,,,,,,,,,,,,,,,
"2025-09-02 15:13:22.3991969Z","ETW","Microsoft-Windows-Kernel-Process",3,"ThreadStartStart ",19992,12292,"svchost.exe",,,,,,,,,,,,,,,,[{"addr":140736918209220,"idx":0},{"addr":140736872957146,"idx":1},{"addr":140736872946710,"idx":2},{"addr":140736897140436,"idx":3},{"addr":140734019716165,"idx":4},{"addr":140734019700158,"idx":5},{"addr":140734019712588,"idx":6},{"addr":140734019690234,"idx":7},{"addr":140734019706334,"idx":8},{"addr":140736917282525,"idx":9},{"addr":140736917350969,"idx":10},{"addr":140736897083607,"idx":11},{"addr":140736916996940,"idx":12}],,,,,,,,,7940,18446639081573629952,18446639081573605376,140702874543200,242,354157371392,5512,354156281856,354156273664,140702874543200,,,,,,,,,,,,,,,,,,,,,,,,,,,,,,,,,,,,,,,,,,,,,,,,,,,,,,,,,,,,,,,,,,,,,,,,,,,,,,,,,,,,,,,,,,,,,,,,,,,,,,
"2025-09-02 15:13:22.3994051Z","ETW","Microsoft-Windows-Kernel-Process",3,"ThreadStartStart ",17396,13804,"calc.exe",,,,,,,,,,,,,,,,[{"addr":140736918208964,"idx":0},{"addr":140736872776761,"idx":1},{"addr":140736897102141,"idx":2},{"addr":140736909291405,"idx":3},{"addr":140736909289761,"idx":4},{"addr":140736909471518,"idx":5},{"addr":140736909472222,"idx":6},{"addr":140736909469257,"idx":7},{"addr":140736909469042,"idx":8},{"addr":140736909468649,"idx":9},{"addr":140736909472335,"idx":10},{"addr":140736909678884,"idx":11},{"addr":140736909678529,"idx":12},{"addr":140736909473599,"idx":13},{"addr":140736909475268,"idx":14},{"addr":140736567284450,"idx":15},{"addr":140736567549246,"idx":16},{"addr":140736567561715,"idx":17},{"addr":140736831209133,"idx":18},{"addr":140736831223961,"idx":19},{"addr":140736831218549,"idx":20},{"addr":140736832435755,"idx":21},{"addr":140736832434162,"idx":22},{"addr":140736884062167,"idx":23},{"addr":140736884061550,"idx":24},{"addr":140736884211506,"idx":25},{"addr":140736885254058,"idx":26},{"addr":140736833113982,"idx":27},{"addr":140736835926335,"idx":28},{"addr":140736835925825,"idx":29},{"addr":140736835914335,"idx":30},{"addr":140736902955098,"idx":31},{"addr":140736897083607,"idx":32},{"addr":140736916996940,"idx":33}],,,,,,,,,17396,18446639081573859328,18446639081573834752,140736910320112,0,909323890688,4632,909328252928,909328244736,140736910320112,,,,,,,,,,,,,,,,,,,,,,,,,,,,,,,,,,,,,,,,,,,,,,,,,,,,,,,,,,,,,,,,,,,,,,,,,,,,,,,,,,,,,,,,,,,,,,,,,,,,,,
"2025-09-02 15:13:22.3996101Z","ETW","Microsoft-Windows-Kernel-Process",3,"ThreadStartStart ",4,72,"System",,,,,,,,,,,,,,,,[],,,,,,,,,17396,18446639081573888000,18446639081573863424,140736917348896,0,909323898880,22160,909328777216,909328769024,140736917348896,,,,,,,,,,,,,,,,,,,,,,,,,,,,,,,,,,,,,,,,,,,,,,,,,,,,,,,,,,,,,,,,,,,,,,,,,,,,,,,,,,,,,,,,,,,,,,,,,,,,,,
"2025-09-02 15:13:22.3998213Z","ETW","Microsoft-Windows-Kernel-Process",3,"ThreadStartStart ",4,72,"System",,,,,,,,,,,,,,,,[],,,,,,,,,17396,18446639081573945344,18446639081573920768,140736917348896,0,909323907072,8356,909329301504,909329293312,140736917348896,,,,,,,,,,,,,,,,,,,,,,,,,,,,,,,,,,,,,,,,,,,,,,,,,,,,,,,,,,,,,,,,,,,,,,,,,,,,,,,,,,,,,,,,,,,,,,,,,,,,,,
"2025-09-02 15:13:22.3998287Z","ETW","Microsoft-Windows-Kernel-Audit-API-Calls",6,"Info ",676,1324,"csrss.exe",,,,,,,,,,,,,,,,[{"addr":140736918206948,"idx":0},{"addr":140736867540170,"idx":1},{"addr":140736867571939,"idx":2},{"addr":140736916996962,"idx":3}],,,,,,,,,,,,,,,,,,,2097151,0,19992,12292,,,,,,,,,,,,,,,,,,,,,,,,,,,,,,,,,,,,,,,,,,,,,,,,,,,,,,,,,,,,,,,,,,,,,,,,,,,,,,,,,,,,,,,,,,,,,,,,,,
"2025-09-02 15:13:22.3998421Z","ETW","Microsoft-Windows-Kernel-Audit-API-Calls",5,"Info ",676,1324,"csrss.exe",,,,,,,,,,,,,,,,[{"addr":140736918203764,"idx":0},{"addr":140736867430364,"idx":1},{"addr":140736867572214,"idx":2},{"addr":140736916996962,"idx":3}],,,,,,,,,,,,,,,,,,,2097151,0,7940,,,,,,,,,,,,,,,,,,,,,,,,,,,,,,,,,,,,,,,,,,,,,,,,,,,,,,,,,,,,,,,,,,,,,,,,,,,,,,,,,,,,,,,,,,,,,,,,,,,
"2025-09-02 15:13:22.3998465Z","ETW","Microsoft-Windows-Kernel-Audit-API-Calls",6,"Info ",676,1324,"csrss.exe",,,,,,,,,,,,,,,,[{"addr":140736918212548,"idx":0},{"addr":140736867430626,"idx":1},{"addr":140736867572214,"idx":2},{"addr":140736916996962,"idx":3}],,,,,,,,,,,,,,,,,,,2097151,0,7940,5512,,,,,,,,,,,,,,,,,,,,,,,,,,,,,,,,,,,,,,,,,,,,,,,,,,,,,,,,,,,,,,,,,,,,,,,,,,,,,,,,,,,,,,,,,,,,,,,,,,
"2025-09-02 15:13:22.4000463Z","ETW","Microsoft-Antimalware-Engine",59,"Message Info ",1912,11468,"MsMpEng.exe",,,,,,0,"Behavior:Win32/Masquerade.WerFault.A","0x84B31FF162F5","573eecf2f096692522c7026b1f116b3c7d337665",,,,,,,[],,,,,,,,,,,,,,,,,,,,,,,,,,,,,,,,,,,,,,,,,,,,,,,,,,,,,,,,,,,,,,,,,,,,,,,,,,,,,,,,,,,,,,,,,,,,,,,,,,,,,,,,,,,,,,,,,,,,,,,,
"2025-09-02 15:13:22.4003878Z","ETW","Microsoft-Windows-Kernel-Process",5,"ImageLoadInfo ",7940,5512,"WerFault.exe",,,,"C:\Windows\System32\WerFault.exe",,,,,,,,,,,,[{"addr":140736916996896,"idx":0}],,,,,,,,,7940,,,,,,,,,,,,,,,,,,,,,,,,,,,,,,,,,,,,3409185830,140702874533888,140702874533888,703605,655360,,,,,,,,,,,,,,,,,,,,,,,,,,,,,,,,,,,,,,,,,,,,,,,,,,,,,,,,,,,,,,,,,,,,,,,
"2025-09-02 15:13:22.4004017Z","ETW","Microsoft-Windows-Kernel-Process",5,"ImageLoadInfo ",7940,5512,"WerFault.exe",,,,"C:\Windows\System32\ntdll.dll",,,,,,,,,,,,[{"addr":140736916996896,"idx":0}],,,,,,,,,7940,,,,,,,,,,,,,,,,,,,,,,,,,,,,,,,,,,,,2512787800,140736916750336,140736916750336,2531053,2519040,,,,,,,,,,,,,,,,,,,,,,,,,,,,,,,,,,,,,,,,,,,,,,,,,,,,,,,,,,,,,,,,,,,,,,,
"2025-09-02 15:13:22.4006302Z","ETW","Microsoft-Windows-Kernel-Process",5,"ImageLoadInfo ",17396,13804,"calc.exe",,,,"C:\Windows\System32\twinui.appcore.dll",,,,,,,,,,,,[{"addr":140736918203828,"idx":0},{"addr":140736917192506,"idx":1},{"addr":140736917191278,"idx":2},{"addr":140736917210764,"idx":3},{"addr":140736917202269,"idx":4},{"addr":140736917259140,"idx":5},{"addr":140736916785248,"idx":6},{"addr":140736916784352,"idx":7},{"addr":140736917101952,"idx":8},{"addr":140736872000198,"idx":9},{"addr":140736909363845,"idx":10},{"addr":140736909362547,"idx":11},{"addr":140736909360794,"idx":12},{"addr":140736909561496,"idx":13},{"addr":140736909365281,"idx":14},{"addr":140736909356853,"idx":15},{"addr":140736910270317,"idx":16},{"addr":140736909359719,"idx":17},{"addr":140736909871367,"idx":18},{"addr":140736910338829,"idx":19},{"addr":140736910332465,"idx":20},{"addr":140736910348734,"idx":21},{"addr":140736910270317,"idx":22},{"addr":140736909350430,"idx":23},{"addr":140736910270317,"idx":24},{"addr":140736909553458,"idx":25},{"addr":140736909548907,"idx":26},{"addr":140736909576880,"idx":27},{"addr":140736567561773,"idx":28},{"addr":140736831209133,"idx":29},{"addr":140736831223961,"idx":30},{"addr":140736831218549,"idx":31},{"addr":140736832435755,"idx":32},{"addr":140736832434162,"idx":33},{"addr":140736884062167,"idx":34},{"addr":140736884061550,"idx":35},{"addr":140736884211506,"idx":36},{"addr":140736885254058,"idx":37},{"addr":140736833113982,"idx":38},{"addr":140736835926335,"idx":39},{"addr":140736835925825,"idx":40},{"addr":140736835914335,"idx":41},{"addr":140736902955098,"idx":42},{"addr":140736897083607,"idx":43},{"addr":140736916996940,"idx":44}],,,,,,,,,17396,,,,,,,,,,,,,,,,,,,,,,,,,,,,,,,,,,,,2422152613,140736467763200,140736467763200,852894,835584,,,,,,,,,,,,,,,,,,,,,,,,,,,,,,,,,,,,,,,,,,,,,,,,,,,,,,,,,,,,,,,,,,,,,,,
"2025-09-02 15:13:22.4007834Z","ETW","Microsoft-Antimalware-Engine",59,"Message Info ",1912,11468,"MsMpEng.exe",,,,,,0,"Behavior:Win32/NonStdSvchostProcess.A","0x19B3378537B0","a46a2542652cb8bc637538e84e4072ba74767f54",,,,,,,[],,,,,,,,,,,,,,,,,,,,,,,,,,,,,,,,,,,,,,,,,,,,,,,,,,,,,,,,,,,,,,,,,,,,,,,,,,,,,,,,,,,,,,,,,,,,,,,,,,,,,,,,,,,,,,,,,,,,,,,,
"2025-09-02 15:13:22.4027819Z","ETW","Microsoft-Windows-Kernel-Process",5,"ImageLoadInfo ",17396,13804,"calc.exe",,,,"C:\Windows\System32\OneCoreUAPCommonProxyStub.dll",,,,,,,,,,,,[{"addr":140736918203828,"idx":0},{"addr":140736917192506,"idx":1},{"addr":140736917191278,"idx":2},{"addr":140736917210764,"idx":3},{"addr":140736917202269,"idx":4},{"addr":140736917259140,"idx":5},{"addr":140736916785248,"idx":6},{"addr":140736916784352,"idx":7},{"addr":140736917101952,"idx":8},{"addr":140736872000198,"idx":9},{"addr":140736909363845,"idx":10},{"addr":140736909362547,"idx":11},{"addr":140736909360794,"idx":12},{"addr":140736909561496,"idx":13},{"addr":140736909365281,"idx":14},{"addr":140736909339322,"idx":15},{"addr":140736909195691,"idx":16},{"addr":140736909191304,"idx":17},{"addr":140736909568050,"idx":18},{"addr":140736909567049,"idx":19},{"addr":140736910229700,"idx":20},{"addr":140736910858718,"idx":21},{"addr":140736909460923,"idx":22},{"addr":140736909455813,"idx":23},{"addr":140736909134403,"idx":24},{"addr":140736909553551,"idx":25},{"addr":140736909548907,"idx":26},{"addr":140736909927466,"idx":27},{"addr":140736467815941,"idx":28},{"addr":140736467790979,"idx":29},{"addr":140736467790612,"idx":30},{"addr":140736909356969,"idx":31},{"addr":140736910270317,"idx":32},{"addr":140736909359719,"idx":33},{"addr":140736909871367,"idx":34},{"addr":140736910338829,"idx":35},{"addr":140736910332465,"idx":36},{"addr":140736910348734,"idx":37},{"addr":140736910270317,"idx":38},{"addr":140736909350430,"idx":39},{"addr":140736910270317,"idx":40},{"addr":140736909553458,"idx":41},{"addr":140736909548907,"idx":42},{"addr":140736909576880,"idx":43},{"addr":140736567561773,"idx":44},{"addr":140736831209133,"idx":45},{"addr":140736831223961,"idx":46},{"addr":140736831218549,"idx":47},{"addr":140736832435755,"idx":48},{"addr":140736832434162,"idx":49},{"addr":140736884062167,"idx":50},{"addr":140736884061550,"idx":51},{"addr":140736884211506,"idx":52},{"addr":140736885254058,"idx":53},{"addr":140736833113982,"idx":54},{"addr":140736835926335,"idx":55},{"addr":140736835925825,"idx":56},{"addr":140736835914335,"idx":57},{"addr":140736902955098,"idx":58},{"addr":140736897083607,"idx":59},{"addr":140736916996940,"idx":60}],,,,,,,,,17396,,,,,,,,,,,,,,,,,,,,,,,,,,,,,,,,,,,,1635141586,140736710443008,140736710443008,6653254,6569984,,,,,,,,,,,,,,,,,,,,,,,,,,,,,,,,,,,,,,,,,,,,,,,,,,,,,,,,,,,,,,,,,,,,,,,
"2025-09-02 15:13:22.4072653Z","ETW","Microsoft-Windows-Kernel-Audit-API-Calls",6,"Info ",1912,8,"MsMpEng.exe",,,,,,,,,,,,,,,,[{"addr":140736918212548,"idx":0},{"addr":140736872857142,"idx":1},{"addr":140736738243895,"idx":2},{"addr":140736738242452,"idx":3},{"addr":140736657604428,"idx":4},{"addr":140736657598535,"idx":5},{"addr":140736657597146,"idx":6},{"addr":140736658259206,"idx":7},{"addr":140736657749938,"idx":8},{"addr":140736657909615,"idx":9},{"addr":140736658079503,"idx":10},{"addr":140736897083607,"idx":11},{"addr":140736916996940,"idx":12}],,,,,,,,,,,,,,,,,,,2097151,0,1912,8,,,,,,,,,,,,,,,,,,,,,,,,,,,,,,,,,,,,,,,,,,,,,,,,,,,,,,,,,,,,,,,,,,,,,,,,,,,,,,,,,,,,,,,,,,,,,,,,,,
"2025-09-02 15:13:22.4099172Z","ETW","Microsoft-Windows-Kernel-Process",3,"ThreadStartStart ",528,12396,"svchost.exe",,,,,,,,,,,,,,,,[{"addr":140736918214756,"idx":0},{"addr":140736917356893,"idx":1},{"addr":140736917350035,"idx":2},{"addr":140736897083607,"idx":3},{"addr":140736916996940,"idx":4}],,,,,,,,,528,18446639081574031360,18446639081574006784,140736917348896,0,996249116672,8632,996251533312,996251500544,140736917348896,,,,,,,,,,,,,,,,,,,,,,,,,,,,,,,,,,,,,,,,,,,,,,,,,,,,,,,,,,,,,,,,,,,,,,,,,,,,,,,,,,,,,,,,,,,,,,,,,,,,,,
"2025-09-02 15:13:22.4099731Z","ETW","Microsoft-Windows-Kernel-Process",3,"ThreadStartStart ",2544,14936,"svchost.exe",,,,,,,,,,,,,,,,[{"addr":140736918214756,"idx":0},{"addr":140736917348769,"idx":1},{"addr":140736825567134,"idx":2},{"addr":140736917261860,"idx":3},{"addr":140736917263407,"idx":4},{"addr":140736917266967,"idx":5},{"addr":140736917265136,"idx":6},{"addr":140736917350329,"idx":7},{"addr":140736897083607,"idx":8},{"addr":140736916996940,"idx":9}],,,,,,,,,2544,18446639081574088704,18446639081574064128,140736917348896,190,480424206336,16480,480428163072,480428130304,140736917348896,,,,,,,,,,,,,,,,,,,,,,,,,,,,,,,,,,,,,,,,,,,,,,,,,,,,,,,,,,,,,,,,,,,,,,,,,,,,,,,,,,,,,,,,,,,,,,,,,,,,,,
"2025-09-02 15:13:22.4109713Z","ETW","Microsoft-Windows-Kernel-Audit-API-Calls",6,"Info ",1912,8,"MsMpEng.exe",,,,,,,,,,,,,,,,[{"addr":140736918212548,"idx":0},{"addr":140736872857142,"idx":1},{"addr":140736738243895,"idx":2},{"addr":140736738242452,"idx":3},{"addr":140736657604428,"idx":4},{"addr":140736657598535,"idx":5},{"addr":140736657597146,"idx":6},{"addr":140736658259206,"idx":7},{"addr":140736657749938,"idx":8},{"addr":140736657909615,"idx":9},{"addr":140736658079503,"idx":10},{"addr":140736897083607,"idx":11},{"addr":140736916996940,"idx":12}],,,,,,,,,,,,,,,,,,,2097151,0,1912,8,,,,,,,,,,,,,,,,,,,,,,,,,,,,,,,,,,,,,,,,,,,,,,,,,,,,,,,,,,,,,,,,,,,,,,,,,,,,,,,,,,,,,,,,,,,,,,,,,,
"2025-09-02 15:13:22.4109790Z","ETW","Microsoft-Windows-Kernel-Process",3,"ThreadStartStart ",5380,14824,"explorer.exe",,,,,,,,,,,,,,,,[{"addr":140736918214756,"idx":0},{"addr":140736917348769,"idx":1},{"addr":140736825567134,"idx":2},{"addr":140736917261860,"idx":3},{"addr":140736917263407,"idx":4},{"addr":140736917266967,"idx":5},{"addr":140736917265136,"idx":6},{"addr":140736917350329,"idx":7},{"addr":140736897083607,"idx":8},{"addr":140736916996940,"idx":9}],,,,,,,,,5380,18446639081574146048,18446639081574121472,140736917348896,0,10432512,14984,103612416,103555072,140736917348896,,,,,,,,,,,,,,,,,,,,,,,,,,,,,,,,,,,,,,,,,,,,,,,,,,,,,,,,,,,,,,,,,,,,,,,,,,,,,,,,,,,,,,,,,,,,,,,,,,,,,,
"2025-09-02 15:13:22.4111048Z","ETW","Microsoft-Windows-Kernel-Process",3,"ThreadStartStart ",4488,21664,"sihost.exe",,,,,,,,,,,,,,,,[{"addr":140736918214756,"idx":0},{"addr":140736917356893,"idx":1},{"addr":140736917350035,"idx":2},{"addr":140736897083607,"idx":3},{"addr":140736916996940,"idx":4}],,,,,,,,,4488,18446639081574203392,18446639081574178816,140736917348896,0,725115576320,9924,725121236992,725121228800,140736917348896,,,,,,,,,,,,,,,,,,,,,,,,,,,,,,,,,,,,,,,,,,,,,,,,,,,,,,,,,,,,,,,,,,,,,,,,,,,,,,,,,,,,,,,,,,,,,,,,,,,,,,
"2025-09-02 15:13:22.4119587Z","ETW","Microsoft-Windows-Kernel-Process",3,"ThreadStartStart ",8144,16112,"ApplicationFrameHost.exe",,,,,,,,,,,,,,,,[{"addr":140736918208964,"idx":0},{"addr":140736872776761,"idx":1},{"addr":140736897102141,"idx":2},{"addr":140736902967069,"idx":3},{"addr":140736902966751,"idx":4},{"addr":140736376444179,"idx":5},{"addr":140736376449048,"idx":6},{"addr":140736882620003,"idx":7},{"addr":140736882628366,"idx":8},{"addr":140736881847376,"idx":9},{"addr":140736909646461,"idx":10},{"addr":140736909646267,"idx":11},{"addr":140736909643574,"idx":12},{"addr":140736909641089,"idx":13},{"addr":140736910206646,"idx":14},{"addr":140736909298250,"idx":15},{"addr":140736909422200,"idx":16},{"addr":140736909684515,"idx":17},{"addr":140736882311415,"idx":18},{"addr":140736882088628,"idx":19},{"addr":140736882092154,"idx":20},{"addr":140736882015316,"idx":21},{"addr":140736882081820,"idx":22},{"addr":140736882106396,"idx":23},{"addr":140736882102691,"idx":24},{"addr":140736882098504,"idx":25},{"addr":140736917358174,"idx":26},{"addr":140736917350275,"idx":27},{"addr":140736897083607,"idx":28},{"addr":140736916996940,"idx":29}],,,,,,,,,8144,18446639081574260736,18446639081574236160,140736902954752,0,309581795328,10384,309585772544,309585764352,140736902954752,,,,,,,,,,,,,,,,,,,,,,,,,,,,,,,,,,,,,,,,,,,,,,,,,,,,,,,,,,,,,,,,,,,,,,,,,,,,,,,,,,,,,,,,,,,,,,,,,,,,,,
"2025-09-02 15:13:22.4136765Z","ETW","Microsoft-Windows-Kernel-Process",3,"ThreadStartStart ",4488,9924,"sihost.exe",,,,,,,,,,,,,,,,[{"addr":140736918214756,"idx":0},{"addr":140736917356893,"idx":1},{"addr":140736917350035,"idx":2},{"addr":140736897083607,"idx":3},{"addr":140736916996940,"idx":4}],,,,,,,,,4488,18446639081574232064,18446639081574207488,140736917348896,0,725115584512,21160,725123858432,725123850240,140736917348896,,,,,,,,,,,,,,,,,,,,,,,,,,,,,,,,,,,,,,,,,,,,,,,,,,,,,,,,,,,,,,,,,,,,,,,,,,,,,,,,,,,,,,,,,,,,,,,,,,,,,,
"2025-09-02 15:13:22.4148626Z","ETW","Microsoft-Windows-Kernel-Process",3,"ThreadStartStart ",4,72,"System",,,,,,,,,,,,,,,,[],,,,,,,,,3736,18446639081574289408,18446639081574264832,140736917348896,0,901862727680,19576,901865013248,901864980480,140736917348896,,,,,,,,,,,,,,,,,,,,,,,,,,,,,,,,,,,,,,,,,,,,,,,,,,,,,,,,,,,,,,,,,,,,,,,,,,,,,,,,,,,,,,,,,,,,,,,,,,,,,,
"2025-09-02 15:13:22.4150596Z","ETW","Microsoft-Windows-Kernel-Audit-API-Calls",5,"Info ",5620,5016,"svchost.exe",,,,,,,,,,,,,,,,[{"addr":140736918203764,"idx":0},{"addr":140736412694430,"idx":1},{"addr":140736412819030,"idx":2},{"addr":140736412907564,"idx":3},{"addr":140736882620003,"idx":4},{"addr":140736882649437,"idx":5},{"addr":140736882311415,"idx":6},{"addr":140736882088628,"idx":7},{"addr":140736882092154,"idx":8},{"addr":140736882015316,"idx":9},{"addr":140736882081820,"idx":10},{"addr":140736882106396,"idx":11},{"addr":140736882102691,"idx":12},{"addr":140736882098504,"idx":13},{"addr":140736917358174,"idx":14},{"addr":140736917350275,"idx":15},{"addr":140736897083607,"idx":16},{"addr":140736916996940,"idx":17}],,,,,,,,,,,,,,,,,,,1049792,0,4488,,,,,,,,,,,,,,,,,,,,,,,,,,,,,,,,,,,,,,,,,,,,,,,,,,,,,,,,,,,,,,,,,,,,,,,,,,,,,,,,,,,,,,,,,,,,,,,,,,,
"2025-09-02 15:13:22.4168512Z","ETW","Microsoft-Windows-Kernel-Process",5,"ImageLoadInfo ",7940,5512,"WerFault.exe",,,,"C:\Windows\System32\kernel32.dll",,,,,,,,,,,,[{"addr":140736918203828,"idx":0},{"addr":140736917192506,"idx":1},{"addr":140736917191278,"idx":2},{"addr":140736917190209,"idx":3},{"addr":140736916804181,"idx":4},{"addr":140736916785218,"idx":5},{"addr":140736916784352,"idx":6},{"addr":140736917101952,"idx":7},{"addr":140736917649076,"idx":8},{"addr":140736917165243,"idx":9},{"addr":140736917158036,"idx":10},{"addr":140736917157502,"idx":11},{"addr":140736916971470,"idx":12}],,,,,,,,,7940,,,,,,,,,,,,,,,,,,,,,,,,,,,,,,,,,,,,2842556120,140736896892928,140736896892928,880212,823296,,,,,,,,,,,,,,,,,,,,,,,,,,,,,,,,,,,,,,,,,,,,,,,,,,,,,,,,,,,,,,,,,,,,,,,
"2025-09-02 15:13:22.4170011Z","ETW","Microsoft-Windows-Kernel-Process",5,"ImageLoadInfo ",7940,5512,"WerFault.exe",,,,"C:\Windows\System32\KernelBase.dll",,,,,,,,,,,,[{"addr":140736918203828,"idx":0},{"addr":140736917192506,"idx":1},{"addr":140736917191278,"idx":2},{"addr":140736917190209,"idx":3},{"addr":140736916798526,"idx":4},{"addr":140736916790798,"idx":5},{"addr":140736917191656,"idx":6},{"addr":140736917190209,"idx":7},{"addr":140736916804181,"idx":8},{"addr":140736916785218,"idx":9},{"addr":140736916784352,"idx":10},{"addr":140736917101952,"idx":11},{"addr":140736917649076,"idx":12},{"addr":140736917165243,"idx":13},{"addr":140736917158036,"idx":14},{"addr":140736917157502,"idx":15},{"addr":140736916971470,"idx":16}],,,,,,,,,7940,,,,,,,,,,,,,,,,,,,,,,,,,,,,,,,,,,,,1916522255,140736871923712,140736871923712,4150506,4128768,,,,,,,,,,,,,,,,,,,,,,,,,,,,,,,,,,,,,,,,,,,,,,,,,,,,,,,,,,,,,,,,,,,,,,,
"2025-09-02 15:13:22.4173248Z","ETW","Microsoft-Windows-Kernel-Process",3,"ThreadStartStart ",8144,10384,"ApplicationFrameHost.exe",,,,,,,,,,,,,,,,[{"addr":140736918208964,"idx":0},{"addr":140736872776761,"idx":1},{"addr":140736897102141,"idx":2},{"addr":140736902701861,"idx":3},{"addr":140736903122914,"idx":4},{"addr":140736902708086,"idx":5},{"addr":140736902706669,"idx":6},{"addr":140736376354447,"idx":7},{"addr":140736376419927,"idx":8},{"addr":140736376301437,"idx":9},{"addr":140736376323071,"idx":10},{"addr":140736376319350,"idx":11},{"addr":140736902955471,"idx":12},{"addr":140736897083607,"idx":13},{"addr":140736916996940,"idx":14}],,,,,,,,,8144,18446639081574318080,18446639081574293504,140736902700080,0,309581803520,15816,309586821120,309586812928,140736902700080,,,,,,,,,,,,,,,,,,,,,,,,,,,,,,,,,,,,,,,,,,,,,,,,,,,,,,,,,,,,,,,,,,,,,,,,,,,,,,,,,,,,,,,,,,,,,,,,,,,,,,
"2025-09-02 15:13:22.4176197Z","ETW","Microsoft-Windows-Kernel-Audit-API-Calls",5,"Info ",8144,15816,"ApplicationFrameHost.exe",,,,,,,,,,,,,,,,[{"addr":140736918203764,"idx":0},{"addr":140736872731894,"idx":1},{"addr":140736717697306,"idx":2},{"addr":140736376463684,"idx":3},{"addr":140736376676160,"idx":4},{"addr":140736902703990,"idx":5},{"addr":140736902703274,"idx":6},{"addr":140736902700103,"idx":7},{"addr":140736897083607,"idx":8},{"addr":140736916996940,"idx":9}],,,,,,,,,,,,,,,,,,,4096,0,8144,,,,,,,,,,,,,,,,,,,,,,,,,,,,,,,,,,,,,,,,,,,,,,,,,,,,,,,,,,,,,,,,,,,,,,,,,,,,,,,,,,,,,,,,,,,,,,,,,,,
"2025-09-02 15:13:22.4176718Z","ETW","Microsoft-Windows-Kernel-Process",3,"ThreadStartStart ",8144,10384,"ApplicationFrameHost.exe",,,,,,,,,,,,,,,,[{"addr":140736918208964,"idx":0},{"addr":140736872776761,"idx":1},{"addr":140736897102141,"idx":2},{"addr":140736902701861,"idx":3},{"addr":140736903122914,"idx":4},{"addr":140736902708086,"idx":5},{"addr":140736902706669,"idx":6},{"addr":140736376308775,"idx":7},{"addr":140736376366904,"idx":8},{"addr":140736376420129,"idx":9},{"addr":140736376301437,"idx":10},{"addr":140736376323071,"idx":11},{"addr":140736376319350,"idx":12},{"addr":140736902955471,"idx":13},{"addr":140736897083607,"idx":14},{"addr":140736916996940,"idx":15}],,,,,,,,,8144,18446639081574375424,18446639081574350848,140736902700080,0,309581811712,1128,309587869696,309587861504,140736902700080,,,,,,,,,,,,,,,,,,,,,,,,,,,,,,,,,,,,,,,,,,,,,,,,,,,,,,,,,,,,,,,,,,,,,,,,,,,,,,,,,,,,,,,,,,,,,,,,,,,,,,
"2025-09-02 15:13:22.4180764Z","ETW","Microsoft-Windows-Kernel-Audit-API-Calls",6,"Info ",1912,8,"MsMpEng.exe",,,,,,,,,,,,,,,,[{"addr":140736918212548,"idx":0},{"addr":140736872857142,"idx":1},{"addr":140736738243895,"idx":2},{"addr":140736738242452,"idx":3},{"addr":140736657604428,"idx":4},{"addr":140736657598535,"idx":5},{"addr":140736657597146,"idx":6},{"addr":140736658259206,"idx":7},{"addr":140736657749938,"idx":8},{"addr":140736657909615,"idx":9},{"addr":140736658079503,"idx":10},{"addr":140736897083607,"idx":11},{"addr":140736916996940,"idx":12}],,,,,,,,,,,,,,,,,,,2097151,0,1912,8,,,,,,,,,,,,,,,,,,,,,,,,,,,,,,,,,,,,,,,,,,,,,,,,,,,,,,,,,,,,,,,,,,,,,,,,,,,,,,,,,,,,,,,,,,,,,,,,,,
"2025-09-02 15:13:22.4180936Z","ETW","Microsoft-Windows-Kernel-Process",5,"ImageLoadInfo ",7940,5512,"WerFault.exe",,,,"C:\Windows\System32\ucrtbase.dll",,,,,,,,,,,,[{"addr":140736918203828,"idx":0},{"addr":140736917192506,"idx":1},{"addr":140736917191278,"idx":2},{"addr":140736917190209,"idx":3},{"addr":140736916798526,"idx":4},{"addr":140736916790798,"idx":5},{"addr":140736917165509,"idx":6},{"addr":140736917158036,"idx":7},{"addr":140736917157502,"idx":8},{"addr":140736916971470,"idx":9}],,,,,,,,,7940,,,,,,,,,,,,,,,,,,,,,,,,,,,,,,,,,,,,3686092271,140736876314624,140736876314624,1418583,1355776,,,,,,,,,,,,,,,,,,,,,,,,,,,,,,,,,,,,,,,,,,,,,,,,,,,,,,,,,,,,,,,,,,,,,,,
"2025-09-02 15:13:22.4182009Z","ETW","Microsoft-Windows-Kernel-Process",3,"ThreadStartStart ",7940,5512,"WerFault.exe",,,,,,,,,,,,,,,,[{"addr":140736918214756,"idx":0},{"addr":140736917348769,"idx":1},{"addr":140736917700534,"idx":2},{"addr":140736916791223,"idx":3},{"addr":140736917191656,"idx":4},{"addr":140736917190209,"idx":5},{"addr":140736916798526,"idx":6},{"addr":140736916790798,"idx":7},{"addr":140736917165509,"idx":8},{"addr":140736917158036,"idx":9},{"addr":140736917157502,"idx":10},{"addr":140736916971470,"idx":11}],,,,,,,,,7940,18446639081574404096,18446639081574379520,140736917348896,0,354157379584,19488,354159165440,354159157248,140736917348896,,,,,,,,,,,,,,,,,,,,,,,,,,,,,,,,,,,,,,,,,,,,,,,,,,,,,,,,,,,,,,,,,,,,,,,,,,,,,,,,,,,,,,,,,,,,,,,,,,,,,,
"2025-09-02 15:13:22.4182503Z","ETW","Microsoft-Windows-Kernel-Process",3,"ThreadStartStart ",8144,19720,"ApplicationFrameHost.exe",,,,,,,,,,,,,,,,[{"addr":140736918216388,"idx":0},{"addr":140736917669762,"idx":1},{"addr":140736882108009,"idx":2},{"addr":140736882106619,"idx":3},{"addr":140736882102691,"idx":4},{"addr":140736882098504,"idx":5},{"addr":140736917358174,"idx":6},{"addr":140736917350275,"idx":7},{"addr":140736897083607,"idx":8},{"addr":140736916996940,"idx":9}],,,,,,,,,8144,18446639081622007808,18446639081621983232,140736917348896,0,309581828096,19548,309588393984,309588385792,140736917348896,,,,,,,,,,,,,,,,,,,,,,,,,,,,,,,,,,,,,,,,,,,,,,,,,,,,,,,,,,,,,,,,,,,,,,,,,,,,,,,,,,,,,,,,,,,,,,,,,,,,,,
"2025-09-02 15:13:22.4183510Z","ETW","Microsoft-Windows-Kernel-Process",5,"ImageLoadInfo ",7940,5512,"WerFault.exe",,,,"C:\Windows\System32\combase.dll",,,,,,,,,,,,[{"addr":140736918203828,"idx":0},{"addr":140736917192506,"idx":1},{"addr":140736917191278,"idx":2},{"addr":140736917190209,"idx":3},{"addr":140736916798526,"idx":4},{"addr":140736916790798,"idx":5},{"addr":140736917165509,"idx":6},{"addr":140736917158036,"idx":7},{"addr":140736917157502,"idx":8},{"addr":140736916971470,"idx":9}],,,,,,,,,7940,,,,,,,,,,,,,,,,,,,,,,,,,,,,,,,,,,,,670765882,140736909082624,140736909082624,3776119,3690496,,,,,,,,,,,,,,,,,,,,,,,,,,,,,,,,,,,,,,,,,,,,,,,,,,,,,,,,,,,,,,,,,,,,,,,
"2025-09-02 15:13:22.4183836Z","ETW","Microsoft-Windows-Kernel-Process",3,"ThreadStartStart ",7940,19488,"WerFault.exe",,,,,,,,,,,,,,,,[{"addr":140736918214756,"idx":0},{"addr":140736917257428,"idx":1},{"addr":140736917254706,"idx":2},{"addr":140736917350945,"idx":3},{"addr":140736897083607,"idx":4},{"addr":140736916996940,"idx":5}],,,,,,,,,7940,18446639081574432768,18446639081574408192,140736917348896,0,354157387776,17180,354159689728,354159681536,140736917348896,,,,,,,,,,,,,,,,,,,,,,,,,,,,,,,,,,,,,,,,,,,,,,,,,,,,,,,,,,,,,,,,,,,,,,,,,,,,,,,,,,,,,,,,,,,,,,,,,,,,,,
"2025-09-02 15:13:22.4184913Z","ETW","Microsoft-Windows-Kernel-Process",5,"ImageLoadInfo ",7940,5512,"WerFault.exe",,,,"C:\Windows\System32\rpcrt4.dll",,,,,,,,,,,,[{"addr":140736918203828,"idx":0},{"addr":140736917192506,"idx":1},{"addr":140736917191278,"idx":2},{"addr":140736917190209,"idx":3},{"addr":140736916798526,"idx":4},{"addr":140736916790798,"idx":5},{"addr":140736917191656,"idx":6},{"addr":140736917190209,"idx":7},{"addr":140736916798526,"idx":8},{"addr":140736916790798,"idx":9},{"addr":140736917165509,"idx":10},{"addr":140736917158036,"idx":11},{"addr":140736917157502,"idx":12},{"addr":140736916971470,"idx":13}],,,,,,,,,7940,,,,,,,,,,,,,,,,,,,,,,,,,,,,,,,,,,,,755903142,140736881754112,140736881754112,1201440,1146880,,,,,,,,,,,,,,,,,,,,,,,,,,,,,,,,,,,,,,,,,,,,,,,,,,,,,,,,,,,,,,,,,,,,,,,
"2025-09-02 15:13:22.4186718Z","ETW","Microsoft-Windows-Kernel-Process",5,"ImageLoadInfo ",7940,5512,"WerFault.exe",,,,"C:\Windows\System32\sechost.dll",,,,,,,,,,,,[{"addr":140736918203828,"idx":0},{"addr":140736917192506,"idx":1},{"addr":140736917191278,"idx":2},{"addr":140736917190209,"idx":3},{"addr":140736916798526,"idx":4},{"addr":140736916790798,"idx":5},{"addr":140736917165509,"idx":6},{"addr":140736917158036,"idx":7},{"addr":140736917157502,"idx":8},{"addr":140736916971470,"idx":9}],,,,,,,,,7940,,,,,,,,,,,,,,,,,,,,,,,,,,,,,,,,,,,,918957807,140736881033216,140736881033216,733904,679936,,,,,,,,,,,,,,,,,,,,,,,,,,,,,,,,,,,,,,,,,,,,,,,,,,,,,,,,,,,,,,,,,,,,,,,
"2025-09-02 15:13:22.4187887Z","ETW","Microsoft-Windows-Kernel-Process",3,"ThreadStartStart ",7940,19488,"WerFault.exe",,,,,,,,,,,,,,,,[{"addr":140736918214756,"idx":0},{"addr":140736917257428,"idx":1},{"addr":140736917254706,"idx":2},{"addr":140736917350945,"idx":3},{"addr":140736897083607,"idx":4},{"addr":140736916996940,"idx":5}],,,,,,,,,7940,18446639081574604800,18446639081574580224,140736917348896,0,354157395968,19380,354160214016,354160205824,140736917348896,,,,,,,,,,,,,,,,,,,,,,,,,,,,,,,,,,,,,,,,,,,,,,,,,,,,,,,,,,,,,,,,,,,,,,,,,,,,,,,,,,,,,,,,,,,,,,,,,,,,,,
"2025-09-02 15:13:22.4188117Z","ETW","Microsoft-Windows-Kernel-Process",5,"ImageLoadInfo ",7940,5512,"WerFault.exe",,,,"C:\Windows\System32\advapi32.dll",,,,,,,,,,,,[{"addr":140736918203828,"idx":0},{"addr":140736917192506,"idx":1},{"addr":140736917191278,"idx":2},{"addr":140736917190209,"idx":3},{"addr":140736916798526,"idx":4},{"addr":140736916790798,"idx":5},{"addr":140736917165509,"idx":6},{"addr":140736917158036,"idx":7},{"addr":140736917157502,"idx":8},{"addr":140736916971470,"idx":9}],,,,,,,,,7940,,,,,,,,,,,,,,,,,,,,,,,,,,,,,,,,,,,,2886261828,140736895844352,140736895844352,804270,737280,,,,,,,,,,,,,,,,,,,,,,,,,,,,,,,,,,,,,,,,,,,,,,,,,,,,,,,,,,,,,,,,,,,,,,,
"2025-09-02 15:13:22.4189374Z","ETW","Microsoft-Windows-Kernel-Process",5,"ImageLoadInfo ",7940,5512,"WerFault.exe",,,,"C:\Windows\System32\msvcrt.dll",,,,,,,,,,,,[{"addr":140736918203828,"idx":0},{"addr":140736917192506,"idx":1},{"addr":140736917191278,"idx":2},{"addr":140736917190209,"idx":3},{"addr":140736916798526,"idx":4},{"addr":140736916790798,"idx":5},{"addr":140736917191656,"idx":6},{"addr":140736917190209,"idx":7},{"addr":140736916798526,"idx":8},{"addr":140736916790798,"idx":9},{"addr":140736917165509,"idx":10},{"addr":140736917158036,"idx":11},{"addr":140736917157502,"idx":12},{"addr":140736916971470,"idx":13}],,,,,,,,,7940,,,,,,,,,,,,,,,,,,,,,,,,,,,,,,,,,,,,2634004398,140736913342464,140736913342464,729924,692224,,,,,,,,,,,,,,,,,,,,,,,,,,,,,,,,,,,,,,,,,,,,,,,,,,,,,,,,,,,,,,,,,,,,,,,
"2025-09-02 15:13:22.4190748Z","ETW","Microsoft-Windows-Kernel-Process",5,"ImageLoadInfo ",7940,5512,"WerFault.exe",,,,"C:\Windows\System32\SHCore.dll",,,,,,,,,,,,[{"addr":140736918203828,"idx":0},{"addr":140736917192506,"idx":1},{"addr":140736917191278,"idx":2},{"addr":140736917190209,"idx":3},{"addr":140736916798526,"idx":4},{"addr":140736916790798,"idx":5},{"addr":140736917165509,"idx":6},{"addr":140736917158036,"idx":7},{"addr":140736917157502,"idx":8},{"addr":140736916971470,"idx":9}],,,,,,,,,7940,,,,,,,,,,,,,,,,,,,,,,,,,,,,,,,,,,,,742317482,140736902660096,140736902660096,1049363,1003520,,,,,,,,,,,,,,,,,,,,,,,,,,,,,,,,,,,,,,,,,,,,,,,,,,,,,,,,,,,,,,,,,,,,,,,
"2025-09-02 15:13:22.4191988Z","ETW","Microsoft-Windows-Kernel-Process",5,"ImageLoadInfo ",7940,5512,"WerFault.exe",,,,"C:\Windows\System32\oleaut32.dll",,,,,,,,,,,,[{"addr":140736918203828,"idx":0},{"addr":140736917192506,"idx":1},{"addr":140736917191278,"idx":2},{"addr":140736917190209,"idx":3},{"addr":140736916798526,"idx":4},{"addr":140736916790798,"idx":5},{"addr":140736917165509,"idx":6},{"addr":140736917158036,"idx":7},{"addr":140736917157502,"idx":8},{"addr":140736916971470,"idx":9}],,,,,,,,,7940,,,,,,,,,,,,,,,,,,,,,,,,,,,,,,,,,,,,2785821912,140736894861312,140736894861312,927709,917504,,,,,,,,,,,,,,,,,,,,,,,,,,,,,,,,,,,,,,,,,,,,,,,,,,,,,,,,,,,,,,,,,,,,,,,
"2025-09-02 15:13:22.4193042Z","ETW","Microsoft-Windows-Kernel-Process",5,"ImageLoadInfo ",7940,17180,"WerFault.exe",,,,"C:\Windows\System32\cryptsp.dll",,,,,,,,,,,,[{"addr":140736918203828,"idx":0},{"addr":140736917192506,"idx":1},{"addr":140736917191278,"idx":2},{"addr":140736917210764,"idx":3},{"addr":140736917201516,"idx":4},{"addr":140736917258922,"idx":5},{"addr":140736917255216,"idx":6},{"addr":140736917350945,"idx":7},{"addr":140736897083607,"idx":8},{"addr":140736916996940,"idx":9}],,,,,,,,,7940,,,,,,,,,,,,,,,,,,,,,,,,,,,,,,,,,,,,1637991129,140736856981504,140736856981504,133346,110592,,,,,,,,,,,,,,,,,,,,,,,,,,,,,,,,,,,,,,,,,,,,,,,,,,,,,,,,,,,,,,,,,,,,,,,
"2025-09-02 15:13:22.4193065Z","ETW","Microsoft-Windows-Kernel-Process",5,"ImageLoadInfo ",7940,5512,"WerFault.exe",,,,"C:\Windows\System32\msvcp_win.dll",,,,,,,,,,,,[{"addr":140736918203828,"idx":0},{"addr":140736917192506,"idx":1},{"addr":140736917191278,"idx":2},{"addr":140736917190209,"idx":3},{"addr":140736916798526,"idx":4},{"addr":140736916790798,"idx":5},{"addr":140736917191656,"idx":6},{"addr":140736917190209,"idx":7},{"addr":140736916798526,"idx":8},{"addr":140736916790798,"idx":9},{"addr":140736917165509,"idx":10},{"addr":140736917158036,"idx":11},{"addr":140736917157502,"idx":12},{"addr":140736916971470,"idx":13}],,,,,,,,,7940,,,,,,,,,,,,,,,,,,,,,,,,,,,,,,,,,,,,2240469762,140736868319232,140736868319232,703256,667648,,,,,,,,,,,,,,,,,,,,,,,,,,,,,,,,,,,,,,,,,,,,,,,,,,,,,,,,,,,,,,,,,,,,,,,
"2025-09-02 15:13:22.4193569Z","ETW","Microsoft-Windows-Kernel-Audit-API-Calls",5,"Info ",8144,15816,"ApplicationFrameHost.exe",,,,,,,,,,,,,,,,[{"addr":140736918203764,"idx":0},{"addr":140736872731894,"idx":1},{"addr":140736717697306,"idx":2},{"addr":140736376307968,"idx":3},{"addr":140736376539149,"idx":4},{"addr":140736902703990,"idx":5},{"addr":140736902703274,"idx":6},{"addr":140736902700103,"idx":7},{"addr":140736897083607,"idx":8},{"addr":140736916996940,"idx":9}],,,,,,,,,,,,,,,,,,,4096,0,8144,,,,,,,,,,,,,,,,,,,,,,,,,,,,,,,,,,,,,,,,,,,,,,,,,,,,,,,,,,,,,,,,,,,,,,,,,,,,,,,,,,,,,,,,,,,,,,,,,,,
"2025-09-02 15:13:22.4197419Z","ETW","Microsoft-Windows-Kernel-Process",5,"ImageLoadInfo ",7940,19488,"WerFault.exe",,,,"C:\Windows\System32\wer.dll",,,,,,,,,,,,[{"addr":140736918203828,"idx":0},{"addr":140736917192506,"idx":1},{"addr":140736917191278,"idx":2},{"addr":140736917210764,"idx":3},{"addr":140736917201516,"idx":4},{"addr":140736917258922,"idx":5},{"addr":140736917255216,"idx":6},{"addr":140736917350945,"idx":7},{"addr":140736897083607,"idx":8},{"addr":140736916996940,"idx":9}],,,,,,,,,7940,,,,,,,,,,,,,,,,,,,,,,,,,,,,,,,,,,,,2310495835,140736823230464,140736823230464,1034785,1007616,,,,,,,,,,,,,,,,,,,,,,,,,,,,,,,,,,,,,,,,,,,,,,,,,,,,,,,,,,,,,,,,,,,,,,,
"2025-09-02 15:13:22.4198801Z","ETW","Microsoft-Windows-Kernel-Process",5,"ImageLoadInfo ",7940,17180,"WerFault.exe",,,,"C:\Windows\System32\DiagnosticDataSettings.dll",,,,,,,,,,,,[{"addr":140736918203828,"idx":0},{"addr":140736917192506,"idx":1},{"addr":140736917191278,"idx":2},{"addr":140736917210764,"idx":3},{"addr":140736917201516,"idx":4},{"addr":140736917258922,"idx":5},{"addr":140736917255216,"idx":6},{"addr":140736917350945,"idx":7},{"addr":140736897083607,"idx":8},{"addr":140736916996940,"idx":9}],,,,,,,,,7940,,,,,,,,,,,,,,,,,,,,,,,,,,,,,,,,,,,,956088925,140736564297728,140736564297728,74321,61440,,,,,,,,,,,,,,,,,,,,,,,,,,,,,,,,,,,,,,,,,,,,,,,,,,,,,,,,,,,,,,,,,,,,,,,
"2025-09-02 15:13:22.4199046Z","ETW","Microsoft-Windows-Kernel-Process",5,"ImageLoadInfo ",7940,5512,"WerFault.exe",,,,"C:\Windows\System32\dbghelp.dll",,,,,,,,,,,,[{"addr":140736918203828,"idx":0},{"addr":140736917192506,"idx":1},{"addr":140736917191278,"idx":2},{"addr":140736917210764,"idx":3},{"addr":140736917201516,"idx":4},{"addr":140736917258922,"idx":5},{"addr":140736916999751,"idx":6},{"addr":140736917165517,"idx":7},{"addr":140736917158036,"idx":8},{"addr":140736917157502,"idx":9},{"addr":140736916971470,"idx":10}],,,,,,,,,7940,,,,,,,,,,,,,,,,,,,,,,,,,,,,,,,,,,,,3489723753,140735965233152,140735965233152,2305535,2363392,,,,,,,,,,,,,,,,,,,,,,,,,,,,,,,,,,,,,,,,,,,,,,,,,,,,,,,,,,,,,,,,,,,,,,,
"2025-09-02 15:13:22.4201438Z","ETW","Microsoft-Windows-Kernel-Process",5,"ImageLoadInfo ",7940,19380,"WerFault.exe",,,,"C:\Windows\System32\powrprof.dll",,,,,,,,,,,,[{"addr":140736918203828,"idx":0},{"addr":140736917192506,"idx":1},{"addr":140736917191278,"idx":2},{"addr":140736917210764,"idx":3},{"addr":140736917202269,"idx":4},{"addr":140736917259140,"idx":5},{"addr":140736917255216,"idx":6},{"addr":140736917350945,"idx":7},{"addr":140736897083607,"idx":8},{"addr":140736916996940,"idx":9}],,,,,,,,,7940,,,,,,,,,,,,,,,,,,,,,,,,,,,,,,,,,,,,2858637235,140736866091008,140736866091008,457799,385024,,,,,,,,,,,,,,,,,,,,,,,,,,,,,,,,,,,,,,,,,,,,,,,,,,,,,,,,,,,,,,,,,,,,,,,
"2025-09-02 15:13:22.4201780Z","ETW","Microsoft-Windows-Kernel-Process",5,"ImageLoadInfo ",7940,19488,"WerFault.exe",,,,"C:\Windows\System32\bcrypt.dll",,,,,,,,,,,,[{"addr":140736918203828,"idx":0},{"addr":140736917192506,"idx":1},{"addr":140736917191278,"idx":2},{"addr":140736917210764,"idx":3},{"addr":140736917201516,"idx":4},{"addr":140736917258922,"idx":5},{"addr":140736917255216,"idx":6},{"addr":140736917350945,"idx":7},{"addr":140736897083607,"idx":8},{"addr":140736916996940,"idx":9}],,,,,,,,,7940,,,,,,,,,,,,,,,,,,,,,,,,,,,,,,,,,,,,3023801214,140736866549760,140736866549760,216761,155648,,,,,,,,,,,,,,,,,,,,,,,,,,,,,,,,,,,,,,,,,,,,,,,,,,,,,,,,,,,,,,,,,,,,,,,
"2025-09-02 15:13:22.4205366Z","ETW","Microsoft-Windows-Kernel-Process",5,"ImageLoadInfo ",7940,5512,"WerFault.exe",,,,"C:\Windows\System32\ntmarta.dll",,,,,,,,,,,,[{"addr":140736918203828,"idx":0},{"addr":140736917192506,"idx":1},{"addr":140736917191278,"idx":2},{"addr":140736917210764,"idx":3},{"addr":140736917202269,"idx":4},{"addr":140736917259140,"idx":5},{"addr":140736916999751,"idx":6},{"addr":140736917165517,"idx":7},{"addr":140736917158036,"idx":8},{"addr":140736917157502,"idx":9},{"addr":140736916971470,"idx":10}],,,,,,,,,7940,,,,,,,,,,,,,,,,,,,,,,,,,,,,,,,,,,,,2803059627,140736849510400,140736849510400,286201,221184,,,,,,,,,,,,,,,,,,,,,,,,,,,,,,,,,,,,,,,,,,,,,,,,,,,,,,,,,,,,,,,,,,,,,,,
"2025-09-02 15:13:22.4207523Z","ETW","Microsoft-Windows-Kernel-Process",5,"ImageLoadInfo ",7940,17180,"WerFault.exe",,,,"C:\Windows\System32\cfgmgr32.dll",,,,,,,,,,,,[{"addr":140736918203828,"idx":0},{"addr":140736917192506,"idx":1},{"addr":140736917191278,"idx":2},{"addr":140736917210764,"idx":3},{"addr":140736917202269,"idx":4},{"addr":140736917259140,"idx":5},{"addr":140736917255216,"idx":6},{"addr":140736917350945,"idx":7},{"addr":140736897083607,"idx":8},{"addr":140736916996940,"idx":9}],,,,,,,,,7940,,,,,,,,,,,,,,,,,,,,,,,,,,,,,,,,,,,,836129831,140736862748672,140736862748672,378754,356352,,,,,,,,,,,,,,,,,,,,,,,,,,,,,,,,,,,,,,,,,,,,,,,,,,,,,,,,,,,,,,,,,,,,,,,
"2025-09-02 15:13:22.4208011Z","ETW","Microsoft-Windows-Kernel-Process",3,"ThreadStartStart ",8144,19548,"ApplicationFrameHost.exe",,,,,,,,,,,,,,,,[{"addr":140736918214756,"idx":0},{"addr":140736917348769,"idx":1},{"addr":140736751383707,"idx":2},{"addr":140736751381480,"idx":3},{"addr":140736917255712,"idx":4},{"addr":140736917350945,"idx":5},{"addr":140736897083607,"idx":6},{"addr":140736916996940,"idx":7}],,,,,,,,,8144,18446639081574633472,18446639081574608896,140736917348896,0,309581836288,18036,309588918272,309588910080,140736917348896,,,,,,,,,,,,,,,,,,,,,,,,,,,,,,,,,,,,,,,,,,,,,,,,,,,,,,,,,,,,,,,,,,,,,,,,,,,,,,,,,,,,,,,,,,,,,,,,,,,,,,
"2025-09-02 15:13:22.4208115Z","ETW","Microsoft-Windows-Kernel-Process",5,"ImageLoadInfo ",7940,19380,"WerFault.exe",,,,"C:\Windows\System32\Faultrep.dll",,,,,,,,,,,,[{"addr":140736918203828,"idx":0},{"addr":140736917192506,"idx":1},{"addr":140736917191278,"idx":2},{"addr":140736917210764,"idx":3},{"addr":140736917201516,"idx":4},{"addr":140736917258922,"idx":5},{"addr":140736917255216,"idx":6},{"addr":140736917350945,"idx":7},{"addr":140736897083607,"idx":8},{"addr":140736916996940,"idx":9}],,,,,,,,,7940,,,,,,,,,,,,,,,,,,,,,,,,,,,,,,,,,,,,2440977292,140733981261824,140733981261824,551544,540672,,,,,,,,,,,,,,,,,,,,,,,,,,,,,,,,,,,,,,,,,,,,,,,,,,,,,,,,,,,,,,,,,,,,,,,
"2025-09-02 15:13:22.4212577Z","ETW","Microsoft-Windows-Kernel-Process",5,"ImageLoadInfo ",7940,17180,"WerFault.exe",,,,"C:\Windows\System32\dbgcore.dll",,,,,,,,,,,,[{"addr":140736918203828,"idx":0},{"addr":140736917192506,"idx":1},{"addr":140736917191278,"idx":2},{"addr":140736917210764,"idx":3},{"addr":140736917201516,"idx":4},{"addr":140736917258922,"idx":5},{"addr":140736917255216,"idx":6},{"addr":140736917350945,"idx":7},{"addr":140736897083607,"idx":8},{"addr":140736916996940,"idx":9}],,,,,,,,,7940,,,,,,,,,,,,,,,,,,,,,,,,,,,,,,,,,,,,280716678,140735244730368,140735244730368,298864,274432,,,,,,,,,,,,,,,,,,,,,,,,,,,,,,,,,,,,,,,,,,,,,,,,,,,,,,,,,,,,,,,,,,,,,,,
"2025-09-02 15:13:22.4224724Z","ETW","Microsoft-Windows-Kernel-Process",3,"ThreadStartStart ",8144,19548,"ApplicationFrameHost.exe",,,,,,,,,,,,,,,,[{"addr":140736918214756,"idx":0},{"addr":140736917257428,"idx":1},{"addr":140736917254706,"idx":2},{"addr":140736917350945,"idx":3},{"addr":140736897083607,"idx":4},{"addr":140736916996940,"idx":5}],,,,,,,,,8144,18446639081574690816,18446639081574666240,140736917348896,0,309581844480,17144,309589442560,309589434368,140736917348896,,,,,,,,,,,,,,,,,,,,,,,,,,,,,,,,,,,,,,,,,,,,,,,,,,,,,,,,,,,,,,,,,,,,,,,,,,,,,,,,,,,,,,,,,,,,,,,,,,,,,,
"2025-09-02 15:13:22.4225868Z","ETW","Microsoft-Windows-Kernel-Audit-API-Calls",3,"Info ",5620,5016,"svchost.exe",,,,,,,,,,,,,,,,[{"addr":140736918208932,"idx":0},{"addr":140736872807932,"idx":1},{"addr":140736872803064,"idx":2},{"addr":140736872799513,"idx":3},{"addr":140736872954149,"idx":4},{"addr":140736872946835,"idx":5},{"addr":140736897134736,"idx":6},{"addr":140736412690254,"idx":7},{"addr":140736412823508,"idx":8},{"addr":140736412907564,"idx":9},{"addr":140736882620003,"idx":10},{"addr":140736882649437,"idx":11},{"addr":140736882311415,"idx":12},{"addr":140736882088628,"idx":13},{"addr":140736882092154,"idx":14},{"addr":140736882015316,"idx":15},{"addr":140736882081820,"idx":16},{"addr":140736882106396,"idx":17},{"addr":140736882102691,"idx":18},{"addr":140736882098504,"idx":19},{"addr":140736917358174,"idx":20},{"addr":140736917350275,"idx":21},{"addr":140736897083607,"idx":22},{"addr":140736916996940,"idx":23}],,,,,,,,,,,,,,,,,,,983041,0,,,,,,,,,,,,,,,,,,,,,,,,,,,,,,,,,,,,,,,,,,,,,,,,,,,,,,,,,,,,,,,,,,,,,,,,,,,,,,,"Local","\Sessions\1\AppContainerNamedObjects\S-1-15-2-466767348-3739614953-2700836392-1801644223-4227750657-1087833535-2488631167",,,,,,,,,,,,,,,,,,,,
"2025-09-02 15:13:22.4226056Z","ETW","Microsoft-Windows-Kernel-Audit-API-Calls",3,"Info ",5620,5016,"svchost.exe",,,,,,,,,,,,,,,,[{"addr":140736918208932,"idx":0},{"addr":140736872808007,"idx":1},{"addr":140736872803064,"idx":2},{"addr":140736872799513,"idx":3},{"addr":140736872954149,"idx":4},{"addr":140736872946835,"idx":5},{"addr":140736897134736,"idx":6},{"addr":140736412690254,"idx":7},{"addr":140736412823508,"idx":8},{"addr":140736412907564,"idx":9},{"addr":140736882620003,"idx":10},{"addr":140736882649437,"idx":11},{"addr":140736882311415,"idx":12},{"addr":140736882088628,"idx":13},{"addr":140736882092154,"idx":14},{"addr":140736882015316,"idx":15},{"addr":140736882081820,"idx":16},{"addr":140736882106396,"idx":17},{"addr":140736882102691,"idx":18},{"addr":140736882098504,"idx":19},{"addr":140736917358174,"idx":20},{"addr":140736917350275,"idx":21},{"addr":140736897083607,"idx":22},{"addr":140736916996940,"idx":23}],,,,,,,,,,,,,,,,,,,983041,0,,,,,,,,,,,,,,,,,,,,,,,,,,,,,,,,,,,,,,,,,,,,,,,,,,,,,,,,,,,,,,,,,,,,,,,,,,,,,,,"Session","\Sessions\1\AppContainerNamedObjects\S-1-15-2-466767348-3739614953-2700836392-1801644223-4227750657-1087833535-2488631167",,,,,,,,,,,,,,,,,,,,
"2025-09-02 15:13:22.4231333Z","ETW","Microsoft-Windows-Kernel-Process",5,"ImageLoadInfo ",7940,5512,"WerFault.exe",,,,"C:\Windows\System32\umpdc.dll",,,,,,,,,,,,[{"addr":140736918203828,"idx":0},{"addr":140736917192506,"idx":1},{"addr":140736917191278,"idx":2},{"addr":140736917210764,"idx":3},{"addr":140736917201516,"idx":4},{"addr":140736917258922,"idx":5},{"addr":140736916785248,"idx":6},{"addr":140736916786774,"idx":7},{"addr":140736917021315,"idx":8},{"addr":140736917023197,"idx":9},{"addr":140736866119074,"idx":10},{"addr":140736866136530,"idx":11},{"addr":140736866130783,"idx":12},{"addr":140736866132678,"idx":13},{"addr":140736918195438,"idx":14},{"addr":140736917219838,"idx":15},{"addr":140736917215596,"idx":16},{"addr":140736916995194,"idx":17},{"addr":140736916995238,"idx":18},{"addr":140736917165788,"idx":19},{"addr":140736917158036,"idx":20},{"addr":140736917157502,"idx":21},{"addr":140736916971470,"idx":22}],,,,,,,,,7940,,,,,,,,,,,,,,,,,,,,,,,,,,,,,,,,,,,,212057710,140736865959936,140736865959936,140109,81920,,,,,,,,,,,,,,,,,,,,,,,,,,,,,,,,,,,,,,,,,,,,,,,,,,,,,,,,,,,,,,,,,,,,,,,
"2025-09-02 15:13:22.4233844Z","ETW","Microsoft-Windows-Kernel-Process",3,"ThreadStartStart ",5620,5016,"svchost.exe",,,,,,,,,,,,,,,,[],,,,,,,,,1568,18446639081574461440,18446639081574436864,18446735302008961280,0,0,7052,0,0,18446735302008961280,,,,,,,,,,,,,,,,,,,,,,,,,,,,,,,,,,,,,,,,,,,,,,,,,,,,,,,,,,,,,,,,,,,,,,,,,,,,,,,,,,,,,,,,,,,,,,,,,,,,,,
"2025-09-02 15:13:22.4234528Z","ETW","Microsoft-Windows-Kernel-Process",3,"ThreadStartStart ",5620,5016,"svchost.exe",,,,,,,,,,,,,,,,[],,,,,,,,,1568,18446639081574748160,18446639081574723584,18446735302008961280,0,0,5424,0,0,18446735302008961280,,,,,,,,,,,,,,,,,,,,,,,,,,,,,,,,,,,,,,,,,,,,,,,,,,,,,,,,,,,,,,,,,,,,,,,,,,,,,,,,,,,,,,,,,,,,,,,,,,,,,,
"2025-09-02 15:13:22.4235068Z","ETW","Microsoft-Windows-Kernel-Process",3,"ThreadStartStart ",5620,5016,"svchost.exe",,,,,,,,,,,,,,,,[],,,,,,,,,1568,18446639081574719488,18446639081574694912,18446735302006896240,0,0,7216,0,0,18446735302006896240,,,,,,,,,,,,,,,,,,,,,,,,,,,,,,,,,,,,,,,,,,,,,,,,,,,,,,,,,,,,,,,,,,,,,,,,,,,,,,,,,,,,,,,,,,,,,,,,,,,,,,
"2025-09-02 15:13:22.4235246Z","ETW","Microsoft-Windows-Kernel-Process",3,"ThreadStartStart ",5620,5016,"svchost.exe",,,,,,,,,,,,,,,,[],,,,,,,,,1568,18446639081553833984,18446639081553809408,18446735302009223488,0,0,14536,0,0,18446735302009223488,,,,,,,,,,,,,,,,,,,,,,,,,,,,,,,,,,,,,,,,,,,,,,,,,,,,,,,,,,,,,,,,,,,,,,,,,,,,,,,,,,,,,,,,,,,,,,,,,,,,,,
"2025-09-02 15:13:22.4238177Z","ETW","Microsoft-Windows-Kernel-Process",1,"ProcessStartStart ",5620,5016,"svchost.exe",,,,"C:\Program Files\WindowsApps\Microsoft.WindowsCalculator_11.2502.2.0_x64__8wekyb3d8bbwe\CalculatorApp.exe",,,,,,,,,,,,[{"addr":140736918209220,"idx":0},{"addr":140736872957146,"idx":1},{"addr":140736872946835,"idx":2},{"addr":140736897134736,"idx":3},{"addr":140736412690254,"idx":4},{"addr":140736412823508,"idx":5},{"addr":140736412907564,"idx":6},{"addr":140736882620003,"idx":7},{"addr":140736882649437,"idx":8},{"addr":140736882311415,"idx":9},{"addr":140736882088628,"idx":10},{"addr":140736882092154,"idx":11},{"addr":140736882015316,"idx":12},{"addr":140736882081820,"idx":13},{"addr":140736882106396,"idx":14},{"addr":140736882102691,"idx":15},{"addr":140736882098504,"idx":16},{"addr":140736917358174,"idx":17},{"addr":140736917350275,"idx":18},{"addr":140736897083607,"idx":19},{"addr":140736916996940,"idx":20}],,,,,,,,,19464,,,,,,,,,,,,,,,,,,,,,,,134012996024237657,3,0,"0x","Microsoft.WindowsCalculator_11.2502.2.0_x64__8wekyb3d8bbwe","App",4488,128,31828,3,0,0,1,1741029142,,,,,,,,,,,,,,,,,,,,,,,,,,,,,,,,,,,,,,,,,,,,,,,,,,,,,,,,,,,,,,,,,,,,,,,,,,,
"2025-09-02 15:13:22.4239425Z","ETW","Microsoft-Windows-Kernel-Audit-API-Calls",6,"Info ",1912,8,"MsMpEng.exe",,,,,,,,,,,,,,,,[{"addr":140736918212548,"idx":0},{"addr":140736872857142,"idx":1},{"addr":140736738243895,"idx":2},{"addr":140736738242452,"idx":3},{"addr":140736657687525,"idx":4},{"addr":140736657686325,"idx":5},{"addr":140736657683993,"idx":6},{"addr":140736658258217,"idx":7},{"addr":140736657749938,"idx":8},{"addr":140736657909615,"idx":9},{"addr":140736658079503,"idx":10},{"addr":140736897083607,"idx":11},{"addr":140736916996940,"idx":12}],,,,,,,,,,,,,,,,,,,2097151,0,1912,8,,,,,,,,,,,,,,,,,,,,,,,,,,,,,,,,,,,,,,,,,,,,,,,,,,,,,,,,,,,,,,,,,,,,,,,,,,,,,,,,,,,,,,,,,,,,,,,,,,
"2025-09-02 15:13:22.4244485Z","ETW","Microsoft-Windows-Kernel-Audit-API-Calls",5,"Info ",1912,8,"MsMpEng.exe",,,,,,,,,,,,,,,,[{"addr":140736918203764,"idx":0},{"addr":140736872731894,"idx":1},{"addr":140733815122067,"idx":2},{"addr":140733813533757,"idx":3},{"addr":140733820783122,"idx":4},{"addr":140733811457761,"idx":5},{"addr":140733811450648,"idx":6},{"addr":140733811449218,"idx":7},{"addr":140733811441856,"idx":8},{"addr":140733811790261,"idx":9},{"addr":140733811785301,"idx":10},{"addr":140736738242841,"idx":11},{"addr":140736657687525,"idx":12},{"addr":140736657686325,"idx":13},{"addr":140736657683993,"idx":14},{"addr":140736658258217,"idx":15},{"addr":140736657749938,"idx":16},{"addr":140736657909615,"idx":17},{"addr":140736658079503,"idx":18},{"addr":140736897083607,"idx":19},{"addr":140736916996940,"idx":20}],,,,,,,,,,,,,,,,,,,1536,0,19464,,,,,,,,,,,,,,,,,,,,,,,,,,,,,,,,,,,,,,,,,,,,,,,,,,,,,,,,,,,,,,,,,,,,,,,,,,,,,,,,,,,,,,,,,,,,,,,,,,,
"2025-09-02 15:13:22.4245216Z","ETW","Microsoft-Windows-Kernel-Process",5,"ImageLoadInfo ",7940,5512,"WerFault.exe",,,,"C:\Windows\WinSxS\amd64_microsoft.windows.common-controls_6595b64144ccf1df_6.0.26100.4768_none_3e0c112ce331287c\comctl32.dll",,,,,,,,,,,,[{"addr":140736918203828,"idx":0},{"addr":140736917192506,"idx":1},{"addr":140736917191278,"idx":2},{"addr":140736917210764,"idx":3},{"addr":140736917202269,"idx":4},{"addr":140736917259140,"idx":5},{"addr":140736916785248,"idx":6},{"addr":140736916784352,"idx":7},{"addr":140736917101952,"idx":8},{"addr":140736872000198,"idx":9},{"addr":140736823369251,"idx":10},{"addr":140736823368647,"idx":11},{"addr":140736823368411,"idx":12},{"addr":140736823591434,"idx":13},{"addr":140736823647970,"idx":14},{"addr":140702874566108,"idx":15},{"addr":140702874543067,"idx":16},{"addr":140736897083607,"idx":17},{"addr":140736916996940,"idx":18}],,,,,,,,,7940,,,,,,,,,,,,,,,,,,,,,,,,,,,,,,,,,,,,688105963,140736430997504,140736430997504,2751895,2727936,,,,,,,,,,,,,,,,,,,,,,,,,,,,,,,,,,,,,,,,,,,,,,,,,,,,,,,,,,,,,,,,,,,,,,,
"2025-09-02 15:13:22.4246453Z","ETW","Microsoft-Windows-Kernel-Audit-API-Calls",6,"Info ",1912,2104,"MsMpEng.exe",,,,,,,,,,,,,,,,[{"addr":140736918212548,"idx":0},{"addr":140736872857142,"idx":1},{"addr":140736738243895,"idx":2},{"addr":140736738242452,"idx":3},{"addr":140736657604428,"idx":4},{"addr":140736657598535,"idx":5},{"addr":140736657597146,"idx":6},{"addr":140736658259206,"idx":7},{"addr":140736657749938,"idx":8},{"addr":140736657909615,"idx":9},{"addr":140736658079503,"idx":10},{"addr":140736897083607,"idx":11},{"addr":140736916996940,"idx":12}],,,,,,,,,,,,,,,,,,,2097151,0,1912,2104,,,,,,,,,,,,,,,,,,,,,,,,,,,,,,,,,,,,,,,,,,,,,,,,,,,,,,,,,,,,,,,,,,,,,,,,,,,,,,,,,,,,,,,,,,,,,,,,,,
"2025-09-02 15:13:22.4246576Z","ETW","Microsoft-Windows-Kernel-Process",5,"ImageLoadInfo ",7940,5512,"WerFault.exe",,,,"C:\Windows\System32\gdi32.dll",,,,,,,,,,,,[{"addr":140736918203828,"idx":0},{"addr":140736917192506,"idx":1},{"addr":140736917191278,"idx":2},{"addr":140736917190209,"idx":3},{"addr":140736916798526,"idx":4},{"addr":140736916790798,"idx":5},{"addr":140736917191656,"idx":6},{"addr":140736917210764,"idx":7},{"addr":140736917202269,"idx":8},{"addr":140736917259140,"idx":9},{"addr":140736916785248,"idx":10},{"addr":140736916784352,"idx":11},{"addr":140736917101952,"idx":12},{"addr":140736872000198,"idx":13},{"addr":140736823369251,"idx":14},{"addr":140736823368647,"idx":15},{"addr":140736823368411,"idx":16},{"addr":140736823591434,"idx":17},{"addr":140736823647970,"idx":18},{"addr":140702874566108,"idx":19},{"addr":140702874543067,"idx":20},{"addr":140736897083607,"idx":21},{"addr":140736916996940,"idx":22}],,,,,,,,,7940,,,,,,,,,,,,,,,,,,,,,,,,,,,,,,,,,,,,226377214,140736902135808,140736902135808,213118,176128,,,,,,,,,,,,,,,,,,,,,,,,,,,,,,,,,,,,,,,,,,,,,,,,,,,,,,,,,,,,,,,,,,,,,,,
"2025-09-02 15:13:22.4247482Z","ETW","Microsoft-Windows-Kernel-Process",5,"ImageLoadInfo ",7940,5512,"WerFault.exe",,,,"C:\Windows\System32\win32u.dll",,,,,,,,,,,,[{"addr":140736918203828,"idx":0},{"addr":140736917192506,"idx":1},{"addr":140736917191278,"idx":2},{"addr":140736917190209,"idx":3},{"addr":140736916798526,"idx":4},{"addr":140736916790798,"idx":5},{"addr":140736917191656,"idx":6},{"addr":140736917190209,"idx":7},{"addr":140736916798526,"idx":8},{"addr":140736916790798,"idx":9},{"addr":140736917191656,"idx":10},{"addr":140736917210764,"idx":11},{"addr":140736917202269,"idx":12},{"addr":140736917259140,"idx":13},{"addr":140736916785248,"idx":14},{"addr":140736916784352,"idx":15},{"addr":140736917101952,"idx":16},{"addr":140736872000198,"idx":17},{"addr":140736823369251,"idx":18},{"addr":140736823368647,"idx":19},{"addr":140736823368411,"idx":20},{"addr":140736823591434,"idx":21},{"addr":140736823647970,"idx":22},{"addr":140702874566108,"idx":23},{"addr":140702874543067,"idx":24},{"addr":140736897083607,"idx":25},{"addr":140736916996940,"idx":26}],,,,,,,,,7940,,,,,,,,,,,,,,,,,,,,,,,,,,,,,,,,,,,,4080079730,140736876118016,140736876118016,179667,159744,,,,,,,,,,,,,,,,,,,,,,,,,,,,,,,,,,,,,,,,,,,,,,,,,,,,,,,,,,,,,,,,,,,,,,,
"2025-09-02 15:13:22.4248207Z","ETW","Microsoft-Windows-Kernel-Process",5,"ImageLoadInfo ",7940,5512,"WerFault.exe",,,,"C:\Windows\System32\gdi32full.dll",,,,,,,,,,,,[{"addr":140736918203828,"idx":0},{"addr":140736917192506,"idx":1},{"addr":140736917191278,"idx":2},{"addr":140736917190209,"idx":3},{"addr":140736916798526,"idx":4},{"addr":140736916790798,"idx":5},{"addr":140736917191656,"idx":6},{"addr":140736917190209,"idx":7},{"addr":140736916798526,"idx":8},{"addr":140736916790798,"idx":9},{"addr":140736917191656,"idx":10},{"addr":140736917210764,"idx":11},{"addr":140736917202269,"idx":12},{"addr":140736917259140,"idx":13},{"addr":140736916785248,"idx":14},{"addr":140736916784352,"idx":15},{"addr":140736917101952,"idx":16},{"addr":140736872000198,"idx":17},{"addr":140736823369251,"idx":18},{"addr":140736823368647,"idx":19},{"addr":140736823368411,"idx":20},{"addr":140736823591434,"idx":21},{"addr":140736823647970,"idx":22},{"addr":140702874566108,"idx":23},{"addr":140702874543067,"idx":24},{"addr":140736897083607,"idx":25},{"addr":140736916996940,"idx":26}],,,,,,,,,7940,,,,,,,,,,,,,,,,,,,,,,,,,,,,,,,,,,,,4226913238,140736869040128,140736869040128,1298614,1277952,,,,,,,,,,,,,,,,,,,,,,,,,,,,,,,,,,,,,,,,,,,,,,,,,,,,,,,,,,,,,,,,,,,,,,,
"2025-09-02 15:13:22.4249058Z","ETW","Microsoft-Windows-Kernel-Audit-API-Calls",5,"Info ",1912,13020,"MsMpEng.exe",,,,,,,,,,,,,,,,[{"addr":140736918203764,"idx":0},{"addr":140736872731894,"idx":1},{"addr":140733810479103,"idx":2},{"addr":140733810478599,"idx":3},{"addr":140733810481824,"idx":4},{"addr":140733811992461,"idx":5},{"addr":140733811987347,"idx":6},{"addr":140733811996001,"idx":7},{"addr":140733811994278,"idx":8},{"addr":140733810447018,"idx":9},{"addr":140733810434825,"idx":10},{"addr":140733810436081,"idx":11},{"addr":140733810435993,"idx":12},{"addr":140733812865289,"idx":13},{"addr":140733811799252,"idx":14},{"addr":140733811789863,"idx":15},{"addr":140733811785301,"idx":16},{"addr":140736738242841,"idx":17},{"addr":140736657613597,"idx":18},{"addr":140736657838177,"idx":19},{"addr":140736749360292,"idx":20},{"addr":140736749360015,"idx":21},{"addr":140736917255712,"idx":22},{"addr":140736917350945,"idx":23},{"addr":140736897083607,"idx":24},{"addr":140736916996940,"idx":25}],,,,,,,,,,,,,,,,,,,4096,0,19464,,,,,,,,,,,,,,,,,,,,,,,,,,,,,,,,,,,,,,,,,,,,,,,,,,,,,,,,,,,,,,,,,,,,,,,,,,,,,,,,,,,,,,,,,,,,,,,,,,,
"2025-09-02 15:13:22.4249282Z","ETW","Microsoft-Windows-Kernel-Process",5,"ImageLoadInfo ",7940,5512,"WerFault.exe",,,,"C:\Windows\System32\user32.dll",,,,,,,,,,,,[{"addr":140736918203828,"idx":0},{"addr":140736917192506,"idx":1},{"addr":140736917191278,"idx":2},{"addr":140736917190209,"idx":3},{"addr":140736916798526,"idx":4},{"addr":140736916790798,"idx":5},{"addr":140736917191656,"idx":6},{"addr":140736917190209,"idx":7},{"addr":140736916798526,"idx":8},{"addr":140736916790798,"idx":9},{"addr":140736917191656,"idx":10},{"addr":140736917190209,"idx":11},{"addr":140736916798526,"idx":12},{"addr":140736916790798,"idx":13},{"addr":140736917191656,"idx":14},{"addr":140736917210764,"idx":15},{"addr":140736917202269,"idx":16},{"addr":140736917259140,"idx":17},{"addr":140736916785248,"idx":18},{"addr":140736916784352,"idx":19},{"addr":140736917101952,"idx":20},{"addr":140736872000198,"idx":21},{"addr":140736823369251,"idx":22},{"addr":140736823368647,"idx":23},{"addr":140736823368411,"idx":24},{"addr":140736823591434,"idx":25},{"addr":140736823647970,"idx":26},{"addr":140702874566108,"idx":27},{"addr":140702874543067,"idx":28},{"addr":140736897083607,"idx":29},{"addr":140736916996940,"idx":30}],,,,,,,,,7940,,,,,,,,,,,,,,,,,,,,,,,,,,,,,,,,,,,,3594986103,140736914063360,140736914063360,1919723,1855488,,,,,,,,,,,,,,,,,,,,,,,,,,,,,,,,,,,,,,,,,,,,,,,,,,,,,,,,,,,,,,,,,,,,,,,
"2025-09-02 15:13:22.4252695Z","ETW","Microsoft-Windows-Kernel-Process",3,"ThreadStartStart ",5620,5016,"svchost.exe",,,,,,,,,,,,,,,,[{"addr":140736918209220,"idx":0},{"addr":140736872957146,"idx":1},{"addr":140736872946835,"idx":2},{"addr":140736897134736,"idx":3},{"addr":140736412690254,"idx":4},{"addr":140736412823508,"idx":5},{"addr":140736412907564,"idx":6},{"addr":140736882620003,"idx":7},{"addr":140736882649437,"idx":8},{"addr":140736882311415,"idx":9},{"addr":140736882088628,"idx":10},{"addr":140736882092154,"idx":11},{"addr":140736882015316,"idx":12},{"addr":140736882081820,"idx":13},{"addr":140736882106396,"idx":14},{"addr":140736882102691,"idx":15},{"addr":140736882098504,"idx":16},{"addr":140736917358174,"idx":17},{"addr":140736917350275,"idx":18},{"addr":140736897083607,"idx":19},{"addr":140736916996940,"idx":20}],,,,,,,,,19464,18446639081570439168,18446639081570414592,140697163759616,5,926182379520,20256,926181818368,926181814272,140697163759616,,,,,,,,,,,,,,,,,,,,,,,,,,,,,,,,,,,,,,,,,,,,,,,,,,,,,,,,,,,,,,,,,,,,,,,,,,,,,,,,,,,,,,,,,,,,,,,,,,,,,,
"2025-09-02 15:13:22.4255393Z","ETW","Microsoft-Windows-Kernel-Audit-API-Calls",6,"Info ",1912,8,"MsMpEng.exe",,,,,,,,,,,,,,,,[{"addr":140736918212548,"idx":0},{"addr":140736872857142,"idx":1},{"addr":140736738243895,"idx":2},{"addr":140736738242452,"idx":3},{"addr":140736657604428,"idx":4},{"addr":140736657598535,"idx":5},{"addr":140736657597146,"idx":6},{"addr":140736658259206,"idx":7},{"addr":140736657749938,"idx":8},{"addr":140736657909615,"idx":9},{"addr":140736658079503,"idx":10},{"addr":140736897083607,"idx":11},{"addr":140736916996940,"idx":12}],,,,,,,,,,,,,,,,,,,2097151,0,1912,8,,,,,,,,,,,,,,,,,,,,,,,,,,,,,,,,,,,,,,,,,,,,,,,,,,,,,,,,,,,,,,,,,,,,,,,,,,,,,,,,,,,,,,,,,,,,,,,,,,
"2025-09-02 15:13:22.4259690Z","ETW","Microsoft-Windows-Kernel-Audit-API-Calls",5,"Info ",2828,8368,"svchost.exe",,,,,,,,,,,,,,,,[{"addr":140736918206916,"idx":0},{"addr":140736882337646,"idx":1},{"addr":140736910267593,"idx":2},{"addr":140736627175582,"idx":3},{"addr":140736627435861,"idx":4},{"addr":140736882620003,"idx":5},{"addr":140736882628366,"idx":6},{"addr":140736881847376,"idx":7},{"addr":140736909646499,"idx":8},{"addr":140736909646267,"idx":9},{"addr":140736909643574,"idx":10},{"addr":140736909641089,"idx":11},{"addr":140736910206646,"idx":12},{"addr":140736909298250,"idx":13},{"addr":140736909422200,"idx":14},{"addr":140736909684515,"idx":15},{"addr":140736882311415,"idx":16},{"addr":140736882088628,"idx":17},{"addr":140736882092154,"idx":18},{"addr":140736882015316,"idx":19},{"addr":140736882081820,"idx":20},{"addr":140736882106396,"idx":21},{"addr":140736882102691,"idx":22},{"addr":140736882098504,"idx":23},{"addr":140736917358174,"idx":24},{"addr":140736917350275,"idx":25},{"addr":140736897083607,"idx":26},{"addr":140736916996940,"idx":27}],,,,,,,,,,,,,,,,,,,4096,0,5380,,,,,,,,,,,,,,,,,,,,,,,,,,,,,,,,,,,,,,,,,,,,,,,,,,,,,,,,,,,,,,,,,,,,,,,,,,,,,,,,,,,,,,,,,,,,,,,,,,,
"2025-09-02 15:13:22.4261299Z","ETW","Microsoft-Windows-Kernel-Audit-API-Calls",6,"Info ",676,940,"csrss.exe",,,,,,,,,,,,,,,,[{"addr":140736918206948,"idx":0},{"addr":140736867540170,"idx":1},{"addr":140736867571939,"idx":2},{"addr":140736916996962,"idx":3}],,,,,,,,,,,,,,,,,,,2097151,0,5620,5016,,,,,,,,,,,,,,,,,,,,,,,,,,,,,,,,,,,,,,,,,,,,,,,,,,,,,,,,,,,,,,,,,,,,,,,,,,,,,,,,,,,,,,,,,,,,,,,,,,
"2025-09-02 15:13:22.4261407Z","ETW","Microsoft-Windows-Kernel-Audit-API-Calls",5,"Info ",676,940,"csrss.exe",,,,,,,,,,,,,,,,[{"addr":140736918203764,"idx":0},{"addr":140736867430364,"idx":1},{"addr":140736867572214,"idx":2},{"addr":140736916996962,"idx":3}],,,,,,,,,,,,,,,,,,,2097151,0,19464,,,,,,,,,,,,,,,,,,,,,,,,,,,,,,,,,,,,,,,,,,,,,,,,,,,,,,,,,,,,,,,,,,,,,,,,,,,,,,,,,,,,,,,,,,,,,,,,,,,
"2025-09-02 15:13:22.4261450Z","ETW","Microsoft-Windows-Kernel-Audit-API-Calls",6,"Info ",676,940,"csrss.exe",,,,,,,,,,,,,,,,[{"addr":140736918212548,"idx":0},{"addr":140736867430626,"idx":1},{"addr":140736867572214,"idx":2},{"addr":140736916996962,"idx":3}],,,,,,,,,,,,,,,,,,,2097151,0,19464,20256,,,,,,,,,,,,,,,,,,,,,,,,,,,,,,,,,,,,,,,,,,,,,,,,,,,,,,,,,,,,,,,,,,,,,,,,,,,,,,,,,,,,,,,,,,,,,,,,,,
"2025-09-02 15:13:22.4265660Z","ETW","Microsoft-Windows-Kernel-Audit-API-Calls",5,"Info ",5620,5016,"svchost.exe",,,,,,,,,,,,,,,,[{"addr":140736918203764,"idx":0},{"addr":140736872731894,"idx":1},{"addr":140736487504524,"idx":2},{"addr":140736412823635,"idx":3},{"addr":140736412907564,"idx":4},{"addr":140736882620003,"idx":5},{"addr":140736882649437,"idx":6},{"addr":140736882311415,"idx":7},{"addr":140736882088628,"idx":8},{"addr":140736882092154,"idx":9},{"addr":140736882015316,"idx":10},{"addr":140736882081820,"idx":11},{"addr":140736882106396,"idx":12},{"addr":140736882102691,"idx":13},{"addr":140736882098504,"idx":14},{"addr":140736917358174,"idx":15},{"addr":140736917350275,"idx":16},{"addr":140736897083607,"idx":17},{"addr":140736916996940,"idx":18}],,,,,,,,,,,,,,,,,,,1049857,0,19464,,,,,,,,,,,,,,,,,,,,,,,,,,,,,,,,,,,,,,,,,,,,,,,,,,,,,,,,,,,,,,,,,,,,,,,,,,,,,,,,,,,,,,,,,,,,,,,,,,,
"2025-09-02 15:13:22.4265711Z","ETW","Microsoft-Windows-Kernel-Audit-API-Calls",6,"Info ",5620,5016,"svchost.exe",,,,,,,,,,,,,,,,[{"addr":140736918212548,"idx":0},{"addr":140736872857142,"idx":1},{"addr":140736487504570,"idx":2},{"addr":140736412823635,"idx":3},{"addr":140736412907564,"idx":4},{"addr":140736882620003,"idx":5},{"addr":140736882649437,"idx":6},{"addr":140736882311415,"idx":7},{"addr":140736882088628,"idx":8},{"addr":140736882092154,"idx":9},{"addr":140736882015316,"idx":10},{"addr":140736882081820,"idx":11},{"addr":140736882106396,"idx":12},{"addr":140736882102691,"idx":13},{"addr":140736882098504,"idx":14},{"addr":140736917358174,"idx":15},{"addr":140736917350275,"idx":16},{"addr":140736897083607,"idx":17},{"addr":140736916996940,"idx":18}],,,,,,,,,,,,,,,,,,,2,0,19464,20256,,,,,,,,,,,,,,,,,,,,,,,,,,,,,,,,,,,,,,,,,,,,,,,,,,,,,,,,,,,,,,,,,,,,,,,,,,,,,,,,,,,,,,,,,,,,,,,,,,
"2025-09-02 15:13:22.4266634Z","ETW","Microsoft-Windows-Kernel-Process",5,"ImageLoadInfo ",5380,1604,"explorer.exe",,,,"C:\Windows\System32\Windows.StateRepositoryBroker.dll",,,,,,,,,,,,[{"addr":140736918203828,"idx":0},{"addr":140736917192506,"idx":1},{"addr":140736917191278,"idx":2},{"addr":140736917210764,"idx":3},{"addr":140736917202269,"idx":4},{"addr":140736917259140,"idx":5},{"addr":140736916785248,"idx":6},{"addr":140736916784352,"idx":7},{"addr":140736917101952,"idx":8},{"addr":140736872000198,"idx":9},{"addr":140736909363845,"idx":10},{"addr":140736909362547,"idx":11},{"addr":140736909531736,"idx":12},{"addr":140736909524833,"idx":13},{"addr":140736909523551,"idx":14},{"addr":140736445937031,"idx":15},{"addr":140736445935930,"idx":16},{"addr":140736445935380,"idx":17},{"addr":140736902703990,"idx":18},{"addr":140736902703274,"idx":19},{"addr":140736902700103,"idx":20},{"addr":140736897083607,"idx":21},{"addr":140736916996940,"idx":22}],,,,,,,,,5380,,,,,,,,,,,,,,,,,,,,,,,,,,,,,,,,,,,,4057042130,140736648445952,140736648445952,215541,143360,,,,,,,,,,,,,,,,,,,,,,,,,,,,,,,,,,,,,,,,,,,,,,,,,,,,,,,,,,,,,,,,,,,,,,,
"2025-09-02 15:13:22.4267576Z","ETW","Microsoft-Windows-Kernel-Audit-API-Calls",5,"Info ",528,13948,"svchost.exe",,,,,,,,,,,,,,,,[{"addr":140736918203764,"idx":0},{"addr":140736824428142,"idx":1},{"addr":140736824426211,"idx":2},{"addr":140736824430700,"idx":3},{"addr":140736824434883,"idx":4},{"addr":140736917255712,"idx":5},{"addr":140736917350945,"idx":6},{"addr":140736897083607,"idx":7},{"addr":140736916996940,"idx":8}],,,,,,,,,,,,,,,,,,,4096,0,19464,,,,,,,,,,,,,,,,,,,,,,,,,,,,,,,,,,,,,,,,,,,,,,,,,,,,,,,,,,,,,,,,,,,,,,,,,,,,,,,,,,,,,,,,,,,,,,,,,,,
"2025-09-02 15:13:22.4267740Z","ETW","Microsoft-Windows-Kernel-Audit-API-Calls",5,"Info ",528,13948,"svchost.exe",,,,,,,,,,,,,,,,[{"addr":140736918203764,"idx":0},{"addr":140736824300936,"idx":1},{"addr":140736824299184,"idx":2},{"addr":140736824431727,"idx":3},{"addr":140736824434883,"idx":4},{"addr":140736917255712,"idx":5},{"addr":140736917350945,"idx":6},{"addr":140736897083607,"idx":7},{"addr":140736916996940,"idx":8}],,,,,,,,,,,,,,,,,,,12288,0,19464,,,,,,,,,,,,,,,,,,,,,,,,,,,,,,,,,,,,,,,,,,,,,,,,,,,,,,,,,,,,,,,,,,,,,,,,,,,,,,,,,,,,,,,,,,,,,,,,,,,
"2025-09-02 15:13:22.4268050Z","ETW","Microsoft-Windows-Kernel-Process",5,"ImageLoadInfo ",7940,5512,"WerFault.exe",,,,"C:\Windows\System32\policymanager.dll",,,,,,,,,,,,[{"addr":140736918203828,"idx":0},{"addr":140736917192506,"idx":1},{"addr":140736917191278,"idx":2},{"addr":140736917210764,"idx":3},{"addr":140736917201516,"idx":4},{"addr":140736917258922,"idx":5},{"addr":140736916785248,"idx":6},{"addr":140736916784352,"idx":7},{"addr":140736917101952,"idx":8},{"addr":140736872000198,"idx":9},{"addr":140736564313215,"idx":10},{"addr":140736564317195,"idx":11},{"addr":140736564310991,"idx":12},{"addr":140736564312326,"idx":13},{"addr":140736564315077,"idx":14},{"addr":140736823462372,"idx":15},{"addr":140736823295874,"idx":16},{"addr":140736823288719,"idx":17},{"addr":140736823283182,"idx":18},{"addr":140736823711170,"idx":19},{"addr":140736823633170,"idx":20},{"addr":140702874566201,"idx":21},{"addr":140702874543067,"idx":22},{"addr":140736897083607,"idx":23},{"addr":140736916996940,"idx":24}],,,,,,,,,7940,,,,,,,,,,,,,,,,,,,,,,,,,,,,,,,,,,,,2757975175,140736805928960,140736805928960,801211,737280,,,,,,,,,,,,,,,,,,,,,,,,,,,,,,,,,,,,,,,,,,,,,,,,,,,,,,,,,,,,,,,,,,,,,,,
"2025-09-02 15:13:22.4268179Z","ETW","Microsoft-Windows-Kernel-Audit-API-Calls",6,"Info ",5620,5016,"svchost.exe",,,,,,,,,,,,,,,,[{"addr":140736918212548,"idx":0},{"addr":140736872857142,"idx":1},{"addr":140736412823834,"idx":2},{"addr":140736412907564,"idx":3},{"addr":140736882620003,"idx":4},{"addr":140736882649437,"idx":5},{"addr":140736882311415,"idx":6},{"addr":140736882088628,"idx":7},{"addr":140736882092154,"idx":8},{"addr":140736882015316,"idx":9},{"addr":140736882081820,"idx":10},{"addr":140736882106396,"idx":11},{"addr":140736882102691,"idx":12},{"addr":140736882098504,"idx":13},{"addr":140736917358174,"idx":14},{"addr":140736917350275,"idx":15},{"addr":140736897083607,"idx":16},{"addr":140736916996940,"idx":17}],,,,,,,,,,,,,,,,,,,2,0,19464,20256,,,,,,,,,,,,,,,,,,,,,,,,,,,,,,,,,,,,,,,,,,,,,,,,,,,,,,,,,,,,,,,,,,,,,,,,,,,,,,,,,,,,,,,,,,,,,,,,,,
"2025-09-02 15:13:22.4268425Z","ETW","Microsoft-Windows-Kernel-Process",5,"ImageLoadInfo ",19464,20256,"CalculatorApp.exe",,,,"C:\Program Files\WindowsApps\Microsoft.WindowsCalculator_11.2502.2.0_x64__8wekyb3d8bbwe\CalculatorApp.exe",,,,,,,,,,,,[{"addr":140736916996896,"idx":0}],,,,,,,,,19464,,,,,,,,,,,,,,,,,,,,,,,,,,,,,,,,,,,,1741029142,140697163726848,140697163726848,0,36864,,,,,,,,,,,,,,,,,,,,,,,,,,,,,,,,,,,,,,,,,,,,,,,,,,,,,,,,,,,,,,,,,,,,,,,
"2025-09-02 15:13:22.4268649Z","ETW","Microsoft-Windows-Kernel-Process",5,"ImageLoadInfo ",19464,20256,"CalculatorApp.exe",,,,"C:\Windows\System32\ntdll.dll",,,,,,,,,,,,[{"addr":140736916996896,"idx":0}],,,,,,,,,19464,,,,,,,,,,,,,,,,,,,,,,,,,,,,,,,,,,,,2512787800,140736916750336,140736916750336,2531053,2519040,,,,,,,,,,,,,,,,,,,,,,,,,,,,,,,,,,,,,,,,,,,,,,,,,,,,,,,,,,,,,,,,,,,,,,,
"2025-09-02 15:13:22.4269613Z","ETW","Microsoft-Windows-Kernel-Audit-API-Calls",6,"Info ",1912,8,"MsMpEng.exe",,,,,,,,,,,,,,,,[{"addr":140736918212548,"idx":0},{"addr":140736872857142,"idx":1},{"addr":140736738243895,"idx":2},{"addr":140736738242452,"idx":3},{"addr":140736657604428,"idx":4},{"addr":140736657598535,"idx":5},{"addr":140736657597146,"idx":6},{"addr":140736658259206,"idx":7},{"addr":140736657749938,"idx":8},{"addr":140736657909615,"idx":9},{"addr":140736658079503,"idx":10},{"addr":140736897083607,"idx":11},{"addr":140736916996940,"idx":12}],,,,,,,,,,,,,,,,,,,2097151,0,1912,8,,,,,,,,,,,,,,,,,,,,,,,,,,,,,,,,,,,,,,,,,,,,,,,,,,,,,,,,,,,,,,,,,,,,,,,,,,,,,,,,,,,,,,,,,,,,,,,,,,
"2025-09-02 15:13:22.4269771Z","ETW","Microsoft-Windows-Kernel-Audit-API-Calls",5,"Info ",1912,8,"MsMpEng.exe",,,,,,,,,,,,,,,,[{"addr":140736918203764,"idx":0},{"addr":140736872731894,"idx":1},{"addr":140733810479103,"idx":2},{"addr":140733810478599,"idx":3},{"addr":140733809630809,"idx":4},{"addr":140733809420559,"idx":5},{"addr":140733811789991,"idx":6},{"addr":140733811785301,"idx":7},{"addr":140736738242841,"idx":8},{"addr":140736657604428,"idx":9},{"addr":140736657598535,"idx":10},{"addr":140736657597146,"idx":11},{"addr":140736658259206,"idx":12},{"addr":140736657749938,"idx":13},{"addr":140736657909615,"idx":14},{"addr":140736658079503,"idx":15},{"addr":140736897083607,"idx":16},{"addr":140736916996940,"idx":17}],,,,,,,,,,,,,,,,,,,1052672,0,19464,,,,,,,,,,,,,,,,,,,,,,,,,,,,,,,,,,,,,,,,,,,,,,,,,,,,,,,,,,,,,,,,,,,,,,,,,,,,,,,,,,,,,,,,,,,,,,,,,,,
"2025-09-02 15:13:22.4272127Z","ETW","Microsoft-Windows-Kernel-Process",5,"ImageLoadInfo ",7940,5512,"WerFault.exe",,,,"C:\Windows\System32\msvcp110_win.dll",,,,,,,,,,,,[{"addr":140736918203828,"idx":0},{"addr":140736917192506,"idx":1},{"addr":140736917191278,"idx":2},{"addr":140736917210764,"idx":3},{"addr":140736917201516,"idx":4},{"addr":140736917258922,"idx":5},{"addr":140736916999751,"idx":6},{"addr":140736916785258,"idx":7},{"addr":140736916784352,"idx":8},{"addr":140736917101952,"idx":9},{"addr":140736872000198,"idx":10},{"addr":140736564313215,"idx":11},{"addr":140736564317195,"idx":12},{"addr":140736564310991,"idx":13},{"addr":140736564312326,"idx":14},{"addr":140736564315077,"idx":15},{"addr":140736823462372,"idx":16},{"addr":140736823295874,"idx":17},{"addr":140736823288719,"idx":18},{"addr":140736823283182,"idx":19},{"addr":140736823711170,"idx":20},{"addr":140736823633170,"idx":21},{"addr":140702874566201,"idx":22},{"addr":140702874543067,"idx":23},{"addr":140736897083607,"idx":24},{"addr":140736916996940,"idx":25}],,,,,,,,,7940,,,,,,,,,,,,,,,,,,,,,,,,,,,,,,,,,,,,3464179610,140736793542656,140736793542656,602786,593920,,,,,,,,,,,,,,,,,,,,,,,,,,,,,,,,,,,,,,,,,,,,,,,,,,,,,,,,,,,,,,,,,,,,,,,
"2025-09-02 15:13:22.4273861Z","ETW","Microsoft-Windows-Kernel-Audit-API-Calls",5,"Info ",2828,8368,"svchost.exe",,,,,,,,,,,,,,,,[{"addr":140736918206916,"idx":0},{"addr":140736882337646,"idx":1},{"addr":140736910267593,"idx":2},{"addr":140736627175582,"idx":3},{"addr":140736627161326,"idx":4},{"addr":140736882620003,"idx":5},{"addr":140736882628366,"idx":6},{"addr":140736881847376,"idx":7},{"addr":140736909646499,"idx":8},{"addr":140736909646267,"idx":9},{"addr":140736909643574,"idx":10},{"addr":140736909641089,"idx":11},{"addr":140736910206646,"idx":12},{"addr":140736909298250,"idx":13},{"addr":140736909422200,"idx":14},{"addr":140736909684515,"idx":15},{"addr":140736882311415,"idx":16},{"addr":140736882088628,"idx":17},{"addr":140736882092154,"idx":18},{"addr":140736882015316,"idx":19},{"addr":140736882081820,"idx":20},{"addr":140736882106396,"idx":21},{"addr":140736882102691,"idx":22},{"addr":140736882098504,"idx":23},{"addr":140736917358174,"idx":24},{"addr":140736917350275,"idx":25},{"addr":140736897083607,"idx":26},{"addr":140736916996940,"idx":27}],,,,,,,,,,,,,,,,,,,4096,0,5380,,,,,,,,,,,,,,,,,,,,,,,,,,,,,,,,,,,,,,,,,,,,,,,,,,,,,,,,,,,,,,,,,,,,,,,,,,,,,,,,,,,,,,,,,,,,,,,,,,,
"2025-09-02 15:13:22.4278779Z","ETW","Microsoft-Windows-Kernel-Process",6,"ImageUnloadInfo ",7940,5512,"WerFault.exe",,,,"C:\Windows\System32\msvcp110_win.dll",,,,,,,,,,,,[{"addr":140736918203892,"idx":0},{"addr":140736917028534,"idx":1},{"addr":140736916779098,"idx":2},{"addr":140736916769422,"idx":3},{"addr":140736916769266,"idx":4},{"addr":140736916768404,"idx":5},{"addr":140736916773680,"idx":6},{"addr":140736872000489,"idx":7},{"addr":140736564313988,"idx":8},{"addr":140736564317195,"idx":9},{"addr":140736564310991,"idx":10},{"addr":140736564312326,"idx":11},{"addr":140736564315077,"idx":12},{"addr":140736823462372,"idx":13},{"addr":140736823295874,"idx":14},{"addr":140736823288719,"idx":15},{"addr":140736823283182,"idx":16},{"addr":140736823711170,"idx":17},{"addr":140736823633170,"idx":18},{"addr":140702874566201,"idx":19},{"addr":140702874543067,"idx":20},{"addr":140736897083607,"idx":21},{"addr":140736916996940,"idx":22}],,,,,,,,,7940,,,,,,,,,,,,,,,,,,,,,,,,,,,,,,,,,,,,3464179610,140736793542656,140736793542656,602786,606208,,,,,,,,,,,,,,,,,,,,,,,,,,,,,,,,,,,,,,,,,,,,,,,,,,,,,,,,,,,,,,,,,,,,,,,
"2025-09-02 15:13:22.4279277Z","ETW","Microsoft-Windows-Kernel-Process",6,"ImageUnloadInfo ",7940,5512,"WerFault.exe",,,,"C:\Windows\System32\policymanager.dll",,,,,,,,,,,,[{"addr":140736918203892,"idx":0},{"addr":140736917028534,"idx":1},{"addr":140736916779098,"idx":2},{"addr":140736916773567,"idx":3},{"addr":140736872000489,"idx":4},{"addr":140736564313988,"idx":5},{"addr":140736564317195,"idx":6},{"addr":140736564310991,"idx":7},{"addr":140736564312326,"idx":8},{"addr":140736564315077,"idx":9},{"addr":140736823462372,"idx":10},{"addr":140736823295874,"idx":11},{"addr":140736823288719,"idx":12},{"addr":140736823283182,"idx":13},{"addr":140736823711170,"idx":14},{"addr":140736823633170,"idx":15},{"addr":140702874566201,"idx":16},{"addr":140702874543067,"idx":17},{"addr":140736897083607,"idx":18},{"addr":140736916996940,"idx":19}],,,,,,,,,7940,,,,,,,,,,,,,,,,,,,,,,,,,,,,,,,,,,,,2757975175,140736805928960,140736805928960,801211,749568,,,,,,,,,,,,,,,,,,,,,,,,,,,,,,,,,,,,,,,,,,,,,,,,,,,,,,,,,,,,,,,,,,,,,,,
"2025-09-02 15:13:22.4282135Z","ETW","Microsoft-Windows-Kernel-Process",5,"ImageLoadInfo ",7940,5512,"WerFault.exe",,,,"C:\Windows\System32\CorePrivacySettingsStore.dll",,,,,,,,,,,,[{"addr":140736918203828,"idx":0},{"addr":140736917192506,"idx":1},{"addr":140736917191278,"idx":2},{"addr":140736917210764,"idx":3},{"addr":140736917202269,"idx":4},{"addr":140736917259140,"idx":5},{"addr":140736916785248,"idx":6},{"addr":140736916786774,"idx":7},{"addr":140736917021315,"idx":8},{"addr":140736917023197,"idx":9},{"addr":140736564319458,"idx":10},{"addr":140736564305775,"idx":11},{"addr":140736564316946,"idx":12},{"addr":140736564311035,"idx":13},{"addr":140736564312326,"idx":14},{"addr":140736564315077,"idx":15},{"addr":140736823462372,"idx":16},{"addr":140736823295874,"idx":17},{"addr":140736823288719,"idx":18},{"addr":140736823283182,"idx":19},{"addr":140736823711170,"idx":20},{"addr":140736823633170,"idx":21},{"addr":140702874566201,"idx":22},{"addr":140702874543067,"idx":23},{"addr":140736897083607,"idx":24},{"addr":140736916996940,"idx":25}],,,,,,,,,7940,,,,,,,,,,,,,,,,,,,,,,,,,,,,,,,,,,,,2978004593,140736557481984,140736557481984,263379,196608,,,,,,,,,,,,,,,,,,,,,,,,,,,,,,,,,,,,,,,,,,,,,,,,,,,,,,,,,,,,,,,,,,,,,,,
"2025-09-02 15:13:22.4302190Z","ETW","Microsoft-Windows-Kernel-Process",3,"ThreadStartStart ",5380,7732,"explorer.exe",,,,,,,,,,,,,,,,[{"addr":140736918208964,"idx":0},{"addr":140736872776761,"idx":1},{"addr":140736897102141,"idx":2},{"addr":140736902701861,"idx":3},{"addr":140736903122914,"idx":4},{"addr":140736902708086,"idx":5},{"addr":140736902706669,"idx":6},{"addr":140736380893023,"idx":7},{"addr":140736380550256,"idx":8},{"addr":140736444859031,"idx":9},{"addr":140736902703990,"idx":10},{"addr":140736902703274,"idx":11},{"addr":140736902700103,"idx":12},{"addr":140736897083607,"idx":13},{"addr":140736916996940,"idx":14}],,,,,,,,,5380,18446639081574977536,18446639081574952960,140736902700080,0,10440704,4068,126812160,126754816,140736902700080,,,,,,,,,,,,,,,,,,,,,,,,,,,,,,,,,,,,,,,,,,,,,,,,,,,,,,,,,,,,,,,,,,,,,,,,,,,,,,,,,,,,,,,,,,,,,,,,,,,,,,
"2025-09-02 15:13:22.4321801Z","ETW","Microsoft-Windows-Kernel-Process",3,"ThreadStartStart ",2544,14936,"svchost.exe",,,,,,,,,,,,,,,,[{"addr":140736918216388,"idx":0},{"addr":140736917669762,"idx":1},{"addr":140736882108009,"idx":2},{"addr":140736882106619,"idx":3},{"addr":140736882102691,"idx":4},{"addr":140736882098504,"idx":5},{"addr":140736917358174,"idx":6},{"addr":140736917350275,"idx":7},{"addr":140736897083607,"idx":8},{"addr":140736916996940,"idx":9}],,,,,,,,,2544,18446639081574862848,18446639081574838272,140736917348896,190,480424214528,19052,480429211648,480429178880,140736917348896,,,,,,,,,,,,,,,,,,,,,,,,,,,,,,,,,,,,,,,,,,,,,,,,,,,,,,,,,,,,,,,,,,,,,,,,,,,,,,,,,,,,,,,,,,,,,,,,,,,,,,
"2025-09-02 15:13:22.4323362Z","ETW","Microsoft-Windows-Kernel-Audit-API-Calls",5,"Info ",5380,5932,"explorer.exe",,,,,,,,,,,,,,,,[{"addr":140736918203764,"idx":0},{"addr":140736872731894,"idx":1},{"addr":140736402635997,"idx":2},{"addr":140736444619355,"idx":3},{"addr":140736444616898,"idx":4},{"addr":140736446097951,"idx":5},{"addr":140736444613745,"idx":6},{"addr":140736445468714,"idx":7},{"addr":140736445464741,"idx":8},{"addr":140736444938581,"idx":9},{"addr":140736444746297,"idx":10},{"addr":140736444745408,"idx":11},{"addr":140736444732936,"idx":12},{"addr":140736445529002,"idx":13},{"addr":140736882620003,"idx":14},{"addr":140736882628366,"idx":15},{"addr":140736881847376,"idx":16},{"addr":140736909646461,"idx":17},{"addr":140736909646267,"idx":18},{"addr":140736909643574,"idx":19},{"addr":140736909641089,"idx":20},{"addr":140736910206646,"idx":21},{"addr":140736909293663,"idx":22},{"addr":140736909422200,"idx":23},{"addr":140736909415344,"idx":24},{"addr":140736909399044,"idx":25},{"addr":140736909260610,"idx":26},{"addr":140736909258954,"idx":27},{"addr":140736385071819,"idx":28},{"addr":140736385153039,"idx":29},{"addr":140736385398901,"idx":30},{"addr":140736385399961,"idx":31},{"addr":140736897083607,"idx":32},{"addr":140736916996940,"idx":33}],,,,,,,,,,,,,,,,,,,4096,0,17068,,,,,,,,,,,,,,,,,,,,,,,,,,,,,,,,,,,,,,,,,,,,,,,,,,,,,,,,,,,,,,,,,,,,,,,,,,,,,,,,,,,,,,,,,,,,,,,,,,,
"2025-09-02 15:13:22.4336195Z","ETW","Microsoft-Windows-Kernel-Process",5,"ImageLoadInfo ",7940,5512,"WerFault.exe",,,,"C:\Windows\System32\bcryptprimitives.dll",,,,,,,,,,,,[{"addr":140736918203828,"idx":0},{"addr":140736917192506,"idx":1},{"addr":140736917191278,"idx":2},{"addr":140736917190209,"idx":3},{"addr":140736916804181,"idx":4},{"addr":140736916785218,"idx":5},{"addr":140736916786774,"idx":6},{"addr":140736917021315,"idx":7},{"addr":140736917023197,"idx":8},{"addr":140736882386290,"idx":9},{"addr":140736882460095,"idx":10},{"addr":140736881997317,"idx":11},{"addr":140736823464291,"idx":12},{"addr":140736823279498,"idx":13},{"addr":140736823449839,"idx":14},{"addr":140736823711222,"idx":15},{"addr":140736823633170,"idx":16},{"addr":140702874566201,"idx":17},{"addr":140702874543067,"idx":18},{"addr":140736897083607,"idx":19},{"addr":140736916996940,"idx":20}],,,,,,,,,7940,,,,,,,,,,,,,,,,,,,,,,,,,,,,,,,,,,,,3318233078,140736867663872,140736867663872,705120,626688,,,,,,,,,,,,,,,,,,,,,,,,,,,,,,,,,,,,,,,,,,,,,,,,,,,,,,,,,,,,,,,,,,,,,,,
"2025-09-02 15:13:22.4339594Z","ETW","Microsoft-Windows-Kernel-File",30,"CreateNewFileInfo ",7940,5512,"WerFault.exe",,,,"C:\ProgramData\Microsoft\Windows\WER\Temp\aa52e4f2-94ae-4e33-a0a1-b26fedd761d8",,,,,,,,,,,,[{"addr":140736918205268,"idx":0},{"addr":140736823279700,"idx":1},{"addr":140736823449839,"idx":2},{"addr":140736823711222,"idx":3},{"addr":140736823633170,"idx":4},{"addr":140702874566201,"idx":5},{"addr":140702874543067,"idx":6},{"addr":140736897083607,"idx":7},{"addr":140736916996940,"idx":8}],128,33558528,18446660011223836480,18446660010787292040,5512,0,,,,,,,,,,,,,,,,,,,,,,,,,,,,,,,,,,,,,,,,,,,,,,,,,,,,,,,,,,,,,,,,,,,,,,,,,,,,,,,,,,,,,,,,,,,,,,,,,,,,,,,,,,,,,,,,,,
"2025-09-02 15:13:22.4339724Z","ETW","Microsoft-Windows-Kernel-File",10,"NameCreateInfo ",7940,5512,"WerFault.exe",,,,"C:\ProgramData\Microsoft\Windows\WER\Temp\aa52e4f2-94ae-4e33-a0a1-b26fedd761d8",,,,,,,,,,,,[{"addr":140736918205268,"idx":0},{"addr":140736823279700,"idx":1},{"addr":140736823449839,"idx":2},{"addr":140736823711222,"idx":3},{"addr":140736823633170,"idx":4},{"addr":140702874566201,"idx":5},{"addr":140702874543067,"idx":6},{"addr":140736897083607,"idx":7},{"addr":140736916996940,"idx":8}],,,,,,,18446708904256670576,,,,,,,,,,,,,,,,,,,,,,,,,,,,,,,,,,,,,,,,,,,,,,,,,,,,,,,,,,,,,,,,,,,,,,,,,,,,,,,,,,,,,,,,,,,,,,,,,,,,,,,,,,,,,,,,,
"2025-09-02 15:13:22.4349038Z","ETW","Microsoft-Windows-Kernel-Process",5,"ImageLoadInfo ",7940,5512,"WerFault.exe",,,,"C:\Windows\System32\policymanager.dll",,,,,,,,,,,,[{"addr":140736918203828,"idx":0},{"addr":140736917192506,"idx":1},{"addr":140736917191278,"idx":2},{"addr":140736917210764,"idx":3},{"addr":140736917201516,"idx":4},{"addr":140736917258922,"idx":5},{"addr":140736916785248,"idx":6},{"addr":140736916784352,"idx":7},{"addr":140736917101952,"idx":8},{"addr":140736872000198,"idx":9},{"addr":140736564313215,"idx":10},{"addr":140736564317195,"idx":11},{"addr":140736564310991,"idx":12},{"addr":140736564312326,"idx":13},{"addr":140736564315077,"idx":14},{"addr":140736823462372,"idx":15},{"addr":140736823295874,"idx":16},{"addr":140736823288719,"idx":17},{"addr":140736823282766,"idx":18},{"addr":140736823711170,"idx":19},{"addr":140736823633223,"idx":20},{"addr":140702874566201,"idx":21},{"addr":140702874543067,"idx":22},{"addr":140736897083607,"idx":23},{"addr":140736916996940,"idx":24}],,,,,,,,,7940,,,,,,,,,,,,,,,,,,,,,,,,,,,,,,,,,,,,2757975175,140736805928960,140736805928960,801211,737280,,,,,,,,,,,,,,,,,,,,,,,,,,,,,,,,,,,,,,,,,,,,,,,,,,,,,,,,,,,,,,,,,,,,,,,
"2025-09-02 15:13:22.4352269Z","ETW","Microsoft-Windows-Kernel-Process",5,"ImageLoadInfo ",7940,5512,"WerFault.exe",,,,"C:\Windows\System32\msvcp110_win.dll",,,,,,,,,,,,[{"addr":140736918203828,"idx":0},{"addr":140736917192506,"idx":1},{"addr":140736917191278,"idx":2},{"addr":140736917210764,"idx":3},{"addr":140736917201516,"idx":4},{"addr":140736917258922,"idx":5},{"addr":140736916999751,"idx":6},{"addr":140736916785258,"idx":7},{"addr":140736916784352,"idx":8},{"addr":140736917101952,"idx":9},{"addr":140736872000198,"idx":10},{"addr":140736564313215,"idx":11},{"addr":140736564317195,"idx":12},{"addr":140736564310991,"idx":13},{"addr":140736564312326,"idx":14},{"addr":140736564315077,"idx":15},{"addr":140736823462372,"idx":16},{"addr":140736823295874,"idx":17},{"addr":140736823288719,"idx":18},{"addr":140736823282766,"idx":19},{"addr":140736823711170,"idx":20},{"addr":140736823633223,"idx":21},{"addr":140702874566201,"idx":22},{"addr":140702874543067,"idx":23},{"addr":140736897083607,"idx":24},{"addr":140736916996940,"idx":25}],,,,,,,,,7940,,,,,,,,,,,,,,,,,,,,,,,,,,,,,,,,,,,,3464179610,140736793542656,140736793542656,602786,593920,,,,,,,,,,,,,,,,,,,,,,,,,,,,,,,,,,,,,,,,,,,,,,,,,,,,,,,,,,,,,,,,,,,,,,,
"2025-09-02 15:13:22.4357408Z","ETW","Microsoft-Windows-Kernel-Audit-API-Calls",5,"Info ",2828,1056,"svchost.exe",,,,,,,,,,,,,,,,[{"addr":140736918206916,"idx":0},{"addr":140736882337646,"idx":1},{"addr":140736910267593,"idx":2},{"addr":140736627175582,"idx":3},{"addr":140736627173936,"idx":4},{"addr":140736882620003,"idx":5},{"addr":140736882628366,"idx":6},{"addr":140736881847376,"idx":7},{"addr":140736909646499,"idx":8},{"addr":140736909646267,"idx":9},{"addr":140736909643574,"idx":10},{"addr":140736909641089,"idx":11},{"addr":140736910206646,"idx":12},{"addr":140736909298250,"idx":13},{"addr":140736909422200,"idx":14},{"addr":140736909684515,"idx":15},{"addr":140736882311415,"idx":16},{"addr":140736882088628,"idx":17},{"addr":140736882092154,"idx":18},{"addr":140736882015316,"idx":19},{"addr":140736882081820,"idx":20},{"addr":140736882106396,"idx":21},{"addr":140736882102691,"idx":22},{"addr":140736882098504,"idx":23},{"addr":140736917358174,"idx":24},{"addr":140736917350275,"idx":25},{"addr":140736897083607,"idx":26},{"addr":140736916996940,"idx":27}],,,,,,,,,,,,,,,,,,,4096,3221225506,8144,,,,,,,,,,,,,,,,,,,,,,,,,,,,,,,,,,,,,,,,,,,,,,,,,,,,,,,,,,,,,,,,,,,,,,,,,,,,,,,,,,,,,,,,,,,,,,,,,,,
"2025-09-02 15:13:22.4360583Z","ETW","Microsoft-Windows-Kernel-Process",6,"ImageUnloadInfo ",7940,5512,"WerFault.exe",,,,"C:\Windows\System32\msvcp110_win.dll",,,,,,,,,,,,[{"addr":140736918203892,"idx":0},{"addr":140736917028534,"idx":1},{"addr":140736916779098,"idx":2},{"addr":140736916769422,"idx":3},{"addr":140736916769266,"idx":4},{"addr":140736916768404,"idx":5},{"addr":140736916773680,"idx":6},{"addr":140736872000489,"idx":7},{"addr":140736564313988,"idx":8},{"addr":140736564317195,"idx":9},{"addr":140736564310991,"idx":10},{"addr":140736564312326,"idx":11},{"addr":140736564315077,"idx":12},{"addr":140736823462372,"idx":13},{"addr":140736823295874,"idx":14},{"addr":140736823288719,"idx":15},{"addr":140736823282766,"idx":16},{"addr":140736823711170,"idx":17},{"addr":140736823633223,"idx":18},{"addr":140702874566201,"idx":19},{"addr":140702874543067,"idx":20},{"addr":140736897083607,"idx":21},{"addr":140736916996940,"idx":22}],,,,,,,,,7940,,,,,,,,,,,,,,,,,,,,,,,,,,,,,,,,,,,,3464179610,140736793542656,140736793542656,602786,606208,,,,,,,,,,,,,,,,,,,,,,,,,,,,,,,,,,,,,,,,,,,,,,,,,,,,,,,,,,,,,,,,,,,,,,,
"2025-09-02 15:13:22.4360866Z","ETW","Microsoft-Windows-Kernel-Process",5,"ImageLoadInfo ",8144,1128,"ApplicationFrameHost.exe",,,,"C:\Windows\System32\AppXDeploymentClient.dll",,,,,,,,,,,,[{"addr":140736918203828,"idx":0},{"addr":140736917192506,"idx":1},{"addr":140736917191278,"idx":2},{"addr":140736917210764,"idx":3},{"addr":140736917201516,"idx":4},{"addr":140736917258922,"idx":5},{"addr":140736916785248,"idx":6},{"addr":140736916784352,"idx":7},{"addr":140736917101952,"idx":8},{"addr":140736872000198,"idx":9},{"addr":140736702761034,"idx":10},{"addr":140736702753269,"idx":11},{"addr":140736703014962,"idx":12},{"addr":140736702816694,"idx":13},{"addr":140736702820592,"idx":14},{"addr":140736702762419,"idx":15},{"addr":140736702764459,"idx":16},{"addr":140736416856791,"idx":17},{"addr":140736416859046,"idx":18},{"addr":140736416940250,"idx":19},{"addr":140736416938095,"idx":20},{"addr":140736416947371,"idx":21},{"addr":140736416947267,"idx":22},{"addr":140736417549445,"idx":23},{"addr":140736902703990,"idx":24},{"addr":140736902703274,"idx":25},{"addr":140736902700103,"idx":26},{"addr":140736897083607,"idx":27},{"addr":140736916996940,"idx":28}],,,,,,,,,8144,,,,,,,,,,,,,,,,,,,,,,,,,,,,,,,,,,,,2766280966,140736722894848,140736722894848,1518226,1503232,,,,,,,,,,,,,,,,,,,,,,,,,,,,,,,,,,,,,,,,,,,,,,,,,,,,,,,,,,,,,,,,,,,,,,,
"2025-09-02 15:13:22.4361035Z","ETW","Microsoft-Windows-Kernel-Process",6,"ImageUnloadInfo ",7940,5512,"WerFault.exe",,,,"C:\Windows\System32\policymanager.dll",,,,,,,,,,,,[{"addr":140736918203892,"idx":0},{"addr":140736917028534,"idx":1},{"addr":140736916779098,"idx":2},{"addr":140736916773567,"idx":3},{"addr":140736872000489,"idx":4},{"addr":140736564313988,"idx":5},{"addr":140736564317195,"idx":6},{"addr":140736564310991,"idx":7},{"addr":140736564312326,"idx":8},{"addr":140736564315077,"idx":9},{"addr":140736823462372,"idx":10},{"addr":140736823295874,"idx":11},{"addr":140736823288719,"idx":12},{"addr":140736823282766,"idx":13},{"addr":140736823711170,"idx":14},{"addr":140736823633223,"idx":15},{"addr":140702874566201,"idx":16},{"addr":140702874543067,"idx":17},{"addr":140736897083607,"idx":18},{"addr":140736916996940,"idx":19}],,,,,,,,,7940,,,,,,,,,,,,,,,,,,,,,,,,,,,,,,,,,,,,2757975175,140736805928960,140736805928960,801211,749568,,,,,,,,,,,,,,,,,,,,,,,,,,,,,,,,,,,,,,,,,,,,,,,,,,,,,,,,,,,,,,,,,,,,,,,
"2025-09-02 15:13:22.4363274Z","ETW","Microsoft-Windows-Kernel-Process",3,"ThreadStartStart ",2828,20364,"svchost.exe",,,,,,,,,,,,,,,,[{"addr":140736918216388,"idx":0},{"addr":140736917669762,"idx":1},{"addr":140736882108009,"idx":2},{"addr":140736882106619,"idx":3},{"addr":140736882102691,"idx":4},{"addr":140736882098504,"idx":5},{"addr":140736917358174,"idx":6},{"addr":140736917350275,"idx":7},{"addr":140736897083607,"idx":8},{"addr":140736916996940,"idx":9}],,,,,,,,,2828,18446639081574948864,18446639081574924288,140736917348896,185,367498936320,8424,367502295040,367502262272,140736917348896,,,,,,,,,,,,,,,,,,,,,,,,,,,,,,,,,,,,,,,,,,,,,,,,,,,,,,,,,,,,,,,,,,,,,,,,,,,,,,,,,,,,,,,,,,,,,,,,,,,,,,
"2025-09-02 15:13:22.4364110Z","ETW","Microsoft-Windows-Kernel-Process",5,"ImageLoadInfo ",19464,20256,"CalculatorApp.exe",,,,"C:\Windows\System32\kernel32.dll",,,,,,,,,,,,[{"addr":140736918203828,"idx":0},{"addr":140736917192506,"idx":1},{"addr":140736917191278,"idx":2},{"addr":140736917190209,"idx":3},{"addr":140736916804181,"idx":4},{"addr":140736916785218,"idx":5},{"addr":140736916784352,"idx":6},{"addr":140736917101952,"idx":7},{"addr":140736917649076,"idx":8},{"addr":140736917165243,"idx":9},{"addr":140736917158036,"idx":10},{"addr":140736917157502,"idx":11},{"addr":140736916971470,"idx":12}],,,,,,,,,19464,,,,,,,,,,,,,,,,,,,,,,,,,,,,,,,,,,,,2842556120,140736896892928,140736896892928,880212,823296,,,,,,,,,,,,,,,,,,,,,,,,,,,,,,,,,,,,,,,,,,,,,,,,,,,,,,,,,,,,,,,,,,,,,,,
"2025-09-02 15:13:22.4365473Z","ETW","Microsoft-Windows-Kernel-Process",5,"ImageLoadInfo ",19464,20256,"CalculatorApp.exe",,,,"C:\Windows\System32\KernelBase.dll",,,,,,,,,,,,[{"addr":140736918203828,"idx":0},{"addr":140736917192506,"idx":1},{"addr":140736917191278,"idx":2},{"addr":140736917190209,"idx":3},{"addr":140736916798526,"idx":4},{"addr":140736916790798,"idx":5},{"addr":140736917191656,"idx":6},{"addr":140736917190209,"idx":7},{"addr":140736916804181,"idx":8},{"addr":140736916785218,"idx":9},{"addr":140736916784352,"idx":10},{"addr":140736917101952,"idx":11},{"addr":140736917649076,"idx":12},{"addr":140736917165243,"idx":13},{"addr":140736917158036,"idx":14},{"addr":140736917157502,"idx":15},{"addr":140736916971470,"idx":16}],,,,,,,,,19464,,,,,,,,,,,,,,,,,,,,,,,,,,,,,,,,,,,,1916522255,140736871923712,140736871923712,4150506,4128768,,,,,,,,,,,,,,,,,,,,,,,,,,,,,,,,,,,,,,,,,,,,,,,,,,,,,,,,,,,,,,,,,,,,,,,
"2025-09-02 15:13:22.4366519Z","ETW","Microsoft-Windows-Kernel-Process",6,"ImageUnloadInfo ",8144,1128,"ApplicationFrameHost.exe",,,,"C:\Windows\System32\AppXDeploymentClient.dll",,,,,,,,,,,,[{"addr":140736918203892,"idx":0},{"addr":140736917028534,"idx":1},{"addr":140736916779098,"idx":2},{"addr":140736916773567,"idx":3},{"addr":140736872000489,"idx":4},{"addr":140736702761493,"idx":5},{"addr":140736702753269,"idx":6},{"addr":140736703014962,"idx":7},{"addr":140736702816694,"idx":8},{"addr":140736702820592,"idx":9},{"addr":140736702762419,"idx":10},{"addr":140736702764459,"idx":11},{"addr":140736416856791,"idx":12},{"addr":140736416859046,"idx":13},{"addr":140736416940250,"idx":14},{"addr":140736416938095,"idx":15},{"addr":140736416947371,"idx":16},{"addr":140736416947267,"idx":17},{"addr":140736417549445,"idx":18},{"addr":140736902703990,"idx":19},{"addr":140736902703274,"idx":20},{"addr":140736902700103,"idx":21},{"addr":140736897083607,"idx":22},{"addr":140736916996940,"idx":23}],,,,,,,,,8144,,,,,,,,,,,,,,,,,,,,,,,,,,,,,,,,,,,,2766280966,140736722894848,140736722894848,1518226,1515520,,,,,,,,,,,,,,,,,,,,,,,,,,,,,,,,,,,,,,,,,,,,,,,,,,,,,,,,,,,,,,,,,,,,,,,
"2025-09-02 15:13:22.4368184Z","ETW","Microsoft-Windows-Kernel-Audit-API-Calls",5,"Info ",8144,15816,"ApplicationFrameHost.exe",,,,,,,,,,,,,,,,[{"addr":140736918203764,"idx":0},{"addr":140736872731894,"idx":1},{"addr":140736717697306,"idx":2},{"addr":140736376301607,"idx":3},{"addr":140736376669859,"idx":4},{"addr":140736376676455,"idx":5},{"addr":140736902703990,"idx":6},{"addr":140736902703274,"idx":7},{"addr":140736902700103,"idx":8},{"addr":140736897083607,"idx":9},{"addr":140736916996940,"idx":10}],,,,,,,,,,,,,,,,,,,4096,0,8144,,,,,,,,,,,,,,,,,,,,,,,,,,,,,,,,,,,,,,,,,,,,,,,,,,,,,,,,,,,,,,,,,,,,,,,,,,,,,,,,,,,,,,,,,,,,,,,,,,,
"2025-09-02 15:13:22.4369169Z","ETW","Microsoft-Windows-Kernel-Audit-API-Calls",5,"Info ",760,15356,"csrss.exe",,,,,,,,,,,,,,,,[{"addr":140736918206916,"idx":0},{"addr":140736867541693,"idx":1},{"addr":140736867538681,"idx":2},{"addr":140736867571143,"idx":3},{"addr":140736916996962,"idx":4}],,,,,,,,,,,,,,,,,,,33554432,0,19464,,,,,,,,,,,,,,,,,,,,,,,,,,,,,,,,,,,,,,,,,,,,,,,,,,,,,,,,,,,,,,,,,,,,,,,,,,,,,,,,,,,,,,,,,,,,,,,,,,,
"2025-09-02 15:13:22.4369243Z","ETW","Microsoft-Windows-Kernel-Audit-API-Calls",6,"Info ",760,15356,"csrss.exe",,,,,,,,,,,,,,,,[{"addr":140736918206948,"idx":0},{"addr":140736867541965,"idx":1},{"addr":140736867538681,"idx":2},{"addr":140736867571143,"idx":3},{"addr":140736916996962,"idx":4}],,,,,,,,,,,,,,,,,,,33554432,0,19464,20256,,,,,,,,,,,,,,,,,,,,,,,,,,,,,,,,,,,,,,,,,,,,,,,,,,,,,,,,,,,,,,,,,,,,,,,,,,,,,,,,,,,,,,,,,,,,,,,,,,
"2025-09-02 15:13:22.4372068Z","ETW","Microsoft-Windows-Kernel-Audit-API-Calls",5,"Info ",8144,15816,"ApplicationFrameHost.exe",,,,,,,,,,,,,,,,[{"addr":140736918203764,"idx":0},{"addr":140736872731894,"idx":1},{"addr":140736717697306,"idx":2},{"addr":140736376303998,"idx":3},{"addr":140736376669880,"idx":4},{"addr":140736376676455,"idx":5},{"addr":140736902703990,"idx":6},{"addr":140736902703274,"idx":7},{"addr":140736902700103,"idx":8},{"addr":140736897083607,"idx":9},{"addr":140736916996940,"idx":10}],,,,,,,,,,,,,,,,,,,4096,0,8144,,,,,,,,,,,,,,,,,,,,,,,,,,,,,,,,,,,,,,,,,,,,,,,,,,,,,,,,,,,,,,,,,,,,,,,,,,,,,,,,,,,,,,,,,,,,,,,,,,,
"2025-09-02 15:13:22.4376844Z","ETW","Microsoft-Windows-Kernel-Process",3,"ThreadStartStart ",19464,20256,"CalculatorApp.exe",,,,,,,,,,,,,,,,[{"addr":140736918214756,"idx":0},{"addr":140736917348769,"idx":1},{"addr":140736917700534,"idx":2},{"addr":140736916798680,"idx":3},{"addr":140736916790798,"idx":4},{"addr":140736917165509,"idx":5},{"addr":140736917158036,"idx":6},{"addr":140736917157502,"idx":7},{"addr":140736916971470,"idx":8}],,,,,,,,,19464,18446639081575092224,18446639081575067648,140736917348896,0,926182387712,20688,926185160704,926185156608,140736917348896,,,,,,,,,,,,,,,,,,,,,,,,,,,,,,,,,,,,,,,,,,,,,,,,,,,,,,,,,,,,,,,,,,,,,,,,,,,,,,,,,,,,,,,,,,,,,,,,,,,,,,
"2025-09-02 15:13:22.4378287Z","ETW","Microsoft-Windows-Kernel-File",30,"CreateNewFileInfo ",7940,5512,"WerFault.exe",,,,"C:\ProgramData\Microsoft\Windows\WER\Temp\fbf89ec6-79b9-4ecf-b0b6-24a1aed70ba7",,,,,,,,,,,,[{"addr":140736918205268,"idx":0},{"addr":140736823279700,"idx":1},{"addr":140736823449839,"idx":2},{"addr":140736823711222,"idx":3},{"addr":140736823633223,"idx":4},{"addr":140702874566201,"idx":5},{"addr":140702874543067,"idx":6},{"addr":140736897083607,"idx":7},{"addr":140736916996940,"idx":8}],128,33558528,18446660011223846080,18446660010821228488,5512,0,,,,,,,,,,,,,,,,,,,,,,,,,,,,,,,,,,,,,,,,,,,,,,,,,,,,,,,,,,,,,,,,,,,,,,,,,,,,,,,,,,,,,,,,,,,,,,,,,,,,,,,,,,,,,,,,,,
"2025-09-02 15:13:22.4378395Z","ETW","Microsoft-Windows-Kernel-File",10,"NameCreateInfo ",7940,5512,"WerFault.exe",,,,"C:\ProgramData\Microsoft\Windows\WER\Temp\fbf89ec6-79b9-4ecf-b0b6-24a1aed70ba7",,,,,,,,,,,,[{"addr":140736918205268,"idx":0},{"addr":140736823279700,"idx":1},{"addr":140736823449839,"idx":2},{"addr":140736823711222,"idx":3},{"addr":140736823633223,"idx":4},{"addr":140702874566201,"idx":5},{"addr":140702874543067,"idx":6},{"addr":140736897083607,"idx":7},{"addr":140736916996940,"idx":8}],,,,,,,18446708904554037616,,,,,,,,,,,,,,,,,,,,,,,,,,,,,,,,,,,,,,,,,,,,,,,,,,,,,,,,,,,,,,,,,,,,,,,,,,,,,,,,,,,,,,,,,,,,,,,,,,,,,,,,,,,,,,,,,
"2025-09-02 15:13:22.4378455Z","ETW","Microsoft-Windows-Kernel-Process",3,"ThreadStartStart ",8144,15816,"ApplicationFrameHost.exe",,,,,,,,,,,,,,,,[{"addr":140736918208964,"idx":0},{"addr":140736872776761,"idx":1},{"addr":140736897102141,"idx":2},{"addr":140736902701861,"idx":3},{"addr":140736903122914,"idx":4},{"addr":140736902708086,"idx":5},{"addr":140736902706669,"idx":6},{"addr":140736376298905,"idx":7},{"addr":140736376340013,"idx":8},{"addr":140736376304260,"idx":9},{"addr":140736376669880,"idx":10},{"addr":140736376676455,"idx":11},{"addr":140736902703990,"idx":12},{"addr":140736902703274,"idx":13},{"addr":140736902700103,"idx":14},{"addr":140736897083607,"idx":15},{"addr":140736916996940,"idx":16}],,,,,,,,,8144,18446639081575120896,18446639081575096320,140736902700080,0,309581852672,22284,309589966848,309589958656,140736902700080,,,,,,,,,,,,,,,,,,,,,,,,,,,,,,,,,,,,,,,,,,,,,,,,,,,,,,,,,,,,,,,,,,,,,,,,,,,,,,,,,,,,,,,,,,,,,,,,,,,,,,
"2025-09-02 15:13:22.4380492Z","ETW","Microsoft-Windows-Kernel-Process",5,"ImageLoadInfo ",19464,20256,"CalculatorApp.exe",,,,"C:\Program Files\WindowsApps\Microsoft.WindowsCalculator_11.2502.2.0_x64__8wekyb3d8bbwe\CalculatorApp.dll",,,,,,,,,,,,[{"addr":140736918203828,"idx":0},{"addr":140736917192506,"idx":1},{"addr":140736917191278,"idx":2},{"addr":140736917210764,"idx":3},{"addr":140736917201516,"idx":4},{"addr":140736917258922,"idx":5},{"addr":140736916999751,"idx":6},{"addr":140736917165517,"idx":7},{"addr":140736917158036,"idx":8},{"addr":140736917157502,"idx":9},{"addr":140736916971470,"idx":10}],,,,,,,,,19464,,,,,,,,,,,,,,,,,,,,,,,,,,,,,,,,,,,,1741029142,140733853007872,140733853007872,0,6356992,,,,,,,,,,,,,,,,,,,,,,,,,,,,,,,,,,,,,,,,,,,,,,,,,,,,,,,,,,,,,,,,,,,,,,,
"2025-09-02 15:13:22.4381023Z","ETW","Microsoft-Windows-Kernel-Audit-API-Calls",5,"Info ",7940,5512,"WerFault.exe",,,,,,,,,,,,,,,,[{"addr":140736918203764,"idx":0},{"addr":140736872731894,"idx":1},{"addr":140702874840715,"idx":2},{"addr":140702874566454,"idx":3},{"addr":140702874543067,"idx":4},{"addr":140736897083607,"idx":5},{"addr":140736916996940,"idx":6}],,,,,,,,,,,,,,,,,,,2097151,0,15112,,,,,,,,,,,,,,,,,,,,,,,,,,,,,,,,,,,,,,,,,,,,,,,,,,,,,,,,,,,,,,,,,,,,,,,,,,,,,,,,,,,,,,,,,,,,,,,,,,,
"2025-09-02 15:13:22.4381125Z","ETW","Microsoft-Windows-Kernel-Audit-API-Calls",5,"Info ",7940,5512,"WerFault.exe",,,,,,,,,,,,,,,,[{"addr":140736918203764,"idx":0},{"addr":140736872731894,"idx":1},{"addr":140702874840763,"idx":2},{"addr":140702874566454,"idx":3},{"addr":140702874543067,"idx":4},{"addr":140736897083607,"idx":5},{"addr":140736916996940,"idx":6}],,,,,,,,,,,,,,,,,,,2097151,0,15112,,,,,,,,,,,,,,,,,,,,,,,,,,,,,,,,,,,,,,,,,,,,,,,,,,,,,,,,,,,,,,,,,,,,,,,,,,,,,,,,,,,,,,,,,,,,,,,,,,,
"2025-09-02 15:13:22.4381256Z","ETW","Microsoft-Windows-Kernel-Audit-API-Calls",5,"Info ",7940,5512,"WerFault.exe",,,,,,,,,,,,,,,,[{"addr":140736918203764,"idx":0},{"addr":140736872731894,"idx":1},{"addr":140702874838601,"idx":2},{"addr":140702874840913,"idx":3},{"addr":140702874566454,"idx":4},{"addr":140702874543067,"idx":5},{"addr":140736897083607,"idx":6},{"addr":140736916996940,"idx":7}],,,,,,,,,,,,,,,,,,,2097151,0,15112,,,,,,,,,,,,,,,,,,,,,,,,,,,,,,,,,,,,,,,,,,,,,,,,,,,,,,,,,,,,,,,,,,,,,,,,,,,,,,,,,,,,,,,,,,,,,,,,,,,
"2025-09-02 15:13:22.4381317Z","ETW","Microsoft-Windows-Kernel-Audit-API-Calls",6,"Info ",7940,5512,"WerFault.exe",,,,,,,,,,,,,,,,[{"addr":140736918212548,"idx":0},{"addr":140736872857142,"idx":1},{"addr":140702874838682,"idx":2},{"addr":140702874840913,"idx":3},{"addr":140702874566454,"idx":4},{"addr":140702874543067,"idx":5},{"addr":140736897083607,"idx":6},{"addr":140736916996940,"idx":7}],,,,,,,,,,,,,,,,,,,2097151,0,15112,5500,,,,,,,,,,,,,,,,,,,,,,,,,,,,,,,,,,,,,,,,,,,,,,,,,,,,,,,,,,,,,,,,,,,,,,,,,,,,,,,,,,,,,,,,,,,,,,,,,,
"2025-09-02 15:13:22.4382061Z","ETW","Microsoft-Windows-Kernel-Process",5,"ImageLoadInfo ",19464,20256,"CalculatorApp.exe",,,,"C:\Windows\System32\combase.dll",,,,,,,,,,,,[{"addr":140736918203828,"idx":0},{"addr":140736917192506,"idx":1},{"addr":140736917191278,"idx":2},{"addr":140736917190209,"idx":3},{"addr":140736916798526,"idx":4},{"addr":140736916790798,"idx":5},{"addr":140736917191656,"idx":6},{"addr":140736917210764,"idx":7},{"addr":140736917201516,"idx":8},{"addr":140736917258922,"idx":9},{"addr":140736916999751,"idx":10},{"addr":140736917165517,"idx":11},{"addr":140736917158036,"idx":12},{"addr":140736917157502,"idx":13},{"addr":140736916971470,"idx":14}],,,,,,,,,19464,,,,,,,,,,,,,,,,,,,,,,,,,,,,,,,,,,,,670765882,140736909082624,140736909082624,3776119,3690496,,,,,,,,,,,,,,,,,,,,,,,,,,,,,,,,,,,,,,,,,,,,,,,,,,,,,,,,,,,,,,,,,,,,,,,
"2025-09-02 15:13:22.4382114Z","ETW","Microsoft-Windows-Kernel-Process",3,"ThreadStartStart ",19464,20688,"CalculatorApp.exe",,,,,,,,,,,,,,,,[{"addr":140736918214756,"idx":0},{"addr":140736917257428,"idx":1},{"addr":140736917254706,"idx":2},{"addr":140736917350945,"idx":3},{"addr":140736897083607,"idx":4},{"addr":140736916996940,"idx":5}],,,,,,,,,19464,18446639081658355712,18446639081658331136,140736917348896,0,926182395904,19760,926186209280,926186205184,140736917348896,,,,,,,,,,,,,,,,,,,,,,,,,,,,,,,,,,,,,,,,,,,,,,,,,,,,,,,,,,,,,,,,,,,,,,,,,,,,,,,,,,,,,,,,,,,,,,,,,,,,,,
"2025-09-02 15:13:22.4383315Z","ETW","Microsoft-Windows-Kernel-Process",5,"ImageLoadInfo ",19464,20256,"CalculatorApp.exe",,,,"C:\Windows\System32\ucrtbase.dll",,,,,,,,,,,,[{"addr":140736918203828,"idx":0},{"addr":140736917192506,"idx":1},{"addr":140736917191278,"idx":2},{"addr":140736917190209,"idx":3},{"addr":140736916798526,"idx":4},{"addr":140736916790798,"idx":5},{"addr":140736917191656,"idx":6},{"addr":140736917190209,"idx":7},{"addr":140736916798526,"idx":8},{"addr":140736916790798,"idx":9},{"addr":140736917191656,"idx":10},{"addr":140736917210764,"idx":11},{"addr":140736917201516,"idx":12},{"addr":140736917258922,"idx":13},{"addr":140736916999751,"idx":14},{"addr":140736917165517,"idx":15},{"addr":140736917158036,"idx":16},{"addr":140736917157502,"idx":17},{"addr":140736916971470,"idx":18}],,,,,,,,,19464,,,,,,,,,,,,,,,,,,,,,,,,,,,,,,,,,,,,3686092271,140736876314624,140736876314624,1418583,1355776,,,,,,,,,,,,,,,,,,,,,,,,,,,,,,,,,,,,,,,,,,,,,,,,,,,,,,,,,,,,,,,,,,,,,,,
"2025-09-02 15:13:22.4384388Z","ETW","Microsoft-Windows-Kernel-Process",3,"ThreadStartStart ",19464,20256,"CalculatorApp.exe",,,,,,,,,,,,,,,,[{"addr":140736918214756,"idx":0},{"addr":140736917348769,"idx":1},{"addr":140736917700534,"idx":2},{"addr":140736916791223,"idx":3},{"addr":140736917191656,"idx":4},{"addr":140736917190209,"idx":5},{"addr":140736916798526,"idx":6},{"addr":140736916790798,"idx":7},{"addr":140736917191656,"idx":8},{"addr":140736917190209,"idx":9},{"addr":140736916798526,"idx":10},{"addr":140736916790798,"idx":11},{"addr":140736917191656,"idx":12},{"addr":140736917210764,"idx":13},{"addr":140736917201516,"idx":14},{"addr":140736917258922,"idx":15},{"addr":140736916999751,"idx":16},{"addr":140736917165517,"idx":17},{"addr":140736917158036,"idx":18},{"addr":140736917157502,"idx":19},{"addr":140736916971470,"idx":20}],,,,,,,,,19464,18446639081575239680,18446639081575215104,140736917348896,0,926182404096,12744,926187257856,926187253760,140736917348896,,,,,,,,,,,,,,,,,,,,,,,,,,,,,,,,,,,,,,,,,,,,,,,,,,,,,,,,,,,,,,,,,,,,,,,,,,,,,,,,,,,,,,,,,,,,,,,,,,,,,,
"2025-09-02 15:13:22.4385069Z","ETW","Microsoft-Windows-Kernel-Process",5,"ImageLoadInfo ",19464,20256,"CalculatorApp.exe",,,,"C:\Windows\System32\rpcrt4.dll",,,,,,,,,,,,[{"addr":140736918203828,"idx":0},{"addr":140736917192506,"idx":1},{"addr":140736917191278,"idx":2},{"addr":140736917190209,"idx":3},{"addr":140736916798526,"idx":4},{"addr":140736916790798,"idx":5},{"addr":140736917191656,"idx":6},{"addr":140736917190209,"idx":7},{"addr":140736916798526,"idx":8},{"addr":140736916790798,"idx":9},{"addr":140736917191656,"idx":10},{"addr":140736917210764,"idx":11},{"addr":140736917201516,"idx":12},{"addr":140736917258922,"idx":13},{"addr":140736916999751,"idx":14},{"addr":140736917165517,"idx":15},{"addr":140736917158036,"idx":16},{"addr":140736917157502,"idx":17},{"addr":140736916971470,"idx":18}],,,,,,,,,19464,,,,,,,,,,,,,,,,,,,,,,,,,,,,,,,,,,,,755903142,140736881754112,140736881754112,1201440,1146880,,,,,,,,,,,,,,,,,,,,,,,,,,,,,,,,,,,,,,,,,,,,,,,,,,,,,,,,,,,,,,,,,,,,,,,
"2025-09-02 15:13:22.4385422Z","ETW","Microsoft-Windows-Kernel-Process",5,"ImageLoadInfo ",19464,20688,"CalculatorApp.exe",,,,"C:\Program Files\WindowsApps\Microsoft.NET.Native.Framework.2.2_2.2.29512.0_x64__8wekyb3d8bbwe\SharedLibrary.dll",,,,,,,,,,,,[{"addr":140736918203828,"idx":0},{"addr":140736917192506,"idx":1},{"addr":140736917191278,"idx":2},{"addr":140736917210764,"idx":3},{"addr":140736917201516,"idx":4},{"addr":140736917258922,"idx":5},{"addr":140736917255216,"idx":6},{"addr":140736917350945,"idx":7},{"addr":140736897083607,"idx":8},{"addr":140736916996940,"idx":9}],,,,,,,,,19464,,,,,,,,,,,,,,,,,,,,,,,,,,,,,,,,,,,,1605180014,140733391831040,140733391831040,13461317,13422592,,,,,,,,,,,,,,,,,,,,,,,,,,,,,,,,,,,,,,,,,,,,,,,,,,,,,,,,,,,,,,,,,,,,,,,
"2025-09-02 15:13:22.4386439Z","ETW","Microsoft-Windows-Kernel-Process",5,"ImageLoadInfo ",19464,19760,"CalculatorApp.exe",,,,"C:\Program Files\WindowsApps\Microsoft.NET.Native.Runtime.2.2_2.2.28604.0_x64__8wekyb3d8bbwe\mrt100_app.dll",,,,,,,,,,,,[{"addr":140736918203828,"idx":0},{"addr":140736917192506,"idx":1},{"addr":140736917191278,"idx":2},{"addr":140736917210764,"idx":3},{"addr":140736917201516,"idx":4},{"addr":140736917258922,"idx":5},{"addr":140736917255216,"idx":6},{"addr":140736917350945,"idx":7},{"addr":140736897083607,"idx":8},{"addr":140736916996940,"idx":9}],,,,,,,,,19464,,,,,,,,,,,,,,,,,,,,,,,,,,,,,,,,,,,,1580779188,140733539811328,140733539811328,491795,548864,,,,,,,,,,,,,,,,,,,,,,,,,,,,,,,,,,,,,,,,,,,,,,,,,,,,,,,,,,,,,,,,,,,,,,,
"2025-09-02 15:13:22.4386769Z","ETW","Microsoft-Windows-Kernel-Process",5,"ImageLoadInfo ",19464,20688,"CalculatorApp.exe",,,,"C:\Windows\System32\ole32.dll",,,,,,,,,,,,[{"addr":140736918203828,"idx":0},{"addr":140736917192506,"idx":1},{"addr":140736917191278,"idx":2},{"addr":140736917190209,"idx":3},{"addr":140736916798526,"idx":4},{"addr":140736916790798,"idx":5},{"addr":140736917191656,"idx":6},{"addr":140736917210764,"idx":7},{"addr":140736917201516,"idx":8},{"addr":140736917258922,"idx":9},{"addr":140736917255216,"idx":10},{"addr":140736917350945,"idx":11},{"addr":140736897083607,"idx":12},{"addr":140736916996940,"idx":13}],,,,,,,,,19464,,,,,,,,,,,,,,,,,,,,,,,,,,,,,,,,,,,,916019586,140736897744896,140736897744896,1774113,1703936,,,,,,,,,,,,,,,,,,,,,,,,,,,,,,,,,,,,,,,,,,,,,,,,,,,,,,,,,,,,,,,,,,,,,,,
"2025-09-02 15:13:22.4387796Z","ETW","Microsoft-Windows-Kernel-Process",5,"ImageLoadInfo ",19464,20256,"CalculatorApp.exe",,,,"C:\Windows\System32\WinTypes.dll",,,,,,,,,,,,[{"addr":140736918203828,"idx":0},{"addr":140736917192506,"idx":1},{"addr":140736917191278,"idx":2},{"addr":140736917190209,"idx":3},{"addr":140736916798526,"idx":4},{"addr":140736916790798,"idx":5},{"addr":140736917191656,"idx":6},{"addr":140736917210764,"idx":7},{"addr":140736917201516,"idx":8},{"addr":140736917258922,"idx":9},{"addr":140736916999751,"idx":10},{"addr":140736917165517,"idx":11},{"addr":140736917158036,"idx":12},{"addr":140736917157502,"idx":13},{"addr":140736916971470,"idx":14}],,,,,,,,,19464,,,,,,,,,,,,,,,,,,,,,,,,,,,,,,,,,,,,3655579039,140736870350848,140736870350848,1545528,1519616,,,,,,,,,,,,,,,,,,,,,,,,,,,,,,,,,,,,,,,,,,,,,,,,,,,,,,,,,,,,,,,,,,,,,,,
"2025-09-02 15:13:22.4388590Z","ETW","Microsoft-Windows-Kernel-Process",5,"ImageLoadInfo ",19464,20688,"CalculatorApp.exe",,,,"C:\Windows\System32\msvcp_win.dll",,,,,,,,,,,,[{"addr":140736918203828,"idx":0},{"addr":140736917192506,"idx":1},{"addr":140736917191278,"idx":2},{"addr":140736917190209,"idx":3},{"addr":140736916798526,"idx":4},{"addr":140736916790798,"idx":5},{"addr":140736917191656,"idx":6},{"addr":140736917190209,"idx":7},{"addr":140736916798526,"idx":8},{"addr":140736916790798,"idx":9},{"addr":140736917191656,"idx":10},{"addr":140736917210764,"idx":11},{"addr":140736917201516,"idx":12},{"addr":140736917258922,"idx":13},{"addr":140736917255216,"idx":14},{"addr":140736917350945,"idx":15},{"addr":140736897083607,"idx":16},{"addr":140736916996940,"idx":17}],,,,,,,,,19464,,,,,,,,,,,,,,,,,,,,,,,,,,,,,,,,,,,,2240469762,140736868319232,140736868319232,703256,667648,,,,,,,,,,,,,,,,,,,,,,,,,,,,,,,,,,,,,,,,,,,,,,,,,,,,,,,,,,,,,,,,,,,,,,,
"2025-09-02 15:13:22.4390179Z","ETW","Microsoft-Windows-Kernel-Process",5,"ImageLoadInfo ",19464,20688,"CalculatorApp.exe",,,,"C:\Windows\System32\gdi32.dll",,,,,,,,,,,,[{"addr":140736918203828,"idx":0},{"addr":140736917192506,"idx":1},{"addr":140736917191278,"idx":2},{"addr":140736917190209,"idx":3},{"addr":140736916798526,"idx":4},{"addr":140736916790798,"idx":5},{"addr":140736917191656,"idx":6},{"addr":140736917190209,"idx":7},{"addr":140736916798526,"idx":8},{"addr":140736916790798,"idx":9},{"addr":140736917191656,"idx":10},{"addr":140736917210764,"idx":11},{"addr":140736917201516,"idx":12},{"addr":140736917258922,"idx":13},{"addr":140736917255216,"idx":14},{"addr":140736917350945,"idx":15},{"addr":140736897083607,"idx":16},{"addr":140736916996940,"idx":17}],,,,,,,,,19464,,,,,,,,,,,,,,,,,,,,,,,,,,,,,,,,,,,,226377214,140736902135808,140736902135808,213118,176128,,,,,,,,,,,,,,,,,,,,,,,,,,,,,,,,,,,,,,,,,,,,,,,,,,,,,,,,,,,,,,,,,,,,,,,
"2025-09-02 15:13:22.4391554Z","ETW","Microsoft-Windows-Kernel-Process",5,"ImageLoadInfo ",19464,20688,"CalculatorApp.exe",,,,"C:\Windows\System32\win32u.dll",,,,,,,,,,,,[{"addr":140736918203828,"idx":0},{"addr":140736917192506,"idx":1},{"addr":140736917191278,"idx":2},{"addr":140736917190209,"idx":3},{"addr":140736916798526,"idx":4},{"addr":140736916790798,"idx":5},{"addr":140736917191656,"idx":6},{"addr":140736917190209,"idx":7},{"addr":140736916798526,"idx":8},{"addr":140736916790798,"idx":9},{"addr":140736917191656,"idx":10},{"addr":140736917190209,"idx":11},{"addr":140736916798526,"idx":12},{"addr":140736916790798,"idx":13},{"addr":140736917191656,"idx":14},{"addr":140736917210764,"idx":15},{"addr":140736917201516,"idx":16},{"addr":140736917258922,"idx":17},{"addr":140736917255216,"idx":18},{"addr":140736917350945,"idx":19},{"addr":140736897083607,"idx":20},{"addr":140736916996940,"idx":21}],,,,,,,,,19464,,,,,,,,,,,,,,,,,,,,,,,,,,,,,,,,,,,,4080079730,140736876118016,140736876118016,179667,159744,,,,,,,,,,,,,,,,,,,,,,,,,,,,,,,,,,,,,,,,,,,,,,,,,,,,,,,,,,,,,,,,,,,,,,,
"2025-09-02 15:13:22.4392606Z","ETW","Microsoft-Windows-Kernel-Process",5,"ImageLoadInfo ",19464,20688,"CalculatorApp.exe",,,,"C:\Windows\System32\gdi32full.dll",,,,,,,,,,,,[{"addr":140736918203828,"idx":0},{"addr":140736917192506,"idx":1},{"addr":140736917191278,"idx":2},{"addr":140736917190209,"idx":3},{"addr":140736916798526,"idx":4},{"addr":140736916790798,"idx":5},{"addr":140736917191656,"idx":6},{"addr":140736917190209,"idx":7},{"addr":140736916798526,"idx":8},{"addr":140736916790798,"idx":9},{"addr":140736917191656,"idx":10},{"addr":140736917190209,"idx":11},{"addr":140736916798526,"idx":12},{"addr":140736916790798,"idx":13},{"addr":140736917191656,"idx":14},{"addr":140736917210764,"idx":15},{"addr":140736917201516,"idx":16},{"addr":140736917258922,"idx":17},{"addr":140736917255216,"idx":18},{"addr":140736917350945,"idx":19},{"addr":140736897083607,"idx":20},{"addr":140736916996940,"idx":21}],,,,,,,,,19464,,,,,,,,,,,,,,,,,,,,,,,,,,,,,,,,,,,,4226913238,140736869040128,140736869040128,1298614,1277952,,,,,,,,,,,,,,,,,,,,,,,,,,,,,,,,,,,,,,,,,,,,,,,,,,,,,,,,,,,,,,,,,,,,,,,
"2025-09-02 15:13:22.4393703Z","ETW","Microsoft-Windows-Kernel-Process",5,"ImageLoadInfo ",19464,20256,"CalculatorApp.exe",,,,"C:\Program Files\WindowsApps\Deleted\Microsoft.WindowsStore_22506.1401.10.0_x64__8wekyb3d8bbwe11435aa1-0395-40ee-ab69-86eacaf8896f\clrcompression.dll",,,,,,,,,,,,[{"addr":140736918203828,"idx":0},{"addr":140736917192506,"idx":1},{"addr":140736917191278,"idx":2},{"addr":140736917210764,"idx":3},{"addr":140736917201516,"idx":4},{"addr":140736917258922,"idx":5},{"addr":140736916999751,"idx":6},{"addr":140736917165517,"idx":7},{"addr":140736917158036,"idx":8},{"addr":140736917157502,"idx":9},{"addr":140736916971470,"idx":10}],,,,,,,,,19464,,,,,,,,,,,,,,,,,,,,,,,,,,,,,,,,,,,,1653667599,140734198120448,140734198120448,70610,77824,,,,,,,,,,,,,,,,,,,,,,,,,,,,,,,,,,,,,,,,,,,,,,,,,,,,,,,,,,,,,,,,,,,,,,,
"2025-09-02 15:13:22.4394001Z","ETW","Microsoft-Windows-Kernel-Process",5,"ImageLoadInfo ",19464,20688,"CalculatorApp.exe",,,,"C:\Windows\System32\user32.dll",,,,,,,,,,,,[{"addr":140736918203828,"idx":0},{"addr":140736917192506,"idx":1},{"addr":140736917191278,"idx":2},{"addr":140736917190209,"idx":3},{"addr":140736916798526,"idx":4},{"addr":140736916790798,"idx":5},{"addr":140736917191656,"idx":6},{"addr":140736917190209,"idx":7},{"addr":140736916798526,"idx":8},{"addr":140736916790798,"idx":9},{"addr":140736917191656,"idx":10},{"addr":140736917190209,"idx":11},{"addr":140736916798526,"idx":12},{"addr":140736916790798,"idx":13},{"addr":140736917191656,"idx":14},{"addr":140736917190209,"idx":15},{"addr":140736916798526,"idx":16},{"addr":140736916790798,"idx":17},{"addr":140736917191656,"idx":18},{"addr":140736917210764,"idx":19},{"addr":140736917201516,"idx":20},{"addr":140736917258922,"idx":21},{"addr":140736917255216,"idx":22},{"addr":140736917350945,"idx":23},{"addr":140736897083607,"idx":24},{"addr":140736916996940,"idx":25}],,,,,,,,,19464,,,,,,,,,,,,,,,,,,,,,,,,,,,,,,,,,,,,3594986103,140736914063360,140736914063360,1919723,1855488,,,,,,,,,,,,,,,,,,,,,,,,,,,,,,,,,,,,,,,,,,,,,,,,,,,,,,,,,,,,,,,,,,,,,,,
"2025-09-02 15:13:22.4394301Z","ETW","Microsoft-Windows-Kernel-Process",5,"ImageLoadInfo ",19464,19760,"CalculatorApp.exe",,,,"C:\Program Files\WindowsApps\Microsoft.VCLibs.140.00_14.0.33519.0_x64__8wekyb3d8bbwe\vcruntime140_app.dll",,,,,,,,,,,,[{"addr":140736918203828,"idx":0},{"addr":140736917192506,"idx":1},{"addr":140736917191278,"idx":2},{"addr":140736917210764,"idx":3},{"addr":140736917201516,"idx":4},{"addr":140736917258922,"idx":5},{"addr":140736917255216,"idx":6},{"addr":140736917350945,"idx":7},{"addr":140736897083607,"idx":8},{"addr":140736916996940,"idx":9}],,,,,,,,,19464,,,,,,,,,,,,,,,,,,,,,,,,,,,,,,,,,,,,1024347489,140736294879232,140736294879232,155734,118784,,,,,,,,,,,,,,,,,,,,,,,,,,,,,,,,,,,,,,,,,,,,,,,,,,,,,,,,,,,,,,,,,,,,,,,
"2025-09-02 15:13:22.4396206Z","ETW","Microsoft-Windows-Kernel-Process",5,"ImageLoadInfo ",19464,20688,"CalculatorApp.exe",,,,"C:\Windows\System32\advapi32.dll",,,,,,,,,,,,[{"addr":140736918203828,"idx":0},{"addr":140736917192506,"idx":1},{"addr":140736917191278,"idx":2},{"addr":140736917190209,"idx":3},{"addr":140736916798526,"idx":4},{"addr":140736916790798,"idx":5},{"addr":140736917191656,"idx":6},{"addr":140736917210764,"idx":7},{"addr":140736917201516,"idx":8},{"addr":140736917258922,"idx":9},{"addr":140736917255216,"idx":10},{"addr":140736917350945,"idx":11},{"addr":140736897083607,"idx":12},{"addr":140736916996940,"idx":13}],,,,,,,,,19464,,,,,,,,,,,,,,,,,,,,,,,,,,,,,,,,,,,,2886261828,140736895844352,140736895844352,804270,737280,,,,,,,,,,,,,,,,,,,,,,,,,,,,,,,,,,,,,,,,,,,,,,,,,,,,,,,,,,,,,,,,,,,,,,,
"2025-09-02 15:13:22.4397460Z","ETW","Microsoft-Windows-Kernel-Process",5,"ImageLoadInfo ",19464,20688,"CalculatorApp.exe",,,,"C:\Windows\System32\msvcrt.dll",,,,,,,,,,,,[{"addr":140736918203828,"idx":0},{"addr":140736917192506,"idx":1},{"addr":140736917191278,"idx":2},{"addr":140736917190209,"idx":3},{"addr":140736916798526,"idx":4},{"addr":140736916790798,"idx":5},{"addr":140736917191656,"idx":6},{"addr":140736917190209,"idx":7},{"addr":140736916798526,"idx":8},{"addr":140736916790798,"idx":9},{"addr":140736917191656,"idx":10},{"addr":140736917210764,"idx":11},{"addr":140736917201516,"idx":12},{"addr":140736917258922,"idx":13},{"addr":140736917255216,"idx":14},{"addr":140736917350945,"idx":15},{"addr":140736897083607,"idx":16},{"addr":140736916996940,"idx":17}],,,,,,,,,19464,,,,,,,,,,,,,,,,,,,,,,,,,,,,,,,,,,,,2634004398,140736913342464,140736913342464,729924,692224,,,,,,,,,,,,,,,,,,,,,,,,,,,,,,,,,,,,,,,,,,,,,,,,,,,,,,,,,,,,,,,,,,,,,,,
"2025-09-02 15:13:22.4398514Z","ETW","Microsoft-Windows-Kernel-Process",5,"ImageLoadInfo ",19464,20688,"CalculatorApp.exe",,,,"C:\Windows\System32\sechost.dll",,,,,,,,,,,,[{"addr":140736918203828,"idx":0},{"addr":140736917192506,"idx":1},{"addr":140736917191278,"idx":2},{"addr":140736917190209,"idx":3},{"addr":140736916798526,"idx":4},{"addr":140736916790798,"idx":5},{"addr":140736917191656,"idx":6},{"addr":140736917190209,"idx":7},{"addr":140736916798526,"idx":8},{"addr":140736916790798,"idx":9},{"addr":140736917191656,"idx":10},{"addr":140736917210764,"idx":11},{"addr":140736917201516,"idx":12},{"addr":140736917258922,"idx":13},{"addr":140736917255216,"idx":14},{"addr":140736917350945,"idx":15},{"addr":140736897083607,"idx":16},{"addr":140736916996940,"idx":17}],,,,,,,,,19464,,,,,,,,,,,,,,,,,,,,,,,,,,,,,,,,,,,,918957807,140736881033216,140736881033216,733904,679936,,,,,,,,,,,,,,,,,,,,,,,,,,,,,,,,,,,,,,,,,,,,,,,,,,,,,,,,,,,,,,,,,,,,,,,
"2025-09-02 15:13:22.4399513Z","ETW","Microsoft-Windows-Kernel-Process",5,"ImageLoadInfo ",19464,20688,"CalculatorApp.exe",,,,"C:\Windows\System32\oleaut32.dll",,,,,,,,,,,,[{"addr":140736918203828,"idx":0},{"addr":140736917192506,"idx":1},{"addr":140736917191278,"idx":2},{"addr":140736917190209,"idx":3},{"addr":140736916798526,"idx":4},{"addr":140736916790798,"idx":5},{"addr":140736917191656,"idx":6},{"addr":140736917210764,"idx":7},{"addr":140736917201516,"idx":8},{"addr":140736917258922,"idx":9},{"addr":140736917255216,"idx":10},{"addr":140736917350945,"idx":11},{"addr":140736897083607,"idx":12},{"addr":140736916996940,"idx":13}],,,,,,,,,19464,,,,,,,,,,,,,,,,,,,,,,,,,,,,,,,,,,,,2785821912,140736894861312,140736894861312,927709,917504,,,,,,,,,,,,,,,,,,,,,,,,,,,,,,,,,,,,,,,,,,,,,,,,,,,,,,,,,,,,,,,,,,,,,,,
"2025-09-02 15:13:22.4400830Z","ETW","Microsoft-Windows-Kernel-Process",5,"ImageLoadInfo ",19464,20688,"CalculatorApp.exe",,,,"C:\Windows\System32\normaliz.dll",,,,,,,,,,,,[{"addr":140736918203828,"idx":0},{"addr":140736917192506,"idx":1},{"addr":140736917191278,"idx":2},{"addr":140736917190209,"idx":3},{"addr":140736916798526,"idx":4},{"addr":140736916790798,"idx":5},{"addr":140736917191656,"idx":6},{"addr":140736917210764,"idx":7},{"addr":140736917201516,"idx":8},{"addr":140736917258922,"idx":9},{"addr":140736917255216,"idx":10},{"addr":140736917350945,"idx":11},{"addr":140736897083607,"idx":12},{"addr":140736916996940,"idx":13}],,,,,,,,,19464,,,,,,,,,,,,,,,,,,,,,,,,,,,,,,,,,,,,3139002400,140736891125760,140736891125760,48733,32768,,,,,,,,,,,,,,,,,,,,,,,,,,,,,,,,,,,,,,,,,,,,,,,,,,,,,,,,,,,,,,,,,,,,,,,
"2025-09-02 15:13:22.4401528Z","ETW","Microsoft-Windows-Kernel-Process",5,"ImageLoadInfo ",19464,20688,"CalculatorApp.exe",,,,"C:\Windows\System32\crypt32.dll",,,,,,,,,,,,[{"addr":140736918203828,"idx":0},{"addr":140736917192506,"idx":1},{"addr":140736917191278,"idx":2},{"addr":140736917190209,"idx":3},{"addr":140736916798526,"idx":4},{"addr":140736916790798,"idx":5},{"addr":140736917191656,"idx":6},{"addr":140736917210764,"idx":7},{"addr":140736917201516,"idx":8},{"addr":140736917258922,"idx":9},{"addr":140736917255216,"idx":10},{"addr":140736917350945,"idx":11},{"addr":140736897083607,"idx":12},{"addr":140736916996940,"idx":13}],,,,,,,,,19464,,,,,,,,,,,,,,,,,,,,,,,,,,,,,,,,,,,,787559986,140736879067136,140736879067136,1546966,1536000,,,,,,,,,,,,,,,,,,,,,,,,,,,,,,,,,,,,,,,,,,,,,,,,,,,,,,,,,,,,,,,,,,,,,,,
"2025-09-02 15:13:22.4404101Z","ETW","Microsoft-Windows-Kernel-Process",5,"ImageLoadInfo ",19464,12744,"CalculatorApp.exe",,,,"C:\Windows\System32\bcrypt.dll",,,,,,,,,,,,[{"addr":140736918203828,"idx":0},{"addr":140736917192506,"idx":1},{"addr":140736917191278,"idx":2},{"addr":140736917210764,"idx":3},{"addr":140736917201516,"idx":4},{"addr":140736917258922,"idx":5},{"addr":140736917255216,"idx":6},{"addr":140736917350945,"idx":7},{"addr":140736897083607,"idx":8},{"addr":140736916996940,"idx":9}],,,,,,,,,19464,,,,,,,,,,,,,,,,,,,,,,,,,,,,,,,,,,,,3023801214,140736866549760,140736866549760,216761,155648,,,,,,,,,,,,,,,,,,,,,,,,,,,,,,,,,,,,,,,,,,,,,,,,,,,,,,,,,,,,,,,,,,,,,,,
"2025-09-02 15:13:22.4408981Z","ETW","Microsoft-Windows-Kernel-Process",5,"ImageLoadInfo ",19464,19760,"CalculatorApp.exe",,,,"C:\Windows\System32\dpapi.dll",,,,,,,,,,,,[{"addr":140736918203828,"idx":0},{"addr":140736917192506,"idx":1},{"addr":140736917191278,"idx":2},{"addr":140736917210764,"idx":3},{"addr":140736917201516,"idx":4},{"addr":140736917258922,"idx":5},{"addr":140736917255216,"idx":6},{"addr":140736917350945,"idx":7},{"addr":140736897083607,"idx":8},{"addr":140736916996940,"idx":9}],,,,,,,,,19464,,,,,,,,,,,,,,,,,,,,,,,,,,,,,,,,,,,,2473566603,140736863469568,140736863469568,42814,40960,,,,,,,,,,,,,,,,,,,,,,,,,,,,,,,,,,,,,,,,,,,,,,,,,,,,,,,,,,,,,,,,,,,,,,,
"2025-09-02 15:13:22.4410947Z","ETW","Microsoft-Windows-Kernel-Audit-API-Calls",5,"Info ",8144,15816,"ApplicationFrameHost.exe",,,,,,,,,,,,,,,,[{"addr":140736918203764,"idx":0},{"addr":140736872731894,"idx":1},{"addr":140736717697306,"idx":2},{"addr":140736376314747,"idx":3},{"addr":140736376304284,"idx":4},{"addr":140736376669880,"idx":5},{"addr":140736376676455,"idx":6},{"addr":140736902703990,"idx":7},{"addr":140736902703274,"idx":8},{"addr":140736902700103,"idx":9},{"addr":140736897083607,"idx":10},{"addr":140736916996940,"idx":11}],,,,,,,,,,,,,,,,,,,4096,0,8144,,,,,,,,,,,,,,,,,,,,,,,,,,,,,,,,,,,,,,,,,,,,,,,,,,,,,,,,,,,,,,,,,,,,,,,,,,,,,,,,,,,,,,,,,,,,,,,,,,,
"2025-09-02 15:13:22.4416302Z","ETW","Microsoft-Windows-Kernel-Audit-API-Calls",5,"Info ",8144,15816,"ApplicationFrameHost.exe",,,,,,,,,,,,,,,,[{"addr":140736918203764,"idx":0},{"addr":140736872731894,"idx":1},{"addr":140736717697306,"idx":2},{"addr":140736376463684,"idx":3},{"addr":140736376669903,"idx":4},{"addr":140736376676455,"idx":5},{"addr":140736902703990,"idx":6},{"addr":140736902703274,"idx":7},{"addr":140736902700103,"idx":8},{"addr":140736897083607,"idx":9},{"addr":140736916996940,"idx":10}],,,,,,,,,,,,,,,,,,,4096,0,8144,,,,,,,,,,,,,,,,,,,,,,,,,,,,,,,,,,,,,,,,,,,,,,,,,,,,,,,,,,,,,,,,,,,,,,,,,,,,,,,,,,,,,,,,,,,,,,,,,,,
"2025-09-02 15:13:22.4417658Z","ETW","Microsoft-Windows-Kernel-Audit-API-Calls",6,"Info ",1912,8,"MsMpEng.exe",,,,,,,,,,,,,,,,[{"addr":140736918212548,"idx":0},{"addr":140736872857142,"idx":1},{"addr":140736738243895,"idx":2},{"addr":140736738242452,"idx":3},{"addr":140736657604428,"idx":4},{"addr":140736657598535,"idx":5},{"addr":140736657597146,"idx":6},{"addr":140736658259206,"idx":7},{"addr":140736657749938,"idx":8},{"addr":140736657909615,"idx":9},{"addr":140736658079503,"idx":10},{"addr":140736897083607,"idx":11},{"addr":140736916996940,"idx":12}],,,,,,,,,,,,,,,,,,,2097151,0,1912,8,,,,,,,,,,,,,,,,,,,,,,,,,,,,,,,,,,,,,,,,,,,,,,,,,,,,,,,,,,,,,,,,,,,,,,,,,,,,,,,,,,,,,,,,,,,,,,,,,,
"2025-09-02 15:13:22.4419455Z","ETW","Microsoft-Windows-Kernel-Process",5,"ImageLoadInfo ",19464,20256,"CalculatorApp.exe",,,,"C:\Windows\System32\mrt100.dll",,,,,,,,,,,,[{"addr":140736918203828,"idx":0},{"addr":140736917192506,"idx":1},{"addr":140736917191278,"idx":2},{"addr":140736917210764,"idx":3},{"addr":140736917201516,"idx":4},{"addr":140736917258922,"idx":5},{"addr":140736916785248,"idx":6},{"addr":140736916786774,"idx":7},{"addr":140736917021315,"idx":8},{"addr":140736917023197,"idx":9},{"addr":140733540338907,"idx":10},{"addr":140733540343249,"idx":11},{"addr":140733540086876,"idx":12},{"addr":140733540337125,"idx":13},{"addr":140733540088225,"idx":14},{"addr":140733540339948,"idx":15},{"addr":140736918195438,"idx":16},{"addr":140736917219838,"idx":17},{"addr":140736917215596,"idx":18},{"addr":140736916995194,"idx":19},{"addr":140736916995238,"idx":20},{"addr":140736916995238,"idx":21},{"addr":140736916995238,"idx":22},{"addr":140736917165788,"idx":23},{"addr":140736917158036,"idx":24},{"addr":140736917157502,"idx":25},{"addr":140736916971470,"idx":26}],,,,,,,,,19464,,,,,,,,,,,,,,,,,,,,,,,,,,,,,,,,,,,,1265422184,140736642678784,140736642678784,102582,40960,,,,,,,,,,,,,,,,,,,,,,,,,,,,,,,,,,,,,,,,,,,,,,,,,,,,,,,,,,,,,,,,,,,,,,,
"2025-09-02 15:13:22.4420412Z","ETW","Microsoft-Windows-Kernel-Audit-API-Calls",5,"Info ",8144,15816,"ApplicationFrameHost.exe",,,,,,,,,,,,,,,,[{"addr":140736918203764,"idx":0},{"addr":140736872731894,"idx":1},{"addr":140736717697306,"idx":2},{"addr":140736376302532,"idx":3},{"addr":140736376676349,"idx":4},{"addr":140736902703990,"idx":5},{"addr":140736902703274,"idx":6},{"addr":140736902700103,"idx":7},{"addr":140736897083607,"idx":8},{"addr":140736916996940,"idx":9}],,,,,,,,,,,,,,,,,,,4096,0,8144,,,,,,,,,,,,,,,,,,,,,,,,,,,,,,,,,,,,,,,,,,,,,,,,,,,,,,,,,,,,,,,,,,,,,,,,,,,,,,,,,,,,,,,,,,,,,,,,,,,
"2025-09-02 15:13:22.4420483Z","ETW","Microsoft-Antimalware-Engine",3,"Message Info ",1912,8,"MsMpEng.exe",,,"C:\Program Files\WindowsApps\Microsoft.WindowsCalculator_11.2502.2.0_neutral_split.scale-100_8wekyb3d8bbwe\Assets\CalculatorSplashScreen.scale-100_altform-colorful.png : CI bit is set, but level is too low. Level: 0",,,,,,,,,,,,,[],,,,,,,,,,,,,,,,,,,,,,,,,,,,,,,,,,,,,,,,,,,,,,,,,,,,,,,,,,,,,,,,,,,,,,,,,,,,,,,,,,,,,,,,,,,,,,,,,,,,,,,,,,,,,,,,,,,,,,,,
"2025-09-02 15:13:22.4423717Z","ETW","Microsoft-Windows-Kernel-Process",3,"ThreadStartStart ",19464,20256,"CalculatorApp.exe",,,,,,,,,,,,,,,,[{"addr":140736918214756,"idx":0},{"addr":140736917348769,"idx":1},{"addr":140736909368402,"idx":2},{"addr":140736909934810,"idx":3},{"addr":140736909933889,"idx":4},{"addr":140736909932542,"idx":5},{"addr":140736909926806,"idx":6},{"addr":140733540335463,"idx":7},{"addr":140733540191899,"idx":8},{"addr":140733540115754,"idx":9},{"addr":140733540094761,"idx":10},{"addr":140733540095246,"idx":11},{"addr":140733540088246,"idx":12},{"addr":140733540339948,"idx":13},{"addr":140736918195438,"idx":14},{"addr":140736917219838,"idx":15},{"addr":140736917215596,"idx":16},{"addr":140736916995194,"idx":17},{"addr":140736916995238,"idx":18},{"addr":140736916995238,"idx":19},{"addr":140736916995238,"idx":20},{"addr":140736917165788,"idx":21},{"addr":140736917158036,"idx":22},{"addr":140736917157502,"idx":23},{"addr":140736916971470,"idx":24}],,,,,,,,,19464,18446639081574805504,18446639081574780928,140736917348896,0,926182412288,14900,926188306432,926188302336,140736917348896,,,,,,,,,,,,,,,,,,,,,,,,,,,,,,,,,,,,,,,,,,,,,,,,,,,,,,,,,,,,,,,,,,,,,,,,,,,,,,,,,,,,,,,,,,,,,,,,,,,,,,
"2025-09-02 15:13:22.4426569Z","ETW","Microsoft-Windows-Kernel-Process",5,"ImageLoadInfo ",19464,20256,"CalculatorApp.exe",,,,"C:\Windows\System32\kernel.appcore.dll",,,,,,,,,,,,[{"addr":140736918203828,"idx":0},{"addr":140736917192506,"idx":1},{"addr":140736917191278,"idx":2},{"addr":140736917210764,"idx":3},{"addr":140736917202269,"idx":4},{"addr":140736917259140,"idx":5},{"addr":140736916785248,"idx":6},{"addr":140736916786774,"idx":7},{"addr":140736917021315,"idx":8},{"addr":140736917023197,"idx":9},{"addr":140736910389554,"idx":10},{"addr":140736910690375,"idx":11},{"addr":140736910448320,"idx":12},{"addr":140736916975221,"idx":13},{"addr":140736872573249,"idx":14},{"addr":140736910291875,"idx":15},{"addr":140736910291808,"idx":16},{"addr":140736909934810,"idx":17},{"addr":140736909933889,"idx":18},{"addr":140736909932542,"idx":19},{"addr":140736909926806,"idx":20},{"addr":140733540335463,"idx":21},{"addr":140733540191899,"idx":22},{"addr":140733540115754,"idx":23},{"addr":140733540094761,"idx":24},{"addr":140733540095246,"idx":25},{"addr":140733540088246,"idx":26},{"addr":140733540339948,"idx":27},{"addr":140736918195438,"idx":28},{"addr":140736917219838,"idx":29},{"addr":140736917215596,"idx":30},{"addr":140736916995194,"idx":31},{"addr":140736916995238,"idx":32},{"addr":140736916995238,"idx":33},{"addr":140736916995238,"idx":34},{"addr":140736917165788,"idx":35},{"addr":140736917158036,"idx":36},{"addr":140736917157502,"idx":37},{"addr":140736916971470,"idx":38}],,,,,,,,,19464,,,,,,,,,,,,,,,,,,,,,,,,,,,,,,,,,,,,4117383687,140736848265216,140736848265216,158572,110592,,,,,,,,,,,,,,,,,,,,,,,,,,,,,,,,,,,,,,,,,,,,,,,,,,,,,,,,,,,,,,,,,,,,,,,
"2025-09-02 15:13:22.4429678Z","ETW","Microsoft-Windows-Kernel-Process",5,"ImageLoadInfo ",19464,20256,"CalculatorApp.exe",,,,"C:\Windows\System32\bcryptprimitives.dll",,,,,,,,,,,,[{"addr":140736918203828,"idx":0},{"addr":140736917192506,"idx":1},{"addr":140736917191278,"idx":2},{"addr":140736917190209,"idx":3},{"addr":140736916804181,"idx":4},{"addr":140736916785218,"idx":5},{"addr":140736916786774,"idx":6},{"addr":140736917021315,"idx":7},{"addr":140736917023197,"idx":8},{"addr":140736882386290,"idx":9},{"addr":140736882460095,"idx":10},{"addr":140736881997317,"idx":11},{"addr":140736909937766,"idx":12},{"addr":140736909936267,"idx":13},{"addr":140736909935376,"idx":14},{"addr":140736909934840,"idx":15},{"addr":140736909933889,"idx":16},{"addr":140736909932542,"idx":17},{"addr":140736909926806,"idx":18},{"addr":140733540335463,"idx":19},{"addr":140733540191899,"idx":20},{"addr":140733540115754,"idx":21},{"addr":140733540094761,"idx":22},{"addr":140733540095246,"idx":23},{"addr":140733540088246,"idx":24},{"addr":140733540339948,"idx":25},{"addr":140736918195438,"idx":26},{"addr":140736917219838,"idx":27},{"addr":140736917215596,"idx":28},{"addr":140736916995194,"idx":29},{"addr":140736916995238,"idx":30},{"addr":140736916995238,"idx":31},{"addr":140736916995238,"idx":32},{"addr":140736917165788,"idx":33},{"addr":140736917158036,"idx":34},{"addr":140736917157502,"idx":35},{"addr":140736916971470,"idx":36}],,,,,,,,,19464,,,,,,,,,,,,,,,,,,,,,,,,,,,,,,,,,,,,3318233078,140736867663872,140736867663872,705120,626688,,,,,,,,,,,,,,,,,,,,,,,,,,,,,,,,,,,,,,,,,,,,,,,,,,,,,,,,,,,,,,,,,,,,,,,
"2025-09-02 15:13:22.4433474Z","ETW","Microsoft-Antimalware-Engine",3,"Message Info ",1912,11468,"MsMpEng.exe",,,"Lua IsKnownFriendly(c:\program files\windowsapps\microsoft.windowscalculator_11.2502.2.0_x64__8wekyb3d8bbwe\calculatorapp.dll, UseCache: true, fSlowChecks: false) = true from 0x001822bdce6ab208",,,,,,,,,,,,,[],,,,,,,,,,,,,,,,,,,,,,,,,,,,,,,,,,,,,,,,,,,,,,,,,,,,,,,,,,,,,,,,,,,,,,,,,,,,,,,,,,,,,,,,,,,,,,,,,,,,,,,,,,,,,,,,,,,,,,,,
"2025-09-02 15:13:22.4433539Z","ETW","Microsoft-Antimalware-Engine",59,"Message Info ",1912,11468,"MsMpEng.exe",,,,,,0,"Behavior:Win32/SuspDllSideLoaded.B","0x1A5B3D8FF6402","84db5fe770e0d0198f480427d1ce9babd9f03e0e",,,,,,,[],,,,,,,,,,,,,,,,,,,,,,,,,,,,,,,,,,,,,,,,,,,,,,,,,,,,,,,,,,,,,,,,,,,,,,,,,,,,,,,,,,,,,,,,,,,,,,,,,,,,,,,,,,,,,,,,,,,,,,,,
"2025-09-02 15:13:22.4437304Z","ETW","Microsoft-Windows-Kernel-Process",5,"ImageLoadInfo ",19464,20256,"CalculatorApp.exe",,,,"C:\Windows\System32\rmclient.dll",,,,,,,,,,,,[{"addr":140736918203828,"idx":0},{"addr":140736917192506,"idx":1},{"addr":140736917191278,"idx":2},{"addr":140736917210764,"idx":3},{"addr":140736917202269,"idx":4},{"addr":140736917259140,"idx":5},{"addr":140736916785248,"idx":6},{"addr":140736916784352,"idx":7},{"addr":140736917101952,"idx":8},{"addr":140736872000198,"idx":9},{"addr":140736909363845,"idx":10},{"addr":140736909362547,"idx":11},{"addr":140736909531736,"idx":12},{"addr":140736909524833,"idx":13},{"addr":140736909523551,"idx":14},{"addr":140733540335549,"idx":15},{"addr":140733540191899,"idx":16},{"addr":140733540115754,"idx":17},{"addr":140733540094761,"idx":18},{"addr":140733540095246,"idx":19},{"addr":140733540088246,"idx":20},{"addr":140733540339948,"idx":21},{"addr":140736918195438,"idx":22},{"addr":140736917219838,"idx":23},{"addr":140736917215596,"idx":24},{"addr":140736916995194,"idx":25},{"addr":140736916995238,"idx":26},{"addr":140736916995238,"idx":27},{"addr":140736916995238,"idx":28},{"addr":140736917165788,"idx":29},{"addr":140736917158036,"idx":30},{"addr":140736917157502,"idx":31},{"addr":140736916971470,"idx":32}],,,,,,,,,19464,,,,,,,,,,,,,,,,,,,,,,,,,,,,,,,,,,,,3900896147,140736825524224,140736825524224,254612,221184,,,,,,,,,,,,,,,,,,,,,,,,,,,,,,,,,,,,,,,,,,,,,,,,,,,,,,,,,,,,,,,,,,,,,,,
"2025-09-02 15:13:22.4440206Z","ETW","Microsoft-Windows-Kernel-Process",3,"ThreadStartStart ",19464,20256,"CalculatorApp.exe",,,,,,,,,,,,,,,,[{"addr":140736918208964,"idx":0},{"addr":140736872776761,"idx":1},{"addr":140736897102141,"idx":2},{"addr":140736642689885,"idx":3},{"addr":140736642688904,"idx":4},{"addr":140733540338000,"idx":5},{"addr":140733540123131,"idx":6},{"addr":140733540123073,"idx":7},{"addr":140733540115767,"idx":8},{"addr":140733540094761,"idx":9},{"addr":140733540095246,"idx":10},{"addr":140733540088246,"idx":11},{"addr":140733540339948,"idx":12},{"addr":140736918195438,"idx":13},{"addr":140736917219838,"idx":14},{"addr":140736917215596,"idx":15},{"addr":140736916995194,"idx":16},{"addr":140736916995238,"idx":17},{"addr":140736916995238,"idx":18},{"addr":140736916995238,"idx":19},{"addr":140736917165788,"idx":20},{"addr":140736917158036,"idx":21},{"addr":140736917157502,"idx":22},{"addr":140736916971470,"idx":23}],,,,,,,,,19464,18446639081575526400,18446639081575501824,140733540122928,0,926182420480,12256,926189355008,926189350912,140733540122928,,,,,,,,,,,,,,,,,,,,,,,,,,,,,,,,,,,,,,,,,,,,,,,,,,,,,,,,,,,,,,,,,,,,,,,,,,,,,,,,,,,,,,,,,,,,,,,,,,,,,,
"2025-09-02 15:13:22.4444285Z","ETW","Microsoft-Windows-Kernel-Process",5,"ImageLoadInfo ",19464,20256,"CalculatorApp.exe",,,,"C:\Windows\System32\imm32.dll",,,,,,,,,,,,[{"addr":140736918203828,"idx":0},{"addr":140736917192506,"idx":1},{"addr":140736917191278,"idx":2},{"addr":140736917190209,"idx":3},{"addr":140736916804181,"idx":4},{"addr":140736916785218,"idx":5},{"addr":140736916784352,"idx":6},{"addr":140736917101952,"idx":7},{"addr":140736872000198,"idx":8},{"addr":140736914283356,"idx":9},{"addr":140736914516183,"idx":10},{"addr":140736918195438,"idx":11},{"addr":140736917219838,"idx":12},{"addr":140736917215596,"idx":13},{"addr":140736916995194,"idx":14},{"addr":140736916995238,"idx":15},{"addr":140736916995238,"idx":16},{"addr":140736916995238,"idx":17},{"addr":140736916995238,"idx":18},{"addr":140736917165788,"idx":19},{"addr":140736917158036,"idx":20},{"addr":140736917157502,"idx":21},{"addr":140736916971470,"idx":22}],,,,,,,,,19464,,,,,,,,,,,,,,,,,,,,,,,,,,,,,,,,,,,,2763417762,140736896630784,140736896630784,237947,192512,,,,,,,,,,,,,,,,,,,,,,,,,,,,,,,,,,,,,,,,,,,,,,,,,,,,,,,,,,,,,,,,,,,,,,,
"2025-09-02 15:13:22.4473484Z","ETW","Microsoft-Antimalware-Engine",59,"Message Info ",1912,11468,"MsMpEng.exe",,,,,,0,"Behavior:Win32/SuspDllSideLoaded.B","0x1A5B3D8FF6402","84db5fe770e0d0198f480427d1ce9babd9f03e0e",,,,,,,[],,,,,,,,,,,,,,,,,,,,,,,,,,,,,,,,,,,,,,,,,,,,,,,,,,,,,,,,,,,,,,,,,,,,,,,,,,,,,,,,,,,,,,,,,,,,,,,,,,,,,,,,,,,,,,,,,,,,,,,,
"2025-09-02 15:13:22.4488928Z","ETW","Microsoft-Antimalware-Engine",59,"Message Info ",1912,11468,"MsMpEng.exe",,,,,,0,"Behavior:Win32/SuspDllSideLoaded.B","0x1A5B3D8FF6402","84db5fe770e0d0198f480427d1ce9babd9f03e0e",,,,,,,[],,,,,,,,,,,,,,,,,,,,,,,,,,,,,,,,,,,,,,,,,,,,,,,,,,,,,,,,,,,,,,,,,,,,,,,,,,,,,,,,,,,,,,,,,,,,,,,,,,,,,,,,,,,,,,,,,,,,,,,,
"2025-09-02 15:13:22.4492600Z","ETW","Microsoft-Windows-Kernel-Process",5,"ImageLoadInfo ",19464,20256,"CalculatorApp.exe",,,,"C:\Windows\System32\twinapi.appcore.dll",,,,,,,,,,,,[{"addr":140736918203828,"idx":0},{"addr":140736917192506,"idx":1},{"addr":140736917191278,"idx":2},{"addr":140736917210764,"idx":3},{"addr":140736917202269,"idx":4},{"addr":140736917259140,"idx":5},{"addr":140736916785248,"idx":6},{"addr":140736916786774,"idx":7},{"addr":140736917021315,"idx":8},{"addr":140736917023197,"idx":9},{"addr":140736910389554,"idx":10},{"addr":140736910691049,"idx":11},{"addr":140736910439354,"idx":12},{"addr":140736910783424,"idx":13},{"addr":140736909282326,"idx":14},{"addr":140736909764306,"idx":15},{"addr":140736910409773,"idx":16},{"addr":140736909471844,"idx":17},{"addr":140736909678884,"idx":18},{"addr":140736909678529,"idx":19},{"addr":140736910311225,"idx":20},{"addr":140733400400956,"idx":21},{"addr":140733400389700,"idx":22},{"addr":140733400389505,"idx":23},{"addr":140733400389391,"idx":24},{"addr":140733401756433,"idx":25},{"addr":140733401959797,"idx":26},{"addr":140733856288938,"idx":27},{"addr":140733856317152,"idx":28},{"addr":140733856317197,"idx":29},{"addr":140736897083607,"idx":30},{"addr":140736916996940,"idx":31}],,,,,,,,,19464,,,,,,,,,,,,,,,,,,,,,,,,,,,,,,,,,,,,2889134449,140736717651968,140736717651968,2408796,2326528,,,,,,,,,,,,,,,,,,,,,,,,,,,,,,,,,,,,,,,,,,,,,,,,,,,,,,,,,,,,,,,,,,,,,,,
"2025-09-02 15:13:22.4499414Z","ETW","Microsoft-Windows-Kernel-Audit-API-Calls",5,"Info ",528,11704,"svchost.exe",,,,,,,,,,,,,,,,[{"addr":140736918206916,"idx":0},{"addr":140736882337646,"idx":1},{"addr":140736828016142,"idx":2},{"addr":140736828015780,"idx":3},{"addr":140736882620003,"idx":4},{"addr":140736882628366,"idx":5},{"addr":140736882319852,"idx":6},{"addr":140736882311415,"idx":7},{"addr":140736882088628,"idx":8},{"addr":140736882092744,"idx":9},{"addr":140736882015316,"idx":10},{"addr":140736882081820,"idx":11},{"addr":140736882106396,"idx":12},{"addr":140736882102691,"idx":13},{"addr":140736882098504,"idx":14},{"addr":140736917358174,"idx":15},{"addr":140736917350275,"idx":16},{"addr":140736897083607,"idx":17},{"addr":140736916996940,"idx":18}],,,,,,,,,,,,,,,,,,,1052672,0,19464,,,,,,,,,,,,,,,,,,,,,,,,,,,,,,,,,,,,,,,,,,,,,,,,,,,,,,,,,,,,,,,,,,,,,,,,,,,,,,,,,,,,,,,,,,,,,,,,,,,
"2025-09-02 15:13:22.4502291Z","ETW","Microsoft-Windows-Kernel-Audit-API-Calls",5,"Info ",528,11704,"svchost.exe",,,,,,,,,,,,,,,,[{"addr":140736918203764,"idx":0},{"addr":140736872731894,"idx":1},{"addr":140736829045620,"idx":2},{"addr":140736829045555,"idx":3},{"addr":140736882620003,"idx":4},{"addr":140736881849533,"idx":5},{"addr":140736881848122,"idx":6},{"addr":140736882311415,"idx":7},{"addr":140736882088628,"idx":8},{"addr":140736882092744,"idx":9},{"addr":140736882015316,"idx":10},{"addr":140736882081820,"idx":11},{"addr":140736882106396,"idx":12},{"addr":140736882102691,"idx":13},{"addr":140736882098504,"idx":14},{"addr":140736917358174,"idx":15},{"addr":140736917350275,"idx":16},{"addr":140736897083607,"idx":17},{"addr":140736916996940,"idx":18}],,,,,,,,,,,,,,,,,,,4096,0,19464,,,,,,,,,,,,,,,,,,,,,,,,,,,,,,,,,,,,,,,,,,,,,,,,,,,,,,,,,,,,,,,,,,,,,,,,,,,,,,,,,,,,,,,,,,,,,,,,,,,
"2025-09-02 15:13:22.4502517Z","ETW","Microsoft-Windows-Kernel-Audit-API-Calls",5,"Info ",944,10020,"svchost.exe",,,,,,,,,,,,,,,,[{"addr":140736918206916,"idx":0},{"addr":140736882337646,"idx":1},{"addr":140736828644345,"idx":2},{"addr":140736828636082,"idx":3},{"addr":140736882620003,"idx":4},{"addr":140736881849533,"idx":5},{"addr":140736881848122,"idx":6},{"addr":140736882311415,"idx":7},{"addr":140736882088628,"idx":8},{"addr":140736882092744,"idx":9},{"addr":140736882015316,"idx":10},{"addr":140736882081820,"idx":11},{"addr":140736882106396,"idx":12},{"addr":140736882102691,"idx":13},{"addr":140736882098504,"idx":14},{"addr":140736917358174,"idx":15},{"addr":140736917350275,"idx":16},{"addr":140736897083607,"idx":17},{"addr":140736916996940,"idx":18}],,,,,,,,,,,,,,,,,,,1048576,0,19464,,,,,,,,,,,,,,,,,,,,,,,,,,,,,,,,,,,,,,,,,,,,,,,,,,,,,,,,,,,,,,,,,,,,,,,,,,,,,,,,,,,,,,,,,,,,,,,,,,,
"2025-09-02 15:13:22.4506837Z","ETW","Microsoft-Windows-Kernel-Process",5,"ImageLoadInfo ",7940,5512,"WerFault.exe",,,,"C:\Windows\System32\kernel.appcore.dll",,,,,,,,,,,,[{"addr":140736918203828,"idx":0},{"addr":140736917192506,"idx":1},{"addr":140736917191278,"idx":2},{"addr":140736917210764,"idx":3},{"addr":140736917202269,"idx":4},{"addr":140736917259140,"idx":5},{"addr":140736916785248,"idx":6},{"addr":140736916784352,"idx":7},{"addr":140736917101952,"idx":8},{"addr":140736872000198,"idx":9},{"addr":140736876798501,"idx":10},{"addr":140736876397115,"idx":11},{"addr":140736876860733,"idx":12},{"addr":140736876970054,"idx":13},{"addr":140736876844501,"idx":14},{"addr":140702874543170,"idx":15},{"addr":140736897083607,"idx":16},{"addr":140736916996940,"idx":17}],,,,,,,,,7940,,,,,,,,,,,,,,,,,,,,,,,,,,,,,,,,,,,,4117383687,140736848265216,140736848265216,158572,110592,,,,,,,,,,,,,,,,,,,,,,,,,,,,,,,,,,,,,,,,,,,,,,,,,,,,,,,,,,,,,,,,,,,,,,,
"2025-09-02 15:13:22.4508940Z","ETW","Microsoft-Windows-Kernel-Process",4,"ThreadStopStop ",7940,19380,"WerFault.exe",,,,,,,,,,,,,,,,[],,,,,,,,4970020,7940,18446639081574604800,18446639081574580224,140736917348896,0,354157395968,19380,354160214016,354160205824,140736917348896,,,,,,,,,,,,,,,,,,,,,,,,,,,,,,,,,,,,,,,,,,,,,,,,,,,,,,,,,,,,,,,,,,,,,,,,,,,,,,,,,,,,,,,,,,,,,,,,,,,,,,
"2025-09-02 15:13:22.4509935Z","ETW","Microsoft-Windows-Kernel-Process",3,"ThreadStartStart ",19464,20256,"CalculatorApp.exe",,,,,,,,,,,,,,,,[{"addr":140736918208964,"idx":0},{"addr":140736872776761,"idx":1},{"addr":140736897102141,"idx":2},{"addr":140736909291405,"idx":3},{"addr":140736909289761,"idx":4},{"addr":140736909471518,"idx":5},{"addr":140736909472222,"idx":6},{"addr":140736909469257,"idx":7},{"addr":140736909469042,"idx":8},{"addr":140736909468649,"idx":9},{"addr":140736909472335,"idx":10},{"addr":140736909678884,"idx":11},{"addr":140736909678529,"idx":12},{"addr":140736910311225,"idx":13},{"addr":140733400400956,"idx":14},{"addr":140733400389700,"idx":15},{"addr":140733400389505,"idx":16},{"addr":140733400389391,"idx":17},{"addr":140733401756433,"idx":18},{"addr":140733401959797,"idx":19},{"addr":140733856288938,"idx":20},{"addr":140733856317152,"idx":21},{"addr":140733856317197,"idx":22},{"addr":140736897083607,"idx":23},{"addr":140736916996940,"idx":24}],,,,,,,,,19464,18446639081574604800,18446639081574580224,140736910320112,0,926182428672,19872,926190403584,926190395392,140736910320112,,,,,,,,,,,,,,,,,,,,,,,,,,,,,,,,,,,,,,,,,,,,,,,,,,,,,,,,,,,,,,,,,,,,,,,,,,,,,,,,,,,,,,,,,,,,,,,,,,,,,,
"2025-09-02 15:13:22.4511854Z","ETW","Microsoft-Antimalware-Engine",59,"Message Info ",1912,11468,"MsMpEng.exe",,,,,,0,"Behavior:Win32/SuspDllSideLoaded.B","0x1A5B3D8FF6402","84db5fe770e0d0198f480427d1ce9babd9f03e0e",,,,,,,[],,,,,,,,,,,,,,,,,,,,,,,,,,,,,,,,,,,,,,,,,,,,,,,,,,,,,,,,,,,,,,,,,,,,,,,,,,,,,,,,,,,,,,,,,,,,,,,,,,,,,,,,,,,,,,,,,,,,,,,,
"2025-09-02 15:13:22.4512990Z","ETW","Microsoft-Windows-Kernel-Process",3,"ThreadStartStart ",19464,14900,"CalculatorApp.exe",,,,,,,,,,,,,,,,[{"addr":140736918216388,"idx":0},{"addr":140736917669762,"idx":1},{"addr":140736882108009,"idx":2},{"addr":140736882120022,"idx":3},{"addr":140736882104053,"idx":4},{"addr":140736882098504,"idx":5},{"addr":140736917358174,"idx":6},{"addr":140736917350275,"idx":7},{"addr":140736897083607,"idx":8},{"addr":140736916996940,"idx":9}],,,,,,,,,19464,18446639081575149568,18446639081575124992,140736917348896,0,926182436864,11200,926191452160,926191448064,140736917348896,,,,,,,,,,,,,,,,,,,,,,,,,,,,,,,,,,,,,,,,,,,,,,,,,,,,,,,,,,,,,,,,,,,,,,,,,,,,,,,,,,,,,,,,,,,,,,,,,,,,,,
"2025-09-02 15:13:22.4513852Z","ETW","Microsoft-Windows-Kernel-Process",4,"ThreadStopStop ",7940,5512,"WerFault.exe",,,,,,,,,,,,,,,,[],,,,,,,,111466160,7940,18446639081573629952,18446639081573605376,140702874543200,0,354157371392,5512,354156281856,354156240896,140702874543200,,,,,,,,,,,,,,,,,,,,,,,,,,,,,,,,,,,,,,,,,,,,,,,,,,,,,,,,,,,,,,,,,,,,,,,,,,,,,,,,,,,,,,,,,,,,,,,,,,,,,,
"2025-09-02 15:13:22.4517277Z","ETW","Microsoft-Windows-Kernel-Process",5,"ImageLoadInfo ",19464,20256,"CalculatorApp.exe",,,,"C:\Windows\System32\Windows.UI.Xaml.dll",,,,,,,,,,,,[{"addr":140736918203828,"idx":0},{"addr":140736917192506,"idx":1},{"addr":140736917191278,"idx":2},{"addr":140736917210764,"idx":3},{"addr":140736917202269,"idx":4},{"addr":140736917259140,"idx":5},{"addr":140736916785248,"idx":6},{"addr":140736916784352,"idx":7},{"addr":140736917101952,"idx":8},{"addr":140736872000198,"idx":9},{"addr":140736909363845,"idx":10},{"addr":140736909362547,"idx":11},{"addr":140736909531736,"idx":12},{"addr":140736909524833,"idx":13},{"addr":140736909523551,"idx":14},{"addr":140733401757042,"idx":15},{"addr":140733401756635,"idx":16},{"addr":140733401756493,"idx":17},{"addr":140733401959797,"idx":18},{"addr":140733856288938,"idx":19},{"addr":140733856317152,"idx":20},{"addr":140733856317197,"idx":21},{"addr":140736897083607,"idx":22},{"addr":140736916996940,"idx":23}],,,,,,,,,19464,,,,,,,,,,,,,,,,,,,,,,,,,,,,,,,,,,,,1131723279,140736674791424,140736674791424,17910789,17891328,,,,,,,,,,,,,,,,,,,,,,,,,,,,,,,,,,,,,,,,,,,,,,,,,,,,,,,,,,,,,,,,,,,,,,,
"2025-09-02 15:13:22.4522655Z","ETW","Microsoft-Windows-Kernel-Process",4,"ThreadStopStop ",7940,17180,"WerFault.exe",,,,,,,,,,,,,,,,[],,,,,,,,7413420,7940,18446639081574432768,18446639081574408192,140736917348896,0,354157387776,17180,354159689728,354159681536,140736917348896,,,,,,,,,,,,,,,,,,,,,,,,,,,,,,,,,,,,,,,,,,,,,,,,,,,,,,,,,,,,,,,,,,,,,,,,,,,,,,,,,,,,,,,,,,,,,,,,,,,,,,
"2025-09-02 15:13:22.4522868Z","ETW","Microsoft-Windows-Kernel-Process",4,"ThreadStopStop ",7940,19488,"WerFault.exe",,,,,,,,,,,,,,,,[],,,,,,,,7658900,7940,18446639081574404096,18446639081574379520,140736917348896,0,354157379584,19488,354159165440,354159157248,140736917348896,,,,,,,,,,,,,,,,,,,,,,,,,,,,,,,,,,,,,,,,,,,,,,,,,,,,,,,,,,,,,,,,,,,,,,,,,,,,,,,,,,,,,,,,,,,,,,,,,,,,,,
"2025-09-02 15:13:22.4524285Z","ETW","Microsoft-Windows-Kernel-Process",6,"ImageUnloadInfo ",7940,19488,"WerFault.exe",,,,"C:\Windows\System32\WerFault.exe",,,,,,,,,,,,[],,,,,,,,,7940,,,,,,,,,,,,,,,,,,,,,,,,,,,,,,,,,,,,3409185830,140702874533888,140702874533888,703605,655360,,,,,,,,,,,,,,,,,,,,,,,,,,,,,,,,,,,,,,,,,,,,,,,,,,,,,,,,,,,,,,,,,,,,,,,
"2025-09-02 15:13:22.4525011Z","ETW","Microsoft-Windows-Kernel-Process",6,"ImageUnloadInfo ",7940,19488,"WerFault.exe",,,,"C:\Windows\System32\Faultrep.dll",,,,,,,,,,,,[],,,,,,,,,7940,,,,,,,,,,,,,,,,,,,,,,,,,,,,,,,,,,,,2440977292,140733981261824,140733981261824,551544,540672,,,,,,,,,,,,,,,,,,,,,,,,,,,,,,,,,,,,,,,,,,,,,,,,,,,,,,,,,,,,,,,,,,,,,,,
"2025-09-02 15:13:22.4525256Z","ETW","Microsoft-Windows-Kernel-Process",6,"ImageUnloadInfo ",7940,19488,"WerFault.exe",,,,"C:\Windows\System32\dbgcore.dll",,,,,,,,,,,,[],,,,,,,,,7940,,,,,,,,,,,,,,,,,,,,,,,,,,,,,,,,,,,,280716678,140735244730368,140735244730368,298864,274432,,,,,,,,,,,,,,,,,,,,,,,,,,,,,,,,,,,,,,,,,,,,,,,,,,,,,,,,,,,,,,,,,,,,,,,
"2025-09-02 15:13:22.4525384Z","ETW","Microsoft-Windows-Kernel-Process",6,"ImageUnloadInfo ",7940,19488,"WerFault.exe",,,,"C:\Windows\System32\dbghelp.dll",,,,,,,,,,,,[],,,,,,,,,7940,,,,,,,,,,,,,,,,,,,,,,,,,,,,,,,,,,,,3489723753,140735965233152,140735965233152,2305535,2363392,,,,,,,,,,,,,,,,,,,,,,,,,,,,,,,,,,,,,,,,,,,,,,,,,,,,,,,,,,,,,,,,,,,,,,,
"2025-09-02 15:13:22.4525422Z","ETW","Microsoft-Windows-Kernel-Process",6,"ImageUnloadInfo ",7940,19488,"WerFault.exe",,,,"C:\Windows\WinSxS\amd64_microsoft.windows.common-controls_6595b64144ccf1df_6.0.26100.4768_none_3e0c112ce331287c\comctl32.dll",,,,,,,,,,,,[],,,,,,,,,7940,,,,,,,,,,,,,,,,,,,,,,,,,,,,,,,,,,,,688105963,140736430997504,140736430997504,2751895,2727936,,,,,,,,,,,,,,,,,,,,,,,,,,,,,,,,,,,,,,,,,,,,,,,,,,,,,,,,,,,,,,,,,,,,,,,
"2025-09-02 15:13:22.4526487Z","ETW","Microsoft-Windows-Kernel-Process",6,"ImageUnloadInfo ",7940,19488,"WerFault.exe",,,,"C:\Windows\System32\CorePrivacySettingsStore.dll",,,,,,,,,,,,[],,,,,,,,,7940,,,,,,,,,,,,,,,,,,,,,,,,,,,,,,,,,,,,2978004593,140736557481984,140736557481984,263379,196608,,,,,,,,,,,,,,,,,,,,,,,,,,,,,,,,,,,,,,,,,,,,,,,,,,,,,,,,,,,,,,,,,,,,,,,
"2025-09-02 15:13:22.4526552Z","ETW","Microsoft-Windows-Kernel-Process",5,"ImageLoadInfo ",19464,20256,"CalculatorApp.exe",,,,"C:\Windows\System32\iertutil.dll",,,,,,,,,,,,[{"addr":140736918203828,"idx":0},{"addr":140736917192506,"idx":1},{"addr":140736917191278,"idx":2},{"addr":140736917210764,"idx":3},{"addr":140736917201516,"idx":4},{"addr":140736917258922,"idx":5},{"addr":140736916785248,"idx":6},{"addr":140736916786774,"idx":7},{"addr":140736917021315,"idx":8},{"addr":140736917023197,"idx":9},{"addr":140736680378386,"idx":10},{"addr":140736682268754,"idx":11},{"addr":140736677947347,"idx":12},{"addr":140736677946860,"idx":13},{"addr":140736677945805,"idx":14},{"addr":140736909530882,"idx":15},{"addr":140736909524833,"idx":16},{"addr":140736909523551,"idx":17},{"addr":140733401757042,"idx":18},{"addr":140733401756635,"idx":19},{"addr":140733401756493,"idx":20},{"addr":140733401959797,"idx":21},{"addr":140733856288938,"idx":22},{"addr":140733856317152,"idx":23},{"addr":140733856317197,"idx":24},{"addr":140736897083607,"idx":25},{"addr":140736916996940,"idx":26}],,,,,,,,,19464,,,,,,,,,,,,,,,,,,,,,,,,,,,,,,,,,,,,4273941920,140736732528640,140736732528640,2989039,2924544,,,,,,,,,,,,,,,,,,,,,,,,,,,,,,,,,,,,,,,,,,,,,,,,,,,,,,,,,,,,,,,,,,,,,,,
"2025-09-02 15:13:22.4527223Z","ETW","Microsoft-Windows-Kernel-Process",6,"ImageUnloadInfo ",7940,19488,"WerFault.exe",,,,"C:\Windows\System32\DiagnosticDataSettings.dll",,,,,,,,,,,,[],,,,,,,,,7940,,,,,,,,,,,,,,,,,,,,,,,,,,,,,,,,,,,,956088925,140736564297728,140736564297728,74321,61440,,,,,,,,,,,,,,,,,,,,,,,,,,,,,,,,,,,,,,,,,,,,,,,,,,,,,,,,,,,,,,,,,,,,,,,
"2025-09-02 15:13:22.4527343Z","ETW","Microsoft-Windows-Kernel-Process",6,"ImageUnloadInfo ",7940,19488,"WerFault.exe",,,,"C:\Windows\System32\wer.dll",,,,,,,,,,,,[],,,,,,,,,7940,,,,,,,,,,,,,,,,,,,,,,,,,,,,,,,,,,,,2310495835,140736823230464,140736823230464,1034785,1007616,,,,,,,,,,,,,,,,,,,,,,,,,,,,,,,,,,,,,,,,,,,,,,,,,,,,,,,,,,,,,,,,,,,,,,,
"2025-09-02 15:13:22.4527887Z","ETW","Microsoft-Windows-Kernel-Process",6,"ImageUnloadInfo ",7940,19488,"WerFault.exe",,,,"C:\Windows\System32\kernel.appcore.dll",,,,,,,,,,,,[],,,,,,,,,7940,,,,,,,,,,,,,,,,,,,,,,,,,,,,,,,,,,,,4117383687,140736848265216,140736848265216,158572,110592,,,,,,,,,,,,,,,,,,,,,,,,,,,,,,,,,,,,,,,,,,,,,,,,,,,,,,,,,,,,,,,,,,,,,,,
"2025-09-02 15:13:22.4529350Z","ETW","Microsoft-Windows-Kernel-Process",6,"ImageUnloadInfo ",7940,19488,"WerFault.exe",,,,"C:\Windows\System32\ntmarta.dll",,,,,,,,,,,,[],,,,,,,,,7940,,,,,,,,,,,,,,,,,,,,,,,,,,,,,,,,,,,,2803059627,140736849510400,140736849510400,286201,221184,,,,,,,,,,,,,,,,,,,,,,,,,,,,,,,,,,,,,,,,,,,,,,,,,,,,,,,,,,,,,,,,,,,,,,,
"2025-09-02 15:13:22.4529715Z","ETW","Microsoft-Windows-Kernel-Process",6,"ImageUnloadInfo ",7940,19488,"WerFault.exe",,,,"C:\Windows\System32\cryptsp.dll",,,,,,,,,,,,[],,,,,,,,,7940,,,,,,,,,,,,,,,,,,,,,,,,,,,,,,,,,,,,1637991129,140736856981504,140736856981504,133346,110592,,,,,,,,,,,,,,,,,,,,,,,,,,,,,,,,,,,,,,,,,,,,,,,,,,,,,,,,,,,,,,,,,,,,,,,
"2025-09-02 15:13:22.4530422Z","ETW","Microsoft-Windows-Kernel-Process",6,"ImageUnloadInfo ",7940,19488,"WerFault.exe",,,,"C:\Windows\System32\cfgmgr32.dll",,,,,,,,,,,,[],,,,,,,,,7940,,,,,,,,,,,,,,,,,,,,,,,,,,,,,,,,,,,,836129831,140736862748672,140736862748672,378754,356352,,,,,,,,,,,,,,,,,,,,,,,,,,,,,,,,,,,,,,,,,,,,,,,,,,,,,,,,,,,,,,,,,,,,,,,
"2025-09-02 15:13:22.4530526Z","ETW","Microsoft-Windows-Kernel-Process",6,"ImageUnloadInfo ",7940,19488,"WerFault.exe",,,,"C:\Windows\System32\umpdc.dll",,,,,,,,,,,,[],,,,,,,,,7940,,,,,,,,,,,,,,,,,,,,,,,,,,,,,,,,,,,,212057710,140736865959936,140736865959936,140109,81920,,,,,,,,,,,,,,,,,,,,,,,,,,,,,,,,,,,,,,,,,,,,,,,,,,,,,,,,,,,,,,,,,,,,,,,
"2025-09-02 15:13:22.4530602Z","ETW","Microsoft-Windows-Kernel-Process",6,"ImageUnloadInfo ",7940,19488,"WerFault.exe",,,,"C:\Windows\System32\powrprof.dll",,,,,,,,,,,,[],,,,,,,,,7940,,,,,,,,,,,,,,,,,,,,,,,,,,,,,,,,,,,,2858637235,140736866091008,140736866091008,457799,385024,,,,,,,,,,,,,,,,,,,,,,,,,,,,,,,,,,,,,,,,,,,,,,,,,,,,,,,,,,,,,,,,,,,,,,,
"2025-09-02 15:13:22.4530668Z","ETW","Microsoft-Windows-Kernel-Process",6,"ImageUnloadInfo ",7940,19488,"WerFault.exe",,,,"C:\Windows\System32\bcrypt.dll",,,,,,,,,,,,[],,,,,,,,,7940,,,,,,,,,,,,,,,,,,,,,,,,,,,,,,,,,,,,3023801214,140736866549760,140736866549760,216761,155648,,,,,,,,,,,,,,,,,,,,,,,,,,,,,,,,,,,,,,,,,,,,,,,,,,,,,,,,,,,,,,,,,,,,,,,
"2025-09-02 15:13:22.4530922Z","ETW","Microsoft-Windows-Kernel-Process",6,"ImageUnloadInfo ",7940,19488,"WerFault.exe",,,,"C:\Windows\System32\bcryptprimitives.dll",,,,,,,,,,,,[],,,,,,,,,7940,,,,,,,,,,,,,,,,,,,,,,,,,,,,,,,,,,,,3318233078,140736867663872,140736867663872,705120,626688,,,,,,,,,,,,,,,,,,,,,,,,,,,,,,,,,,,,,,,,,,,,,,,,,,,,,,,,,,,,,,,,,,,,,,,
"2025-09-02 15:13:22.4530995Z","ETW","Microsoft-Windows-Kernel-Process",6,"ImageUnloadInfo ",7940,19488,"WerFault.exe",,,,"C:\Windows\System32\msvcp_win.dll",,,,,,,,,,,,[],,,,,,,,,7940,,,,,,,,,,,,,,,,,,,,,,,,,,,,,,,,,,,,2240469762,140736868319232,140736868319232,703256,667648,,,,,,,,,,,,,,,,,,,,,,,,,,,,,,,,,,,,,,,,,,,,,,,,,,,,,,,,,,,,,,,,,,,,,,,
"2025-09-02 15:13:22.4531055Z","ETW","Microsoft-Windows-Kernel-Process",6,"ImageUnloadInfo ",7940,19488,"WerFault.exe",,,,"C:\Windows\System32\gdi32full.dll",,,,,,,,,,,,[],,,,,,,,,7940,,,,,,,,,,,,,,,,,,,,,,,,,,,,,,,,,,,,4226913238,140736869040128,140736869040128,1298614,1277952,,,,,,,,,,,,,,,,,,,,,,,,,,,,,,,,,,,,,,,,,,,,,,,,,,,,,,,,,,,,,,,,,,,,,,,
"2025-09-02 15:13:22.4531144Z","ETW","Microsoft-Windows-Kernel-Process",6,"ImageUnloadInfo ",7940,19488,"WerFault.exe",,,,"C:\Windows\System32\KernelBase.dll",,,,,,,,,,,,[],,,,,,,,,7940,,,,,,,,,,,,,,,,,,,,,,,,,,,,,,,,,,,,1916522255,140736871923712,140736871923712,4150506,4128768,,,,,,,,,,,,,,,,,,,,,,,,,,,,,,,,,,,,,,,,,,,,,,,,,,,,,,,,,,,,,,,,,,,,,,,
"2025-09-02 15:13:22.4531262Z","ETW","Microsoft-Windows-Kernel-Process",5,"ImageLoadInfo ",19464,19760,"CalculatorApp.exe",,,,"C:\Windows\System32\srvcli.dll",,,,,,,,,,,,[{"addr":140736918203828,"idx":0},{"addr":140736917192506,"idx":1},{"addr":140736917191278,"idx":2},{"addr":140736917210764,"idx":3},{"addr":140736917201516,"idx":4},{"addr":140736917258922,"idx":5},{"addr":140736917255216,"idx":6},{"addr":140736917350945,"idx":7},{"addr":140736897083607,"idx":8},{"addr":140736916996940,"idx":9}],,,,,,,,,19464,,,,,,,,,,,,,,,,,,,,,,,,,,,,,,,,,,,,239922031,140736732135424,140736732135424,181029,167936,,,,,,,,,,,,,,,,,,,,,,,,,,,,,,,,,,,,,,,,,,,,,,,,,,,,,,,,,,,,,,,,,,,,,,,
"2025-09-02 15:13:22.4531450Z","ETW","Microsoft-Windows-Kernel-Process",5,"ImageLoadInfo ",19464,20256,"CalculatorApp.exe",,,,"C:\Windows\System32\netutils.dll",,,,,,,,,,,,[{"addr":140736918203828,"idx":0},{"addr":140736917192506,"idx":1},{"addr":140736917191278,"idx":2},{"addr":140736917210764,"idx":3},{"addr":140736917201516,"idx":4},{"addr":140736917258922,"idx":5},{"addr":140736916999751,"idx":6},{"addr":140736916785258,"idx":7},{"addr":140736916786774,"idx":8},{"addr":140736917021315,"idx":9},{"addr":140736917023197,"idx":10},{"addr":140736680378386,"idx":11},{"addr":140736682268754,"idx":12},{"addr":140736677947347,"idx":13},{"addr":140736677946860,"idx":14},{"addr":140736677945805,"idx":15},{"addr":140736909530882,"idx":16},{"addr":140736909524833,"idx":17},{"addr":140736909523551,"idx":18},{"addr":140733401757042,"idx":19},{"addr":140733401756635,"idx":20},{"addr":140733401756493,"idx":21},{"addr":140733401959797,"idx":22},{"addr":140733856288938,"idx":23},{"addr":140733856317152,"idx":24},{"addr":140733856317197,"idx":25},{"addr":140736897083607,"idx":26},{"addr":140736916996940,"idx":27}],,,,,,,,,19464,,,,,,,,,,,,,,,,,,,,,,,,,,,,,,,,,,,,865845000,140736841973760,140736841973760,80696,53248,,,,,,,,,,,,,,,,,,,,,,,,,,,,,,,,,,,,,,,,,,,,,,,,,,,,,,,,,,,,,,,,,,,,,,,
"2025-09-02 15:13:22.4531469Z","ETW","Microsoft-Windows-Kernel-Process",6,"ImageUnloadInfo ",7940,19488,"WerFault.exe",,,,"C:\Windows\System32\win32u.dll",,,,,,,,,,,,[],,,,,,,,,7940,,,,,,,,,,,,,,,,,,,,,,,,,,,,,,,,,,,,4080079730,140736876118016,140736876118016,179667,159744,,,,,,,,,,,,,,,,,,,,,,,,,,,,,,,,,,,,,,,,,,,,,,,,,,,,,,,,,,,,,,,,,,,,,,,
"2025-09-02 15:13:22.4531715Z","ETW","Microsoft-Windows-Kernel-Process",6,"ImageUnloadInfo ",7940,19488,"WerFault.exe",,,,"C:\Windows\System32\ucrtbase.dll",,,,,,,,,,,,[],,,,,,,,,7940,,,,,,,,,,,,,,,,,,,,,,,,,,,,,,,,,,,,3686092271,140736876314624,140736876314624,1418583,1355776,,,,,,,,,,,,,,,,,,,,,,,,,,,,,,,,,,,,,,,,,,,,,,,,,,,,,,,,,,,,,,,,,,,,,,,
"2025-09-02 15:13:22.4532210Z","ETW","Microsoft-Windows-Kernel-Process",6,"ImageUnloadInfo ",7940,19488,"WerFault.exe",,,,"C:\Windows\System32\sechost.dll",,,,,,,,,,,,[],,,,,,,,,7940,,,,,,,,,,,,,,,,,,,,,,,,,,,,,,,,,,,,918957807,140736881033216,140736881033216,733904,679936,,,,,,,,,,,,,,,,,,,,,,,,,,,,,,,,,,,,,,,,,,,,,,,,,,,,,,,,,,,,,,,,,,,,,,,
"2025-09-02 15:13:22.4532448Z","ETW","Microsoft-Windows-Kernel-Process",6,"ImageUnloadInfo ",7940,19488,"WerFault.exe",,,,"C:\Windows\System32\rpcrt4.dll",,,,,,,,,,,,[],,,,,,,,,7940,,,,,,,,,,,,,,,,,,,,,,,,,,,,,,,,,,,,755903142,140736881754112,140736881754112,1201440,1146880,,,,,,,,,,,,,,,,,,,,,,,,,,,,,,,,,,,,,,,,,,,,,,,,,,,,,,,,,,,,,,,,,,,,,,,
"2025-09-02 15:13:22.4533352Z","ETW","Microsoft-Windows-Kernel-Process",6,"ImageUnloadInfo ",7940,19488,"WerFault.exe",,,,"C:\Windows\System32\oleaut32.dll",,,,,,,,,,,,[],,,,,,,,,7940,,,,,,,,,,,,,,,,,,,,,,,,,,,,,,,,,,,,2785821912,140736894861312,140736894861312,927709,917504,,,,,,,,,,,,,,,,,,,,,,,,,,,,,,,,,,,,,,,,,,,,,,,,,,,,,,,,,,,,,,,,,,,,,,,
"2025-09-02 15:13:22.4533443Z","ETW","Microsoft-Windows-Kernel-Process",6,"ImageUnloadInfo ",7940,19488,"WerFault.exe",,,,"C:\Windows\System32\advapi32.dll",,,,,,,,,,,,[],,,,,,,,,7940,,,,,,,,,,,,,,,,,,,,,,,,,,,,,,,,,,,,2886261828,140736895844352,140736895844352,804270,737280,,,,,,,,,,,,,,,,,,,,,,,,,,,,,,,,,,,,,,,,,,,,,,,,,,,,,,,,,,,,,,,,,,,,,,,
"2025-09-02 15:13:22.4534101Z","ETW","Microsoft-Windows-Kernel-Process",6,"ImageUnloadInfo ",7940,19488,"WerFault.exe",,,,"C:\Windows\System32\kernel32.dll",,,,,,,,,,,,[],,,,,,,,,7940,,,,,,,,,,,,,,,,,,,,,,,,,,,,,,,,,,,,2842556120,140736896892928,140736896892928,880212,823296,,,,,,,,,,,,,,,,,,,,,,,,,,,,,,,,,,,,,,,,,,,,,,,,,,,,,,,,,,,,,,,,,,,,,,,
"2025-09-02 15:13:22.4534202Z","ETW","Microsoft-Windows-Kernel-Process",6,"ImageUnloadInfo ",7940,19488,"WerFault.exe",,,,"C:\Windows\System32\gdi32.dll",,,,,,,,,,,,[],,,,,,,,,7940,,,,,,,,,,,,,,,,,,,,,,,,,,,,,,,,,,,,226377214,140736902135808,140736902135808,213118,176128,,,,,,,,,,,,,,,,,,,,,,,,,,,,,,,,,,,,,,,,,,,,,,,,,,,,,,,,,,,,,,,,,,,,,,,
"2025-09-02 15:13:22.4534325Z","ETW","Microsoft-Windows-Kernel-Process",6,"ImageUnloadInfo ",7940,19488,"WerFault.exe",,,,"C:\Windows\System32\SHCore.dll",,,,,,,,,,,,[],,,,,,,,,7940,,,,,,,,,,,,,,,,,,,,,,,,,,,,,,,,,,,,742317482,140736902660096,140736902660096,1049363,1003520,,,,,,,,,,,,,,,,,,,,,,,,,,,,,,,,,,,,,,,,,,,,,,,,,,,,,,,,,,,,,,,,,,,,,,,
"2025-09-02 15:13:22.4534406Z","ETW","Microsoft-Windows-Kernel-Process",6,"ImageUnloadInfo ",7940,19488,"WerFault.exe",,,,"C:\Windows\System32\combase.dll",,,,,,,,,,,,[],,,,,,,,,7940,,,,,,,,,,,,,,,,,,,,,,,,,,,,,,,,,,,,670765882,140736909082624,140736909082624,3776119,3690496,,,,,,,,,,,,,,,,,,,,,,,,,,,,,,,,,,,,,,,,,,,,,,,,,,,,,,,,,,,,,,,,,,,,,,,
"2025-09-02 15:13:22.4534466Z","ETW","Microsoft-Windows-Kernel-Process",6,"ImageUnloadInfo ",7940,19488,"WerFault.exe",,,,"C:\Windows\System32\msvcrt.dll",,,,,,,,,,,,[],,,,,,,,,7940,,,,,,,,,,,,,,,,,,,,,,,,,,,,,,,,,,,,2634004398,140736913342464,140736913342464,729924,692224,,,,,,,,,,,,,,,,,,,,,,,,,,,,,,,,,,,,,,,,,,,,,,,,,,,,,,,,,,,,,,,,,,,,,,,
"2025-09-02 15:13:22.4534522Z","ETW","Microsoft-Windows-Kernel-Process",6,"ImageUnloadInfo ",7940,19488,"WerFault.exe",,,,"C:\Windows\System32\user32.dll",,,,,,,,,,,,[],,,,,,,,,7940,,,,,,,,,,,,,,,,,,,,,,,,,,,,,,,,,,,,3594986103,140736914063360,140736914063360,1919723,1855488,,,,,,,,,,,,,,,,,,,,,,,,,,,,,,,,,,,,,,,,,,,,,,,,,,,,,,,,,,,,,,,,,,,,,,,
"2025-09-02 15:13:22.4534586Z","ETW","Microsoft-Windows-Kernel-Process",6,"ImageUnloadInfo ",7940,19488,"WerFault.exe",,,,"C:\Windows\System32\ntdll.dll",,,,,,,,,,,,[],,,,,,,,,7940,,,,,,,,,,,,,,,,,,,,,,,,,,,,,,,,,,,,2512787800,140736916750336,140736916750336,2531053,2519040,,,,,,,,,,,,,,,,,,,,,,,,,,,,,,,,,,,,,,,,,,,,,,,,,,,,,,,,,,,,,,,,,,,,,,,
"2025-09-02 15:13:22.4534664Z","ETW","Microsoft-Windows-Kernel-Process",2,"ProcessStopStop ",7940,19488,"WerFault.exe",,,,"WerFault.exe",,,,,,,,,,,,[],,,,,,,,,7940,,,,,,,,,,,,,,,,,,,,,,,134012996023971010,,,,,,,,31827,,,,,,,,,,,,,,,,,,,,,,,,,,,,,,,,,,,,,,,,,,,,,,,136277500,1765376,1851392,0,134012996024523582,63,0,1,19,1,0,0,,,,,,,,,,,,,,,,,,,,,,
"2025-09-02 15:13:22.4535084Z","ETW","Microsoft-Windows-Kernel-Audit-API-Calls",5,"Info ",7940,19488,"WerFault.exe",,,,,,,,,,,,,,,,[],,,,,,,,,,,,,,,,,,,1024,0,7940,,,,,,,,,,,,,,,,,,,,,,,,,,,,,,,,,,,,,,,,,,,,,,,,,,,,,,,,,,,,,,,,,,,,,,,,,,,,,,,,,,,,,,,,,,,,,,,,,,,
"2025-09-02 15:13:22.4535141Z","ETW","Microsoft-Windows-Kernel-Audit-API-Calls",5,"Info ",7940,19488,"WerFault.exe",,,,,,,,,,,,,,,,[],,,,,,,,,,,,,,,,,,,1024,0,7940,,,,,,,,,,,,,,,,,,,,,,,,,,,,,,,,,,,,,,,,,,,,,,,,,,,,,,,,,,,,,,,,,,,,,,,,,,,,,,,,,,,,,,,,,,,,,,,,,,,
"2025-09-02 15:13:22.4536064Z","ETW","Microsoft-Antimalware-Engine",59,"Message Info ",1912,11468,"MsMpEng.exe",,,,,,0,"Behavior:Win32/SuspDllSideLoaded.B","0x1A5B3D8FF6402","84db5fe770e0d0198f480427d1ce9babd9f03e0e",,,,,,,[],,,,,,,,,,,,,,,,,,,,,,,,,,,,,,,,,,,,,,,,,,,,,,,,,,,,,,,,,,,,,,,,,,,,,,,,,,,,,,,,,,,,,,,,,,,,,,,,,,,,,,,,,,,,,,,,,,,,,,,,
"2025-09-02 15:13:22.4540656Z","ETW","Microsoft-Windows-Kernel-Audit-API-Calls",5,"Info ",8144,22284,"ApplicationFrameHost.exe",,,,,,,,,,,,,,,,[{"addr":140736918203764,"idx":0},{"addr":140736872731894,"idx":1},{"addr":140736717697306,"idx":2},{"addr":140736376307968,"idx":3},{"addr":140736376539149,"idx":4},{"addr":140736902703990,"idx":5},{"addr":140736902703274,"idx":6},{"addr":140736902700103,"idx":7},{"addr":140736897083607,"idx":8},{"addr":140736916996940,"idx":9}],,,,,,,,,,,,,,,,,,,4096,0,8144,,,,,,,,,,,,,,,,,,,,,,,,,,,,,,,,,,,,,,,,,,,,,,,,,,,,,,,,,,,,,,,,,,,,,,,,,,,,,,,,,,,,,,,,,,,,,,,,,,,
"2025-09-02 15:13:22.4556191Z","ETW","Microsoft-Windows-Kernel-Process",5,"ImageLoadInfo ",19464,20256,"CalculatorApp.exe",,,,"C:\Windows\System32\execmodelproxy.dll",,,,,,,,,,,,[{"addr":140736918203828,"idx":0},{"addr":140736917192506,"idx":1},{"addr":140736917191278,"idx":2},{"addr":140736917210764,"idx":3},{"addr":140736917202269,"idx":4},{"addr":140736917259140,"idx":5},{"addr":140736916785248,"idx":6},{"addr":140736916784352,"idx":7},{"addr":140736917101952,"idx":8},{"addr":140736872000198,"idx":9},{"addr":140736909363845,"idx":10},{"addr":140736909362547,"idx":11},{"addr":140736909360794,"idx":12},{"addr":140736909561496,"idx":13},{"addr":140736909365281,"idx":14},{"addr":140736909339322,"idx":15},{"addr":140736909195691,"idx":16},{"addr":140736909191304,"idx":17},{"addr":140736909568050,"idx":18},{"addr":140736909567049,"idx":19},{"addr":140736910229700,"idx":20},{"addr":140736910858718,"idx":21},{"addr":140736909460923,"idx":22},{"addr":140736909455813,"idx":23},{"addr":140736909134403,"idx":24},{"addr":140736909553551,"idx":25},{"addr":140736909548907,"idx":26},{"addr":140736909576880,"idx":27},{"addr":140736718468017,"idx":28},{"addr":140736717789984,"idx":29},{"addr":140736717788664,"idx":30},{"addr":140736717785878,"idx":31},{"addr":140736717785081,"idx":32},{"addr":140736717783820,"idx":33},{"addr":140736717722547,"idx":34},{"addr":140736678631223,"idx":35},{"addr":140736681675830,"idx":36},{"addr":140733857021493,"idx":37},{"addr":140733857075205,"idx":38},{"addr":140733856288949,"idx":39},{"addr":140733856317152,"idx":40},{"addr":140733856317197,"idx":41},{"addr":140736897083607,"idx":42},{"addr":140736916996940,"idx":43}],,,,,,,,,19464,,,,,,,,,,,,,,,,,,,,,,,,,,,,,,,,,,,,3588866498,140736472678400,140736472678400,123398,81920,,,,,,,,,,,,,,,,,,,,,,,,,,,,,,,,,,,,,,,,,,,,,,,,,,,,,,,,,,,,,,,,,,,,,,,
"2025-09-02 15:13:22.4563093Z","ETW","Microsoft-Windows-Kernel-Audit-API-Calls",5,"Info ",4488,13440,"sihost.exe",,,,,,,,,,,,,,,,[{"addr":140736918203764,"idx":0},{"addr":140736872731894,"idx":1},{"addr":140736706462452,"idx":2},{"addr":140736487405550,"idx":3},{"addr":140736882620003,"idx":4},{"addr":140736882628366,"idx":5},{"addr":140736881847376,"idx":6},{"addr":140736909646461,"idx":7},{"addr":140736909646267,"idx":8},{"addr":140736909643574,"idx":9},{"addr":140736909641089,"idx":10},{"addr":140736910206646,"idx":11},{"addr":140736909298250,"idx":12},{"addr":140736909422200,"idx":13},{"addr":140736909684515,"idx":14},{"addr":140736882311415,"idx":15},{"addr":140736882088628,"idx":16},{"addr":140736882092154,"idx":17},{"addr":140736882015316,"idx":18},{"addr":140736882081820,"idx":19},{"addr":140736882106396,"idx":20},{"addr":140736882102691,"idx":21},{"addr":140736882098504,"idx":22},{"addr":140736917358174,"idx":23},{"addr":140736917350275,"idx":24},{"addr":140736897083607,"idx":25},{"addr":140736916996940,"idx":26}],,,,,,,,,,,,,,,,,,,1052672,0,19464,,,,,,,,,,,,,,,,,,,,,,,,,,,,,,,,,,,,,,,,,,,,,,,,,,,,,,,,,,,,,,,,,,,,,,,,,,,,,,,,,,,,,,,,,,,,,,,,,,,
"2025-09-02 15:13:22.4563216Z","ETW","Microsoft-Windows-Kernel-Audit-API-Calls",5,"Info ",4488,13440,"sihost.exe",,,,,,,,,,,,,,,,[{"addr":140736918203764,"idx":0},{"addr":140736872731894,"idx":1},{"addr":140736706462752,"idx":2},{"addr":140736487405627,"idx":3},{"addr":140736882620003,"idx":4},{"addr":140736882628366,"idx":5},{"addr":140736881847376,"idx":6},{"addr":140736909646461,"idx":7},{"addr":140736909646267,"idx":8},{"addr":140736909643574,"idx":9},{"addr":140736909641089,"idx":10},{"addr":140736910206646,"idx":11},{"addr":140736909298250,"idx":12},{"addr":140736909422200,"idx":13},{"addr":140736909684515,"idx":14},{"addr":140736882311415,"idx":15},{"addr":140736882088628,"idx":16},{"addr":140736882092154,"idx":17},{"addr":140736882015316,"idx":18},{"addr":140736882081820,"idx":19},{"addr":140736882106396,"idx":20},{"addr":140736882102691,"idx":21},{"addr":140736882098504,"idx":22},{"addr":140736917358174,"idx":23},{"addr":140736917350275,"idx":24},{"addr":140736897083607,"idx":25},{"addr":140736916996940,"idx":26}],,,,,,,,,,,,,,,,,,,4096,0,19464,,,,,,,,,,,,,,,,,,,,,,,,,,,,,,,,,,,,,,,,,,,,,,,,,,,,,,,,,,,,,,,,,,,,,,,,,,,,,,,,,,,,,,,,,,,,,,,,,,,
"2025-09-02 15:13:22.4570521Z","ETW","Microsoft-Windows-Kernel-Audit-API-Calls",5,"Info ",19992,12292,"svchost.exe",,,,,,,,,,,,,,,,[{"addr":140736918203764,"idx":0},{"addr":140736872731894,"idx":1},{"addr":140734019693789,"idx":2},{"addr":140734019716771,"idx":3},{"addr":140734019700297,"idx":4},{"addr":140734019712588,"idx":5},{"addr":140734019690234,"idx":6},{"addr":140734019706334,"idx":7},{"addr":140736917282525,"idx":8},{"addr":140736917350969,"idx":9},{"addr":140736897083607,"idx":10},{"addr":140736916996940,"idx":11}],,,,,,,,,,,,,,,,,,,80,0,15112,,,,,,,,,,,,,,,,,,,,,,,,,,,,,,,,,,,,,,,,,,,,,,,,,,,,,,,,,,,,,,,,,,,,,,,,,,,,,,,,,,,,,,,,,,,,,,,,,,,
"2025-09-02 15:13:22.4570935Z","ETW","Microsoft-Windows-Kernel-Audit-API-Calls",5,"Info ",19992,12292,"svchost.exe",,,,,,,,,,,,,,,,[{"addr":140736918203764,"idx":0},{"addr":140736872731894,"idx":1},{"addr":140734019754621,"idx":2},{"addr":140734019717060,"idx":3},{"addr":140734019700297,"idx":4},{"addr":140734019712588,"idx":5},{"addr":140734019690234,"idx":6},{"addr":140734019706334,"idx":7},{"addr":140736917282525,"idx":8},{"addr":140736917350969,"idx":9},{"addr":140736897083607,"idx":10},{"addr":140736916996940,"idx":11}],,,,,,,,,,,,,,,,,,,2097151,0,15112,,,,,,,,,,,,,,,,,,,,,,,,,,,,,,,,,,,,,,,,,,,,,,,,,,,,,,,,,,,,,,,,,,,,,,,,,,,,,,,,,,,,,,,,,,,,,,,,,,,
"2025-09-02 15:13:22.4571197Z","ETW","Microsoft-Windows-Kernel-Audit-API-Calls",5,"Info ",19992,12292,"svchost.exe",,,,,,,,,,,,,,,,[{"addr":140736918203764,"idx":0},{"addr":140736872731894,"idx":1},{"addr":140734019755349,"idx":2},{"addr":140734019717060,"idx":3},{"addr":140734019700297,"idx":4},{"addr":140734019712588,"idx":5},{"addr":140734019690234,"idx":6},{"addr":140734019706334,"idx":7},{"addr":140736917282525,"idx":8},{"addr":140736917350969,"idx":9},{"addr":140736897083607,"idx":10},{"addr":140736916996940,"idx":11}],,,,,,,,,,,,,,,,,,,2097151,0,15112,,,,,,,,,,,,,,,,,,,,,,,,,,,,,,,,,,,,,,,,,,,,,,,,,,,,,,,,,,,,,,,,,,,,,,,,,,,,,,,,,,,,,,,,,,,,,,,,,,,
"2025-09-02 15:13:22.4571310Z","ETW","Microsoft-Windows-Kernel-Process",5,"ImageLoadInfo ",19464,11200,"CalculatorApp.exe",,,,"C:\Windows\System32\OneCoreUAPCommonProxyStub.dll",,,,,,,,,,,,[{"addr":140736918203828,"idx":0},{"addr":140736917192506,"idx":1},{"addr":140736917191278,"idx":2},{"addr":140736917210764,"idx":3},{"addr":140736917202269,"idx":4},{"addr":140736917259140,"idx":5},{"addr":140736916785248,"idx":6},{"addr":140736916784352,"idx":7},{"addr":140736917101952,"idx":8},{"addr":140736872000198,"idx":9},{"addr":140736909363845,"idx":10},{"addr":140736909362547,"idx":11},{"addr":140736909360794,"idx":12},{"addr":140736909561496,"idx":13},{"addr":140736909365281,"idx":14},{"addr":140736909339322,"idx":15},{"addr":140736909195691,"idx":16},{"addr":140736909191304,"idx":17},{"addr":140736910023632,"idx":18},{"addr":140736909168718,"idx":19},{"addr":140736909172012,"idx":20},{"addr":140736882620003,"idx":21},{"addr":140736882628366,"idx":22},{"addr":140736881847376,"idx":23},{"addr":140736909646461,"idx":24},{"addr":140736909646267,"idx":25},{"addr":140736909643574,"idx":26},{"addr":140736909641089,"idx":27},{"addr":140736910206646,"idx":28},{"addr":140736909298250,"idx":29},{"addr":140736909422200,"idx":30},{"addr":140736909684515,"idx":31},{"addr":140736882311415,"idx":32},{"addr":140736882088628,"idx":33},{"addr":140736882092154,"idx":34},{"addr":140736882015316,"idx":35},{"addr":140736882081820,"idx":36},{"addr":140736882106396,"idx":37},{"addr":140736882102691,"idx":38},{"addr":140736882098504,"idx":39},{"addr":140736917358174,"idx":40},{"addr":140736917350275,"idx":41},{"addr":140736897083607,"idx":42},{"addr":140736916996940,"idx":43}],,,,,,,,,19464,,,,,,,,,,,,,,,,,,,,,,,,,,,,,,,,,,,,1635141586,140736710443008,140736710443008,6653254,6569984,,,,,,,,,,,,,,,,,,,,,,,,,,,,,,,,,,,,,,,,,,,,,,,,,,,,,,,,,,,,,,,,,,,,,,,
"2025-09-02 15:13:22.4574104Z","ETW","Microsoft-Antimalware-Engine",53,"Behavior Monitoring BmOpenProcess",19992,13020,"svchost.exe",,15112,,,,,,,,,,,,,,[],,,,,,,,,,,,,,,,,,,,,,,,,,,,,,,,,,,,,,,,,,,,,,,,,,,,,,,,,,,,,,,,,,,,,,,,80,false,,,,,,,,,,,,,,,,,,,,,,,,,,,,,,,,,,,,,,,,,,,,,,,
"2025-09-02 15:13:22.4577868Z","ETW","Microsoft-Windows-Kernel-Process",5,"ImageLoadInfo ",19992,12292,"svchost.exe",,,,"C:\Windows\System32\Faultrep.dll",,,,,,,,,,,,[{"addr":140736918203828,"idx":0},{"addr":140736917192506,"idx":1},{"addr":140736917191278,"idx":2},{"addr":140736917210764,"idx":3},{"addr":140736917201516,"idx":4},{"addr":140736917258922,"idx":5},{"addr":140736916785248,"idx":6},{"addr":140736916786774,"idx":7},{"addr":140736917021315,"idx":8},{"addr":140736917023197,"idx":9},{"addr":140734019795954,"idx":10},{"addr":140734019618015,"idx":11},{"addr":140734019755501,"idx":12},{"addr":140734019717060,"idx":13},{"addr":140734019700297,"idx":14},{"addr":140734019712588,"idx":15},{"addr":140734019690234,"idx":16},{"addr":140734019706334,"idx":17},{"addr":140736917282525,"idx":18},{"addr":140736917350969,"idx":19},{"addr":140736897083607,"idx":20},{"addr":140736916996940,"idx":21}],,,,,,,,,19992,,,,,,,,,,,,,,,,,,,,,,,,,,,,,,,,,,,,2440977292,140733981261824,140733981261824,551544,540672,,,,,,,,,,,,,,,,,,,,,,,,,,,,,,,,,,,,,,,,,,,,,,,,,,,,,,,,,,,,,,,,,,,,,,,
"2025-09-02 15:13:22.4583668Z","ETW","Microsoft-Windows-Kernel-Audit-API-Calls",5,"Info ",8144,15816,"ApplicationFrameHost.exe",,,,,,,,,,,,,,,,[{"addr":140736918203764,"idx":0},{"addr":140736872731894,"idx":1},{"addr":140736717697306,"idx":2},{"addr":140736376314747,"idx":3},{"addr":140736376676285,"idx":4},{"addr":140736902703990,"idx":5},{"addr":140736902703274,"idx":6},{"addr":140736902700103,"idx":7},{"addr":140736897083607,"idx":8},{"addr":140736916996940,"idx":9}],,,,,,,,,,,,,,,,,,,4096,0,8144,,,,,,,,,,,,,,,,,,,,,,,,,,,,,,,,,,,,,,,,,,,,,,,,,,,,,,,,,,,,,,,,,,,,,,,,,,,,,,,,,,,,,,,,,,,,,,,,,,,
"2025-09-02 15:13:22.4588722Z","ETW","Microsoft-Windows-Kernel-Process",5,"ImageLoadInfo ",19464,20256,"CalculatorApp.exe",,,,"C:\Windows\System32\SHCore.dll",,,,,,,,,,,,[{"addr":140736918203828,"idx":0},{"addr":140736917192506,"idx":1},{"addr":140736917191278,"idx":2},{"addr":140736917190209,"idx":3},{"addr":140736916804181,"idx":4},{"addr":140736916785218,"idx":5},{"addr":140736916786774,"idx":6},{"addr":140736917021315,"idx":7},{"addr":140736917023197,"idx":8},{"addr":140736718090018,"idx":9},{"addr":140736718355686,"idx":10},{"addr":140736717815504,"idx":11},{"addr":140736717808424,"idx":12},{"addr":140736718176975,"idx":13},{"addr":140736718176788,"idx":14},{"addr":140736717789907,"idx":15},{"addr":140736717788664,"idx":16},{"addr":140736717785878,"idx":17},{"addr":140736717785081,"idx":18},{"addr":140736717783820,"idx":19},{"addr":140736717722547,"idx":20},{"addr":140736678631223,"idx":21},{"addr":140736681675830,"idx":22},{"addr":140733857021493,"idx":23},{"addr":140733857075205,"idx":24},{"addr":140733856288949,"idx":25},{"addr":140733856317152,"idx":26},{"addr":140733856317197,"idx":27},{"addr":140736897083607,"idx":28},{"addr":140736916996940,"idx":29}],,,,,,,,,19464,,,,,,,,,,,,,,,,,,,,,,,,,,,,,,,,,,,,742317482,140736902660096,140736902660096,1049363,1003520,,,,,,,,,,,,,,,,,,,,,,,,,,,,,,,,,,,,,,,,,,,,,,,,,,,,,,,,,,,,,,,,,,,,,,,
"2025-09-02 15:13:22.4591409Z","ETW","Microsoft-Windows-Kernel-Process",3,"ThreadStartStart ",19464,20256,"CalculatorApp.exe",,,,,,,,,,,,,,,,[{"addr":140736918208964,"idx":0},{"addr":140736872776761,"idx":1},{"addr":140736897102141,"idx":2},{"addr":140736902967069,"idx":3},{"addr":140736902966751,"idx":4},{"addr":140736717815504,"idx":5},{"addr":140736717808424,"idx":6},{"addr":140736718176975,"idx":7},{"addr":140736718176788,"idx":8},{"addr":140736717789907,"idx":9},{"addr":140736717788664,"idx":10},{"addr":140736717785878,"idx":11},{"addr":140736717785081,"idx":12},{"addr":140736717783820,"idx":13},{"addr":140736717722547,"idx":14},{"addr":140736678631223,"idx":15},{"addr":140736681675830,"idx":16},{"addr":140733857021493,"idx":17},{"addr":140733857075205,"idx":18},{"addr":140733856288949,"idx":19},{"addr":140733856317152,"idx":20},{"addr":140733856317197,"idx":21},{"addr":140736897083607,"idx":22},{"addr":140736916996940,"idx":23}],,,,,,,,,19464,18446639081575583744,18446639081575559168,140736902954752,0,926182445056,11288,926192500736,926192496640,140736902954752,,,,,,,,,,,,,,,,,,,,,,,,,,,,,,,,,,,,,,,,,,,,,,,,,,,,,,,,,,,,,,,,,,,,,,,,,,,,,,,,,,,,,,,,,,,,,,,,,,,,,,
"2025-09-02 15:13:22.4592588Z","ETW","Microsoft-Antimalware-Engine",53,"Behavior Monitoring BmOpenProcess",19992,10404,"svchost.exe",,15112,,,,,,,,,,,,,,[],,,,,,,,,,,,,,,,,,,,,,,,,,,,,,,,,,,,,,,,,,,,,,,,,,,,,,,,,,,,,,,,,,,,,,,,2097151,false,,,,,,,,,,,,,,,,,,,,,,,,,,,,,,,,,,,,,,,,,,,,,,,
"2025-09-02 15:13:22.4592636Z","ETW","Microsoft-Windows-Kernel-Audit-API-Calls",6,"Info ",19464,11288,"CalculatorApp.exe",,,,,,,,,,,,,,,,[{"addr":140736918212548,"idx":0},{"addr":140736872857142,"idx":1},{"addr":140736717799273,"idx":2},{"addr":140736717798415,"idx":3},{"addr":140736718243655,"idx":4},{"addr":140736902955471,"idx":5},{"addr":140736897083607,"idx":6},{"addr":140736916996940,"idx":7}],,,,,,,,,,,,,,,,,,,1048576,0,19464,11288,,,,,,,,,,,,,,,,,,,,,,,,,,,,,,,,,,,,,,,,,,,,,,,,,,,,,,,,,,,,,,,,,,,,,,,,,,,,,,,,,,,,,,,,,,,,,,,,,,
"2025-09-02 15:13:22.4594671Z","ETW","Microsoft-Windows-Kernel-Audit-API-Calls",6,"Info ",760,3656,"csrss.exe",,,,,,,,,,,,,,,,[{"addr":140736918206948,"idx":0},{"addr":140736867540170,"idx":1},{"addr":140736867571939,"idx":2},{"addr":140736916996962,"idx":3}],,,,,,,,,,,,,,,,,,,2097151,0,19464,11200,,,,,,,,,,,,,,,,,,,,,,,,,,,,,,,,,,,,,,,,,,,,,,,,,,,,,,,,,,,,,,,,,,,,,,,,,,,,,,,,,,,,,,,,,,,,,,,,,,
"2025-09-02 15:13:22.4596382Z","ETW","Microsoft-Windows-Kernel-Process",5,"ImageLoadInfo ",19464,11288,"CalculatorApp.exe",,,,"C:\Windows\System32\Windows.UI.dll",,,,,,,,,,,,[{"addr":140736918203828,"idx":0},{"addr":140736917192506,"idx":1},{"addr":140736917191278,"idx":2},{"addr":140736917210764,"idx":3},{"addr":140736917202269,"idx":4},{"addr":140736917259140,"idx":5},{"addr":140736916785248,"idx":6},{"addr":140736916784352,"idx":7},{"addr":140736917101952,"idx":8},{"addr":140736872000198,"idx":9},{"addr":140736909363845,"idx":10},{"addr":140736909362547,"idx":11},{"addr":140736909531736,"idx":12},{"addr":140736909524833,"idx":13},{"addr":140736909523551,"idx":14},{"addr":140736718176143,"idx":15},{"addr":140736717799023,"idx":16},{"addr":140736718243655,"idx":17},{"addr":140736902955471,"idx":18},{"addr":140736897083607,"idx":19},{"addr":140736916996940,"idx":20}],,,,,,,,,19464,,,,,,,,,,,,,,,,,,,,,,,,,,,,,,,,,,,,2192056598,140736701202432,140736701202432,1455945,1409024,,,,,,,,,,,,,,,,,,,,,,,,,,,,,,,,,,,,,,,,,,,,,,,,,,,,,,,,,,,,,,,,,,,,,,,
"2025-09-02 15:13:22.4597154Z","ETW","Microsoft-Windows-Kernel-Process",5,"ImageLoadInfo ",19992,12292,"svchost.exe",,,,"C:\Windows\System32\wer.dll",,,,,,,,,,,,[{"addr":140736918203828,"idx":0},{"addr":140736917192506,"idx":1},{"addr":140736917191278,"idx":2},{"addr":140736917210764,"idx":3},{"addr":140736917201516,"idx":4},{"addr":140736917258922,"idx":5},{"addr":140736916785248,"idx":6},{"addr":140736916786774,"idx":7},{"addr":140736917021315,"idx":8},{"addr":140736917023197,"idx":9},{"addr":140733981517714,"idx":10},{"addr":140733981279469,"idx":11},{"addr":140733981331259,"idx":12},{"addr":140734019755501,"idx":13},{"addr":140734019717060,"idx":14},{"addr":140734019700297,"idx":15},{"addr":140734019712588,"idx":16},{"addr":140734019690234,"idx":17},{"addr":140734019706334,"idx":18},{"addr":140736917282525,"idx":19},{"addr":140736917350969,"idx":20},{"addr":140736897083607,"idx":21},{"addr":140736916996940,"idx":22}],,,,,,,,,19992,,,,,,,,,,,,,,,,,,,,,,,,,,,,,,,,,,,,2310495835,140736823230464,140736823230464,1034785,1007616,,,,,,,,,,,,,,,,,,,,,,,,,,,,,,,,,,,,,,,,,,,,,,,,,,,,,,,,,,,,,,,,,,,,,,,
"2025-09-02 15:13:22.4597607Z","ETW","Microsoft-Windows-Kernel-Audit-API-Calls",5,"Info ",19464,11200,"CalculatorApp.exe",,,,,,,,,,,,,,,,[{"addr":140736918203764,"idx":0},{"addr":140736872731894,"idx":1},{"addr":140736732662431,"idx":2},{"addr":140736732658563,"idx":3},{"addr":140736732655943,"idx":4},{"addr":140736732637152,"idx":5},{"addr":140736732632626,"idx":6},{"addr":140736732844814,"idx":7},{"addr":140736916975221,"idx":8},{"addr":140736872573249,"idx":9},{"addr":140736732629242,"idx":10},{"addr":140736732801447,"idx":11},{"addr":140736732671092,"idx":12},{"addr":140736732804845,"idx":13},{"addr":140736909729405,"idx":14},{"addr":140736909457150,"idx":15},{"addr":140736910369945,"idx":16},{"addr":140736870379606,"idx":17},{"addr":140736870377354,"idx":18},{"addr":140736870609287,"idx":19},{"addr":140736909735411,"idx":20},{"addr":140736909729267,"idx":21},{"addr":140736909457150,"idx":22},{"addr":140736909449069,"idx":23},{"addr":140736882273667,"idx":24},{"addr":140736881852544,"idx":25},{"addr":140736881849242,"idx":26},{"addr":140736881847412,"idx":27},{"addr":140736909646499,"idx":28},{"addr":140736909646267,"idx":29},{"addr":140736909643574,"idx":30},{"addr":140736909641089,"idx":31},{"addr":140736910206646,"idx":32},{"addr":140736909298250,"idx":33},{"addr":140736909422200,"idx":34},{"addr":140736909684515,"idx":35},{"addr":140736882311415,"idx":36},{"addr":140736882088628,"idx":37},{"addr":140736882092154,"idx":38},{"addr":140736882015316,"idx":39},{"addr":140736882081820,"idx":40},{"addr":140736882106396,"idx":41},{"addr":140736882102691,"idx":42},{"addr":140736882098504,"idx":43},{"addr":140736917358174,"idx":44},{"addr":140736917350275,"idx":45},{"addr":140736897083607,"idx":46},{"addr":140736916996940,"idx":47}],,,,,,,,,,,,,,,,,,,1024,0,19464,,,,,,,,,,,,,,,,,,,,,,,,,,,,,,,,,,,,,,,,,,,,,,,,,,,,,,,,,,,,,,,,,,,,,,,,,,,,,,,,,,,,,,,,,,,,,,,,,,,
"2025-09-02 15:13:22.4599139Z","ETW","Microsoft-Antimalware-Engine",59,"Message Info ",1912,10404,"MsMpEng.exe",,,,,,0,"!BMGroup:DridexVulnDlls.A","0x195B3BF987774","01184f82067d771b42525bbf6c6541ec7a8114a3",,,,,,,[],,,,,,,,,,,,,,,,,,,,,,,,,,,,,,,,,,,,,,,,,,,,,,,,,,,,,,,,,,,,,,,,,,,,,,,,,,,,,,,,,,,,,,,,,,,,,,,,,,,,,,,,,,,,,,,,,,,,,,,,
"2025-09-02 15:13:22.4601503Z","ETW","Microsoft-Antimalware-Engine",59,"Message Info ",1912,10404,"MsMpEng.exe",,,,,,0,"Behavior:Win32/NonStdSvchostProcess.A","0x19B3378537B0","a46a2542652cb8bc637538e84e4072ba74767f54",,,,,,,[],,,,,,,,,,,,,,,,,,,,,,,,,,,,,,,,,,,,,,,,,,,,,,,,,,,,,,,,,,,,,,,,,,,,,,,,,,,,,,,,,,,,,,,,,,,,,,,,,,,,,,,,,,,,,,,,,,,,,,,,
"2025-09-02 15:13:22.4603789Z","ETW","Microsoft-Windows-Kernel-Process",5,"ImageLoadInfo ",19464,11288,"CalculatorApp.exe",,,,"C:\Windows\System32\CoreMessaging.dll",,,,,,,,,,,,[{"addr":140736918203828,"idx":0},{"addr":140736917192506,"idx":1},{"addr":140736917191278,"idx":2},{"addr":140736917210764,"idx":3},{"addr":140736917201516,"idx":4},{"addr":140736917258922,"idx":5},{"addr":140736916785248,"idx":6},{"addr":140736916786774,"idx":7},{"addr":140736917021315,"idx":8},{"addr":140736917023197,"idx":9},{"addr":140736701493458,"idx":10},{"addr":140736701589667,"idx":11},{"addr":140736701235582,"idx":12},{"addr":140736701235122,"idx":13},{"addr":140736701420062,"idx":14},{"addr":140736701419837,"idx":15},{"addr":140736701529309,"idx":16},{"addr":140736718176256,"idx":17},{"addr":140736717799023,"idx":18},{"addr":140736718243655,"idx":19},{"addr":140736902955471,"idx":20},{"addr":140736897083607,"idx":21},{"addr":140736916996940,"idx":22}],,,,,,,,,19464,,,,,,,,,,,,,,,,,,,,,,,,,,,,,,,,,,,,3802617839,140736813531136,140736813531136,1276090,1200128,,,,,,,,,,,,,,,,,,,,,,,,,,,,,,,,,,,,,,,,,,,,,,,,,,,,,,,,,,,,,,,,,,,,,,,
"2025-09-02 15:13:22.4607593Z","ETW","Microsoft-Antimalware-Engine",53,"Behavior Monitoring BmOpenProcess",19992,13020,"svchost.exe",,15112,,,,,,,,,,,,,,[],,,,,,,,,,,,,,,,,,,,,,,,,,,,,,,,,,,,,,,,,,,,,,,,,,,,,,,,,,,,,,,,,,,,,,,,2097151,false,,,,,,,,,,,,,,,,,,,,,,,,,,,,,,,,,,,,,,,,,,,,,,,
"2025-09-02 15:13:22.4620081Z","ETW","Microsoft-Windows-Kernel-Process",5,"ImageLoadInfo ",19464,11288,"CalculatorApp.exe",,,,"C:\Windows\System32\uxtheme.dll",,,,,,,,,,,,[{"addr":140736918203828,"idx":0},{"addr":140736917192506,"idx":1},{"addr":140736917191278,"idx":2},{"addr":140736917210764,"idx":3},{"addr":140736917202269,"idx":4},{"addr":140736917259140,"idx":5},{"addr":140736916785248,"idx":6},{"addr":140736916784352,"idx":7},{"addr":140736917101952,"idx":8},{"addr":140736872000198,"idx":9},{"addr":140736914284989,"idx":10},{"addr":140736918218964,"idx":11},{"addr":140736876126340,"idx":12},{"addr":140736914229722,"idx":13},{"addr":140736914228583,"idx":14},{"addr":140736914228082,"idx":15},{"addr":140736813924594,"idx":16},{"addr":140736813924247,"idx":17},{"addr":140736813923951,"idx":18},{"addr":140736813923591,"idx":19},{"addr":140736813920878,"idx":20},{"addr":140736813927591,"idx":21},{"addr":140736914404850,"idx":22},{"addr":140736914403753,"idx":23},{"addr":140736918218964,"idx":24},{"addr":140736876149028,"idx":25},{"addr":140736678108506,"idx":26},{"addr":140736678106505,"idx":27},{"addr":140736678124833,"idx":28},{"addr":140736678123909,"idx":29},{"addr":140736717806864,"idx":30},{"addr":140736717798943,"idx":31},{"addr":140736718243655,"idx":32},{"addr":140736902955471,"idx":33},{"addr":140736897083607,"idx":34},{"addr":140736916996940,"idx":35}],,,,,,,,,19464,,,,,,,,,,,,,,,,,,,,,,,,,,,,,,,,,,,,1095616687,140736820019200,140736820019200,769574,716800,,,,,,,,,,,,,,,,,,,,,,,,,,,,,,,,,,,,,,,,,,,,,,,,,,,,,,,,,,,,,,,,,,,,,,,
"2025-09-02 15:13:22.4623158Z","ETW","Microsoft-Windows-Kernel-Audit-API-Calls",5,"Info ",2496,2756,"svchost.exe",,,,,,,,,,,,,,,,[{"addr":140736918203764,"idx":0},{"addr":140736624153375,"idx":1},{"addr":140736624146038,"idx":2},{"addr":140736624145118,"idx":3},{"addr":140736624193741,"idx":4},{"addr":140700308678045,"idx":5},{"addr":140736881194535,"idx":6},{"addr":140736897083607,"idx":7},{"addr":140736916996940,"idx":8}],,,,,,,,,,,,,,,,,,,5240,0,19464,,,,,,,,,,,,,,,,,,,,,,,,,,,,,,,,,,,,,,,,,,,,,,,,,,,,,,,,,,,,,,,,,,,,,,,,,,,,,,,,,,,,,,,,,,,,,,,,,,,
"2025-09-02 15:13:22.4630153Z","ETW","Microsoft-Windows-Kernel-Process",5,"ImageLoadInfo ",19992,12292,"svchost.exe",,,,"C:\Windows\System32\policymanager.dll",,,,,,,,,,,,[{"addr":140736918203828,"idx":0},{"addr":140736917192506,"idx":1},{"addr":140736917191278,"idx":2},{"addr":140736917210764,"idx":3},{"addr":140736917201516,"idx":4},{"addr":140736917258922,"idx":5},{"addr":140736916785248,"idx":6},{"addr":140736916784352,"idx":7},{"addr":140736917101952,"idx":8},{"addr":140736872000198,"idx":9},{"addr":140736564313215,"idx":10},{"addr":140736564317195,"idx":11},{"addr":140736564310991,"idx":12},{"addr":140736564312326,"idx":13},{"addr":140736564315077,"idx":14},{"addr":140736823462372,"idx":15},{"addr":140736823295874,"idx":16},{"addr":140736823288719,"idx":17},{"addr":140736823283182,"idx":18},{"addr":140736823711170,"idx":19},{"addr":140736823633170,"idx":20},{"addr":140733981331259,"idx":21},{"addr":140734019755501,"idx":22},{"addr":140734019717060,"idx":23},{"addr":140734019700297,"idx":24},{"addr":140734019712588,"idx":25},{"addr":140734019690234,"idx":26},{"addr":140734019706334,"idx":27},{"addr":140736917282525,"idx":28},{"addr":140736917350969,"idx":29},{"addr":140736897083607,"idx":30},{"addr":140736916996940,"idx":31}],,,,,,,,,19992,,,,,,,,,,,,,,,,,,,,,,,,,,,,,,,,,,,,2757975175,140736805928960,140736805928960,801211,737280,,,,,,,,,,,,,,,,,,,,,,,,,,,,,,,,,,,,,,,,,,,,,,,,,,,,,,,,,,,,,,,,,,,,,,,
"2025-09-02 15:13:22.4631167Z","ETW","Microsoft-Windows-Kernel-Process",5,"ImageLoadInfo ",19992,12292,"svchost.exe",,,,"C:\Windows\System32\msvcrt.dll",,,,,,,,,,,,[{"addr":140736918203828,"idx":0},{"addr":140736917192506,"idx":1},{"addr":140736917191278,"idx":2},{"addr":140736917190209,"idx":3},{"addr":140736916798526,"idx":4},{"addr":140736916790798,"idx":5},{"addr":140736917191656,"idx":6},{"addr":140736917210764,"idx":7},{"addr":140736917201516,"idx":8},{"addr":140736917258922,"idx":9},{"addr":140736916785248,"idx":10},{"addr":140736916784352,"idx":11},{"addr":140736917101952,"idx":12},{"addr":140736872000198,"idx":13},{"addr":140736564313215,"idx":14},{"addr":140736564317195,"idx":15},{"addr":140736564310991,"idx":16},{"addr":140736564312326,"idx":17},{"addr":140736564315077,"idx":18},{"addr":140736823462372,"idx":19},{"addr":140736823295874,"idx":20},{"addr":140736823288719,"idx":21},{"addr":140736823283182,"idx":22},{"addr":140736823711170,"idx":23},{"addr":140736823633170,"idx":24},{"addr":140733981331259,"idx":25},{"addr":140734019755501,"idx":26},{"addr":140734019717060,"idx":27},{"addr":140734019700297,"idx":28},{"addr":140734019712588,"idx":29},{"addr":140734019690234,"idx":30},{"addr":140734019706334,"idx":31},{"addr":140736917282525,"idx":32},{"addr":140736917350969,"idx":33},{"addr":140736897083607,"idx":34},{"addr":140736916996940,"idx":35}],,,,,,,,,19992,,,,,,,,,,,,,,,,,,,,,,,,,,,,,,,,,,,,2634004398,140736913342464,140736913342464,729924,692224,,,,,,,,,,,,,,,,,,,,,,,,,,,,,,,,,,,,,,,,,,,,,,,,,,,,,,,,,,,,,,,,,,,,,,,
"2025-09-02 15:13:22.4637804Z","ETW","Microsoft-Antimalware-Engine",59,"Message Info ",1912,10404,"MsMpEng.exe",,,,,,0,"!BMGroup:DridexVulnDlls.A","0x195B3BF987774","01184f82067d771b42525bbf6c6541ec7a8114a3",,,,,,,[],,,,,,,,,,,,,,,,,,,,,,,,,,,,,,,,,,,,,,,,,,,,,,,,,,,,,,,,,,,,,,,,,,,,,,,,,,,,,,,,,,,,,,,,,,,,,,,,,,,,,,,,,,,,,,,,,,,,,,,,
"2025-09-02 15:13:22.4639327Z","ETW","Microsoft-Windows-Kernel-Process",5,"ImageLoadInfo ",19992,12292,"svchost.exe",,,,"C:\Windows\System32\msvcp110_win.dll",,,,,,,,,,,,[{"addr":140736918203828,"idx":0},{"addr":140736917192506,"idx":1},{"addr":140736917191278,"idx":2},{"addr":140736917210764,"idx":3},{"addr":140736917201516,"idx":4},{"addr":140736917258922,"idx":5},{"addr":140736916999751,"idx":6},{"addr":140736916785258,"idx":7},{"addr":140736916784352,"idx":8},{"addr":140736917101952,"idx":9},{"addr":140736872000198,"idx":10},{"addr":140736564313215,"idx":11},{"addr":140736564317195,"idx":12},{"addr":140736564310991,"idx":13},{"addr":140736564312326,"idx":14},{"addr":140736564315077,"idx":15},{"addr":140736823462372,"idx":16},{"addr":140736823295874,"idx":17},{"addr":140736823288719,"idx":18},{"addr":140736823283182,"idx":19},{"addr":140736823711170,"idx":20},{"addr":140736823633170,"idx":21},{"addr":140733981331259,"idx":22},{"addr":140734019755501,"idx":23},{"addr":140734019717060,"idx":24},{"addr":140734019700297,"idx":25},{"addr":140734019712588,"idx":26},{"addr":140734019690234,"idx":27},{"addr":140734019706334,"idx":28},{"addr":140736917282525,"idx":29},{"addr":140736917350969,"idx":30},{"addr":140736897083607,"idx":31},{"addr":140736916996940,"idx":32}],,,,,,,,,19992,,,,,,,,,,,,,,,,,,,,,,,,,,,,,,,,,,,,3464179610,140736793542656,140736793542656,602786,593920,,,,,,,,,,,,,,,,,,,,,,,,,,,,,,,,,,,,,,,,,,,,,,,,,,,,,,,,,,,,,,,,,,,,,,,
"2025-09-02 15:13:22.4652969Z","ETW","Microsoft-Windows-Kernel-Process",3,"ThreadStartStart ",3200,2752,"svchost.exe",,,,,,,,,,,,,,,,[{"addr":140736918216388,"idx":0},{"addr":140736917669762,"idx":1},{"addr":140736882108009,"idx":2},{"addr":140736882106619,"idx":3},{"addr":140736882102691,"idx":4},{"addr":140736882098504,"idx":5},{"addr":140736917358174,"idx":6},{"addr":140736917350275,"idx":7},{"addr":140736897083607,"idx":8},{"addr":140736916996940,"idx":9}],,,,,,,,,3200,18446639081574404096,18446639081574379520,140736917348896,13,530762256384,13872,530765053952,530764988416,140736917348896,,,,,,,,,,,,,,,,,,,,,,,,,,,,,,,,,,,,,,,,,,,,,,,,,,,,,,,,,,,,,,,,,,,,,,,,,,,,,,,,,,,,,,,,,,,,,,,,,,,,,,
"2025-09-02 15:13:22.4654026Z","ETW","Microsoft-Windows-Kernel-Audit-API-Calls",5,"Info ",5380,5932,"explorer.exe",,,,,,,,,,,,,,,,[{"addr":140736918203764,"idx":0},{"addr":140736872731894,"idx":1},{"addr":140736402635997,"idx":2},{"addr":140736444619355,"idx":3},{"addr":140736444616898,"idx":4},{"addr":140736446097951,"idx":5},{"addr":140736444613745,"idx":6},{"addr":140736445468714,"idx":7},{"addr":140736445464741,"idx":8},{"addr":140736445463195,"idx":9},{"addr":140736444737413,"idx":10},{"addr":140736444732788,"idx":11},{"addr":140736445529002,"idx":12},{"addr":140736882620003,"idx":13},{"addr":140736882628366,"idx":14},{"addr":140736881847376,"idx":15},{"addr":140736909646461,"idx":16},{"addr":140736909646267,"idx":17},{"addr":140736909643574,"idx":18},{"addr":140736909641089,"idx":19},{"addr":140736910206646,"idx":20},{"addr":140736909293663,"idx":21},{"addr":140736909422200,"idx":22},{"addr":140736909415344,"idx":23},{"addr":140736909399044,"idx":24},{"addr":140736909260610,"idx":25},{"addr":140736909258954,"idx":26},{"addr":140736385071819,"idx":27},{"addr":140736385153039,"idx":28},{"addr":140736385398901,"idx":29},{"addr":140736385399961,"idx":30},{"addr":140736897083607,"idx":31},{"addr":140736916996940,"idx":32}],,,,,,,,,,,,,,,,,,,4096,0,17068,,,,,,,,,,,,,,,,,,,,,,,,,,,,,,,,,,,,,,,,,,,,,,,,,,,,,,,,,,,,,,,,,,,,,,,,,,,,,,,,,,,,,,,,,,,,,,,,,,,
"2025-09-02 15:13:22.4657694Z","ETW","Microsoft-Windows-Kernel-Process",6,"ImageUnloadInfo ",19992,12292,"svchost.exe",,,,"C:\Windows\System32\msvcp110_win.dll",,,,,,,,,,,,[{"addr":140736918203892,"idx":0},{"addr":140736917028534,"idx":1},{"addr":140736916779098,"idx":2},{"addr":140736916769422,"idx":3},{"addr":140736916769266,"idx":4},{"addr":140736916768404,"idx":5},{"addr":140736916773680,"idx":6},{"addr":140736872000489,"idx":7},{"addr":140736564313988,"idx":8},{"addr":140736564317195,"idx":9},{"addr":140736564310991,"idx":10},{"addr":140736564312326,"idx":11},{"addr":140736564315077,"idx":12},{"addr":140736823462372,"idx":13},{"addr":140736823295874,"idx":14},{"addr":140736823288719,"idx":15},{"addr":140736823283182,"idx":16},{"addr":140736823711170,"idx":17},{"addr":140736823633170,"idx":18},{"addr":140733981331259,"idx":19},{"addr":140734019755501,"idx":20},{"addr":140734019717060,"idx":21},{"addr":140734019700297,"idx":22},{"addr":140734019712588,"idx":23},{"addr":140734019690234,"idx":24},{"addr":140734019706334,"idx":25},{"addr":140736917282525,"idx":26},{"addr":140736917350969,"idx":27},{"addr":140736897083607,"idx":28},{"addr":140736916996940,"idx":29}],,,,,,,,,19992,,,,,,,,,,,,,,,,,,,,,,,,,,,,,,,,,,,,3464179610,140736793542656,140736793542656,602786,606208,,,,,,,,,,,,,,,,,,,,,,,,,,,,,,,,,,,,,,,,,,,,,,,,,,,,,,,,,,,,,,,,,,,,,,,
"2025-09-02 15:13:22.4658764Z","ETW","Microsoft-Windows-Kernel-Process",6,"ImageUnloadInfo ",19992,12292,"svchost.exe",,,,"C:\Windows\System32\msvcrt.dll",,,,,,,,,,,,[{"addr":140736918203892,"idx":0},{"addr":140736917028534,"idx":1},{"addr":140736916779098,"idx":2},{"addr":140736916769422,"idx":3},{"addr":140736916769266,"idx":4},{"addr":140736916768404,"idx":5},{"addr":140736916773680,"idx":6},{"addr":140736872000489,"idx":7},{"addr":140736564313988,"idx":8},{"addr":140736564317195,"idx":9},{"addr":140736564310991,"idx":10},{"addr":140736564312326,"idx":11},{"addr":140736564315077,"idx":12},{"addr":140736823462372,"idx":13},{"addr":140736823295874,"idx":14},{"addr":140736823288719,"idx":15},{"addr":140736823283182,"idx":16},{"addr":140736823711170,"idx":17},{"addr":140736823633170,"idx":18},{"addr":140733981331259,"idx":19},{"addr":140734019755501,"idx":20},{"addr":140734019717060,"idx":21},{"addr":140734019700297,"idx":22},{"addr":140734019712588,"idx":23},{"addr":140734019690234,"idx":24},{"addr":140734019706334,"idx":25},{"addr":140736917282525,"idx":26},{"addr":140736917350969,"idx":27},{"addr":140736897083607,"idx":28},{"addr":140736916996940,"idx":29}],,,,,,,,,19992,,,,,,,,,,,,,,,,,,,,,,,,,,,,,,,,,,,,2634004398,140736913342464,140736913342464,729924,704512,,,,,,,,,,,,,,,,,,,,,,,,,,,,,,,,,,,,,,,,,,,,,,,,,,,,,,,,,,,,,,,,,,,,,,,
"2025-09-02 15:13:22.4659267Z","ETW","Microsoft-Windows-Kernel-Process",6,"ImageUnloadInfo ",19992,12292,"svchost.exe",,,,"C:\Windows\System32\policymanager.dll",,,,,,,,,,,,[{"addr":140736918203892,"idx":0},{"addr":140736917028534,"idx":1},{"addr":140736916779098,"idx":2},{"addr":140736916773567,"idx":3},{"addr":140736872000489,"idx":4},{"addr":140736564313988,"idx":5},{"addr":140736564317195,"idx":6},{"addr":140736564310991,"idx":7},{"addr":140736564312326,"idx":8},{"addr":140736564315077,"idx":9},{"addr":140736823462372,"idx":10},{"addr":140736823295874,"idx":11},{"addr":140736823288719,"idx":12},{"addr":140736823283182,"idx":13},{"addr":140736823711170,"idx":14},{"addr":140736823633170,"idx":15},{"addr":140733981331259,"idx":16},{"addr":140734019755501,"idx":17},{"addr":140734019717060,"idx":18},{"addr":140734019700297,"idx":19},{"addr":140734019712588,"idx":20},{"addr":140734019690234,"idx":21},{"addr":140734019706334,"idx":22},{"addr":140736917282525,"idx":23},{"addr":140736917350969,"idx":24},{"addr":140736897083607,"idx":25},{"addr":140736916996940,"idx":26}],,,,,,,,,19992,,,,,,,,,,,,,,,,,,,,,,,,,,,,,,,,,,,,2757975175,140736805928960,140736805928960,801211,749568,,,,,,,,,,,,,,,,,,,,,,,,,,,,,,,,,,,,,,,,,,,,,,,,,,,,,,,,,,,,,,,,,,,,,,,
"2025-09-02 15:13:22.4660496Z","ETW","Microsoft-Windows-Kernel-Audit-API-Calls",6,"Info ",2496,4360,"svchost.exe",,,,,,,,,,,,,,,,[{"addr":140736918212548,"idx":0},{"addr":140736624141675,"idx":1},{"addr":140736624140828,"idx":2},{"addr":140736624140307,"idx":3},{"addr":140736624148436,"idx":4},{"addr":140736624147998,"idx":5},{"addr":140736624154053,"idx":6},{"addr":140736917453874,"idx":7},{"addr":140736917350976,"idx":8},{"addr":140736897083607,"idx":9},{"addr":140736916996940,"idx":10}],,,,,,,,,,,,,,,,,,,64,0,19464,11288,,,,,,,,,,,,,,,,,,,,,,,,,,,,,,,,,,,,,,,,,,,,,,,,,,,,,,,,,,,,,,,,,,,,,,,,,,,,,,,,,,,,,,,,,,,,,,,,,,
"2025-09-02 15:13:22.4660578Z","ETW","Microsoft-Windows-Kernel-Audit-API-Calls",5,"Info ",2496,4360,"svchost.exe",,,,,,,,,,,,,,,,[{"addr":140736918203764,"idx":0},{"addr":140736624141781,"idx":1},{"addr":140736624140828,"idx":2},{"addr":140736624140307,"idx":3},{"addr":140736624148436,"idx":4},{"addr":140736624147998,"idx":5},{"addr":140736624154053,"idx":6},{"addr":140736917453874,"idx":7},{"addr":140736917350976,"idx":8},{"addr":140736897083607,"idx":9},{"addr":140736916996940,"idx":10}],,,,,,,,,,,,,,,,,,,1024,0,19464,,,,,,,,,,,,,,,,,,,,,,,,,,,,,,,,,,,,,,,,,,,,,,,,,,,,,,,,,,,,,,,,,,,,,,,,,,,,,,,,,,,,,,,,,,,,,,,,,,,
"2025-09-02 15:13:22.4665808Z","ETW","Microsoft-Windows-Kernel-Audit-API-Calls",5,"Info ",528,12396,"svchost.exe",,,,,,,,,,,,,,,,[{"addr":140736918203764,"idx":0},{"addr":140736824401950,"idx":1},{"addr":140736917261860,"idx":2},{"addr":140736917263407,"idx":3},{"addr":140736917266967,"idx":4},{"addr":140736917265136,"idx":5},{"addr":140736917350329,"idx":6},{"addr":140736897083607,"idx":7},{"addr":140736916996940,"idx":8}],,,,,,,,,,,,,,,,,,,8192,0,8144,,,,,,,,,,,,,,,,,,,,,,,,,,,,,,,,,,,,,,,,,,,,,,,,,,,,,,,,,,,,,,,,,,,,,,,,,,,,,,,,,,,,,,,,,,,,,,,,,,,
"2025-09-02 15:13:22.4666140Z","ETW","Microsoft-Windows-Kernel-Audit-API-Calls",5,"Info ",5380,5932,"explorer.exe",,,,,,,,,,,,,,,,[{"addr":140736918203764,"idx":0},{"addr":140736872731894,"idx":1},{"addr":140736402635997,"idx":2},{"addr":140736444619355,"idx":3},{"addr":140736444616898,"idx":4},{"addr":140736446097951,"idx":5},{"addr":140736446097707,"idx":6},{"addr":140736444737584,"idx":7},{"addr":140736444732788,"idx":8},{"addr":140736445529002,"idx":9},{"addr":140736882620003,"idx":10},{"addr":140736882628366,"idx":11},{"addr":140736881847376,"idx":12},{"addr":140736909646461,"idx":13},{"addr":140736909646267,"idx":14},{"addr":140736909643574,"idx":15},{"addr":140736909641089,"idx":16},{"addr":140736910206646,"idx":17},{"addr":140736909293663,"idx":18},{"addr":140736909422200,"idx":19},{"addr":140736909415344,"idx":20},{"addr":140736909399044,"idx":21},{"addr":140736909260610,"idx":22},{"addr":140736909258954,"idx":23},{"addr":140736385071819,"idx":24},{"addr":140736385153039,"idx":25},{"addr":140736385398901,"idx":26},{"addr":140736385399961,"idx":27},{"addr":140736897083607,"idx":28},{"addr":140736916996940,"idx":29}],,,,,,,,,,,,,,,,,,,4096,0,8144,,,,,,,,,,,,,,,,,,,,,,,,,,,,,,,,,,,,,,,,,,,,,,,,,,,,,,,,,,,,,,,,,,,,,,,,,,,,,,,,,,,,,,,,,,,,,,,,,,,
"2025-09-02 15:13:22.4695349Z","ETW","Microsoft-Windows-Kernel-Audit-API-Calls",5,"Info ",528,11704,"svchost.exe",,,,,,,,,,,,,,,,[{"addr":140736918203764,"idx":0},{"addr":140736824428142,"idx":1},{"addr":140736824350341,"idx":2},{"addr":140736824340387,"idx":3},{"addr":140736824648518,"idx":4},{"addr":140736824647590,"idx":5},{"addr":140736824390677,"idx":6},{"addr":140736824388204,"idx":7},{"addr":140736882620003,"idx":8},{"addr":140736882628366,"idx":9},{"addr":140736882319852,"idx":10},{"addr":140736882311415,"idx":11},{"addr":140736882088628,"idx":12},{"addr":140736882092744,"idx":13},{"addr":140736882015316,"idx":14},{"addr":140736882081820,"idx":15},{"addr":140736882106396,"idx":16},{"addr":140736882102691,"idx":17},{"addr":140736882098504,"idx":18},{"addr":140736917358174,"idx":19},{"addr":140736917350275,"idx":20},{"addr":140736897083607,"idx":21},{"addr":140736916996940,"idx":22}],,,,,,,,,,,,,,,,,,,4096,0,19464,,,,,,,,,,,,,,,,,,,,,,,,,,,,,,,,,,,,,,,,,,,,,,,,,,,,,,,,,,,,,,,,,,,,,,,,,,,,,,,,,,,,,,,,,,,,,,,,,,,
"2025-09-02 15:13:22.4696070Z","ETW","Microsoft-Windows-Kernel-Audit-API-Calls",5,"Info ",528,12396,"svchost.exe",,,,,,,,,,,,,,,,[{"addr":140736918203764,"idx":0},{"addr":140736824428142,"idx":1},{"addr":140736824426211,"idx":2},{"addr":140736824430700,"idx":3},{"addr":140736824434883,"idx":4},{"addr":140736917255712,"idx":5},{"addr":140736917350945,"idx":6},{"addr":140736897083607,"idx":7},{"addr":140736916996940,"idx":8}],,,,,,,,,,,,,,,,,,,4096,0,19464,,,,,,,,,,,,,,,,,,,,,,,,,,,,,,,,,,,,,,,,,,,,,,,,,,,,,,,,,,,,,,,,,,,,,,,,,,,,,,,,,,,,,,,,,,,,,,,,,,,
"2025-09-02 15:13:22.4707888Z","ETW","Microsoft-Windows-Kernel-File",30,"CreateNewFileInfo ",19992,12292,"svchost.exe",,,,"C:\ProgramData\Microsoft\Windows\WER\Temp\bc8ef18d-d446-46ee-9682-be7a3f5d20a9",,,,,,,,,,,,[{"addr":140736918205268,"idx":0},{"addr":140736823279700,"idx":1},{"addr":140736823449839,"idx":2},{"addr":140736823711222,"idx":3},{"addr":140736823633170,"idx":4},{"addr":140733981331259,"idx":5},{"addr":140734019755501,"idx":6},{"addr":140734019717060,"idx":7},{"addr":140734019700297,"idx":8},{"addr":140734019712588,"idx":9},{"addr":140734019690234,"idx":10},{"addr":140734019706334,"idx":11},{"addr":140736917282525,"idx":12},{"addr":140736917350969,"idx":13},{"addr":140736897083607,"idx":14},{"addr":140736916996940,"idx":15}],128,33558528,18446660011106719408,18446660011079086328,12292,0,,,,,,,,,,,,,,,,,,,,,,,,,,,,,,,,,,,,,,,,,,,,,,,,,,,,,,,,,,,,,,,,,,,,,,,,,,,,,,,,,,,,,,,,,,,,,,,,,,,,,,,,,,,,,,,,,,
"2025-09-02 15:13:22.4708023Z","ETW","Microsoft-Windows-Kernel-File",10,"NameCreateInfo ",19992,12292,"svchost.exe",,,,"C:\ProgramData\Microsoft\Windows\WER\Temp\bc8ef18d-d446-46ee-9682-be7a3f5d20a9",,,,,,,,,,,,[{"addr":140736918205268,"idx":0},{"addr":140736823279700,"idx":1},{"addr":140736823449839,"idx":2},{"addr":140736823711222,"idx":3},{"addr":140736823633170,"idx":4},{"addr":140733981331259,"idx":5},{"addr":140734019755501,"idx":6},{"addr":140734019717060,"idx":7},{"addr":140734019700297,"idx":8},{"addr":140734019712588,"idx":9},{"addr":140734019690234,"idx":10},{"addr":140734019706334,"idx":11},{"addr":140736917282525,"idx":12},{"addr":140736917350969,"idx":13},{"addr":140736897083607,"idx":14},{"addr":140736916996940,"idx":15}],,,,,,,18446708904256670576,,,,,,,,,,,,,,,,,,,,,,,,,,,,,,,,,,,,,,,,,,,,,,,,,,,,,,,,,,,,,,,,,,,,,,,,,,,,,,,,,,,,,,,,,,,,,,,,,,,,,,,,,,,,,,,,,
"2025-09-02 15:13:22.4718480Z","ETW","Microsoft-Windows-Kernel-Process",5,"ImageLoadInfo ",19992,12292,"svchost.exe",,,,"C:\Windows\System32\policymanager.dll",,,,,,,,,,,,[{"addr":140736918203828,"idx":0},{"addr":140736917192506,"idx":1},{"addr":140736917191278,"idx":2},{"addr":140736917210764,"idx":3},{"addr":140736917201516,"idx":4},{"addr":140736917258922,"idx":5},{"addr":140736916785248,"idx":6},{"addr":140736916784352,"idx":7},{"addr":140736917101952,"idx":8},{"addr":140736872000198,"idx":9},{"addr":140736564313215,"idx":10},{"addr":140736564317195,"idx":11},{"addr":140736564310991,"idx":12},{"addr":140736564312326,"idx":13},{"addr":140736564315077,"idx":14},{"addr":140736823462372,"idx":15},{"addr":140736823295874,"idx":16},{"addr":140736823288719,"idx":17},{"addr":140736823282766,"idx":18},{"addr":140736823711170,"idx":19},{"addr":140736823633223,"idx":20},{"addr":140733981331259,"idx":21},{"addr":140734019755501,"idx":22},{"addr":140734019717060,"idx":23},{"addr":140734019700297,"idx":24},{"addr":140734019712588,"idx":25},{"addr":140734019690234,"idx":26},{"addr":140734019706334,"idx":27},{"addr":140736917282525,"idx":28},{"addr":140736917350969,"idx":29},{"addr":140736897083607,"idx":30},{"addr":140736916996940,"idx":31}],,,,,,,,,19992,,,,,,,,,,,,,,,,,,,,,,,,,,,,,,,,,,,,2757975175,140736805928960,140736805928960,801211,737280,,,,,,,,,,,,,,,,,,,,,,,,,,,,,,,,,,,,,,,,,,,,,,,,,,,,,,,,,,,,,,,,,,,,,,,
"2025-09-02 15:13:22.4719694Z","ETW","Microsoft-Windows-Kernel-Process",5,"ImageLoadInfo ",19992,12292,"svchost.exe",,,,"C:\Windows\System32\msvcrt.dll",,,,,,,,,,,,[{"addr":140736918203828,"idx":0},{"addr":140736917192506,"idx":1},{"addr":140736917191278,"idx":2},{"addr":140736917190209,"idx":3},{"addr":140736916798526,"idx":4},{"addr":140736916790798,"idx":5},{"addr":140736917191656,"idx":6},{"addr":140736917210764,"idx":7},{"addr":140736917201516,"idx":8},{"addr":140736917258922,"idx":9},{"addr":140736916785248,"idx":10},{"addr":140736916784352,"idx":11},{"addr":140736917101952,"idx":12},{"addr":140736872000198,"idx":13},{"addr":140736564313215,"idx":14},{"addr":140736564317195,"idx":15},{"addr":140736564310991,"idx":16},{"addr":140736564312326,"idx":17},{"addr":140736564315077,"idx":18},{"addr":140736823462372,"idx":19},{"addr":140736823295874,"idx":20},{"addr":140736823288719,"idx":21},{"addr":140736823282766,"idx":22},{"addr":140736823711170,"idx":23},{"addr":140736823633223,"idx":24},{"addr":140733981331259,"idx":25},{"addr":140734019755501,"idx":26},{"addr":140734019717060,"idx":27},{"addr":140734019700297,"idx":28},{"addr":140734019712588,"idx":29},{"addr":140734019690234,"idx":30},{"addr":140734019706334,"idx":31},{"addr":140736917282525,"idx":32},{"addr":140736917350969,"idx":33},{"addr":140736897083607,"idx":34},{"addr":140736916996940,"idx":35}],,,,,,,,,19992,,,,,,,,,,,,,,,,,,,,,,,,,,,,,,,,,,,,2634004398,140736913342464,140736913342464,729924,692224,,,,,,,,,,,,,,,,,,,,,,,,,,,,,,,,,,,,,,,,,,,,,,,,,,,,,,,,,,,,,,,,,,,,,,,
"2025-09-02 15:13:22.4720715Z","ETW","Microsoft-Windows-Kernel-Audit-API-Calls",5,"Info ",5380,5932,"explorer.exe",,,,,,,,,,,,,,,,[{"addr":140736918203764,"idx":0},{"addr":140736872731894,"idx":1},{"addr":140736444440318,"idx":2},{"addr":140736444439143,"idx":3},{"addr":140736446083290,"idx":4},{"addr":140736446083204,"idx":5},{"addr":140736446083163,"idx":6},{"addr":140736914375392,"idx":7},{"addr":140736918218964,"idx":8},{"addr":140736876122820,"idx":9},{"addr":140736914122143,"idx":10},{"addr":140736914122024,"idx":11},{"addr":140736385072094,"idx":12},{"addr":140736385153039,"idx":13},{"addr":140736385398901,"idx":14},{"addr":140736385399961,"idx":15},{"addr":140736897083607,"idx":16},{"addr":140736916996940,"idx":17}],,,,,,,,,,,,,,,,,,,4096,0,8144,,,,,,,,,,,,,,,,,,,,,,,,,,,,,,,,,,,,,,,,,,,,,,,,,,,,,,,,,,,,,,,,,,,,,,,,,,,,,,,,,,,,,,,,,,,,,,,,,,,
"2025-09-02 15:13:22.4720795Z","ETW","Microsoft-Windows-Kernel-Audit-API-Calls",5,"Info ",5380,5932,"explorer.exe",,,,,,,,,,,,,,,,[{"addr":140736918203764,"idx":0},{"addr":140736872731894,"idx":1},{"addr":140736444440532,"idx":2},{"addr":140736444439143,"idx":3},{"addr":140736446083290,"idx":4},{"addr":140736446083204,"idx":5},{"addr":140736446083163,"idx":6},{"addr":140736914375392,"idx":7},{"addr":140736918218964,"idx":8},{"addr":140736876122820,"idx":9},{"addr":140736914122143,"idx":10},{"addr":140736914122024,"idx":11},{"addr":140736385072094,"idx":12},{"addr":140736385153039,"idx":13},{"addr":140736385398901,"idx":14},{"addr":140736385399961,"idx":15},{"addr":140736897083607,"idx":16},{"addr":140736916996940,"idx":17}],,,,,,,,,,,,,,,,,,,4096,0,8144,,,,,,,,,,,,,,,,,,,,,,,,,,,,,,,,,,,,,,,,,,,,,,,,,,,,,,,,,,,,,,,,,,,,,,,,,,,,,,,,,,,,,,,,,,,,,,,,,,,
"2025-09-02 15:13:22.4726401Z","ETW","Microsoft-Windows-Kernel-Process",5,"ImageLoadInfo ",19464,11288,"CalculatorApp.exe",,,,"C:\Windows\System32\urlmon.dll",,,,,,,,,,,,[{"addr":140736918203828,"idx":0},{"addr":140736917192506,"idx":1},{"addr":140736917191278,"idx":2},{"addr":140736917210764,"idx":3},{"addr":140736917202269,"idx":4},{"addr":140736917259140,"idx":5},{"addr":140736916785248,"idx":6},{"addr":140736916786774,"idx":7},{"addr":140736917021315,"idx":8},{"addr":140736917023197,"idx":9},{"addr":140736680378386,"idx":10},{"addr":140736682261615,"idx":11},{"addr":140736676786664,"idx":12},{"addr":140736681099007,"idx":13},{"addr":140736679698532,"idx":14},{"addr":140736679698112,"idx":15},{"addr":140736678108701,"idx":16},{"addr":140736678106514,"idx":17},{"addr":140736678124833,"idx":18},{"addr":140736678123909,"idx":19},{"addr":140736717806864,"idx":20},{"addr":140736717798943,"idx":21},{"addr":140736718243655,"idx":22},{"addr":140736902955471,"idx":23},{"addr":140736897083607,"idx":24},{"addr":140736916996940,"idx":25}],,,,,,,,,19464,,,,,,,,,,,,,,,,,,,,,,,,,,,,,,,,,,,,4167353037,140736735477760,140736735477760,1997412,1986560,,,,,,,,,,,,,,,,,,,,,,,,,,,,,,,,,,,,,,,,,,,,,,,,,,,,,,,,,,,,,,,,,,,,,,,
"2025-09-02 15:13:22.4727780Z","ETW","Microsoft-Windows-Kernel-Process",5,"ImageLoadInfo ",19992,7332,"svchost.exe",,,,"C:\Windows\System32\msvcp110_win.dll",,,,,,,,,,,,[{"addr":140736918203828,"idx":0},{"addr":140736917192506,"idx":1},{"addr":140736917191278,"idx":2},{"addr":140736917210764,"idx":3},{"addr":140736917201516,"idx":4},{"addr":140736917258922,"idx":5},{"addr":140736917255216,"idx":6},{"addr":140736917350945,"idx":7},{"addr":140736897083607,"idx":8},{"addr":140736916996940,"idx":9}],,,,,,,,,19992,,,,,,,,,,,,,,,,,,,,,,,,,,,,,,,,,,,,3464179610,140736793542656,140736793542656,602786,593920,,,,,,,,,,,,,,,,,,,,,,,,,,,,,,,,,,,,,,,,,,,,,,,,,,,,,,,,,,,,,,,,,,,,,,,
"2025-09-02 15:13:22.4730319Z","ETW","Microsoft-Windows-Kernel-Process",5,"ImageLoadInfo ",19464,20688,"CalculatorApp.exe",,,,"C:\Windows\System32\windows.storage.dll",,,,,,,,,,,,[{"addr":140736918203828,"idx":0},{"addr":140736917192506,"idx":1},{"addr":140736917191278,"idx":2},{"addr":140736917210764,"idx":3},{"addr":140736917202269,"idx":4},{"addr":140736917259140,"idx":5},{"addr":140736917255216,"idx":6},{"addr":140736917350945,"idx":7},{"addr":140736897083607,"idx":8},{"addr":140736916996940,"idx":9}],,,,,,,,,19464,,,,,,,,,,,,,,,,,,,,,,,,,,,,,,,,,,,,156427775,140736830046208,140736830046208,8870321,8781824,,,,,,,,,,,,,,,,,,,,,,,,,,,,,,,,,,,,,,,,,,,,,,,,,,,,,,,,,,,,,,,,,,,,,,,
"2025-09-02 15:13:22.4740886Z","ETW","Microsoft-Windows-Kernel-Process",6,"ImageUnloadInfo ",19992,12292,"svchost.exe",,,,"C:\Windows\System32\msvcp110_win.dll",,,,,,,,,,,,[{"addr":140736918203892,"idx":0},{"addr":140736917028534,"idx":1},{"addr":140736916779098,"idx":2},{"addr":140736916769422,"idx":3},{"addr":140736916769266,"idx":4},{"addr":140736916768404,"idx":5},{"addr":140736916773680,"idx":6},{"addr":140736872000489,"idx":7},{"addr":140736564313988,"idx":8},{"addr":140736564317195,"idx":9},{"addr":140736564310991,"idx":10},{"addr":140736564312326,"idx":11},{"addr":140736564315077,"idx":12},{"addr":140736823462372,"idx":13},{"addr":140736823295874,"idx":14},{"addr":140736823288719,"idx":15},{"addr":140736823282766,"idx":16},{"addr":140736823711170,"idx":17},{"addr":140736823633223,"idx":18},{"addr":140733981331259,"idx":19},{"addr":140734019755501,"idx":20},{"addr":140734019717060,"idx":21},{"addr":140734019700297,"idx":22},{"addr":140734019712588,"idx":23},{"addr":140734019690234,"idx":24},{"addr":140734019706334,"idx":25},{"addr":140736917282525,"idx":26},{"addr":140736917350969,"idx":27},{"addr":140736897083607,"idx":28},{"addr":140736916996940,"idx":29}],,,,,,,,,19992,,,,,,,,,,,,,,,,,,,,,,,,,,,,,,,,,,,,3464179610,140736793542656,140736793542656,602786,606208,,,,,,,,,,,,,,,,,,,,,,,,,,,,,,,,,,,,,,,,,,,,,,,,,,,,,,,,,,,,,,,,,,,,,,,
"2025-09-02 15:13:22.4742920Z","ETW","Microsoft-Windows-Kernel-Process",6,"ImageUnloadInfo ",19992,12292,"svchost.exe",,,,"C:\Windows\System32\msvcrt.dll",,,,,,,,,,,,[{"addr":140736918203892,"idx":0},{"addr":140736917028534,"idx":1},{"addr":140736916779098,"idx":2},{"addr":140736916769422,"idx":3},{"addr":140736916769266,"idx":4},{"addr":140736916768404,"idx":5},{"addr":140736916773680,"idx":6},{"addr":140736872000489,"idx":7},{"addr":140736564313988,"idx":8},{"addr":140736564317195,"idx":9},{"addr":140736564310991,"idx":10},{"addr":140736564312326,"idx":11},{"addr":140736564315077,"idx":12},{"addr":140736823462372,"idx":13},{"addr":140736823295874,"idx":14},{"addr":140736823288719,"idx":15},{"addr":140736823282766,"idx":16},{"addr":140736823711170,"idx":17},{"addr":140736823633223,"idx":18},{"addr":140733981331259,"idx":19},{"addr":140734019755501,"idx":20},{"addr":140734019717060,"idx":21},{"addr":140734019700297,"idx":22},{"addr":140734019712588,"idx":23},{"addr":140734019690234,"idx":24},{"addr":140734019706334,"idx":25},{"addr":140736917282525,"idx":26},{"addr":140736917350969,"idx":27},{"addr":140736897083607,"idx":28},{"addr":140736916996940,"idx":29}],,,,,,,,,19992,,,,,,,,,,,,,,,,,,,,,,,,,,,,,,,,,,,,2634004398,140736913342464,140736913342464,729924,704512,,,,,,,,,,,,,,,,,,,,,,,,,,,,,,,,,,,,,,,,,,,,,,,,,,,,,,,,,,,,,,,,,,,,,,,
"2025-09-02 15:13:22.4743617Z","ETW","Microsoft-Windows-Kernel-Process",6,"ImageUnloadInfo ",19992,12292,"svchost.exe",,,,"C:\Windows\System32\policymanager.dll",,,,,,,,,,,,[{"addr":140736918203892,"idx":0},{"addr":140736917028534,"idx":1},{"addr":140736916779098,"idx":2},{"addr":140736916773567,"idx":3},{"addr":140736872000489,"idx":4},{"addr":140736564313988,"idx":5},{"addr":140736564317195,"idx":6},{"addr":140736564310991,"idx":7},{"addr":140736564312326,"idx":8},{"addr":140736564315077,"idx":9},{"addr":140736823462372,"idx":10},{"addr":140736823295874,"idx":11},{"addr":140736823288719,"idx":12},{"addr":140736823282766,"idx":13},{"addr":140736823711170,"idx":14},{"addr":140736823633223,"idx":15},{"addr":140733981331259,"idx":16},{"addr":140734019755501,"idx":17},{"addr":140734019717060,"idx":18},{"addr":140734019700297,"idx":19},{"addr":140734019712588,"idx":20},{"addr":140734019690234,"idx":21},{"addr":140734019706334,"idx":22},{"addr":140736917282525,"idx":23},{"addr":140736917350969,"idx":24},{"addr":140736897083607,"idx":25},{"addr":140736916996940,"idx":26}],,,,,,,,,19992,,,,,,,,,,,,,,,,,,,,,,,,,,,,,,,,,,,,2757975175,140736805928960,140736805928960,801211,749568,,,,,,,,,,,,,,,,,,,,,,,,,,,,,,,,,,,,,,,,,,,,,,,,,,,,,,,,,,,,,,,,,,,,,,,
"2025-09-02 15:13:22.4758966Z","ETW","Microsoft-Windows-Kernel-Process",3,"ThreadStartStart ",5380,7732,"explorer.exe",,,,,,,,,,,,,,,,[{"addr":140736918208964,"idx":0},{"addr":140736872776761,"idx":1},{"addr":140736897102141,"idx":2},{"addr":140736902701861,"idx":3},{"addr":140736903122914,"idx":4},{"addr":140736902708086,"idx":5},{"addr":140736902706669,"idx":6},{"addr":140736444722479,"idx":7},{"addr":140736444722263,"idx":8},{"addr":140736444859031,"idx":9},{"addr":140736902703990,"idx":10},{"addr":140736902703274,"idx":11},{"addr":140736902700103,"idx":12},{"addr":140736897083607,"idx":13},{"addr":140736916996940,"idx":14}],,,,,,,,,5380,18446639081576443904,18446639081576419328,140736902700080,0,10448896,1504,130809856,130752512,140736902700080,,,,,,,,,,,,,,,,,,,,,,,,,,,,,,,,,,,,,,,,,,,,,,,,,,,,,,,,,,,,,,,,,,,,,,,,,,,,,,,,,,,,,,,,,,,,,,,,,,,,,,
"2025-09-02 15:13:22.4760247Z","ETW","Microsoft-Windows-Kernel-Process",3,"ThreadStartStart ",19464,11288,"CalculatorApp.exe",,,,,,,,,,,,,,,,[{"addr":140736918208964,"idx":0},{"addr":140736872776761,"idx":1},{"addr":140736897102141,"idx":2},{"addr":140736678170764,"idx":3},{"addr":140736678170314,"idx":4},{"addr":140736678167972,"idx":5},{"addr":140736678167797,"idx":6},{"addr":140736678167602,"idx":7},{"addr":140736678167261,"idx":8},{"addr":140736677019946,"idx":9},{"addr":140736677019479,"idx":10},{"addr":140736677019370,"idx":11},{"addr":140736679698903,"idx":12},{"addr":140736679698214,"idx":13},{"addr":140736678108701,"idx":14},{"addr":140736678106514,"idx":15},{"addr":140736678124833,"idx":16},{"addr":140736678123909,"idx":17},{"addr":140736717806864,"idx":18},{"addr":140736717798943,"idx":19},{"addr":140736718243655,"idx":20},{"addr":140736902955471,"idx":21},{"addr":140736897083607,"idx":22},{"addr":140736916996940,"idx":23}],,,,,,,,,19464,18446639081575469056,18446639081575444480,140736678173040,0,926182453248,6084,926193549312,926193545216,140736678173040,,,,,,,,,,,,,,,,,,,,,,,,,,,,,,,,,,,,,,,,,,,,,,,,,,,,,,,,,,,,,,,,,,,,,,,,,,,,,,,,,,,,,,,,,,,,,,,,,,,,,,
"2025-09-02 15:13:22.4760563Z","ETW","Microsoft-Windows-Kernel-Process",3,"ThreadStartStart ",19464,11288,"CalculatorApp.exe",,,,,,,,,,,,,,,,[{"addr":140736918208964,"idx":0},{"addr":140736872776761,"idx":1},{"addr":140736897102141,"idx":2},{"addr":140736681124632,"idx":3},{"addr":140736678171081,"idx":4},{"addr":140736678168041,"idx":5},{"addr":140736678167797,"idx":6},{"addr":140736678167602,"idx":7},{"addr":140736678167261,"idx":8},{"addr":140736677019946,"idx":9},{"addr":140736677019479,"idx":10},{"addr":140736677019370,"idx":11},{"addr":140736679698903,"idx":12},{"addr":140736679698214,"idx":13},{"addr":140736678108701,"idx":14},{"addr":140736678106514,"idx":15},{"addr":140736678124833,"idx":16},{"addr":140736678123909,"idx":17},{"addr":140736717806864,"idx":18},{"addr":140736717798943,"idx":19},{"addr":140736718243655,"idx":20},{"addr":140736902955471,"idx":21},{"addr":140736897083607,"idx":22},{"addr":140736916996940,"idx":23}],,,,,,,,,19464,18446639081575669760,18446639081575645184,140736682109920,0,926182461440,19328,926194597888,926194593792,140736682109920,,,,,,,,,,,,,,,,,,,,,,,,,,,,,,,,,,,,,,,,,,,,,,,,,,,,,,,,,,,,,,,,,,,,,,,,,,,,,,,,,,,,,,,,,,,,,,,,,,,,,,
"2025-09-02 15:13:22.4768069Z","ETW","Microsoft-Windows-Kernel-Process",5,"ImageLoadInfo ",19464,6084,"CalculatorApp.exe",,,,"C:\Windows\System32\dxgi.dll",,,,,,,,,,,,[{"addr":140736918203828,"idx":0},{"addr":140736917192506,"idx":1},{"addr":140736917191278,"idx":2},{"addr":140736917210764,"idx":3},{"addr":140736917201516,"idx":4},{"addr":140736917258922,"idx":5},{"addr":140736916785248,"idx":6},{"addr":140736916784352,"idx":7},{"addr":140736917101952,"idx":8},{"addr":140736872000198,"idx":9},{"addr":140736678176650,"idx":10},{"addr":140736678174026,"idx":11},{"addr":140736678173091,"idx":12},{"addr":140736897083607,"idx":13},{"addr":140736916996940,"idx":14}],,,,,,,,,19464,,,,,,,,,,,,,,,,,,,,,,,,,,,,,,,,,,,,179780312,140736821395456,140736821395456,1361123,1302528,,,,,,,,,,,,,,,,,,,,,,,,,,,,,,,,,,,,,,,,,,,,,,,,,,,,,,,,,,,,,,,,,,,,,,,
"2025-09-02 15:13:22.4780323Z","ETW","Microsoft-Windows-Kernel-Process",5,"ImageLoadInfo ",19464,6084,"CalculatorApp.exe",,,,"C:\Windows\System32\DXCore.dll",,,,,,,,,,,,[{"addr":140736918203828,"idx":0},{"addr":140736917192506,"idx":1},{"addr":140736917191278,"idx":2},{"addr":140736917210764,"idx":3},{"addr":140736917202269,"idx":4},{"addr":140736917259140,"idx":5},{"addr":140736916785248,"idx":6},{"addr":140736916786774,"idx":7},{"addr":140736917098157,"idx":8},{"addr":140736916993351,"idx":9},{"addr":140736872145058,"idx":10},{"addr":140736821446777,"idx":11},{"addr":140736821718493,"idx":12},{"addr":140736821478507,"idx":13},{"addr":140736821476572,"idx":14},{"addr":140736821475930,"idx":15},{"addr":140736821477466,"idx":16},{"addr":140736821714085,"idx":17},{"addr":140736678175882,"idx":18},{"addr":140736678174026,"idx":19},{"addr":140736678173091,"idx":20},{"addr":140736897083607,"idx":21},{"addr":140736916996940,"idx":22}],,,,,,,,,19464,,,,,,,,,,,,,,,,,,,,,,,,,,,,,,,,,,,,2132968074,140736821067776,140736821067776,351724,315392,,,,,,,,,,,,,,,,,,,,,,,,,,,,,,,,,,,,,,,,,,,,,,,,,,,,,,,,,,,,,,,,,,,,,,,
"2025-09-02 15:13:22.4785351Z","ETW","Microsoft-Windows-Kernel-Process",5,"ImageLoadInfo ",19464,6084,"CalculatorApp.exe",,,,"C:\Windows\System32\ResourcePolicyClient.dll",,,,,,,,,,,,[{"addr":140736918203828,"idx":0},{"addr":140736917192506,"idx":1},{"addr":140736917191278,"idx":2},{"addr":140736917210764,"idx":3},{"addr":140736917202269,"idx":4},{"addr":140736917259140,"idx":5},{"addr":140736916785248,"idx":6},{"addr":140736916784352,"idx":7},{"addr":140736917101952,"idx":8},{"addr":140736872000198,"idx":9},{"addr":140736821727374,"idx":10},{"addr":140736821961885,"idx":11},{"addr":140736821718812,"idx":12},{"addr":140736821718361,"idx":13},{"addr":140736821478507,"idx":14},{"addr":140736821476572,"idx":15},{"addr":140736821475930,"idx":16},{"addr":140736821477466,"idx":17},{"addr":140736821714085,"idx":18},{"addr":140736678175882,"idx":19},{"addr":140736678174026,"idx":20},{"addr":140736678173091,"idx":21},{"addr":140736897083607,"idx":22},{"addr":140736916996940,"idx":23}],,,,,,,,,19464,,,,,,,,,,,,,,,,,,,,,,,,,,,,,,,,,,,,2069163340,140736825786368,140736825786368,104020,81920,,,,,,,,,,,,,,,,,,,,,,,,,,,,,,,,,,,,,,,,,,,,,,,,,,,,,,,,,,,,,,,,,,,,,,,
"2025-09-02 15:13:22.4786810Z","ETW","Microsoft-Windows-Kernel-Process",3,"ThreadStartStart ",8144,18036,"ApplicationFrameHost.exe",,,,,,,,,,,,,,,,[{"addr":140736918214756,"idx":0},{"addr":140736917257428,"idx":1},{"addr":140736917254706,"idx":2},{"addr":140736917350945,"idx":3},{"addr":140736897083607,"idx":4},{"addr":140736916996940,"idx":5}],,,,,,,,,8144,18446639081575841792,18446639081575817216,140736917348896,0,309581860864,4232,309590491136,309590482944,140736917348896,,,,,,,,,,,,,,,,,,,,,,,,,,,,,,,,,,,,,,,,,,,,,,,,,,,,,,,,,,,,,,,,,,,,,,,,,,,,,,,,,,,,,,,,,,,,,,,,,,,,,,
"2025-09-02 15:13:22.4788810Z","ETW","Microsoft-Windows-Kernel-Process",4,"ThreadStopStop ",5380,7732,"explorer.exe",,,,,,,,,,,,,,,,[],,,,,,,,10779080,5380,18446639081561735168,18446639081561710592,140736902700080,0,10424320,7732,126287872,126230528,140736902700080,,,,,,,,,,,,,,,,,,,,,,,,,,,,,,,,,,,,,,,,,,,,,,,,,,,,,,,,,,,,,,,,,,,,,,,,,,,,,,,,,,,,,,,,,,,,,,,,,,,,,,
"2025-09-02 15:13:22.4791125Z","ETW","Microsoft-Windows-Kernel-Audit-API-Calls",5,"Info ",528,8632,"svchost.exe",,,,,,,,,,,,,,,,[{"addr":140736918203764,"idx":0},{"addr":140736872731894,"idx":1},{"addr":140736819599374,"idx":2},{"addr":140736819599845,"idx":3},{"addr":140736819601600,"idx":4},{"addr":140736819596293,"idx":5},{"addr":140736819588315,"idx":6},{"addr":140736882620003,"idx":7},{"addr":140736882628366,"idx":8},{"addr":140736882319852,"idx":9},{"addr":140736882311415,"idx":10},{"addr":140736882088628,"idx":11},{"addr":140736882092744,"idx":12},{"addr":140736882015316,"idx":13},{"addr":140736882081820,"idx":14},{"addr":140736882106396,"idx":15},{"addr":140736882102691,"idx":16},{"addr":140736882098504,"idx":17},{"addr":140736917358174,"idx":18},{"addr":140736917350275,"idx":19},{"addr":140736897083607,"idx":20},{"addr":140736916996940,"idx":21}],,,,,,,,,,,,,,,,,,,4096,0,19464,,,,,,,,,,,,,,,,,,,,,,,,,,,,,,,,,,,,,,,,,,,,,,,,,,,,,,,,,,,,,,,,,,,,,,,,,,,,,,,,,,,,,,,,,,,,,,,,,,,
"2025-09-02 15:13:22.4793569Z","ETW","Microsoft-Windows-Kernel-Audit-API-Calls",5,"Info ",528,8632,"svchost.exe",,,,,,,,,,,,,,,,[{"addr":140736918203764,"idx":0},{"addr":140736872731894,"idx":1},{"addr":140736819653411,"idx":2},{"addr":140736819601237,"idx":3},{"addr":140736819596310,"idx":4},{"addr":140736819588315,"idx":5},{"addr":140736882620003,"idx":6},{"addr":140736882628366,"idx":7},{"addr":140736882319852,"idx":8},{"addr":140736882311415,"idx":9},{"addr":140736882088628,"idx":10},{"addr":140736882092744,"idx":11},{"addr":140736882015316,"idx":12},{"addr":140736882081820,"idx":13},{"addr":140736882106396,"idx":14},{"addr":140736882102691,"idx":15},{"addr":140736882098504,"idx":16},{"addr":140736917358174,"idx":17},{"addr":140736917350275,"idx":18},{"addr":140736897083607,"idx":19},{"addr":140736916996940,"idx":20}],,,,,,,,,,,,,,,,,,,4096,0,19464,,,,,,,,,,,,,,,,,,,,,,,,,,,,,,,,,,,,,,,,,,,,,,,,,,,,,,,,,,,,,,,,,,,,,,,,,,,,,,,,,,,,,,,,,,,,,,,,,,,
"2025-09-02 15:13:22.4796435Z","ETW","Microsoft-Windows-Kernel-Process",6,"ImageUnloadInfo ",19464,6084,"CalculatorApp.exe",,,,"C:\Windows\System32\ResourcePolicyClient.dll",,,,,,,,,,,,[{"addr":140736918203892,"idx":0},{"addr":140736917028534,"idx":1},{"addr":140736916779098,"idx":2},{"addr":140736916773567,"idx":3},{"addr":140736872000489,"idx":4},{"addr":140736821734943,"idx":5},{"addr":140736821962005,"idx":6},{"addr":140736821718812,"idx":7},{"addr":140736821718361,"idx":8},{"addr":140736821478507,"idx":9},{"addr":140736821476572,"idx":10},{"addr":140736821475930,"idx":11},{"addr":140736821477466,"idx":12},{"addr":140736821714085,"idx":13},{"addr":140736678175882,"idx":14},{"addr":140736678174026,"idx":15},{"addr":140736678173091,"idx":16},{"addr":140736897083607,"idx":17},{"addr":140736916996940,"idx":18}],,,,,,,,,19464,,,,,,,,,,,,,,,,,,,,,,,,,,,,,,,,,,,,2069163340,140736825786368,140736825786368,104020,94208,,,,,,,,,,,,,,,,,,,,,,,,,,,,,,,,,,,,,,,,,,,,,,,,,,,,,,,,,,,,,,,,,,,,,,,
"2025-09-02 15:13:22.4799697Z","ETW","Microsoft-Windows-Kernel-Process",5,"ImageLoadInfo ",19464,6084,"CalculatorApp.exe",,,,"C:\Windows\System32\directxdatabasehelper.dll",,,,,,,,,,,,[{"addr":140736918203828,"idx":0},{"addr":140736917192506,"idx":1},{"addr":140736917191278,"idx":2},{"addr":140736917210764,"idx":3},{"addr":140736917202269,"idx":4},{"addr":140736917259140,"idx":5},{"addr":140736916785248,"idx":6},{"addr":140736916786774,"idx":7},{"addr":140736917021315,"idx":8},{"addr":140736917023197,"idx":9},{"addr":140736821738210,"idx":10},{"addr":140736821867495,"idx":11},{"addr":140736821719118,"idx":12},{"addr":140736821718361,"idx":13},{"addr":140736821478507,"idx":14},{"addr":140736821476572,"idx":15},{"addr":140736821475930,"idx":16},{"addr":140736821477466,"idx":17},{"addr":140736821714085,"idx":18},{"addr":140736678175882,"idx":19},{"addr":140736678174026,"idx":20},{"addr":140736678173091,"idx":21},{"addr":140736897083607,"idx":22},{"addr":140736916996940,"idx":23}],,,,,,,,,19464,,,,,,,,,,,,,,,,,,,,,,,,,,,,,,,,,,,,741009652,140736772046848,140736772046848,486960,434176,,,,,,,,,,,,,,,,,,,,,,,,,,,,,,,,,,,,,,,,,,,,,,,,,,,,,,,,,,,,,,,,,,,,,,,
"2025-09-02 15:13:22.4806371Z","ETW","Microsoft-Windows-Kernel-Process",5,"ImageLoadInfo ",19464,6084,"CalculatorApp.exe",,,,"C:\Windows\System32\cfgmgr32.dll",,,,,,,,,,,,[{"addr":140736918203828,"idx":0},{"addr":140736917192506,"idx":1},{"addr":140736917191278,"idx":2},{"addr":140736917210764,"idx":3},{"addr":140736917202269,"idx":4},{"addr":140736917259140,"idx":5},{"addr":140736916785248,"idx":6},{"addr":140736916786774,"idx":7},{"addr":140736917021315,"idx":8},{"addr":140736917023197,"idx":9},{"addr":140736821265202,"idx":10},{"addr":140736821082932,"idx":11},{"addr":140736821248895,"idx":12},{"addr":140736821182326,"idx":13},{"addr":140736821110781,"idx":14},{"addr":140736821199870,"idx":15},{"addr":140736772160239,"idx":16},{"addr":140736821811961,"idx":17},{"addr":140736821976533,"idx":18},{"addr":140736821719465,"idx":19},{"addr":140736821718361,"idx":20},{"addr":140736821478507,"idx":21},{"addr":140736821476572,"idx":22},{"addr":140736821475930,"idx":23},{"addr":140736821477466,"idx":24},{"addr":140736821714085,"idx":25},{"addr":140736678175882,"idx":26},{"addr":140736678174026,"idx":27},{"addr":140736678173091,"idx":28},{"addr":140736897083607,"idx":29},{"addr":140736916996940,"idx":30}],,,,,,,,,19464,,,,,,,,,,,,,,,,,,,,,,,,,,,,,,,,,,,,836129831,140736862748672,140736862748672,378754,356352,,,,,,,,,,,,,,,,,,,,,,,,,,,,,,,,,,,,,,,,,,,,,,,,,,,,,,,,,,,,,,,,,,,,,,,
"2025-09-02 15:13:22.4807261Z","ETW","Microsoft-Windows-Kernel-Audit-API-Calls",5,"Info ",4900,7676,"ctfmon.exe",,,,,,,,,,,,,,,,[{"addr":140736918206916,"idx":0},{"addr":140736900739521,"idx":1},{"addr":140736900742168,"idx":2},{"addr":140736900735498,"idx":3},{"addr":140736901294627,"idx":4},{"addr":140736897083607,"idx":5},{"addr":140736916996940,"idx":6}],,,,,,,,,,,,,,,,,,,4096,0,8144,,,,,,,,,,,,,,,,,,,,,,,,,,,,,,,,,,,,,,,,,,,,,,,,,,,,,,,,,,,,,,,,,,,,,,,,,,,,,,,,,,,,,,,,,,,,,,,,,,,
"2025-09-02 15:13:22.4824344Z","ETW","Microsoft-Antimalware-Engine",59,"Message Info ",1912,10404,"MsMpEng.exe",,,,,,0,"!BMGroup:DridexVulnDlls.A","0x195B3BF987774","01184f82067d771b42525bbf6c6541ec7a8114a3",,,,,,,[],,,,,,,,,,,,,,,,,,,,,,,,,,,,,,,,,,,,,,,,,,,,,,,,,,,,,,,,,,,,,,,,,,,,,,,,,,,,,,,,,,,,,,,,,,,,,,,,,,,,,,,,,,,,,,,,,,,,,,,,
"2025-09-02 15:13:22.4824432Z","ETW","Microsoft-Windows-Kernel-Process",5,"ImageLoadInfo ",19464,6084,"CalculatorApp.exe",,,,"C:\Windows\System32\Windows.StateRepositoryCore.dll",,,,,,,,,,,,[{"addr":140736918203828,"idx":0},{"addr":140736917192506,"idx":1},{"addr":140736917191278,"idx":2},{"addr":140736917210764,"idx":3},{"addr":140736917202269,"idx":4},{"addr":140736917259140,"idx":5},{"addr":140736916785248,"idx":6},{"addr":140736916786774,"idx":7},{"addr":140736917021315,"idx":8},{"addr":140736917023197,"idx":9},{"addr":140736873012562,"idx":10},{"addr":140736873171359,"idx":11},{"addr":140736873019876,"idx":12},{"addr":140736772077611,"idx":13},{"addr":140736772105363,"idx":14},{"addr":140736772131442,"idx":15},{"addr":140736772162173,"idx":16},{"addr":140736772068373,"idx":17},{"addr":140736772170040,"idx":18},{"addr":140736821812506,"idx":19},{"addr":140736821719473,"idx":20},{"addr":140736821718361,"idx":21},{"addr":140736821478507,"idx":22},{"addr":140736821476572,"idx":23},{"addr":140736821475930,"idx":24},{"addr":140736821477466,"idx":25},{"addr":140736821714085,"idx":26},{"addr":140736678175882,"idx":27},{"addr":140736678174026,"idx":28},{"addr":140736678173091,"idx":29},{"addr":140736897083607,"idx":30},{"addr":140736916996940,"idx":31}],,,,,,,,,19464,,,,,,,,,,,,,,,,,,,,,,,,,,,,,,,,,,,,3847844510,140736632913920,140736632913920,174488,106496,,,,,,,,,,,,,,,,,,,,,,,,,,,,,,,,,,,,,,,,,,,,,,,,,,,,,,,,,,,,,,,,,,,,,,,
"2025-09-02 15:13:22.4833345Z","ETW","Microsoft-Windows-Kernel-File",30,"CreateNewFileInfo ",19992,12292,"svchost.exe",,,,"C:\ProgramData\Microsoft\Windows\WER\Temp\f230a672-d747-4d24-a75f-97f1efddb5c7",,,,,,,,,,,,[{"addr":140736918205268,"idx":0},{"addr":140736823279700,"idx":1},{"addr":140736823449839,"idx":2},{"addr":140736823711222,"idx":3},{"addr":140736823633223,"idx":4},{"addr":140733981331259,"idx":5},{"addr":140734019755501,"idx":6},{"addr":140734019717060,"idx":7},{"addr":140734019700297,"idx":8},{"addr":140734019712588,"idx":9},{"addr":140734019690234,"idx":10},{"addr":140734019706334,"idx":11},{"addr":140736917282525,"idx":12},{"addr":140736917350969,"idx":13},{"addr":140736897083607,"idx":14},{"addr":140736916996940,"idx":15}],128,33558528,18446660011223691680,18446660011374219512,12292,0,,,,,,,,,,,,,,,,,,,,,,,,,,,,,,,,,,,,,,,,,,,,,,,,,,,,,,,,,,,,,,,,,,,,,,,,,,,,,,,,,,,,,,,,,,,,,,,,,,,,,,,,,,,,,,,,,,
"2025-09-02 15:13:22.4833476Z","ETW","Microsoft-Windows-Kernel-File",10,"NameCreateInfo ",19992,12292,"svchost.exe",,,,"C:\ProgramData\Microsoft\Windows\WER\Temp\f230a672-d747-4d24-a75f-97f1efddb5c7",,,,,,,,,,,,[{"addr":140736918205268,"idx":0},{"addr":140736823279700,"idx":1},{"addr":140736823449839,"idx":2},{"addr":140736823711222,"idx":3},{"addr":140736823633223,"idx":4},{"addr":140733981331259,"idx":5},{"addr":140734019755501,"idx":6},{"addr":140734019717060,"idx":7},{"addr":140734019700297,"idx":8},{"addr":140734019712588,"idx":9},{"addr":140734019690234,"idx":10},{"addr":140734019706334,"idx":11},{"addr":140736917282525,"idx":12},{"addr":140736917350969,"idx":13},{"addr":140736897083607,"idx":14},{"addr":140736916996940,"idx":15}],,,,,,,18446708904554037616,,,,,,,,,,,,,,,,,,,,,,,,,,,,,,,,,,,,,,,,,,,,,,,,,,,,,,,,,,,,,,,,,,,,,,,,,,,,,,,,,,,,,,,,,,,,,,,,,,,,,,,,,,,,,,,,,
"2025-09-02 15:13:22.4834694Z","ETW","Microsoft-Windows-Kernel-Process",5,"ImageLoadInfo ",19464,11288,"CalculatorApp.exe",,,,"C:\Program Files\WindowsApps\Microsoft.WindowsCalculator_11.2502.2.0_x64__8wekyb3d8bbwe\CalcViewModel.dll",,,,,,,,,,,,[{"addr":140736918203828,"idx":0},{"addr":140736917192506,"idx":1},{"addr":140736917191278,"idx":2},{"addr":140736917210764,"idx":3},{"addr":140736917202269,"idx":4},{"addr":140736917259140,"idx":5},{"addr":140736916785248,"idx":6},{"addr":140736916784352,"idx":7},{"addr":140736917101952,"idx":8},{"addr":140736872000198,"idx":9},{"addr":140736909363845,"idx":10},{"addr":140736909362547,"idx":11},{"addr":140736909531736,"idx":12},{"addr":140736909524833,"idx":13},{"addr":140736909523551,"idx":14},{"addr":140733401757042,"idx":15},{"addr":140733401756635,"idx":16},{"addr":140733401756493,"idx":17},{"addr":140733401959797,"idx":18},{"addr":140733857075327,"idx":19},{"addr":140733857075273,"idx":20},{"addr":140733856694025,"idx":21},{"addr":140733857090463,"idx":22},{"addr":140733857745223,"idx":23},{"addr":140736678637036,"idx":24},{"addr":140736678124113,"idx":25},{"addr":140736717806864,"idx":26},{"addr":140736717798943,"idx":27},{"addr":140736718243655,"idx":28},{"addr":140736902955471,"idx":29},{"addr":140736897083607,"idx":30},{"addr":140736916996940,"idx":31}],,,,,,,,,19464,,,,,,,,,,,,,,,,,,,,,,,,,,,,,,,,,,,,1741028897,140733908451328,140733908451328,0,2383872,,,,,,,,,,,,,,,,,,,,,,,,,,,,,,,,,,,,,,,,,,,,,,,,,,,,,,,,,,,,,,,,,,,,,,,
"2025-09-02 15:13:22.4841262Z","ETW","Microsoft-Windows-Kernel-Process",5,"ImageLoadInfo ",19464,6084,"CalculatorApp.exe",,,,"C:\Program Files\WindowsApps\Microsoft.VCLibs.140.00_14.0.33519.0_x64__8wekyb3d8bbwe\vcruntime140_1_app.dll",,,,,,,,,,,,[{"addr":140736918203828,"idx":0},{"addr":140736917192506,"idx":1},{"addr":140736917191278,"idx":2},{"addr":140736917210764,"idx":3},{"addr":140736917201516,"idx":4},{"addr":140736917258922,"idx":5},{"addr":140736916999751,"idx":6},{"addr":140736916785114,"idx":7},{"addr":140736916784352,"idx":8},{"addr":140736917101952,"idx":9},{"addr":140736872000198,"idx":10},{"addr":140736678180715,"idx":11},{"addr":140736678174980,"idx":12},{"addr":140736678173091,"idx":13},{"addr":140736897083607,"idx":14},{"addr":140736916996940,"idx":15}],,,,,,,,,19464,,,,,,,,,,,,,,,,,,,,,,,,,,,,,,,,,,,,606015248,140736488144896,140736488144896,99370,49152,,,,,,,,,,,,,,,,,,,,,,,,,,,,,,,,,,,,,,,,,,,,,,,,,,,,,,,,,,,,,,,,,,,,,,,
"2025-09-02 15:13:22.4841489Z","ETW","Microsoft-Windows-Kernel-Process",5,"ImageLoadInfo ",19464,11288,"CalculatorApp.exe",,,,"C:\Program Files\WindowsApps\Microsoft.VCLibs.140.00_14.0.33519.0_x64__8wekyb3d8bbwe\msvcp140_app.dll",,,,,,,,,,,,[{"addr":140736918203828,"idx":0},{"addr":140736917192506,"idx":1},{"addr":140736917191278,"idx":2},{"addr":140736917210764,"idx":3},{"addr":140736917201516,"idx":4},{"addr":140736917258922,"idx":5},{"addr":140736916999751,"idx":6},{"addr":140736916785258,"idx":7},{"addr":140736916784352,"idx":8},{"addr":140736917101952,"idx":9},{"addr":140736872000198,"idx":10},{"addr":140736909363845,"idx":11},{"addr":140736909362547,"idx":12},{"addr":140736909531736,"idx":13},{"addr":140736909524833,"idx":14},{"addr":140736909523551,"idx":15},{"addr":140733401757042,"idx":16},{"addr":140733401756635,"idx":17},{"addr":140733401756493,"idx":18},{"addr":140733401959797,"idx":19},{"addr":140733857075327,"idx":20},{"addr":140733857075273,"idx":21},{"addr":140733856694025,"idx":22},{"addr":140733857090463,"idx":23},{"addr":140733857745223,"idx":24},{"addr":140736678637036,"idx":25},{"addr":140736678124113,"idx":26},{"addr":140736717806864,"idx":27},{"addr":140736717798943,"idx":28},{"addr":140736718243655,"idx":29},{"addr":140736902955471,"idx":30},{"addr":140736897083607,"idx":31},{"addr":140736916996940,"idx":32}],,,,,,,,,19464,,,,,,,,,,,,,,,,,,,,,,,,,,,,,,,,,,,,3775341646,140736295337984,140736295337984,626197,573440,,,,,,,,,,,,,,,,,,,,,,,,,,,,,,,,,,,,,,,,,,,,,,,,,,,,,,,,,,,,,,,,,,,,,,,
"2025-09-02 15:13:22.4843703Z","ETW","Microsoft-Windows-Kernel-Process",5,"ImageLoadInfo ",19464,20688,"CalculatorApp.exe",,,,"C:\Program Files\WindowsApps\Microsoft.VCLibs.140.00_14.0.33519.0_x64__8wekyb3d8bbwe\concrt140_app.dll",,,,,,,,,,,,[{"addr":140736918203828,"idx":0},{"addr":140736917192506,"idx":1},{"addr":140736917191278,"idx":2},{"addr":140736917210764,"idx":3},{"addr":140736917201516,"idx":4},{"addr":140736917258922,"idx":5},{"addr":140736917255216,"idx":6},{"addr":140736917350945,"idx":7},{"addr":140736897083607,"idx":8},{"addr":140736916996940,"idx":9}],,,,,,,,,19464,,,,,,,,,,,,,,,,,,,,,,,,,,,,,,,,,,,,3173964004,140736542605312,140736542605312,326544,303104,,,,,,,,,,,,,,,,,,,,,,,,,,,,,,,,,,,,,,,,,,,,,,,,,,,,,,,,,,,,,,,,,,,,,,,
"2025-09-02 15:13:22.4845360Z","ETW","Microsoft-Windows-Kernel-Process",5,"ImageLoadInfo ",19464,12744,"CalculatorApp.exe",,,,"C:\Program Files\WindowsApps\Microsoft.VCLibs.140.00_14.0.33519.0_x64__8wekyb3d8bbwe\vccorlib140_app.dll",,,,,,,,,,,,[{"addr":140736918203828,"idx":0},{"addr":140736917192506,"idx":1},{"addr":140736917191278,"idx":2},{"addr":140736917210764,"idx":3},{"addr":140736917201516,"idx":4},{"addr":140736917258922,"idx":5},{"addr":140736917255216,"idx":6},{"addr":140736917350945,"idx":7},{"addr":140736897083607,"idx":8},{"addr":140736916996940,"idx":9}],,,,,,,,,19464,,,,,,,,,,,,,,,,,,,,,,,,,,,,,,,,,,,,1316406955,140734013833216,140734013833216,385886,335872,,,,,,,,,,,,,,,,,,,,,,,,,,,,,,,,,,,,,,,,,,,,,,,,,,,,,,,,,,,,,,,,,,,,,,,
"2025-09-02 15:13:22.4849041Z","ETW","Microsoft-Windows-Kernel-Audit-API-Calls",5,"Info ",5380,5932,"explorer.exe",,,,,,,,,,,,,,,,[{"addr":140736918203764,"idx":0},{"addr":140736872731894,"idx":1},{"addr":140736402635997,"idx":2},{"addr":140736444426842,"idx":3},{"addr":140736444422450,"idx":4},{"addr":140736380163635,"idx":5},{"addr":140736379887339,"idx":6},{"addr":140736379886107,"idx":7},{"addr":140736380085383,"idx":8},{"addr":140736380059802,"idx":9},{"addr":140736380059676,"idx":10},{"addr":140736914162134,"idx":11},{"addr":140736914152749,"idx":12},{"addr":140736385072015,"idx":13},{"addr":140736385153039,"idx":14},{"addr":140736385398901,"idx":15},{"addr":140736385399961,"idx":16},{"addr":140736897083607,"idx":17},{"addr":140736916996940,"idx":18}],,,,,,,,,,,,,,,,,,,4096,0,8144,,,,,,,,,,,,,,,,,,,,,,,,,,,,,,,,,,,,,,,,,,,,,,,,,,,,,,,,,,,,,,,,,,,,,,,,,,,,,,,,,,,,,,,,,,,,,,,,,,,
"2025-09-02 15:13:22.4850690Z","ETW","Microsoft-Windows-Kernel-Audit-API-Calls",5,"Info ",4900,6264,"ctfmon.exe",,,,,,,,,,,,,,,,[{"addr":140736918203764,"idx":0},{"addr":140736872731894,"idx":1},{"addr":140736661124088,"idx":2},{"addr":140736661123728,"idx":3},{"addr":140736661331367,"idx":4},{"addr":140736762331528,"idx":5},{"addr":140736762331337,"idx":6},{"addr":140736762342269,"idx":7},{"addr":140736761848934,"idx":8},{"addr":140736762102206,"idx":9},{"addr":140736761872922,"idx":10},{"addr":140736761870928,"idx":11},{"addr":140736813613695,"idx":12},{"addr":140736813611738,"idx":13},{"addr":140736813992650,"idx":14},{"addr":140736813605311,"idx":15},{"addr":140736813677306,"idx":16},{"addr":140736813675690,"idx":17},{"addr":140736813675059,"idx":18},{"addr":140736813705220,"idx":19},{"addr":140736813708749,"idx":20},{"addr":140736813707270,"idx":21},{"addr":140736813706702,"idx":22},{"addr":140736813666817,"idx":23},{"addr":140736813942079,"idx":24},{"addr":140736813625204,"idx":25},{"addr":140736813624077,"idx":26},{"addr":140736813683309,"idx":27},{"addr":140736813684989,"idx":28},{"addr":140736813684120,"idx":29},{"addr":140736813678304,"idx":30},{"addr":140736914162134,"idx":31},{"addr":140736914160220,"idx":32},{"addr":140736914362035,"idx":33},{"addr":140736918218964,"idx":34},{"addr":140736876122820,"idx":35},{"addr":140736914122143,"idx":36},{"addr":140736914122024,"idx":37},{"addr":140736813919654,"idx":38},{"addr":140736813919398,"idx":39},{"addr":140736813919071,"idx":40},{"addr":140736813638628,"idx":41},{"addr":140736814110186,"idx":42},{"addr":140736814085855,"idx":43},{"addr":140736813866763,"idx":44},{"addr":140736497381779,"idx":45},{"addr":140736497286952,"idx":46},{"addr":140736897083607,"idx":47},{"addr":140736916996940,"idx":48}],,,,,,,,,,,,,,,,,,,4096,0,8144,,,,,,,,,,,,,,,,,,,,,,,,,,,,,,,,,,,,,,,,,,,,,,,,,,,,,,,,,,,,,,,,,,,,,,,,,,,,,,,,,,,,,,,,,,,,,,,,,,,
"2025-09-02 15:13:22.4852083Z","ETW","Microsoft-Windows-Kernel-Audit-API-Calls",6,"Info ",4900,6264,"ctfmon.exe",,,,,,,,,,,,,,,,[{"addr":140736918212548,"idx":0},{"addr":140736872857142,"idx":1},{"addr":140736496613608,"idx":2},{"addr":140736497176138,"idx":3},{"addr":140736661163700,"idx":4},{"addr":140736761842638,"idx":5},{"addr":140736761842217,"idx":6},{"addr":140736762232251,"idx":7},{"addr":140736761848934,"idx":8},{"addr":140736762102206,"idx":9},{"addr":140736761872922,"idx":10},{"addr":140736761870928,"idx":11},{"addr":140736813613695,"idx":12},{"addr":140736813611738,"idx":13},{"addr":140736813992650,"idx":14},{"addr":140736813605311,"idx":15},{"addr":140736813677306,"idx":16},{"addr":140736813675690,"idx":17},{"addr":140736813675059,"idx":18},{"addr":140736813705220,"idx":19},{"addr":140736813708749,"idx":20},{"addr":140736813707270,"idx":21},{"addr":140736813706702,"idx":22},{"addr":140736813666817,"idx":23},{"addr":140736813942079,"idx":24},{"addr":140736813625204,"idx":25},{"addr":140736813624077,"idx":26},{"addr":140736813683309,"idx":27},{"addr":140736813684989,"idx":28},{"addr":140736813684120,"idx":29},{"addr":140736813678304,"idx":30},{"addr":140736914162134,"idx":31},{"addr":140736914160220,"idx":32},{"addr":140736914362035,"idx":33},{"addr":140736918218964,"idx":34},{"addr":140736876122820,"idx":35},{"addr":140736914122143,"idx":36},{"addr":140736914122024,"idx":37},{"addr":140736813919654,"idx":38},{"addr":140736813919398,"idx":39},{"addr":140736813919071,"idx":40},{"addr":140736813638628,"idx":41},{"addr":140736814110186,"idx":42},{"addr":140736814085855,"idx":43},{"addr":140736813866763,"idx":44},{"addr":140736497381779,"idx":45},{"addr":140736497286952,"idx":46},{"addr":140736897083607,"idx":47},{"addr":140736916996940,"idx":48}],,,,,,,,,,,,,,,,,,,2048,0,8144,10384,,,,,,,,,,,,,,,,,,,,,,,,,,,,,,,,,,,,,,,,,,,,,,,,,,,,,,,,,,,,,,,,,,,,,,,,,,,,,,,,,,,,,,,,,,,,,,,,,,
"2025-09-02 15:13:22.4852498Z","ETW","Microsoft-Windows-Kernel-Audit-API-Calls",6,"Info ",4900,6264,"ctfmon.exe",,,,,,,,,,,,,,,,[{"addr":140736918212548,"idx":0},{"addr":140736872857142,"idx":1},{"addr":140736496891439,"idx":2},{"addr":140736496950489,"idx":3},{"addr":140736497451254,"idx":4},{"addr":140736661060314,"idx":5},{"addr":140736661171188,"idx":6},{"addr":140736660898052,"idx":7},{"addr":140736660894109,"idx":8},{"addr":140736660892693,"idx":9},{"addr":140736661168446,"idx":10},{"addr":140736762238226,"idx":11},{"addr":140736762237933,"idx":12},{"addr":140736762275289,"idx":13},{"addr":140736761848934,"idx":14},{"addr":140736762102206,"idx":15},{"addr":140736761872922,"idx":16},{"addr":140736761870928,"idx":17},{"addr":140736813613695,"idx":18},{"addr":140736813611738,"idx":19},{"addr":140736813992650,"idx":20},{"addr":140736813605311,"idx":21},{"addr":140736813677306,"idx":22},{"addr":140736813675690,"idx":23},{"addr":140736813675059,"idx":24},{"addr":140736813705220,"idx":25},{"addr":140736813708749,"idx":26},{"addr":140736813707270,"idx":27},{"addr":140736813706702,"idx":28},{"addr":140736813666817,"idx":29},{"addr":140736813942079,"idx":30},{"addr":140736813625204,"idx":31},{"addr":140736813624077,"idx":32},{"addr":140736813683309,"idx":33},{"addr":140736813684989,"idx":34},{"addr":140736813684120,"idx":35},{"addr":140736813678304,"idx":36},{"addr":140736914162134,"idx":37},{"addr":140736914160220,"idx":38},{"addr":140736914362035,"idx":39},{"addr":140736918218964,"idx":40},{"addr":140736876122820,"idx":41},{"addr":140736914122143,"idx":42},{"addr":140736914122024,"idx":43},{"addr":140736813919654,"idx":44},{"addr":140736813919398,"idx":45},{"addr":140736813919071,"idx":46},{"addr":140736813638628,"idx":47},{"addr":140736814110186,"idx":48},{"addr":140736814085855,"idx":49},{"addr":140736813866763,"idx":50},{"addr":140736497381779,"idx":51},{"addr":140736497286952,"idx":52},{"addr":140736897083607,"idx":53},{"addr":140736916996940,"idx":54}],,,,,,,,,,,,,,,,,,,2048,0,8144,10384,,,,,,,,,,,,,,,,,,,,,,,,,,,,,,,,,,,,,,,,,,,,,,,,,,,,,,,,,,,,,,,,,,,,,,,,,,,,,,,,,,,,,,,,,,,,,,,,,,
"2025-09-02 15:13:22.4853263Z","ETW","Microsoft-Windows-Kernel-Audit-API-Calls",5,"Info ",4900,6264,"ctfmon.exe",,,,,,,,,,,,,,,,[{"addr":140736918203764,"idx":0},{"addr":140736872731894,"idx":1},{"addr":140736660660676,"idx":2},{"addr":140736660898616,"idx":3},{"addr":140736660894128,"idx":4},{"addr":140736660892693,"idx":5},{"addr":140736661168446,"idx":6},{"addr":140736762238226,"idx":7},{"addr":140736762237933,"idx":8},{"addr":140736762275289,"idx":9},{"addr":140736761848934,"idx":10},{"addr":140736762102206,"idx":11},{"addr":140736761872922,"idx":12},{"addr":140736761870928,"idx":13},{"addr":140736813613695,"idx":14},{"addr":140736813611738,"idx":15},{"addr":140736813992650,"idx":16},{"addr":140736813605311,"idx":17},{"addr":140736813677306,"idx":18},{"addr":140736813675690,"idx":19},{"addr":140736813675059,"idx":20},{"addr":140736813705220,"idx":21},{"addr":140736813708749,"idx":22},{"addr":140736813707270,"idx":23},{"addr":140736813706702,"idx":24},{"addr":140736813666817,"idx":25},{"addr":140736813942079,"idx":26},{"addr":140736813625204,"idx":27},{"addr":140736813624077,"idx":28},{"addr":140736813683309,"idx":29},{"addr":140736813684989,"idx":30},{"addr":140736813684120,"idx":31},{"addr":140736813678304,"idx":32},{"addr":140736914162134,"idx":33},{"addr":140736914160220,"idx":34},{"addr":140736914362035,"idx":35},{"addr":140736918218964,"idx":36},{"addr":140736876122820,"idx":37},{"addr":140736914122143,"idx":38},{"addr":140736914122024,"idx":39},{"addr":140736813919654,"idx":40},{"addr":140736813919398,"idx":41},{"addr":140736813919071,"idx":42},{"addr":140736813638628,"idx":43},{"addr":140736814110186,"idx":44},{"addr":140736814085855,"idx":45},{"addr":140736813866763,"idx":46},{"addr":140736497381779,"idx":47},{"addr":140736497286952,"idx":48},{"addr":140736897083607,"idx":49},{"addr":140736916996940,"idx":50}],,,,,,,,,,,,,,,,,,,4096,0,8144,,,,,,,,,,,,,,,,,,,,,,,,,,,,,,,,,,,,,,,,,,,,,,,,,,,,,,,,,,,,,,,,,,,,,,,,,,,,,,,,,,,,,,,,,,,,,,,,,,,
"2025-09-02 15:13:22.4857602Z","ETW","Microsoft-Windows-Kernel-Process",5,"ImageLoadInfo ",19464,6084,"CalculatorApp.exe",,,,"C:\Windows\System32\d3d11.dll",,,,,,,,,,,,[{"addr":140736918203828,"idx":0},{"addr":140736917192506,"idx":1},{"addr":140736917191278,"idx":2},{"addr":140736917210764,"idx":3},{"addr":140736917201516,"idx":4},{"addr":140736917258922,"idx":5},{"addr":140736916785248,"idx":6},{"addr":140736916784352,"idx":7},{"addr":140736917101952,"idx":8},{"addr":140736872000198,"idx":9},{"addr":140736678180715,"idx":10},{"addr":140736678174980,"idx":11},{"addr":140736678173091,"idx":12},{"addr":140736897083607,"idx":13},{"addr":140736916996940,"idx":14}],,,,,,,,,19464,,,,,,,,,,,,,,,,,,,,,,,,,,,,,,,,,,,,3657003287,140736803373056,140736803373056,2576804,2519040,,,,,,,,,,,,,,,,,,,,,,,,,,,,,,,,,,,,,,,,,,,,,,,,,,,,,,,,,,,,,,,,,,,,,,,
"2025-09-02 15:13:22.4865240Z","ETW","Microsoft-Windows-Kernel-Process",5,"ImageLoadInfo ",19464,11288,"CalculatorApp.exe",,,,"C:\Windows\System32\MrmCoreR.dll",,,,,,,,,,,,[{"addr":140736918203828,"idx":0},{"addr":140736917192506,"idx":1},{"addr":140736917191278,"idx":2},{"addr":140736917210764,"idx":3},{"addr":140736917202269,"idx":4},{"addr":140736917259140,"idx":5},{"addr":140736916785248,"idx":6},{"addr":140736916784352,"idx":7},{"addr":140736917101952,"idx":8},{"addr":140736872000198,"idx":9},{"addr":140736909363845,"idx":10},{"addr":140736909362547,"idx":11},{"addr":140736909360794,"idx":12},{"addr":140736909561496,"idx":13},{"addr":140736909365281,"idx":14},{"addr":140736909356853,"idx":15},{"addr":140736910270317,"idx":16},{"addr":140736909359719,"idx":17},{"addr":140736909871367,"idx":18},{"addr":140736910338829,"idx":19},{"addr":140736910332465,"idx":20},{"addr":140736910348734,"idx":21},{"addr":140736910270317,"idx":22},{"addr":140736909350430,"idx":23},{"addr":140736910270317,"idx":24},{"addr":140736909553458,"idx":25},{"addr":140736909548907,"idx":26},{"addr":140736909576880,"idx":27},{"addr":140736680184021,"idx":28},{"addr":140736680183631,"idx":29},{"addr":140736680183423,"idx":30},{"addr":140736680428146,"idx":31},{"addr":140736680427942,"idx":32},{"addr":140736676969379,"idx":33},{"addr":140736677560788,"idx":34},{"addr":140736678066582,"idx":35},{"addr":140736678065840,"idx":36},{"addr":140736678123956,"idx":37},{"addr":140736717806864,"idx":38},{"addr":140736717798943,"idx":39},{"addr":140736718243655,"idx":40},{"addr":140736902955471,"idx":41},{"addr":140736897083607,"idx":42},{"addr":140736916996940,"idx":43}],,,,,,,,,19464,,,,,,,,,,,,,,,,,,,,,,,,,,,,,,,,,,,,3079985832,140736702644224,140736702644224,1208911,1175552,,,,,,,,,,,,,,,,,,,,,,,,,,,,,,,,,,,,,,,,,,,,,,,,,,,,,,,,,,,,,,,,,,,,,,,
"2025-09-02 15:13:22.4869421Z","ETW","Microsoft-Windows-Kernel-Audit-API-Calls",5,"Info ",8144,15816,"ApplicationFrameHost.exe",,,,,,,,,,,,,,,,[{"addr":140736918203764,"idx":0},{"addr":140736872731894,"idx":1},{"addr":140736717697306,"idx":2},{"addr":140736376307968,"idx":3},{"addr":140736376539149,"idx":4},{"addr":140736902703990,"idx":5},{"addr":140736902703274,"idx":6},{"addr":140736902700103,"idx":7},{"addr":140736897083607,"idx":8},{"addr":140736916996940,"idx":9}],,,,,,,,,,,,,,,,,,,4096,0,8144,,,,,,,,,,,,,,,,,,,,,,,,,,,,,,,,,,,,,,,,,,,,,,,,,,,,,,,,,,,,,,,,,,,,,,,,,,,,,,,,,,,,,,,,,,,,,,,,,,,
"2025-09-02 15:13:22.4872241Z","ETW","Microsoft-Windows-Kernel-Process",5,"ImageLoadInfo ",19464,6084,"CalculatorApp.exe",,,,"C:\Windows\System32\d3d10warp.dll",,,,,,,,,,,,[{"addr":140736918203828,"idx":0},{"addr":140736917192506,"idx":1},{"addr":140736917191278,"idx":2},{"addr":140736917210764,"idx":3},{"addr":140736917201516,"idx":4},{"addr":140736917258922,"idx":5},{"addr":140736916785248,"idx":6},{"addr":140736916784352,"idx":7},{"addr":140736917101952,"idx":8},{"addr":140736872000198,"idx":9},{"addr":140736821404481,"idx":10},{"addr":140736803796665,"idx":11},{"addr":140736803791217,"idx":12},{"addr":140736803705062,"idx":13},{"addr":140736803697254,"idx":14},{"addr":140736803878163,"idx":15},{"addr":140736803908446,"idx":16},{"addr":140736803908268,"idx":17},{"addr":140736803914646,"idx":18},{"addr":140736678180664,"idx":19},{"addr":140736678174980,"idx":20},{"addr":140736678173091,"idx":21},{"addr":140736897083607,"idx":22},{"addr":140736916996940,"idx":23}],,,,,,,,,19464,,,,,,,,,,,,,,,,,,,,,,,,,,,,,,,,,,,,426759432,140736750878720,140736750878720,6027108,5988352,,,,,,,,,,,,,,,,,,,,,,,,,,,,,,,,,,,,,,,,,,,,,,,,,,,,,,,,,,,,,,,,,,,,,,,
"2025-09-02 15:13:22.4878086Z","ETW","Microsoft-Windows-Kernel-Process",3,"ThreadStartStart ",5380,5932,"explorer.exe",,,,,,,,,,,,,,,,[{"addr":140736918208964,"idx":0},{"addr":140736872776761,"idx":1},{"addr":140736897102141,"idx":2},{"addr":140736902701861,"idx":3},{"addr":140736903122914,"idx":4},{"addr":140736902708086,"idx":5},{"addr":140736902706669,"idx":6},{"addr":140736380006723,"idx":7},{"addr":140736380303325,"idx":8},{"addr":140736444827805,"idx":9},{"addr":140736444420746,"idx":10},{"addr":140736444849257,"idx":11},{"addr":140736914162134,"idx":12},{"addr":140736914152749,"idx":13},{"addr":140736385072015,"idx":14},{"addr":140736385153039,"idx":15},{"addr":140736385398901,"idx":16},{"addr":140736385399961,"idx":17},{"addr":140736897083607,"idx":18},{"addr":140736916996940,"idx":19}],,,,,,,,,5380,18446639081576271872,18446639081576247296,140736902700080,0,10457088,21644,126287872,126230528,140736902700080,,,,,,,,,,,,,,,,,,,,,,,,,,,,,,,,,,,,,,,,,,,,,,,,,,,,,,,,,,,,,,,,,,,,,,,,,,,,,,,,,,,,,,,,,,,,,,,,,,,,,,
"2025-09-02 15:13:22.4878711Z","ETW","Microsoft-Windows-Kernel-Audit-API-Calls",5,"Info ",19464,6084,"CalculatorApp.exe",,,,,,,,,,,,,,,,[{"addr":140736876137252,"idx":0},{"addr":140736803693221,"idx":1},{"addr":140736803693489,"idx":2},{"addr":140736803419410,"idx":3},{"addr":140736803417894,"idx":4},{"addr":140736803459531,"idx":5},{"addr":140736803461042,"idx":6},{"addr":140736803460006,"idx":7},{"addr":140736804015323,"idx":8},{"addr":140736803691627,"idx":9},{"addr":140736803705684,"idx":10},{"addr":140736803705946,"idx":11},{"addr":140736803691169,"idx":12},{"addr":140736803700219,"idx":13},{"addr":140736803702775,"idx":14},{"addr":140736803696639,"idx":15},{"addr":140736803878163,"idx":16},{"addr":140736803908446,"idx":17},{"addr":140736803908268,"idx":18},{"addr":140736803914646,"idx":19},{"addr":140736678180664,"idx":20},{"addr":140736678174980,"idx":21},{"addr":140736678173091,"idx":22},{"addr":140736897083607,"idx":23},{"addr":140736916996940,"idx":24}],,,,,,,,,,,,,,,,,,,64,0,19464,,,,,,,,,,,,,,,,,,,,,,,,,,,,,,,,,,,,,,,,,,,,,,,,,,,,,,,,,,,,,,,,,,,,,,,,,,,,,,,,,,,,,,,,,,,,,,,,,,,
"2025-09-02 15:13:22.4881049Z","ETW","Microsoft-Windows-Kernel-Process",5,"ImageLoadInfo ",19464,11288,"CalculatorApp.exe",,,,"C:\Windows\System32\Windows.StateRepositoryClient.dll",,,,,,,,,,,,[{"addr":140736918203828,"idx":0},{"addr":140736917192506,"idx":1},{"addr":140736917191278,"idx":2},{"addr":140736917210764,"idx":3},{"addr":140736917202269,"idx":4},{"addr":140736917259140,"idx":5},{"addr":140736916785248,"idx":6},{"addr":140736916786774,"idx":7},{"addr":140736917021315,"idx":8},{"addr":140736917023197,"idx":9},{"addr":140736873012562,"idx":10},{"addr":140736873178377,"idx":11},{"addr":140736872448750,"idx":12},{"addr":140736873275128,"idx":13},{"addr":140736872566978,"idx":14},{"addr":140736872566582,"idx":15},{"addr":140736702862398,"idx":16},{"addr":140736702858885,"idx":17},{"addr":140736702774434,"idx":18},{"addr":140736702820497,"idx":19},{"addr":140736702908861,"idx":20},{"addr":140736702902985,"idx":21},{"addr":140736702899092,"idx":22},{"addr":140736702900388,"idx":23},{"addr":140736702905246,"idx":24},{"addr":140736702905084,"idx":25},{"addr":140736680184170,"idx":26},{"addr":140736680183631,"idx":27},{"addr":140736680183423,"idx":28},{"addr":140736680428146,"idx":29},{"addr":140736680427942,"idx":30},{"addr":140736676969379,"idx":31},{"addr":140736677560788,"idx":32},{"addr":140736678066582,"idx":33},{"addr":140736678065840,"idx":34},{"addr":140736678123956,"idx":35},{"addr":140736717806864,"idx":36},{"addr":140736717798943,"idx":37},{"addr":140736718243655,"idx":38},{"addr":140736902955471,"idx":39},{"addr":140736897083607,"idx":40},{"addr":140736916996940,"idx":41}],,,,,,,,,19464,,,,,,,,,,,,,,,,,,,,,,,,,,,,,,,,,,,,3001738537,140736632520704,140736632520704,374661,327680,,,,,,,,,,,,,,,,,,,,,,,,,,,,,,,,,,,,,,,,,,,,,,,,,,,,,,,,,,,,,,,,,,,,,,,
"2025-09-02 15:13:22.4881393Z","ETW","Microsoft-Windows-Kernel-Audit-API-Calls",5,"Info ",2828,8368,"svchost.exe",,,,,,,,,,,,,,,,[{"addr":140736918206916,"idx":0},{"addr":140736882337646,"idx":1},{"addr":140736910267593,"idx":2},{"addr":140736627175582,"idx":3},{"addr":140736627168769,"idx":4},{"addr":140736882620003,"idx":5},{"addr":140736882628366,"idx":6},{"addr":140736881847376,"idx":7},{"addr":140736909646499,"idx":8},{"addr":140736909646267,"idx":9},{"addr":140736909643574,"idx":10},{"addr":140736909641089,"idx":11},{"addr":140736910206646,"idx":12},{"addr":140736909298250,"idx":13},{"addr":140736909422200,"idx":14},{"addr":140736909684515,"idx":15},{"addr":140736882311415,"idx":16},{"addr":140736882088628,"idx":17},{"addr":140736882092154,"idx":18},{"addr":140736882015316,"idx":19},{"addr":140736882081820,"idx":20},{"addr":140736882106396,"idx":21},{"addr":140736882102691,"idx":22},{"addr":140736882098504,"idx":23},{"addr":140736917358174,"idx":24},{"addr":140736917350275,"idx":25},{"addr":140736897083607,"idx":26},{"addr":140736916996940,"idx":27}],,,,,,,,,,,,,,,,,,,4096,0,5380,,,,,,,,,,,,,,,,,,,,,,,,,,,,,,,,,,,,,,,,,,,,,,,,,,,,,,,,,,,,,,,,,,,,,,,,,,,,,,,,,,,,,,,,,,,,,,,,,,,
"2025-09-02 15:13:22.4901195Z","ETW","Microsoft-Windows-Kernel-Process",5,"ImageLoadInfo ",19464,6084,"CalculatorApp.exe",,,,"C:\Windows\System32\d2d1.dll",,,,,,,,,,,,[{"addr":140736918203828,"idx":0},{"addr":140736917192506,"idx":1},{"addr":140736917191278,"idx":2},{"addr":140736917210764,"idx":3},{"addr":140736917201516,"idx":4},{"addr":140736917258922,"idx":5},{"addr":140736916785248,"idx":6},{"addr":140736916784352,"idx":7},{"addr":140736917101952,"idx":8},{"addr":140736872000198,"idx":9},{"addr":140736681114762,"idx":10},{"addr":140736681114630,"idx":11},{"addr":140736677608225,"idx":12},{"addr":140736677607806,"idx":13},{"addr":140736677607690,"idx":14},{"addr":140736678173120,"idx":15},{"addr":140736897083607,"idx":16},{"addr":140736916996940,"idx":17}],,,,,,,,,19464,,,,,,,,,,,,,,,,,,,,,,,,,,,,,,,,,,,,2898039771,140736796753920,140736796753920,6680845,6565888,,,,,,,,,,,,,,,,,,,,,,,,,,,,,,,,,,,,,,,,,,,,,,,,,,,,,,,,,,,,,,,,,,,,,,,
"2025-09-02 15:13:22.4905626Z","ETW","Microsoft-Windows-Kernel-Audit-API-Calls",5,"Info ",2828,20364,"svchost.exe",,,,,,,,,,,,,,,,[{"addr":140736918206916,"idx":0},{"addr":140736882337646,"idx":1},{"addr":140736910267593,"idx":2},{"addr":140736627175582,"idx":3},{"addr":140736627340209,"idx":4},{"addr":140736882620003,"idx":5},{"addr":140736882628366,"idx":6},{"addr":140736881847376,"idx":7},{"addr":140736909646499,"idx":8},{"addr":140736909646267,"idx":9},{"addr":140736909643574,"idx":10},{"addr":140736909641089,"idx":11},{"addr":140736910206646,"idx":12},{"addr":140736909298250,"idx":13},{"addr":140736909422200,"idx":14},{"addr":140736909684515,"idx":15},{"addr":140736882311415,"idx":16},{"addr":140736882088628,"idx":17},{"addr":140736882092154,"idx":18},{"addr":140736882015316,"idx":19},{"addr":140736882081820,"idx":20},{"addr":140736882106396,"idx":21},{"addr":140736882102691,"idx":22},{"addr":140736882098504,"idx":23},{"addr":140736917358174,"idx":24},{"addr":140736917350275,"idx":25},{"addr":140736897083607,"idx":26},{"addr":140736916996940,"idx":27}],,,,,,,,,,,,,,,,,,,4096,0,5380,,,,,,,,,,,,,,,,,,,,,,,,,,,,,,,,,,,,,,,,,,,,,,,,,,,,,,,,,,,,,,,,,,,,,,,,,,,,,,,,,,,,,,,,,,,,,,,,,,,
"2025-09-02 15:13:22.4917459Z","ETW","Microsoft-Windows-Kernel-Process",5,"ImageLoadInfo ",19464,6084,"CalculatorApp.exe",,,,"C:\Windows\System32\DWrite.dll",,,,,,,,,,,,[{"addr":140736918203828,"idx":0},{"addr":140736917192506,"idx":1},{"addr":140736917191278,"idx":2},{"addr":140736917210764,"idx":3},{"addr":140736917201516,"idx":4},{"addr":140736917258922,"idx":5},{"addr":140736916785248,"idx":6},{"addr":140736916784352,"idx":7},{"addr":140736917101952,"idx":8},{"addr":140736872000198,"idx":9},{"addr":140736675466820,"idx":10},{"addr":140736678173134,"idx":11},{"addr":140736897083607,"idx":12},{"addr":140736916996940,"idx":13}],,,,,,,,,19464,,,,,,,,,,,,,,,,,,,,,,,,,,,,,,,,,,,,1496558505,140736794198016,140736794198016,2527455,2535424,,,,,,,,,,,,,,,,,,,,,,,,,,,,,,,,,,,,,,,,,,,,,,,,,,,,,,,,,,,,,,,,,,,,,,,
"2025-09-02 15:13:22.4921960Z","ETW","Microsoft-Windows-Kernel-Audit-API-Calls",5,"Info ",2644,2676,"svchost.exe",,,,,,,,,,,,,,,,[{"addr":140736918206916,"idx":0},{"addr":140736673549164,"idx":1},{"addr":140736673667204,"idx":2},{"addr":140736673553439,"idx":3},{"addr":140736673552238,"idx":4},{"addr":140736674069630,"idx":5},{"addr":140736897083607,"idx":6},{"addr":140736916996940,"idx":7}],,,,,,,,,,,,,,,,,,,64,0,19464,,,,,,,,,,,,,,,,,,,,,,,,,,,,,,,,,,,,,,,,,,,,,,,,,,,,,,,,,,,,,,,,,,,,,,,,,,,,,,,,,,,,,,,,,,,,,,,,,,,
"2025-09-02 15:13:22.4922361Z","ETW","Microsoft-Windows-Kernel-Audit-API-Calls",5,"Info ",2828,20364,"svchost.exe",,,,,,,,,,,,,,,,[{"addr":140736918206916,"idx":0},{"addr":140736882337646,"idx":1},{"addr":140736910267593,"idx":2},{"addr":140736627175582,"idx":3},{"addr":140736627787742,"idx":4},{"addr":140736882620003,"idx":5},{"addr":140736882628366,"idx":6},{"addr":140736881847376,"idx":7},{"addr":140736909646499,"idx":8},{"addr":140736909646267,"idx":9},{"addr":140736909643574,"idx":10},{"addr":140736909641089,"idx":11},{"addr":140736910206646,"idx":12},{"addr":140736909298250,"idx":13},{"addr":140736909422200,"idx":14},{"addr":140736909684515,"idx":15},{"addr":140736882311415,"idx":16},{"addr":140736882088628,"idx":17},{"addr":140736882092154,"idx":18},{"addr":140736882015316,"idx":19},{"addr":140736882081820,"idx":20},{"addr":140736882106396,"idx":21},{"addr":140736882102691,"idx":22},{"addr":140736882098504,"idx":23},{"addr":140736917358174,"idx":24},{"addr":140736917350275,"idx":25},{"addr":140736897083607,"idx":26},{"addr":140736916996940,"idx":27}],,,,,,,,,,,,,,,,,,,4096,0,5380,,,,,,,,,,,,,,,,,,,,,,,,,,,,,,,,,,,,,,,,,,,,,,,,,,,,,,,,,,,,,,,,,,,,,,,,,,,,,,,,,,,,,,,,,,,,,,,,,,,
"2025-09-02 15:13:22.4927986Z","ETW","Microsoft-Windows-Kernel-Audit-API-Calls",5,"Info ",2828,20364,"svchost.exe",,,,,,,,,,,,,,,,[{"addr":140736918206916,"idx":0},{"addr":140736882337646,"idx":1},{"addr":140736910267593,"idx":2},{"addr":140736627175582,"idx":3},{"addr":140736627474007,"idx":4},{"addr":140736882620003,"idx":5},{"addr":140736882628366,"idx":6},{"addr":140736881847376,"idx":7},{"addr":140736909646499,"idx":8},{"addr":140736909646267,"idx":9},{"addr":140736909643574,"idx":10},{"addr":140736909641089,"idx":11},{"addr":140736910206646,"idx":12},{"addr":140736909298250,"idx":13},{"addr":140736909422200,"idx":14},{"addr":140736909684515,"idx":15},{"addr":140736882311415,"idx":16},{"addr":140736882088628,"idx":17},{"addr":140736882092154,"idx":18},{"addr":140736882015316,"idx":19},{"addr":140736882081820,"idx":20},{"addr":140736882106396,"idx":21},{"addr":140736882102691,"idx":22},{"addr":140736882098504,"idx":23},{"addr":140736917358174,"idx":24},{"addr":140736917350275,"idx":25},{"addr":140736897083607,"idx":26},{"addr":140736916996940,"idx":27}],,,,,,,,,,,,,,,,,,,4096,0,5380,,,,,,,,,,,,,,,,,,,,,,,,,,,,,,,,,,,,,,,,,,,,,,,,,,,,,,,,,,,,,,,,,,,,,,,,,,,,,,,,,,,,,,,,,,,,,,,,,,,
"2025-09-02 15:13:22.4929378Z","ETW","Microsoft-Windows-Kernel-Process",3,"ThreadStartStart ",2828,1056,"svchost.exe",,,,,,,,,,,,,,,,[{"addr":140736918216388,"idx":0},{"addr":140736917669762,"idx":1},{"addr":140736882108009,"idx":2},{"addr":140736882106619,"idx":3},{"addr":140736882102691,"idx":4},{"addr":140736882098504,"idx":5},{"addr":140736917358174,"idx":6},{"addr":140736917350275,"idx":7},{"addr":140736897083607,"idx":8},{"addr":140736916996940,"idx":9}],,,,,,,,,2828,18446639081576243200,18446639081576218624,140736917348896,185,367498944512,11480,367502819328,367502786560,140736917348896,,,,,,,,,,,,,,,,,,,,,,,,,,,,,,,,,,,,,,,,,,,,,,,,,,,,,,,,,,,,,,,,,,,,,,,,,,,,,,,,,,,,,,,,,,,,,,,,,,,,,,
"2025-09-02 15:13:22.4963603Z","ETW","Microsoft-Windows-Kernel-Process",5,"ImageLoadInfo ",19464,11288,"CalculatorApp.exe",,,,"C:\Windows\System32\profapi.dll",,,,,,,,,,,,[{"addr":140736918203828,"idx":0},{"addr":140736917192506,"idx":1},{"addr":140736917191278,"idx":2},{"addr":140736917210764,"idx":3},{"addr":140736917201516,"idx":4},{"addr":140736917258922,"idx":5},{"addr":140736916785248,"idx":6},{"addr":140736916786774,"idx":7},{"addr":140736917021315,"idx":8},{"addr":140736917023197,"idx":9},{"addr":140736703051298,"idx":10},{"addr":140736703132406,"idx":11},{"addr":140736702757649,"idx":12},{"addr":140736702752960,"idx":13},{"addr":140736702732919,"idx":14},{"addr":140736703015154,"idx":15},{"addr":140736702816694,"idx":16},{"addr":140736702820592,"idx":17},{"addr":140736702908861,"idx":18},{"addr":140736702902985,"idx":19},{"addr":140736702899092,"idx":20},{"addr":140736702900388,"idx":21},{"addr":140736702905246,"idx":22},{"addr":140736702905084,"idx":23},{"addr":140736680184170,"idx":24},{"addr":140736680183631,"idx":25},{"addr":140736680183423,"idx":26},{"addr":140736680428146,"idx":27},{"addr":140736680427942,"idx":28},{"addr":140736676969379,"idx":29},{"addr":140736677560788,"idx":30},{"addr":140736678066582,"idx":31},{"addr":140736678065840,"idx":32},{"addr":140736678123956,"idx":33},{"addr":140736717806864,"idx":34},{"addr":140736717798943,"idx":35},{"addr":140736718243655,"idx":36},{"addr":140736902955471,"idx":37},{"addr":140736897083607,"idx":38},{"addr":140736916996940,"idx":39}],,,,,,,,,19464,,,,,,,,,,,,,,,,,,,,,,,,,,,,,,,,,,,,2107422311,140736866746368,140736866746368,182967,167936,,,,,,,,,,,,,,,,,,,,,,,,,,,,,,,,,,,,,,,,,,,,,,,,,,,,,,,,,,,,,,,,,,,,,,,
"2025-09-02 15:13:22.4967044Z","ETW","Microsoft-Windows-Kernel-Audit-API-Calls",5,"Info ",920,1004,"lsass.exe",,,,,,,,,,,,,,,,[{"addr":140736918203764,"idx":0},{"addr":140736872731894,"idx":1},{"addr":140736861129291,"idx":2},{"addr":140736882620003,"idx":3},{"addr":140736882628366,"idx":4},{"addr":140736882319852,"idx":5},{"addr":140736882311415,"idx":6},{"addr":140736882088628,"idx":7},{"addr":140736882092744,"idx":8},{"addr":140736882015316,"idx":9},{"addr":140736882081820,"idx":10},{"addr":140736882106396,"idx":11},{"addr":140736882102691,"idx":12},{"addr":140736882098504,"idx":13},{"addr":140736917358174,"idx":14},{"addr":140736917350275,"idx":15},{"addr":140736897083607,"idx":16},{"addr":140736916996940,"idx":17}],,,,,,,,,,,,,,,,,,,4096,0,5380,,,,,,,,,,,,,,,,,,,,,,,,,,,,,,,,,,,,,,,,,,,,,,,,,,,,,,,,,,,,,,,,,,,,,,,,,,,,,,,,,,,,,,,,,,,,,,,,,,,
"2025-09-02 15:13:22.4969703Z","ETW","Microsoft-Windows-Kernel-Audit-API-Calls",5,"Info ",920,1004,"lsass.exe",,,,,,,,,,,,,,,,[{"addr":140736918203764,"idx":0},{"addr":140736872731894,"idx":1},{"addr":140736861129291,"idx":2},{"addr":140736882620003,"idx":3},{"addr":140736882628366,"idx":4},{"addr":140736882319852,"idx":5},{"addr":140736882311415,"idx":6},{"addr":140736882088628,"idx":7},{"addr":140736882092744,"idx":8},{"addr":140736882015316,"idx":9},{"addr":140736882081820,"idx":10},{"addr":140736882106396,"idx":11},{"addr":140736882102691,"idx":12},{"addr":140736882098504,"idx":13},{"addr":140736917358174,"idx":14},{"addr":140736917350275,"idx":15},{"addr":140736897083607,"idx":16},{"addr":140736916996940,"idx":17}],,,,,,,,,,,,,,,,,,,4096,0,5380,,,,,,,,,,,,,,,,,,,,,,,,,,,,,,,,,,,,,,,,,,,,,,,,,,,,,,,,,,,,,,,,,,,,,,,,,,,,,,,,,,,,,,,,,,,,,,,,,,,
"2025-09-02 15:13:22.4970309Z","ETW","Microsoft-Windows-Kernel-Process",5,"ImageLoadInfo ",19464,11288,"CalculatorApp.exe",,,,"C:\Windows\System32\AppXDeploymentClient.dll",,,,,,,,,,,,[{"addr":140736918203828,"idx":0},{"addr":140736917192506,"idx":1},{"addr":140736917191278,"idx":2},{"addr":140736917210764,"idx":3},{"addr":140736917201516,"idx":4},{"addr":140736917258922,"idx":5},{"addr":140736916785248,"idx":6},{"addr":140736916784352,"idx":7},{"addr":140736917101952,"idx":8},{"addr":140736872000198,"idx":9},{"addr":140736702761034,"idx":10},{"addr":140736702753269,"idx":11},{"addr":140736702732919,"idx":12},{"addr":140736703015154,"idx":13},{"addr":140736702816694,"idx":14},{"addr":140736702820592,"idx":15},{"addr":140736702908861,"idx":16},{"addr":140736702902985,"idx":17},{"addr":140736702899092,"idx":18},{"addr":140736702900388,"idx":19},{"addr":140736702905246,"idx":20},{"addr":140736702905084,"idx":21},{"addr":140736680184170,"idx":22},{"addr":140736680183631,"idx":23},{"addr":140736680183423,"idx":24},{"addr":140736680428146,"idx":25},{"addr":140736680427942,"idx":26},{"addr":140736676969379,"idx":27},{"addr":140736677560788,"idx":28},{"addr":140736678066582,"idx":29},{"addr":140736678065840,"idx":30},{"addr":140736678123956,"idx":31},{"addr":140736717806864,"idx":32},{"addr":140736717798943,"idx":33},{"addr":140736718243655,"idx":34},{"addr":140736902955471,"idx":35},{"addr":140736897083607,"idx":36},{"addr":140736916996940,"idx":37}],,,,,,,,,19464,,,,,,,,,,,,,,,,,,,,,,,,,,,,,,,,,,,,2766280966,140736722894848,140736722894848,1518226,1503232,,,,,,,,,,,,,,,,,,,,,,,,,,,,,,,,,,,,,,,,,,,,,,,,,,,,,,,,,,,,,,,,,,,,,,,
"2025-09-02 15:13:22.4974609Z","ETW","Microsoft-Windows-Kernel-Audit-API-Calls",5,"Info ",920,1004,"lsass.exe",,,,,,,,,,,,,,,,[{"addr":140736918203764,"idx":0},{"addr":140736872731894,"idx":1},{"addr":140736861129291,"idx":2},{"addr":140736882620003,"idx":3},{"addr":140736882628366,"idx":4},{"addr":140736882319852,"idx":5},{"addr":140736882311415,"idx":6},{"addr":140736882088628,"idx":7},{"addr":140736882092744,"idx":8},{"addr":140736882015316,"idx":9},{"addr":140736882081820,"idx":10},{"addr":140736882106396,"idx":11},{"addr":140736882102691,"idx":12},{"addr":140736882098504,"idx":13},{"addr":140736917358174,"idx":14},{"addr":140736917350275,"idx":15},{"addr":140736897083607,"idx":16},{"addr":140736916996940,"idx":17}],,,,,,,,,,,,,,,,,,,4096,0,5380,,,,,,,,,,,,,,,,,,,,,,,,,,,,,,,,,,,,,,,,,,,,,,,,,,,,,,,,,,,,,,,,,,,,,,,,,,,,,,,,,,,,,,,,,,,,,,,,,,,
"2025-09-02 15:13:22.4975103Z","ETW","Microsoft-Windows-Kernel-Audit-API-Calls",5,"Info ",8144,16112,"ApplicationFrameHost.exe",,,,,,,,,,,,,,,,[{"addr":140736918206916,"idx":0},{"addr":140736882337646,"idx":1},{"addr":140736910267593,"idx":2},{"addr":140736910041664,"idx":3},{"addr":140736909754615,"idx":4},{"addr":140736909757881,"idx":5},{"addr":140736910452276,"idx":6},{"addr":140736909115343,"idx":7},{"addr":140736909452308,"idx":8},{"addr":140736909855674,"idx":9},{"addr":140736909305460,"idx":10},{"addr":140736909301854,"idx":11},{"addr":140736909297964,"idx":12},{"addr":140736910095709,"idx":13},{"addr":140736909582722,"idx":14},{"addr":140736882628617,"idx":15},{"addr":140736881847376,"idx":16},{"addr":140736909646461,"idx":17},{"addr":140736909646267,"idx":18},{"addr":140736909643574,"idx":19},{"addr":140736909641089,"idx":20},{"addr":140736910206646,"idx":21},{"addr":140736909298250,"idx":22},{"addr":140736909422200,"idx":23},{"addr":140736909684515,"idx":24},{"addr":140736882311415,"idx":25},{"addr":140736882088628,"idx":26},{"addr":140736882092154,"idx":27},{"addr":140736882015316,"idx":28},{"addr":140736882081820,"idx":29},{"addr":140736882106396,"idx":30},{"addr":140736882102691,"idx":31},{"addr":140736882098504,"idx":32},{"addr":140736917358174,"idx":33},{"addr":140736917350275,"idx":34},{"addr":140736897083607,"idx":35},{"addr":140736916996940,"idx":36}],,,,,,,,,,,,,,,,,,,4160,0,5380,,,,,,,,,,,,,,,,,,,,,,,,,,,,,,,,,,,,,,,,,,,,,,,,,,,,,,,,,,,,,,,,,,,,,,,,,,,,,,,,,,,,,,,,,,,,,,,,,,,
"2025-09-02 15:13:22.4975429Z","ETW","Microsoft-Windows-Kernel-Process",6,"ImageUnloadInfo ",19464,11288,"CalculatorApp.exe",,,,"C:\Windows\System32\AppXDeploymentClient.dll",,,,,,,,,,,,[{"addr":140736918203892,"idx":0},{"addr":140736917028534,"idx":1},{"addr":140736916779098,"idx":2},{"addr":140736916773567,"idx":3},{"addr":140736872000489,"idx":4},{"addr":140736702761493,"idx":5},{"addr":140736702753269,"idx":6},{"addr":140736702732919,"idx":7},{"addr":140736703015154,"idx":8},{"addr":140736702816694,"idx":9},{"addr":140736702820592,"idx":10},{"addr":140736702908861,"idx":11},{"addr":140736702902985,"idx":12},{"addr":140736702899092,"idx":13},{"addr":140736702900388,"idx":14},{"addr":140736702905246,"idx":15},{"addr":140736702905084,"idx":16},{"addr":140736680184170,"idx":17},{"addr":140736680183631,"idx":18},{"addr":140736680183423,"idx":19},{"addr":140736680428146,"idx":20},{"addr":140736680427942,"idx":21},{"addr":140736676969379,"idx":22},{"addr":140736677560788,"idx":23},{"addr":140736678066582,"idx":24},{"addr":140736678065840,"idx":25},{"addr":140736678123956,"idx":26},{"addr":140736717806864,"idx":27},{"addr":140736717798943,"idx":28},{"addr":140736718243655,"idx":29},{"addr":140736902955471,"idx":30},{"addr":140736897083607,"idx":31},{"addr":140736916996940,"idx":32}],,,,,,,,,19464,,,,,,,,,,,,,,,,,,,,,,,,,,,,,,,,,,,,2766280966,140736722894848,140736722894848,1518226,1515520,,,,,,,,,,,,,,,,,,,,,,,,,,,,,,,,,,,,,,,,,,,,,,,,,,,,,,,,,,,,,,,,,,,,,,,
"2025-09-02 15:13:22.4977197Z","ETW","Microsoft-Windows-Kernel-Audit-API-Calls",5,"Info ",920,1004,"lsass.exe",,,,,,,,,,,,,,,,[{"addr":140736918203764,"idx":0},{"addr":140736872731894,"idx":1},{"addr":140736861129291,"idx":2},{"addr":140736882620003,"idx":3},{"addr":140736882628366,"idx":4},{"addr":140736882319852,"idx":5},{"addr":140736882311415,"idx":6},{"addr":140736882088628,"idx":7},{"addr":140736882092744,"idx":8},{"addr":140736882015316,"idx":9},{"addr":140736882081820,"idx":10},{"addr":140736882106396,"idx":11},{"addr":140736882102691,"idx":12},{"addr":140736882098504,"idx":13},{"addr":140736917358174,"idx":14},{"addr":140736917350275,"idx":15},{"addr":140736897083607,"idx":16},{"addr":140736916996940,"idx":17}],,,,,,,,,,,,,,,,,,,4096,0,5380,,,,,,,,,,,,,,,,,,,,,,,,,,,,,,,,,,,,,,,,,,,,,,,,,,,,,,,,,,,,,,,,,,,,,,,,,,,,,,,,,,,,,,,,,,,,,,,,,,,
"2025-09-02 15:13:22.4978705Z","ETW","Microsoft-Windows-Kernel-Audit-API-Calls",5,"Info ",2828,20364,"svchost.exe",,,,,,,,,,,,,,,,[{"addr":140736918206916,"idx":0},{"addr":140736882337646,"idx":1},{"addr":140736910267593,"idx":2},{"addr":140736627556068,"idx":3},{"addr":140736882620003,"idx":4},{"addr":140736882628366,"idx":5},{"addr":140736881847376,"idx":6},{"addr":140736909646499,"idx":7},{"addr":140736909646267,"idx":8},{"addr":140736909643574,"idx":9},{"addr":140736909641089,"idx":10},{"addr":140736910206646,"idx":11},{"addr":140736909298250,"idx":12},{"addr":140736909422200,"idx":13},{"addr":140736909684515,"idx":14},{"addr":140736882311415,"idx":15},{"addr":140736882088628,"idx":16},{"addr":140736882092154,"idx":17},{"addr":140736882015316,"idx":18},{"addr":140736882081820,"idx":19},{"addr":140736882106396,"idx":20},{"addr":140736882102691,"idx":21},{"addr":140736882098504,"idx":22},{"addr":140736917358174,"idx":23},{"addr":140736917350275,"idx":24},{"addr":140736897083607,"idx":25},{"addr":140736916996940,"idx":26}],,,,,,,,,,,,,,,,,,,4096,0,5380,,,,,,,,,,,,,,,,,,,,,,,,,,,,,,,,,,,,,,,,,,,,,,,,,,,,,,,,,,,,,,,,,,,,,,,,,,,,,,,,,,,,,,,,,,,,,,,,,,,
"2025-09-02 15:13:22.4982440Z","ETW","Microsoft-Windows-Kernel-Audit-API-Calls",5,"Info ",2828,20364,"svchost.exe",,,,,,,,,,,,,,,,[{"addr":140736918206916,"idx":0},{"addr":140736882337646,"idx":1},{"addr":140736910267593,"idx":2},{"addr":140736627175582,"idx":3},{"addr":140736627173040,"idx":4},{"addr":140736882620003,"idx":5},{"addr":140736882628366,"idx":6},{"addr":140736881847376,"idx":7},{"addr":140736909646499,"idx":8},{"addr":140736909646267,"idx":9},{"addr":140736909643574,"idx":10},{"addr":140736909641089,"idx":11},{"addr":140736910206646,"idx":12},{"addr":140736909298250,"idx":13},{"addr":140736909422200,"idx":14},{"addr":140736909684515,"idx":15},{"addr":140736882311415,"idx":16},{"addr":140736882088628,"idx":17},{"addr":140736882092154,"idx":18},{"addr":140736882015316,"idx":19},{"addr":140736882081820,"idx":20},{"addr":140736882106396,"idx":21},{"addr":140736882102691,"idx":22},{"addr":140736882098504,"idx":23},{"addr":140736917358174,"idx":24},{"addr":140736917350275,"idx":25},{"addr":140736897083607,"idx":26},{"addr":140736916996940,"idx":27}],,,,,,,,,,,,,,,,,,,4096,0,5380,,,,,,,,,,,,,,,,,,,,,,,,,,,,,,,,,,,,,,,,,,,,,,,,,,,,,,,,,,,,,,,,,,,,,,,,,,,,,,,,,,,,,,,,,,,,,,,,,,,
"2025-09-02 15:13:22.4991233Z","ETW","Microsoft-Windows-Kernel-Process",5,"ImageLoadInfo ",19464,11288,"CalculatorApp.exe",,,,"C:\Windows\System32\BCP47mrm.dll",,,,,,,,,,,,[{"addr":140736918203828,"idx":0},{"addr":140736917192506,"idx":1},{"addr":140736917191278,"idx":2},{"addr":140736917210764,"idx":3},{"addr":140736917201516,"idx":4},{"addr":140736917258922,"idx":5},{"addr":140736916785248,"idx":6},{"addr":140736916786774,"idx":7},{"addr":140736917021315,"idx":8},{"addr":140736917023197,"idx":9},{"addr":140736703051298,"idx":10},{"addr":140736703131541,"idx":11},{"addr":140736703003161,"idx":12},{"addr":140736702686835,"idx":13},{"addr":140736702685902,"idx":14},{"addr":140736702688778,"idx":15},{"addr":140736702835290,"idx":16},{"addr":140736702834932,"idx":17},{"addr":140736702833187,"idx":18},{"addr":140736702832039,"idx":19},{"addr":140736702830680,"idx":20},{"addr":140736702827317,"idx":21},{"addr":140736702824326,"idx":22},{"addr":140736702822885,"idx":23},{"addr":140736702820774,"idx":24},{"addr":140736702908861,"idx":25},{"addr":140736702902985,"idx":26},{"addr":140736702899092,"idx":27},{"addr":140736702900388,"idx":28},{"addr":140736702905246,"idx":29},{"addr":140736702905084,"idx":30},{"addr":140736680184170,"idx":31},{"addr":140736680183631,"idx":32},{"addr":140736680183423,"idx":33},{"addr":140736680428146,"idx":34},{"addr":140736680427942,"idx":35},{"addr":140736676969379,"idx":36},{"addr":140736677560788,"idx":37},{"addr":140736678066582,"idx":38},{"addr":140736678065840,"idx":39},{"addr":140736678123956,"idx":40},{"addr":140736717806864,"idx":41},{"addr":140736717798943,"idx":42},{"addr":140736718243655,"idx":43},{"addr":140736902955471,"idx":44},{"addr":140736897083607,"idx":45},{"addr":140736916996940,"idx":46}],,,,,,,,,19464,,,,,,,,,,,,,,,,,,,,,,,,,,,,,,,,,,,,4048268187,140736704151552,140736704151552,233481,212992,,,,,,,,,,,,,,,,,,,,,,,,,,,,,,,,,,,,,,,,,,,,,,,,,,,,,,,,,,,,,,,,,,,,,,,
"2025-09-02 15:13:22.4991859Z","ETW","Microsoft-Windows-Kernel-Process",4,"ThreadStopStop ",5380,11960,"explorer.exe",,,,,,,,,,,,,,,,[],,,,,,,,19620920,5380,18446639081560268800,18446639081560244224,140736902700080,0,10399744,11960,112394240,112336896,140736902700080,,,,,,,,,,,,,,,,,,,,,,,,,,,,,,,,,,,,,,,,,,,,,,,,,,,,,,,,,,,,,,,,,,,,,,,,,,,,,,,,,,,,,,,,,,,,,,,,,,,,,,
"2025-09-02 15:13:22.5004032Z","ETW","Microsoft-Windows-Kernel-Process",5,"ImageLoadInfo ",19464,11288,"CalculatorApp.exe",,,,"C:\Windows\System32\AppXDeploymentClient.dll",,,,,,,,,,,,[{"addr":140736918203828,"idx":0},{"addr":140736917192506,"idx":1},{"addr":140736917191278,"idx":2},{"addr":140736917210764,"idx":3},{"addr":140736917201516,"idx":4},{"addr":140736917258922,"idx":5},{"addr":140736916785248,"idx":6},{"addr":140736916784352,"idx":7},{"addr":140736917101952,"idx":8},{"addr":140736872000198,"idx":9},{"addr":140736702761034,"idx":10},{"addr":140736702753269,"idx":11},{"addr":140736702732919,"idx":12},{"addr":140736703015154,"idx":13},{"addr":140736702817142,"idx":14},{"addr":140736702821140,"idx":15},{"addr":140736702908861,"idx":16},{"addr":140736702902985,"idx":17},{"addr":140736702899092,"idx":18},{"addr":140736702900388,"idx":19},{"addr":140736702905246,"idx":20},{"addr":140736702905084,"idx":21},{"addr":140736680184170,"idx":22},{"addr":140736680183631,"idx":23},{"addr":140736680183423,"idx":24},{"addr":140736680428146,"idx":25},{"addr":140736680427942,"idx":26},{"addr":140736676969379,"idx":27},{"addr":140736677560788,"idx":28},{"addr":140736678066582,"idx":29},{"addr":140736678065840,"idx":30},{"addr":140736678123956,"idx":31},{"addr":140736717806864,"idx":32},{"addr":140736717798943,"idx":33},{"addr":140736718243655,"idx":34},{"addr":140736902955471,"idx":35},{"addr":140736897083607,"idx":36},{"addr":140736916996940,"idx":37}],,,,,,,,,19464,,,,,,,,,,,,,,,,,,,,,,,,,,,,,,,,,,,,2766280966,140736722894848,140736722894848,1518226,1503232,,,,,,,,,,,,,,,,,,,,,,,,,,,,,,,,,,,,,,,,,,,,,,,,,,,,,,,,,,,,,,,,,,,,,,,
"2025-09-02 15:13:22.5008416Z","ETW","Microsoft-Windows-Kernel-Process",6,"ImageUnloadInfo ",19464,11288,"CalculatorApp.exe",,,,"C:\Windows\System32\AppXDeploymentClient.dll",,,,,,,,,,,,[{"addr":140736918203892,"idx":0},{"addr":140736917028534,"idx":1},{"addr":140736916779098,"idx":2},{"addr":140736916773567,"idx":3},{"addr":140736872000489,"idx":4},{"addr":140736702761493,"idx":5},{"addr":140736702753269,"idx":6},{"addr":140736702732919,"idx":7},{"addr":140736703015154,"idx":8},{"addr":140736702817142,"idx":9},{"addr":140736702821140,"idx":10},{"addr":140736702908861,"idx":11},{"addr":140736702902985,"idx":12},{"addr":140736702899092,"idx":13},{"addr":140736702900388,"idx":14},{"addr":140736702905246,"idx":15},{"addr":140736702905084,"idx":16},{"addr":140736680184170,"idx":17},{"addr":140736680183631,"idx":18},{"addr":140736680183423,"idx":19},{"addr":140736680428146,"idx":20},{"addr":140736680427942,"idx":21},{"addr":140736676969379,"idx":22},{"addr":140736677560788,"idx":23},{"addr":140736678066582,"idx":24},{"addr":140736678065840,"idx":25},{"addr":140736678123956,"idx":26},{"addr":140736717806864,"idx":27},{"addr":140736717798943,"idx":28},{"addr":140736718243655,"idx":29},{"addr":140736902955471,"idx":30},{"addr":140736897083607,"idx":31},{"addr":140736916996940,"idx":32}],,,,,,,,,19464,,,,,,,,,,,,,,,,,,,,,,,,,,,,,,,,,,,,2766280966,140736722894848,140736722894848,1518226,1515520,,,,,,,,,,,,,,,,,,,,,,,,,,,,,,,,,,,,,,,,,,,,,,,,,,,,,,,,,,,,,,,,,,,,,,,
"2025-09-02 15:13:22.5012108Z","ETW","Microsoft-Windows-Kernel-Process",5,"ImageLoadInfo ",19992,12292,"svchost.exe",,,,"C:\Windows\System32\userenv.dll",,,,,,,,,,,,[{"addr":140736918203828,"idx":0},{"addr":140736917192506,"idx":1},{"addr":140736917191278,"idx":2},{"addr":140736917210764,"idx":3},{"addr":140736917201516,"idx":4},{"addr":140736917258922,"idx":5},{"addr":140736916785248,"idx":6},{"addr":140736916786774,"idx":7},{"addr":140736917021315,"idx":8},{"addr":140736917023197,"idx":9},{"addr":140733981517714,"idx":10},{"addr":140733981282875,"idx":11},{"addr":140733981327263,"idx":12},{"addr":140733981331862,"idx":13},{"addr":140734019755501,"idx":14},{"addr":140734019717060,"idx":15},{"addr":140734019700297,"idx":16},{"addr":140734019712588,"idx":17},{"addr":140734019690234,"idx":18},{"addr":140734019706334,"idx":19},{"addr":140736917282525,"idx":20},{"addr":140736917350969,"idx":21},{"addr":140736897083607,"idx":22},{"addr":140736916996940,"idx":23}],,,,,,,,,19992,,,,,,,,,,,,,,,,,,,,,,,,,,,,,,,,,,,,4021294584,140736854753280,140736854753280,247163,176128,,,,,,,,,,,,,,,,,,,,,,,,,,,,,,,,,,,,,,,,,,,,,,,,,,,,,,,,,,,,,,,,,,,,,,,
"2025-09-02 15:13:22.5020424Z","ETW","Microsoft-Antimalware-Engine",3,"Message Info ",1912,11040,"MsMpEng.exe",,,"Lua IsKnownFriendly(c:\program files\windowsapps\microsoft.windowscalculator_11.2502.2.0_x64__8wekyb3d8bbwe\calcviewmodel.dll, UseCache: true, fSlowChecks: false) = true from 0x001822bdce6ab208",,,,,,,,,,,,,[],,,,,,,,,,,,,,,,,,,,,,,,,,,,,,,,,,,,,,,,,,,,,,,,,,,,,,,,,,,,,,,,,,,,,,,,,,,,,,,,,,,,,,,,,,,,,,,,,,,,,,,,,,,,,,,,,,,,,,,,
"2025-09-02 15:13:22.5020518Z","ETW","Microsoft-Antimalware-Engine",59,"Message Info ",1912,11040,"MsMpEng.exe",,,,,,0,"Behavior:Win32/SuspDllSideLoaded.B","0x1A5B3D8FF6402","84db5fe770e0d0198f480427d1ce9babd9f03e0e",,,,,,,[],,,,,,,,,,,,,,,,,,,,,,,,,,,,,,,,,,,,,,,,,,,,,,,,,,,,,,,,,,,,,,,,,,,,,,,,,,,,,,,,,,,,,,,,,,,,,,,,,,,,,,,,,,,,,,,,,,,,,,,,
"2025-09-02 15:13:22.5022464Z","ETW","Microsoft-Windows-Kernel-Audit-API-Calls",5,"Info ",2644,2676,"svchost.exe",,,,,,,,,,,,,,,,[{"addr":140736918206916,"idx":0},{"addr":140736673549164,"idx":1},{"addr":140736673550120,"idx":2},{"addr":140736673552852,"idx":3},{"addr":140736673552238,"idx":4},{"addr":140736674069630,"idx":5},{"addr":140736897083607,"idx":6},{"addr":140736916996940,"idx":7}],,,,,,,,,,,,,,,,,,,64,0,19464,,,,,,,,,,,,,,,,,,,,,,,,,,,,,,,,,,,,,,,,,,,,,,,,,,,,,,,,,,,,,,,,,,,,,,,,,,,,,,,,,,,,,,,,,,,,,,,,,,,
"2025-09-02 15:13:22.5029153Z","ETW","Microsoft-Windows-Kernel-Audit-API-Calls",5,"Info ",2644,2676,"svchost.exe",,,,,,,,,,,,,,,,[{"addr":140736918206916,"idx":0},{"addr":140736673549164,"idx":1},{"addr":140736673550120,"idx":2},{"addr":140736673552852,"idx":3},{"addr":140736673552238,"idx":4},{"addr":140736674069630,"idx":5},{"addr":140736897083607,"idx":6},{"addr":140736916996940,"idx":7}],,,,,,,,,,,,,,,,,,,64,0,19464,,,,,,,,,,,,,,,,,,,,,,,,,,,,,,,,,,,,,,,,,,,,,,,,,,,,,,,,,,,,,,,,,,,,,,,,,,,,,,,,,,,,,,,,,,,,,,,,,,,
"2025-09-02 15:13:22.5033341Z","ETW","Microsoft-Windows-Kernel-Process",5,"ImageLoadInfo ",19992,12292,"svchost.exe",,,,"C:\Windows\System32\profapi.dll",,,,,,,,,,,,[{"addr":140736918203828,"idx":0},{"addr":140736917192506,"idx":1},{"addr":140736917191278,"idx":2},{"addr":140736917210764,"idx":3},{"addr":140736917201516,"idx":4},{"addr":140736917258922,"idx":5},{"addr":140736916785248,"idx":6},{"addr":140736916786774,"idx":7},{"addr":140736917021315,"idx":8},{"addr":140736917023197,"idx":9},{"addr":140736854795650,"idx":10},{"addr":140736854814885,"idx":11},{"addr":140736854795899,"idx":12},{"addr":140733981327263,"idx":13},{"addr":140733981331862,"idx":14},{"addr":140734019755501,"idx":15},{"addr":140734019717060,"idx":16},{"addr":140734019700297,"idx":17},{"addr":140734019712588,"idx":18},{"addr":140734019690234,"idx":19},{"addr":140734019706334,"idx":20},{"addr":140736917282525,"idx":21},{"addr":140736917350969,"idx":22},{"addr":140736897083607,"idx":23},{"addr":140736916996940,"idx":24}],,,,,,,,,19992,,,,,,,,,,,,,,,,,,,,,,,,,,,,,,,,,,,,2107422311,140736866746368,140736866746368,182967,167936,,,,,,,,,,,,,,,,,,,,,,,,,,,,,,,,,,,,,,,,,,,,,,,,,,,,,,,,,,,,,,,,,,,,,,,
"2025-09-02 15:13:22.5034051Z","ETW","Microsoft-Windows-Kernel-Process",5,"ImageLoadInfo ",19464,6084,"CalculatorApp.exe",,,,"C:\Windows\System32\TextShaping.dll",,,,,,,,,,,,[{"addr":140736918203828,"idx":0},{"addr":140736917192506,"idx":1},{"addr":140736917191278,"idx":2},{"addr":140736917210764,"idx":3},{"addr":140736917201516,"idx":4},{"addr":140736917258922,"idx":5},{"addr":140736916785248,"idx":6},{"addr":140736916786774,"idx":7},{"addr":140736917021315,"idx":8},{"addr":140736917023197,"idx":9},{"addr":140736795166530,"idx":10},{"addr":140736795305733,"idx":11},{"addr":140736794479174,"idx":12},{"addr":140736794594528,"idx":13},{"addr":140736794591355,"idx":14},{"addr":140736794587876,"idx":15},{"addr":140736794419359,"idx":16},{"addr":140736794853546,"idx":17},{"addr":140736794851703,"idx":18},{"addr":140736794845834,"idx":19},{"addr":140736798099462,"idx":20},{"addr":140736798094117,"idx":21},{"addr":140736798093533,"idx":22},{"addr":140736798375876,"idx":23},{"addr":140736675467233,"idx":24},{"addr":140736678173134,"idx":25},{"addr":140736897083607,"idx":26},{"addr":140736916996940,"idx":27}],,,,,,,,,19464,,,,,,,,,,,,,,,,,,,,,,,,,,,,,,,,,,,,1814550754,140736700219392,140736700219392,757881,733184,,,,,,,,,,,,,,,,,,,,,,,,,,,,,,,,,,,,,,,,,,,,,,,,,,,,,,,,,,,,,,,,,,,,,,,
"2025-09-02 15:13:22.5036746Z","ETW","Microsoft-Windows-Kernel-Process",3,"ThreadStartStart ",19464,11288,"CalculatorApp.exe",,,,,,,,,,,,,,,,[{"addr":140736918208964,"idx":0},{"addr":140736872776761,"idx":1},{"addr":140736897102141,"idx":2},{"addr":140736702944758,"idx":3},{"addr":140736702943770,"idx":4},{"addr":140736702942784,"idx":5},{"addr":140736703036884,"idx":6},{"addr":140736702903189,"idx":7},{"addr":140736702899120,"idx":8},{"addr":140736702900388,"idx":9},{"addr":140736702905246,"idx":10},{"addr":140736702905084,"idx":11},{"addr":140736680184170,"idx":12},{"addr":140736680183631,"idx":13},{"addr":140736680183423,"idx":14},{"addr":140736680428146,"idx":15},{"addr":140736680427942,"idx":16},{"addr":140736676969379,"idx":17},{"addr":140736677560788,"idx":18},{"addr":140736678066582,"idx":19},{"addr":140736678065840,"idx":20},{"addr":140736678123956,"idx":21},{"addr":140736717806864,"idx":22},{"addr":140736717798943,"idx":23},{"addr":140736718243655,"idx":24},{"addr":140736902955471,"idx":25},{"addr":140736897083607,"idx":26},{"addr":140736916996940,"idx":27}],,,,,,,,,19464,18446639081560268800,18446639081560244224,140736702935312,0,926182469632,12768,926195646464,926195642368,140736702935312,,,,,,,,,,,,,,,,,,,,,,,,,,,,,,,,,,,,,,,,,,,,,,,,,,,,,,,,,,,,,,,,,,,,,,,,,,,,,,,,,,,,,,,,,,,,,,,,,,,,,,
"2025-09-02 15:13:22.5050120Z","ETW","Microsoft-Windows-Kernel-Process",5,"ImageLoadInfo ",19992,12292,"svchost.exe",,,,"C:\Windows\System32\sspicli.dll",,,,,,,,,,,,[{"addr":140736918203828,"idx":0},{"addr":140736917192506,"idx":1},{"addr":140736917191278,"idx":2},{"addr":140736917210764,"idx":3},{"addr":140736917201516,"idx":4},{"addr":140736917258922,"idx":5},{"addr":140736916785248,"idx":6},{"addr":140736916786774,"idx":7},{"addr":140736917021315,"idx":8},{"addr":140736917023197,"idx":9},{"addr":140736866794754,"idx":10},{"addr":140736866812200,"idx":11},{"addr":140736866755418,"idx":12},{"addr":140736866760046,"idx":13},{"addr":140736866755780,"idx":14},{"addr":140736854795899,"idx":15},{"addr":140733981327263,"idx":16},{"addr":140733981331862,"idx":17},{"addr":140734019755501,"idx":18},{"addr":140734019717060,"idx":19},{"addr":140734019700297,"idx":20},{"addr":140734019712588,"idx":21},{"addr":140734019690234,"idx":22},{"addr":140734019706334,"idx":23},{"addr":140736917282525,"idx":24},{"addr":140736917350969,"idx":25},{"addr":140736897083607,"idx":26},{"addr":140736916996940,"idx":27}],,,,,,,,,19992,,,,,,,,,,,,,,,,,,,,,,,,,,,,,,,,,,,,100434550,140736851083264,140736851083264,322206,299008,,,,,,,,,,,,,,,,,,,,,,,,,,,,,,,,,,,,,,,,,,,,,,,,,,,,,,,,,,,,,,,,,,,,,,,
"2025-09-02 15:13:22.5059681Z","ETW","Microsoft-Windows-Kernel-Audit-API-Calls",5,"Info ",2828,8424,"svchost.exe",,,,,,,,,,,,,,,,[{"addr":140736918206916,"idx":0},{"addr":140736882337646,"idx":1},{"addr":140736910267593,"idx":2},{"addr":140736627175582,"idx":3},{"addr":140736627474007,"idx":4},{"addr":140736882620003,"idx":5},{"addr":140736882628366,"idx":6},{"addr":140736881847376,"idx":7},{"addr":140736909646499,"idx":8},{"addr":140736909646267,"idx":9},{"addr":140736909643574,"idx":10},{"addr":140736909641089,"idx":11},{"addr":140736910206646,"idx":12},{"addr":140736909298250,"idx":13},{"addr":140736909422200,"idx":14},{"addr":140736909684515,"idx":15},{"addr":140736882311415,"idx":16},{"addr":140736882088628,"idx":17},{"addr":140736882092154,"idx":18},{"addr":140736882015316,"idx":19},{"addr":140736882081820,"idx":20},{"addr":140736882106396,"idx":21},{"addr":140736882102691,"idx":22},{"addr":140736882098504,"idx":23},{"addr":140736917358174,"idx":24},{"addr":140736917350275,"idx":25},{"addr":140736897083607,"idx":26},{"addr":140736916996940,"idx":27}],,,,,,,,,,,,,,,,,,,4096,0,5380,,,,,,,,,,,,,,,,,,,,,,,,,,,,,,,,,,,,,,,,,,,,,,,,,,,,,,,,,,,,,,,,,,,,,,,,,,,,,,,,,,,,,,,,,,,,,,,,,,,
"2025-09-02 15:13:22.5063311Z","ETW","Microsoft-Windows-Kernel-Process",3,"ThreadStartStart ",2056,7788,"svchost.exe",,,,,,,,,,,,,,,,[{"addr":140736918216388,"idx":0},{"addr":140736917669762,"idx":1},{"addr":140736882108009,"idx":2},{"addr":140736882106619,"idx":3},{"addr":140736882102691,"idx":4},{"addr":140736882098504,"idx":5},{"addr":140736917358174,"idx":6},{"addr":140736917350275,"idx":7},{"addr":140736897083607,"idx":8},{"addr":140736916996940,"idx":9}],,,,,,,,,2056,18446639081576042496,18446639081576017920,140736917348896,209,263973814272,18700,263977959424,263977926656,140736917348896,,,,,,,,,,,,,,,,,,,,,,,,,,,,,,,,,,,,,,,,,,,,,,,,,,,,,,,,,,,,,,,,,,,,,,,,,,,,,,,,,,,,,,,,,,,,,,,,,,,,,,
"2025-09-02 15:13:22.5066947Z","ETW","Microsoft-Windows-Kernel-Process",3,"ThreadStartStart ",6624,20504,"svchost.exe",,,,,,,,,,,,,,,,[{"addr":140736918216388,"idx":0},{"addr":140736917669762,"idx":1},{"addr":140736882108009,"idx":2},{"addr":140736882106619,"idx":3},{"addr":140736882102691,"idx":4},{"addr":140736882098504,"idx":5},{"addr":140736917358174,"idx":6},{"addr":140736917350275,"idx":7},{"addr":140736897083607,"idx":8},{"addr":140736916996940,"idx":9}],,,,,,,,,6624,18446639081574432768,18446639081574408192,140736917348896,285,427810934784,13732,427814813696,427814780928,140736917348896,,,,,,,,,,,,,,,,,,,,,,,,,,,,,,,,,,,,,,,,,,,,,,,,,,,,,,,,,,,,,,,,,,,,,,,,,,,,,,,,,,,,,,,,,,,,,,,,,,,,,,
"2025-09-02 15:13:22.5082915Z","ETW","Microsoft-Windows-Kernel-Audit-API-Calls",5,"Info ",2828,20364,"svchost.exe",,,,,,,,,,,,,,,,[{"addr":140736918206916,"idx":0},{"addr":140736882337646,"idx":1},{"addr":140736910267593,"idx":2},{"addr":140736627175582,"idx":3},{"addr":140736627474007,"idx":4},{"addr":140736882620003,"idx":5},{"addr":140736882628366,"idx":6},{"addr":140736881847376,"idx":7},{"addr":140736909646499,"idx":8},{"addr":140736909646267,"idx":9},{"addr":140736909643574,"idx":10},{"addr":140736909641089,"idx":11},{"addr":140736910206646,"idx":12},{"addr":140736909298250,"idx":13},{"addr":140736909422200,"idx":14},{"addr":140736909684515,"idx":15},{"addr":140736882311415,"idx":16},{"addr":140736882088628,"idx":17},{"addr":140736882092154,"idx":18},{"addr":140736882015316,"idx":19},{"addr":140736882081820,"idx":20},{"addr":140736882106396,"idx":21},{"addr":140736882102691,"idx":22},{"addr":140736882098504,"idx":23},{"addr":140736917358174,"idx":24},{"addr":140736917350275,"idx":25},{"addr":140736897083607,"idx":26},{"addr":140736916996940,"idx":27}],,,,,,,,,,,,,,,,,,,4096,0,5380,,,,,,,,,,,,,,,,,,,,,,,,,,,,,,,,,,,,,,,,,,,,,,,,,,,,,,,,,,,,,,,,,,,,,,,,,,,,,,,,,,,,,,,,,,,,,,,,,,,
"2025-09-02 15:13:22.5089335Z","ETW","Microsoft-Windows-Kernel-Audit-API-Calls",5,"Info ",2828,8424,"svchost.exe",,,,,,,,,,,,,,,,[{"addr":140736918206916,"idx":0},{"addr":140736882337646,"idx":1},{"addr":140736910267593,"idx":2},{"addr":140736627556068,"idx":3},{"addr":140736882620003,"idx":4},{"addr":140736882628366,"idx":5},{"addr":140736881847376,"idx":6},{"addr":140736909646499,"idx":7},{"addr":140736909646267,"idx":8},{"addr":140736909643574,"idx":9},{"addr":140736909641089,"idx":10},{"addr":140736910206646,"idx":11},{"addr":140736909298250,"idx":12},{"addr":140736909422200,"idx":13},{"addr":140736909684515,"idx":14},{"addr":140736882311415,"idx":15},{"addr":140736882088628,"idx":16},{"addr":140736882092154,"idx":17},{"addr":140736882015316,"idx":18},{"addr":140736882081820,"idx":19},{"addr":140736882106396,"idx":20},{"addr":140736882102691,"idx":21},{"addr":140736882098504,"idx":22},{"addr":140736917358174,"idx":23},{"addr":140736917350275,"idx":24},{"addr":140736897083607,"idx":25},{"addr":140736916996940,"idx":26}],,,,,,,,,,,,,,,,,,,4096,0,5380,,,,,,,,,,,,,,,,,,,,,,,,,,,,,,,,,,,,,,,,,,,,,,,,,,,,,,,,,,,,,,,,,,,,,,,,,,,,,,,,,,,,,,,,,,,,,,,,,,,
"2025-09-02 15:13:22.5092809Z","ETW","Microsoft-Windows-Kernel-Audit-API-Calls",5,"Info ",2828,8424,"svchost.exe",,,,,,,,,,,,,,,,[{"addr":140736918206916,"idx":0},{"addr":140736882337646,"idx":1},{"addr":140736910267593,"idx":2},{"addr":140736627175582,"idx":3},{"addr":140736627173040,"idx":4},{"addr":140736882620003,"idx":5},{"addr":140736882628366,"idx":6},{"addr":140736881847376,"idx":7},{"addr":140736909646499,"idx":8},{"addr":140736909646267,"idx":9},{"addr":140736909643574,"idx":10},{"addr":140736909641089,"idx":11},{"addr":140736910206646,"idx":12},{"addr":140736909298250,"idx":13},{"addr":140736909422200,"idx":14},{"addr":140736909684515,"idx":15},{"addr":140736882311415,"idx":16},{"addr":140736882088628,"idx":17},{"addr":140736882092154,"idx":18},{"addr":140736882015316,"idx":19},{"addr":140736882081820,"idx":20},{"addr":140736882106396,"idx":21},{"addr":140736882102691,"idx":22},{"addr":140736882098504,"idx":23},{"addr":140736917358174,"idx":24},{"addr":140736917350275,"idx":25},{"addr":140736897083607,"idx":26},{"addr":140736916996940,"idx":27}],,,,,,,,,,,,,,,,,,,4096,0,5380,,,,,,,,,,,,,,,,,,,,,,,,,,,,,,,,,,,,,,,,,,,,,,,,,,,,,,,,,,,,,,,,,,,,,,,,,,,,,,,,,,,,,,,,,,,,,,,,,,,
"2025-09-02 15:13:22.5115709Z","ETW","Microsoft-Windows-Kernel-Audit-API-Calls",5,"Info ",2828,20364,"svchost.exe",,,,,,,,,,,,,,,,[{"addr":140736918206916,"idx":0},{"addr":140736882337646,"idx":1},{"addr":140736910267593,"idx":2},{"addr":140736627556068,"idx":3},{"addr":140736882620003,"idx":4},{"addr":140736882628366,"idx":5},{"addr":140736881847376,"idx":6},{"addr":140736909646499,"idx":7},{"addr":140736909646267,"idx":8},{"addr":140736909643574,"idx":9},{"addr":140736909641089,"idx":10},{"addr":140736910206646,"idx":11},{"addr":140736909298250,"idx":12},{"addr":140736909422200,"idx":13},{"addr":140736909684515,"idx":14},{"addr":140736882311415,"idx":15},{"addr":140736882088628,"idx":16},{"addr":140736882092154,"idx":17},{"addr":140736882015316,"idx":18},{"addr":140736882081820,"idx":19},{"addr":140736882106396,"idx":20},{"addr":140736882102691,"idx":21},{"addr":140736882098504,"idx":22},{"addr":140736917358174,"idx":23},{"addr":140736917350275,"idx":24},{"addr":140736897083607,"idx":25},{"addr":140736916996940,"idx":26}],,,,,,,,,,,,,,,,,,,4096,0,5380,,,,,,,,,,,,,,,,,,,,,,,,,,,,,,,,,,,,,,,,,,,,,,,,,,,,,,,,,,,,,,,,,,,,,,,,,,,,,,,,,,,,,,,,,,,,,,,,,,,
"2025-09-02 15:13:22.5115918Z","ETW","Microsoft-Windows-Kernel-Process",5,"ImageLoadInfo ",19464,11288,"CalculatorApp.exe",,,,"C:\Program Files\WindowsApps\Microsoft.UI.Xaml.2.8_8.2501.31001.0_x64__8wekyb3d8bbwe\Microsoft.UI.Xaml.dll",,,,,,,,,,,,[{"addr":140736918203828,"idx":0},{"addr":140736917192506,"idx":1},{"addr":140736917191278,"idx":2},{"addr":140736917210764,"idx":3},{"addr":140736917202269,"idx":4},{"addr":140736917259140,"idx":5},{"addr":140736916785248,"idx":6},{"addr":140736916784352,"idx":7},{"addr":140736917101952,"idx":8},{"addr":140736872000198,"idx":9},{"addr":140736909363845,"idx":10},{"addr":140736909362547,"idx":11},{"addr":140736909531736,"idx":12},{"addr":140736909524833,"idx":13},{"addr":140736909523551,"idx":14},{"addr":140733401757042,"idx":15},{"addr":140733401756635,"idx":16},{"addr":140733401756493,"idx":17},{"addr":140733401959797,"idx":18},{"addr":140733402210247,"idx":19},{"addr":140733857502893,"idx":20},{"addr":140733858380477,"idx":21},{"addr":140733858069466,"idx":22},{"addr":140733857651725,"idx":23},{"addr":140733857737987,"idx":24},{"addr":140736675983592,"idx":25},{"addr":140736675985712,"idx":26},{"addr":140736678187914,"idx":27},{"addr":140736677262225,"idx":28},{"addr":140736675600156,"idx":29},{"addr":140736675588551,"idx":30},{"addr":140736676970747,"idx":31},{"addr":140736676967520,"idx":32},{"addr":140736676966814,"idx":33},{"addr":140736676966213,"idx":34},{"addr":140736678066016,"idx":35},{"addr":140736678123956,"idx":36},{"addr":140736717806864,"idx":37},{"addr":140736717798943,"idx":38},{"addr":140736718243655,"idx":39},{"addr":140736902955471,"idx":40},{"addr":140736897083607,"idx":41},{"addr":140736916996940,"idx":42}],,,,,,,,,19464,,,,,,,,,,,,,,,,,,,,,,,,,,,,,,,,,,,,2056920596,140733615702016,140733615702016,5866761,5873664,,,,,,,,,,,,,,,,,,,,,,,,,,,,,,,,,,,,,,,,,,,,,,,,,,,,,,,,,,,,,,,,,,,,,,,
"2025-09-02 15:13:22.5119361Z","ETW","Microsoft-Windows-Kernel-Audit-API-Calls",5,"Info ",2828,20364,"svchost.exe",,,,,,,,,,,,,,,,[{"addr":140736918206916,"idx":0},{"addr":140736882337646,"idx":1},{"addr":140736910267593,"idx":2},{"addr":140736627175582,"idx":3},{"addr":140736627173040,"idx":4},{"addr":140736882620003,"idx":5},{"addr":140736882628366,"idx":6},{"addr":140736881847376,"idx":7},{"addr":140736909646499,"idx":8},{"addr":140736909646267,"idx":9},{"addr":140736909643574,"idx":10},{"addr":140736909641089,"idx":11},{"addr":140736910206646,"idx":12},{"addr":140736909298250,"idx":13},{"addr":140736909422200,"idx":14},{"addr":140736909684515,"idx":15},{"addr":140736882311415,"idx":16},{"addr":140736882088628,"idx":17},{"addr":140736882092154,"idx":18},{"addr":140736882015316,"idx":19},{"addr":140736882081820,"idx":20},{"addr":140736882106396,"idx":21},{"addr":140736882102691,"idx":22},{"addr":140736882098504,"idx":23},{"addr":140736917358174,"idx":24},{"addr":140736917350275,"idx":25},{"addr":140736897083607,"idx":26},{"addr":140736916996940,"idx":27}],,,,,,,,,,,,,,,,,,,4096,0,5380,,,,,,,,,,,,,,,,,,,,,,,,,,,,,,,,,,,,,,,,,,,,,,,,,,,,,,,,,,,,,,,,,,,,,,,,,,,,,,,,,,,,,,,,,,,,,,,,,,,
"2025-09-02 15:13:22.5122071Z","ETW","Microsoft-Windows-Kernel-Process",3,"ThreadStartStart ",5380,14824,"explorer.exe",,,,,,,,,,,,,,,,[{"addr":140736918214756,"idx":0},{"addr":140736917356893,"idx":1},{"addr":140736917350035,"idx":2},{"addr":140736897083607,"idx":3},{"addr":140736916996940,"idx":4}],,,,,,,,,5380,18446639081575641088,18446639081575616512,140736917348896,0,10465280,13116,112394240,112336896,140736917348896,,,,,,,,,,,,,,,,,,,,,,,,,,,,,,,,,,,,,,,,,,,,,,,,,,,,,,,,,,,,,,,,,,,,,,,,,,,,,,,,,,,,,,,,,,,,,,,,,,,,,,
"2025-09-02 15:13:22.5153898Z","ETW","Microsoft-Windows-Kernel-Process",5,"ImageLoadInfo ",19464,11288,"CalculatorApp.exe",,,,"C:\Program Files\WindowsApps\Microsoft.WindowsCalculator_11.2502.2.0_x64__8wekyb3d8bbwe\GraphControl.dll",,,,,,,,,,,,[{"addr":140736918203828,"idx":0},{"addr":140736917192506,"idx":1},{"addr":140736917191278,"idx":2},{"addr":140736917210764,"idx":3},{"addr":140736917202269,"idx":4},{"addr":140736917259140,"idx":5},{"addr":140736916785248,"idx":6},{"addr":140736916784352,"idx":7},{"addr":140736917101952,"idx":8},{"addr":140736872000198,"idx":9},{"addr":140736909363845,"idx":10},{"addr":140736909362547,"idx":11},{"addr":140736909531736,"idx":12},{"addr":140736909524833,"idx":13},{"addr":140736909523551,"idx":14},{"addr":140733401757042,"idx":15},{"addr":140733401756635,"idx":16},{"addr":140733401756493,"idx":17},{"addr":140733401959797,"idx":18},{"addr":140733402210247,"idx":19},{"addr":140733858335693,"idx":20},{"addr":140733858335449,"idx":21},{"addr":140733858334933,"idx":22},{"addr":140733858331838,"idx":23},{"addr":140733858649479,"idx":24},{"addr":140733857087662,"idx":25},{"addr":140733857739747,"idx":26},{"addr":140736678201845,"idx":27},{"addr":140736677176563,"idx":28},{"addr":140736677160913,"idx":29},{"addr":140736677168220,"idx":30},{"addr":140736677171290,"idx":31},{"addr":140736675317581,"idx":32},{"addr":140733616355045,"idx":33},{"addr":140733616168656,"idx":34},{"addr":140733616167853,"idx":35},{"addr":140733616167149,"idx":36},{"addr":140733616354462,"idx":37},{"addr":140733616251415,"idx":38},{"addr":140733400635774,"idx":39},{"addr":140733402210466,"idx":40},{"addr":140733857502893,"idx":41},{"addr":140733858380477,"idx":42},{"addr":140733858069466,"idx":43},{"addr":140733857651725,"idx":44},{"addr":140733857737987,"idx":45},{"addr":140736675983592,"idx":46},{"addr":140736675985712,"idx":47},{"addr":140736678187914,"idx":48},{"addr":140736677262225,"idx":49},{"addr":140736675600156,"idx":50},{"addr":140736675588551,"idx":51},{"addr":140736676970747,"idx":52},{"addr":140736676967520,"idx":53},{"addr":140736676966814,"idx":54},{"addr":140736676966213,"idx":55},{"addr":140736678066016,"idx":56},{"addr":140736678123956,"idx":57},{"addr":140736717806864,"idx":58},{"addr":140736717798943,"idx":59},{"addr":140736718243655,"idx":60},{"addr":140736902955471,"idx":61},{"addr":140736897083607,"idx":62},{"addr":140736916996940,"idx":63}],,,,,,,,,19464,,,,,,,,,,,,,,,,,,,,,,,,,,,,,,,,,,,,1741028784,140733845929984,140733845929984,0,761856,,,,,,,,,,,,,,,,,,,,,,,,,,,,,,,,,,,,,,,,,,,,,,,,,,,,,,,,,,,,,,,,,,,,,,,
"2025-09-02 15:13:22.5215962Z","ETW","Microsoft-Windows-Kernel-Audit-API-Calls",5,"Info ",5380,1604,"explorer.exe",,,,,,,,,,,,,,,,[{"addr":140736918203764,"idx":0},{"addr":140736872731894,"idx":1},{"addr":140736374266683,"idx":2},{"addr":140736374328280,"idx":3},{"addr":140736374307205,"idx":4},{"addr":140736374298393,"idx":5},{"addr":140736374296570,"idx":6},{"addr":140736374288902,"idx":7},{"addr":140736374287441,"idx":8},{"addr":140736374309239,"idx":9},{"addr":140736398688664,"idx":10},{"addr":140736398691570,"idx":11},{"addr":140736398692617,"idx":12},{"addr":140736398685305,"idx":13},{"addr":140736399150762,"idx":14},{"addr":140736399860818,"idx":15},{"addr":140736902703990,"idx":16},{"addr":140736902703274,"idx":17},{"addr":140736902700103,"idx":18},{"addr":140736897083607,"idx":19},{"addr":140736916996940,"idx":20}],,,,,,,,,,,,,,,,,,,1024,0,5380,,,,,,,,,,,,,,,,,,,,,,,,,,,,,,,,,,,,,,,,,,,,,,,,,,,,,,,,,,,,,,,,,,,,,,,,,,,,,,,,,,,,,,,,,,,,,,,,,,,
"2025-09-02 15:13:22.5216379Z","ETW","Microsoft-Windows-Kernel-Audit-API-Calls",5,"Info ",5380,1604,"explorer.exe",,,,,,,,,,,,,,,,[{"addr":140736918203764,"idx":0},{"addr":140736872731894,"idx":1},{"addr":140736374328495,"idx":2},{"addr":140736374328227,"idx":3},{"addr":140736374307205,"idx":4},{"addr":140736374298393,"idx":5},{"addr":140736374296570,"idx":6},{"addr":140736374288902,"idx":7},{"addr":140736374287441,"idx":8},{"addr":140736374309239,"idx":9},{"addr":140736398688664,"idx":10},{"addr":140736398691570,"idx":11},{"addr":140736398692617,"idx":12},{"addr":140736398685305,"idx":13},{"addr":140736399150762,"idx":14},{"addr":140736399860818,"idx":15},{"addr":140736902703990,"idx":16},{"addr":140736902703274,"idx":17},{"addr":140736902700103,"idx":18},{"addr":140736897083607,"idx":19},{"addr":140736916996940,"idx":20}],,,,,,,,,,,,,,,,,,,1024,0,5380,,,,,,,,,,,,,,,,,,,,,,,,,,,,,,,,,,,,,,,,,,,,,,,,,,,,,,,,,,,,,,,,,,,,,,,,,,,,,,,,,,,,,,,,,,,,,,,,,,,
"2025-09-02 15:13:22.5216591Z","ETW","Microsoft-Windows-Kernel-Audit-API-Calls",5,"Info ",5380,1604,"explorer.exe",,,,,,,,,,,,,,,,[{"addr":140736918203764,"idx":0},{"addr":140736872731894,"idx":1},{"addr":140736374266683,"idx":2},{"addr":140736374299367,"idx":3},{"addr":140736374296570,"idx":4},{"addr":140736374288902,"idx":5},{"addr":140736374287441,"idx":6},{"addr":140736374309239,"idx":7},{"addr":140736398688664,"idx":8},{"addr":140736398691570,"idx":9},{"addr":140736398692617,"idx":10},{"addr":140736398685305,"idx":11},{"addr":140736399150762,"idx":12},{"addr":140736399860818,"idx":13},{"addr":140736902703990,"idx":14},{"addr":140736902703274,"idx":15},{"addr":140736902700103,"idx":16},{"addr":140736897083607,"idx":17},{"addr":140736916996940,"idx":18}],,,,,,,,,,,,,,,,,,,1024,0,5380,,,,,,,,,,,,,,,,,,,,,,,,,,,,,,,,,,,,,,,,,,,,,,,,,,,,,,,,,,,,,,,,,,,,,,,,,,,,,,,,,,,,,,,,,,,,,,,,,,,
"2025-09-02 15:13:22.5216750Z","ETW","Microsoft-Windows-Kernel-Audit-API-Calls",5,"Info ",5380,1604,"explorer.exe",,,,,,,,,,,,,,,,[{"addr":140736918203764,"idx":0},{"addr":140736872731894,"idx":1},{"addr":140736374266683,"idx":2},{"addr":140736374299367,"idx":3},{"addr":140736374296570,"idx":4},{"addr":140736374288902,"idx":5},{"addr":140736374287441,"idx":6},{"addr":140736374309239,"idx":7},{"addr":140736398688664,"idx":8},{"addr":140736398691570,"idx":9},{"addr":140736398692617,"idx":10},{"addr":140736398685305,"idx":11},{"addr":140736399150762,"idx":12},{"addr":140736399860818,"idx":13},{"addr":140736902703990,"idx":14},{"addr":140736902703274,"idx":15},{"addr":140736902700103,"idx":16},{"addr":140736897083607,"idx":17},{"addr":140736916996940,"idx":18}],,,,,,,,,,,,,,,,,,,1024,0,5380,,,,,,,,,,,,,,,,,,,,,,,,,,,,,,,,,,,,,,,,,,,,,,,,,,,,,,,,,,,,,,,,,,,,,,,,,,,,,,,,,,,,,,,,,,,,,,,,,,,
"2025-09-02 15:13:22.5216982Z","ETW","Microsoft-Windows-Kernel-Audit-API-Calls",5,"Info ",5380,1604,"explorer.exe",,,,,,,,,,,,,,,,[{"addr":140736918203764,"idx":0},{"addr":140736872731894,"idx":1},{"addr":140736374266683,"idx":2},{"addr":140736374299367,"idx":3},{"addr":140736374296570,"idx":4},{"addr":140736374288902,"idx":5},{"addr":140736374287441,"idx":6},{"addr":140736374309239,"idx":7},{"addr":140736398688664,"idx":8},{"addr":140736398691570,"idx":9},{"addr":140736398692617,"idx":10},{"addr":140736398685305,"idx":11},{"addr":140736399150762,"idx":12},{"addr":140736399860818,"idx":13},{"addr":140736902703990,"idx":14},{"addr":140736902703274,"idx":15},{"addr":140736902700103,"idx":16},{"addr":140736897083607,"idx":17},{"addr":140736916996940,"idx":18}],,,,,,,,,,,,,,,,,,,1024,0,5380,,,,,,,,,,,,,,,,,,,,,,,,,,,,,,,,,,,,,,,,,,,,,,,,,,,,,,,,,,,,,,,,,,,,,,,,,,,,,,,,,,,,,,,,,,,,,,,,,,,
"2025-09-02 15:13:22.5217112Z","ETW","Microsoft-Windows-Kernel-Audit-API-Calls",5,"Info ",5380,1604,"explorer.exe",,,,,,,,,,,,,,,,[{"addr":140736918203764,"idx":0},{"addr":140736872731894,"idx":1},{"addr":140736374266683,"idx":2},{"addr":140736374299367,"idx":3},{"addr":140736374296570,"idx":4},{"addr":140736374288902,"idx":5},{"addr":140736374287441,"idx":6},{"addr":140736374309239,"idx":7},{"addr":140736398688664,"idx":8},{"addr":140736398691570,"idx":9},{"addr":140736398692617,"idx":10},{"addr":140736398685305,"idx":11},{"addr":140736399150762,"idx":12},{"addr":140736399860818,"idx":13},{"addr":140736902703990,"idx":14},{"addr":140736902703274,"idx":15},{"addr":140736902700103,"idx":16},{"addr":140736897083607,"idx":17},{"addr":140736916996940,"idx":18}],,,,,,,,,,,,,,,,,,,1024,0,5380,,,,,,,,,,,,,,,,,,,,,,,,,,,,,,,,,,,,,,,,,,,,,,,,,,,,,,,,,,,,,,,,,,,,,,,,,,,,,,,,,,,,,,,,,,,,,,,,,,,
"2025-09-02 15:13:22.5217223Z","ETW","Microsoft-Windows-Kernel-Audit-API-Calls",5,"Info ",5380,1604,"explorer.exe",,,,,,,,,,,,,,,,[{"addr":140736918203764,"idx":0},{"addr":140736872731894,"idx":1},{"addr":140736374266683,"idx":2},{"addr":140736374299367,"idx":3},{"addr":140736374296570,"idx":4},{"addr":140736374288902,"idx":5},{"addr":140736374287441,"idx":6},{"addr":140736374309239,"idx":7},{"addr":140736398688664,"idx":8},{"addr":140736398691570,"idx":9},{"addr":140736398692617,"idx":10},{"addr":140736398685305,"idx":11},{"addr":140736399150762,"idx":12},{"addr":140736399860818,"idx":13},{"addr":140736902703990,"idx":14},{"addr":140736902703274,"idx":15},{"addr":140736902700103,"idx":16},{"addr":140736897083607,"idx":17},{"addr":140736916996940,"idx":18}],,,,,,,,,,,,,,,,,,,1024,0,5380,,,,,,,,,,,,,,,,,,,,,,,,,,,,,,,,,,,,,,,,,,,,,,,,,,,,,,,,,,,,,,,,,,,,,,,,,,,,,,,,,,,,,,,,,,,,,,,,,,,
"2025-09-02 15:13:22.5217339Z","ETW","Microsoft-Windows-Kernel-Audit-API-Calls",5,"Info ",5380,1604,"explorer.exe",,,,,,,,,,,,,,,,[{"addr":140736918203764,"idx":0},{"addr":140736872731894,"idx":1},{"addr":140736374266683,"idx":2},{"addr":140736374299367,"idx":3},{"addr":140736374296570,"idx":4},{"addr":140736374288902,"idx":5},{"addr":140736374287441,"idx":6},{"addr":140736374309239,"idx":7},{"addr":140736398688664,"idx":8},{"addr":140736398691570,"idx":9},{"addr":140736398692617,"idx":10},{"addr":140736398685305,"idx":11},{"addr":140736399150762,"idx":12},{"addr":140736399860818,"idx":13},{"addr":140736902703990,"idx":14},{"addr":140736902703274,"idx":15},{"addr":140736902700103,"idx":16},{"addr":140736897083607,"idx":17},{"addr":140736916996940,"idx":18}],,,,,,,,,,,,,,,,,,,1024,0,5380,,,,,,,,,,,,,,,,,,,,,,,,,,,,,,,,,,,,,,,,,,,,,,,,,,,,,,,,,,,,,,,,,,,,,,,,,,,,,,,,,,,,,,,,,,,,,,,,,,,
"2025-09-02 15:13:22.5217444Z","ETW","Microsoft-Windows-Kernel-Audit-API-Calls",5,"Info ",5380,1604,"explorer.exe",,,,,,,,,,,,,,,,[{"addr":140736918203764,"idx":0},{"addr":140736872731894,"idx":1},{"addr":140736374266683,"idx":2},{"addr":140736374299367,"idx":3},{"addr":140736374296570,"idx":4},{"addr":140736374288902,"idx":5},{"addr":140736374287441,"idx":6},{"addr":140736374309239,"idx":7},{"addr":140736398688664,"idx":8},{"addr":140736398691570,"idx":9},{"addr":140736398692617,"idx":10},{"addr":140736398685305,"idx":11},{"addr":140736399150762,"idx":12},{"addr":140736399860818,"idx":13},{"addr":140736902703990,"idx":14},{"addr":140736902703274,"idx":15},{"addr":140736902700103,"idx":16},{"addr":140736897083607,"idx":17},{"addr":140736916996940,"idx":18}],,,,,,,,,,,,,,,,,,,1024,0,5380,,,,,,,,,,,,,,,,,,,,,,,,,,,,,,,,,,,,,,,,,,,,,,,,,,,,,,,,,,,,,,,,,,,,,,,,,,,,,,,,,,,,,,,,,,,,,,,,,,,
"2025-09-02 15:13:22.5217451Z","ETW","Microsoft-Windows-Kernel-Process",5,"ImageLoadInfo ",19464,11288,"CalculatorApp.exe",,,,"C:\Windows\System32\Windows.UI.Xaml.Controls.dll",,,,,,,,,,,,[{"addr":140736918203828,"idx":0},{"addr":140736917192506,"idx":1},{"addr":140736917191278,"idx":2},{"addr":140736917210764,"idx":3},{"addr":140736917201516,"idx":4},{"addr":140736917258922,"idx":5},{"addr":140736916785248,"idx":6},{"addr":140736916784352,"idx":7},{"addr":140736917101952,"idx":8},{"addr":140736872000198,"idx":9},{"addr":140736677606276,"idx":10},{"addr":140736677606824,"idx":11},{"addr":140736678255565,"idx":12},{"addr":140736678255333,"idx":13},{"addr":140736678255220,"idx":14},{"addr":140736675983592,"idx":15},{"addr":140736675985712,"idx":16},{"addr":140736678187914,"idx":17},{"addr":140736677263333,"idx":18},{"addr":140736675600156,"idx":19},{"addr":140736674911457,"idx":20},{"addr":140736674903926,"idx":21},{"addr":140736676423567,"idx":22},{"addr":140736676258719,"idx":23},{"addr":140733616365497,"idx":24},{"addr":140733615736632,"idx":25},{"addr":140733616168210,"idx":26},{"addr":140733616167149,"idx":27},{"addr":140733616354462,"idx":28},{"addr":140733616251415,"idx":29},{"addr":140733400635774,"idx":30},{"addr":140733402210466,"idx":31},{"addr":140733857502893,"idx":32},{"addr":140733858380477,"idx":33},{"addr":140733858069466,"idx":34},{"addr":140733857651725,"idx":35},{"addr":140733857737987,"idx":36},{"addr":140736675983592,"idx":37},{"addr":140736675985712,"idx":38},{"addr":140736678187914,"idx":39},{"addr":140736677262225,"idx":40},{"addr":140736675600156,"idx":41},{"addr":140736675588551,"idx":42},{"addr":140736676970747,"idx":43},{"addr":140736676967520,"idx":44},{"addr":140736676966814,"idx":45},{"addr":140736676966213,"idx":46},{"addr":140736678066016,"idx":47},{"addr":140736678123956,"idx":48},{"addr":140736717806864,"idx":49},{"addr":140736717798943,"idx":50},{"addr":140736718243655,"idx":51},{"addr":140736902955471,"idx":52},{"addr":140736897083607,"idx":53},{"addr":140736916996940,"idx":54}],,,,,,,,,19464,,,,,,,,,,,,,,,,,,,,,,,,,,,,,,,,,,,,792886794,140736664109056,140736664109056,3316927,3313664,,,,,,,,,,,,,,,,,,,,,,,,,,,,,,,,,,,,,,,,,,,,,,,,,,,,,,,,,,,,,,,,,,,,,,,
"2025-09-02 15:13:22.5217591Z","ETW","Microsoft-Windows-Kernel-Audit-API-Calls",5,"Info ",5380,1604,"explorer.exe",,,,,,,,,,,,,,,,[{"addr":140736918203764,"idx":0},{"addr":140736872731894,"idx":1},{"addr":140736374266683,"idx":2},{"addr":140736374299367,"idx":3},{"addr":140736374296570,"idx":4},{"addr":140736374288902,"idx":5},{"addr":140736374287441,"idx":6},{"addr":140736374309239,"idx":7},{"addr":140736398688664,"idx":8},{"addr":140736398691570,"idx":9},{"addr":140736398692617,"idx":10},{"addr":140736398685305,"idx":11},{"addr":140736399150762,"idx":12},{"addr":140736399860818,"idx":13},{"addr":140736902703990,"idx":14},{"addr":140736902703274,"idx":15},{"addr":140736902700103,"idx":16},{"addr":140736897083607,"idx":17},{"addr":140736916996940,"idx":18}],,,,,,,,,,,,,,,,,,,1024,0,5380,,,,,,,,,,,,,,,,,,,,,,,,,,,,,,,,,,,,,,,,,,,,,,,,,,,,,,,,,,,,,,,,,,,,,,,,,,,,,,,,,,,,,,,,,,,,,,,,,,,
"2025-09-02 15:13:22.5217710Z","ETW","Microsoft-Windows-Kernel-Audit-API-Calls",5,"Info ",5380,1604,"explorer.exe",,,,,,,,,,,,,,,,[{"addr":140736918203764,"idx":0},{"addr":140736872731894,"idx":1},{"addr":140736374266683,"idx":2},{"addr":140736374299367,"idx":3},{"addr":140736374296570,"idx":4},{"addr":140736374288902,"idx":5},{"addr":140736374287441,"idx":6},{"addr":140736374309239,"idx":7},{"addr":140736398688664,"idx":8},{"addr":140736398691570,"idx":9},{"addr":140736398692617,"idx":10},{"addr":140736398685305,"idx":11},{"addr":140736399150762,"idx":12},{"addr":140736399860818,"idx":13},{"addr":140736902703990,"idx":14},{"addr":140736902703274,"idx":15},{"addr":140736902700103,"idx":16},{"addr":140736897083607,"idx":17},{"addr":140736916996940,"idx":18}],,,,,,,,,,,,,,,,,,,1024,0,5380,,,,,,,,,,,,,,,,,,,,,,,,,,,,,,,,,,,,,,,,,,,,,,,,,,,,,,,,,,,,,,,,,,,,,,,,,,,,,,,,,,,,,,,,,,,,,,,,,,,
"2025-09-02 15:13:22.5217829Z","ETW","Microsoft-Windows-Kernel-Audit-API-Calls",5,"Info ",5380,1604,"explorer.exe",,,,,,,,,,,,,,,,[{"addr":140736918203764,"idx":0},{"addr":140736872731894,"idx":1},{"addr":140736374266683,"idx":2},{"addr":140736374299367,"idx":3},{"addr":140736374296570,"idx":4},{"addr":140736374288902,"idx":5},{"addr":140736374287441,"idx":6},{"addr":140736374309239,"idx":7},{"addr":140736398688664,"idx":8},{"addr":140736398691570,"idx":9},{"addr":140736398692617,"idx":10},{"addr":140736398685305,"idx":11},{"addr":140736399150762,"idx":12},{"addr":140736399860818,"idx":13},{"addr":140736902703990,"idx":14},{"addr":140736902703274,"idx":15},{"addr":140736902700103,"idx":16},{"addr":140736897083607,"idx":17},{"addr":140736916996940,"idx":18}],,,,,,,,,,,,,,,,,,,1024,0,5380,,,,,,,,,,,,,,,,,,,,,,,,,,,,,,,,,,,,,,,,,,,,,,,,,,,,,,,,,,,,,,,,,,,,,,,,,,,,,,,,,,,,,,,,,,,,,,,,,,,
"2025-09-02 15:13:22.5217950Z","ETW","Microsoft-Windows-Kernel-Audit-API-Calls",5,"Info ",5380,1604,"explorer.exe",,,,,,,,,,,,,,,,[{"addr":140736918203764,"idx":0},{"addr":140736872731894,"idx":1},{"addr":140736374266683,"idx":2},{"addr":140736374299367,"idx":3},{"addr":140736374296570,"idx":4},{"addr":140736374288902,"idx":5},{"addr":140736374287441,"idx":6},{"addr":140736374309239,"idx":7},{"addr":140736398688664,"idx":8},{"addr":140736398691570,"idx":9},{"addr":140736398692617,"idx":10},{"addr":140736398685305,"idx":11},{"addr":140736399150762,"idx":12},{"addr":140736399860818,"idx":13},{"addr":140736902703990,"idx":14},{"addr":140736902703274,"idx":15},{"addr":140736902700103,"idx":16},{"addr":140736897083607,"idx":17},{"addr":140736916996940,"idx":18}],,,,,,,,,,,,,,,,,,,1024,0,5380,,,,,,,,,,,,,,,,,,,,,,,,,,,,,,,,,,,,,,,,,,,,,,,,,,,,,,,,,,,,,,,,,,,,,,,,,,,,,,,,,,,,,,,,,,,,,,,,,,,
"2025-09-02 15:13:22.5218062Z","ETW","Microsoft-Windows-Kernel-Audit-API-Calls",5,"Info ",5380,1604,"explorer.exe",,,,,,,,,,,,,,,,[{"addr":140736918203764,"idx":0},{"addr":140736872731894,"idx":1},{"addr":140736374266683,"idx":2},{"addr":140736374299367,"idx":3},{"addr":140736374296570,"idx":4},{"addr":140736374288902,"idx":5},{"addr":140736374287441,"idx":6},{"addr":140736374309239,"idx":7},{"addr":140736398688664,"idx":8},{"addr":140736398691570,"idx":9},{"addr":140736398692617,"idx":10},{"addr":140736398685305,"idx":11},{"addr":140736399150762,"idx":12},{"addr":140736399860818,"idx":13},{"addr":140736902703990,"idx":14},{"addr":140736902703274,"idx":15},{"addr":140736902700103,"idx":16},{"addr":140736897083607,"idx":17},{"addr":140736916996940,"idx":18}],,,,,,,,,,,,,,,,,,,1024,0,5380,,,,,,,,,,,,,,,,,,,,,,,,,,,,,,,,,,,,,,,,,,,,,,,,,,,,,,,,,,,,,,,,,,,,,,,,,,,,,,,,,,,,,,,,,,,,,,,,,,,
"2025-09-02 15:13:22.5218338Z","ETW","Microsoft-Windows-Kernel-Audit-API-Calls",5,"Info ",5380,1604,"explorer.exe",,,,,,,,,,,,,,,,[{"addr":140736918203764,"idx":0},{"addr":140736872731894,"idx":1},{"addr":140736374266683,"idx":2},{"addr":140736374299367,"idx":3},{"addr":140736374296570,"idx":4},{"addr":140736374288902,"idx":5},{"addr":140736374287441,"idx":6},{"addr":140736374309239,"idx":7},{"addr":140736398688664,"idx":8},{"addr":140736398691570,"idx":9},{"addr":140736398692617,"idx":10},{"addr":140736398685305,"idx":11},{"addr":140736399150762,"idx":12},{"addr":140736399860818,"idx":13},{"addr":140736902703990,"idx":14},{"addr":140736902703274,"idx":15},{"addr":140736902700103,"idx":16},{"addr":140736897083607,"idx":17},{"addr":140736916996940,"idx":18}],,,,,,,,,,,,,,,,,,,1024,0,5380,,,,,,,,,,,,,,,,,,,,,,,,,,,,,,,,,,,,,,,,,,,,,,,,,,,,,,,,,,,,,,,,,,,,,,,,,,,,,,,,,,,,,,,,,,,,,,,,,,,
"2025-09-02 15:13:22.5218474Z","ETW","Microsoft-Windows-Kernel-Audit-API-Calls",5,"Info ",5380,1604,"explorer.exe",,,,,,,,,,,,,,,,[{"addr":140736918203764,"idx":0},{"addr":140736872731894,"idx":1},{"addr":140736374266683,"idx":2},{"addr":140736374299367,"idx":3},{"addr":140736374296570,"idx":4},{"addr":140736374288902,"idx":5},{"addr":140736374287441,"idx":6},{"addr":140736374309239,"idx":7},{"addr":140736398688664,"idx":8},{"addr":140736398691570,"idx":9},{"addr":140736398692617,"idx":10},{"addr":140736398685305,"idx":11},{"addr":140736399150762,"idx":12},{"addr":140736399860818,"idx":13},{"addr":140736902703990,"idx":14},{"addr":140736902703274,"idx":15},{"addr":140736902700103,"idx":16},{"addr":140736897083607,"idx":17},{"addr":140736916996940,"idx":18}],,,,,,,,,,,,,,,,,,,1024,0,5380,,,,,,,,,,,,,,,,,,,,,,,,,,,,,,,,,,,,,,,,,,,,,,,,,,,,,,,,,,,,,,,,,,,,,,,,,,,,,,,,,,,,,,,,,,,,,,,,,,,
"2025-09-02 15:13:22.5218600Z","ETW","Microsoft-Windows-Kernel-Audit-API-Calls",5,"Info ",5380,1604,"explorer.exe",,,,,,,,,,,,,,,,[{"addr":140736918203764,"idx":0},{"addr":140736872731894,"idx":1},{"addr":140736374266683,"idx":2},{"addr":140736374262251,"idx":3},{"addr":140736374305045,"idx":4},{"addr":140736374296656,"idx":5},{"addr":140736374288902,"idx":6},{"addr":140736374287441,"idx":7},{"addr":140736374309239,"idx":8},{"addr":140736398688664,"idx":9},{"addr":140736398691570,"idx":10},{"addr":140736398692617,"idx":11},{"addr":140736398685305,"idx":12},{"addr":140736399150762,"idx":13},{"addr":140736399860818,"idx":14},{"addr":140736902703990,"idx":15},{"addr":140736902703274,"idx":16},{"addr":140736902700103,"idx":17},{"addr":140736897083607,"idx":18},{"addr":140736916996940,"idx":19}],,,,,,,,,,,,,,,,,,,1024,0,5380,,,,,,,,,,,,,,,,,,,,,,,,,,,,,,,,,,,,,,,,,,,,,,,,,,,,,,,,,,,,,,,,,,,,,,,,,,,,,,,,,,,,,,,,,,,,,,,,,,,
"2025-09-02 15:13:22.5220181Z","ETW","Microsoft-Windows-Kernel-Audit-API-Calls",5,"Info ",5380,1604,"explorer.exe",,,,,,,,,,,,,,,,[{"addr":140736918203764,"idx":0},{"addr":140736872731894,"idx":1},{"addr":140736374264322,"idx":2},{"addr":140736374273316,"idx":3},{"addr":140736374454399,"idx":4},{"addr":140736374296732,"idx":5},{"addr":140736374288902,"idx":6},{"addr":140736374287441,"idx":7},{"addr":140736374309239,"idx":8},{"addr":140736398688664,"idx":9},{"addr":140736398691570,"idx":10},{"addr":140736398692617,"idx":11},{"addr":140736398685305,"idx":12},{"addr":140736399150762,"idx":13},{"addr":140736399860818,"idx":14},{"addr":140736902703990,"idx":15},{"addr":140736902703274,"idx":16},{"addr":140736902700103,"idx":17},{"addr":140736897083607,"idx":18},{"addr":140736916996940,"idx":19}],,,,,,,,,,,,,,,,,,,1024,0,5380,,,,,,,,,,,,,,,,,,,,,,,,,,,,,,,,,,,,,,,,,,,,,,,,,,,,,,,,,,,,,,,,,,,,,,,,,,,,,,,,,,,,,,,,,,,,,,,,,,,
"2025-09-02 15:13:22.5220856Z","ETW","Microsoft-Windows-Kernel-Audit-API-Calls",5,"Info ",5380,1604,"explorer.exe",,,,,,,,,,,,,,,,[{"addr":140736918203764,"idx":0},{"addr":140736872731894,"idx":1},{"addr":140736374266683,"idx":2},{"addr":140736374266439,"idx":3},{"addr":140736374273343,"idx":4},{"addr":140736374454399,"idx":5},{"addr":140736374296732,"idx":6},{"addr":140736374288902,"idx":7},{"addr":140736374287441,"idx":8},{"addr":140736374309239,"idx":9},{"addr":140736398688664,"idx":10},{"addr":140736398691570,"idx":11},{"addr":140736398692617,"idx":12},{"addr":140736398685305,"idx":13},{"addr":140736399150762,"idx":14},{"addr":140736399860818,"idx":15},{"addr":140736902703990,"idx":16},{"addr":140736902703274,"idx":17},{"addr":140736902700103,"idx":18},{"addr":140736897083607,"idx":19},{"addr":140736916996940,"idx":20}],,,,,,,,,,,,,,,,,,,1024,0,5380,,,,,,,,,,,,,,,,,,,,,,,,,,,,,,,,,,,,,,,,,,,,,,,,,,,,,,,,,,,,,,,,,,,,,,,,,,,,,,,,,,,,,,,,,,,,,,,,,,,
"2025-09-02 15:13:22.5222423Z","ETW","Microsoft-Windows-Kernel-Audit-API-Calls",5,"Info ",5380,4292,"explorer.exe",,,,,,,,,,,,,,,,[{"addr":140736918203764,"idx":0},{"addr":140736872731894,"idx":1},{"addr":140736374266683,"idx":2},{"addr":140736374328280,"idx":3},{"addr":140736374307205,"idx":4},{"addr":140736374298393,"idx":5},{"addr":140736374296570,"idx":6},{"addr":140736374288902,"idx":7},{"addr":140736374287441,"idx":8},{"addr":140736374309239,"idx":9},{"addr":140736398688664,"idx":10},{"addr":140736398691570,"idx":11},{"addr":140736398692617,"idx":12},{"addr":140736398685305,"idx":13},{"addr":140736399150762,"idx":14},{"addr":140736399860818,"idx":15},{"addr":140736902703990,"idx":16},{"addr":140736902703274,"idx":17},{"addr":140736902986355,"idx":18},{"addr":140736917282525,"idx":19},{"addr":140736917350969,"idx":20},{"addr":140736897083607,"idx":21},{"addr":140736916996940,"idx":22}],,,,,,,,,,,,,,,,,,,1024,0,5380,,,,,,,,,,,,,,,,,,,,,,,,,,,,,,,,,,,,,,,,,,,,,,,,,,,,,,,,,,,,,,,,,,,,,,,,,,,,,,,,,,,,,,,,,,,,,,,,,,,
"2025-09-02 15:13:22.5222445Z","ETW","Microsoft-Windows-Kernel-Audit-API-Calls",5,"Info ",5380,1604,"explorer.exe",,,,,,,,,,,,,,,,[{"addr":140736918203764,"idx":0},{"addr":140736872731894,"idx":1},{"addr":140736374265853,"idx":2},{"addr":140736374262584,"idx":3},{"addr":140736374352327,"idx":4},{"addr":140736374351681,"idx":5},{"addr":140736374454456,"idx":6},{"addr":140736374296732,"idx":7},{"addr":140736374288902,"idx":8},{"addr":140736374287441,"idx":9},{"addr":140736374309239,"idx":10},{"addr":140736398688664,"idx":11},{"addr":140736398691570,"idx":12},{"addr":140736398692617,"idx":13},{"addr":140736398685305,"idx":14},{"addr":140736399150762,"idx":15},{"addr":140736399860818,"idx":16},{"addr":140736902703990,"idx":17},{"addr":140736902703274,"idx":18},{"addr":140736902700103,"idx":19},{"addr":140736897083607,"idx":20},{"addr":140736916996940,"idx":21}],,,,,,,,,,,,,,,,,,,1024,0,5380,,,,,,,,,,,,,,,,,,,,,,,,,,,,,,,,,,,,,,,,,,,,,,,,,,,,,,,,,,,,,,,,,,,,,,,,,,,,,,,,,,,,,,,,,,,,,,,,,,,
"2025-09-02 15:13:22.5222626Z","ETW","Microsoft-Windows-Kernel-Audit-API-Calls",5,"Info ",5380,4292,"explorer.exe",,,,,,,,,,,,,,,,[{"addr":140736918203764,"idx":0},{"addr":140736872731894,"idx":1},{"addr":140736374328495,"idx":2},{"addr":140736374328227,"idx":3},{"addr":140736374307205,"idx":4},{"addr":140736374298393,"idx":5},{"addr":140736374296570,"idx":6},{"addr":140736374288902,"idx":7},{"addr":140736374287441,"idx":8},{"addr":140736374309239,"idx":9},{"addr":140736398688664,"idx":10},{"addr":140736398691570,"idx":11},{"addr":140736398692617,"idx":12},{"addr":140736398685305,"idx":13},{"addr":140736399150762,"idx":14},{"addr":140736399860818,"idx":15},{"addr":140736902703990,"idx":16},{"addr":140736902703274,"idx":17},{"addr":140736902986355,"idx":18},{"addr":140736917282525,"idx":19},{"addr":140736917350969,"idx":20},{"addr":140736897083607,"idx":21},{"addr":140736916996940,"idx":22}],,,,,,,,,,,,,,,,,,,1024,0,5380,,,,,,,,,,,,,,,,,,,,,,,,,,,,,,,,,,,,,,,,,,,,,,,,,,,,,,,,,,,,,,,,,,,,,,,,,,,,,,,,,,,,,,,,,,,,,,,,,,,
"2025-09-02 15:13:22.5222682Z","ETW","Microsoft-Windows-Kernel-Audit-API-Calls",5,"Info ",2644,2676,"svchost.exe",,,,,,,,,,,,,,,,[{"addr":140736918206916,"idx":0},{"addr":140736673549164,"idx":1},{"addr":140736673550120,"idx":2},{"addr":140736673552852,"idx":3},{"addr":140736673552238,"idx":4},{"addr":140736674069630,"idx":5},{"addr":140736897083607,"idx":6},{"addr":140736916996940,"idx":7}],,,,,,,,,,,,,,,,,,,64,0,19464,,,,,,,,,,,,,,,,,,,,,,,,,,,,,,,,,,,,,,,,,,,,,,,,,,,,,,,,,,,,,,,,,,,,,,,,,,,,,,,,,,,,,,,,,,,,,,,,,,,
"2025-09-02 15:13:22.5222761Z","ETW","Microsoft-Windows-Kernel-Audit-API-Calls",5,"Info ",5380,1604,"explorer.exe",,,,,,,,,,,,,,,,[{"addr":140736918203764,"idx":0},{"addr":140736872731894,"idx":1},{"addr":140736374266683,"idx":2},{"addr":140736374266439,"idx":3},{"addr":140736374262654,"idx":4},{"addr":140736374352327,"idx":5},{"addr":140736374351681,"idx":6},{"addr":140736374454456,"idx":7},{"addr":140736374296732,"idx":8},{"addr":140736374288902,"idx":9},{"addr":140736374287441,"idx":10},{"addr":140736374309239,"idx":11},{"addr":140736398688664,"idx":12},{"addr":140736398691570,"idx":13},{"addr":140736398692617,"idx":14},{"addr":140736398685305,"idx":15},{"addr":140736399150762,"idx":16},{"addr":140736399860818,"idx":17},{"addr":140736902703990,"idx":18},{"addr":140736902703274,"idx":19},{"addr":140736902700103,"idx":20},{"addr":140736897083607,"idx":21},{"addr":140736916996940,"idx":22}],,,,,,,,,,,,,,,,,,,1024,0,5380,,,,,,,,,,,,,,,,,,,,,,,,,,,,,,,,,,,,,,,,,,,,,,,,,,,,,,,,,,,,,,,,,,,,,,,,,,,,,,,,,,,,,,,,,,,,,,,,,,,
"2025-09-02 15:13:22.5222772Z","ETW","Microsoft-Windows-Kernel-Audit-API-Calls",5,"Info ",5380,4292,"explorer.exe",,,,,,,,,,,,,,,,[{"addr":140736918203764,"idx":0},{"addr":140736872731894,"idx":1},{"addr":140736374266683,"idx":2},{"addr":140736374299367,"idx":3},{"addr":140736374296570,"idx":4},{"addr":140736374288902,"idx":5},{"addr":140736374287441,"idx":6},{"addr":140736374309239,"idx":7},{"addr":140736398688664,"idx":8},{"addr":140736398691570,"idx":9},{"addr":140736398692617,"idx":10},{"addr":140736398685305,"idx":11},{"addr":140736399150762,"idx":12},{"addr":140736399860818,"idx":13},{"addr":140736902703990,"idx":14},{"addr":140736902703274,"idx":15},{"addr":140736902986355,"idx":16},{"addr":140736917282525,"idx":17},{"addr":140736917350969,"idx":18},{"addr":140736897083607,"idx":19},{"addr":140736916996940,"idx":20}],,,,,,,,,,,,,,,,,,,1024,0,5380,,,,,,,,,,,,,,,,,,,,,,,,,,,,,,,,,,,,,,,,,,,,,,,,,,,,,,,,,,,,,,,,,,,,,,,,,,,,,,,,,,,,,,,,,,,,,,,,,,,
"2025-09-02 15:13:22.5222877Z","ETW","Microsoft-Windows-Kernel-Audit-API-Calls",5,"Info ",5380,4292,"explorer.exe",,,,,,,,,,,,,,,,[{"addr":140736918203764,"idx":0},{"addr":140736872731894,"idx":1},{"addr":140736374266683,"idx":2},{"addr":140736374299367,"idx":3},{"addr":140736374296570,"idx":4},{"addr":140736374288902,"idx":5},{"addr":140736374287441,"idx":6},{"addr":140736374309239,"idx":7},{"addr":140736398688664,"idx":8},{"addr":140736398691570,"idx":9},{"addr":140736398692617,"idx":10},{"addr":140736398685305,"idx":11},{"addr":140736399150762,"idx":12},{"addr":140736399860818,"idx":13},{"addr":140736902703990,"idx":14},{"addr":140736902703274,"idx":15},{"addr":140736902986355,"idx":16},{"addr":140736917282525,"idx":17},{"addr":140736917350969,"idx":18},{"addr":140736897083607,"idx":19},{"addr":140736916996940,"idx":20}],,,,,,,,,,,,,,,,,,,1024,0,5380,,,,,,,,,,,,,,,,,,,,,,,,,,,,,,,,,,,,,,,,,,,,,,,,,,,,,,,,,,,,,,,,,,,,,,,,,,,,,,,,,,,,,,,,,,,,,,,,,,,
"2025-09-02 15:13:22.5222989Z","ETW","Microsoft-Windows-Kernel-Audit-API-Calls",5,"Info ",5380,1604,"explorer.exe",,,,,,,,,,,,,,,,[{"addr":140736918203764,"idx":0},{"addr":140736872731894,"idx":1},{"addr":140736374265853,"idx":2},{"addr":140736374262584,"idx":3},{"addr":140736374352327,"idx":4},{"addr":140736374351681,"idx":5},{"addr":140736374454456,"idx":6},{"addr":140736374296732,"idx":7},{"addr":140736374288902,"idx":8},{"addr":140736374287441,"idx":9},{"addr":140736374309239,"idx":10},{"addr":140736398688664,"idx":11},{"addr":140736398691570,"idx":12},{"addr":140736398692617,"idx":13},{"addr":140736398685305,"idx":14},{"addr":140736399150762,"idx":15},{"addr":140736399860818,"idx":16},{"addr":140736902703990,"idx":17},{"addr":140736902703274,"idx":18},{"addr":140736902700103,"idx":19},{"addr":140736897083607,"idx":20},{"addr":140736916996940,"idx":21}],,,,,,,,,,,,,,,,,,,1024,0,5380,,,,,,,,,,,,,,,,,,,,,,,,,,,,,,,,,,,,,,,,,,,,,,,,,,,,,,,,,,,,,,,,,,,,,,,,,,,,,,,,,,,,,,,,,,,,,,,,,,,
"2025-09-02 15:13:22.5223020Z","ETW","Microsoft-Windows-Kernel-Audit-API-Calls",5,"Info ",5380,4292,"explorer.exe",,,,,,,,,,,,,,,,[{"addr":140736918203764,"idx":0},{"addr":140736872731894,"idx":1},{"addr":140736374266683,"idx":2},{"addr":140736374299367,"idx":3},{"addr":140736374296570,"idx":4},{"addr":140736374288902,"idx":5},{"addr":140736374287441,"idx":6},{"addr":140736374309239,"idx":7},{"addr":140736398688664,"idx":8},{"addr":140736398691570,"idx":9},{"addr":140736398692617,"idx":10},{"addr":140736398685305,"idx":11},{"addr":140736399150762,"idx":12},{"addr":140736399860818,"idx":13},{"addr":140736902703990,"idx":14},{"addr":140736902703274,"idx":15},{"addr":140736902986355,"idx":16},{"addr":140736917282525,"idx":17},{"addr":140736917350969,"idx":18},{"addr":140736897083607,"idx":19},{"addr":140736916996940,"idx":20}],,,,,,,,,,,,,,,,,,,1024,0,5380,,,,,,,,,,,,,,,,,,,,,,,,,,,,,,,,,,,,,,,,,,,,,,,,,,,,,,,,,,,,,,,,,,,,,,,,,,,,,,,,,,,,,,,,,,,,,,,,,,,
"2025-09-02 15:13:22.5223122Z","ETW","Microsoft-Windows-Kernel-Audit-API-Calls",5,"Info ",5380,1604,"explorer.exe",,,,,,,,,,,,,,,,[{"addr":140736918203764,"idx":0},{"addr":140736872731894,"idx":1},{"addr":140736374266683,"idx":2},{"addr":140736374266439,"idx":3},{"addr":140736374262654,"idx":4},{"addr":140736374352327,"idx":5},{"addr":140736374351681,"idx":6},{"addr":140736374454456,"idx":7},{"addr":140736374296732,"idx":8},{"addr":140736374288902,"idx":9},{"addr":140736374287441,"idx":10},{"addr":140736374309239,"idx":11},{"addr":140736398688664,"idx":12},{"addr":140736398691570,"idx":13},{"addr":140736398692617,"idx":14},{"addr":140736398685305,"idx":15},{"addr":140736399150762,"idx":16},{"addr":140736399860818,"idx":17},{"addr":140736902703990,"idx":18},{"addr":140736902703274,"idx":19},{"addr":140736902700103,"idx":20},{"addr":140736897083607,"idx":21},{"addr":140736916996940,"idx":22}],,,,,,,,,,,,,,,,,,,1024,0,5380,,,,,,,,,,,,,,,,,,,,,,,,,,,,,,,,,,,,,,,,,,,,,,,,,,,,,,,,,,,,,,,,,,,,,,,,,,,,,,,,,,,,,,,,,,,,,,,,,,,
"2025-09-02 15:13:22.5223136Z","ETW","Microsoft-Windows-Kernel-Audit-API-Calls",5,"Info ",5380,4292,"explorer.exe",,,,,,,,,,,,,,,,[{"addr":140736918203764,"idx":0},{"addr":140736872731894,"idx":1},{"addr":140736374266683,"idx":2},{"addr":140736374299367,"idx":3},{"addr":140736374296570,"idx":4},{"addr":140736374288902,"idx":5},{"addr":140736374287441,"idx":6},{"addr":140736374309239,"idx":7},{"addr":140736398688664,"idx":8},{"addr":140736398691570,"idx":9},{"addr":140736398692617,"idx":10},{"addr":140736398685305,"idx":11},{"addr":140736399150762,"idx":12},{"addr":140736399860818,"idx":13},{"addr":140736902703990,"idx":14},{"addr":140736902703274,"idx":15},{"addr":140736902986355,"idx":16},{"addr":140736917282525,"idx":17},{"addr":140736917350969,"idx":18},{"addr":140736897083607,"idx":19},{"addr":140736916996940,"idx":20}],,,,,,,,,,,,,,,,,,,1024,0,5380,,,,,,,,,,,,,,,,,,,,,,,,,,,,,,,,,,,,,,,,,,,,,,,,,,,,,,,,,,,,,,,,,,,,,,,,,,,,,,,,,,,,,,,,,,,,,,,,,,,
"2025-09-02 15:13:22.5223279Z","ETW","Microsoft-Windows-Kernel-Audit-API-Calls",5,"Info ",5380,1604,"explorer.exe",,,,,,,,,,,,,,,,[{"addr":140736918203764,"idx":0},{"addr":140736872731894,"idx":1},{"addr":140736374265853,"idx":2},{"addr":140736374262584,"idx":3},{"addr":140736374352327,"idx":4},{"addr":140736374351681,"idx":5},{"addr":140736374454456,"idx":6},{"addr":140736374296732,"idx":7},{"addr":140736374288902,"idx":8},{"addr":140736374287441,"idx":9},{"addr":140736374309239,"idx":10},{"addr":140736398688664,"idx":11},{"addr":140736398691570,"idx":12},{"addr":140736398692617,"idx":13},{"addr":140736398685305,"idx":14},{"addr":140736399150762,"idx":15},{"addr":140736399860818,"idx":16},{"addr":140736902703990,"idx":17},{"addr":140736902703274,"idx":18},{"addr":140736902700103,"idx":19},{"addr":140736897083607,"idx":20},{"addr":140736916996940,"idx":21}],,,,,,,,,,,,,,,,,,,1024,0,5380,,,,,,,,,,,,,,,,,,,,,,,,,,,,,,,,,,,,,,,,,,,,,,,,,,,,,,,,,,,,,,,,,,,,,,,,,,,,,,,,,,,,,,,,,,,,,,,,,,,
"2025-09-02 15:13:22.5223408Z","ETW","Microsoft-Windows-Kernel-Audit-API-Calls",5,"Info ",5380,1604,"explorer.exe",,,,,,,,,,,,,,,,[{"addr":140736918203764,"idx":0},{"addr":140736872731894,"idx":1},{"addr":140736374266683,"idx":2},{"addr":140736374266439,"idx":3},{"addr":140736374262654,"idx":4},{"addr":140736374352327,"idx":5},{"addr":140736374351681,"idx":6},{"addr":140736374454456,"idx":7},{"addr":140736374296732,"idx":8},{"addr":140736374288902,"idx":9},{"addr":140736374287441,"idx":10},{"addr":140736374309239,"idx":11},{"addr":140736398688664,"idx":12},{"addr":140736398691570,"idx":13},{"addr":140736398692617,"idx":14},{"addr":140736398685305,"idx":15},{"addr":140736399150762,"idx":16},{"addr":140736399860818,"idx":17},{"addr":140736902703990,"idx":18},{"addr":140736902703274,"idx":19},{"addr":140736902700103,"idx":20},{"addr":140736897083607,"idx":21},{"addr":140736916996940,"idx":22}],,,,,,,,,,,,,,,,,,,1024,0,5380,,,,,,,,,,,,,,,,,,,,,,,,,,,,,,,,,,,,,,,,,,,,,,,,,,,,,,,,,,,,,,,,,,,,,,,,,,,,,,,,,,,,,,,,,,,,,,,,,,,
"2025-09-02 15:13:22.5223552Z","ETW","Microsoft-Windows-Kernel-Audit-API-Calls",5,"Info ",5380,1604,"explorer.exe",,,,,,,,,,,,,,,,[{"addr":140736918203764,"idx":0},{"addr":140736872731894,"idx":1},{"addr":140736374265853,"idx":2},{"addr":140736374262584,"idx":3},{"addr":140736374352327,"idx":4},{"addr":140736374351681,"idx":5},{"addr":140736374454456,"idx":6},{"addr":140736374296732,"idx":7},{"addr":140736374288902,"idx":8},{"addr":140736374287441,"idx":9},{"addr":140736374309239,"idx":10},{"addr":140736398688664,"idx":11},{"addr":140736398691570,"idx":12},{"addr":140736398692617,"idx":13},{"addr":140736398685305,"idx":14},{"addr":140736399150762,"idx":15},{"addr":140736399860818,"idx":16},{"addr":140736902703990,"idx":17},{"addr":140736902703274,"idx":18},{"addr":140736902700103,"idx":19},{"addr":140736897083607,"idx":20},{"addr":140736916996940,"idx":21}],,,,,,,,,,,,,,,,,,,1024,0,5380,,,,,,,,,,,,,,,,,,,,,,,,,,,,,,,,,,,,,,,,,,,,,,,,,,,,,,,,,,,,,,,,,,,,,,,,,,,,,,,,,,,,,,,,,,,,,,,,,,,
"2025-09-02 15:13:22.5223656Z","ETW","Microsoft-Windows-Kernel-Audit-API-Calls",5,"Info ",5380,4292,"explorer.exe",,,,,,,,,,,,,,,,[{"addr":140736918203764,"idx":0},{"addr":140736872731894,"idx":1},{"addr":140736374266683,"idx":2},{"addr":140736374299367,"idx":3},{"addr":140736374296570,"idx":4},{"addr":140736374288902,"idx":5},{"addr":140736374287441,"idx":6},{"addr":140736374309239,"idx":7},{"addr":140736398688664,"idx":8},{"addr":140736398691570,"idx":9},{"addr":140736398692617,"idx":10},{"addr":140736398685305,"idx":11},{"addr":140736399150762,"idx":12},{"addr":140736399860818,"idx":13},{"addr":140736902703990,"idx":14},{"addr":140736902703274,"idx":15},{"addr":140736902986355,"idx":16},{"addr":140736917282525,"idx":17},{"addr":140736917350969,"idx":18},{"addr":140736897083607,"idx":19},{"addr":140736916996940,"idx":20}],,,,,,,,,,,,,,,,,,,1024,0,5380,,,,,,,,,,,,,,,,,,,,,,,,,,,,,,,,,,,,,,,,,,,,,,,,,,,,,,,,,,,,,,,,,,,,,,,,,,,,,,,,,,,,,,,,,,,,,,,,,,,
"2025-09-02 15:13:22.5223660Z","ETW","Microsoft-Windows-Kernel-Audit-API-Calls",5,"Info ",5380,1604,"explorer.exe",,,,,,,,,,,,,,,,[{"addr":140736918203764,"idx":0},{"addr":140736872731894,"idx":1},{"addr":140736374266683,"idx":2},{"addr":140736374266439,"idx":3},{"addr":140736374262654,"idx":4},{"addr":140736374352327,"idx":5},{"addr":140736374351681,"idx":6},{"addr":140736374454456,"idx":7},{"addr":140736374296732,"idx":8},{"addr":140736374288902,"idx":9},{"addr":140736374287441,"idx":10},{"addr":140736374309239,"idx":11},{"addr":140736398688664,"idx":12},{"addr":140736398691570,"idx":13},{"addr":140736398692617,"idx":14},{"addr":140736398685305,"idx":15},{"addr":140736399150762,"idx":16},{"addr":140736399860818,"idx":17},{"addr":140736902703990,"idx":18},{"addr":140736902703274,"idx":19},{"addr":140736902700103,"idx":20},{"addr":140736897083607,"idx":21},{"addr":140736916996940,"idx":22}],,,,,,,,,,,,,,,,,,,1024,0,5380,,,,,,,,,,,,,,,,,,,,,,,,,,,,,,,,,,,,,,,,,,,,,,,,,,,,,,,,,,,,,,,,,,,,,,,,,,,,,,,,,,,,,,,,,,,,,,,,,,,
"2025-09-02 15:13:22.5223772Z","ETW","Microsoft-Windows-Kernel-Audit-API-Calls",5,"Info ",5380,1604,"explorer.exe",,,,,,,,,,,,,,,,[{"addr":140736918203764,"idx":0},{"addr":140736872731894,"idx":1},{"addr":140736374265853,"idx":2},{"addr":140736374262584,"idx":3},{"addr":140736374352327,"idx":4},{"addr":140736374351681,"idx":5},{"addr":140736374454456,"idx":6},{"addr":140736374296732,"idx":7},{"addr":140736374288902,"idx":8},{"addr":140736374287441,"idx":9},{"addr":140736374309239,"idx":10},{"addr":140736398688664,"idx":11},{"addr":140736398691570,"idx":12},{"addr":140736398692617,"idx":13},{"addr":140736398685305,"idx":14},{"addr":140736399150762,"idx":15},{"addr":140736399860818,"idx":16},{"addr":140736902703990,"idx":17},{"addr":140736902703274,"idx":18},{"addr":140736902700103,"idx":19},{"addr":140736897083607,"idx":20},{"addr":140736916996940,"idx":21}],,,,,,,,,,,,,,,,,,,1024,0,5380,,,,,,,,,,,,,,,,,,,,,,,,,,,,,,,,,,,,,,,,,,,,,,,,,,,,,,,,,,,,,,,,,,,,,,,,,,,,,,,,,,,,,,,,,,,,,,,,,,,
"2025-09-02 15:13:22.5223865Z","ETW","Microsoft-Windows-Kernel-Audit-API-Calls",5,"Info ",5380,4292,"explorer.exe",,,,,,,,,,,,,,,,[{"addr":140736918203764,"idx":0},{"addr":140736872731894,"idx":1},{"addr":140736374266683,"idx":2},{"addr":140736374299367,"idx":3},{"addr":140736374296570,"idx":4},{"addr":140736374288902,"idx":5},{"addr":140736374287441,"idx":6},{"addr":140736374309239,"idx":7},{"addr":140736398688664,"idx":8},{"addr":140736398691570,"idx":9},{"addr":140736398692617,"idx":10},{"addr":140736398685305,"idx":11},{"addr":140736399150762,"idx":12},{"addr":140736399860818,"idx":13},{"addr":140736902703990,"idx":14},{"addr":140736902703274,"idx":15},{"addr":140736902986355,"idx":16},{"addr":140736917282525,"idx":17},{"addr":140736917350969,"idx":18},{"addr":140736897083607,"idx":19},{"addr":140736916996940,"idx":20}],,,,,,,,,,,,,,,,,,,1024,0,5380,,,,,,,,,,,,,,,,,,,,,,,,,,,,,,,,,,,,,,,,,,,,,,,,,,,,,,,,,,,,,,,,,,,,,,,,,,,,,,,,,,,,,,,,,,,,,,,,,,,
"2025-09-02 15:13:22.5223878Z","ETW","Microsoft-Windows-Kernel-Audit-API-Calls",5,"Info ",5380,1604,"explorer.exe",,,,,,,,,,,,,,,,[{"addr":140736918203764,"idx":0},{"addr":140736872731894,"idx":1},{"addr":140736374266683,"idx":2},{"addr":140736374266439,"idx":3},{"addr":140736374262654,"idx":4},{"addr":140736374352327,"idx":5},{"addr":140736374351681,"idx":6},{"addr":140736374454456,"idx":7},{"addr":140736374296732,"idx":8},{"addr":140736374288902,"idx":9},{"addr":140736374287441,"idx":10},{"addr":140736374309239,"idx":11},{"addr":140736398688664,"idx":12},{"addr":140736398691570,"idx":13},{"addr":140736398692617,"idx":14},{"addr":140736398685305,"idx":15},{"addr":140736399150762,"idx":16},{"addr":140736399860818,"idx":17},{"addr":140736902703990,"idx":18},{"addr":140736902703274,"idx":19},{"addr":140736902700103,"idx":20},{"addr":140736897083607,"idx":21},{"addr":140736916996940,"idx":22}],,,,,,,,,,,,,,,,,,,1024,0,5380,,,,,,,,,,,,,,,,,,,,,,,,,,,,,,,,,,,,,,,,,,,,,,,,,,,,,,,,,,,,,,,,,,,,,,,,,,,,,,,,,,,,,,,,,,,,,,,,,,,
"2025-09-02 15:13:22.5223980Z","ETW","Microsoft-Windows-Kernel-Audit-API-Calls",5,"Info ",5380,4292,"explorer.exe",,,,,,,,,,,,,,,,[{"addr":140736918203764,"idx":0},{"addr":140736872731894,"idx":1},{"addr":140736374266683,"idx":2},{"addr":140736374299367,"idx":3},{"addr":140736374296570,"idx":4},{"addr":140736374288902,"idx":5},{"addr":140736374287441,"idx":6},{"addr":140736374309239,"idx":7},{"addr":140736398688664,"idx":8},{"addr":140736398691570,"idx":9},{"addr":140736398692617,"idx":10},{"addr":140736398685305,"idx":11},{"addr":140736399150762,"idx":12},{"addr":140736399860818,"idx":13},{"addr":140736902703990,"idx":14},{"addr":140736902703274,"idx":15},{"addr":140736902986355,"idx":16},{"addr":140736917282525,"idx":17},{"addr":140736917350969,"idx":18},{"addr":140736897083607,"idx":19},{"addr":140736916996940,"idx":20}],,,,,,,,,,,,,,,,,,,1024,0,5380,,,,,,,,,,,,,,,,,,,,,,,,,,,,,,,,,,,,,,,,,,,,,,,,,,,,,,,,,,,,,,,,,,,,,,,,,,,,,,,,,,,,,,,,,,,,,,,,,,,
"2025-09-02 15:13:22.5223991Z","ETW","Microsoft-Windows-Kernel-Audit-API-Calls",5,"Info ",5380,1604,"explorer.exe",,,,,,,,,,,,,,,,[{"addr":140736918203764,"idx":0},{"addr":140736872731894,"idx":1},{"addr":140736374265853,"idx":2},{"addr":140736374262584,"idx":3},{"addr":140736374352327,"idx":4},{"addr":140736374351681,"idx":5},{"addr":140736374454456,"idx":6},{"addr":140736374296732,"idx":7},{"addr":140736374288902,"idx":8},{"addr":140736374287441,"idx":9},{"addr":140736374309239,"idx":10},{"addr":140736398688664,"idx":11},{"addr":140736398691570,"idx":12},{"addr":140736398692617,"idx":13},{"addr":140736398685305,"idx":14},{"addr":140736399150762,"idx":15},{"addr":140736399860818,"idx":16},{"addr":140736902703990,"idx":17},{"addr":140736902703274,"idx":18},{"addr":140736902700103,"idx":19},{"addr":140736897083607,"idx":20},{"addr":140736916996940,"idx":21}],,,,,,,,,,,,,,,,,,,1024,0,5380,,,,,,,,,,,,,,,,,,,,,,,,,,,,,,,,,,,,,,,,,,,,,,,,,,,,,,,,,,,,,,,,,,,,,,,,,,,,,,,,,,,,,,,,,,,,,,,,,,,
"2025-09-02 15:13:22.5224072Z","ETW","Microsoft-Windows-Kernel-Audit-API-Calls",5,"Info ",5380,4292,"explorer.exe",,,,,,,,,,,,,,,,[{"addr":140736918203764,"idx":0},{"addr":140736872731894,"idx":1},{"addr":140736374266683,"idx":2},{"addr":140736374299367,"idx":3},{"addr":140736374296570,"idx":4},{"addr":140736374288902,"idx":5},{"addr":140736374287441,"idx":6},{"addr":140736374309239,"idx":7},{"addr":140736398688664,"idx":8},{"addr":140736398691570,"idx":9},{"addr":140736398692617,"idx":10},{"addr":140736398685305,"idx":11},{"addr":140736399150762,"idx":12},{"addr":140736399860818,"idx":13},{"addr":140736902703990,"idx":14},{"addr":140736902703274,"idx":15},{"addr":140736902986355,"idx":16},{"addr":140736917282525,"idx":17},{"addr":140736917350969,"idx":18},{"addr":140736897083607,"idx":19},{"addr":140736916996940,"idx":20}],,,,,,,,,,,,,,,,,,,1024,0,5380,,,,,,,,,,,,,,,,,,,,,,,,,,,,,,,,,,,,,,,,,,,,,,,,,,,,,,,,,,,,,,,,,,,,,,,,,,,,,,,,,,,,,,,,,,,,,,,,,,,
"2025-09-02 15:13:22.5224094Z","ETW","Microsoft-Windows-Kernel-Audit-API-Calls",5,"Info ",5380,1604,"explorer.exe",,,,,,,,,,,,,,,,[{"addr":140736918203764,"idx":0},{"addr":140736872731894,"idx":1},{"addr":140736374266683,"idx":2},{"addr":140736374266439,"idx":3},{"addr":140736374262654,"idx":4},{"addr":140736374352327,"idx":5},{"addr":140736374351681,"idx":6},{"addr":140736374454456,"idx":7},{"addr":140736374296732,"idx":8},{"addr":140736374288902,"idx":9},{"addr":140736374287441,"idx":10},{"addr":140736374309239,"idx":11},{"addr":140736398688664,"idx":12},{"addr":140736398691570,"idx":13},{"addr":140736398692617,"idx":14},{"addr":140736398685305,"idx":15},{"addr":140736399150762,"idx":16},{"addr":140736399860818,"idx":17},{"addr":140736902703990,"idx":18},{"addr":140736902703274,"idx":19},{"addr":140736902700103,"idx":20},{"addr":140736897083607,"idx":21},{"addr":140736916996940,"idx":22}],,,,,,,,,,,,,,,,,,,1024,0,5380,,,,,,,,,,,,,,,,,,,,,,,,,,,,,,,,,,,,,,,,,,,,,,,,,,,,,,,,,,,,,,,,,,,,,,,,,,,,,,,,,,,,,,,,,,,,,,,,,,,
"2025-09-02 15:13:22.5224175Z","ETW","Microsoft-Windows-Kernel-Audit-API-Calls",5,"Info ",5380,4292,"explorer.exe",,,,,,,,,,,,,,,,[{"addr":140736918203764,"idx":0},{"addr":140736872731894,"idx":1},{"addr":140736374266683,"idx":2},{"addr":140736374299367,"idx":3},{"addr":140736374296570,"idx":4},{"addr":140736374288902,"idx":5},{"addr":140736374287441,"idx":6},{"addr":140736374309239,"idx":7},{"addr":140736398688664,"idx":8},{"addr":140736398691570,"idx":9},{"addr":140736398692617,"idx":10},{"addr":140736398685305,"idx":11},{"addr":140736399150762,"idx":12},{"addr":140736399860818,"idx":13},{"addr":140736902703990,"idx":14},{"addr":140736902703274,"idx":15},{"addr":140736902986355,"idx":16},{"addr":140736917282525,"idx":17},{"addr":140736917350969,"idx":18},{"addr":140736897083607,"idx":19},{"addr":140736916996940,"idx":20}],,,,,,,,,,,,,,,,,,,1024,0,5380,,,,,,,,,,,,,,,,,,,,,,,,,,,,,,,,,,,,,,,,,,,,,,,,,,,,,,,,,,,,,,,,,,,,,,,,,,,,,,,,,,,,,,,,,,,,,,,,,,,
"2025-09-02 15:13:22.5224238Z","ETW","Microsoft-Windows-Kernel-Audit-API-Calls",5,"Info ",5380,1604,"explorer.exe",,,,,,,,,,,,,,,,[{"addr":140736918203764,"idx":0},{"addr":140736872731894,"idx":1},{"addr":140736374265853,"idx":2},{"addr":140736374262584,"idx":3},{"addr":140736374352327,"idx":4},{"addr":140736374351681,"idx":5},{"addr":140736374454456,"idx":6},{"addr":140736374296732,"idx":7},{"addr":140736374288902,"idx":8},{"addr":140736374287441,"idx":9},{"addr":140736374309239,"idx":10},{"addr":140736398688664,"idx":11},{"addr":140736398691570,"idx":12},{"addr":140736398692617,"idx":13},{"addr":140736398685305,"idx":14},{"addr":140736399150762,"idx":15},{"addr":140736399860818,"idx":16},{"addr":140736902703990,"idx":17},{"addr":140736902703274,"idx":18},{"addr":140736902700103,"idx":19},{"addr":140736897083607,"idx":20},{"addr":140736916996940,"idx":21}],,,,,,,,,,,,,,,,,,,1024,0,5380,,,,,,,,,,,,,,,,,,,,,,,,,,,,,,,,,,,,,,,,,,,,,,,,,,,,,,,,,,,,,,,,,,,,,,,,,,,,,,,,,,,,,,,,,,,,,,,,,,,
"2025-09-02 15:13:22.5224321Z","ETW","Microsoft-Windows-Kernel-Audit-API-Calls",5,"Info ",5380,4292,"explorer.exe",,,,,,,,,,,,,,,,[{"addr":140736918203764,"idx":0},{"addr":140736872731894,"idx":1},{"addr":140736374266683,"idx":2},{"addr":140736374299367,"idx":3},{"addr":140736374296570,"idx":4},{"addr":140736374288902,"idx":5},{"addr":140736374287441,"idx":6},{"addr":140736374309239,"idx":7},{"addr":140736398688664,"idx":8},{"addr":140736398691570,"idx":9},{"addr":140736398692617,"idx":10},{"addr":140736398685305,"idx":11},{"addr":140736399150762,"idx":12},{"addr":140736399860818,"idx":13},{"addr":140736902703990,"idx":14},{"addr":140736902703274,"idx":15},{"addr":140736902986355,"idx":16},{"addr":140736917282525,"idx":17},{"addr":140736917350969,"idx":18},{"addr":140736897083607,"idx":19},{"addr":140736916996940,"idx":20}],,,,,,,,,,,,,,,,,,,1024,0,5380,,,,,,,,,,,,,,,,,,,,,,,,,,,,,,,,,,,,,,,,,,,,,,,,,,,,,,,,,,,,,,,,,,,,,,,,,,,,,,,,,,,,,,,,,,,,,,,,,,,
"2025-09-02 15:13:22.5224343Z","ETW","Microsoft-Windows-Kernel-Audit-API-Calls",5,"Info ",5380,1604,"explorer.exe",,,,,,,,,,,,,,,,[{"addr":140736918203764,"idx":0},{"addr":140736872731894,"idx":1},{"addr":140736374266683,"idx":2},{"addr":140736374266439,"idx":3},{"addr":140736374262654,"idx":4},{"addr":140736374352327,"idx":5},{"addr":140736374351681,"idx":6},{"addr":140736374454456,"idx":7},{"addr":140736374296732,"idx":8},{"addr":140736374288902,"idx":9},{"addr":140736374287441,"idx":10},{"addr":140736374309239,"idx":11},{"addr":140736398688664,"idx":12},{"addr":140736398691570,"idx":13},{"addr":140736398692617,"idx":14},{"addr":140736398685305,"idx":15},{"addr":140736399150762,"idx":16},{"addr":140736399860818,"idx":17},{"addr":140736902703990,"idx":18},{"addr":140736902703274,"idx":19},{"addr":140736902700103,"idx":20},{"addr":140736897083607,"idx":21},{"addr":140736916996940,"idx":22}],,,,,,,,,,,,,,,,,,,1024,0,5380,,,,,,,,,,,,,,,,,,,,,,,,,,,,,,,,,,,,,,,,,,,,,,,,,,,,,,,,,,,,,,,,,,,,,,,,,,,,,,,,,,,,,,,,,,,,,,,,,,,
"2025-09-02 15:13:22.5224410Z","ETW","Microsoft-Windows-Kernel-Audit-API-Calls",5,"Info ",5380,4292,"explorer.exe",,,,,,,,,,,,,,,,[{"addr":140736918203764,"idx":0},{"addr":140736872731894,"idx":1},{"addr":140736374266683,"idx":2},{"addr":140736374299367,"idx":3},{"addr":140736374296570,"idx":4},{"addr":140736374288902,"idx":5},{"addr":140736374287441,"idx":6},{"addr":140736374309239,"idx":7},{"addr":140736398688664,"idx":8},{"addr":140736398691570,"idx":9},{"addr":140736398692617,"idx":10},{"addr":140736398685305,"idx":11},{"addr":140736399150762,"idx":12},{"addr":140736399860818,"idx":13},{"addr":140736902703990,"idx":14},{"addr":140736902703274,"idx":15},{"addr":140736902986355,"idx":16},{"addr":140736917282525,"idx":17},{"addr":140736917350969,"idx":18},{"addr":140736897083607,"idx":19},{"addr":140736916996940,"idx":20}],,,,,,,,,,,,,,,,,,,1024,0,5380,,,,,,,,,,,,,,,,,,,,,,,,,,,,,,,,,,,,,,,,,,,,,,,,,,,,,,,,,,,,,,,,,,,,,,,,,,,,,,,,,,,,,,,,,,,,,,,,,,,
"2025-09-02 15:13:22.5224453Z","ETW","Microsoft-Windows-Kernel-Audit-API-Calls",5,"Info ",5380,1604,"explorer.exe",,,,,,,,,,,,,,,,[{"addr":140736918203764,"idx":0},{"addr":140736872731894,"idx":1},{"addr":140736374265853,"idx":2},{"addr":140736374262584,"idx":3},{"addr":140736374352327,"idx":4},{"addr":140736374351681,"idx":5},{"addr":140736374454456,"idx":6},{"addr":140736374296732,"idx":7},{"addr":140736374288902,"idx":8},{"addr":140736374287441,"idx":9},{"addr":140736374309239,"idx":10},{"addr":140736398688664,"idx":11},{"addr":140736398691570,"idx":12},{"addr":140736398692617,"idx":13},{"addr":140736398685305,"idx":14},{"addr":140736399150762,"idx":15},{"addr":140736399860818,"idx":16},{"addr":140736902703990,"idx":17},{"addr":140736902703274,"idx":18},{"addr":140736902700103,"idx":19},{"addr":140736897083607,"idx":20},{"addr":140736916996940,"idx":21}],,,,,,,,,,,,,,,,,,,1024,0,5380,,,,,,,,,,,,,,,,,,,,,,,,,,,,,,,,,,,,,,,,,,,,,,,,,,,,,,,,,,,,,,,,,,,,,,,,,,,,,,,,,,,,,,,,,,,,,,,,,,,
"2025-09-02 15:13:22.5224669Z","ETW","Microsoft-Windows-Kernel-Audit-API-Calls",5,"Info ",5380,1604,"explorer.exe",,,,,,,,,,,,,,,,[{"addr":140736918203764,"idx":0},{"addr":140736872731894,"idx":1},{"addr":140736374266683,"idx":2},{"addr":140736374266439,"idx":3},{"addr":140736374262654,"idx":4},{"addr":140736374352327,"idx":5},{"addr":140736374351681,"idx":6},{"addr":140736374454456,"idx":7},{"addr":140736374296732,"idx":8},{"addr":140736374288902,"idx":9},{"addr":140736374287441,"idx":10},{"addr":140736374309239,"idx":11},{"addr":140736398688664,"idx":12},{"addr":140736398691570,"idx":13},{"addr":140736398692617,"idx":14},{"addr":140736398685305,"idx":15},{"addr":140736399150762,"idx":16},{"addr":140736399860818,"idx":17},{"addr":140736902703990,"idx":18},{"addr":140736902703274,"idx":19},{"addr":140736902700103,"idx":20},{"addr":140736897083607,"idx":21},{"addr":140736916996940,"idx":22}],,,,,,,,,,,,,,,,,,,1024,0,5380,,,,,,,,,,,,,,,,,,,,,,,,,,,,,,,,,,,,,,,,,,,,,,,,,,,,,,,,,,,,,,,,,,,,,,,,,,,,,,,,,,,,,,,,,,,,,,,,,,,
"2025-09-02 15:13:22.5224812Z","ETW","Microsoft-Windows-Kernel-Audit-API-Calls",5,"Info ",5380,1604,"explorer.exe",,,,,,,,,,,,,,,,[{"addr":140736918203764,"idx":0},{"addr":140736872731894,"idx":1},{"addr":140736374265853,"idx":2},{"addr":140736374262584,"idx":3},{"addr":140736374352327,"idx":4},{"addr":140736374351681,"idx":5},{"addr":140736374454456,"idx":6},{"addr":140736374296732,"idx":7},{"addr":140736374288902,"idx":8},{"addr":140736374287441,"idx":9},{"addr":140736374309239,"idx":10},{"addr":140736398688664,"idx":11},{"addr":140736398691570,"idx":12},{"addr":140736398692617,"idx":13},{"addr":140736398685305,"idx":14},{"addr":140736399150762,"idx":15},{"addr":140736399860818,"idx":16},{"addr":140736902703990,"idx":17},{"addr":140736902703274,"idx":18},{"addr":140736902700103,"idx":19},{"addr":140736897083607,"idx":20},{"addr":140736916996940,"idx":21}],,,,,,,,,,,,,,,,,,,1024,0,5380,,,,,,,,,,,,,,,,,,,,,,,,,,,,,,,,,,,,,,,,,,,,,,,,,,,,,,,,,,,,,,,,,,,,,,,,,,,,,,,,,,,,,,,,,,,,,,,,,,,
"2025-09-02 15:13:22.5224829Z","ETW","Microsoft-Windows-Kernel-Audit-API-Calls",5,"Info ",5380,4292,"explorer.exe",,,,,,,,,,,,,,,,[{"addr":140736918203764,"idx":0},{"addr":140736872731894,"idx":1},{"addr":140736374266683,"idx":2},{"addr":140736374299367,"idx":3},{"addr":140736374296570,"idx":4},{"addr":140736374288902,"idx":5},{"addr":140736374287441,"idx":6},{"addr":140736374309239,"idx":7},{"addr":140736398688664,"idx":8},{"addr":140736398691570,"idx":9},{"addr":140736398692617,"idx":10},{"addr":140736398685305,"idx":11},{"addr":140736399150762,"idx":12},{"addr":140736399860818,"idx":13},{"addr":140736902703990,"idx":14},{"addr":140736902703274,"idx":15},{"addr":140736902986355,"idx":16},{"addr":140736917282525,"idx":17},{"addr":140736917350969,"idx":18},{"addr":140736897083607,"idx":19},{"addr":140736916996940,"idx":20}],,,,,,,,,,,,,,,,,,,1024,0,5380,,,,,,,,,,,,,,,,,,,,,,,,,,,,,,,,,,,,,,,,,,,,,,,,,,,,,,,,,,,,,,,,,,,,,,,,,,,,,,,,,,,,,,,,,,,,,,,,,,,
"2025-09-02 15:13:22.5224929Z","ETW","Microsoft-Windows-Kernel-Audit-API-Calls",5,"Info ",5380,1604,"explorer.exe",,,,,,,,,,,,,,,,[{"addr":140736918203764,"idx":0},{"addr":140736872731894,"idx":1},{"addr":140736374266683,"idx":2},{"addr":140736374266439,"idx":3},{"addr":140736374262654,"idx":4},{"addr":140736374352327,"idx":5},{"addr":140736374351681,"idx":6},{"addr":140736374454456,"idx":7},{"addr":140736374296732,"idx":8},{"addr":140736374288902,"idx":9},{"addr":140736374287441,"idx":10},{"addr":140736374309239,"idx":11},{"addr":140736398688664,"idx":12},{"addr":140736398691570,"idx":13},{"addr":140736398692617,"idx":14},{"addr":140736398685305,"idx":15},{"addr":140736399150762,"idx":16},{"addr":140736399860818,"idx":17},{"addr":140736902703990,"idx":18},{"addr":140736902703274,"idx":19},{"addr":140736902700103,"idx":20},{"addr":140736897083607,"idx":21},{"addr":140736916996940,"idx":22}],,,,,,,,,,,,,,,,,,,1024,0,5380,,,,,,,,,,,,,,,,,,,,,,,,,,,,,,,,,,,,,,,,,,,,,,,,,,,,,,,,,,,,,,,,,,,,,,,,,,,,,,,,,,,,,,,,,,,,,,,,,,,
"2025-09-02 15:13:22.5224945Z","ETW","Microsoft-Windows-Kernel-Audit-API-Calls",5,"Info ",5380,4292,"explorer.exe",,,,,,,,,,,,,,,,[{"addr":140736918203764,"idx":0},{"addr":140736872731894,"idx":1},{"addr":140736374266683,"idx":2},{"addr":140736374299367,"idx":3},{"addr":140736374296570,"idx":4},{"addr":140736374288902,"idx":5},{"addr":140736374287441,"idx":6},{"addr":140736374309239,"idx":7},{"addr":140736398688664,"idx":8},{"addr":140736398691570,"idx":9},{"addr":140736398692617,"idx":10},{"addr":140736398685305,"idx":11},{"addr":140736399150762,"idx":12},{"addr":140736399860818,"idx":13},{"addr":140736902703990,"idx":14},{"addr":140736902703274,"idx":15},{"addr":140736902986355,"idx":16},{"addr":140736917282525,"idx":17},{"addr":140736917350969,"idx":18},{"addr":140736897083607,"idx":19},{"addr":140736916996940,"idx":20}],,,,,,,,,,,,,,,,,,,1024,0,5380,,,,,,,,,,,,,,,,,,,,,,,,,,,,,,,,,,,,,,,,,,,,,,,,,,,,,,,,,,,,,,,,,,,,,,,,,,,,,,,,,,,,,,,,,,,,,,,,,,,
"2025-09-02 15:13:22.5225047Z","ETW","Microsoft-Windows-Kernel-Audit-API-Calls",5,"Info ",5380,1604,"explorer.exe",,,,,,,,,,,,,,,,[{"addr":140736918203764,"idx":0},{"addr":140736872731894,"idx":1},{"addr":140736374265853,"idx":2},{"addr":140736374262584,"idx":3},{"addr":140736374352327,"idx":4},{"addr":140736374351681,"idx":5},{"addr":140736374454456,"idx":6},{"addr":140736374296732,"idx":7},{"addr":140736374288902,"idx":8},{"addr":140736374287441,"idx":9},{"addr":140736374309239,"idx":10},{"addr":140736398688664,"idx":11},{"addr":140736398691570,"idx":12},{"addr":140736398692617,"idx":13},{"addr":140736398685305,"idx":14},{"addr":140736399150762,"idx":15},{"addr":140736399860818,"idx":16},{"addr":140736902703990,"idx":17},{"addr":140736902703274,"idx":18},{"addr":140736902700103,"idx":19},{"addr":140736897083607,"idx":20},{"addr":140736916996940,"idx":21}],,,,,,,,,,,,,,,,,,,1024,0,5380,,,,,,,,,,,,,,,,,,,,,,,,,,,,,,,,,,,,,,,,,,,,,,,,,,,,,,,,,,,,,,,,,,,,,,,,,,,,,,,,,,,,,,,,,,,,,,,,,,,
"2025-09-02 15:13:22.5225056Z","ETW","Microsoft-Windows-Kernel-Audit-API-Calls",5,"Info ",5380,4292,"explorer.exe",,,,,,,,,,,,,,,,[{"addr":140736918203764,"idx":0},{"addr":140736872731894,"idx":1},{"addr":140736374266683,"idx":2},{"addr":140736374299367,"idx":3},{"addr":140736374296570,"idx":4},{"addr":140736374288902,"idx":5},{"addr":140736374287441,"idx":6},{"addr":140736374309239,"idx":7},{"addr":140736398688664,"idx":8},{"addr":140736398691570,"idx":9},{"addr":140736398692617,"idx":10},{"addr":140736398685305,"idx":11},{"addr":140736399150762,"idx":12},{"addr":140736399860818,"idx":13},{"addr":140736902703990,"idx":14},{"addr":140736902703274,"idx":15},{"addr":140736902986355,"idx":16},{"addr":140736917282525,"idx":17},{"addr":140736917350969,"idx":18},{"addr":140736897083607,"idx":19},{"addr":140736916996940,"idx":20}],,,,,,,,,,,,,,,,,,,1024,0,5380,,,,,,,,,,,,,,,,,,,,,,,,,,,,,,,,,,,,,,,,,,,,,,,,,,,,,,,,,,,,,,,,,,,,,,,,,,,,,,,,,,,,,,,,,,,,,,,,,,,
"2025-09-02 15:13:22.5225151Z","ETW","Microsoft-Windows-Kernel-Audit-API-Calls",5,"Info ",5380,1604,"explorer.exe",,,,,,,,,,,,,,,,[{"addr":140736918203764,"idx":0},{"addr":140736872731894,"idx":1},{"addr":140736374266683,"idx":2},{"addr":140736374266439,"idx":3},{"addr":140736374262654,"idx":4},{"addr":140736374352327,"idx":5},{"addr":140736374351681,"idx":6},{"addr":140736374454456,"idx":7},{"addr":140736374296732,"idx":8},{"addr":140736374288902,"idx":9},{"addr":140736374287441,"idx":10},{"addr":140736374309239,"idx":11},{"addr":140736398688664,"idx":12},{"addr":140736398691570,"idx":13},{"addr":140736398692617,"idx":14},{"addr":140736398685305,"idx":15},{"addr":140736399150762,"idx":16},{"addr":140736399860818,"idx":17},{"addr":140736902703990,"idx":18},{"addr":140736902703274,"idx":19},{"addr":140736902700103,"idx":20},{"addr":140736897083607,"idx":21},{"addr":140736916996940,"idx":22}],,,,,,,,,,,,,,,,,,,1024,0,5380,,,,,,,,,,,,,,,,,,,,,,,,,,,,,,,,,,,,,,,,,,,,,,,,,,,,,,,,,,,,,,,,,,,,,,,,,,,,,,,,,,,,,,,,,,,,,,,,,,,
"2025-09-02 15:13:22.5225165Z","ETW","Microsoft-Windows-Kernel-Audit-API-Calls",5,"Info ",5380,4292,"explorer.exe",,,,,,,,,,,,,,,,[{"addr":140736918203764,"idx":0},{"addr":140736872731894,"idx":1},{"addr":140736374266683,"idx":2},{"addr":140736374262251,"idx":3},{"addr":140736374305045,"idx":4},{"addr":140736374296656,"idx":5},{"addr":140736374288902,"idx":6},{"addr":140736374287441,"idx":7},{"addr":140736374309239,"idx":8},{"addr":140736398688664,"idx":9},{"addr":140736398691570,"idx":10},{"addr":140736398692617,"idx":11},{"addr":140736398685305,"idx":12},{"addr":140736399150762,"idx":13},{"addr":140736399860818,"idx":14},{"addr":140736902703990,"idx":15},{"addr":140736902703274,"idx":16},{"addr":140736902986355,"idx":17},{"addr":140736917282525,"idx":18},{"addr":140736917350969,"idx":19},{"addr":140736897083607,"idx":20},{"addr":140736916996940,"idx":21}],,,,,,,,,,,,,,,,,,,1024,0,5380,,,,,,,,,,,,,,,,,,,,,,,,,,,,,,,,,,,,,,,,,,,,,,,,,,,,,,,,,,,,,,,,,,,,,,,,,,,,,,,,,,,,,,,,,,,,,,,,,,,
"2025-09-02 15:13:22.5225273Z","ETW","Microsoft-Windows-Kernel-Audit-API-Calls",5,"Info ",5380,1604,"explorer.exe",,,,,,,,,,,,,,,,[{"addr":140736918203764,"idx":0},{"addr":140736872731894,"idx":1},{"addr":140736374265853,"idx":2},{"addr":140736374262584,"idx":3},{"addr":140736374352327,"idx":4},{"addr":140736374351681,"idx":5},{"addr":140736374454456,"idx":6},{"addr":140736374296732,"idx":7},{"addr":140736374288902,"idx":8},{"addr":140736374287441,"idx":9},{"addr":140736374309239,"idx":10},{"addr":140736398688664,"idx":11},{"addr":140736398691570,"idx":12},{"addr":140736398692617,"idx":13},{"addr":140736398685305,"idx":14},{"addr":140736399150762,"idx":15},{"addr":140736399860818,"idx":16},{"addr":140736902703990,"idx":17},{"addr":140736902703274,"idx":18},{"addr":140736902700103,"idx":19},{"addr":140736897083607,"idx":20},{"addr":140736916996940,"idx":21}],,,,,,,,,,,,,,,,,,,1024,0,5380,,,,,,,,,,,,,,,,,,,,,,,,,,,,,,,,,,,,,,,,,,,,,,,,,,,,,,,,,,,,,,,,,,,,,,,,,,,,,,,,,,,,,,,,,,,,,,,,,,,
"2025-09-02 15:13:22.5225406Z","ETW","Microsoft-Windows-Kernel-Audit-API-Calls",5,"Info ",5380,1604,"explorer.exe",,,,,,,,,,,,,,,,[{"addr":140736918203764,"idx":0},{"addr":140736872731894,"idx":1},{"addr":140736374266683,"idx":2},{"addr":140736374266439,"idx":3},{"addr":140736374262654,"idx":4},{"addr":140736374352327,"idx":5},{"addr":140736374351681,"idx":6},{"addr":140736374454456,"idx":7},{"addr":140736374296732,"idx":8},{"addr":140736374288902,"idx":9},{"addr":140736374287441,"idx":10},{"addr":140736374309239,"idx":11},{"addr":140736398688664,"idx":12},{"addr":140736398691570,"idx":13},{"addr":140736398692617,"idx":14},{"addr":140736398685305,"idx":15},{"addr":140736399150762,"idx":16},{"addr":140736399860818,"idx":17},{"addr":140736902703990,"idx":18},{"addr":140736902703274,"idx":19},{"addr":140736902700103,"idx":20},{"addr":140736897083607,"idx":21},{"addr":140736916996940,"idx":22}],,,,,,,,,,,,,,,,,,,1024,0,5380,,,,,,,,,,,,,,,,,,,,,,,,,,,,,,,,,,,,,,,,,,,,,,,,,,,,,,,,,,,,,,,,,,,,,,,,,,,,,,,,,,,,,,,,,,,,,,,,,,,
"2025-09-02 15:13:22.5225556Z","ETW","Microsoft-Windows-Kernel-Audit-API-Calls",5,"Info ",5380,1604,"explorer.exe",,,,,,,,,,,,,,,,[{"addr":140736918203764,"idx":0},{"addr":140736872731894,"idx":1},{"addr":140736374265853,"idx":2},{"addr":140736374262584,"idx":3},{"addr":140736374352327,"idx":4},{"addr":140736374351681,"idx":5},{"addr":140736374454456,"idx":6},{"addr":140736374296732,"idx":7},{"addr":140736374288902,"idx":8},{"addr":140736374287441,"idx":9},{"addr":140736374309239,"idx":10},{"addr":140736398688664,"idx":11},{"addr":140736398691570,"idx":12},{"addr":140736398692617,"idx":13},{"addr":140736398685305,"idx":14},{"addr":140736399150762,"idx":15},{"addr":140736399860818,"idx":16},{"addr":140736902703990,"idx":17},{"addr":140736902703274,"idx":18},{"addr":140736902700103,"idx":19},{"addr":140736897083607,"idx":20},{"addr":140736916996940,"idx":21}],,,,,,,,,,,,,,,,,,,1024,0,5380,,,,,,,,,,,,,,,,,,,,,,,,,,,,,,,,,,,,,,,,,,,,,,,,,,,,,,,,,,,,,,,,,,,,,,,,,,,,,,,,,,,,,,,,,,,,,,,,,,,
"2025-09-02 15:13:22.5225656Z","ETW","Microsoft-Windows-Kernel-Audit-API-Calls",5,"Info ",5380,1604,"explorer.exe",,,,,,,,,,,,,,,,[{"addr":140736918203764,"idx":0},{"addr":140736872731894,"idx":1},{"addr":140736374266683,"idx":2},{"addr":140736374266439,"idx":3},{"addr":140736374262654,"idx":4},{"addr":140736374352327,"idx":5},{"addr":140736374351681,"idx":6},{"addr":140736374454456,"idx":7},{"addr":140736374296732,"idx":8},{"addr":140736374288902,"idx":9},{"addr":140736374287441,"idx":10},{"addr":140736374309239,"idx":11},{"addr":140736398688664,"idx":12},{"addr":140736398691570,"idx":13},{"addr":140736398692617,"idx":14},{"addr":140736398685305,"idx":15},{"addr":140736399150762,"idx":16},{"addr":140736399860818,"idx":17},{"addr":140736902703990,"idx":18},{"addr":140736902703274,"idx":19},{"addr":140736902700103,"idx":20},{"addr":140736897083607,"idx":21},{"addr":140736916996940,"idx":22}],,,,,,,,,,,,,,,,,,,1024,0,5380,,,,,,,,,,,,,,,,,,,,,,,,,,,,,,,,,,,,,,,,,,,,,,,,,,,,,,,,,,,,,,,,,,,,,,,,,,,,,,,,,,,,,,,,,,,,,,,,,,,
"2025-09-02 15:13:22.5226061Z","ETW","Microsoft-Windows-Kernel-Audit-API-Calls",5,"Info ",5380,1604,"explorer.exe",,,,,,,,,,,,,,,,[{"addr":140736918203764,"idx":0},{"addr":140736872731894,"idx":1},{"addr":140736374265853,"idx":2},{"addr":140736374262584,"idx":3},{"addr":140736374352327,"idx":4},{"addr":140736374351681,"idx":5},{"addr":140736374454456,"idx":6},{"addr":140736374296732,"idx":7},{"addr":140736374288902,"idx":8},{"addr":140736374287441,"idx":9},{"addr":140736374309239,"idx":10},{"addr":140736398688664,"idx":11},{"addr":140736398691570,"idx":12},{"addr":140736398692617,"idx":13},{"addr":140736398685305,"idx":14},{"addr":140736399150762,"idx":15},{"addr":140736399860818,"idx":16},{"addr":140736902703990,"idx":17},{"addr":140736902703274,"idx":18},{"addr":140736902700103,"idx":19},{"addr":140736897083607,"idx":20},{"addr":140736916996940,"idx":21}],,,,,,,,,,,,,,,,,,,1024,0,5380,,,,,,,,,,,,,,,,,,,,,,,,,,,,,,,,,,,,,,,,,,,,,,,,,,,,,,,,,,,,,,,,,,,,,,,,,,,,,,,,,,,,,,,,,,,,,,,,,,,
"2025-09-02 15:13:22.5226157Z","ETW","Microsoft-Windows-Kernel-Audit-API-Calls",5,"Info ",5380,1604,"explorer.exe",,,,,,,,,,,,,,,,[{"addr":140736918203764,"idx":0},{"addr":140736872731894,"idx":1},{"addr":140736374266683,"idx":2},{"addr":140736374266439,"idx":3},{"addr":140736374262654,"idx":4},{"addr":140736374352327,"idx":5},{"addr":140736374351681,"idx":6},{"addr":140736374454456,"idx":7},{"addr":140736374296732,"idx":8},{"addr":140736374288902,"idx":9},{"addr":140736374287441,"idx":10},{"addr":140736374309239,"idx":11},{"addr":140736398688664,"idx":12},{"addr":140736398691570,"idx":13},{"addr":140736398692617,"idx":14},{"addr":140736398685305,"idx":15},{"addr":140736399150762,"idx":16},{"addr":140736399860818,"idx":17},{"addr":140736902703990,"idx":18},{"addr":140736902703274,"idx":19},{"addr":140736902700103,"idx":20},{"addr":140736897083607,"idx":21},{"addr":140736916996940,"idx":22}],,,,,,,,,,,,,,,,,,,1024,0,5380,,,,,,,,,,,,,,,,,,,,,,,,,,,,,,,,,,,,,,,,,,,,,,,,,,,,,,,,,,,,,,,,,,,,,,,,,,,,,,,,,,,,,,,,,,,,,,,,,,,
"2025-09-02 15:13:22.5226301Z","ETW","Microsoft-Windows-Kernel-Audit-API-Calls",5,"Info ",5380,1604,"explorer.exe",,,,,,,,,,,,,,,,[{"addr":140736918203764,"idx":0},{"addr":140736872731894,"idx":1},{"addr":140736374264322,"idx":2},{"addr":140736374262800,"idx":3},{"addr":140736374352327,"idx":4},{"addr":140736374351681,"idx":5},{"addr":140736374454456,"idx":6},{"addr":140736374296732,"idx":7},{"addr":140736374288902,"idx":8},{"addr":140736374287441,"idx":9},{"addr":140736374309239,"idx":10},{"addr":140736398688664,"idx":11},{"addr":140736398691570,"idx":12},{"addr":140736398692617,"idx":13},{"addr":140736398685305,"idx":14},{"addr":140736399150762,"idx":15},{"addr":140736399860818,"idx":16},{"addr":140736902703990,"idx":17},{"addr":140736902703274,"idx":18},{"addr":140736902700103,"idx":19},{"addr":140736897083607,"idx":20},{"addr":140736916996940,"idx":21}],,,,,,,,,,,,,,,,,,,1024,0,5380,,,,,,,,,,,,,,,,,,,,,,,,,,,,,,,,,,,,,,,,,,,,,,,,,,,,,,,,,,,,,,,,,,,,,,,,,,,,,,,,,,,,,,,,,,,,,,,,,,,
"2025-09-02 15:13:22.5226404Z","ETW","Microsoft-Windows-Kernel-Audit-API-Calls",5,"Info ",5380,1604,"explorer.exe",,,,,,,,,,,,,,,,[{"addr":140736918203764,"idx":0},{"addr":140736872731894,"idx":1},{"addr":140736374266683,"idx":2},{"addr":140736374266439,"idx":3},{"addr":140736374262835,"idx":4},{"addr":140736374352327,"idx":5},{"addr":140736374351681,"idx":6},{"addr":140736374454456,"idx":7},{"addr":140736374296732,"idx":8},{"addr":140736374288902,"idx":9},{"addr":140736374287441,"idx":10},{"addr":140736374309239,"idx":11},{"addr":140736398688664,"idx":12},{"addr":140736398691570,"idx":13},{"addr":140736398692617,"idx":14},{"addr":140736398685305,"idx":15},{"addr":140736399150762,"idx":16},{"addr":140736399860818,"idx":17},{"addr":140736902703990,"idx":18},{"addr":140736902703274,"idx":19},{"addr":140736902700103,"idx":20},{"addr":140736897083607,"idx":21},{"addr":140736916996940,"idx":22}],,,,,,,,,,,,,,,,,,,1024,0,5380,,,,,,,,,,,,,,,,,,,,,,,,,,,,,,,,,,,,,,,,,,,,,,,,,,,,,,,,,,,,,,,,,,,,,,,,,,,,,,,,,,,,,,,,,,,,,,,,,,,
"2025-09-02 15:13:22.5226509Z","ETW","Microsoft-Windows-Kernel-Audit-API-Calls",5,"Info ",5380,1604,"explorer.exe",,,,,,,,,,,,,,,,[{"addr":140736918203764,"idx":0},{"addr":140736872731894,"idx":1},{"addr":140736374265853,"idx":2},{"addr":140736374263731,"idx":3},{"addr":140736374352530,"idx":4},{"addr":140736374351681,"idx":5},{"addr":140736374454456,"idx":6},{"addr":140736374296732,"idx":7},{"addr":140736374288902,"idx":8},{"addr":140736374287441,"idx":9},{"addr":140736374309239,"idx":10},{"addr":140736398688664,"idx":11},{"addr":140736398691570,"idx":12},{"addr":140736398692617,"idx":13},{"addr":140736398685305,"idx":14},{"addr":140736399150762,"idx":15},{"addr":140736399860818,"idx":16},{"addr":140736902703990,"idx":17},{"addr":140736902703274,"idx":18},{"addr":140736902700103,"idx":19},{"addr":140736897083607,"idx":20},{"addr":140736916996940,"idx":21}],,,,,,,,,,,,,,,,,,,1024,0,5380,,,,,,,,,,,,,,,,,,,,,,,,,,,,,,,,,,,,,,,,,,,,,,,,,,,,,,,,,,,,,,,,,,,,,,,,,,,,,,,,,,,,,,,,,,,,,,,,,,,
"2025-09-02 15:13:22.5226655Z","ETW","Microsoft-Windows-Kernel-Audit-API-Calls",5,"Info ",5380,1604,"explorer.exe",,,,,,,,,,,,,,,,[{"addr":140736918203764,"idx":0},{"addr":140736872731894,"idx":1},{"addr":140736374267193,"idx":2},{"addr":140736374263865,"idx":3},{"addr":140736374352530,"idx":4},{"addr":140736374351681,"idx":5},{"addr":140736374454456,"idx":6},{"addr":140736374296732,"idx":7},{"addr":140736374288902,"idx":8},{"addr":140736374287441,"idx":9},{"addr":140736374309239,"idx":10},{"addr":140736398688664,"idx":11},{"addr":140736398691570,"idx":12},{"addr":140736398692617,"idx":13},{"addr":140736398685305,"idx":14},{"addr":140736399150762,"idx":15},{"addr":140736399860818,"idx":16},{"addr":140736902703990,"idx":17},{"addr":140736902703274,"idx":18},{"addr":140736902700103,"idx":19},{"addr":140736897083607,"idx":20},{"addr":140736916996940,"idx":21}],,,,,,,,,,,,,,,,,,,1024,0,5380,,,,,,,,,,,,,,,,,,,,,,,,,,,,,,,,,,,,,,,,,,,,,,,,,,,,,,,,,,,,,,,,,,,,,,,,,,,,,,,,,,,,,,,,,,,,,,,,,,,
"2025-09-02 15:13:22.5228206Z","ETW","Microsoft-Windows-Kernel-Audit-API-Calls",6,"Info ",1912,8,"MsMpEng.exe",,,,,,,,,,,,,,,,[{"addr":140736918212548,"idx":0},{"addr":140736872857142,"idx":1},{"addr":140736738243895,"idx":2},{"addr":140736738242452,"idx":3},{"addr":140736657604428,"idx":4},{"addr":140736657598535,"idx":5},{"addr":140736657597146,"idx":6},{"addr":140736658259206,"idx":7},{"addr":140736657749938,"idx":8},{"addr":140736657909615,"idx":9},{"addr":140736658079503,"idx":10},{"addr":140736897083607,"idx":11},{"addr":140736916996940,"idx":12}],,,,,,,,,,,,,,,,,,,2097151,0,1912,8,,,,,,,,,,,,,,,,,,,,,,,,,,,,,,,,,,,,,,,,,,,,,,,,,,,,,,,,,,,,,,,,,,,,,,,,,,,,,,,,,,,,,,,,,,,,,,,,,,
"2025-09-02 15:13:22.5231117Z","ETW","Microsoft-Windows-Kernel-Audit-API-Calls",5,"Info ",5380,1604,"explorer.exe",,,,,,,,,,,,,,,,[{"addr":140736918203764,"idx":0},{"addr":140736872731894,"idx":1},{"addr":140736374264322,"idx":2},{"addr":140736374271678,"idx":3},{"addr":140736374270629,"idx":4},{"addr":140736374275754,"idx":5},{"addr":140736374248037,"idx":6},{"addr":140736374195045,"idx":7},{"addr":140736374454490,"idx":8},{"addr":140736374296732,"idx":9},{"addr":140736374288902,"idx":10},{"addr":140736374287441,"idx":11},{"addr":140736374309239,"idx":12},{"addr":140736398688664,"idx":13},{"addr":140736398691570,"idx":14},{"addr":140736398692617,"idx":15},{"addr":140736398685305,"idx":16},{"addr":140736399150762,"idx":17},{"addr":140736399860818,"idx":18},{"addr":140736902703990,"idx":19},{"addr":140736902703274,"idx":20},{"addr":140736902700103,"idx":21},{"addr":140736897083607,"idx":22},{"addr":140736916996940,"idx":23}],,,,,,,,,,,,,,,,,,,1024,0,5380,,,,,,,,,,,,,,,,,,,,,,,,,,,,,,,,,,,,,,,,,,,,,,,,,,,,,,,,,,,,,,,,,,,,,,,,,,,,,,,,,,,,,,,,,,,,,,,,,,,
"2025-09-02 15:13:22.5231370Z","ETW","Microsoft-Windows-Kernel-Audit-API-Calls",5,"Info ",5380,1604,"explorer.exe",,,,,,,,,,,,,,,,[{"addr":140736918203764,"idx":0},{"addr":140736872731894,"idx":1},{"addr":140736374267193,"idx":2},{"addr":140736374263547,"idx":3},{"addr":140736374271722,"idx":4},{"addr":140736374270629,"idx":5},{"addr":140736374275754,"idx":6},{"addr":140736374248037,"idx":7},{"addr":140736374195045,"idx":8},{"addr":140736374454490,"idx":9},{"addr":140736374296732,"idx":10},{"addr":140736374288902,"idx":11},{"addr":140736374287441,"idx":12},{"addr":140736374309239,"idx":13},{"addr":140736398688664,"idx":14},{"addr":140736398691570,"idx":15},{"addr":140736398692617,"idx":16},{"addr":140736398685305,"idx":17},{"addr":140736399150762,"idx":18},{"addr":140736399860818,"idx":19},{"addr":140736902703990,"idx":20},{"addr":140736902703274,"idx":21},{"addr":140736902700103,"idx":22},{"addr":140736897083607,"idx":23},{"addr":140736916996940,"idx":24}],,,,,,,,,,,,,,,,,,,1024,0,5380,,,,,,,,,,,,,,,,,,,,,,,,,,,,,,,,,,,,,,,,,,,,,,,,,,,,,,,,,,,,,,,,,,,,,,,,,,,,,,,,,,,,,,,,,,,,,,,,,,,
"2025-09-02 15:13:22.5233126Z","ETW","Microsoft-Windows-Kernel-Audit-API-Calls",5,"Info ",5380,4292,"explorer.exe",,,,,,,,,,,,,,,,[{"addr":140736918203764,"idx":0},{"addr":140736872731894,"idx":1},{"addr":140736374264322,"idx":2},{"addr":140736374273316,"idx":3},{"addr":140736374454399,"idx":4},{"addr":140736374296732,"idx":5},{"addr":140736374288902,"idx":6},{"addr":140736374287441,"idx":7},{"addr":140736374309239,"idx":8},{"addr":140736398688664,"idx":9},{"addr":140736398691570,"idx":10},{"addr":140736398692617,"idx":11},{"addr":140736398685305,"idx":12},{"addr":140736399150762,"idx":13},{"addr":140736399860818,"idx":14},{"addr":140736902703990,"idx":15},{"addr":140736902703274,"idx":16},{"addr":140736902986355,"idx":17},{"addr":140736917282525,"idx":18},{"addr":140736917350969,"idx":19},{"addr":140736897083607,"idx":20},{"addr":140736916996940,"idx":21}],,,,,,,,,,,,,,,,,,,1024,0,5380,,,,,,,,,,,,,,,,,,,,,,,,,,,,,,,,,,,,,,,,,,,,,,,,,,,,,,,,,,,,,,,,,,,,,,,,,,,,,,,,,,,,,,,,,,,,,,,,,,,
"2025-09-02 15:13:22.5233842Z","ETW","Microsoft-Windows-Kernel-Audit-API-Calls",5,"Info ",5380,4292,"explorer.exe",,,,,,,,,,,,,,,,[{"addr":140736918203764,"idx":0},{"addr":140736872731894,"idx":1},{"addr":140736374266683,"idx":2},{"addr":140736374266439,"idx":3},{"addr":140736374273343,"idx":4},{"addr":140736374454399,"idx":5},{"addr":140736374296732,"idx":6},{"addr":140736374288902,"idx":7},{"addr":140736374287441,"idx":8},{"addr":140736374309239,"idx":9},{"addr":140736398688664,"idx":10},{"addr":140736398691570,"idx":11},{"addr":140736398692617,"idx":12},{"addr":140736398685305,"idx":13},{"addr":140736399150762,"idx":14},{"addr":140736399860818,"idx":15},{"addr":140736902703990,"idx":16},{"addr":140736902703274,"idx":17},{"addr":140736902986355,"idx":18},{"addr":140736917282525,"idx":19},{"addr":140736917350969,"idx":20},{"addr":140736897083607,"idx":21},{"addr":140736916996940,"idx":22}],,,,,,,,,,,,,,,,,,,1024,0,5380,,,,,,,,,,,,,,,,,,,,,,,,,,,,,,,,,,,,,,,,,,,,,,,,,,,,,,,,,,,,,,,,,,,,,,,,,,,,,,,,,,,,,,,,,,,,,,,,,,,
"2025-09-02 15:13:22.5234233Z","ETW","Microsoft-Windows-Kernel-Process",4,"ThreadStopStop ",19464,6084,"CalculatorApp.exe",,,,,,,,,,,,,,,,[],,,,,,,,54063360,19464,18446639081575469056,18446639081575444480,140736678173040,0,926182453248,6084,926193549312,926193520640,140736678173040,,,,,,,,,,,,,,,,,,,,,,,,,,,,,,,,,,,,,,,,,,,,,,,,,,,,,,,,,,,,,,,,,,,,,,,,,,,,,,,,,,,,,,,,,,,,,,,,,,,,,,
"2025-09-02 15:13:22.5234767Z","ETW","Microsoft-Windows-Kernel-Audit-API-Calls",5,"Info ",5380,4292,"explorer.exe",,,,,,,,,,,,,,,,[{"addr":140736918203764,"idx":0},{"addr":140736872731894,"idx":1},{"addr":140736374265853,"idx":2},{"addr":140736374262584,"idx":3},{"addr":140736374352327,"idx":4},{"addr":140736374351681,"idx":5},{"addr":140736374454456,"idx":6},{"addr":140736374296732,"idx":7},{"addr":140736374288902,"idx":8},{"addr":140736374287441,"idx":9},{"addr":140736374309239,"idx":10},{"addr":140736398688664,"idx":11},{"addr":140736398691570,"idx":12},{"addr":140736398692617,"idx":13},{"addr":140736398685305,"idx":14},{"addr":140736399150762,"idx":15},{"addr":140736399860818,"idx":16},{"addr":140736902703990,"idx":17},{"addr":140736902703274,"idx":18},{"addr":140736902986355,"idx":19},{"addr":140736917282525,"idx":20},{"addr":140736917350969,"idx":21},{"addr":140736897083607,"idx":22},{"addr":140736916996940,"idx":23}],,,,,,,,,,,,,,,,,,,1024,0,5380,,,,,,,,,,,,,,,,,,,,,,,,,,,,,,,,,,,,,,,,,,,,,,,,,,,,,,,,,,,,,,,,,,,,,,,,,,,,,,,,,,,,,,,,,,,,,,,,,,,
"2025-09-02 15:13:22.5234946Z","ETW","Microsoft-Windows-Kernel-Audit-API-Calls",5,"Info ",5380,4292,"explorer.exe",,,,,,,,,,,,,,,,[{"addr":140736918203764,"idx":0},{"addr":140736872731894,"idx":1},{"addr":140736374266683,"idx":2},{"addr":140736374266439,"idx":3},{"addr":140736374262654,"idx":4},{"addr":140736374352327,"idx":5},{"addr":140736374351681,"idx":6},{"addr":140736374454456,"idx":7},{"addr":140736374296732,"idx":8},{"addr":140736374288902,"idx":9},{"addr":140736374287441,"idx":10},{"addr":140736374309239,"idx":11},{"addr":140736398688664,"idx":12},{"addr":140736398691570,"idx":13},{"addr":140736398692617,"idx":14},{"addr":140736398685305,"idx":15},{"addr":140736399150762,"idx":16},{"addr":140736399860818,"idx":17},{"addr":140736902703990,"idx":18},{"addr":140736902703274,"idx":19},{"addr":140736902986355,"idx":20},{"addr":140736917282525,"idx":21},{"addr":140736917350969,"idx":22},{"addr":140736897083607,"idx":23},{"addr":140736916996940,"idx":24}],,,,,,,,,,,,,,,,,,,1024,0,5380,,,,,,,,,,,,,,,,,,,,,,,,,,,,,,,,,,,,,,,,,,,,,,,,,,,,,,,,,,,,,,,,,,,,,,,,,,,,,,,,,,,,,,,,,,,,,,,,,,,
"2025-09-02 15:13:22.5235073Z","ETW","Microsoft-Windows-Kernel-Audit-API-Calls",5,"Info ",5380,4292,"explorer.exe",,,,,,,,,,,,,,,,[{"addr":140736918203764,"idx":0},{"addr":140736872731894,"idx":1},{"addr":140736374265853,"idx":2},{"addr":140736374262584,"idx":3},{"addr":140736374352327,"idx":4},{"addr":140736374351681,"idx":5},{"addr":140736374454456,"idx":6},{"addr":140736374296732,"idx":7},{"addr":140736374288902,"idx":8},{"addr":140736374287441,"idx":9},{"addr":140736374309239,"idx":10},{"addr":140736398688664,"idx":11},{"addr":140736398691570,"idx":12},{"addr":140736398692617,"idx":13},{"addr":140736398685305,"idx":14},{"addr":140736399150762,"idx":15},{"addr":140736399860818,"idx":16},{"addr":140736902703990,"idx":17},{"addr":140736902703274,"idx":18},{"addr":140736902986355,"idx":19},{"addr":140736917282525,"idx":20},{"addr":140736917350969,"idx":21},{"addr":140736897083607,"idx":22},{"addr":140736916996940,"idx":23}],,,,,,,,,,,,,,,,,,,1024,0,5380,,,,,,,,,,,,,,,,,,,,,,,,,,,,,,,,,,,,,,,,,,,,,,,,,,,,,,,,,,,,,,,,,,,,,,,,,,,,,,,,,,,,,,,,,,,,,,,,,,,
"2025-09-02 15:13:22.5235228Z","ETW","Microsoft-Windows-Kernel-Audit-API-Calls",5,"Info ",5380,4292,"explorer.exe",,,,,,,,,,,,,,,,[{"addr":140736918203764,"idx":0},{"addr":140736872731894,"idx":1},{"addr":140736374266683,"idx":2},{"addr":140736374266439,"idx":3},{"addr":140736374262654,"idx":4},{"addr":140736374352327,"idx":5},{"addr":140736374351681,"idx":6},{"addr":140736374454456,"idx":7},{"addr":140736374296732,"idx":8},{"addr":140736374288902,"idx":9},{"addr":140736374287441,"idx":10},{"addr":140736374309239,"idx":11},{"addr":140736398688664,"idx":12},{"addr":140736398691570,"idx":13},{"addr":140736398692617,"idx":14},{"addr":140736398685305,"idx":15},{"addr":140736399150762,"idx":16},{"addr":140736399860818,"idx":17},{"addr":140736902703990,"idx":18},{"addr":140736902703274,"idx":19},{"addr":140736902986355,"idx":20},{"addr":140736917282525,"idx":21},{"addr":140736917350969,"idx":22},{"addr":140736897083607,"idx":23},{"addr":140736916996940,"idx":24}],,,,,,,,,,,,,,,,,,,1024,0,5380,,,,,,,,,,,,,,,,,,,,,,,,,,,,,,,,,,,,,,,,,,,,,,,,,,,,,,,,,,,,,,,,,,,,,,,,,,,,,,,,,,,,,,,,,,,,,,,,,,,
"2025-09-02 15:13:22.5235351Z","ETW","Microsoft-Windows-Kernel-Audit-API-Calls",5,"Info ",5380,4292,"explorer.exe",,,,,,,,,,,,,,,,[{"addr":140736918203764,"idx":0},{"addr":140736872731894,"idx":1},{"addr":140736374265853,"idx":2},{"addr":140736374262584,"idx":3},{"addr":140736374352327,"idx":4},{"addr":140736374351681,"idx":5},{"addr":140736374454456,"idx":6},{"addr":140736374296732,"idx":7},{"addr":140736374288902,"idx":8},{"addr":140736374287441,"idx":9},{"addr":140736374309239,"idx":10},{"addr":140736398688664,"idx":11},{"addr":140736398691570,"idx":12},{"addr":140736398692617,"idx":13},{"addr":140736398685305,"idx":14},{"addr":140736399150762,"idx":15},{"addr":140736399860818,"idx":16},{"addr":140736902703990,"idx":17},{"addr":140736902703274,"idx":18},{"addr":140736902986355,"idx":19},{"addr":140736917282525,"idx":20},{"addr":140736917350969,"idx":21},{"addr":140736897083607,"idx":22},{"addr":140736916996940,"idx":23}],,,,,,,,,,,,,,,,,,,1024,0,5380,,,,,,,,,,,,,,,,,,,,,,,,,,,,,,,,,,,,,,,,,,,,,,,,,,,,,,,,,,,,,,,,,,,,,,,,,,,,,,,,,,,,,,,,,,,,,,,,,,,
"2025-09-02 15:13:22.5235449Z","ETW","Microsoft-Windows-Kernel-Audit-API-Calls",5,"Info ",5380,4292,"explorer.exe",,,,,,,,,,,,,,,,[{"addr":140736918203764,"idx":0},{"addr":140736872731894,"idx":1},{"addr":140736374266683,"idx":2},{"addr":140736374266439,"idx":3},{"addr":140736374262654,"idx":4},{"addr":140736374352327,"idx":5},{"addr":140736374351681,"idx":6},{"addr":140736374454456,"idx":7},{"addr":140736374296732,"idx":8},{"addr":140736374288902,"idx":9},{"addr":140736374287441,"idx":10},{"addr":140736374309239,"idx":11},{"addr":140736398688664,"idx":12},{"addr":140736398691570,"idx":13},{"addr":140736398692617,"idx":14},{"addr":140736398685305,"idx":15},{"addr":140736399150762,"idx":16},{"addr":140736399860818,"idx":17},{"addr":140736902703990,"idx":18},{"addr":140736902703274,"idx":19},{"addr":140736902986355,"idx":20},{"addr":140736917282525,"idx":21},{"addr":140736917350969,"idx":22},{"addr":140736897083607,"idx":23},{"addr":140736916996940,"idx":24}],,,,,,,,,,,,,,,,,,,1024,0,5380,,,,,,,,,,,,,,,,,,,,,,,,,,,,,,,,,,,,,,,,,,,,,,,,,,,,,,,,,,,,,,,,,,,,,,,,,,,,,,,,,,,,,,,,,,,,,,,,,,,
"2025-09-02 15:13:22.5235548Z","ETW","Microsoft-Windows-Kernel-Audit-API-Calls",5,"Info ",5380,4292,"explorer.exe",,,,,,,,,,,,,,,,[{"addr":140736918203764,"idx":0},{"addr":140736872731894,"idx":1},{"addr":140736374265853,"idx":2},{"addr":140736374262584,"idx":3},{"addr":140736374352327,"idx":4},{"addr":140736374351681,"idx":5},{"addr":140736374454456,"idx":6},{"addr":140736374296732,"idx":7},{"addr":140736374288902,"idx":8},{"addr":140736374287441,"idx":9},{"addr":140736374309239,"idx":10},{"addr":140736398688664,"idx":11},{"addr":140736398691570,"idx":12},{"addr":140736398692617,"idx":13},{"addr":140736398685305,"idx":14},{"addr":140736399150762,"idx":15},{"addr":140736399860818,"idx":16},{"addr":140736902703990,"idx":17},{"addr":140736902703274,"idx":18},{"addr":140736902986355,"idx":19},{"addr":140736917282525,"idx":20},{"addr":140736917350969,"idx":21},{"addr":140736897083607,"idx":22},{"addr":140736916996940,"idx":23}],,,,,,,,,,,,,,,,,,,1024,0,5380,,,,,,,,,,,,,,,,,,,,,,,,,,,,,,,,,,,,,,,,,,,,,,,,,,,,,,,,,,,,,,,,,,,,,,,,,,,,,,,,,,,,,,,,,,,,,,,,,,,
"2025-09-02 15:13:22.5235646Z","ETW","Microsoft-Windows-Kernel-Audit-API-Calls",5,"Info ",5380,4292,"explorer.exe",,,,,,,,,,,,,,,,[{"addr":140736918203764,"idx":0},{"addr":140736872731894,"idx":1},{"addr":140736374266683,"idx":2},{"addr":140736374266439,"idx":3},{"addr":140736374262654,"idx":4},{"addr":140736374352327,"idx":5},{"addr":140736374351681,"idx":6},{"addr":140736374454456,"idx":7},{"addr":140736374296732,"idx":8},{"addr":140736374288902,"idx":9},{"addr":140736374287441,"idx":10},{"addr":140736374309239,"idx":11},{"addr":140736398688664,"idx":12},{"addr":140736398691570,"idx":13},{"addr":140736398692617,"idx":14},{"addr":140736398685305,"idx":15},{"addr":140736399150762,"idx":16},{"addr":140736399860818,"idx":17},{"addr":140736902703990,"idx":18},{"addr":140736902703274,"idx":19},{"addr":140736902986355,"idx":20},{"addr":140736917282525,"idx":21},{"addr":140736917350969,"idx":22},{"addr":140736897083607,"idx":23},{"addr":140736916996940,"idx":24}],,,,,,,,,,,,,,,,,,,1024,0,5380,,,,,,,,,,,,,,,,,,,,,,,,,,,,,,,,,,,,,,,,,,,,,,,,,,,,,,,,,,,,,,,,,,,,,,,,,,,,,,,,,,,,,,,,,,,,,,,,,,,
"2025-09-02 15:13:22.5235746Z","ETW","Microsoft-Windows-Kernel-Audit-API-Calls",5,"Info ",5380,4292,"explorer.exe",,,,,,,,,,,,,,,,[{"addr":140736918203764,"idx":0},{"addr":140736872731894,"idx":1},{"addr":140736374265853,"idx":2},{"addr":140736374262584,"idx":3},{"addr":140736374352327,"idx":4},{"addr":140736374351681,"idx":5},{"addr":140736374454456,"idx":6},{"addr":140736374296732,"idx":7},{"addr":140736374288902,"idx":8},{"addr":140736374287441,"idx":9},{"addr":140736374309239,"idx":10},{"addr":140736398688664,"idx":11},{"addr":140736398691570,"idx":12},{"addr":140736398692617,"idx":13},{"addr":140736398685305,"idx":14},{"addr":140736399150762,"idx":15},{"addr":140736399860818,"idx":16},{"addr":140736902703990,"idx":17},{"addr":140736902703274,"idx":18},{"addr":140736902986355,"idx":19},{"addr":140736917282525,"idx":20},{"addr":140736917350969,"idx":21},{"addr":140736897083607,"idx":22},{"addr":140736916996940,"idx":23}],,,,,,,,,,,,,,,,,,,1024,0,5380,,,,,,,,,,,,,,,,,,,,,,,,,,,,,,,,,,,,,,,,,,,,,,,,,,,,,,,,,,,,,,,,,,,,,,,,,,,,,,,,,,,,,,,,,,,,,,,,,,,
"2025-09-02 15:13:22.5235881Z","ETW","Microsoft-Windows-Kernel-Audit-API-Calls",5,"Info ",5380,4292,"explorer.exe",,,,,,,,,,,,,,,,[{"addr":140736918203764,"idx":0},{"addr":140736872731894,"idx":1},{"addr":140736374266683,"idx":2},{"addr":140736374266439,"idx":3},{"addr":140736374262654,"idx":4},{"addr":140736374352327,"idx":5},{"addr":140736374351681,"idx":6},{"addr":140736374454456,"idx":7},{"addr":140736374296732,"idx":8},{"addr":140736374288902,"idx":9},{"addr":140736374287441,"idx":10},{"addr":140736374309239,"idx":11},{"addr":140736398688664,"idx":12},{"addr":140736398691570,"idx":13},{"addr":140736398692617,"idx":14},{"addr":140736398685305,"idx":15},{"addr":140736399150762,"idx":16},{"addr":140736399860818,"idx":17},{"addr":140736902703990,"idx":18},{"addr":140736902703274,"idx":19},{"addr":140736902986355,"idx":20},{"addr":140736917282525,"idx":21},{"addr":140736917350969,"idx":22},{"addr":140736897083607,"idx":23},{"addr":140736916996940,"idx":24}],,,,,,,,,,,,,,,,,,,1024,0,5380,,,,,,,,,,,,,,,,,,,,,,,,,,,,,,,,,,,,,,,,,,,,,,,,,,,,,,,,,,,,,,,,,,,,,,,,,,,,,,,,,,,,,,,,,,,,,,,,,,,
"2025-09-02 15:13:22.5235985Z","ETW","Microsoft-Windows-Kernel-Audit-API-Calls",5,"Info ",5380,4292,"explorer.exe",,,,,,,,,,,,,,,,[{"addr":140736918203764,"idx":0},{"addr":140736872731894,"idx":1},{"addr":140736374265853,"idx":2},{"addr":140736374262584,"idx":3},{"addr":140736374352327,"idx":4},{"addr":140736374351681,"idx":5},{"addr":140736374454456,"idx":6},{"addr":140736374296732,"idx":7},{"addr":140736374288902,"idx":8},{"addr":140736374287441,"idx":9},{"addr":140736374309239,"idx":10},{"addr":140736398688664,"idx":11},{"addr":140736398691570,"idx":12},{"addr":140736398692617,"idx":13},{"addr":140736398685305,"idx":14},{"addr":140736399150762,"idx":15},{"addr":140736399860818,"idx":16},{"addr":140736902703990,"idx":17},{"addr":140736902703274,"idx":18},{"addr":140736902986355,"idx":19},{"addr":140736917282525,"idx":20},{"addr":140736917350969,"idx":21},{"addr":140736897083607,"idx":22},{"addr":140736916996940,"idx":23}],,,,,,,,,,,,,,,,,,,1024,0,5380,,,,,,,,,,,,,,,,,,,,,,,,,,,,,,,,,,,,,,,,,,,,,,,,,,,,,,,,,,,,,,,,,,,,,,,,,,,,,,,,,,,,,,,,,,,,,,,,,,,
"2025-09-02 15:13:22.5236087Z","ETW","Microsoft-Windows-Kernel-Audit-API-Calls",5,"Info ",5380,4292,"explorer.exe",,,,,,,,,,,,,,,,[{"addr":140736918203764,"idx":0},{"addr":140736872731894,"idx":1},{"addr":140736374266683,"idx":2},{"addr":140736374266439,"idx":3},{"addr":140736374262654,"idx":4},{"addr":140736374352327,"idx":5},{"addr":140736374351681,"idx":6},{"addr":140736374454456,"idx":7},{"addr":140736374296732,"idx":8},{"addr":140736374288902,"idx":9},{"addr":140736374287441,"idx":10},{"addr":140736374309239,"idx":11},{"addr":140736398688664,"idx":12},{"addr":140736398691570,"idx":13},{"addr":140736398692617,"idx":14},{"addr":140736398685305,"idx":15},{"addr":140736399150762,"idx":16},{"addr":140736399860818,"idx":17},{"addr":140736902703990,"idx":18},{"addr":140736902703274,"idx":19},{"addr":140736902986355,"idx":20},{"addr":140736917282525,"idx":21},{"addr":140736917350969,"idx":22},{"addr":140736897083607,"idx":23},{"addr":140736916996940,"idx":24}],,,,,,,,,,,,,,,,,,,1024,0,5380,,,,,,,,,,,,,,,,,,,,,,,,,,,,,,,,,,,,,,,,,,,,,,,,,,,,,,,,,,,,,,,,,,,,,,,,,,,,,,,,,,,,,,,,,,,,,,,,,,,
"2025-09-02 15:13:22.5236194Z","ETW","Microsoft-Windows-Kernel-Audit-API-Calls",5,"Info ",5380,4292,"explorer.exe",,,,,,,,,,,,,,,,[{"addr":140736918203764,"idx":0},{"addr":140736872731894,"idx":1},{"addr":140736374265853,"idx":2},{"addr":140736374262584,"idx":3},{"addr":140736374352327,"idx":4},{"addr":140736374351681,"idx":5},{"addr":140736374454456,"idx":6},{"addr":140736374296732,"idx":7},{"addr":140736374288902,"idx":8},{"addr":140736374287441,"idx":9},{"addr":140736374309239,"idx":10},{"addr":140736398688664,"idx":11},{"addr":140736398691570,"idx":12},{"addr":140736398692617,"idx":13},{"addr":140736398685305,"idx":14},{"addr":140736399150762,"idx":15},{"addr":140736399860818,"idx":16},{"addr":140736902703990,"idx":17},{"addr":140736902703274,"idx":18},{"addr":140736902986355,"idx":19},{"addr":140736917282525,"idx":20},{"addr":140736917350969,"idx":21},{"addr":140736897083607,"idx":22},{"addr":140736916996940,"idx":23}],,,,,,,,,,,,,,,,,,,1024,0,5380,,,,,,,,,,,,,,,,,,,,,,,,,,,,,,,,,,,,,,,,,,,,,,,,,,,,,,,,,,,,,,,,,,,,,,,,,,,,,,,,,,,,,,,,,,,,,,,,,,,
"2025-09-02 15:13:22.5236300Z","ETW","Microsoft-Windows-Kernel-Audit-API-Calls",5,"Info ",5380,4292,"explorer.exe",,,,,,,,,,,,,,,,[{"addr":140736918203764,"idx":0},{"addr":140736872731894,"idx":1},{"addr":140736374266683,"idx":2},{"addr":140736374266439,"idx":3},{"addr":140736374262654,"idx":4},{"addr":140736374352327,"idx":5},{"addr":140736374351681,"idx":6},{"addr":140736374454456,"idx":7},{"addr":140736374296732,"idx":8},{"addr":140736374288902,"idx":9},{"addr":140736374287441,"idx":10},{"addr":140736374309239,"idx":11},{"addr":140736398688664,"idx":12},{"addr":140736398691570,"idx":13},{"addr":140736398692617,"idx":14},{"addr":140736398685305,"idx":15},{"addr":140736399150762,"idx":16},{"addr":140736399860818,"idx":17},{"addr":140736902703990,"idx":18},{"addr":140736902703274,"idx":19},{"addr":140736902986355,"idx":20},{"addr":140736917282525,"idx":21},{"addr":140736917350969,"idx":22},{"addr":140736897083607,"idx":23},{"addr":140736916996940,"idx":24}],,,,,,,,,,,,,,,,,,,1024,0,5380,,,,,,,,,,,,,,,,,,,,,,,,,,,,,,,,,,,,,,,,,,,,,,,,,,,,,,,,,,,,,,,,,,,,,,,,,,,,,,,,,,,,,,,,,,,,,,,,,,,
"2025-09-02 15:13:22.5236431Z","ETW","Microsoft-Windows-Kernel-Audit-API-Calls",5,"Info ",5380,4292,"explorer.exe",,,,,,,,,,,,,,,,[{"addr":140736918203764,"idx":0},{"addr":140736872731894,"idx":1},{"addr":140736374265853,"idx":2},{"addr":140736374262584,"idx":3},{"addr":140736374352327,"idx":4},{"addr":140736374351681,"idx":5},{"addr":140736374454456,"idx":6},{"addr":140736374296732,"idx":7},{"addr":140736374288902,"idx":8},{"addr":140736374287441,"idx":9},{"addr":140736374309239,"idx":10},{"addr":140736398688664,"idx":11},{"addr":140736398691570,"idx":12},{"addr":140736398692617,"idx":13},{"addr":140736398685305,"idx":14},{"addr":140736399150762,"idx":15},{"addr":140736399860818,"idx":16},{"addr":140736902703990,"idx":17},{"addr":140736902703274,"idx":18},{"addr":140736902986355,"idx":19},{"addr":140736917282525,"idx":20},{"addr":140736917350969,"idx":21},{"addr":140736897083607,"idx":22},{"addr":140736916996940,"idx":23}],,,,,,,,,,,,,,,,,,,1024,0,5380,,,,,,,,,,,,,,,,,,,,,,,,,,,,,,,,,,,,,,,,,,,,,,,,,,,,,,,,,,,,,,,,,,,,,,,,,,,,,,,,,,,,,,,,,,,,,,,,,,,
"2025-09-02 15:13:22.5236539Z","ETW","Microsoft-Windows-Kernel-Audit-API-Calls",5,"Info ",5380,4292,"explorer.exe",,,,,,,,,,,,,,,,[{"addr":140736918203764,"idx":0},{"addr":140736872731894,"idx":1},{"addr":140736374266683,"idx":2},{"addr":140736374266439,"idx":3},{"addr":140736374262654,"idx":4},{"addr":140736374352327,"idx":5},{"addr":140736374351681,"idx":6},{"addr":140736374454456,"idx":7},{"addr":140736374296732,"idx":8},{"addr":140736374288902,"idx":9},{"addr":140736374287441,"idx":10},{"addr":140736374309239,"idx":11},{"addr":140736398688664,"idx":12},{"addr":140736398691570,"idx":13},{"addr":140736398692617,"idx":14},{"addr":140736398685305,"idx":15},{"addr":140736399150762,"idx":16},{"addr":140736399860818,"idx":17},{"addr":140736902703990,"idx":18},{"addr":140736902703274,"idx":19},{"addr":140736902986355,"idx":20},{"addr":140736917282525,"idx":21},{"addr":140736917350969,"idx":22},{"addr":140736897083607,"idx":23},{"addr":140736916996940,"idx":24}],,,,,,,,,,,,,,,,,,,1024,0,5380,,,,,,,,,,,,,,,,,,,,,,,,,,,,,,,,,,,,,,,,,,,,,,,,,,,,,,,,,,,,,,,,,,,,,,,,,,,,,,,,,,,,,,,,,,,,,,,,,,,
"2025-09-02 15:13:22.5236638Z","ETW","Microsoft-Windows-Kernel-Audit-API-Calls",5,"Info ",5380,4292,"explorer.exe",,,,,,,,,,,,,,,,[{"addr":140736918203764,"idx":0},{"addr":140736872731894,"idx":1},{"addr":140736374265853,"idx":2},{"addr":140736374262584,"idx":3},{"addr":140736374352327,"idx":4},{"addr":140736374351681,"idx":5},{"addr":140736374454456,"idx":6},{"addr":140736374296732,"idx":7},{"addr":140736374288902,"idx":8},{"addr":140736374287441,"idx":9},{"addr":140736374309239,"idx":10},{"addr":140736398688664,"idx":11},{"addr":140736398691570,"idx":12},{"addr":140736398692617,"idx":13},{"addr":140736398685305,"idx":14},{"addr":140736399150762,"idx":15},{"addr":140736399860818,"idx":16},{"addr":140736902703990,"idx":17},{"addr":140736902703274,"idx":18},{"addr":140736902986355,"idx":19},{"addr":140736917282525,"idx":20},{"addr":140736917350969,"idx":21},{"addr":140736897083607,"idx":22},{"addr":140736916996940,"idx":23}],,,,,,,,,,,,,,,,,,,1024,0,5380,,,,,,,,,,,,,,,,,,,,,,,,,,,,,,,,,,,,,,,,,,,,,,,,,,,,,,,,,,,,,,,,,,,,,,,,,,,,,,,,,,,,,,,,,,,,,,,,,,,
"2025-09-02 15:13:22.5237197Z","ETW","Microsoft-Windows-Kernel-Audit-API-Calls",5,"Info ",5380,4292,"explorer.exe",,,,,,,,,,,,,,,,[{"addr":140736918203764,"idx":0},{"addr":140736872731894,"idx":1},{"addr":140736374266683,"idx":2},{"addr":140736374266439,"idx":3},{"addr":140736374262654,"idx":4},{"addr":140736374352327,"idx":5},{"addr":140736374351681,"idx":6},{"addr":140736374454456,"idx":7},{"addr":140736374296732,"idx":8},{"addr":140736374288902,"idx":9},{"addr":140736374287441,"idx":10},{"addr":140736374309239,"idx":11},{"addr":140736398688664,"idx":12},{"addr":140736398691570,"idx":13},{"addr":140736398692617,"idx":14},{"addr":140736398685305,"idx":15},{"addr":140736399150762,"idx":16},{"addr":140736399860818,"idx":17},{"addr":140736902703990,"idx":18},{"addr":140736902703274,"idx":19},{"addr":140736902986355,"idx":20},{"addr":140736917282525,"idx":21},{"addr":140736917350969,"idx":22},{"addr":140736897083607,"idx":23},{"addr":140736916996940,"idx":24}],,,,,,,,,,,,,,,,,,,1024,0,5380,,,,,,,,,,,,,,,,,,,,,,,,,,,,,,,,,,,,,,,,,,,,,,,,,,,,,,,,,,,,,,,,,,,,,,,,,,,,,,,,,,,,,,,,,,,,,,,,,,,
"2025-09-02 15:13:22.5237300Z","ETW","Microsoft-Windows-Kernel-Audit-API-Calls",5,"Info ",5380,4292,"explorer.exe",,,,,,,,,,,,,,,,[{"addr":140736918203764,"idx":0},{"addr":140736872731894,"idx":1},{"addr":140736374265853,"idx":2},{"addr":140736374262584,"idx":3},{"addr":140736374352327,"idx":4},{"addr":140736374351681,"idx":5},{"addr":140736374454456,"idx":6},{"addr":140736374296732,"idx":7},{"addr":140736374288902,"idx":8},{"addr":140736374287441,"idx":9},{"addr":140736374309239,"idx":10},{"addr":140736398688664,"idx":11},{"addr":140736398691570,"idx":12},{"addr":140736398692617,"idx":13},{"addr":140736398685305,"idx":14},{"addr":140736399150762,"idx":15},{"addr":140736399860818,"idx":16},{"addr":140736902703990,"idx":17},{"addr":140736902703274,"idx":18},{"addr":140736902986355,"idx":19},{"addr":140736917282525,"idx":20},{"addr":140736917350969,"idx":21},{"addr":140736897083607,"idx":22},{"addr":140736916996940,"idx":23}],,,,,,,,,,,,,,,,,,,1024,0,5380,,,,,,,,,,,,,,,,,,,,,,,,,,,,,,,,,,,,,,,,,,,,,,,,,,,,,,,,,,,,,,,,,,,,,,,,,,,,,,,,,,,,,,,,,,,,,,,,,,,
"2025-09-02 15:13:22.5237394Z","ETW","Microsoft-Windows-Kernel-Audit-API-Calls",5,"Info ",5380,4292,"explorer.exe",,,,,,,,,,,,,,,,[{"addr":140736918203764,"idx":0},{"addr":140736872731894,"idx":1},{"addr":140736374266683,"idx":2},{"addr":140736374266439,"idx":3},{"addr":140736374262654,"idx":4},{"addr":140736374352327,"idx":5},{"addr":140736374351681,"idx":6},{"addr":140736374454456,"idx":7},{"addr":140736374296732,"idx":8},{"addr":140736374288902,"idx":9},{"addr":140736374287441,"idx":10},{"addr":140736374309239,"idx":11},{"addr":140736398688664,"idx":12},{"addr":140736398691570,"idx":13},{"addr":140736398692617,"idx":14},{"addr":140736398685305,"idx":15},{"addr":140736399150762,"idx":16},{"addr":140736399860818,"idx":17},{"addr":140736902703990,"idx":18},{"addr":140736902703274,"idx":19},{"addr":140736902986355,"idx":20},{"addr":140736917282525,"idx":21},{"addr":140736917350969,"idx":22},{"addr":140736897083607,"idx":23},{"addr":140736916996940,"idx":24}],,,,,,,,,,,,,,,,,,,1024,0,5380,,,,,,,,,,,,,,,,,,,,,,,,,,,,,,,,,,,,,,,,,,,,,,,,,,,,,,,,,,,,,,,,,,,,,,,,,,,,,,,,,,,,,,,,,,,,,,,,,,,
"2025-09-02 15:13:22.5237487Z","ETW","Microsoft-Windows-Kernel-Audit-API-Calls",5,"Info ",5380,4292,"explorer.exe",,,,,,,,,,,,,,,,[{"addr":140736918203764,"idx":0},{"addr":140736872731894,"idx":1},{"addr":140736374265853,"idx":2},{"addr":140736374262584,"idx":3},{"addr":140736374352327,"idx":4},{"addr":140736374351681,"idx":5},{"addr":140736374454456,"idx":6},{"addr":140736374296732,"idx":7},{"addr":140736374288902,"idx":8},{"addr":140736374287441,"idx":9},{"addr":140736374309239,"idx":10},{"addr":140736398688664,"idx":11},{"addr":140736398691570,"idx":12},{"addr":140736398692617,"idx":13},{"addr":140736398685305,"idx":14},{"addr":140736399150762,"idx":15},{"addr":140736399860818,"idx":16},{"addr":140736902703990,"idx":17},{"addr":140736902703274,"idx":18},{"addr":140736902986355,"idx":19},{"addr":140736917282525,"idx":20},{"addr":140736917350969,"idx":21},{"addr":140736897083607,"idx":22},{"addr":140736916996940,"idx":23}],,,,,,,,,,,,,,,,,,,1024,0,5380,,,,,,,,,,,,,,,,,,,,,,,,,,,,,,,,,,,,,,,,,,,,,,,,,,,,,,,,,,,,,,,,,,,,,,,,,,,,,,,,,,,,,,,,,,,,,,,,,,,
"2025-09-02 15:13:22.5237579Z","ETW","Microsoft-Windows-Kernel-Audit-API-Calls",5,"Info ",5380,4292,"explorer.exe",,,,,,,,,,,,,,,,[{"addr":140736918203764,"idx":0},{"addr":140736872731894,"idx":1},{"addr":140736374266683,"idx":2},{"addr":140736374266439,"idx":3},{"addr":140736374262654,"idx":4},{"addr":140736374352327,"idx":5},{"addr":140736374351681,"idx":6},{"addr":140736374454456,"idx":7},{"addr":140736374296732,"idx":8},{"addr":140736374288902,"idx":9},{"addr":140736374287441,"idx":10},{"addr":140736374309239,"idx":11},{"addr":140736398688664,"idx":12},{"addr":140736398691570,"idx":13},{"addr":140736398692617,"idx":14},{"addr":140736398685305,"idx":15},{"addr":140736399150762,"idx":16},{"addr":140736399860818,"idx":17},{"addr":140736902703990,"idx":18},{"addr":140736902703274,"idx":19},{"addr":140736902986355,"idx":20},{"addr":140736917282525,"idx":21},{"addr":140736917350969,"idx":22},{"addr":140736897083607,"idx":23},{"addr":140736916996940,"idx":24}],,,,,,,,,,,,,,,,,,,1024,0,5380,,,,,,,,,,,,,,,,,,,,,,,,,,,,,,,,,,,,,,,,,,,,,,,,,,,,,,,,,,,,,,,,,,,,,,,,,,,,,,,,,,,,,,,,,,,,,,,,,,,
"2025-09-02 15:13:22.5237714Z","ETW","Microsoft-Windows-Kernel-Audit-API-Calls",5,"Info ",5380,4292,"explorer.exe",,,,,,,,,,,,,,,,[{"addr":140736918203764,"idx":0},{"addr":140736872731894,"idx":1},{"addr":140736374265853,"idx":2},{"addr":140736374262584,"idx":3},{"addr":140736374352327,"idx":4},{"addr":140736374351681,"idx":5},{"addr":140736374454456,"idx":6},{"addr":140736374296732,"idx":7},{"addr":140736374288902,"idx":8},{"addr":140736374287441,"idx":9},{"addr":140736374309239,"idx":10},{"addr":140736398688664,"idx":11},{"addr":140736398691570,"idx":12},{"addr":140736398692617,"idx":13},{"addr":140736398685305,"idx":14},{"addr":140736399150762,"idx":15},{"addr":140736399860818,"idx":16},{"addr":140736902703990,"idx":17},{"addr":140736902703274,"idx":18},{"addr":140736902986355,"idx":19},{"addr":140736917282525,"idx":20},{"addr":140736917350969,"idx":21},{"addr":140736897083607,"idx":22},{"addr":140736916996940,"idx":23}],,,,,,,,,,,,,,,,,,,1024,0,5380,,,,,,,,,,,,,,,,,,,,,,,,,,,,,,,,,,,,,,,,,,,,,,,,,,,,,,,,,,,,,,,,,,,,,,,,,,,,,,,,,,,,,,,,,,,,,,,,,,,
"2025-09-02 15:13:22.5237815Z","ETW","Microsoft-Windows-Kernel-Audit-API-Calls",5,"Info ",5380,4292,"explorer.exe",,,,,,,,,,,,,,,,[{"addr":140736918203764,"idx":0},{"addr":140736872731894,"idx":1},{"addr":140736374266683,"idx":2},{"addr":140736374266439,"idx":3},{"addr":140736374262654,"idx":4},{"addr":140736374352327,"idx":5},{"addr":140736374351681,"idx":6},{"addr":140736374454456,"idx":7},{"addr":140736374296732,"idx":8},{"addr":140736374288902,"idx":9},{"addr":140736374287441,"idx":10},{"addr":140736374309239,"idx":11},{"addr":140736398688664,"idx":12},{"addr":140736398691570,"idx":13},{"addr":140736398692617,"idx":14},{"addr":140736398685305,"idx":15},{"addr":140736399150762,"idx":16},{"addr":140736399860818,"idx":17},{"addr":140736902703990,"idx":18},{"addr":140736902703274,"idx":19},{"addr":140736902986355,"idx":20},{"addr":140736917282525,"idx":21},{"addr":140736917350969,"idx":22},{"addr":140736897083607,"idx":23},{"addr":140736916996940,"idx":24}],,,,,,,,,,,,,,,,,,,1024,0,5380,,,,,,,,,,,,,,,,,,,,,,,,,,,,,,,,,,,,,,,,,,,,,,,,,,,,,,,,,,,,,,,,,,,,,,,,,,,,,,,,,,,,,,,,,,,,,,,,,,,
"2025-09-02 15:13:22.5237911Z","ETW","Microsoft-Windows-Kernel-Audit-API-Calls",5,"Info ",5380,4292,"explorer.exe",,,,,,,,,,,,,,,,[{"addr":140736918203764,"idx":0},{"addr":140736872731894,"idx":1},{"addr":140736374265853,"idx":2},{"addr":140736374262584,"idx":3},{"addr":140736374352327,"idx":4},{"addr":140736374351681,"idx":5},{"addr":140736374454456,"idx":6},{"addr":140736374296732,"idx":7},{"addr":140736374288902,"idx":8},{"addr":140736374287441,"idx":9},{"addr":140736374309239,"idx":10},{"addr":140736398688664,"idx":11},{"addr":140736398691570,"idx":12},{"addr":140736398692617,"idx":13},{"addr":140736398685305,"idx":14},{"addr":140736399150762,"idx":15},{"addr":140736399860818,"idx":16},{"addr":140736902703990,"idx":17},{"addr":140736902703274,"idx":18},{"addr":140736902986355,"idx":19},{"addr":140736917282525,"idx":20},{"addr":140736917350969,"idx":21},{"addr":140736897083607,"idx":22},{"addr":140736916996940,"idx":23}],,,,,,,,,,,,,,,,,,,1024,0,5380,,,,,,,,,,,,,,,,,,,,,,,,,,,,,,,,,,,,,,,,,,,,,,,,,,,,,,,,,,,,,,,,,,,,,,,,,,,,,,,,,,,,,,,,,,,,,,,,,,,
"2025-09-02 15:13:22.5238240Z","ETW","Microsoft-Windows-Kernel-Audit-API-Calls",5,"Info ",5380,1604,"explorer.exe",,,,,,,,,,,,,,,,[{"addr":140736918203764,"idx":0},{"addr":140736872731894,"idx":1},{"addr":140736374265853,"idx":2},{"addr":140736374263113,"idx":3},{"addr":140736374237426,"idx":4},{"addr":140736374292207,"idx":5},{"addr":140736374288428,"idx":6},{"addr":140736374287441,"idx":7},{"addr":140736374309239,"idx":8},{"addr":140736398688664,"idx":9},{"addr":140736398691570,"idx":10},{"addr":140736398692617,"idx":11},{"addr":140736398685305,"idx":12},{"addr":140736399150762,"idx":13},{"addr":140736399860818,"idx":14},{"addr":140736902703990,"idx":15},{"addr":140736902703274,"idx":16},{"addr":140736902700103,"idx":17},{"addr":140736897083607,"idx":18},{"addr":140736916996940,"idx":19}],,,,,,,,,,,,,,,,,,,1024,0,5380,,,,,,,,,,,,,,,,,,,,,,,,,,,,,,,,,,,,,,,,,,,,,,,,,,,,,,,,,,,,,,,,,,,,,,,,,,,,,,,,,,,,,,,,,,,,,,,,,,,
"2025-09-02 15:13:22.5238592Z","ETW","Microsoft-Windows-Kernel-Audit-API-Calls",5,"Info ",5380,4292,"explorer.exe",,,,,,,,,,,,,,,,[{"addr":140736918203764,"idx":0},{"addr":140736872731894,"idx":1},{"addr":140736374266683,"idx":2},{"addr":140736374266439,"idx":3},{"addr":140736374262654,"idx":4},{"addr":140736374352327,"idx":5},{"addr":140736374351681,"idx":6},{"addr":140736374454456,"idx":7},{"addr":140736374296732,"idx":8},{"addr":140736374288902,"idx":9},{"addr":140736374287441,"idx":10},{"addr":140736374309239,"idx":11},{"addr":140736398688664,"idx":12},{"addr":140736398691570,"idx":13},{"addr":140736398692617,"idx":14},{"addr":140736398685305,"idx":15},{"addr":140736399150762,"idx":16},{"addr":140736399860818,"idx":17},{"addr":140736902703990,"idx":18},{"addr":140736902703274,"idx":19},{"addr":140736902986355,"idx":20},{"addr":140736917282525,"idx":21},{"addr":140736917350969,"idx":22},{"addr":140736897083607,"idx":23},{"addr":140736916996940,"idx":24}],,,,,,,,,,,,,,,,,,,1024,0,5380,,,,,,,,,,,,,,,,,,,,,,,,,,,,,,,,,,,,,,,,,,,,,,,,,,,,,,,,,,,,,,,,,,,,,,,,,,,,,,,,,,,,,,,,,,,,,,,,,,,
"2025-09-02 15:13:22.5238606Z","ETW","Microsoft-Windows-Kernel-Audit-API-Calls",5,"Info ",5380,1604,"explorer.exe",,,,,,,,,,,,,,,,[{"addr":140736918203764,"idx":0},{"addr":140736872731894,"idx":1},{"addr":140736374265853,"idx":2},{"addr":140736374237984,"idx":3},{"addr":140736374292207,"idx":4},{"addr":140736374288428,"idx":5},{"addr":140736374287441,"idx":6},{"addr":140736374309239,"idx":7},{"addr":140736398688664,"idx":8},{"addr":140736398691570,"idx":9},{"addr":140736398692617,"idx":10},{"addr":140736398685305,"idx":11},{"addr":140736399150762,"idx":12},{"addr":140736399860818,"idx":13},{"addr":140736902703990,"idx":14},{"addr":140736902703274,"idx":15},{"addr":140736902700103,"idx":16},{"addr":140736897083607,"idx":17},{"addr":140736916996940,"idx":18}],,,,,,,,,,,,,,,,,,,1024,0,5380,,,,,,,,,,,,,,,,,,,,,,,,,,,,,,,,,,,,,,,,,,,,,,,,,,,,,,,,,,,,,,,,,,,,,,,,,,,,,,,,,,,,,,,,,,,,,,,,,,,
"2025-09-02 15:13:22.5239035Z","ETW","Microsoft-Windows-Kernel-Audit-API-Calls",5,"Info ",5380,4292,"explorer.exe",,,,,,,,,,,,,,,,[{"addr":140736918203764,"idx":0},{"addr":140736872731894,"idx":1},{"addr":140736374264322,"idx":2},{"addr":140736374262800,"idx":3},{"addr":140736374352327,"idx":4},{"addr":140736374351681,"idx":5},{"addr":140736374454456,"idx":6},{"addr":140736374296732,"idx":7},{"addr":140736374288902,"idx":8},{"addr":140736374287441,"idx":9},{"addr":140736374309239,"idx":10},{"addr":140736398688664,"idx":11},{"addr":140736398691570,"idx":12},{"addr":140736398692617,"idx":13},{"addr":140736398685305,"idx":14},{"addr":140736399150762,"idx":15},{"addr":140736399860818,"idx":16},{"addr":140736902703990,"idx":17},{"addr":140736902703274,"idx":18},{"addr":140736902986355,"idx":19},{"addr":140736917282525,"idx":20},{"addr":140736917350969,"idx":21},{"addr":140736897083607,"idx":22},{"addr":140736916996940,"idx":23}],,,,,,,,,,,,,,,,,,,1024,0,5380,,,,,,,,,,,,,,,,,,,,,,,,,,,,,,,,,,,,,,,,,,,,,,,,,,,,,,,,,,,,,,,,,,,,,,,,,,,,,,,,,,,,,,,,,,,,,,,,,,,
"2025-09-02 15:13:22.5239141Z","ETW","Microsoft-Windows-Kernel-Audit-API-Calls",5,"Info ",5380,4292,"explorer.exe",,,,,,,,,,,,,,,,[{"addr":140736918203764,"idx":0},{"addr":140736872731894,"idx":1},{"addr":140736374266683,"idx":2},{"addr":140736374266439,"idx":3},{"addr":140736374262835,"idx":4},{"addr":140736374352327,"idx":5},{"addr":140736374351681,"idx":6},{"addr":140736374454456,"idx":7},{"addr":140736374296732,"idx":8},{"addr":140736374288902,"idx":9},{"addr":140736374287441,"idx":10},{"addr":140736374309239,"idx":11},{"addr":140736398688664,"idx":12},{"addr":140736398691570,"idx":13},{"addr":140736398692617,"idx":14},{"addr":140736398685305,"idx":15},{"addr":140736399150762,"idx":16},{"addr":140736399860818,"idx":17},{"addr":140736902703990,"idx":18},{"addr":140736902703274,"idx":19},{"addr":140736902986355,"idx":20},{"addr":140736917282525,"idx":21},{"addr":140736917350969,"idx":22},{"addr":140736897083607,"idx":23},{"addr":140736916996940,"idx":24}],,,,,,,,,,,,,,,,,,,1024,0,5380,,,,,,,,,,,,,,,,,,,,,,,,,,,,,,,,,,,,,,,,,,,,,,,,,,,,,,,,,,,,,,,,,,,,,,,,,,,,,,,,,,,,,,,,,,,,,,,,,,,
"2025-09-02 15:13:22.5239220Z","ETW","Microsoft-Windows-Kernel-Audit-API-Calls",5,"Info ",5380,4292,"explorer.exe",,,,,,,,,,,,,,,,[{"addr":140736918203764,"idx":0},{"addr":140736872731894,"idx":1},{"addr":140736374265853,"idx":2},{"addr":140736374263731,"idx":3},{"addr":140736374352530,"idx":4},{"addr":140736374351681,"idx":5},{"addr":140736374454456,"idx":6},{"addr":140736374296732,"idx":7},{"addr":140736374288902,"idx":8},{"addr":140736374287441,"idx":9},{"addr":140736374309239,"idx":10},{"addr":140736398688664,"idx":11},{"addr":140736398691570,"idx":12},{"addr":140736398692617,"idx":13},{"addr":140736398685305,"idx":14},{"addr":140736399150762,"idx":15},{"addr":140736399860818,"idx":16},{"addr":140736902703990,"idx":17},{"addr":140736902703274,"idx":18},{"addr":140736902986355,"idx":19},{"addr":140736917282525,"idx":20},{"addr":140736917350969,"idx":21},{"addr":140736897083607,"idx":22},{"addr":140736916996940,"idx":23}],,,,,,,,,,,,,,,,,,,1024,0,5380,,,,,,,,,,,,,,,,,,,,,,,,,,,,,,,,,,,,,,,,,,,,,,,,,,,,,,,,,,,,,,,,,,,,,,,,,,,,,,,,,,,,,,,,,,,,,,,,,,,
"2025-09-02 15:13:22.5239508Z","ETW","Microsoft-Windows-Kernel-Audit-API-Calls",5,"Info ",5380,1604,"explorer.exe",,,,,,,,,,,,,,,,[{"addr":140736918203764,"idx":0},{"addr":140736872731894,"idx":1},{"addr":140736374266683,"idx":2},{"addr":140736374266439,"idx":3},{"addr":140736374238252,"idx":4},{"addr":140736374292207,"idx":5},{"addr":140736374288428,"idx":6},{"addr":140736374287441,"idx":7},{"addr":140736374309239,"idx":8},{"addr":140736398688664,"idx":9},{"addr":140736398691570,"idx":10},{"addr":140736398692617,"idx":11},{"addr":140736398685305,"idx":12},{"addr":140736399150762,"idx":13},{"addr":140736399860818,"idx":14},{"addr":140736902703990,"idx":15},{"addr":140736902703274,"idx":16},{"addr":140736902700103,"idx":17},{"addr":140736897083607,"idx":18},{"addr":140736916996940,"idx":19}],,,,,,,,,,,,,,,,,,,1024,0,5380,,,,,,,,,,,,,,,,,,,,,,,,,,,,,,,,,,,,,,,,,,,,,,,,,,,,,,,,,,,,,,,,,,,,,,,,,,,,,,,,,,,,,,,,,,,,,,,,,,,
"2025-09-02 15:13:22.5239812Z","ETW","Microsoft-Windows-Kernel-Audit-API-Calls",5,"Info ",5380,4292,"explorer.exe",,,,,,,,,,,,,,,,[{"addr":140736918203764,"idx":0},{"addr":140736872731894,"idx":1},{"addr":140736374267193,"idx":2},{"addr":140736374263865,"idx":3},{"addr":140736374352530,"idx":4},{"addr":140736374351681,"idx":5},{"addr":140736374454456,"idx":6},{"addr":140736374296732,"idx":7},{"addr":140736374288902,"idx":8},{"addr":140736374287441,"idx":9},{"addr":140736374309239,"idx":10},{"addr":140736398688664,"idx":11},{"addr":140736398691570,"idx":12},{"addr":140736398692617,"idx":13},{"addr":140736398685305,"idx":14},{"addr":140736399150762,"idx":15},{"addr":140736399860818,"idx":16},{"addr":140736902703990,"idx":17},{"addr":140736902703274,"idx":18},{"addr":140736902986355,"idx":19},{"addr":140736917282525,"idx":20},{"addr":140736917350969,"idx":21},{"addr":140736897083607,"idx":22},{"addr":140736916996940,"idx":23}],,,,,,,,,,,,,,,,,,,1024,0,5380,,,,,,,,,,,,,,,,,,,,,,,,,,,,,,,,,,,,,,,,,,,,,,,,,,,,,,,,,,,,,,,,,,,,,,,,,,,,,,,,,,,,,,,,,,,,,,,,,,,
"2025-09-02 15:13:22.5242049Z","ETW","Microsoft-Windows-Kernel-Audit-API-Calls",6,"Info ",1912,8,"MsMpEng.exe",,,,,,,,,,,,,,,,[{"addr":140736918212548,"idx":0},{"addr":140736872857142,"idx":1},{"addr":140736738243895,"idx":2},{"addr":140736738242452,"idx":3},{"addr":140736657604428,"idx":4},{"addr":140736657598535,"idx":5},{"addr":140736657597146,"idx":6},{"addr":140736658259206,"idx":7},{"addr":140736657749938,"idx":8},{"addr":140736657909615,"idx":9},{"addr":140736658079503,"idx":10},{"addr":140736897083607,"idx":11},{"addr":140736916996940,"idx":12}],,,,,,,,,,,,,,,,,,,2097151,0,1912,8,,,,,,,,,,,,,,,,,,,,,,,,,,,,,,,,,,,,,,,,,,,,,,,,,,,,,,,,,,,,,,,,,,,,,,,,,,,,,,,,,,,,,,,,,,,,,,,,,,
"2025-09-02 15:13:22.5243913Z","ETW","Microsoft-Windows-Kernel-Audit-API-Calls",5,"Info ",5380,4292,"explorer.exe",,,,,,,,,,,,,,,,[{"addr":140736918203764,"idx":0},{"addr":140736872731894,"idx":1},{"addr":140736374264322,"idx":2},{"addr":140736374271678,"idx":3},{"addr":140736374270629,"idx":4},{"addr":140736374275754,"idx":5},{"addr":140736374248037,"idx":6},{"addr":140736374195045,"idx":7},{"addr":140736374454490,"idx":8},{"addr":140736374296732,"idx":9},{"addr":140736374288902,"idx":10},{"addr":140736374287441,"idx":11},{"addr":140736374309239,"idx":12},{"addr":140736398688664,"idx":13},{"addr":140736398691570,"idx":14},{"addr":140736398692617,"idx":15},{"addr":140736398685305,"idx":16},{"addr":140736399150762,"idx":17},{"addr":140736399860818,"idx":18},{"addr":140736902703990,"idx":19},{"addr":140736902703274,"idx":20},{"addr":140736902986355,"idx":21},{"addr":140736917282525,"idx":22},{"addr":140736917350969,"idx":23},{"addr":140736897083607,"idx":24},{"addr":140736916996940,"idx":25}],,,,,,,,,,,,,,,,,,,1024,0,5380,,,,,,,,,,,,,,,,,,,,,,,,,,,,,,,,,,,,,,,,,,,,,,,,,,,,,,,,,,,,,,,,,,,,,,,,,,,,,,,,,,,,,,,,,,,,,,,,,,,
"2025-09-02 15:13:22.5244174Z","ETW","Microsoft-Windows-Kernel-Audit-API-Calls",5,"Info ",5380,4292,"explorer.exe",,,,,,,,,,,,,,,,[{"addr":140736918203764,"idx":0},{"addr":140736872731894,"idx":1},{"addr":140736374267193,"idx":2},{"addr":140736374263547,"idx":3},{"addr":140736374271722,"idx":4},{"addr":140736374270629,"idx":5},{"addr":140736374275754,"idx":6},{"addr":140736374248037,"idx":7},{"addr":140736374195045,"idx":8},{"addr":140736374454490,"idx":9},{"addr":140736374296732,"idx":10},{"addr":140736374288902,"idx":11},{"addr":140736374287441,"idx":12},{"addr":140736374309239,"idx":13},{"addr":140736398688664,"idx":14},{"addr":140736398691570,"idx":15},{"addr":140736398692617,"idx":16},{"addr":140736398685305,"idx":17},{"addr":140736399150762,"idx":18},{"addr":140736399860818,"idx":19},{"addr":140736902703990,"idx":20},{"addr":140736902703274,"idx":21},{"addr":140736902986355,"idx":22},{"addr":140736917282525,"idx":23},{"addr":140736917350969,"idx":24},{"addr":140736897083607,"idx":25},{"addr":140736916996940,"idx":26}],,,,,,,,,,,,,,,,,,,1024,0,5380,,,,,,,,,,,,,,,,,,,,,,,,,,,,,,,,,,,,,,,,,,,,,,,,,,,,,,,,,,,,,,,,,,,,,,,,,,,,,,,,,,,,,,,,,,,,,,,,,,,
"2025-09-02 15:13:22.5244704Z","ETW","Microsoft-Antimalware-Engine",59,"Message Info ",1912,11040,"MsMpEng.exe",,,,,,0,"Behavior:Win32/SuspDllSideLoaded.B","0x1A5B3D8FF6402","84db5fe770e0d0198f480427d1ce9babd9f03e0e",,,,,,,[],,,,,,,,,,,,,,,,,,,,,,,,,,,,,,,,,,,,,,,,,,,,,,,,,,,,,,,,,,,,,,,,,,,,,,,,,,,,,,,,,,,,,,,,,,,,,,,,,,,,,,,,,,,,,,,,,,,,,,,,
"2025-09-02 15:13:22.5246961Z","ETW","Microsoft-Windows-Kernel-Audit-API-Calls",5,"Info ",5380,4292,"explorer.exe",,,,,,,,,,,,,,,,[{"addr":140736918203764,"idx":0},{"addr":140736872731894,"idx":1},{"addr":140736374265853,"idx":2},{"addr":140736374263113,"idx":3},{"addr":140736374237426,"idx":4},{"addr":140736374292207,"idx":5},{"addr":140736374288428,"idx":6},{"addr":140736374287441,"idx":7},{"addr":140736374309239,"idx":8},{"addr":140736398688664,"idx":9},{"addr":140736398691570,"idx":10},{"addr":140736398692617,"idx":11},{"addr":140736398685305,"idx":12},{"addr":140736399150762,"idx":13},{"addr":140736399860818,"idx":14},{"addr":140736902703990,"idx":15},{"addr":140736902703274,"idx":16},{"addr":140736902986355,"idx":17},{"addr":140736917282525,"idx":18},{"addr":140736917350969,"idx":19},{"addr":140736897083607,"idx":20},{"addr":140736916996940,"idx":21}],,,,,,,,,,,,,,,,,,,1024,0,5380,,,,,,,,,,,,,,,,,,,,,,,,,,,,,,,,,,,,,,,,,,,,,,,,,,,,,,,,,,,,,,,,,,,,,,,,,,,,,,,,,,,,,,,,,,,,,,,,,,,
"2025-09-02 15:13:22.5247550Z","ETW","Microsoft-Windows-Kernel-Audit-API-Calls",5,"Info ",5380,4292,"explorer.exe",,,,,,,,,,,,,,,,[{"addr":140736918203764,"idx":0},{"addr":140736872731894,"idx":1},{"addr":140736374265853,"idx":2},{"addr":140736374237984,"idx":3},{"addr":140736374292207,"idx":4},{"addr":140736374288428,"idx":5},{"addr":140736374287441,"idx":6},{"addr":140736374309239,"idx":7},{"addr":140736398688664,"idx":8},{"addr":140736398691570,"idx":9},{"addr":140736398692617,"idx":10},{"addr":140736398685305,"idx":11},{"addr":140736399150762,"idx":12},{"addr":140736399860818,"idx":13},{"addr":140736902703990,"idx":14},{"addr":140736902703274,"idx":15},{"addr":140736902986355,"idx":16},{"addr":140736917282525,"idx":17},{"addr":140736917350969,"idx":18},{"addr":140736897083607,"idx":19},{"addr":140736916996940,"idx":20}],,,,,,,,,,,,,,,,,,,1024,0,5380,,,,,,,,,,,,,,,,,,,,,,,,,,,,,,,,,,,,,,,,,,,,,,,,,,,,,,,,,,,,,,,,,,,,,,,,,,,,,,,,,,,,,,,,,,,,,,,,,,,
"2025-09-02 15:13:22.5248180Z","ETW","Microsoft-Windows-Kernel-Audit-API-Calls",5,"Info ",5380,4292,"explorer.exe",,,,,,,,,,,,,,,,[{"addr":140736918203764,"idx":0},{"addr":140736872731894,"idx":1},{"addr":140736374266683,"idx":2},{"addr":140736374266439,"idx":3},{"addr":140736374238252,"idx":4},{"addr":140736374292207,"idx":5},{"addr":140736374288428,"idx":6},{"addr":140736374287441,"idx":7},{"addr":140736374309239,"idx":8},{"addr":140736398688664,"idx":9},{"addr":140736398691570,"idx":10},{"addr":140736398692617,"idx":11},{"addr":140736398685305,"idx":12},{"addr":140736399150762,"idx":13},{"addr":140736399860818,"idx":14},{"addr":140736902703990,"idx":15},{"addr":140736902703274,"idx":16},{"addr":140736902986355,"idx":17},{"addr":140736917282525,"idx":18},{"addr":140736917350969,"idx":19},{"addr":140736897083607,"idx":20},{"addr":140736916996940,"idx":21}],,,,,,,,,,,,,,,,,,,1024,0,5380,,,,,,,,,,,,,,,,,,,,,,,,,,,,,,,,,,,,,,,,,,,,,,,,,,,,,,,,,,,,,,,,,,,,,,,,,,,,,,,,,,,,,,,,,,,,,,,,,,,
"2025-09-02 15:13:22.5264178Z","ETW","Microsoft-Windows-Kernel-Process",3,"ThreadStartStart ",6624,13732,"svchost.exe",,,,,,,,,,,,,,,,[{"addr":140736918216388,"idx":0},{"addr":140736917669762,"idx":1},{"addr":140736882108009,"idx":2},{"addr":140736882120022,"idx":3},{"addr":140736882104053,"idx":4},{"addr":140736882098504,"idx":5},{"addr":140736917358174,"idx":6},{"addr":140736917350275,"idx":7},{"addr":140736897083607,"idx":8},{"addr":140736916996940,"idx":9}],,,,,,,,,6624,18446639081561735168,18446639081561710592,140736917348896,285,427810942976,11428,427815337984,427815305216,140736917348896,,,,,,,,,,,,,,,,,,,,,,,,,,,,,,,,,,,,,,,,,,,,,,,,,,,,,,,,,,,,,,,,,,,,,,,,,,,,,,,,,,,,,,,,,,,,,,,,,,,,,,
"2025-09-02 15:13:22.5265419Z","ETW","Microsoft-Windows-Kernel-Process",3,"ThreadStartStart ",6624,13732,"svchost.exe",,,,,,,,,,,,,,,,[{"addr":140736918208964,"idx":0},{"addr":140736872776761,"idx":1},{"addr":140736897102141,"idx":2},{"addr":140736902701861,"idx":3},{"addr":140736903122914,"idx":4},{"addr":140736902708086,"idx":5},{"addr":140736902706669,"idx":6},{"addr":140733987257548,"idx":7},{"addr":140735362109377,"idx":8},{"addr":140736882620003,"idx":9},{"addr":140736881849533,"idx":10},{"addr":140736881847412,"idx":11},{"addr":140736909646461,"idx":12},{"addr":140736909646267,"idx":13},{"addr":140736909643574,"idx":14},{"addr":140736909641089,"idx":15},{"addr":140736910206646,"idx":16},{"addr":140736909298250,"idx":17},{"addr":140736909422200,"idx":18},{"addr":140736909684515,"idx":19},{"addr":140736882311415,"idx":20},{"addr":140736882088628,"idx":21},{"addr":140736882092154,"idx":22},{"addr":140736882015316,"idx":23},{"addr":140736882081820,"idx":24},{"addr":140736882106396,"idx":25},{"addr":140736882102691,"idx":26},{"addr":140736882098504,"idx":27},{"addr":140736917358174,"idx":28},{"addr":140736917350275,"idx":29},{"addr":140736897083607,"idx":30},{"addr":140736916996940,"idx":31}],,,,,,,,,6624,18446639081575469056,18446639081575444480,140736902700080,285,427810951168,19776,427815862272,427815829504,140736902700080,,,,,,,,,,,,,,,,,,,,,,,,,,,,,,,,,,,,,,,,,,,,,,,,,,,,,,,,,,,,,,,,,,,,,,,,,,,,,,,,,,,,,,,,,,,,,,,,,,,,,,
"2025-09-02 15:13:22.5280808Z","ETW","Microsoft-Windows-Kernel-Process",5,"ImageLoadInfo ",19464,11288,"CalculatorApp.exe",,,,"C:\Windows\System32\msctf.dll",,,,,,,,,,,,[{"addr":140736918203828,"idx":0},{"addr":140736917192506,"idx":1},{"addr":140736917191278,"idx":2},{"addr":140736917190209,"idx":3},{"addr":140736916804181,"idx":4},{"addr":140736916785218,"idx":5},{"addr":140736916786774,"idx":6},{"addr":140736917021315,"idx":7},{"addr":140736917023197,"idx":8},{"addr":140736701493458,"idx":9},{"addr":140736701589929,"idx":10},{"addr":140736701245476,"idx":11},{"addr":140736701243712,"idx":12},{"addr":140736701242814,"idx":13},{"addr":140736717678445,"idx":14},{"addr":140736717678250,"idx":15},{"addr":140736717677938,"idx":16},{"addr":140736902955098,"idx":17},{"addr":140736897083607,"idx":18},{"addr":140736916996940,"idx":19}],,,,,,,,,19464,,,,,,,,,,,,,,,,,,,,,,,,,,,,,,,,,,,,2469319063,140736900562944,140736900562944,1473651,1445888,,,,,,,,,,,,,,,,,,,,,,,,,,,,,,,,,,,,,,,,,,,,,,,,,,,,,,,,,,,,,,,,,,,,,,,
"2025-09-02 15:13:22.5282919Z","ETW","Microsoft-Windows-Kernel-Audit-API-Calls",5,"Info ",920,6132,"lsass.exe",,,,,,,,,,,,,,,,[{"addr":140736918206916,"idx":0},{"addr":140736882337646,"idx":1},{"addr":140736860928424,"idx":2},{"addr":140736845519773,"idx":3},{"addr":140736882620003,"idx":4},{"addr":140736882628366,"idx":5},{"addr":140736882319852,"idx":6},{"addr":140736882311415,"idx":7},{"addr":140736882088628,"idx":8},{"addr":140736882092744,"idx":9},{"addr":140736882015316,"idx":10},{"addr":140736882081820,"idx":11},{"addr":140736882106396,"idx":12},{"addr":140736882102691,"idx":13},{"addr":140736882098504,"idx":14},{"addr":140736917358174,"idx":15},{"addr":140736917350275,"idx":16},{"addr":140736897083607,"idx":17},{"addr":140736916996940,"idx":18}],,,,,,,,,,,,,,,,,,,4096,0,19992,,,,,,,,,,,,,,,,,,,,,,,,,,,,,,,,,,,,,,,,,,,,,,,,,,,,,,,,,,,,,,,,,,,,,,,,,,,,,,,,,,,,,,,,,,,,,,,,,,,
"2025-09-02 15:13:22.5283631Z","ETW","Microsoft-Windows-Kernel-Audit-API-Calls",5,"Info ",920,6132,"lsass.exe",,,,,,,,,,,,,,,,[{"addr":140736918203764,"idx":0},{"addr":140736860927872,"idx":1},{"addr":140736860929776,"idx":2},{"addr":140736860928739,"idx":3},{"addr":140736845519773,"idx":4},{"addr":140736882620003,"idx":5},{"addr":140736882628366,"idx":6},{"addr":140736882319852,"idx":7},{"addr":140736882311415,"idx":8},{"addr":140736882088628,"idx":9},{"addr":140736882092744,"idx":10},{"addr":140736882015316,"idx":11},{"addr":140736882081820,"idx":12},{"addr":140736882106396,"idx":13},{"addr":140736882102691,"idx":14},{"addr":140736882098504,"idx":15},{"addr":140736917358174,"idx":16},{"addr":140736917350275,"idx":17},{"addr":140736897083607,"idx":18},{"addr":140736916996940,"idx":19}],,,,,,,,,,,,,,,,,,,1144,0,19992,,,,,,,,,,,,,,,,,,,,,,,,,,,,,,,,,,,,,,,,,,,,,,,,,,,,,,,,,,,,,,,,,,,,,,,,,,,,,,,,,,,,,,,,,,,,,,,,,,,
"2025-09-02 15:13:22.5295424Z","ETW","Microsoft-Antimalware-Engine",59,"Message Info ",1912,11040,"MsMpEng.exe",,,,,,0,"Behavior:Win32/SuspDllSideLoaded.B","0x1A5B3D8FF6402","84db5fe770e0d0198f480427d1ce9babd9f03e0e",,,,,,,[],,,,,,,,,,,,,,,,,,,,,,,,,,,,,,,,,,,,,,,,,,,,,,,,,,,,,,,,,,,,,,,,,,,,,,,,,,,,,,,,,,,,,,,,,,,,,,,,,,,,,,,,,,,,,,,,,,,,,,,,
"2025-09-02 15:13:22.5301108Z","ETW","Microsoft-Windows-Kernel-Process",5,"ImageLoadInfo ",19464,11200,"CalculatorApp.exe",,,,"C:\Windows\System32\Windows.Shell.ServiceHostBuilder.dll",,,,,,,,,,,,[{"addr":140736918203828,"idx":0},{"addr":140736917192506,"idx":1},{"addr":140736917191278,"idx":2},{"addr":140736917210764,"idx":3},{"addr":140736917202269,"idx":4},{"addr":140736917259140,"idx":5},{"addr":140736916785248,"idx":6},{"addr":140736916784352,"idx":7},{"addr":140736917101952,"idx":8},{"addr":140736872000198,"idx":9},{"addr":140736909363845,"idx":10},{"addr":140736909362547,"idx":11},{"addr":140736909360794,"idx":12},{"addr":140736909561496,"idx":13},{"addr":140736909365281,"idx":14},{"addr":140736909339322,"idx":15},{"addr":140736909195691,"idx":16},{"addr":140736909191304,"idx":17},{"addr":140736909568050,"idx":18},{"addr":140736909567049,"idx":19},{"addr":140736910229700,"idx":20},{"addr":140736910858718,"idx":21},{"addr":140736909460923,"idx":22},{"addr":140736909455813,"idx":23},{"addr":140736909134403,"idx":24},{"addr":140736909553551,"idx":25},{"addr":140736909548907,"idx":26},{"addr":140736909576880,"idx":27},{"addr":140736717867098,"idx":28},{"addr":140736717868607,"idx":29},{"addr":140736717774150,"idx":30},{"addr":140736718051390,"idx":31},{"addr":140736882620003,"idx":32},{"addr":140736881849533,"idx":33},{"addr":140736881847412,"idx":34},{"addr":140736909646499,"idx":35},{"addr":140736909646267,"idx":36},{"addr":140736909643574,"idx":37},{"addr":140736909641089,"idx":38},{"addr":140736910206646,"idx":39},{"addr":140736909298250,"idx":40},{"addr":140736909422200,"idx":41},{"addr":140736909684515,"idx":42},{"addr":140736882311415,"idx":43},{"addr":140736882088628,"idx":44},{"addr":140736882092154,"idx":45},{"addr":140736882015316,"idx":46},{"addr":140736882081820,"idx":47},{"addr":140736882106396,"idx":48},{"addr":140736882102691,"idx":49},{"addr":140736882098504,"idx":50},{"addr":140736917358174,"idx":51},{"addr":140736917350275,"idx":52},{"addr":140736897083607,"idx":53},{"addr":140736916996940,"idx":54}],,,,,,,,,19464,,,,,,,,,,,,,,,,,,,,,,,,,,,,,,,,,,,,3904637359,140736487948288,140736487948288,142966,126976,,,,,,,,,,,,,,,,,,,,,,,,,,,,,,,,,,,,,,,,,,,,,,,,,,,,,,,,,,,,,,,,,,,,,,,
"2025-09-02 15:13:22.5308583Z","ETW","Microsoft-Antimalware-Engine",59,"Message Info ",1912,11040,"MsMpEng.exe",,,,,,0,"Behavior:Win32/SuspDllSideLoaded.B","0x1A5B3D8FF6402","84db5fe770e0d0198f480427d1ce9babd9f03e0e",,,,,,,[],,,,,,,,,,,,,,,,,,,,,,,,,,,,,,,,,,,,,,,,,,,,,,,,,,,,,,,,,,,,,,,,,,,,,,,,,,,,,,,,,,,,,,,,,,,,,,,,,,,,,,,,,,,,,,,,,,,,,,,,
"2025-09-02 15:13:22.5308936Z","ETW","Microsoft-Windows-Kernel-Process",3,"ThreadStartStart ",4488,9924,"sihost.exe",,,,,,,,,,,,,,,,[{"addr":140736918216388,"idx":0},{"addr":140736917669762,"idx":1},{"addr":140736882108009,"idx":2},{"addr":140736882106619,"idx":3},{"addr":140736882102691,"idx":4},{"addr":140736882098504,"idx":5},{"addr":140736917358174,"idx":6},{"addr":140736917350275,"idx":7},{"addr":140736897083607,"idx":8},{"addr":140736916996940,"idx":9}],,,,,,,,,4488,18446639081575956480,18446639081575931904,140736917348896,0,725115592704,14872,725124907008,725124898816,140736917348896,,,,,,,,,,,,,,,,,,,,,,,,,,,,,,,,,,,,,,,,,,,,,,,,,,,,,,,,,,,,,,,,,,,,,,,,,,,,,,,,,,,,,,,,,,,,,,,,,,,,,,
"2025-09-02 15:13:22.5309494Z","ETW","Microsoft-Windows-Kernel-Audit-API-Calls",5,"Info ",4488,9924,"sihost.exe",,,,,,,,,,,,,,,,[{"addr":140736918203764,"idx":0},{"addr":140736872731894,"idx":1},{"addr":140736706462752,"idx":2},{"addr":140736487029581,"idx":3},{"addr":140736882620003,"idx":4},{"addr":140736882628366,"idx":5},{"addr":140736881847376,"idx":6},{"addr":140736909646461,"idx":7},{"addr":140736909646267,"idx":8},{"addr":140736909643574,"idx":9},{"addr":140736909641089,"idx":10},{"addr":140736910206646,"idx":11},{"addr":140736909298250,"idx":12},{"addr":140736909422200,"idx":13},{"addr":140736909684515,"idx":14},{"addr":140736882311415,"idx":15},{"addr":140736882088628,"idx":16},{"addr":140736882092154,"idx":17},{"addr":140736882015316,"idx":18},{"addr":140736882081820,"idx":19},{"addr":140736882106396,"idx":20},{"addr":140736882102691,"idx":21},{"addr":140736882098504,"idx":22},{"addr":140736917358174,"idx":23},{"addr":140736917350275,"idx":24},{"addr":140736897083607,"idx":25},{"addr":140736916996940,"idx":26}],,,,,,,,,,,,,,,,,,,4096,0,19464,,,,,,,,,,,,,,,,,,,,,,,,,,,,,,,,,,,,,,,,,,,,,,,,,,,,,,,,,,,,,,,,,,,,,,,,,,,,,,,,,,,,,,,,,,,,,,,,,,,
"2025-09-02 15:13:22.5309571Z","ETW","Microsoft-Windows-Kernel-Process",1,"ProcessStartStart ",19992,12292,"svchost.exe",,,,"C:\Windows\System32\WerFault.exe",,,,,,,,,,,,[{"addr":140736918209220,"idx":0},{"addr":140736872957146,"idx":1},{"addr":140736872946835,"idx":2},{"addr":140733981328770,"idx":3},{"addr":140733981331862,"idx":4},{"addr":140734019755501,"idx":5},{"addr":140734019717060,"idx":6},{"addr":140734019700297,"idx":7},{"addr":140734019712588,"idx":8},{"addr":140734019690234,"idx":9},{"addr":140734019706334,"idx":10},{"addr":140736917282525,"idx":11},{"addr":140736917350969,"idx":12},{"addr":140736897083607,"idx":13},{"addr":140736916996940,"idx":14}],,,,,,,,,13192,,,,,,,,,,,,,,,,,,,,,,,134012996025309014,0,703605,"0x","","",15112,31823,31830,3,0,0,1,3409185830,,,,,,,,,,,,,,,,,,,,,,,,,,,,,,,,,,,,,,,,,,,,,,,,,,,,,,,,,,,,,,,,,,,,,,,,,,,
"2025-09-02 15:13:22.5311078Z","ETW","Microsoft-Windows-Kernel-Audit-API-Calls",6,"Info ",1912,8,"MsMpEng.exe",,,,,,,,,,,,,,,,[{"addr":140736918212548,"idx":0},{"addr":140736872857142,"idx":1},{"addr":140736738243895,"idx":2},{"addr":140736738242452,"idx":3},{"addr":140736657687525,"idx":4},{"addr":140736657686325,"idx":5},{"addr":140736657683993,"idx":6},{"addr":140736658258217,"idx":7},{"addr":140736657749938,"idx":8},{"addr":140736657909615,"idx":9},{"addr":140736658079503,"idx":10},{"addr":140736897083607,"idx":11},{"addr":140736916996940,"idx":12}],,,,,,,,,,,,,,,,,,,2097151,0,1912,8,,,,,,,,,,,,,,,,,,,,,,,,,,,,,,,,,,,,,,,,,,,,,,,,,,,,,,,,,,,,,,,,,,,,,,,,,,,,,,,,,,,,,,,,,,,,,,,,,,
"2025-09-02 15:13:22.5316424Z","ETW","Microsoft-Windows-Kernel-Process",5,"ImageLoadInfo ",19464,11200,"CalculatorApp.exe",,,,"C:\Windows\System32\CoreUIComponents.dll",,,,,,,,,,,,[{"addr":140736918203828,"idx":0},{"addr":140736917192506,"idx":1},{"addr":140736917191278,"idx":2},{"addr":140736917210764,"idx":3},{"addr":140736917202269,"idx":4},{"addr":140736917259140,"idx":5},{"addr":140736916785248,"idx":6},{"addr":140736916784352,"idx":7},{"addr":140736917101952,"idx":8},{"addr":140736872000198,"idx":9},{"addr":140736909363845,"idx":10},{"addr":140736909362547,"idx":11},{"addr":140736909360794,"idx":12},{"addr":140736909561496,"idx":13},{"addr":140736909365281,"idx":14},{"addr":140736909356853,"idx":15},{"addr":140736910270317,"idx":16},{"addr":140736909359719,"idx":17},{"addr":140736909871367,"idx":18},{"addr":140736910338829,"idx":19},{"addr":140736910332528,"idx":20},{"addr":140736910348734,"idx":21},{"addr":140736910270317,"idx":22},{"addr":140736909350430,"idx":23},{"addr":140736910270317,"idx":24},{"addr":140736909553458,"idx":25},{"addr":140736909548907,"idx":26},{"addr":140736909576880,"idx":27},{"addr":140736910162128,"idx":28},{"addr":140736910161945,"idx":29},{"addr":140736910160304,"idx":30},{"addr":140736909150122,"idx":31},{"addr":140736909958215,"idx":32},{"addr":140736909456548,"idx":33},{"addr":140736909449972,"idx":34},{"addr":140736882217026,"idx":35},{"addr":140736881789902,"idx":36},{"addr":140736882646302,"idx":37},{"addr":140736882637492,"idx":38},{"addr":140736910089846,"idx":39},{"addr":140736911506466,"idx":40},{"addr":140736717867235,"idx":41},{"addr":140736717868607,"idx":42},{"addr":140736717774150,"idx":43},{"addr":140736718051390,"idx":44},{"addr":140736882620003,"idx":45},{"addr":140736881849533,"idx":46},{"addr":140736881847412,"idx":47},{"addr":140736909646499,"idx":48},{"addr":140736909646267,"idx":49},{"addr":140736909643574,"idx":50},{"addr":140736909641089,"idx":51},{"addr":140736910206646,"idx":52},{"addr":140736909298250,"idx":53},{"addr":140736909422200,"idx":54},{"addr":140736909684515,"idx":55},{"addr":140736882311415,"idx":56},{"addr":140736882088628,"idx":57},{"addr":140736882092154,"idx":58},{"addr":140736882015316,"idx":59},{"addr":140736882081820,"idx":60},{"addr":140736882106396,"idx":61},{"addr":140736882102691,"idx":62},{"addr":140736882098504,"idx":63},{"addr":140736917358174,"idx":64},{"addr":140736917350275,"idx":65},{"addr":140736897083607,"idx":66},{"addr":140736916996940,"idx":67}],,,,,,,,,19464,,,,,,,,,,,,,,,,,,,,,,,,,,,,,,,,,,,,3597554137,140736761823232,140736761823232,3066431,3026944,,,,,,,,,,,,,,,,,,,,,,,,,,,,,,,,,,,,,,,,,,,,,,,,,,,,,,,,,,,,,,,,,,,,,,,
"2025-09-02 15:13:22.5325517Z","ETW","Microsoft-Windows-Kernel-Audit-API-Calls",5,"Info ",1912,3012,"MsMpEng.exe",,,,,,,,,,,,,,,,[{"addr":140736918203764,"idx":0},{"addr":140736872731894,"idx":1},{"addr":140733810479103,"idx":2},{"addr":140733810478599,"idx":3},{"addr":140733810481824,"idx":4},{"addr":140733811992461,"idx":5},{"addr":140733811987347,"idx":6},{"addr":140733811996001,"idx":7},{"addr":140733811994278,"idx":8},{"addr":140733810447018,"idx":9},{"addr":140733810434825,"idx":10},{"addr":140733810436081,"idx":11},{"addr":140733810435993,"idx":12},{"addr":140733812865289,"idx":13},{"addr":140733811799252,"idx":14},{"addr":140733811789863,"idx":15},{"addr":140733811785301,"idx":16},{"addr":140736738242841,"idx":17},{"addr":140736657613597,"idx":18},{"addr":140736657838177,"idx":19},{"addr":140736749360292,"idx":20},{"addr":140736749360015,"idx":21},{"addr":140736917255712,"idx":22},{"addr":140736917350945,"idx":23},{"addr":140736897083607,"idx":24},{"addr":140736916996940,"idx":25}],,,,,,,,,,,,,,,,,,,4096,0,13192,,,,,,,,,,,,,,,,,,,,,,,,,,,,,,,,,,,,,,,,,,,,,,,,,,,,,,,,,,,,,,,,,,,,,,,,,,,,,,,,,,,,,,,,,,,,,,,,,,,
"2025-09-02 15:13:22.5326743Z","ETW","Microsoft-Windows-Kernel-Audit-API-Calls",5,"Info ",19992,12292,"svchost.exe",,,,,,,,,,,,,,,,[{"addr":140736918209220,"idx":0},{"addr":140736872957146,"idx":1},{"addr":140736872946835,"idx":2},{"addr":140733981328770,"idx":3},{"addr":140733981331862,"idx":4},{"addr":140734019755501,"idx":5},{"addr":140734019717060,"idx":6},{"addr":140734019700297,"idx":7},{"addr":140734019712588,"idx":8},{"addr":140734019690234,"idx":9},{"addr":140734019706334,"idx":10},{"addr":140736917282525,"idx":11},{"addr":140736917350969,"idx":12},{"addr":140736897083607,"idx":13},{"addr":140736916996940,"idx":14}],,,,,,,,,,,,,,,,,,,1024,0,13192,,,,,,,,,,,,,,,,,,,,,,,,,,,,,,,,,,,,,,,,,,,,,,,,,,,,,,,,,,,,,,,,,,,,,,,,,,,,,,,,,,,,,,,,,,,,,,,,,,,
"2025-09-02 15:13:22.5327612Z","ETW","Microsoft-Antimalware-Engine",59,"Message Info ",1912,11040,"MsMpEng.exe",,,,,,0,"Behavior:Win32/SuspDllSideLoaded.B","0x1A5B3D8FF6402","84db5fe770e0d0198f480427d1ce9babd9f03e0e",,,,,,,[],,,,,,,,,,,,,,,,,,,,,,,,,,,,,,,,,,,,,,,,,,,,,,,,,,,,,,,,,,,,,,,,,,,,,,,,,,,,,,,,,,,,,,,,,,,,,,,,,,,,,,,,,,,,,,,,,,,,,,,,
"2025-09-02 15:13:22.5327677Z","ETW","Microsoft-Windows-Kernel-Audit-API-Calls",5,"Info ",19992,12292,"svchost.exe",,,,,,,,,,,,,,,,[{"addr":140736918209220,"idx":0},{"addr":140736872957146,"idx":1},{"addr":140736872946835,"idx":2},{"addr":140733981328770,"idx":3},{"addr":140733981331862,"idx":4},{"addr":140734019755501,"idx":5},{"addr":140734019717060,"idx":6},{"addr":140734019700297,"idx":7},{"addr":140734019712588,"idx":8},{"addr":140734019690234,"idx":9},{"addr":140734019706334,"idx":10},{"addr":140736917282525,"idx":11},{"addr":140736917350969,"idx":12},{"addr":140736897083607,"idx":13},{"addr":140736916996940,"idx":14}],,,,,,,,,,,,,,,,,,,1024,0,15112,,,,,,,,,,,,,,,,,,,,,,,,,,,,,,,,,,,,,,,,,,,,,,,,,,,,,,,,,,,,,,,,,,,,,,,,,,,,,,,,,,,,,,,,,,,,,,,,,,,
"2025-09-02 15:13:22.5329538Z","ETW","Microsoft-Windows-Kernel-Process",3,"ThreadStartStart ",19992,12292,"svchost.exe",,,,,,,,,,,,,,,,[{"addr":140736918209220,"idx":0},{"addr":140736872957146,"idx":1},{"addr":140736872946835,"idx":2},{"addr":140733981328770,"idx":3},{"addr":140733981331862,"idx":4},{"addr":140734019755501,"idx":5},{"addr":140734019717060,"idx":6},{"addr":140734019700297,"idx":7},{"addr":140734019712588,"idx":8},{"addr":140734019690234,"idx":9},{"addr":140734019706334,"idx":10},{"addr":140736917282525,"idx":11},{"addr":140736917350969,"idx":12},{"addr":140736897083607,"idx":13},{"addr":140736916996940,"idx":14}],,,,,,,,,13192,18446639081576128512,18446639081576103936,140702874543200,242,549624979456,1244,549623431168,549623422976,140702874543200,,,,,,,,,,,,,,,,,,,,,,,,,,,,,,,,,,,,,,,,,,,,,,,,,,,,,,,,,,,,,,,,,,,,,,,,,,,,,,,,,,,,,,,,,,,,,,,,,,,,,,
"2025-09-02 15:13:22.5337018Z","ETW","Microsoft-Windows-Kernel-Audit-API-Calls",5,"Info ",676,852,"csrss.exe",,,,,,,,,,,,,,,,[{"addr":140736918203764,"idx":0},{"addr":140736867430364,"idx":1},{"addr":140736867572214,"idx":2},{"addr":140736916996962,"idx":3}],,,,,,,,,,,,,,,,,,,2097151,0,13192,,,,,,,,,,,,,,,,,,,,,,,,,,,,,,,,,,,,,,,,,,,,,,,,,,,,,,,,,,,,,,,,,,,,,,,,,,,,,,,,,,,,,,,,,,,,,,,,,,,
"2025-09-02 15:13:22.5337111Z","ETW","Microsoft-Windows-Kernel-Audit-API-Calls",6,"Info ",676,852,"csrss.exe",,,,,,,,,,,,,,,,[{"addr":140736918212548,"idx":0},{"addr":140736867430626,"idx":1},{"addr":140736867572214,"idx":2},{"addr":140736916996962,"idx":3}],,,,,,,,,,,,,,,,,,,2097151,0,13192,1244,,,,,,,,,,,,,,,,,,,,,,,,,,,,,,,,,,,,,,,,,,,,,,,,,,,,,,,,,,,,,,,,,,,,,,,,,,,,,,,,,,,,,,,,,,,,,,,,,,
"2025-09-02 15:13:22.5342525Z","ETW","Microsoft-Windows-Kernel-Process",5,"ImageLoadInfo ",13192,1244,"WerFault.exe",,,,"C:\Windows\System32\WerFault.exe",,,,,,,,,,,,[{"addr":140736916996896,"idx":0}],,,,,,,,,13192,,,,,,,,,,,,,,,,,,,,,,,,,,,,,,,,,,,,3409185830,140702874533888,140702874533888,703605,655360,,,,,,,,,,,,,,,,,,,,,,,,,,,,,,,,,,,,,,,,,,,,,,,,,,,,,,,,,,,,,,,,,,,,,,,
"2025-09-02 15:13:22.5342918Z","ETW","Microsoft-Windows-Kernel-Process",5,"ImageLoadInfo ",13192,1244,"WerFault.exe",,,,"C:\Windows\System32\ntdll.dll",,,,,,,,,,,,[{"addr":140736916996896,"idx":0}],,,,,,,,,13192,,,,,,,,,,,,,,,,,,,,,,,,,,,,,,,,,,,,2512787800,140736916750336,140736916750336,2531053,2519040,,,,,,,,,,,,,,,,,,,,,,,,,,,,,,,,,,,,,,,,,,,,,,,,,,,,,,,,,,,,,,,,,,,,,,,
"2025-09-02 15:13:22.5346302Z","ETW","Microsoft-Windows-Kernel-Process",5,"ImageLoadInfo ",19464,11288,"CalculatorApp.exe",,,,"C:\Windows\System32\InputHost.dll",,,,,,,,,,,,[{"addr":140736918203828,"idx":0},{"addr":140736917192506,"idx":1},{"addr":140736917191278,"idx":2},{"addr":140736917210764,"idx":3},{"addr":140736917202269,"idx":4},{"addr":140736917259140,"idx":5},{"addr":140736916785248,"idx":6},{"addr":140736916784352,"idx":7},{"addr":140736917101952,"idx":8},{"addr":140736872000198,"idx":9},{"addr":140736909363845,"idx":10},{"addr":140736909362547,"idx":11},{"addr":140736909531736,"idx":12},{"addr":140736909524833,"idx":13},{"addr":140736909523551,"idx":14},{"addr":140736701288519,"idx":15},{"addr":140736701312976,"idx":16},{"addr":140736914162134,"idx":17},{"addr":140736914160220,"idx":18},{"addr":140736914286798,"idx":19},{"addr":140736918218964,"idx":20},{"addr":140736876126340,"idx":21},{"addr":140736914229722,"idx":22},{"addr":140736914228583,"idx":23},{"addr":140736914234672,"idx":24},{"addr":140736701273516,"idx":25},{"addr":140736701266710,"idx":26},{"addr":140736701278126,"idx":27},{"addr":140736762395489,"idx":28},{"addr":140736762002387,"idx":29},{"addr":140736717810645,"idx":30},{"addr":140736882620003,"idx":31},{"addr":140736882628366,"idx":32},{"addr":140736881847376,"idx":33},{"addr":140736909646499,"idx":34},{"addr":140736909646267,"idx":35},{"addr":140736909643574,"idx":36},{"addr":140736909641089,"idx":37},{"addr":140736910206646,"idx":38},{"addr":140736909293663,"idx":39},{"addr":140736909422200,"idx":40},{"addr":140736909415344,"idx":41},{"addr":140736909399044,"idx":42},{"addr":140736909260610,"idx":43},{"addr":140736909258954,"idx":44},{"addr":140736701243791,"idx":45},{"addr":140736701242814,"idx":46},{"addr":140736717678445,"idx":47},{"addr":140736717678250,"idx":48},{"addr":140736717677938,"idx":49},{"addr":140736902955098,"idx":50},{"addr":140736897083607,"idx":51},{"addr":140736916996940,"idx":52}],,,,,,,,,19464,,,,,,,,,,,,,,,,,,,,,,,,,,,,,,,,,,,,2855433698,140736662077440,140736662077440,2027883,1974272,,,,,,,,,,,,,,,,,,,,,,,,,,,,,,,,,,,,,,,,,,,,,,,,,,,,,,,,,,,,,,,,,,,,,,,
"2025-09-02 15:13:22.5346686Z","ETW","Microsoft-Antimalware-Engine",59,"Message Info ",1912,11040,"MsMpEng.exe",,,,,,0,"Behavior:Win32/SuspDllSideLoaded.B","0x1A5B3D8FF6402","84db5fe770e0d0198f480427d1ce9babd9f03e0e",,,,,,,[],,,,,,,,,,,,,,,,,,,,,,,,,,,,,,,,,,,,,,,,,,,,,,,,,,,,,,,,,,,,,,,,,,,,,,,,,,,,,,,,,,,,,,,,,,,,,,,,,,,,,,,,,,,,,,,,,,,,,,,,
"2025-09-02 15:13:22.5350840Z","ETW","Microsoft-Windows-Kernel-Process",5,"ImageLoadInfo ",13192,1244,"WerFault.exe",,,,"C:\Windows\System32\kernel32.dll",,,,,,,,,,,,[{"addr":140736918203828,"idx":0},{"addr":140736917192506,"idx":1},{"addr":140736917191278,"idx":2},{"addr":140736917190209,"idx":3},{"addr":140736916804181,"idx":4},{"addr":140736916785218,"idx":5},{"addr":140736916784352,"idx":6},{"addr":140736917101952,"idx":7},{"addr":140736917649076,"idx":8},{"addr":140736917165243,"idx":9},{"addr":140736917158036,"idx":10},{"addr":140736917157502,"idx":11},{"addr":140736916971470,"idx":12}],,,,,,,,,13192,,,,,,,,,,,,,,,,,,,,,,,,,,,,,,,,,,,,2842556120,140736896892928,140736896892928,880212,823296,,,,,,,,,,,,,,,,,,,,,,,,,,,,,,,,,,,,,,,,,,,,,,,,,,,,,,,,,,,,,,,,,,,,,,,
"2025-09-02 15:13:22.5352268Z","ETW","Microsoft-Windows-Kernel-Process",5,"ImageLoadInfo ",13192,1244,"WerFault.exe",,,,"C:\Windows\System32\KernelBase.dll",,,,,,,,,,,,[{"addr":140736918203828,"idx":0},{"addr":140736917192506,"idx":1},{"addr":140736917191278,"idx":2},{"addr":140736917190209,"idx":3},{"addr":140736916798526,"idx":4},{"addr":140736916790798,"idx":5},{"addr":140736917191656,"idx":6},{"addr":140736917190209,"idx":7},{"addr":140736916804181,"idx":8},{"addr":140736916785218,"idx":9},{"addr":140736916784352,"idx":10},{"addr":140736917101952,"idx":11},{"addr":140736917649076,"idx":12},{"addr":140736917165243,"idx":13},{"addr":140736917158036,"idx":14},{"addr":140736917157502,"idx":15},{"addr":140736916971470,"idx":16}],,,,,,,,,13192,,,,,,,,,,,,,,,,,,,,,,,,,,,,,,,,,,,,1916522255,140736871923712,140736871923712,4150506,4128768,,,,,,,,,,,,,,,,,,,,,,,,,,,,,,,,,,,,,,,,,,,,,,,,,,,,,,,,,,,,,,,,,,,,,,,
"2025-09-02 15:13:22.5353934Z","ETW","Microsoft-Antimalware-Engine",3,"Message Info ",1912,11040,"MsMpEng.exe",,,"Lua IsKnownFriendly(c:\program files\windowsapps\microsoft.windowscalculator_11.2502.2.0_x64__8wekyb3d8bbwe\graphcontrol.dll, UseCache: true, fSlowChecks: false) = true from 0x001822bdce6ab208",,,,,,,,,,,,,[],,,,,,,,,,,,,,,,,,,,,,,,,,,,,,,,,,,,,,,,,,,,,,,,,,,,,,,,,,,,,,,,,,,,,,,,,,,,,,,,,,,,,,,,,,,,,,,,,,,,,,,,,,,,,,,,,,,,,,,,
"2025-09-02 15:13:22.5353977Z","ETW","Microsoft-Antimalware-Engine",59,"Message Info ",1912,11040,"MsMpEng.exe",,,,,,0,"Behavior:Win32/SuspDllSideLoaded.B","0x1A5B3D8FF6402","84db5fe770e0d0198f480427d1ce9babd9f03e0e",,,,,,,[],,,,,,,,,,,,,,,,,,,,,,,,,,,,,,,,,,,,,,,,,,,,,,,,,,,,,,,,,,,,,,,,,,,,,,,,,,,,,,,,,,,,,,,,,,,,,,,,,,,,,,,,,,,,,,,,,,,,,,,,
"2025-09-02 15:13:22.5357119Z","ETW","Microsoft-Windows-Kernel-Process",5,"ImageLoadInfo ",19464,11288,"CalculatorApp.exe",,,,"C:\Windows\System32\cryptbase.dll",,,,,,,,,,,,[{"addr":140736918203828,"idx":0},{"addr":140736917192506,"idx":1},{"addr":140736917191278,"idx":2},{"addr":140736917210764,"idx":3},{"addr":140736917201516,"idx":4},{"addr":140736917258922,"idx":5},{"addr":140736916785248,"idx":6},{"addr":140736916786774,"idx":7},{"addr":140736917098157,"idx":8},{"addr":140736916993351,"idx":9},{"addr":140736872145058,"idx":10},{"addr":140736876397138,"idx":11},{"addr":140736876792776,"idx":12},{"addr":140736876792657,"idx":13},{"addr":140736876792597,"idx":14},{"addr":140736868441444,"idx":15},{"addr":140736813982227,"idx":16},{"addr":140736813982141,"idx":17},{"addr":140736814115006,"idx":18},{"addr":140736814114092,"idx":19},{"addr":140736814042873,"idx":20},{"addr":140736814185684,"idx":21},{"addr":140736814186789,"idx":22},{"addr":140736814186866,"idx":23},{"addr":140736813539564,"idx":24},{"addr":140736813768847,"idx":25},{"addr":140736813798176,"idx":26},{"addr":140736813797285,"idx":27},{"addr":140736813796997,"idx":28},{"addr":140736813796754,"idx":29},{"addr":140736813862346,"idx":30},{"addr":140736662128124,"idx":31},{"addr":140736662135252,"idx":32},{"addr":140736662136819,"idx":33},{"addr":140736662162746,"idx":34},{"addr":140736662160890,"idx":35},{"addr":140736662136958,"idx":36},{"addr":140736662294570,"idx":37},{"addr":140736662294318,"idx":38},{"addr":140736662294040,"idx":39},{"addr":140736662293582,"idx":40},{"addr":140736701288562,"idx":41},{"addr":140736701312976,"idx":42},{"addr":140736914162134,"idx":43},{"addr":140736914160220,"idx":44},{"addr":140736914286798,"idx":45},{"addr":140736918218964,"idx":46},{"addr":140736876126340,"idx":47},{"addr":140736914229722,"idx":48},{"addr":140736914228583,"idx":49},{"addr":140736914234672,"idx":50},{"addr":140736701273516,"idx":51},{"addr":140736701266710,"idx":52},{"addr":140736701278126,"idx":53},{"addr":140736762395489,"idx":54},{"addr":140736762002387,"idx":55},{"addr":140736717810645,"idx":56},{"addr":140736882620003,"idx":57},{"addr":140736882628366,"idx":58},{"addr":140736881847376,"idx":59},{"addr":140736909646499,"idx":60},{"addr":140736909646267,"idx":61},{"addr":140736909643574,"idx":62},{"addr":140736909641089,"idx":63},{"addr":140736910206646,"idx":64},{"addr":140736909293663,"idx":65},{"addr":140736909422200,"idx":66},{"addr":140736909415344,"idx":67},{"addr":140736909399044,"idx":68},{"addr":140736909260610,"idx":69},{"addr":140736909258954,"idx":70},{"addr":140736701243791,"idx":71},{"addr":140736701242814,"idx":72},{"addr":140736717678445,"idx":73},{"addr":140736717678250,"idx":74},{"addr":140736717677938,"idx":75},{"addr":140736902955098,"idx":76},{"addr":140736897083607,"idx":77},{"addr":140736916996940,"idx":78}],,,,,,,,,19464,,,,,,,,,,,,,,,,,,,,,,,,,,,,,,,,,,,,850532204,140736857112576,140736857112576,94938,49152,,,,,,,,,,,,,,,,,,,,,,,,,,,,,,,,,,,,,,,,,,,,,,,,,,,,,,,,,,,,,,,,,,,,,,,
"2025-09-02 15:13:22.5357331Z","ETW","Microsoft-Windows-Kernel-Audit-API-Calls",5,"Info ",760,848,"csrss.exe",,,,,,,,,,,,,,,,[{"addr":140736918206916,"idx":0},{"addr":140736867541693,"idx":1},{"addr":140736867538681,"idx":2},{"addr":140736867571143,"idx":3},{"addr":140736916996962,"idx":4}],,,,,,,,,,,,,,,,,,,33554432,0,13192,,,,,,,,,,,,,,,,,,,,,,,,,,,,,,,,,,,,,,,,,,,,,,,,,,,,,,,,,,,,,,,,,,,,,,,,,,,,,,,,,,,,,,,,,,,,,,,,,,,
"2025-09-02 15:13:22.5357400Z","ETW","Microsoft-Windows-Kernel-Audit-API-Calls",6,"Info ",760,848,"csrss.exe",,,,,,,,,,,,,,,,[{"addr":140736918206948,"idx":0},{"addr":140736867541965,"idx":1},{"addr":140736867538681,"idx":2},{"addr":140736867571143,"idx":3},{"addr":140736916996962,"idx":4}],,,,,,,,,,,,,,,,,,,33554432,0,13192,1244,,,,,,,,,,,,,,,,,,,,,,,,,,,,,,,,,,,,,,,,,,,,,,,,,,,,,,,,,,,,,,,,,,,,,,,,,,,,,,,,,,,,,,,,,,,,,,,,,,
"2025-09-02 15:13:22.5364357Z","ETW","Microsoft-Antimalware-Engine",59,"Message Info ",1912,13020,"MsMpEng.exe",,,,,,0,"Behavior:Win32/NonStdSvchostProcess.A","0x19B3378537B0","a46a2542652cb8bc637538e84e4072ba74767f54",,,,,,,[],,,,,,,,,,,,,,,,,,,,,,,,,,,,,,,,,,,,,,,,,,,,,,,,,,,,,,,,,,,,,,,,,,,,,,,,,,,,,,,,,,,,,,,,,,,,,,,,,,,,,,,,,,,,,,,,,,,,,,,,
"2025-09-02 15:13:22.5372337Z","ETW","Microsoft-Windows-Kernel-Process",5,"ImageLoadInfo ",13192,1244,"WerFault.exe",,,,"C:\Windows\System32\ucrtbase.dll",,,,,,,,,,,,[{"addr":140736918203828,"idx":0},{"addr":140736917192506,"idx":1},{"addr":140736917191278,"idx":2},{"addr":140736917190209,"idx":3},{"addr":140736916798526,"idx":4},{"addr":140736916790798,"idx":5},{"addr":140736917165509,"idx":6},{"addr":140736917158036,"idx":7},{"addr":140736917157502,"idx":8},{"addr":140736916971470,"idx":9}],,,,,,,,,13192,,,,,,,,,,,,,,,,,,,,,,,,,,,,,,,,,,,,3686092271,140736876314624,140736876314624,1418583,1355776,,,,,,,,,,,,,,,,,,,,,,,,,,,,,,,,,,,,,,,,,,,,,,,,,,,,,,,,,,,,,,,,,,,,,,,
"2025-09-02 15:13:22.5374375Z","ETW","Microsoft-Windows-Kernel-Process",3,"ThreadStartStart ",13192,1244,"WerFault.exe",,,,,,,,,,,,,,,,[{"addr":140736918214756,"idx":0},{"addr":140736917348769,"idx":1},{"addr":140736917700534,"idx":2},{"addr":140736916791223,"idx":3},{"addr":140736917191656,"idx":4},{"addr":140736917190209,"idx":5},{"addr":140736916798526,"idx":6},{"addr":140736916790798,"idx":7},{"addr":140736917165509,"idx":8},{"addr":140736917158036,"idx":9},{"addr":140736917157502,"idx":10},{"addr":140736916971470,"idx":11}],,,,,,,,,13192,18446639081576357888,18446639081576333312,140736917348896,0,549624987648,15480,549626314752,549626306560,140736917348896,,,,,,,,,,,,,,,,,,,,,,,,,,,,,,,,,,,,,,,,,,,,,,,,,,,,,,,,,,,,,,,,,,,,,,,,,,,,,,,,,,,,,,,,,,,,,,,,,,,,,,
"2025-09-02 15:13:22.5375131Z","ETW","Microsoft-Antimalware-Engine",59,"Message Info ",1912,13020,"MsMpEng.exe",,,,,,0,"Behavior:Win32/NonStdSvchostProcess.A","0x19B3378537B0","a46a2542652cb8bc637538e84e4072ba74767f54",,,,,,,[],,,,,,,,,,,,,,,,,,,,,,,,,,,,,,,,,,,,,,,,,,,,,,,,,,,,,,,,,,,,,,,,,,,,,,,,,,,,,,,,,,,,,,,,,,,,,,,,,,,,,,,,,,,,,,,,,,,,,,,,
"2025-09-02 15:13:22.5376036Z","ETW","Microsoft-Windows-Kernel-Process",5,"ImageLoadInfo ",13192,1244,"WerFault.exe",,,,"C:\Windows\System32\combase.dll",,,,,,,,,,,,[{"addr":140736918203828,"idx":0},{"addr":140736917192506,"idx":1},{"addr":140736917191278,"idx":2},{"addr":140736917190209,"idx":3},{"addr":140736916798526,"idx":4},{"addr":140736916790798,"idx":5},{"addr":140736917165509,"idx":6},{"addr":140736917158036,"idx":7},{"addr":140736917157502,"idx":8},{"addr":140736916971470,"idx":9}],,,,,,,,,13192,,,,,,,,,,,,,,,,,,,,,,,,,,,,,,,,,,,,670765882,140736909082624,140736909082624,3776119,3690496,,,,,,,,,,,,,,,,,,,,,,,,,,,,,,,,,,,,,,,,,,,,,,,,,,,,,,,,,,,,,,,,,,,,,,,
"2025-09-02 15:13:22.5376521Z","ETW","Microsoft-Windows-Kernel-Process",3,"ThreadStartStart ",13192,15480,"WerFault.exe",,,,,,,,,,,,,,,,[{"addr":140736918214756,"idx":0},{"addr":140736917257428,"idx":1},{"addr":140736917254706,"idx":2},{"addr":140736917350945,"idx":3},{"addr":140736897083607,"idx":4},{"addr":140736916996940,"idx":5}],,,,,,,,,13192,18446639081576615936,18446639081576591360,140736917348896,0,549624995840,21732,549626839040,549626830848,140736917348896,,,,,,,,,,,,,,,,,,,,,,,,,,,,,,,,,,,,,,,,,,,,,,,,,,,,,,,,,,,,,,,,,,,,,,,,,,,,,,,,,,,,,,,,,,,,,,,,,,,,,,
"2025-09-02 15:13:22.5378343Z","ETW","Microsoft-Antimalware-Engine",111,"Behavior Monitoring BmNotificationHandleStart",15112,10404,"Notepad.exe",,,,,,,,,,,,,,,,[],,,,,,,,,,,,,,,,,,,,,,,,,,,,,,,,,,,,,,,,,,,,,,,,,,,,,,,,,,,,,,,,,,,,,,,,,,,,,,,,,16400,3936151,0,,,,,,,,,,,,,,,,,,,,,,,,,,,,,,,,,,,,,
"2025-09-02 15:13:22.5384324Z","ETW","Microsoft-Windows-Kernel-Process",5,"ImageLoadInfo ",13192,1244,"WerFault.exe",,,,"C:\Windows\System32\rpcrt4.dll",,,,,,,,,,,,[{"addr":140736918203828,"idx":0},{"addr":140736917192506,"idx":1},{"addr":140736917191278,"idx":2},{"addr":140736917190209,"idx":3},{"addr":140736916798526,"idx":4},{"addr":140736916790798,"idx":5},{"addr":140736917191656,"idx":6},{"addr":140736917190209,"idx":7},{"addr":140736916798526,"idx":8},{"addr":140736916790798,"idx":9},{"addr":140736917165509,"idx":10},{"addr":140736917158036,"idx":11},{"addr":140736917157502,"idx":12},{"addr":140736916971470,"idx":13}],,,,,,,,,13192,,,,,,,,,,,,,,,,,,,,,,,,,,,,,,,,,,,,755903142,140736881754112,140736881754112,1201440,1146880,,,,,,,,,,,,,,,,,,,,,,,,,,,,,,,,,,,,,,,,,,,,,,,,,,,,,,,,,,,,,,,,,,,,,,,
"2025-09-02 15:13:22.5386527Z","ETW","Microsoft-Antimalware-Engine",59,"Message Info ",1912,10404,"MsMpEng.exe",,,,,,0,"Behavior:Win32/Masquerade.WerFault.A","0x84B31FF162F5","573eecf2f096692522c7026b1f116b3c7d337665",,,,,,,[],,,,,,,,,,,,,,,,,,,,,,,,,,,,,,,,,,,,,,,,,,,,,,,,,,,,,,,,,,,,,,,,,,,,,,,,,,,,,,,,,,,,,,,,,,,,,,,,,,,,,,,,,,,,,,,,,,,,,,,,
"2025-09-02 15:13:22.5389164Z","ETW","Microsoft-Antimalware-Engine",112,"Behavior Monitoring BmNotificationHandleStop",15112,10404,"Notepad.exe",,,,,,,,,,,,,,,,[],,,,,,,,,,,,,,,,,,,,,,,,,,,,,,,,,,,,,,,,,,,,,,,,,,,,,,,,,,,,,,,,,,,,,,,,,,,,,,,,,16400,3936151,0,false,true,0,,,,,,,,,,,,,,,,,,,,,,,,,,,,,,,,,,
"2025-09-02 15:13:22.5389375Z","ETW","Microsoft-Windows-Kernel-Audit-API-Calls",5,"Info ",1912,10404,"MsMpEng.exe",,,,,,,,,,,,,,,,[{"addr":140736918203764,"idx":0},{"addr":140736872731894,"idx":1},{"addr":140733810479103,"idx":2},{"addr":140733810478599,"idx":3},{"addr":140733811467421,"idx":4},{"addr":140733811466488,"idx":5},{"addr":140733810456992,"idx":6},{"addr":140733810413765,"idx":7},{"addr":140733810417057,"idx":8},{"addr":140733810415802,"idx":9},{"addr":140733810413462,"idx":10},{"addr":140733810411633,"idx":11},{"addr":140733810411092,"idx":12},{"addr":140733815162932,"idx":13},{"addr":140733815162655,"idx":14},{"addr":140736917255712,"idx":15},{"addr":140736917350945,"idx":16},{"addr":140736897083607,"idx":17},{"addr":140736916996940,"idx":18}],,,,,,,,,,,,,,,,,,,5136,0,15112,,,,,,,,,,,,,,,,,,,,,,,,,,,,,,,,,,,,,,,,,,,,,,,,,,,,,,,,,,,,,,,,,,,,,,,,,,,,,,,,,,,,,,,,,,,,,,,,,,,
"2025-09-02 15:13:22.5389845Z","ETW","Microsoft-Windows-Kernel-Process",5,"ImageLoadInfo ",13192,1244,"WerFault.exe",,,,"C:\Windows\System32\sechost.dll",,,,,,,,,,,,[{"addr":140736918203828,"idx":0},{"addr":140736917192506,"idx":1},{"addr":140736917191278,"idx":2},{"addr":140736917190209,"idx":3},{"addr":140736916798526,"idx":4},{"addr":140736916790798,"idx":5},{"addr":140736917165509,"idx":6},{"addr":140736917158036,"idx":7},{"addr":140736917157502,"idx":8},{"addr":140736916971470,"idx":9}],,,,,,,,,13192,,,,,,,,,,,,,,,,,,,,,,,,,,,,,,,,,,,,918957807,140736881033216,140736881033216,733904,679936,,,,,,,,,,,,,,,,,,,,,,,,,,,,,,,,,,,,,,,,,,,,,,,,,,,,,,,,,,,,,,,,,,,,,,,
"2025-09-02 15:13:22.5390097Z","ETW","Microsoft-Antimalware-Engine",111,"Behavior Monitoring BmNotificationHandleStart",16284,10404,"attack.exe",,,,,,,,,,,,,,,,[],,,,,,,,,,,,,,,,,,,,,,,,,,,,,,,,,,,,,,,,,,,,,,,,,,,,,,,,,,,,,,,,,,,,,,,,,,,,,,,,,16400,3936151,1,,,,,,,,,,,,,,,,,,,,,,,,,,,,,,,,,,,,,
"2025-09-02 15:13:22.5392169Z","ETW","Microsoft-Antimalware-Engine",112,"Behavior Monitoring BmNotificationHandleStop",16284,10404,"attack.exe",,,,,,,,,,,,,,,,[],,,,,,,,,,,,,,,,,,,,,,,,,,,,,,,,,,,,,,,,,,,,,,,,,,,,,,,,,,,,,,,,,,,,,,,,,,,,,,,,,16400,3936151,1,false,true,0,,,,,,,,,,,,,,,,,,,,,,,,,,,,,,,,,,
"2025-09-02 15:13:22.5392304Z","ETW","Microsoft-Windows-Kernel-Audit-API-Calls",5,"Info ",1912,10404,"MsMpEng.exe",,,,,,,,,,,,,,,,[{"addr":140736918203764,"idx":0},{"addr":140736872731894,"idx":1},{"addr":140733810479103,"idx":2},{"addr":140733810478599,"idx":3},{"addr":140733811467421,"idx":4},{"addr":140733811466488,"idx":5},{"addr":140733810456992,"idx":6},{"addr":140733810413765,"idx":7},{"addr":140733810417057,"idx":8},{"addr":140733810415802,"idx":9},{"addr":140733810413462,"idx":10},{"addr":140733810411633,"idx":11},{"addr":140733810411092,"idx":12},{"addr":140733815162932,"idx":13},{"addr":140733815162655,"idx":14},{"addr":140736917255712,"idx":15},{"addr":140736917350945,"idx":16},{"addr":140736897083607,"idx":17},{"addr":140736916996940,"idx":18}],,,,,,,,,,,,,,,,,,,5136,0,16284,,,,,,,,,,,,,,,,,,,,,,,,,,,,,,,,,,,,,,,,,,,,,,,,,,,,,,,,,,,,,,,,,,,,,,,,,,,,,,,,,,,,,,,,,,,,,,,,,,,
"2025-09-02 15:13:22.5394228Z","ETW","Microsoft-Windows-Kernel-Process",5,"ImageLoadInfo ",13192,15480,"WerFault.exe",,,,"C:\Windows\System32\cryptsp.dll",,,,,,,,,,,,[{"addr":140736918203828,"idx":0},{"addr":140736917192506,"idx":1},{"addr":140736917191278,"idx":2},{"addr":140736917210764,"idx":3},{"addr":140736917201516,"idx":4},{"addr":140736917258922,"idx":5},{"addr":140736917255216,"idx":6},{"addr":140736917350945,"idx":7},{"addr":140736897083607,"idx":8},{"addr":140736916996940,"idx":9}],,,,,,,,,13192,,,,,,,,,,,,,,,,,,,,,,,,,,,,,,,,,,,,1637991129,140736856981504,140736856981504,133346,110592,,,,,,,,,,,,,,,,,,,,,,,,,,,,,,,,,,,,,,,,,,,,,,,,,,,,,,,,,,,,,,,,,,,,,,,
"2025-09-02 15:13:22.5394897Z","ETW","Microsoft-Windows-Kernel-Process",3,"ThreadStartStart ",13192,21732,"WerFault.exe",,,,,,,,,,,,,,,,[{"addr":140736918214756,"idx":0},{"addr":140736917257428,"idx":1},{"addr":140736917254706,"idx":2},{"addr":140736917350945,"idx":3},{"addr":140736897083607,"idx":4},{"addr":140736916996940,"idx":5}],,,,,,,,,13192,18446639081576013824,18446639081575989248,140736917348896,0,549625004032,22064,549627363328,549627355136,140736917348896,,,,,,,,,,,,,,,,,,,,,,,,,,,,,,,,,,,,,,,,,,,,,,,,,,,,,,,,,,,,,,,,,,,,,,,,,,,,,,,,,,,,,,,,,,,,,,,,,,,,,,
"2025-09-02 15:13:22.5398825Z","ETW","Microsoft-Windows-Kernel-Process",5,"ImageLoadInfo ",13192,1244,"WerFault.exe",,,,"C:\Windows\System32\advapi32.dll",,,,,,,,,,,,[{"addr":140736918203828,"idx":0},{"addr":140736917192506,"idx":1},{"addr":140736917191278,"idx":2},{"addr":140736917190209,"idx":3},{"addr":140736916798526,"idx":4},{"addr":140736916790798,"idx":5},{"addr":140736917165509,"idx":6},{"addr":140736917158036,"idx":7},{"addr":140736917157502,"idx":8},{"addr":140736916971470,"idx":9}],,,,,,,,,13192,,,,,,,,,,,,,,,,,,,,,,,,,,,,,,,,,,,,2886261828,140736895844352,140736895844352,804270,737280,,,,,,,,,,,,,,,,,,,,,,,,,,,,,,,,,,,,,,,,,,,,,,,,,,,,,,,,,,,,,,,,,,,,,,,
"2025-09-02 15:13:22.5400214Z","ETW","Microsoft-Windows-Kernel-Process",5,"ImageLoadInfo ",13192,1244,"WerFault.exe",,,,"C:\Windows\System32\msvcrt.dll",,,,,,,,,,,,[{"addr":140736918203828,"idx":0},{"addr":140736917192506,"idx":1},{"addr":140736917191278,"idx":2},{"addr":140736917190209,"idx":3},{"addr":140736916798526,"idx":4},{"addr":140736916790798,"idx":5},{"addr":140736917191656,"idx":6},{"addr":140736917190209,"idx":7},{"addr":140736916798526,"idx":8},{"addr":140736916790798,"idx":9},{"addr":140736917165509,"idx":10},{"addr":140736917158036,"idx":11},{"addr":140736917157502,"idx":12},{"addr":140736916971470,"idx":13}],,,,,,,,,13192,,,,,,,,,,,,,,,,,,,,,,,,,,,,,,,,,,,,2634004398,140736913342464,140736913342464,729924,692224,,,,,,,,,,,,,,,,,,,,,,,,,,,,,,,,,,,,,,,,,,,,,,,,,,,,,,,,,,,,,,,,,,,,,,,
"2025-09-02 15:13:22.5401595Z","ETW","Microsoft-Windows-Kernel-Process",5,"ImageLoadInfo ",13192,1244,"WerFault.exe",,,,"C:\Windows\System32\SHCore.dll",,,,,,,,,,,,[{"addr":140736918203828,"idx":0},{"addr":140736917192506,"idx":1},{"addr":140736917191278,"idx":2},{"addr":140736917190209,"idx":3},{"addr":140736916798526,"idx":4},{"addr":140736916790798,"idx":5},{"addr":140736917165509,"idx":6},{"addr":140736917158036,"idx":7},{"addr":140736917157502,"idx":8},{"addr":140736916971470,"idx":9}],,,,,,,,,13192,,,,,,,,,,,,,,,,,,,,,,,,,,,,,,,,,,,,742317482,140736902660096,140736902660096,1049363,1003520,,,,,,,,,,,,,,,,,,,,,,,,,,,,,,,,,,,,,,,,,,,,,,,,,,,,,,,,,,,,,,,,,,,,,,,
"2025-09-02 15:13:22.5403433Z","ETW","Microsoft-Windows-Kernel-Process",5,"ImageLoadInfo ",13192,15480,"WerFault.exe",,,,"C:\Windows\System32\dbghelp.dll",,,,,,,,,,,,[{"addr":140736918203828,"idx":0},{"addr":140736917192506,"idx":1},{"addr":140736917191278,"idx":2},{"addr":140736917210764,"idx":3},{"addr":140736917201516,"idx":4},{"addr":140736917258922,"idx":5},{"addr":140736917255216,"idx":6},{"addr":140736917350945,"idx":7},{"addr":140736897083607,"idx":8},{"addr":140736916996940,"idx":9}],,,,,,,,,13192,,,,,,,,,,,,,,,,,,,,,,,,,,,,,,,,,,,,3489723753,140735965233152,140735965233152,2305535,2363392,,,,,,,,,,,,,,,,,,,,,,,,,,,,,,,,,,,,,,,,,,,,,,,,,,,,,,,,,,,,,,,,,,,,,,,
"2025-09-02 15:13:22.5405384Z","ETW","Microsoft-Windows-Kernel-Process",5,"ImageLoadInfo ",13192,15480,"WerFault.exe",,,,"C:\Windows\System32\oleaut32.dll",,,,,,,,,,,,[{"addr":140736918203828,"idx":0},{"addr":140736917192506,"idx":1},{"addr":140736917191278,"idx":2},{"addr":140736917190209,"idx":3},{"addr":140736916798526,"idx":4},{"addr":140736916790798,"idx":5},{"addr":140736917191656,"idx":6},{"addr":140736917210764,"idx":7},{"addr":140736917201516,"idx":8},{"addr":140736917258922,"idx":9},{"addr":140736917255216,"idx":10},{"addr":140736917350945,"idx":11},{"addr":140736897083607,"idx":12},{"addr":140736916996940,"idx":13}],,,,,,,,,13192,,,,,,,,,,,,,,,,,,,,,,,,,,,,,,,,,,,,2785821912,140736894861312,140736894861312,927709,917504,,,,,,,,,,,,,,,,,,,,,,,,,,,,,,,,,,,,,,,,,,,,,,,,,,,,,,,,,,,,,,,,,,,,,,,
"2025-09-02 15:13:22.5406985Z","ETW","Microsoft-Windows-Kernel-Process",5,"ImageLoadInfo ",13192,15480,"WerFault.exe",,,,"C:\Windows\System32\msvcp_win.dll",,,,,,,,,,,,[{"addr":140736918203828,"idx":0},{"addr":140736917192506,"idx":1},{"addr":140736917191278,"idx":2},{"addr":140736917190209,"idx":3},{"addr":140736916798526,"idx":4},{"addr":140736916790798,"idx":5},{"addr":140736917191656,"idx":6},{"addr":140736917190209,"idx":7},{"addr":140736916798526,"idx":8},{"addr":140736916790798,"idx":9},{"addr":140736917191656,"idx":10},{"addr":140736917210764,"idx":11},{"addr":140736917201516,"idx":12},{"addr":140736917258922,"idx":13},{"addr":140736917255216,"idx":14},{"addr":140736917350945,"idx":15},{"addr":140736897083607,"idx":16},{"addr":140736916996940,"idx":17}],,,,,,,,,13192,,,,,,,,,,,,,,,,,,,,,,,,,,,,,,,,,,,,2240469762,140736868319232,140736868319232,703256,667648,,,,,,,,,,,,,,,,,,,,,,,,,,,,,,,,,,,,,,,,,,,,,,,,,,,,,,,,,,,,,,,,,,,,,,,
"2025-09-02 15:13:22.5407890Z","ETW","Microsoft-Windows-Kernel-Process",5,"ImageLoadInfo ",13192,1244,"WerFault.exe",,,,"C:\Windows\System32\oleaut32.dll",,,,,,,,,,,,[{"addr":140736918203828,"idx":0},{"addr":140736917192506,"idx":1},{"addr":140736917191278,"idx":2},{"addr":140736917190209,"idx":3},{"addr":140736916798526,"idx":4},{"addr":140736916790798,"idx":5},{"addr":140736917165509,"idx":6},{"addr":140736917158036,"idx":7},{"addr":140736917157502,"idx":8},{"addr":140736916971470,"idx":9}],,,,,,,,,13192,,,,,,,,,,,,,,,,,,,,,,,,,,,,,,,,,,,,2785821912,2449287413760,2449287413760,927709,917504,,,,,,,,,,,,,,,,,,,,,,,,,,,,,,,,,,,,,,,,,,,,,,,,,,,,,,,,,,,,,,,,,,,,,,,
"2025-09-02 15:13:22.5408415Z","ETW","Microsoft-Windows-Kernel-Process",6,"ImageUnloadInfo ",13192,1244,"WerFault.exe",,,,"C:\Windows\System32\oleaut32.dll",,,,,,,,,,,,[{"addr":140736918203892,"idx":0},{"addr":140736917192863,"idx":1},{"addr":140736917191278,"idx":2},{"addr":140736917190209,"idx":3},{"addr":140736916798526,"idx":4},{"addr":140736916790798,"idx":5},{"addr":140736917165509,"idx":6},{"addr":140736917158036,"idx":7},{"addr":140736917157502,"idx":8},{"addr":140736916971470,"idx":9}],,,,,,,,,13192,,,,,,,,,,,,,,,,,,,,,,,,,,,,,,,,,,,,2785821912,2449287413760,2449287413760,927709,929792,,,,,,,,,,,,,,,,,,,,,,,,,,,,,,,,,,,,,,,,,,,,,,,,,,,,,,,,,,,,,,,,,,,,,,,
"2025-09-02 15:13:22.5413740Z","ETW","Microsoft-Windows-Kernel-Process",5,"ImageLoadInfo ",13192,1244,"WerFault.exe",,,,"C:\Windows\System32\DiagnosticDataSettings.dll",,,,,,,,,,,,[{"addr":140736918203828,"idx":0},{"addr":140736917192506,"idx":1},{"addr":140736917191278,"idx":2},{"addr":140736917210764,"idx":3},{"addr":140736917201516,"idx":4},{"addr":140736917258922,"idx":5},{"addr":140736916999751,"idx":6},{"addr":140736917165517,"idx":7},{"addr":140736917158036,"idx":8},{"addr":140736917157502,"idx":9},{"addr":140736916971470,"idx":10}],,,,,,,,,13192,,,,,,,,,,,,,,,,,,,,,,,,,,,,,,,,,,,,956088925,140736564297728,140736564297728,74321,61440,,,,,,,,,,,,,,,,,,,,,,,,,,,,,,,,,,,,,,,,,,,,,,,,,,,,,,,,,,,,,,,,,,,,,,,
"2025-09-02 15:13:22.5415637Z","ETW","Microsoft-Windows-Kernel-Process",5,"ImageLoadInfo ",13192,22064,"WerFault.exe",,,,"C:\Windows\System32\wer.dll",,,,,,,,,,,,[{"addr":140736918203828,"idx":0},{"addr":140736917192506,"idx":1},{"addr":140736917191278,"idx":2},{"addr":140736917210764,"idx":3},{"addr":140736917201516,"idx":4},{"addr":140736917258922,"idx":5},{"addr":140736917255216,"idx":6},{"addr":140736917350945,"idx":7},{"addr":140736897083607,"idx":8},{"addr":140736916996940,"idx":9}],,,,,,,,,13192,,,,,,,,,,,,,,,,,,,,,,,,,,,,,,,,,,,,2310495835,140736823230464,140736823230464,1034785,1007616,,,,,,,,,,,,,,,,,,,,,,,,,,,,,,,,,,,,,,,,,,,,,,,,,,,,,,,,,,,,,,,,,,,,,,,
"2025-09-02 15:13:22.5421022Z","ETW","Microsoft-Windows-Kernel-Process",5,"ImageLoadInfo ",13192,1244,"WerFault.exe",,,,"C:\Windows\System32\powrprof.dll",,,,,,,,,,,,[{"addr":140736918203828,"idx":0},{"addr":140736917192506,"idx":1},{"addr":140736917191278,"idx":2},{"addr":140736917210764,"idx":3},{"addr":140736917202269,"idx":4},{"addr":140736917259140,"idx":5},{"addr":140736916999751,"idx":6},{"addr":140736917165517,"idx":7},{"addr":140736917158036,"idx":8},{"addr":140736917157502,"idx":9},{"addr":140736916971470,"idx":10}],,,,,,,,,13192,,,,,,,,,,,,,,,,,,,,,,,,,,,,,,,,,,,,2858637235,140736866091008,140736866091008,457799,385024,,,,,,,,,,,,,,,,,,,,,,,,,,,,,,,,,,,,,,,,,,,,,,,,,,,,,,,,,,,,,,,,,,,,,,,
"2025-09-02 15:13:22.5428875Z","ETW","Microsoft-Windows-Kernel-Process",5,"ImageLoadInfo ",13192,1244,"WerFault.exe",,,,"C:\Windows\System32\ntmarta.dll",,,,,,,,,,,,[{"addr":140736918203828,"idx":0},{"addr":140736917192506,"idx":1},{"addr":140736917191278,"idx":2},{"addr":140736917210764,"idx":3},{"addr":140736917202269,"idx":4},{"addr":140736917259140,"idx":5},{"addr":140736916999751,"idx":6},{"addr":140736917165517,"idx":7},{"addr":140736917158036,"idx":8},{"addr":140736917157502,"idx":9},{"addr":140736916971470,"idx":10}],,,,,,,,,13192,,,,,,,,,,,,,,,,,,,,,,,,,,,,,,,,,,,,2803059627,140736849510400,140736849510400,286201,221184,,,,,,,,,,,,,,,,,,,,,,,,,,,,,,,,,,,,,,,,,,,,,,,,,,,,,,,,,,,,,,,,,,,,,,,
"2025-09-02 15:13:22.5430867Z","ETW","Microsoft-Windows-Kernel-Process",5,"ImageLoadInfo ",13192,22064,"WerFault.exe",,,,"C:\Windows\System32\cfgmgr32.dll",,,,,,,,,,,,[{"addr":140736918203828,"idx":0},{"addr":140736917192506,"idx":1},{"addr":140736917191278,"idx":2},{"addr":140736917210764,"idx":3},{"addr":140736917202269,"idx":4},{"addr":140736917259140,"idx":5},{"addr":140736917255216,"idx":6},{"addr":140736917350945,"idx":7},{"addr":140736897083607,"idx":8},{"addr":140736916996940,"idx":9}],,,,,,,,,13192,,,,,,,,,,,,,,,,,,,,,,,,,,,,,,,,,,,,836129831,140736862748672,140736862748672,378754,356352,,,,,,,,,,,,,,,,,,,,,,,,,,,,,,,,,,,,,,,,,,,,,,,,,,,,,,,,,,,,,,,,,,,,,,,
"2025-09-02 15:13:22.5435392Z","ETW","Microsoft-Windows-Kernel-Process",5,"ImageLoadInfo ",13192,1244,"WerFault.exe",,,,"C:\Windows\System32\Faultrep.dll",,,,,,,,,,,,[{"addr":140736918203828,"idx":0},{"addr":140736917192506,"idx":1},{"addr":140736917191278,"idx":2},{"addr":140736917210764,"idx":3},{"addr":140736917201516,"idx":4},{"addr":140736917258922,"idx":5},{"addr":140736916999751,"idx":6},{"addr":140736917165517,"idx":7},{"addr":140736917158036,"idx":8},{"addr":140736917157502,"idx":9},{"addr":140736916971470,"idx":10}],,,,,,,,,13192,,,,,,,,,,,,,,,,,,,,,,,,,,,,,,,,,,,,2440977292,140733981261824,140733981261824,551544,540672,,,,,,,,,,,,,,,,,,,,,,,,,,,,,,,,,,,,,,,,,,,,,,,,,,,,,,,,,,,,,,,,,,,,,,,
"2025-09-02 15:13:22.5438984Z","ETW","Microsoft-Windows-Kernel-Audit-API-Calls",5,"Info ",1912,13536,"MsMpEng.exe",,,,,,,,,,,,,,,,[{"addr":140736918203764,"idx":0},{"addr":140736872733451,"idx":1},{"addr":140733813593762,"idx":2},{"addr":140733813593647,"idx":3},{"addr":140733810447497,"idx":4},{"addr":140733810434825,"idx":5},{"addr":140733810436081,"idx":6},{"addr":140733810435993,"idx":7},{"addr":140733813408952,"idx":8},{"addr":140733811799252,"idx":9},{"addr":140733811800961,"idx":10},{"addr":140733813599200,"idx":11},{"addr":140733813596334,"idx":12},{"addr":140733810473492,"idx":13},{"addr":140733810472117,"idx":14},{"addr":140733810464644,"idx":15},{"addr":140736881050120,"idx":16},{"addr":140736881043887,"idx":17},{"addr":140736881177095,"idx":18},{"addr":140733814724037,"idx":19},{"addr":140733818700047,"idx":20},{"addr":140736897083607,"idx":21},{"addr":140736916996940,"idx":22}],,,,,,,,,,,,,,,,,,,4096,3221225483,4294967295,,,,,,,,,,,,,,,,,,,,,,,,,,,,,,,,,,,,,,,,,,,,,,,,,,,,,,,,,,,,,,,,,,,,,,,,,,,,,,,,,,,,,,,,,,,,,,,,,,,
"2025-09-02 15:13:22.5439834Z","ETW","Microsoft-Windows-Kernel-Audit-API-Calls",5,"Info ",1912,13536,"MsMpEng.exe",,,,,,,,,,,,,,,,[{"addr":140736918203764,"idx":0},{"addr":140736872731894,"idx":1},{"addr":140733810479103,"idx":2},{"addr":140733810476689,"idx":3},{"addr":140733810472975,"idx":4},{"addr":140733810472117,"idx":5},{"addr":140733810464644,"idx":6},{"addr":140736881050120,"idx":7},{"addr":140736881043887,"idx":8},{"addr":140736881177095,"idx":9},{"addr":140733814724037,"idx":10},{"addr":140733818700047,"idx":11},{"addr":140736897083607,"idx":12},{"addr":140736916996940,"idx":13}],,,,,,,,,,,,,,,,,,,4096,0,8144,,,,,,,,,,,,,,,,,,,,,,,,,,,,,,,,,,,,,,,,,,,,,,,,,,,,,,,,,,,,,,,,,,,,,,,,,,,,,,,,,,,,,,,,,,,,,,,,,,,
"2025-09-02 15:13:22.5441191Z","ETW","Microsoft-Windows-Kernel-Audit-API-Calls",5,"Info ",1912,13536,"MsMpEng.exe",,,,,,,,,,,,,,,,[{"addr":140736918203764,"idx":0},{"addr":140736872731894,"idx":1},{"addr":140733810479103,"idx":2},{"addr":140733810476689,"idx":3},{"addr":140733810472975,"idx":4},{"addr":140733810472117,"idx":5},{"addr":140733810464644,"idx":6},{"addr":140736881050120,"idx":7},{"addr":140736881043887,"idx":8},{"addr":140736881177095,"idx":9},{"addr":140733814724037,"idx":10},{"addr":140733818700047,"idx":11},{"addr":140736897083607,"idx":12},{"addr":140736916996940,"idx":13}],,,,,,,,,,,,,,,,,,,4096,0,5620,,,,,,,,,,,,,,,,,,,,,,,,,,,,,,,,,,,,,,,,,,,,,,,,,,,,,,,,,,,,,,,,,,,,,,,,,,,,,,,,,,,,,,,,,,,,,,,,,,,
"2025-09-02 15:13:22.5441457Z","ETW","Microsoft-Windows-Kernel-Audit-API-Calls",5,"Info ",1912,13536,"MsMpEng.exe",,,,,,,,,,,,,,,,[{"addr":140736918203764,"idx":0},{"addr":140736872731894,"idx":1},{"addr":140733810479103,"idx":2},{"addr":140733810476689,"idx":3},{"addr":140733810472975,"idx":4},{"addr":140733810472117,"idx":5},{"addr":140733810464644,"idx":6},{"addr":140736881050120,"idx":7},{"addr":140736881043887,"idx":8},{"addr":140736881177095,"idx":9},{"addr":140733814724037,"idx":10},{"addr":140733818700047,"idx":11},{"addr":140736897083607,"idx":12},{"addr":140736916996940,"idx":13}],,,,,,,,,,,,,,,,,,,4096,0,5620,,,,,,,,,,,,,,,,,,,,,,,,,,,,,,,,,,,,,,,,,,,,,,,,,,,,,,,,,,,,,,,,,,,,,,,,,,,,,,,,,,,,,,,,,,,,,,,,,,,
"2025-09-02 15:13:22.5442652Z","ETW","Microsoft-Windows-Kernel-Audit-API-Calls",5,"Info ",1912,13536,"MsMpEng.exe",,,,,,,,,,,,,,,,[{"addr":140736918203764,"idx":0},{"addr":140736872731894,"idx":1},{"addr":140733810479103,"idx":2},{"addr":140733810476689,"idx":3},{"addr":140733810472975,"idx":4},{"addr":140733810472117,"idx":5},{"addr":140733810464644,"idx":6},{"addr":140736881050120,"idx":7},{"addr":140736881043887,"idx":8},{"addr":140736881177095,"idx":9},{"addr":140733814724037,"idx":10},{"addr":140733818700047,"idx":11},{"addr":140736897083607,"idx":12},{"addr":140736916996940,"idx":13}],,,,,,,,,,,,,,,,,,,4096,0,8144,,,,,,,,,,,,,,,,,,,,,,,,,,,,,,,,,,,,,,,,,,,,,,,,,,,,,,,,,,,,,,,,,,,,,,,,,,,,,,,,,,,,,,,,,,,,,,,,,,,
"2025-09-02 15:13:22.5442996Z","ETW","Microsoft-Windows-Kernel-Audit-API-Calls",5,"Info ",1912,13536,"MsMpEng.exe",,,,,,,,,,,,,,,,[{"addr":140736918203764,"idx":0},{"addr":140736872731894,"idx":1},{"addr":140733810479103,"idx":2},{"addr":140733810476689,"idx":3},{"addr":140733810472975,"idx":4},{"addr":140733810472117,"idx":5},{"addr":140733810464644,"idx":6},{"addr":140736881050120,"idx":7},{"addr":140736881043887,"idx":8},{"addr":140736881177095,"idx":9},{"addr":140733814724037,"idx":10},{"addr":140733818700047,"idx":11},{"addr":140736897083607,"idx":12},{"addr":140736916996940,"idx":13}],,,,,,,,,,,,,,,,,,,4096,0,8144,,,,,,,,,,,,,,,,,,,,,,,,,,,,,,,,,,,,,,,,,,,,,,,,,,,,,,,,,,,,,,,,,,,,,,,,,,,,,,,,,,,,,,,,,,,,,,,,,,,
"2025-09-02 15:13:22.5443157Z","ETW","Microsoft-Windows-Kernel-Audit-API-Calls",5,"Info ",1912,13536,"MsMpEng.exe",,,,,,,,,,,,,,,,[{"addr":140736918203764,"idx":0},{"addr":140736872731894,"idx":1},{"addr":140733810479103,"idx":2},{"addr":140733810476689,"idx":3},{"addr":140733810472975,"idx":4},{"addr":140733810472117,"idx":5},{"addr":140733810464644,"idx":6},{"addr":140736881050120,"idx":7},{"addr":140736881043887,"idx":8},{"addr":140736881177095,"idx":9},{"addr":140733814724037,"idx":10},{"addr":140733818700047,"idx":11},{"addr":140736897083607,"idx":12},{"addr":140736916996940,"idx":13}],,,,,,,,,,,,,,,,,,,4096,0,8144,,,,,,,,,,,,,,,,,,,,,,,,,,,,,,,,,,,,,,,,,,,,,,,,,,,,,,,,,,,,,,,,,,,,,,,,,,,,,,,,,,,,,,,,,,,,,,,,,,,
"2025-09-02 15:13:22.5443388Z","ETW","Microsoft-Windows-Kernel-Process",5,"ImageLoadInfo ",13192,21732,"WerFault.exe",,,,"C:\Windows\System32\bcrypt.dll",,,,,,,,,,,,[{"addr":140736918203828,"idx":0},{"addr":140736917192506,"idx":1},{"addr":140736917191278,"idx":2},{"addr":140736917210764,"idx":3},{"addr":140736917201516,"idx":4},{"addr":140736917258922,"idx":5},{"addr":140736917255216,"idx":6},{"addr":140736917350945,"idx":7},{"addr":140736897083607,"idx":8},{"addr":140736916996940,"idx":9}],,,,,,,,,13192,,,,,,,,,,,,,,,,,,,,,,,,,,,,,,,,,,,,3023801214,140736866549760,140736866549760,216761,155648,,,,,,,,,,,,,,,,,,,,,,,,,,,,,,,,,,,,,,,,,,,,,,,,,,,,,,,,,,,,,,,,,,,,,,,
"2025-09-02 15:13:22.5460040Z","ETW","Microsoft-Windows-Kernel-Audit-API-Calls",6,"Info ",1912,8,"MsMpEng.exe",,,,,,,,,,,,,,,,[{"addr":140736918212548,"idx":0},{"addr":140736872857142,"idx":1},{"addr":140736738243895,"idx":2},{"addr":140736738242452,"idx":3},{"addr":140736657604428,"idx":4},{"addr":140736657598535,"idx":5},{"addr":140736657597146,"idx":6},{"addr":140736658259206,"idx":7},{"addr":140736657749938,"idx":8},{"addr":140736657909615,"idx":9},{"addr":140736658079503,"idx":10},{"addr":140736897083607,"idx":11},{"addr":140736916996940,"idx":12}],,,,,,,,,,,,,,,,,,,2097151,0,1912,8,,,,,,,,,,,,,,,,,,,,,,,,,,,,,,,,,,,,,,,,,,,,,,,,,,,,,,,,,,,,,,,,,,,,,,,,,,,,,,,,,,,,,,,,,,,,,,,,,,
"2025-09-02 15:13:22.5463025Z","ETW","Microsoft-Windows-Kernel-Process",5,"ImageLoadInfo ",19464,11288,"CalculatorApp.exe",,,,"C:\Windows\System32\UiaManager.dll",,,,,,,,,,,,[{"addr":140736918203828,"idx":0},{"addr":140736917192506,"idx":1},{"addr":140736917191278,"idx":2},{"addr":140736917210764,"idx":3},{"addr":140736917202269,"idx":4},{"addr":140736917259140,"idx":5},{"addr":140736916785248,"idx":6},{"addr":140736916784352,"idx":7},{"addr":140736917101952,"idx":8},{"addr":140736872000198,"idx":9},{"addr":140736909363845,"idx":10},{"addr":140736909362547,"idx":11},{"addr":140736909360794,"idx":12},{"addr":140736909561496,"idx":13},{"addr":140736909365281,"idx":14},{"addr":140736909356853,"idx":15},{"addr":140736910270317,"idx":16},{"addr":140736909359719,"idx":17},{"addr":140736909871367,"idx":18},{"addr":140736910338829,"idx":19},{"addr":140736910332465,"idx":20},{"addr":140736910348734,"idx":21},{"addr":140736910270317,"idx":22},{"addr":140736909350430,"idx":23},{"addr":140736910270317,"idx":24},{"addr":140736909553458,"idx":25},{"addr":140736909548907,"idx":26},{"addr":140736909576880,"idx":27},{"addr":140736701266858,"idx":28},{"addr":140736701278126,"idx":29},{"addr":140736762395489,"idx":30},{"addr":140736762002387,"idx":31},{"addr":140736717810645,"idx":32},{"addr":140736882620003,"idx":33},{"addr":140736882628366,"idx":34},{"addr":140736881847376,"idx":35},{"addr":140736909646499,"idx":36},{"addr":140736909646267,"idx":37},{"addr":140736909643574,"idx":38},{"addr":140736909641089,"idx":39},{"addr":140736910206646,"idx":40},{"addr":140736909293663,"idx":41},{"addr":140736909422200,"idx":42},{"addr":140736909415344,"idx":43},{"addr":140736909399044,"idx":44},{"addr":140736909260610,"idx":45},{"addr":140736909258954,"idx":46},{"addr":140736701243791,"idx":47},{"addr":140736701242814,"idx":48},{"addr":140736717678445,"idx":49},{"addr":140736717678250,"idx":50},{"addr":140736717677938,"idx":51},{"addr":140736902955098,"idx":52},{"addr":140736897083607,"idx":53},{"addr":140736916996940,"idx":54}],,,,,,,,,19464,,,,,,,,,,,,,,,,,,,,,,,,,,,,,,,,,,,,1594385284,140736471105536,140736471105536,947549,921600,,,,,,,,,,,,,,,,,,,,,,,,,,,,,,,,,,,,,,,,,,,,,,,,,,,,,,,,,,,,,,,,,,,,,,,
"2025-09-02 15:13:22.5463253Z","ETW","Microsoft-Windows-Kernel-Process",5,"ImageLoadInfo ",13192,1244,"WerFault.exe",,,,"C:\Windows\System32\dbgcore.dll",,,,,,,,,,,,[{"addr":140736918203828,"idx":0},{"addr":140736917192506,"idx":1},{"addr":140736917191278,"idx":2},{"addr":140736917210764,"idx":3},{"addr":140736917201516,"idx":4},{"addr":140736917258922,"idx":5},{"addr":140736916999751,"idx":6},{"addr":140736917165517,"idx":7},{"addr":140736917158036,"idx":8},{"addr":140736917157502,"idx":9},{"addr":140736916971470,"idx":10}],,,,,,,,,13192,,,,,,,,,,,,,,,,,,,,,,,,,,,,,,,,,,,,280716678,140735244730368,140735244730368,298864,274432,,,,,,,,,,,,,,,,,,,,,,,,,,,,,,,,,,,,,,,,,,,,,,,,,,,,,,,,,,,,,,,,,,,,,,,
"2025-09-02 15:13:22.5481935Z","ETW","Microsoft-Windows-Kernel-Process",5,"ImageLoadInfo ",13192,1244,"WerFault.exe",,,,"C:\Windows\System32\umpdc.dll",,,,,,,,,,,,[{"addr":140736918203828,"idx":0},{"addr":140736917192506,"idx":1},{"addr":140736917191278,"idx":2},{"addr":140736917210764,"idx":3},{"addr":140736917201516,"idx":4},{"addr":140736917258922,"idx":5},{"addr":140736916785248,"idx":6},{"addr":140736916786774,"idx":7},{"addr":140736917021315,"idx":8},{"addr":140736917023197,"idx":9},{"addr":140736866119074,"idx":10},{"addr":140736866136530,"idx":11},{"addr":140736866130783,"idx":12},{"addr":140736866132678,"idx":13},{"addr":140736918195438,"idx":14},{"addr":140736917219838,"idx":15},{"addr":140736917215596,"idx":16},{"addr":140736916995194,"idx":17},{"addr":140736916995238,"idx":18},{"addr":140736917165788,"idx":19},{"addr":140736917158036,"idx":20},{"addr":140736917157502,"idx":21},{"addr":140736916971470,"idx":22}],,,,,,,,,13192,,,,,,,,,,,,,,,,,,,,,,,,,,,,,,,,,,,,212057710,140736865959936,140736865959936,140109,81920,,,,,,,,,,,,,,,,,,,,,,,,,,,,,,,,,,,,,,,,,,,,,,,,,,,,,,,,,,,,,,,,,,,,,,,
"2025-09-02 15:13:22.5482790Z","ETW","Microsoft-Windows-Kernel-Process",3,"ThreadStartStart ",19464,11288,"CalculatorApp.exe",,,,,,,,,,,,,,,,[{"addr":140736918208964,"idx":0},{"addr":140736872776761,"idx":1},{"addr":140736897102141,"idx":2},{"addr":140736902701861,"idx":3},{"addr":140736903122914,"idx":4},{"addr":140736902708086,"idx":5},{"addr":140736902706669,"idx":6},{"addr":140736902741470,"idx":7},{"addr":140736902741304,"idx":8},{"addr":140736902738515,"idx":9},{"addr":140736902734379,"idx":10},{"addr":140736902734010,"idx":11},{"addr":140736902730657,"idx":12},{"addr":140736902730101,"idx":13},{"addr":140736902732657,"idx":14},{"addr":140736902732319,"idx":15},{"addr":140736902731827,"idx":16},{"addr":140736902731314,"idx":17},{"addr":140736902905929,"idx":18},{"addr":140736902905370,"idx":19},{"addr":140736701267006,"idx":20},{"addr":140736701278126,"idx":21},{"addr":140736762395489,"idx":22},{"addr":140736762002387,"idx":23},{"addr":140736717810645,"idx":24},{"addr":140736882620003,"idx":25},{"addr":140736882628366,"idx":26},{"addr":140736881847376,"idx":27},{"addr":140736909646499,"idx":28},{"addr":140736909646267,"idx":29},{"addr":140736909643574,"idx":30},{"addr":140736909641089,"idx":31},{"addr":140736910206646,"idx":32},{"addr":140736909293663,"idx":33},{"addr":140736909422200,"idx":34},{"addr":140736909415344,"idx":35},{"addr":140736909399044,"idx":36},{"addr":140736909260610,"idx":37},{"addr":140736909258954,"idx":38},{"addr":140736701243791,"idx":39},{"addr":140736701242814,"idx":40},{"addr":140736717678445,"idx":41},{"addr":140736717678250,"idx":42},{"addr":140736717677938,"idx":43},{"addr":140736902955098,"idx":44},{"addr":140736897083607,"idx":45},{"addr":140736916996940,"idx":46}],,,,,,,,,19464,18446639081576415232,18446639081576390656,140736902700080,0,926182477824,8676,926193549312,926193545216,140736902700080,,,,,,,,,,,,,,,,,,,,,,,,,,,,,,,,,,,,,,,,,,,,,,,,,,,,,,,,,,,,,,,,,,,,,,,,,,,,,,,,,,,,,,,,,,,,,,,,,,,,,,
"2025-09-02 15:13:22.5488589Z","ETW","Microsoft-Windows-Kernel-File",30,"CreateNewFileInfo ",2544,2728,"svchost.exe",,,,"C:\Windows\Prefetch\WERFAULT.EXE-44194444.pf",,,,,,,,,,,,[{"addr":140736918205268,"idx":0},{"addr":140736872716567,"idx":1},{"addr":140736872407957,"idx":2},{"addr":140736622686411,"idx":3},{"addr":140736622799555,"idx":4},{"addr":140736622805526,"idx":5},{"addr":140736622878872,"idx":6},{"addr":140736622877246,"idx":7},{"addr":140736623007058,"idx":8},{"addr":140736623083887,"idx":9},{"addr":140700308678045,"idx":10},{"addr":140736881194535,"idx":11},{"addr":140736897083607,"idx":12},{"addr":140736916996940,"idx":13}],0,83886176,18446660011106621008,18446660011092914424,2728,0,,,,,,,,,,,,,,,,,,,,,,,,,,,,,,,,,,,,,,,,,,,,,,,,,,,,,,,,,,,,,,,,,,,,,,,,,,,,,,,,,,,,,,,,,,,,,,,,,,,,,,,,,,,,,,,,,,
"2025-09-02 15:13:22.5489187Z","ETW","Microsoft-Windows-Kernel-Process",5,"ImageLoadInfo ",19464,11288,"CalculatorApp.exe",,,,"C:\Windows\System32\WindowManagementAPI.dll",,,,,,,,,,,,[{"addr":140736918203828,"idx":0},{"addr":140736917192506,"idx":1},{"addr":140736917191278,"idx":2},{"addr":140736917210764,"idx":3},{"addr":140736917201516,"idx":4},{"addr":140736917258922,"idx":5},{"addr":140736916785248,"idx":6},{"addr":140736916786774,"idx":7},{"addr":140736917021315,"idx":8},{"addr":140736917023197,"idx":9},{"addr":140736701493458,"idx":10},{"addr":140736701588581,"idx":11},{"addr":140736701267045,"idx":12},{"addr":140736701278126,"idx":13},{"addr":140736762395489,"idx":14},{"addr":140736762002387,"idx":15},{"addr":140736717810645,"idx":16},{"addr":140736882620003,"idx":17},{"addr":140736882628366,"idx":18},{"addr":140736881847376,"idx":19},{"addr":140736909646499,"idx":20},{"addr":140736909646267,"idx":21},{"addr":140736909643574,"idx":22},{"addr":140736909641089,"idx":23},{"addr":140736910206646,"idx":24},{"addr":140736909293663,"idx":25},{"addr":140736909422200,"idx":26},{"addr":140736909415344,"idx":27},{"addr":140736909399044,"idx":28},{"addr":140736909260610,"idx":29},{"addr":140736909258954,"idx":30},{"addr":140736701243791,"idx":31},{"addr":140736701242814,"idx":32},{"addr":140736717678445,"idx":33},{"addr":140736717678250,"idx":34},{"addr":140736717677938,"idx":35},{"addr":140736902955098,"idx":36},{"addr":140736897083607,"idx":37},{"addr":140736916996940,"idx":38}],,,,,,,,,19464,,,,,,,,,,,,,,,,,,,,,,,,,,,,,,,,,,,,563737174,140736757956608,140736757956608,1828450,1794048,,,,,,,,,,,,,,,,,,,,,,,,,,,,,,,,,,,,,,,,,,,,,,,,,,,,,,,,,,,,,,,,,,,,,,,
"2025-09-02 15:13:22.5491885Z","ETW","Microsoft-Windows-Kernel-Audit-API-Calls",6,"Info ",1912,8,"MsMpEng.exe",,,,,,,,,,,,,,,,[{"addr":140736918212548,"idx":0},{"addr":140736872857142,"idx":1},{"addr":140736738243895,"idx":2},{"addr":140736738242452,"idx":3},{"addr":140736657604428,"idx":4},{"addr":140736657598535,"idx":5},{"addr":140736657597146,"idx":6},{"addr":140736658259206,"idx":7},{"addr":140736657749938,"idx":8},{"addr":140736657909615,"idx":9},{"addr":140736658079503,"idx":10},{"addr":140736897083607,"idx":11},{"addr":140736916996940,"idx":12}],,,,,,,,,,,,,,,,,,,2097151,0,1912,8,,,,,,,,,,,,,,,,,,,,,,,,,,,,,,,,,,,,,,,,,,,,,,,,,,,,,,,,,,,,,,,,,,,,,,,,,,,,,,,,,,,,,,,,,,,,,,,,,,
"2025-09-02 15:13:22.5492960Z","ETW","Microsoft-Windows-Kernel-Audit-API-Calls",5,"Info ",19464,11288,"CalculatorApp.exe",,,,,,,,,,,,,,,,[{"addr":140736918203764,"idx":0},{"addr":140736872731894,"idx":1},{"addr":140736762003718,"idx":2},{"addr":140736762000326,"idx":3},{"addr":140736717810645,"idx":4},{"addr":140736882620003,"idx":5},{"addr":140736882628366,"idx":6},{"addr":140736881847376,"idx":7},{"addr":140736909646499,"idx":8},{"addr":140736909646267,"idx":9},{"addr":140736909643574,"idx":10},{"addr":140736909641089,"idx":11},{"addr":140736910206646,"idx":12},{"addr":140736909293663,"idx":13},{"addr":140736909422200,"idx":14},{"addr":140736909415344,"idx":15},{"addr":140736909399044,"idx":16},{"addr":140736909260610,"idx":17},{"addr":140736909258954,"idx":18},{"addr":140736701243791,"idx":19},{"addr":140736701242814,"idx":20},{"addr":140736717678445,"idx":21},{"addr":140736717678250,"idx":22},{"addr":140736717677938,"idx":23},{"addr":140736902955098,"idx":24},{"addr":140736897083607,"idx":25},{"addr":140736916996940,"idx":26}],,,,,,,,,,,,,,,,,,,4096,0,19464,,,,,,,,,,,,,,,,,,,,,,,,,,,,,,,,,,,,,,,,,,,,,,,,,,,,,,,,,,,,,,,,,,,,,,,,,,,,,,,,,,,,,,,,,,,,,,,,,,,
"2025-09-02 15:13:22.5496767Z","ETW","Microsoft-Windows-Kernel-Process",5,"ImageLoadInfo ",13192,1244,"WerFault.exe",,,,"C:\Windows\WinSxS\amd64_microsoft.windows.common-controls_6595b64144ccf1df_6.0.26100.4768_none_3e0c112ce331287c\comctl32.dll",,,,,,,,,,,,[{"addr":140736918203828,"idx":0},{"addr":140736917192506,"idx":1},{"addr":140736917191278,"idx":2},{"addr":140736917210764,"idx":3},{"addr":140736917202269,"idx":4},{"addr":140736917259140,"idx":5},{"addr":140736916785248,"idx":6},{"addr":140736916784352,"idx":7},{"addr":140736917101952,"idx":8},{"addr":140736872000198,"idx":9},{"addr":140736823369251,"idx":10},{"addr":140736823368647,"idx":11},{"addr":140736823368411,"idx":12},{"addr":140736823591434,"idx":13},{"addr":140736823647970,"idx":14},{"addr":140702874566108,"idx":15},{"addr":140702874543067,"idx":16},{"addr":140736897083607,"idx":17},{"addr":140736916996940,"idx":18}],,,,,,,,,13192,,,,,,,,,,,,,,,,,,,,,,,,,,,,,,,,,,,,688105963,140736430997504,140736430997504,2751895,2727936,,,,,,,,,,,,,,,,,,,,,,,,,,,,,,,,,,,,,,,,,,,,,,,,,,,,,,,,,,,,,,,,,,,,,,,
"2025-09-02 15:13:22.5498002Z","ETW","Microsoft-Windows-Kernel-Process",5,"ImageLoadInfo ",13192,1244,"WerFault.exe",,,,"C:\Windows\System32\gdi32.dll",,,,,,,,,,,,[{"addr":140736918203828,"idx":0},{"addr":140736917192506,"idx":1},{"addr":140736917191278,"idx":2},{"addr":140736917190209,"idx":3},{"addr":140736916798526,"idx":4},{"addr":140736916790798,"idx":5},{"addr":140736917191656,"idx":6},{"addr":140736917210764,"idx":7},{"addr":140736917202269,"idx":8},{"addr":140736917259140,"idx":9},{"addr":140736916785248,"idx":10},{"addr":140736916784352,"idx":11},{"addr":140736917101952,"idx":12},{"addr":140736872000198,"idx":13},{"addr":140736823369251,"idx":14},{"addr":140736823368647,"idx":15},{"addr":140736823368411,"idx":16},{"addr":140736823591434,"idx":17},{"addr":140736823647970,"idx":18},{"addr":140702874566108,"idx":19},{"addr":140702874543067,"idx":20},{"addr":140736897083607,"idx":21},{"addr":140736916996940,"idx":22}],,,,,,,,,13192,,,,,,,,,,,,,,,,,,,,,,,,,,,,,,,,,,,,226377214,140736902135808,140736902135808,213118,176128,,,,,,,,,,,,,,,,,,,,,,,,,,,,,,,,,,,,,,,,,,,,,,,,,,,,,,,,,,,,,,,,,,,,,,,
"2025-09-02 15:13:22.5498877Z","ETW","Microsoft-Windows-Kernel-Process",5,"ImageLoadInfo ",13192,1244,"WerFault.exe",,,,"C:\Windows\System32\win32u.dll",,,,,,,,,,,,[{"addr":140736918203828,"idx":0},{"addr":140736917192506,"idx":1},{"addr":140736917191278,"idx":2},{"addr":140736917190209,"idx":3},{"addr":140736916798526,"idx":4},{"addr":140736916790798,"idx":5},{"addr":140736917191656,"idx":6},{"addr":140736917190209,"idx":7},{"addr":140736916798526,"idx":8},{"addr":140736916790798,"idx":9},{"addr":140736917191656,"idx":10},{"addr":140736917210764,"idx":11},{"addr":140736917202269,"idx":12},{"addr":140736917259140,"idx":13},{"addr":140736916785248,"idx":14},{"addr":140736916784352,"idx":15},{"addr":140736917101952,"idx":16},{"addr":140736872000198,"idx":17},{"addr":140736823369251,"idx":18},{"addr":140736823368647,"idx":19},{"addr":140736823368411,"idx":20},{"addr":140736823591434,"idx":21},{"addr":140736823647970,"idx":22},{"addr":140702874566108,"idx":23},{"addr":140702874543067,"idx":24},{"addr":140736897083607,"idx":25},{"addr":140736916996940,"idx":26}],,,,,,,,,13192,,,,,,,,,,,,,,,,,,,,,,,,,,,,,,,,,,,,4080079730,140736876118016,140736876118016,179667,159744,,,,,,,,,,,,,,,,,,,,,,,,,,,,,,,,,,,,,,,,,,,,,,,,,,,,,,,,,,,,,,,,,,,,,,,
"2025-09-02 15:13:22.5499785Z","ETW","Microsoft-Windows-Kernel-Process",5,"ImageLoadInfo ",13192,1244,"WerFault.exe",,,,"C:\Windows\System32\gdi32full.dll",,,,,,,,,,,,[{"addr":140736918203828,"idx":0},{"addr":140736917192506,"idx":1},{"addr":140736917191278,"idx":2},{"addr":140736917190209,"idx":3},{"addr":140736916798526,"idx":4},{"addr":140736916790798,"idx":5},{"addr":140736917191656,"idx":6},{"addr":140736917190209,"idx":7},{"addr":140736916798526,"idx":8},{"addr":140736916790798,"idx":9},{"addr":140736917191656,"idx":10},{"addr":140736917210764,"idx":11},{"addr":140736917202269,"idx":12},{"addr":140736917259140,"idx":13},{"addr":140736916785248,"idx":14},{"addr":140736916784352,"idx":15},{"addr":140736917101952,"idx":16},{"addr":140736872000198,"idx":17},{"addr":140736823369251,"idx":18},{"addr":140736823368647,"idx":19},{"addr":140736823368411,"idx":20},{"addr":140736823591434,"idx":21},{"addr":140736823647970,"idx":22},{"addr":140702874566108,"idx":23},{"addr":140702874543067,"idx":24},{"addr":140736897083607,"idx":25},{"addr":140736916996940,"idx":26}],,,,,,,,,13192,,,,,,,,,,,,,,,,,,,,,,,,,,,,,,,,,,,,4226913238,140736869040128,140736869040128,1298614,1277952,,,,,,,,,,,,,,,,,,,,,,,,,,,,,,,,,,,,,,,,,,,,,,,,,,,,,,,,,,,,,,,,,,,,,,,
"2025-09-02 15:13:22.5500824Z","ETW","Microsoft-Windows-Kernel-Process",5,"ImageLoadInfo ",13192,1244,"WerFault.exe",,,,"C:\Windows\System32\user32.dll",,,,,,,,,,,,[{"addr":140736918203828,"idx":0},{"addr":140736917192506,"idx":1},{"addr":140736917191278,"idx":2},{"addr":140736917190209,"idx":3},{"addr":140736916798526,"idx":4},{"addr":140736916790798,"idx":5},{"addr":140736917191656,"idx":6},{"addr":140736917190209,"idx":7},{"addr":140736916798526,"idx":8},{"addr":140736916790798,"idx":9},{"addr":140736917191656,"idx":10},{"addr":140736917190209,"idx":11},{"addr":140736916798526,"idx":12},{"addr":140736916790798,"idx":13},{"addr":140736917191656,"idx":14},{"addr":140736917210764,"idx":15},{"addr":140736917202269,"idx":16},{"addr":140736917259140,"idx":17},{"addr":140736916785248,"idx":18},{"addr":140736916784352,"idx":19},{"addr":140736917101952,"idx":20},{"addr":140736872000198,"idx":21},{"addr":140736823369251,"idx":22},{"addr":140736823368647,"idx":23},{"addr":140736823368411,"idx":24},{"addr":140736823591434,"idx":25},{"addr":140736823647970,"idx":26},{"addr":140702874566108,"idx":27},{"addr":140702874543067,"idx":28},{"addr":140736897083607,"idx":29},{"addr":140736916996940,"idx":30}],,,,,,,,,13192,,,,,,,,,,,,,,,,,,,,,,,,,,,,,,,,,,,,3594986103,140736914063360,140736914063360,1919723,1855488,,,,,,,,,,,,,,,,,,,,,,,,,,,,,,,,,,,,,,,,,,,,,,,,,,,,,,,,,,,,,,,,,,,,,,,
"2025-09-02 15:13:22.5501581Z","ETW","Microsoft-Windows-Kernel-Audit-API-Calls",6,"Info ",1912,8,"MsMpEng.exe",,,,,,,,,,,,,,,,[{"addr":140736918212548,"idx":0},{"addr":140736872857142,"idx":1},{"addr":140736738243895,"idx":2},{"addr":140736738242452,"idx":3},{"addr":140736657604428,"idx":4},{"addr":140736657598535,"idx":5},{"addr":140736657597146,"idx":6},{"addr":140736658259206,"idx":7},{"addr":140736657749938,"idx":8},{"addr":140736657909615,"idx":9},{"addr":140736658079503,"idx":10},{"addr":140736897083607,"idx":11},{"addr":140736916996940,"idx":12}],,,,,,,,,,,,,,,,,,,2097151,0,1912,8,,,,,,,,,,,,,,,,,,,,,,,,,,,,,,,,,,,,,,,,,,,,,,,,,,,,,,,,,,,,,,,,,,,,,,,,,,,,,,,,,,,,,,,,,,,,,,,,,,
"2025-09-02 15:13:22.5505955Z","ETW","Microsoft-Windows-Kernel-Process",5,"ImageLoadInfo ",13192,1244,"WerFault.exe",,,,"C:\Windows\System32\imm32.dll",,,,,,,,,,,,[{"addr":140736918203828,"idx":0},{"addr":140736917192506,"idx":1},{"addr":140736917191278,"idx":2},{"addr":140736917190209,"idx":3},{"addr":140736916804181,"idx":4},{"addr":140736916785218,"idx":5},{"addr":140736916784352,"idx":6},{"addr":140736917101952,"idx":7},{"addr":140736872000198,"idx":8},{"addr":140736914283356,"idx":9},{"addr":140736914516183,"idx":10},{"addr":140736918195438,"idx":11},{"addr":140736917219838,"idx":12},{"addr":140736917215596,"idx":13},{"addr":140736916995194,"idx":14},{"addr":140736916995238,"idx":15},{"addr":140736916991491,"idx":16},{"addr":140736916785364,"idx":17},{"addr":140736916784352,"idx":18},{"addr":140736917101952,"idx":19},{"addr":140736872000198,"idx":20},{"addr":140736823369251,"idx":21},{"addr":140736823368647,"idx":22},{"addr":140736823368411,"idx":23},{"addr":140736823591434,"idx":24},{"addr":140736823647970,"idx":25},{"addr":140702874566108,"idx":26},{"addr":140702874543067,"idx":27},{"addr":140736897083607,"idx":28},{"addr":140736916996940,"idx":29}],,,,,,,,,13192,,,,,,,,,,,,,,,,,,,,,,,,,,,,,,,,,,,,2763417762,140736896630784,140736896630784,237947,192512,,,,,,,,,,,,,,,,,,,,,,,,,,,,,,,,,,,,,,,,,,,,,,,,,,,,,,,,,,,,,,,,,,,,,,,
"2025-09-02 15:13:22.5514713Z","ETW","Microsoft-Windows-Kernel-Process",3,"ThreadStartStart ",4488,3152,"sihost.exe",,,,,,,,,,,,,,,,[{"addr":140736918208964,"idx":0},{"addr":140736872776761,"idx":1},{"addr":140736897102141,"idx":2},{"addr":140736902701861,"idx":3},{"addr":140736903122914,"idx":4},{"addr":140736902708086,"idx":5},{"addr":140736902706669,"idx":6},{"addr":140736482072628,"idx":7},{"addr":140736482520389,"idx":8},{"addr":140736482358229,"idx":9},{"addr":140736482002140,"idx":10},{"addr":140736481926989,"idx":11},{"addr":140736482136038,"idx":12},{"addr":140736762251833,"idx":13},{"addr":140736762251295,"idx":14},{"addr":140736761852314,"idx":15},{"addr":140736762102206,"idx":16},{"addr":140736761872922,"idx":17},{"addr":140736761870928,"idx":18},{"addr":140736813613695,"idx":19},{"addr":140736813611738,"idx":20},{"addr":140736813992650,"idx":21},{"addr":140736813605311,"idx":22},{"addr":140736813606968,"idx":23},{"addr":140736814043135,"idx":24},{"addr":140736813625204,"idx":25},{"addr":140736813624077,"idx":26},{"addr":140736813683309,"idx":27},{"addr":140736813684989,"idx":28},{"addr":140736813684120,"idx":29},{"addr":140736813678304,"idx":30},{"addr":140736914162134,"idx":31},{"addr":140736914160220,"idx":32},{"addr":140736914362035,"idx":33},{"addr":140736918218964,"idx":34},{"addr":140736876122820,"idx":35},{"addr":140736914122143,"idx":36},{"addr":140736914122024,"idx":37},{"addr":140736813919654,"idx":38},{"addr":140736813919398,"idx":39},{"addr":140736813919071,"idx":40},{"addr":140736813638628,"idx":41},{"addr":140736814110186,"idx":42},{"addr":140736814085855,"idx":43},{"addr":140736814120687,"idx":44},{"addr":140736813866763,"idx":45},{"addr":140736762125048,"idx":46},{"addr":140736762123155,"idx":47},{"addr":140736762122704,"idx":48},{"addr":140736762122519,"idx":49},{"addr":140702377477944,"idx":50},{"addr":140702377480798,"idx":51},{"addr":140736897083607,"idx":52},{"addr":140736916996940,"idx":53}],,,,,,,,,4488,18446639081573629952,18446639081573605376,140736902700080,0,725115600896,18212,725125431296,725125423104,140736902700080,,,,,,,,,,,,,,,,,,,,,,,,,,,,,,,,,,,,,,,,,,,,,,,,,,,,,,,,,,,,,,,,,,,,,,,,,,,,,,,,,,,,,,,,,,,,,,,,,,,,,,
"2025-09-02 15:13:22.5528512Z","ETW","Microsoft-Windows-Kernel-Process",5,"ImageLoadInfo ",13192,1244,"WerFault.exe",,,,"C:\Windows\System32\uxtheme.dll",,,,,,,,,,,,[{"addr":140736918203828,"idx":0},{"addr":140736917192506,"idx":1},{"addr":140736917191278,"idx":2},{"addr":140736917210764,"idx":3},{"addr":140736917202269,"idx":4},{"addr":140736917259140,"idx":5},{"addr":140736916785248,"idx":6},{"addr":140736916784352,"idx":7},{"addr":140736917101952,"idx":8},{"addr":140736872000198,"idx":9},{"addr":140736914284989,"idx":10},{"addr":140736918218964,"idx":11},{"addr":140736876126340,"idx":12},{"addr":140736914229722,"idx":13},{"addr":140736914228583,"idx":14},{"addr":140736914228082,"idx":15},{"addr":140736823368230,"idx":16},{"addr":140736823591490,"idx":17},{"addr":140736823647970,"idx":18},{"addr":140702874566108,"idx":19},{"addr":140702874543067,"idx":20},{"addr":140736897083607,"idx":21},{"addr":140736916996940,"idx":22}],,,,,,,,,13192,,,,,,,,,,,,,,,,,,,,,,,,,,,,,,,,,,,,1095616687,140736820019200,140736820019200,769574,716800,,,,,,,,,,,,,,,,,,,,,,,,,,,,,,,,,,,,,,,,,,,,,,,,,,,,,,,,,,,,,,,,,,,,,,,
"2025-09-02 15:13:22.5532539Z","ETW","Microsoft-Windows-Kernel-Audit-API-Calls",5,"Info ",2496,2756,"svchost.exe",,,,,,,,,,,,,,,,[{"addr":140736918203764,"idx":0},{"addr":140736624153375,"idx":1},{"addr":140736624146038,"idx":2},{"addr":140736624145118,"idx":3},{"addr":140736624193741,"idx":4},{"addr":140700308678045,"idx":5},{"addr":140736881194535,"idx":6},{"addr":140736897083607,"idx":7},{"addr":140736916996940,"idx":8}],,,,,,,,,,,,,,,,,,,5240,0,13192,,,,,,,,,,,,,,,,,,,,,,,,,,,,,,,,,,,,,,,,,,,,,,,,,,,,,,,,,,,,,,,,,,,,,,,,,,,,,,,,,,,,,,,,,,,,,,,,,,,
"2025-09-02 15:13:22.5533167Z","ETW","Microsoft-Windows-Kernel-Audit-API-Calls",6,"Info ",2496,4360,"svchost.exe",,,,,,,,,,,,,,,,[{"addr":140736918212548,"idx":0},{"addr":140736624141675,"idx":1},{"addr":140736624140828,"idx":2},{"addr":140736624140307,"idx":3},{"addr":140736624148436,"idx":4},{"addr":140736624147998,"idx":5},{"addr":140736624154053,"idx":6},{"addr":140736917453874,"idx":7},{"addr":140736917350976,"idx":8},{"addr":140736897083607,"idx":9},{"addr":140736916996940,"idx":10}],,,,,,,,,,,,,,,,,,,64,0,13192,1244,,,,,,,,,,,,,,,,,,,,,,,,,,,,,,,,,,,,,,,,,,,,,,,,,,,,,,,,,,,,,,,,,,,,,,,,,,,,,,,,,,,,,,,,,,,,,,,,,,
"2025-09-02 15:13:22.5533219Z","ETW","Microsoft-Windows-Kernel-Audit-API-Calls",5,"Info ",2496,4360,"svchost.exe",,,,,,,,,,,,,,,,[{"addr":140736918203764,"idx":0},{"addr":140736624141781,"idx":1},{"addr":140736624140828,"idx":2},{"addr":140736624140307,"idx":3},{"addr":140736624148436,"idx":4},{"addr":140736624147998,"idx":5},{"addr":140736624154053,"idx":6},{"addr":140736917453874,"idx":7},{"addr":140736917350976,"idx":8},{"addr":140736897083607,"idx":9},{"addr":140736916996940,"idx":10}],,,,,,,,,,,,,,,,,,,1024,0,13192,,,,,,,,,,,,,,,,,,,,,,,,,,,,,,,,,,,,,,,,,,,,,,,,,,,,,,,,,,,,,,,,,,,,,,,,,,,,,,,,,,,,,,,,,,,,,,,,,,,
"2025-09-02 15:13:22.5543027Z","ETW","Microsoft-Windows-Kernel-Process",5,"ImageLoadInfo ",13192,1244,"WerFault.exe",,,,"C:\Windows\System32\msctf.dll",,,,,,,,,,,,[{"addr":140736918203828,"idx":0},{"addr":140736917192506,"idx":1},{"addr":140736917191278,"idx":2},{"addr":140736917190209,"idx":3},{"addr":140736916804181,"idx":4},{"addr":140736916785218,"idx":5},{"addr":140736916786774,"idx":6},{"addr":140736917021315,"idx":7},{"addr":140736917023197,"idx":8},{"addr":140736896668978,"idx":9},{"addr":140736896681008,"idx":10},{"addr":140736896667516,"idx":11},{"addr":140736914114250,"idx":12},{"addr":140736914114102,"idx":13},{"addr":140736914162134,"idx":14},{"addr":140736914160220,"idx":15},{"addr":140736914286798,"idx":16},{"addr":140736918218964,"idx":17},{"addr":140736876126340,"idx":18},{"addr":140736914229722,"idx":19},{"addr":140736914228583,"idx":20},{"addr":140736914228082,"idx":21},{"addr":140736823368230,"idx":22},{"addr":140736823591490,"idx":23},{"addr":140736823647970,"idx":24},{"addr":140702874566108,"idx":25},{"addr":140702874543067,"idx":26},{"addr":140736897083607,"idx":27},{"addr":140736916996940,"idx":28}],,,,,,,,,13192,,,,,,,,,,,,,,,,,,,,,,,,,,,,,,,,,,,,2469319063,140736900562944,140736900562944,1473651,1445888,,,,,,,,,,,,,,,,,,,,,,,,,,,,,,,,,,,,,,,,,,,,,,,,,,,,,,,,,,,,,,,,,,,,,,,
"2025-09-02 15:13:22.5553773Z","ETW","Microsoft-Windows-Kernel-Process",5,"ImageLoadInfo ",19464,11288,"CalculatorApp.exe",,,,"C:\Windows\System32\Windows.UI.Core.TextInput.dll",,,,,,,,,,,,[{"addr":140736918203828,"idx":0},{"addr":140736917192506,"idx":1},{"addr":140736917191278,"idx":2},{"addr":140736917210764,"idx":3},{"addr":140736917201516,"idx":4},{"addr":140736917258922,"idx":5},{"addr":140736916785248,"idx":6},{"addr":140736916784352,"idx":7},{"addr":140736917101952,"idx":8},{"addr":140736872000198,"idx":9},{"addr":140736762007427,"idx":10},{"addr":140736762001355,"idx":11},{"addr":140736717810645,"idx":12},{"addr":140736882620003,"idx":13},{"addr":140736882628366,"idx":14},{"addr":140736881847376,"idx":15},{"addr":140736909646499,"idx":16},{"addr":140736909646267,"idx":17},{"addr":140736909643574,"idx":18},{"addr":140736909641089,"idx":19},{"addr":140736910206646,"idx":20},{"addr":140736909293663,"idx":21},{"addr":140736909422200,"idx":22},{"addr":140736909415344,"idx":23},{"addr":140736909399044,"idx":24},{"addr":140736909260610,"idx":25},{"addr":140736909258954,"idx":26},{"addr":140736701243791,"idx":27},{"addr":140736701242814,"idx":28},{"addr":140736717678445,"idx":29},{"addr":140736717678250,"idx":30},{"addr":140736717677938,"idx":31},{"addr":140736902955098,"idx":32},{"addr":140736897083607,"idx":33},{"addr":140736916996940,"idx":34}],,,,,,,,,19464,,,,,,,,,,,,,,,,,,,,,,,,,,,,,,,,,,,,1928443412,140736528842752,140736528842752,1483826,1490944,,,,,,,,,,,,,,,,,,,,,,,,,,,,,,,,,,,,,,,,,,,,,,,,,,,,,,,,,,,,,,,,,,,,,,,
"2025-09-02 15:13:22.5559870Z","ETW","Microsoft-Windows-Kernel-Process",5,"ImageLoadInfo ",13192,1244,"WerFault.exe",,,,"C:\Windows\System32\policymanager.dll",,,,,,,,,,,,[{"addr":140736918203828,"idx":0},{"addr":140736917192506,"idx":1},{"addr":140736917191278,"idx":2},{"addr":140736917210764,"idx":3},{"addr":140736917201516,"idx":4},{"addr":140736917258922,"idx":5},{"addr":140736916785248,"idx":6},{"addr":140736916784352,"idx":7},{"addr":140736917101952,"idx":8},{"addr":140736872000198,"idx":9},{"addr":140736564313215,"idx":10},{"addr":140736564317195,"idx":11},{"addr":140736564310991,"idx":12},{"addr":140736564312326,"idx":13},{"addr":140736564315077,"idx":14},{"addr":140736823462372,"idx":15},{"addr":140736823295874,"idx":16},{"addr":140736823288719,"idx":17},{"addr":140736823283182,"idx":18},{"addr":140736823711170,"idx":19},{"addr":140736823633170,"idx":20},{"addr":140702874566201,"idx":21},{"addr":140702874543067,"idx":22},{"addr":140736897083607,"idx":23},{"addr":140736916996940,"idx":24}],,,,,,,,,13192,,,,,,,,,,,,,,,,,,,,,,,,,,,,,,,,,,,,2757975175,140736805928960,140736805928960,801211,737280,,,,,,,,,,,,,,,,,,,,,,,,,,,,,,,,,,,,,,,,,,,,,,,,,,,,,,,,,,,,,,,,,,,,,,,
"2025-09-02 15:13:22.5560151Z","ETW","Microsoft-Windows-Kernel-Process",5,"ImageLoadInfo ",19464,11288,"CalculatorApp.exe",,,,"C:\Windows\System32\TextInputFramework.dll",,,,,,,,,,,,[{"addr":140736918203828,"idx":0},{"addr":140736917192506,"idx":1},{"addr":140736917191278,"idx":2},{"addr":140736917210764,"idx":3},{"addr":140736917201516,"idx":4},{"addr":140736917258922,"idx":5},{"addr":140736916785248,"idx":6},{"addr":140736916786774,"idx":7},{"addr":140736917021315,"idx":8},{"addr":140736917023197,"idx":9},{"addr":140736529156738,"idx":10},{"addr":140736529288410,"idx":11},{"addr":140736528943389,"idx":12},{"addr":140736528940784,"idx":13},{"addr":140736528940537,"idx":14},{"addr":140736762007469,"idx":15},{"addr":140736762001355,"idx":16},{"addr":140736717810645,"idx":17},{"addr":140736882620003,"idx":18},{"addr":140736882628366,"idx":19},{"addr":140736881847376,"idx":20},{"addr":140736909646499,"idx":21},{"addr":140736909646267,"idx":22},{"addr":140736909643574,"idx":23},{"addr":140736909641089,"idx":24},{"addr":140736910206646,"idx":25},{"addr":140736909293663,"idx":26},{"addr":140736909422200,"idx":27},{"addr":140736909415344,"idx":28},{"addr":140736909399044,"idx":29},{"addr":140736909260610,"idx":30},{"addr":140736909258954,"idx":31},{"addr":140736701243791,"idx":32},{"addr":140736701242814,"idx":33},{"addr":140736717678445,"idx":34},{"addr":140736717678250,"idx":35},{"addr":140736717677938,"idx":36},{"addr":140736902955098,"idx":37},{"addr":140736897083607,"idx":38},{"addr":140736916996940,"idx":39}],,,,,,,,,19464,,,,,,,,,,,,,,,,,,,,,,,,,,,,,,,,,,,,1467524759,140736660635648,140736660635648,1460031,1380352,,,,,,,,,,,,,,,,,,,,,,,,,,,,,,,,,,,,,,,,,,,,,,,,,,,,,,,,,,,,,,,,,,,,,,,
"2025-09-02 15:13:22.5563989Z","ETW","Microsoft-Windows-Kernel-Process",5,"ImageLoadInfo ",13192,21732,"WerFault.exe",,,,"C:\Windows\System32\msvcp110_win.dll",,,,,,,,,,,,[{"addr":140736918203828,"idx":0},{"addr":140736917192506,"idx":1},{"addr":140736917191278,"idx":2},{"addr":140736917210764,"idx":3},{"addr":140736917201516,"idx":4},{"addr":140736917258922,"idx":5},{"addr":140736917255216,"idx":6},{"addr":140736917350945,"idx":7},{"addr":140736897083607,"idx":8},{"addr":140736916996940,"idx":9}],,,,,,,,,13192,,,,,,,,,,,,,,,,,,,,,,,,,,,,,,,,,,,,3464179610,140736793542656,140736793542656,602786,593920,,,,,,,,,,,,,,,,,,,,,,,,,,,,,,,,,,,,,,,,,,,,,,,,,,,,,,,,,,,,,,,,,,,,,,,
"2025-09-02 15:13:22.5570600Z","ETW","Microsoft-Windows-Kernel-Process",6,"ImageUnloadInfo ",13192,1244,"WerFault.exe",,,,"C:\Windows\System32\msvcp110_win.dll",,,,,,,,,,,,[{"addr":140736918203892,"idx":0},{"addr":140736917028534,"idx":1},{"addr":140736916779098,"idx":2},{"addr":140736916769422,"idx":3},{"addr":140736916769266,"idx":4},{"addr":140736916768404,"idx":5},{"addr":140736916773680,"idx":6},{"addr":140736872000489,"idx":7},{"addr":140736564313988,"idx":8},{"addr":140736564317195,"idx":9},{"addr":140736564310991,"idx":10},{"addr":140736564312326,"idx":11},{"addr":140736564315077,"idx":12},{"addr":140736823462372,"idx":13},{"addr":140736823295874,"idx":14},{"addr":140736823288719,"idx":15},{"addr":140736823283182,"idx":16},{"addr":140736823711170,"idx":17},{"addr":140736823633170,"idx":18},{"addr":140702874566201,"idx":19},{"addr":140702874543067,"idx":20},{"addr":140736897083607,"idx":21},{"addr":140736916996940,"idx":22}],,,,,,,,,13192,,,,,,,,,,,,,,,,,,,,,,,,,,,,,,,,,,,,3464179610,140736793542656,140736793542656,602786,606208,,,,,,,,,,,,,,,,,,,,,,,,,,,,,,,,,,,,,,,,,,,,,,,,,,,,,,,,,,,,,,,,,,,,,,,
"2025-09-02 15:13:22.5571117Z","ETW","Microsoft-Windows-Kernel-Process",6,"ImageUnloadInfo ",13192,1244,"WerFault.exe",,,,"C:\Windows\System32\policymanager.dll",,,,,,,,,,,,[{"addr":140736918203892,"idx":0},{"addr":140736917028534,"idx":1},{"addr":140736916779098,"idx":2},{"addr":140736916773567,"idx":3},{"addr":140736872000489,"idx":4},{"addr":140736564313988,"idx":5},{"addr":140736564317195,"idx":6},{"addr":140736564310991,"idx":7},{"addr":140736564312326,"idx":8},{"addr":140736564315077,"idx":9},{"addr":140736823462372,"idx":10},{"addr":140736823295874,"idx":11},{"addr":140736823288719,"idx":12},{"addr":140736823283182,"idx":13},{"addr":140736823711170,"idx":14},{"addr":140736823633170,"idx":15},{"addr":140702874566201,"idx":16},{"addr":140702874543067,"idx":17},{"addr":140736897083607,"idx":18},{"addr":140736916996940,"idx":19}],,,,,,,,,13192,,,,,,,,,,,,,,,,,,,,,,,,,,,,,,,,,,,,2757975175,140736805928960,140736805928960,801211,749568,,,,,,,,,,,,,,,,,,,,,,,,,,,,,,,,,,,,,,,,,,,,,,,,,,,,,,,,,,,,,,,,,,,,,,,
"2025-09-02 15:13:22.5575475Z","ETW","Microsoft-Windows-Kernel-Audit-API-Calls",5,"Info ",4900,7676,"ctfmon.exe",,,,,,,,,,,,,,,,[{"addr":140736918206916,"idx":0},{"addr":140736900739521,"idx":1},{"addr":140736900742168,"idx":2},{"addr":140736900735498,"idx":3},{"addr":140736901294627,"idx":4},{"addr":140736897083607,"idx":5},{"addr":140736916996940,"idx":6}],,,,,,,,,,,,,,,,,,,4096,0,19464,,,,,,,,,,,,,,,,,,,,,,,,,,,,,,,,,,,,,,,,,,,,,,,,,,,,,,,,,,,,,,,,,,,,,,,,,,,,,,,,,,,,,,,,,,,,,,,,,,,
"2025-09-02 15:13:22.5575890Z","ETW","Microsoft-Windows-Kernel-Process",5,"ImageLoadInfo ",13192,1244,"WerFault.exe",,,,"C:\Windows\System32\CorePrivacySettingsStore.dll",,,,,,,,,,,,[{"addr":140736918203828,"idx":0},{"addr":140736917192506,"idx":1},{"addr":140736917191278,"idx":2},{"addr":140736917210764,"idx":3},{"addr":140736917202269,"idx":4},{"addr":140736917259140,"idx":5},{"addr":140736916785248,"idx":6},{"addr":140736916786774,"idx":7},{"addr":140736917021315,"idx":8},{"addr":140736917023197,"idx":9},{"addr":140736564319458,"idx":10},{"addr":140736564305775,"idx":11},{"addr":140736564316946,"idx":12},{"addr":140736564311035,"idx":13},{"addr":140736564312326,"idx":14},{"addr":140736564315077,"idx":15},{"addr":140736823462372,"idx":16},{"addr":140736823295874,"idx":17},{"addr":140736823288719,"idx":18},{"addr":140736823283182,"idx":19},{"addr":140736823711170,"idx":20},{"addr":140736823633170,"idx":21},{"addr":140702874566201,"idx":22},{"addr":140702874543067,"idx":23},{"addr":140736897083607,"idx":24},{"addr":140736916996940,"idx":25}],,,,,,,,,13192,,,,,,,,,,,,,,,,,,,,,,,,,,,,,,,,,,,,2978004593,140736557481984,140736557481984,263379,196608,,,,,,,,,,,,,,,,,,,,,,,,,,,,,,,,,,,,,,,,,,,,,,,,,,,,,,,,,,,,,,,,,,,,,,,
"2025-09-02 15:13:22.5594143Z","ETW","Microsoft-Windows-Kernel-Audit-API-Calls",5,"Info ",4900,6264,"ctfmon.exe",,,,,,,,,,,,,,,,[{"addr":140736918203764,"idx":0},{"addr":140736872731894,"idx":1},{"addr":140736661124088,"idx":2},{"addr":140736661123728,"idx":3},{"addr":140736661331367,"idx":4},{"addr":140736762331528,"idx":5},{"addr":140736762331337,"idx":6},{"addr":140736762342269,"idx":7},{"addr":140736761848934,"idx":8},{"addr":140736762102206,"idx":9},{"addr":140736761872922,"idx":10},{"addr":140736761870928,"idx":11},{"addr":140736813613695,"idx":12},{"addr":140736813611738,"idx":13},{"addr":140736813992650,"idx":14},{"addr":140736813605311,"idx":15},{"addr":140736813677306,"idx":16},{"addr":140736813675690,"idx":17},{"addr":140736813675059,"idx":18},{"addr":140736813705220,"idx":19},{"addr":140736813708749,"idx":20},{"addr":140736813707270,"idx":21},{"addr":140736813706702,"idx":22},{"addr":140736813666817,"idx":23},{"addr":140736813942079,"idx":24},{"addr":140736813625204,"idx":25},{"addr":140736813624077,"idx":26},{"addr":140736813683309,"idx":27},{"addr":140736813684989,"idx":28},{"addr":140736813684120,"idx":29},{"addr":140736813678304,"idx":30},{"addr":140736914162134,"idx":31},{"addr":140736914160220,"idx":32},{"addr":140736914362035,"idx":33},{"addr":140736918218964,"idx":34},{"addr":140736876122820,"idx":35},{"addr":140736914122143,"idx":36},{"addr":140736914122024,"idx":37},{"addr":140736813919654,"idx":38},{"addr":140736813919398,"idx":39},{"addr":140736813919071,"idx":40},{"addr":140736813638628,"idx":41},{"addr":140736814110186,"idx":42},{"addr":140736814085855,"idx":43},{"addr":140736813866763,"idx":44},{"addr":140736497381779,"idx":45},{"addr":140736497286952,"idx":46},{"addr":140736897083607,"idx":47},{"addr":140736916996940,"idx":48}],,,,,,,,,,,,,,,,,,,4096,0,19464,,,,,,,,,,,,,,,,,,,,,,,,,,,,,,,,,,,,,,,,,,,,,,,,,,,,,,,,,,,,,,,,,,,,,,,,,,,,,,,,,,,,,,,,,,,,,,,,,,,
"2025-09-02 15:13:22.5596360Z","ETW","Microsoft-Windows-Kernel-Process",5,"ImageLoadInfo ",13192,1244,"WerFault.exe",,,,"C:\Windows\System32\bcryptprimitives.dll",,,,,,,,,,,,[{"addr":140736918203828,"idx":0},{"addr":140736917192506,"idx":1},{"addr":140736917191278,"idx":2},{"addr":140736917190209,"idx":3},{"addr":140736916804181,"idx":4},{"addr":140736916785218,"idx":5},{"addr":140736916786774,"idx":6},{"addr":140736917021315,"idx":7},{"addr":140736917023197,"idx":8},{"addr":140736882386290,"idx":9},{"addr":140736882460095,"idx":10},{"addr":140736881997317,"idx":11},{"addr":140736823464291,"idx":12},{"addr":140736823279498,"idx":13},{"addr":140736823449839,"idx":14},{"addr":140736823711222,"idx":15},{"addr":140736823633170,"idx":16},{"addr":140702874566201,"idx":17},{"addr":140702874543067,"idx":18},{"addr":140736897083607,"idx":19},{"addr":140736916996940,"idx":20}],,,,,,,,,13192,,,,,,,,,,,,,,,,,,,,,,,,,,,,,,,,,,,,3318233078,140736867663872,140736867663872,705120,626688,,,,,,,,,,,,,,,,,,,,,,,,,,,,,,,,,,,,,,,,,,,,,,,,,,,,,,,,,,,,,,,,,,,,,,,
"2025-09-02 15:13:22.5600389Z","ETW","Microsoft-Windows-Kernel-File",30,"CreateNewFileInfo ",13192,1244,"WerFault.exe",,,,"C:\ProgramData\Microsoft\Windows\WER\Temp\1b41c03a-c317-412b-926a-60d9cd667817",,,,,,,,,,,,[{"addr":140736918205268,"idx":0},{"addr":140736823279700,"idx":1},{"addr":140736823449839,"idx":2},{"addr":140736823711222,"idx":3},{"addr":140736823633170,"idx":4},{"addr":140702874566201,"idx":5},{"addr":140702874543067,"idx":6},{"addr":140736897083607,"idx":7},{"addr":140736916996940,"idx":8}],128,33558528,18446660011223798080,18446660011374219512,1244,0,,,,,,,,,,,,,,,,,,,,,,,,,,,,,,,,,,,,,,,,,,,,,,,,,,,,,,,,,,,,,,,,,,,,,,,,,,,,,,,,,,,,,,,,,,,,,,,,,,,,,,,,,,,,,,,,,,
"2025-09-02 15:13:22.5600503Z","ETW","Microsoft-Windows-Kernel-File",10,"NameCreateInfo ",13192,1244,"WerFault.exe",,,,"C:\ProgramData\Microsoft\Windows\WER\Temp\1b41c03a-c317-412b-926a-60d9cd667817",,,,,,,,,,,,[{"addr":140736918205268,"idx":0},{"addr":140736823279700,"idx":1},{"addr":140736823449839,"idx":2},{"addr":140736823711222,"idx":3},{"addr":140736823633170,"idx":4},{"addr":140702874566201,"idx":5},{"addr":140702874543067,"idx":6},{"addr":140736897083607,"idx":7},{"addr":140736916996940,"idx":8}],,,,,,,18446708904256670576,,,,,,,,,,,,,,,,,,,,,,,,,,,,,,,,,,,,,,,,,,,,,,,,,,,,,,,,,,,,,,,,,,,,,,,,,,,,,,,,,,,,,,,,,,,,,,,,,,,,,,,,,,,,,,,,,
"2025-09-02 15:13:22.5600800Z","ETW","Microsoft-Windows-Kernel-Audit-API-Calls",5,"Info ",19464,11288,"CalculatorApp.exe",,,,,,,,,,,,,,,,[{"addr":140736918203764,"idx":0},{"addr":140736872731894,"idx":1},{"addr":140736762460701,"idx":2},{"addr":140736916975221,"idx":3},{"addr":140736872573249,"idx":4},{"addr":140736762226745,"idx":5},{"addr":140736762226426,"idx":6},{"addr":140736762225971,"idx":7},{"addr":140736762225798,"idx":8},{"addr":140736763379788,"idx":9},{"addr":140736762085141,"idx":10},{"addr":140736717829750,"idx":11},{"addr":140736882620003,"idx":12},{"addr":140736882628366,"idx":13},{"addr":140736881847376,"idx":14},{"addr":140736909646499,"idx":15},{"addr":140736909646267,"idx":16},{"addr":140736909643574,"idx":17},{"addr":140736909641089,"idx":18},{"addr":140736910206646,"idx":19},{"addr":140736909293663,"idx":20},{"addr":140736909422200,"idx":21},{"addr":140736909415344,"idx":22},{"addr":140736909399044,"idx":23},{"addr":140736909396888,"idx":24},{"addr":140736909396703,"idx":25},{"addr":140736701244707,"idx":26},{"addr":140736701243712,"idx":27},{"addr":140736701242814,"idx":28},{"addr":140736717678445,"idx":29},{"addr":140736717678250,"idx":30},{"addr":140736717677938,"idx":31},{"addr":140736902955098,"idx":32},{"addr":140736897083607,"idx":33},{"addr":140736916996940,"idx":34}],,,,,,,,,,,,,,,,,,,4096,0,19464,,,,,,,,,,,,,,,,,,,,,,,,,,,,,,,,,,,,,,,,,,,,,,,,,,,,,,,,,,,,,,,,,,,,,,,,,,,,,,,,,,,,,,,,,,,,,,,,,,,
"2025-09-02 15:13:22.5609835Z","ETW","Microsoft-Windows-Kernel-Process",5,"ImageLoadInfo ",19992,20412,"svchost.exe",,,,"C:\Windows\System32\policymanager.dll",,,,,,,,,,,,[{"addr":140736918203828,"idx":0},{"addr":140736917192506,"idx":1},{"addr":140736917191278,"idx":2},{"addr":140736917210764,"idx":3},{"addr":140736917201516,"idx":4},{"addr":140736917258922,"idx":5},{"addr":140736916785248,"idx":6},{"addr":140736916784352,"idx":7},{"addr":140736917101952,"idx":8},{"addr":140736872000198,"idx":9},{"addr":140736564313215,"idx":10},{"addr":140736564317195,"idx":11},{"addr":140736564310991,"idx":12},{"addr":140736564312326,"idx":13},{"addr":140736564315077,"idx":14},{"addr":140736823462372,"idx":15},{"addr":140736823295874,"idx":16},{"addr":140736823288719,"idx":17},{"addr":140736823283182,"idx":18},{"addr":140736823711170,"idx":19},{"addr":140736823633170,"idx":20},{"addr":140734019745915,"idx":21},{"addr":140734019690696,"idx":22},{"addr":140734019706334,"idx":23},{"addr":140736917282525,"idx":24},{"addr":140736917350969,"idx":25},{"addr":140736897083607,"idx":26},{"addr":140736916996940,"idx":27}],,,,,,,,,19992,,,,,,,,,,,,,,,,,,,,,,,,,,,,,,,,,,,,2757975175,140736805928960,140736805928960,801211,737280,,,,,,,,,,,,,,,,,,,,,,,,,,,,,,,,,,,,,,,,,,,,,,,,,,,,,,,,,,,,,,,,,,,,,,,
"2025-09-02 15:13:22.5611002Z","ETW","Microsoft-Windows-Kernel-Process",5,"ImageLoadInfo ",19992,20412,"svchost.exe",,,,"C:\Windows\System32\msvcrt.dll",,,,,,,,,,,,[{"addr":140736918203828,"idx":0},{"addr":140736917192506,"idx":1},{"addr":140736917191278,"idx":2},{"addr":140736917190209,"idx":3},{"addr":140736916798526,"idx":4},{"addr":140736916790798,"idx":5},{"addr":140736917191656,"idx":6},{"addr":140736917210764,"idx":7},{"addr":140736917201516,"idx":8},{"addr":140736917258922,"idx":9},{"addr":140736916785248,"idx":10},{"addr":140736916784352,"idx":11},{"addr":140736917101952,"idx":12},{"addr":140736872000198,"idx":13},{"addr":140736564313215,"idx":14},{"addr":140736564317195,"idx":15},{"addr":140736564310991,"idx":16},{"addr":140736564312326,"idx":17},{"addr":140736564315077,"idx":18},{"addr":140736823462372,"idx":19},{"addr":140736823295874,"idx":20},{"addr":140736823288719,"idx":21},{"addr":140736823283182,"idx":22},{"addr":140736823711170,"idx":23},{"addr":140736823633170,"idx":24},{"addr":140734019745915,"idx":25},{"addr":140734019690696,"idx":26},{"addr":140734019706334,"idx":27},{"addr":140736917282525,"idx":28},{"addr":140736917350969,"idx":29},{"addr":140736897083607,"idx":30},{"addr":140736916996940,"idx":31}],,,,,,,,,19992,,,,,,,,,,,,,,,,,,,,,,,,,,,,,,,,,,,,2634004398,140736913342464,140736913342464,729924,692224,,,,,,,,,,,,,,,,,,,,,,,,,,,,,,,,,,,,,,,,,,,,,,,,,,,,,,,,,,,,,,,,,,,,,,,
"2025-09-02 15:13:22.5616158Z","ETW","Microsoft-Windows-Kernel-Process",5,"ImageLoadInfo ",19992,7332,"svchost.exe",,,,"C:\Windows\System32\msvcp110_win.dll",,,,,,,,,,,,[{"addr":140736918203828,"idx":0},{"addr":140736917192506,"idx":1},{"addr":140736917191278,"idx":2},{"addr":140736917210764,"idx":3},{"addr":140736917201516,"idx":4},{"addr":140736917258922,"idx":5},{"addr":140736917255216,"idx":6},{"addr":140736917350945,"idx":7},{"addr":140736897083607,"idx":8},{"addr":140736916996940,"idx":9}],,,,,,,,,19992,,,,,,,,,,,,,,,,,,,,,,,,,,,,,,,,,,,,3464179610,140736793542656,140736793542656,602786,593920,,,,,,,,,,,,,,,,,,,,,,,,,,,,,,,,,,,,,,,,,,,,,,,,,,,,,,,,,,,,,,,,,,,,,,,
"2025-09-02 15:13:22.5624804Z","ETW","Microsoft-Windows-Kernel-Process",6,"ImageUnloadInfo ",19992,20412,"svchost.exe",,,,"C:\Windows\System32\msvcp110_win.dll",,,,,,,,,,,,[{"addr":140736918203892,"idx":0},{"addr":140736917028534,"idx":1},{"addr":140736916779098,"idx":2},{"addr":140736916769422,"idx":3},{"addr":140736916769266,"idx":4},{"addr":140736916768404,"idx":5},{"addr":140736916773680,"idx":6},{"addr":140736872000489,"idx":7},{"addr":140736564313988,"idx":8},{"addr":140736564317195,"idx":9},{"addr":140736564310991,"idx":10},{"addr":140736564312326,"idx":11},{"addr":140736564315077,"idx":12},{"addr":140736823462372,"idx":13},{"addr":140736823295874,"idx":14},{"addr":140736823288719,"idx":15},{"addr":140736823283182,"idx":16},{"addr":140736823711170,"idx":17},{"addr":140736823633170,"idx":18},{"addr":140734019745915,"idx":19},{"addr":140734019690696,"idx":20},{"addr":140734019706334,"idx":21},{"addr":140736917282525,"idx":22},{"addr":140736917350969,"idx":23},{"addr":140736897083607,"idx":24},{"addr":140736916996940,"idx":25}],,,,,,,,,19992,,,,,,,,,,,,,,,,,,,,,,,,,,,,,,,,,,,,3464179610,140736793542656,140736793542656,602786,606208,,,,,,,,,,,,,,,,,,,,,,,,,,,,,,,,,,,,,,,,,,,,,,,,,,,,,,,,,,,,,,,,,,,,,,,
"2025-09-02 15:13:22.5625907Z","ETW","Microsoft-Windows-Kernel-Process",6,"ImageUnloadInfo ",19992,20412,"svchost.exe",,,,"C:\Windows\System32\msvcrt.dll",,,,,,,,,,,,[{"addr":140736918203892,"idx":0},{"addr":140736917028534,"idx":1},{"addr":140736916779098,"idx":2},{"addr":140736916769422,"idx":3},{"addr":140736916769266,"idx":4},{"addr":140736916768404,"idx":5},{"addr":140736916773680,"idx":6},{"addr":140736872000489,"idx":7},{"addr":140736564313988,"idx":8},{"addr":140736564317195,"idx":9},{"addr":140736564310991,"idx":10},{"addr":140736564312326,"idx":11},{"addr":140736564315077,"idx":12},{"addr":140736823462372,"idx":13},{"addr":140736823295874,"idx":14},{"addr":140736823288719,"idx":15},{"addr":140736823283182,"idx":16},{"addr":140736823711170,"idx":17},{"addr":140736823633170,"idx":18},{"addr":140734019745915,"idx":19},{"addr":140734019690696,"idx":20},{"addr":140734019706334,"idx":21},{"addr":140736917282525,"idx":22},{"addr":140736917350969,"idx":23},{"addr":140736897083607,"idx":24},{"addr":140736916996940,"idx":25}],,,,,,,,,19992,,,,,,,,,,,,,,,,,,,,,,,,,,,,,,,,,,,,2634004398,140736913342464,140736913342464,729924,704512,,,,,,,,,,,,,,,,,,,,,,,,,,,,,,,,,,,,,,,,,,,,,,,,,,,,,,,,,,,,,,,,,,,,,,,
"2025-09-02 15:13:22.5626359Z","ETW","Microsoft-Windows-Kernel-Process",6,"ImageUnloadInfo ",19992,20412,"svchost.exe",,,,"C:\Windows\System32\policymanager.dll",,,,,,,,,,,,[{"addr":140736918203892,"idx":0},{"addr":140736917028534,"idx":1},{"addr":140736916779098,"idx":2},{"addr":140736916773567,"idx":3},{"addr":140736872000489,"idx":4},{"addr":140736564313988,"idx":5},{"addr":140736564317195,"idx":6},{"addr":140736564310991,"idx":7},{"addr":140736564312326,"idx":8},{"addr":140736564315077,"idx":9},{"addr":140736823462372,"idx":10},{"addr":140736823295874,"idx":11},{"addr":140736823288719,"idx":12},{"addr":140736823283182,"idx":13},{"addr":140736823711170,"idx":14},{"addr":140736823633170,"idx":15},{"addr":140734019745915,"idx":16},{"addr":140734019690696,"idx":17},{"addr":140734019706334,"idx":18},{"addr":140736917282525,"idx":19},{"addr":140736917350969,"idx":20},{"addr":140736897083607,"idx":21},{"addr":140736916996940,"idx":22}],,,,,,,,,19992,,,,,,,,,,,,,,,,,,,,,,,,,,,,,,,,,,,,2757975175,140736805928960,140736805928960,801211,749568,,,,,,,,,,,,,,,,,,,,,,,,,,,,,,,,,,,,,,,,,,,,,,,,,,,,,,,,,,,,,,,,,,,,,,,
"2025-09-02 15:13:22.5634810Z","ETW","Microsoft-Windows-Kernel-Process",5,"ImageLoadInfo ",19464,11288,"CalculatorApp.exe",,,,"C:\Windows\System32\Windows.UI.Immersive.dll",,,,,,,,,,,,[{"addr":140736918203828,"idx":0},{"addr":140736917192506,"idx":1},{"addr":140736917191278,"idx":2},{"addr":140736917210764,"idx":3},{"addr":140736917202269,"idx":4},{"addr":140736917259140,"idx":5},{"addr":140736916785248,"idx":6},{"addr":140736916784352,"idx":7},{"addr":140736917101952,"idx":8},{"addr":140736872000198,"idx":9},{"addr":140736909363845,"idx":10},{"addr":140736909362547,"idx":11},{"addr":140736909531736,"idx":12},{"addr":140736909524833,"idx":13},{"addr":140736909523551,"idx":14},{"addr":140736701386716,"idx":15},{"addr":140736701385887,"idx":16},{"addr":140736701384783,"idx":17},{"addr":140736678056520,"idx":18},{"addr":140736678081075,"idx":19},{"addr":140736678080096,"idx":20},{"addr":140736678077932,"idx":21},{"addr":140736678074355,"idx":22},{"addr":140736680625628,"idx":23},{"addr":140736717826820,"idx":24},{"addr":140736882620003,"idx":25},{"addr":140736882628366,"idx":26},{"addr":140736881847376,"idx":27},{"addr":140736909646499,"idx":28},{"addr":140736909646267,"idx":29},{"addr":140736909643574,"idx":30},{"addr":140736909641089,"idx":31},{"addr":140736910206646,"idx":32},{"addr":140736909293663,"idx":33},{"addr":140736909422200,"idx":34},{"addr":140736909415344,"idx":35},{"addr":140736909399044,"idx":36},{"addr":140736909396888,"idx":37},{"addr":140736909396703,"idx":38},{"addr":140736701244707,"idx":39},{"addr":140736701243712,"idx":40},{"addr":140736701242814,"idx":41},{"addr":140736717678445,"idx":42},{"addr":140736717678250,"idx":43},{"addr":140736717677938,"idx":44},{"addr":140736902955098,"idx":45},{"addr":140736897083607,"idx":46},{"addr":140736916996940,"idx":47}],,,,,,,,,19464,,,,,,,,,,,,,,,,,,,,,,,,,,,,,,,,,,,,533653671,140736697729024,140736697729024,1376848,1363968,,,,,,,,,,,,,,,,,,,,,,,,,,,,,,,,,,,,,,,,,,,,,,,,,,,,,,,,,,,,,,,,,,,,,,,
"2025-09-02 15:13:22.5637919Z","ETW","Microsoft-Windows-Kernel-Audit-API-Calls",5,"Info ",19464,11288,"CalculatorApp.exe",,,,,,,,,,,,,,,,[{"addr":140736918203764,"idx":0},{"addr":140736872731894,"idx":1},{"addr":140736697808266,"idx":2},{"addr":140736697808036,"idx":3},{"addr":140736697994150,"idx":4},{"addr":140736918195438,"idx":5},{"addr":140736917219838,"idx":6},{"addr":140736917215596,"idx":7},{"addr":140736916995194,"idx":8},{"addr":140736916991491,"idx":9},{"addr":140736916785364,"idx":10},{"addr":140736916784352,"idx":11},{"addr":140736917101952,"idx":12},{"addr":140736872000198,"idx":13},{"addr":140736909363845,"idx":14},{"addr":140736909362547,"idx":15},{"addr":140736909531736,"idx":16},{"addr":140736909524833,"idx":17},{"addr":140736909523551,"idx":18},{"addr":140736701386716,"idx":19},{"addr":140736701385887,"idx":20},{"addr":140736701384783,"idx":21},{"addr":140736678056520,"idx":22},{"addr":140736678081075,"idx":23},{"addr":140736678080096,"idx":24},{"addr":140736678077932,"idx":25},{"addr":140736678074355,"idx":26},{"addr":140736680625628,"idx":27},{"addr":140736717826820,"idx":28},{"addr":140736882620003,"idx":29},{"addr":140736882628366,"idx":30},{"addr":140736881847376,"idx":31},{"addr":140736909646499,"idx":32},{"addr":140736909646267,"idx":33},{"addr":140736909643574,"idx":34},{"addr":140736909641089,"idx":35},{"addr":140736910206646,"idx":36},{"addr":140736909293663,"idx":37},{"addr":140736909422200,"idx":38},{"addr":140736909415344,"idx":39},{"addr":140736909399044,"idx":40},{"addr":140736909396888,"idx":41},{"addr":140736909396703,"idx":42},{"addr":140736701244707,"idx":43},{"addr":140736701243712,"idx":44},{"addr":140736701242814,"idx":45},{"addr":140736717678445,"idx":46},{"addr":140736717678250,"idx":47},{"addr":140736717677938,"idx":48},{"addr":140736902955098,"idx":49},{"addr":140736897083607,"idx":50},{"addr":140736916996940,"idx":51}],,,,,,,,,,,,,,,,,,,4096,0,19464,,,,,,,,,,,,,,,,,,,,,,,,,,,,,,,,,,,,,,,,,,,,,,,,,,,,,,,,,,,,,,,,,,,,,,,,,,,,,,,,,,,,,,,,,,,,,,,,,,,
"2025-09-02 15:13:22.5642992Z","ETW","Microsoft-Windows-Kernel-File",30,"CreateNewFileInfo ",19992,20412,"svchost.exe",,,,"C:\ProgramData\Microsoft\Windows\WER\Temp\34a35140-7e25-4b88-8f92-21fd080c82e2",,,,,,,,,,,,[{"addr":140736918205268,"idx":0},{"addr":140736823279700,"idx":1},{"addr":140736823449839,"idx":2},{"addr":140736823711222,"idx":3},{"addr":140736823633170,"idx":4},{"addr":140734019745915,"idx":5},{"addr":140734019690696,"idx":6},{"addr":140734019706334,"idx":7},{"addr":140736917282525,"idx":8},{"addr":140736917350969,"idx":9},{"addr":140736897083607,"idx":10},{"addr":140736916996940,"idx":11}],128,33558528,18446660011106732608,18446660011092914424,20412,0,,,,,,,,,,,,,,,,,,,,,,,,,,,,,,,,,,,,,,,,,,,,,,,,,,,,,,,,,,,,,,,,,,,,,,,,,,,,,,,,,,,,,,,,,,,,,,,,,,,,,,,,,,,,,,,,,,
"2025-09-02 15:13:22.5643103Z","ETW","Microsoft-Windows-Kernel-File",10,"NameCreateInfo ",19992,20412,"svchost.exe",,,,"C:\ProgramData\Microsoft\Windows\WER\Temp\34a35140-7e25-4b88-8f92-21fd080c82e2",,,,,,,,,,,,[{"addr":140736918205268,"idx":0},{"addr":140736823279700,"idx":1},{"addr":140736823449839,"idx":2},{"addr":140736823711222,"idx":3},{"addr":140736823633170,"idx":4},{"addr":140734019745915,"idx":5},{"addr":140734019690696,"idx":6},{"addr":140734019706334,"idx":7},{"addr":140736917282525,"idx":8},{"addr":140736917350969,"idx":9},{"addr":140736897083607,"idx":10},{"addr":140736916996940,"idx":11}],,,,,,,18446708904554037616,,,,,,,,,,,,,,,,,,,,,,,,,,,,,,,,,,,,,,,,,,,,,,,,,,,,,,,,,,,,,,,,,,,,,,,,,,,,,,,,,,,,,,,,,,,,,,,,,,,,,,,,,,,,,,,,,
"2025-09-02 15:13:22.5647229Z","ETW","Microsoft-Windows-Kernel-Process",5,"ImageLoadInfo ",19464,11288,"CalculatorApp.exe",,,,"C:\Windows\System32\DataExchange.dll",,,,,,,,,,,,[{"addr":140736918203828,"idx":0},{"addr":140736917192506,"idx":1},{"addr":140736917191278,"idx":2},{"addr":140736917210764,"idx":3},{"addr":140736917202269,"idx":4},{"addr":140736917259140,"idx":5},{"addr":140736916785248,"idx":6},{"addr":140736916784352,"idx":7},{"addr":140736917101952,"idx":8},{"addr":140736872000198,"idx":9},{"addr":140736909363845,"idx":10},{"addr":140736909362547,"idx":11},{"addr":140736909531736,"idx":12},{"addr":140736909524833,"idx":13},{"addr":140736909523551,"idx":14},{"addr":140736679943043,"idx":15},{"addr":140736679942284,"idx":16},{"addr":140736678081097,"idx":17},{"addr":140736678080096,"idx":18},{"addr":140736678077932,"idx":19},{"addr":140736678074355,"idx":20},{"addr":140736680625628,"idx":21},{"addr":140736717826820,"idx":22},{"addr":140736882620003,"idx":23},{"addr":140736882628366,"idx":24},{"addr":140736881847376,"idx":25},{"addr":140736909646499,"idx":26},{"addr":140736909646267,"idx":27},{"addr":140736909643574,"idx":28},{"addr":140736909641089,"idx":29},{"addr":140736910206646,"idx":30},{"addr":140736909293663,"idx":31},{"addr":140736909422200,"idx":32},{"addr":140736909415344,"idx":33},{"addr":140736909399044,"idx":34},{"addr":140736909396888,"idx":35},{"addr":140736909396703,"idx":36},{"addr":140736701244707,"idx":37},{"addr":140736701243712,"idx":38},{"addr":140736701242814,"idx":39},{"addr":140736717678445,"idx":40},{"addr":140736717678250,"idx":41},{"addr":140736717677938,"idx":42},{"addr":140736902955098,"idx":43},{"addr":140736897083607,"idx":44},{"addr":140736916996940,"idx":45}],,,,,,,,,19464,,,,,,,,,,,,,,,,,,,,,,,,,,,,,,,,,,,,1473623662,140736401637376,140736401637376,413852,368640,,,,,,,,,,,,,,,,,,,,,,,,,,,,,,,,,,,,,,,,,,,,,,,,,,,,,,,,,,,,,,,,,,,,,,,
"2025-09-02 15:13:22.5649120Z","ETW","Microsoft-Windows-Kernel-Process",5,"ImageLoadInfo ",19992,20412,"svchost.exe",,,,"C:\Windows\System32\policymanager.dll",,,,,,,,,,,,[{"addr":140736918203828,"idx":0},{"addr":140736917192506,"idx":1},{"addr":140736917191278,"idx":2},{"addr":140736917210764,"idx":3},{"addr":140736917201516,"idx":4},{"addr":140736917258922,"idx":5},{"addr":140736916785248,"idx":6},{"addr":140736916784352,"idx":7},{"addr":140736917101952,"idx":8},{"addr":140736872000198,"idx":9},{"addr":140736564313215,"idx":10},{"addr":140736564317195,"idx":11},{"addr":140736564310991,"idx":12},{"addr":140736564312326,"idx":13},{"addr":140736564315077,"idx":14},{"addr":140736823462372,"idx":15},{"addr":140736823295874,"idx":16},{"addr":140736823288719,"idx":17},{"addr":140736823282766,"idx":18},{"addr":140736823711170,"idx":19},{"addr":140736823633223,"idx":20},{"addr":140734019745915,"idx":21},{"addr":140734019690696,"idx":22},{"addr":140734019706334,"idx":23},{"addr":140736917282525,"idx":24},{"addr":140736917350969,"idx":25},{"addr":140736897083607,"idx":26},{"addr":140736916996940,"idx":27}],,,,,,,,,19992,,,,,,,,,,,,,,,,,,,,,,,,,,,,,,,,,,,,2757975175,140736805928960,140736805928960,801211,737280,,,,,,,,,,,,,,,,,,,,,,,,,,,,,,,,,,,,,,,,,,,,,,,,,,,,,,,,,,,,,,,,,,,,,,,
"2025-09-02 15:13:22.5650049Z","ETW","Microsoft-Windows-Kernel-Process",5,"ImageLoadInfo ",19992,20412,"svchost.exe",,,,"C:\Windows\System32\msvcrt.dll",,,,,,,,,,,,[{"addr":140736918203828,"idx":0},{"addr":140736917192506,"idx":1},{"addr":140736917191278,"idx":2},{"addr":140736917190209,"idx":3},{"addr":140736916798526,"idx":4},{"addr":140736916790798,"idx":5},{"addr":140736917191656,"idx":6},{"addr":140736917210764,"idx":7},{"addr":140736917201516,"idx":8},{"addr":140736917258922,"idx":9},{"addr":140736916785248,"idx":10},{"addr":140736916784352,"idx":11},{"addr":140736917101952,"idx":12},{"addr":140736872000198,"idx":13},{"addr":140736564313215,"idx":14},{"addr":140736564317195,"idx":15},{"addr":140736564310991,"idx":16},{"addr":140736564312326,"idx":17},{"addr":140736564315077,"idx":18},{"addr":140736823462372,"idx":19},{"addr":140736823295874,"idx":20},{"addr":140736823288719,"idx":21},{"addr":140736823282766,"idx":22},{"addr":140736823711170,"idx":23},{"addr":140736823633223,"idx":24},{"addr":140734019745915,"idx":25},{"addr":140734019690696,"idx":26},{"addr":140734019706334,"idx":27},{"addr":140736917282525,"idx":28},{"addr":140736917350969,"idx":29},{"addr":140736897083607,"idx":30},{"addr":140736916996940,"idx":31}],,,,,,,,,19992,,,,,,,,,,,,,,,,,,,,,,,,,,,,,,,,,,,,2634004398,140736913342464,140736913342464,729924,692224,,,,,,,,,,,,,,,,,,,,,,,,,,,,,,,,,,,,,,,,,,,,,,,,,,,,,,,,,,,,,,,,,,,,,,,
"2025-09-02 15:13:22.5650870Z","ETW","Microsoft-Windows-Kernel-Audit-API-Calls",5,"Info ",19464,11288,"CalculatorApp.exe",,,,,,,,,,,,,,,,[{"addr":140736918203764,"idx":0},{"addr":140736872731894,"idx":1},{"addr":140736717697306,"idx":2},{"addr":140736401658233,"idx":3},{"addr":140736401662072,"idx":4},{"addr":140736679943092,"idx":5},{"addr":140736679942284,"idx":6},{"addr":140736678081097,"idx":7},{"addr":140736678080096,"idx":8},{"addr":140736678077932,"idx":9},{"addr":140736678074355,"idx":10},{"addr":140736680625628,"idx":11},{"addr":140736717826820,"idx":12},{"addr":140736882620003,"idx":13},{"addr":140736882628366,"idx":14},{"addr":140736881847376,"idx":15},{"addr":140736909646499,"idx":16},{"addr":140736909646267,"idx":17},{"addr":140736909643574,"idx":18},{"addr":140736909641089,"idx":19},{"addr":140736910206646,"idx":20},{"addr":140736909293663,"idx":21},{"addr":140736909422200,"idx":22},{"addr":140736909415344,"idx":23},{"addr":140736909399044,"idx":24},{"addr":140736909396888,"idx":25},{"addr":140736909396703,"idx":26},{"addr":140736701244707,"idx":27},{"addr":140736701243712,"idx":28},{"addr":140736701242814,"idx":29},{"addr":140736717678445,"idx":30},{"addr":140736717678250,"idx":31},{"addr":140736717677938,"idx":32},{"addr":140736902955098,"idx":33},{"addr":140736897083607,"idx":34},{"addr":140736916996940,"idx":35}],,,,,,,,,,,,,,,,,,,4096,0,19464,,,,,,,,,,,,,,,,,,,,,,,,,,,,,,,,,,,,,,,,,,,,,,,,,,,,,,,,,,,,,,,,,,,,,,,,,,,,,,,,,,,,,,,,,,,,,,,,,,,
"2025-09-02 15:13:22.5652964Z","ETW","Microsoft-Windows-Kernel-Process",5,"ImageLoadInfo ",19992,20412,"svchost.exe",,,,"C:\Windows\System32\msvcp110_win.dll",,,,,,,,,,,,[{"addr":140736918203828,"idx":0},{"addr":140736917192506,"idx":1},{"addr":140736917191278,"idx":2},{"addr":140736917210764,"idx":3},{"addr":140736917201516,"idx":4},{"addr":140736917258922,"idx":5},{"addr":140736916999751,"idx":6},{"addr":140736916785258,"idx":7},{"addr":140736916784352,"idx":8},{"addr":140736917101952,"idx":9},{"addr":140736872000198,"idx":10},{"addr":140736564313215,"idx":11},{"addr":140736564317195,"idx":12},{"addr":140736564310991,"idx":13},{"addr":140736564312326,"idx":14},{"addr":140736564315077,"idx":15},{"addr":140736823462372,"idx":16},{"addr":140736823295874,"idx":17},{"addr":140736823288719,"idx":18},{"addr":140736823282766,"idx":19},{"addr":140736823711170,"idx":20},{"addr":140736823633223,"idx":21},{"addr":140734019745915,"idx":22},{"addr":140734019690696,"idx":23},{"addr":140734019706334,"idx":24},{"addr":140736917282525,"idx":25},{"addr":140736917350969,"idx":26},{"addr":140736897083607,"idx":27},{"addr":140736916996940,"idx":28}],,,,,,,,,19992,,,,,,,,,,,,,,,,,,,,,,,,,,,,,,,,,,,,3464179610,140736793542656,140736793542656,602786,593920,,,,,,,,,,,,,,,,,,,,,,,,,,,,,,,,,,,,,,,,,,,,,,,,,,,,,,,,,,,,,,,,,,,,,,,
"2025-09-02 15:13:22.5661476Z","ETW","Microsoft-Windows-Kernel-Process",6,"ImageUnloadInfo ",19992,20412,"svchost.exe",,,,"C:\Windows\System32\msvcp110_win.dll",,,,,,,,,,,,[{"addr":140736918203892,"idx":0},{"addr":140736917028534,"idx":1},{"addr":140736916779098,"idx":2},{"addr":140736916769422,"idx":3},{"addr":140736916769266,"idx":4},{"addr":140736916768404,"idx":5},{"addr":140736916773680,"idx":6},{"addr":140736872000489,"idx":7},{"addr":140736564313988,"idx":8},{"addr":140736564317195,"idx":9},{"addr":140736564310991,"idx":10},{"addr":140736564312326,"idx":11},{"addr":140736564315077,"idx":12},{"addr":140736823462372,"idx":13},{"addr":140736823295874,"idx":14},{"addr":140736823288719,"idx":15},{"addr":140736823282766,"idx":16},{"addr":140736823711170,"idx":17},{"addr":140736823633223,"idx":18},{"addr":140734019745915,"idx":19},{"addr":140734019690696,"idx":20},{"addr":140734019706334,"idx":21},{"addr":140736917282525,"idx":22},{"addr":140736917350969,"idx":23},{"addr":140736897083607,"idx":24},{"addr":140736916996940,"idx":25}],,,,,,,,,19992,,,,,,,,,,,,,,,,,,,,,,,,,,,,,,,,,,,,3464179610,140736793542656,140736793542656,602786,606208,,,,,,,,,,,,,,,,,,,,,,,,,,,,,,,,,,,,,,,,,,,,,,,,,,,,,,,,,,,,,,,,,,,,,,,
"2025-09-02 15:13:22.5662597Z","ETW","Microsoft-Windows-Kernel-Process",6,"ImageUnloadInfo ",19992,20412,"svchost.exe",,,,"C:\Windows\System32\msvcrt.dll",,,,,,,,,,,,[{"addr":140736918203892,"idx":0},{"addr":140736917028534,"idx":1},{"addr":140736916779098,"idx":2},{"addr":140736916769422,"idx":3},{"addr":140736916769266,"idx":4},{"addr":140736916768404,"idx":5},{"addr":140736916773680,"idx":6},{"addr":140736872000489,"idx":7},{"addr":140736564313988,"idx":8},{"addr":140736564317195,"idx":9},{"addr":140736564310991,"idx":10},{"addr":140736564312326,"idx":11},{"addr":140736564315077,"idx":12},{"addr":140736823462372,"idx":13},{"addr":140736823295874,"idx":14},{"addr":140736823288719,"idx":15},{"addr":140736823282766,"idx":16},{"addr":140736823711170,"idx":17},{"addr":140736823633223,"idx":18},{"addr":140734019745915,"idx":19},{"addr":140734019690696,"idx":20},{"addr":140734019706334,"idx":21},{"addr":140736917282525,"idx":22},{"addr":140736917350969,"idx":23},{"addr":140736897083607,"idx":24},{"addr":140736916996940,"idx":25}],,,,,,,,,19992,,,,,,,,,,,,,,,,,,,,,,,,,,,,,,,,,,,,2634004398,140736913342464,140736913342464,729924,704512,,,,,,,,,,,,,,,,,,,,,,,,,,,,,,,,,,,,,,,,,,,,,,,,,,,,,,,,,,,,,,,,,,,,,,,
"2025-09-02 15:13:22.5663127Z","ETW","Microsoft-Windows-Kernel-Process",6,"ImageUnloadInfo ",19992,20412,"svchost.exe",,,,"C:\Windows\System32\policymanager.dll",,,,,,,,,,,,[{"addr":140736918203892,"idx":0},{"addr":140736917028534,"idx":1},{"addr":140736916779098,"idx":2},{"addr":140736916773567,"idx":3},{"addr":140736872000489,"idx":4},{"addr":140736564313988,"idx":5},{"addr":140736564317195,"idx":6},{"addr":140736564310991,"idx":7},{"addr":140736564312326,"idx":8},{"addr":140736564315077,"idx":9},{"addr":140736823462372,"idx":10},{"addr":140736823295874,"idx":11},{"addr":140736823288719,"idx":12},{"addr":140736823282766,"idx":13},{"addr":140736823711170,"idx":14},{"addr":140736823633223,"idx":15},{"addr":140734019745915,"idx":16},{"addr":140734019690696,"idx":17},{"addr":140734019706334,"idx":18},{"addr":140736917282525,"idx":19},{"addr":140736917350969,"idx":20},{"addr":140736897083607,"idx":21},{"addr":140736916996940,"idx":22}],,,,,,,,,19992,,,,,,,,,,,,,,,,,,,,,,,,,,,,,,,,,,,,2757975175,140736805928960,140736805928960,801211,749568,,,,,,,,,,,,,,,,,,,,,,,,,,,,,,,,,,,,,,,,,,,,,,,,,,,,,,,,,,,,,,,,,,,,,,,
"2025-09-02 15:13:22.5665410Z","ETW","Microsoft-Windows-Kernel-Process",3,"ThreadStartStart ",19464,14900,"CalculatorApp.exe",,,,,,,,,,,,,,,,[{"addr":140736918216388,"idx":0},{"addr":140736917258753,"idx":1},{"addr":140736872809483,"idx":2},{"addr":140736902986336,"idx":3},{"addr":140736917282525,"idx":4},{"addr":140736917350969,"idx":5},{"addr":140736897083607,"idx":6},{"addr":140736916996940,"idx":7}],,,,,,,,,19464,18446639081576329216,18446639081576304640,140736917348896,0,926182486016,22092,926196695040,926196690944,140736917348896,,,,,,,,,,,,,,,,,,,,,,,,,,,,,,,,,,,,,,,,,,,,,,,,,,,,,,,,,,,,,,,,,,,,,,,,,,,,,,,,,,,,,,,,,,,,,,,,,,,,,,
"2025-09-02 15:13:22.5665675Z","ETW","Microsoft-Windows-Kernel-Audit-API-Calls",5,"Info ",5380,5932,"explorer.exe",,,,,,,,,,,,,,,,[{"addr":140736918203764,"idx":0},{"addr":140736872731894,"idx":1},{"addr":140736402635997,"idx":2},{"addr":140736444426842,"idx":3},{"addr":140736444422450,"idx":4},{"addr":140736380163635,"idx":5},{"addr":140736379887339,"idx":6},{"addr":140736379886107,"idx":7},{"addr":140736380085383,"idx":8},{"addr":140736380059802,"idx":9},{"addr":140736380059676,"idx":10},{"addr":140736914162134,"idx":11},{"addr":140736914152749,"idx":12},{"addr":140736385072015,"idx":13},{"addr":140736385153039,"idx":14},{"addr":140736385398901,"idx":15},{"addr":140736385399961,"idx":16},{"addr":140736897083607,"idx":17},{"addr":140736916996940,"idx":18}],,,,,,,,,,,,,,,,,,,4096,0,19464,,,,,,,,,,,,,,,,,,,,,,,,,,,,,,,,,,,,,,,,,,,,,,,,,,,,,,,,,,,,,,,,,,,,,,,,,,,,,,,,,,,,,,,,,,,,,,,,,,,
"2025-09-02 15:13:22.5665928Z","ETW","Microsoft-Windows-Kernel-Audit-API-Calls",5,"Info ",5380,5932,"explorer.exe",,,,,,,,,,,,,,,,[{"addr":140736918203764,"idx":0},{"addr":140736872731894,"idx":1},{"addr":140736444439923,"idx":2},{"addr":140736446232830,"idx":3},{"addr":140736444427132,"idx":4},{"addr":140736444422450,"idx":5},{"addr":140736380163635,"idx":6},{"addr":140736379887339,"idx":7},{"addr":140736379886107,"idx":8},{"addr":140736380085383,"idx":9},{"addr":140736380059802,"idx":10},{"addr":140736380059676,"idx":11},{"addr":140736914162134,"idx":12},{"addr":140736914152749,"idx":13},{"addr":140736385072015,"idx":14},{"addr":140736385153039,"idx":15},{"addr":140736385398901,"idx":16},{"addr":140736385399961,"idx":17},{"addr":140736897083607,"idx":18},{"addr":140736916996940,"idx":19}],,,,,,,,,,,,,,,,,,,4096,0,19464,,,,,,,,,,,,,,,,,,,,,,,,,,,,,,,,,,,,,,,,,,,,,,,,,,,,,,,,,,,,,,,,,,,,,,,,,,,,,,,,,,,,,,,,,,,,,,,,,,,
"2025-09-02 15:13:22.5675211Z","ETW","Microsoft-Windows-Kernel-Audit-API-Calls",5,"Info ",19464,11288,"CalculatorApp.exe",,,,,,,,,,,,,,,,[{"addr":140736918203764,"idx":0},{"addr":140736872731894,"idx":1},{"addr":140736910267845,"idx":2},{"addr":140736677301348,"idx":3},{"addr":140736677299343,"idx":4},{"addr":140736678074442,"idx":5},{"addr":140736680625628,"idx":6},{"addr":140736717826820,"idx":7},{"addr":140736882620003,"idx":8},{"addr":140736882628366,"idx":9},{"addr":140736881847376,"idx":10},{"addr":140736909646499,"idx":11},{"addr":140736909646267,"idx":12},{"addr":140736909643574,"idx":13},{"addr":140736909641089,"idx":14},{"addr":140736910206646,"idx":15},{"addr":140736909293663,"idx":16},{"addr":140736909422200,"idx":17},{"addr":140736909415344,"idx":18},{"addr":140736909399044,"idx":19},{"addr":140736909396888,"idx":20},{"addr":140736909396703,"idx":21},{"addr":140736701244707,"idx":22},{"addr":140736701243712,"idx":23},{"addr":140736701242814,"idx":24},{"addr":140736717678445,"idx":25},{"addr":140736717678250,"idx":26},{"addr":140736717677938,"idx":27},{"addr":140736902955098,"idx":28},{"addr":140736897083607,"idx":29},{"addr":140736916996940,"idx":30}],,,,,,,,,,,,,,,,,,,4096,0,19464,,,,,,,,,,,,,,,,,,,,,,,,,,,,,,,,,,,,,,,,,,,,,,,,,,,,,,,,,,,,,,,,,,,,,,,,,,,,,,,,,,,,,,,,,,,,,,,,,,,
"2025-09-02 15:13:22.5681418Z","ETW","Microsoft-Windows-Kernel-File",30,"CreateNewFileInfo ",19992,20412,"svchost.exe",,,,"C:\ProgramData\Microsoft\Windows\WER\Temp\398540f4-b948-4cfc-9476-dcbba7f78d31",,,,,,,,,,,,[{"addr":140736918205268,"idx":0},{"addr":140736823279700,"idx":1},{"addr":140736823449839,"idx":2},{"addr":140736823711222,"idx":3},{"addr":140736823633223,"idx":4},{"addr":140734019745915,"idx":5},{"addr":140734019690696,"idx":6},{"addr":140734019706334,"idx":7},{"addr":140736917282525,"idx":8},{"addr":140736917350969,"idx":9},{"addr":140736897083607,"idx":10},{"addr":140736916996940,"idx":11}],128,33558528,18446660011106578608,18446660011092914424,20412,0,,,,,,,,,,,,,,,,,,,,,,,,,,,,,,,,,,,,,,,,,,,,,,,,,,,,,,,,,,,,,,,,,,,,,,,,,,,,,,,,,,,,,,,,,,,,,,,,,,,,,,,,,,,,,,,,,,
"2025-09-02 15:13:22.5681541Z","ETW","Microsoft-Windows-Kernel-File",10,"NameCreateInfo ",19992,20412,"svchost.exe",,,,"C:\ProgramData\Microsoft\Windows\WER\Temp\398540f4-b948-4cfc-9476-dcbba7f78d31",,,,,,,,,,,,[{"addr":140736918205268,"idx":0},{"addr":140736823279700,"idx":1},{"addr":140736823449839,"idx":2},{"addr":140736823711222,"idx":3},{"addr":140736823633223,"idx":4},{"addr":140734019745915,"idx":5},{"addr":140734019690696,"idx":6},{"addr":140734019706334,"idx":7},{"addr":140736917282525,"idx":8},{"addr":140736917350969,"idx":9},{"addr":140736897083607,"idx":10},{"addr":140736916996940,"idx":11}],,,,,,,18446708904733524336,,,,,,,,,,,,,,,,,,,,,,,,,,,,,,,,,,,,,,,,,,,,,,,,,,,,,,,,,,,,,,,,,,,,,,,,,,,,,,,,,,,,,,,,,,,,,,,,,,,,,,,,,,,,,,,,,
"2025-09-02 15:13:22.5683631Z","ETW","Microsoft-Windows-Kernel-Process",3,"ThreadStartStart ",4,72,"System",,,,,,,,,,,,,,,,[],,,,,,,,,19464,18446639081576300544,18446639081576275968,140736917348896,0,926182494208,4664,926197743616,926197739520,140736917348896,,,,,,,,,,,,,,,,,,,,,,,,,,,,,,,,,,,,,,,,,,,,,,,,,,,,,,,,,,,,,,,,,,,,,,,,,,,,,,,,,,,,,,,,,,,,,,,,,,,,,,
"2025-09-02 15:13:22.5690382Z","ETW","Microsoft-Antimalware-Engine",59,"Message Info ",1912,11468,"MsMpEng.exe",,,,,,0,"Behavior:Win32/NonStdSvchostProcess.A","0x19B3378537B0","a46a2542652cb8bc637538e84e4072ba74767f54",,,,,,,[],,,,,,,,,,,,,,,,,,,,,,,,,,,,,,,,,,,,,,,,,,,,,,,,,,,,,,,,,,,,,,,,,,,,,,,,,,,,,,,,,,,,,,,,,,,,,,,,,,,,,,,,,,,,,,,,,,,,,,,,
"2025-09-02 15:13:22.5692215Z","ETW","Microsoft-Windows-Kernel-Process",5,"ImageLoadInfo ",13192,1244,"WerFault.exe",,,,"C:\Windows\System32\policymanager.dll",,,,,,,,,,,,[{"addr":140736918203828,"idx":0},{"addr":140736917192506,"idx":1},{"addr":140736917191278,"idx":2},{"addr":140736917210764,"idx":3},{"addr":140736917201516,"idx":4},{"addr":140736917258922,"idx":5},{"addr":140736916785248,"idx":6},{"addr":140736916784352,"idx":7},{"addr":140736917101952,"idx":8},{"addr":140736872000198,"idx":9},{"addr":140736564313215,"idx":10},{"addr":140736564317195,"idx":11},{"addr":140736564310991,"idx":12},{"addr":140736564312326,"idx":13},{"addr":140736564315077,"idx":14},{"addr":140736823462372,"idx":15},{"addr":140736823295874,"idx":16},{"addr":140736823288719,"idx":17},{"addr":140736823282766,"idx":18},{"addr":140736823711170,"idx":19},{"addr":140736823633223,"idx":20},{"addr":140702874566201,"idx":21},{"addr":140702874543067,"idx":22},{"addr":140736897083607,"idx":23},{"addr":140736916996940,"idx":24}],,,,,,,,,13192,,,,,,,,,,,,,,,,,,,,,,,,,,,,,,,,,,,,2757975175,140736805928960,140736805928960,801211,737280,,,,,,,,,,,,,,,,,,,,,,,,,,,,,,,,,,,,,,,,,,,,,,,,,,,,,,,,,,,,,,,,,,,,,,,
"2025-09-02 15:13:22.5693068Z","ETW","Microsoft-Windows-Kernel-Audit-API-Calls",5,"Info ",19464,11288,"CalculatorApp.exe",,,,,,,,,,,,,,,,[{"addr":140736918203764,"idx":0},{"addr":140736872731894,"idx":1},{"addr":140736717697306,"idx":2},{"addr":140736717692980,"idx":3},{"addr":140733857021493,"idx":4},{"addr":140733857023336,"idx":5},{"addr":140733858650757,"idx":6},{"addr":140733858653435,"idx":7},{"addr":140733856615339,"idx":8},{"addr":140733857090463,"idx":9},{"addr":140733857744570,"idx":10},{"addr":140736681236363,"idx":11},{"addr":140736681236210,"idx":12},{"addr":140736681102204,"idx":13},{"addr":140736681748698,"idx":14},{"addr":140736717743674,"idx":15},{"addr":140736717740499,"idx":16},{"addr":140736882620003,"idx":17},{"addr":140736882628366,"idx":18},{"addr":140736881847376,"idx":19},{"addr":140736909646499,"idx":20},{"addr":140736909646267,"idx":21},{"addr":140736909643574,"idx":22},{"addr":140736909641089,"idx":23},{"addr":140736910206646,"idx":24},{"addr":140736909293663,"idx":25},{"addr":140736909422200,"idx":26},{"addr":140736909415344,"idx":27},{"addr":140736909399044,"idx":28},{"addr":140736909260610,"idx":29},{"addr":140736909258954,"idx":30},{"addr":140736701243791,"idx":31},{"addr":140736701242814,"idx":32},{"addr":140736717678445,"idx":33},{"addr":140736717678250,"idx":34},{"addr":140736717677938,"idx":35},{"addr":140736902955098,"idx":36},{"addr":140736897083607,"idx":37},{"addr":140736916996940,"idx":38}],,,,,,,,,,,,,,,,,,,4096,0,19464,,,,,,,,,,,,,,,,,,,,,,,,,,,,,,,,,,,,,,,,,,,,,,,,,,,,,,,,,,,,,,,,,,,,,,,,,,,,,,,,,,,,,,,,,,,,,,,,,,,
"2025-09-02 15:13:22.5695743Z","ETW","Microsoft-Windows-Kernel-Process",5,"ImageLoadInfo ",13192,22064,"WerFault.exe",,,,"C:\Windows\System32\msvcp110_win.dll",,,,,,,,,,,,[{"addr":140736918203828,"idx":0},{"addr":140736917192506,"idx":1},{"addr":140736917191278,"idx":2},{"addr":140736917210764,"idx":3},{"addr":140736917201516,"idx":4},{"addr":140736917258922,"idx":5},{"addr":140736917255216,"idx":6},{"addr":140736917350945,"idx":7},{"addr":140736897083607,"idx":8},{"addr":140736916996940,"idx":9}],,,,,,,,,13192,,,,,,,,,,,,,,,,,,,,,,,,,,,,,,,,,,,,3464179610,140736793542656,140736793542656,602786,593920,,,,,,,,,,,,,,,,,,,,,,,,,,,,,,,,,,,,,,,,,,,,,,,,,,,,,,,,,,,,,,,,,,,,,,,
"2025-09-02 15:13:22.5696285Z","ETW","Microsoft-Antimalware-Engine",59,"Message Info ",1912,11468,"MsMpEng.exe",,,,,,0,"Behavior:Win32/NonStdSvchostProcess.A","0x19B3378537B0","a46a2542652cb8bc637538e84e4072ba74767f54",,,,,,,[],,,,,,,,,,,,,,,,,,,,,,,,,,,,,,,,,,,,,,,,,,,,,,,,,,,,,,,,,,,,,,,,,,,,,,,,,,,,,,,,,,,,,,,,,,,,,,,,,,,,,,,,,,,,,,,,,,,,,,,,
"2025-09-02 15:13:22.5698516Z","ETW","Microsoft-Windows-Kernel-Process",5,"ImageLoadInfo ",19464,11288,"CalculatorApp.exe",,,,"C:\Windows\System32\Windows.Storage.ApplicationData.dll",,,,,,,,,,,,[{"addr":140736918203828,"idx":0},{"addr":140736917192506,"idx":1},{"addr":140736917191278,"idx":2},{"addr":140736917210764,"idx":3},{"addr":140736917202269,"idx":4},{"addr":140736917259140,"idx":5},{"addr":140736916785248,"idx":6},{"addr":140736916784352,"idx":7},{"addr":140736917101952,"idx":8},{"addr":140736872000198,"idx":9},{"addr":140736909363845,"idx":10},{"addr":140736909362547,"idx":11},{"addr":140736909531736,"idx":12},{"addr":140736909524833,"idx":13},{"addr":140736909523551,"idx":14},{"addr":140733401757042,"idx":15},{"addr":140733401756635,"idx":16},{"addr":140733401756493,"idx":17},{"addr":140733401959797,"idx":18},{"addr":140733858650780,"idx":19},{"addr":140733858653435,"idx":20},{"addr":140733856615339,"idx":21},{"addr":140733857090463,"idx":22},{"addr":140733857744570,"idx":23},{"addr":140736681236363,"idx":24},{"addr":140736681236210,"idx":25},{"addr":140736681102204,"idx":26},{"addr":140736681748698,"idx":27},{"addr":140736717743674,"idx":28},{"addr":140736717740499,"idx":29},{"addr":140736882620003,"idx":30},{"addr":140736882628366,"idx":31},{"addr":140736881847376,"idx":32},{"addr":140736909646499,"idx":33},{"addr":140736909646267,"idx":34},{"addr":140736909643574,"idx":35},{"addr":140736909641089,"idx":36},{"addr":140736910206646,"idx":37},{"addr":140736909293663,"idx":38},{"addr":140736909422200,"idx":39},{"addr":140736909415344,"idx":40},{"addr":140736909399044,"idx":41},{"addr":140736909260610,"idx":42},{"addr":140736909258954,"idx":43},{"addr":140736701243791,"idx":44},{"addr":140736701242814,"idx":45},{"addr":140736717678445,"idx":46},{"addr":140736717678250,"idx":47},{"addr":140736717677938,"idx":48},{"addr":140736902955098,"idx":49},{"addr":140736897083607,"idx":50},{"addr":140736916996940,"idx":51}],,,,,,,,,19464,,,,,,,,,,,,,,,,,,,,,,,,,,,,,,,,,,,,3189851701,140736314802176,140736314802176,440584,393216,,,,,,,,,,,,,,,,,,,,,,,,,,,,,,,,,,,,,,,,,,,,,,,,,,,,,,,,,,,,,,,,,,,,,,,
"2025-09-02 15:13:22.5701811Z","ETW","Microsoft-Windows-Kernel-Process",6,"ImageUnloadInfo ",13192,1244,"WerFault.exe",,,,"C:\Windows\System32\msvcp110_win.dll",,,,,,,,,,,,[{"addr":140736918203892,"idx":0},{"addr":140736917028534,"idx":1},{"addr":140736916779098,"idx":2},{"addr":140736916769422,"idx":3},{"addr":140736916769266,"idx":4},{"addr":140736916768404,"idx":5},{"addr":140736916773680,"idx":6},{"addr":140736872000489,"idx":7},{"addr":140736564313988,"idx":8},{"addr":140736564317195,"idx":9},{"addr":140736564310991,"idx":10},{"addr":140736564312326,"idx":11},{"addr":140736564315077,"idx":12},{"addr":140736823462372,"idx":13},{"addr":140736823295874,"idx":14},{"addr":140736823288719,"idx":15},{"addr":140736823282766,"idx":16},{"addr":140736823711170,"idx":17},{"addr":140736823633223,"idx":18},{"addr":140702874566201,"idx":19},{"addr":140702874543067,"idx":20},{"addr":140736897083607,"idx":21},{"addr":140736916996940,"idx":22}],,,,,,,,,13192,,,,,,,,,,,,,,,,,,,,,,,,,,,,,,,,,,,,3464179610,140736793542656,140736793542656,602786,606208,,,,,,,,,,,,,,,,,,,,,,,,,,,,,,,,,,,,,,,,,,,,,,,,,,,,,,,,,,,,,,,,,,,,,,,
"2025-09-02 15:13:22.5702007Z","ETW","Microsoft-Windows-Kernel-Process",3,"ThreadStartStart ",19464,11288,"CalculatorApp.exe",,,,,,,,,,,,,,,,[{"addr":140736918208964,"idx":0},{"addr":140736872776761,"idx":1},{"addr":140736897102141,"idx":2},{"addr":140736909291405,"idx":3},{"addr":140736909295249,"idx":4},{"addr":140736909292377,"idx":5},{"addr":140736909397289,"idx":6},{"addr":140736909436915,"idx":7},{"addr":140736909256539,"idx":8},{"addr":140736909399814,"idx":9},{"addr":140736909256341,"idx":10},{"addr":140736909846787,"idx":11},{"addr":140736882637457,"idx":12},{"addr":140736910089846,"idx":13},{"addr":140736911506466,"idx":14},{"addr":140736909610582,"idx":15},{"addr":140736909443339,"idx":16},{"addr":140736909445431,"idx":17},{"addr":140736909531005,"idx":18},{"addr":140736909524833,"idx":19},{"addr":140736909523551,"idx":20},{"addr":140733401757042,"idx":21},{"addr":140733401756635,"idx":22},{"addr":140733401756493,"idx":23},{"addr":140733401959797,"idx":24},{"addr":140733858650780,"idx":25},{"addr":140733858653435,"idx":26},{"addr":140733856615339,"idx":27},{"addr":140733857090463,"idx":28},{"addr":140733857744570,"idx":29},{"addr":140736681236363,"idx":30},{"addr":140736681236210,"idx":31},{"addr":140736681102204,"idx":32},{"addr":140736681748698,"idx":33},{"addr":140736717743674,"idx":34},{"addr":140736717740499,"idx":35},{"addr":140736882620003,"idx":36},{"addr":140736882628366,"idx":37},{"addr":140736881847376,"idx":38},{"addr":140736909646499,"idx":39},{"addr":140736909646267,"idx":40},{"addr":140736909643574,"idx":41},{"addr":140736909641089,"idx":42},{"addr":140736910206646,"idx":43},{"addr":140736909293663,"idx":44},{"addr":140736909422200,"idx":45},{"addr":140736909415344,"idx":46},{"addr":140736909399044,"idx":47},{"addr":140736909260610,"idx":48},{"addr":140736909258954,"idx":49},{"addr":140736701243791,"idx":50},{"addr":140736701242814,"idx":51},{"addr":140736717678445,"idx":52},{"addr":140736717678250,"idx":53},{"addr":140736717677938,"idx":54},{"addr":140736902955098,"idx":55},{"addr":140736897083607,"idx":56},{"addr":140736916996940,"idx":57}],,,,,,,,,19464,18446639081575899136,18446639081575874560,140736910320112,0,926182502400,21368,926198792192,926198784000,140736910320112,,,,,,,,,,,,,,,,,,,,,,,,,,,,,,,,,,,,,,,,,,,,,,,,,,,,,,,,,,,,,,,,,,,,,,,,,,,,,,,,,,,,,,,,,,,,,,,,,,,,,,
"2025-09-02 15:13:22.5702323Z","ETW","Microsoft-Windows-Kernel-Process",6,"ImageUnloadInfo ",13192,1244,"WerFault.exe",,,,"C:\Windows\System32\policymanager.dll",,,,,,,,,,,,[{"addr":140736918203892,"idx":0},{"addr":140736917028534,"idx":1},{"addr":140736916779098,"idx":2},{"addr":140736916773567,"idx":3},{"addr":140736872000489,"idx":4},{"addr":140736564313988,"idx":5},{"addr":140736564317195,"idx":6},{"addr":140736564310991,"idx":7},{"addr":140736564312326,"idx":8},{"addr":140736564315077,"idx":9},{"addr":140736823462372,"idx":10},{"addr":140736823295874,"idx":11},{"addr":140736823288719,"idx":12},{"addr":140736823282766,"idx":13},{"addr":140736823711170,"idx":14},{"addr":140736823633223,"idx":15},{"addr":140702874566201,"idx":16},{"addr":140702874543067,"idx":17},{"addr":140736897083607,"idx":18},{"addr":140736916996940,"idx":19}],,,,,,,,,13192,,,,,,,,,,,,,,,,,,,,,,,,,,,,,,,,,,,,2757975175,140736805928960,140736805928960,801211,749568,,,,,,,,,,,,,,,,,,,,,,,,,,,,,,,,,,,,,,,,,,,,,,,,,,,,,,,,,,,,,,,,,,,,,,,
"2025-09-02 15:13:22.5711280Z","ETW","Microsoft-Windows-Kernel-Audit-API-Calls",6,"Info ",1912,8,"MsMpEng.exe",,,,,,,,,,,,,,,,[{"addr":140736918212548,"idx":0},{"addr":140736872857142,"idx":1},{"addr":140736738243895,"idx":2},{"addr":140736738242452,"idx":3},{"addr":140736657604428,"idx":4},{"addr":140736657598535,"idx":5},{"addr":140736657597146,"idx":6},{"addr":140736658259206,"idx":7},{"addr":140736657749938,"idx":8},{"addr":140736657909615,"idx":9},{"addr":140736658079503,"idx":10},{"addr":140736897083607,"idx":11},{"addr":140736916996940,"idx":12}],,,,,,,,,,,,,,,,,,,2097151,0,1912,8,,,,,,,,,,,,,,,,,,,,,,,,,,,,,,,,,,,,,,,,,,,,,,,,,,,,,,,,,,,,,,,,,,,,,,,,,,,,,,,,,,,,,,,,,,,,,,,,,,
"2025-09-02 15:13:22.5714376Z","ETW","Microsoft-Windows-Kernel-File",30,"CreateNewFileInfo ",13192,1244,"WerFault.exe",,,,"C:\ProgramData\Microsoft\Windows\WER\Temp\d5d15069-332b-4f24-a9bd-f9ab4429c872",,,,,,,,,,,,[{"addr":140736918205268,"idx":0},{"addr":140736823279700,"idx":1},{"addr":140736823449839,"idx":2},{"addr":140736823711222,"idx":3},{"addr":140736823633223,"idx":4},{"addr":140702874566201,"idx":5},{"addr":140702874543067,"idx":6},{"addr":140736897083607,"idx":7},{"addr":140736916996940,"idx":8}],128,33558528,18446660010832848000,18446660011071530520,1244,0,,,,,,,,,,,,,,,,,,,,,,,,,,,,,,,,,,,,,,,,,,,,,,,,,,,,,,,,,,,,,,,,,,,,,,,,,,,,,,,,,,,,,,,,,,,,,,,,,,,,,,,,,,,,,,,,,,
"2025-09-02 15:13:22.5714477Z","ETW","Microsoft-Windows-Kernel-File",10,"NameCreateInfo ",13192,1244,"WerFault.exe",,,,"C:\ProgramData\Microsoft\Windows\WER\Temp\d5d15069-332b-4f24-a9bd-f9ab4429c872",,,,,,,,,,,,[{"addr":140736918205268,"idx":0},{"addr":140736823279700,"idx":1},{"addr":140736823449839,"idx":2},{"addr":140736823711222,"idx":3},{"addr":140736823633223,"idx":4},{"addr":140702874566201,"idx":5},{"addr":140702874543067,"idx":6},{"addr":140736897083607,"idx":7},{"addr":140736916996940,"idx":8}],,,,,,,18446708904554037616,,,,,,,,,,,,,,,,,,,,,,,,,,,,,,,,,,,,,,,,,,,,,,,,,,,,,,,,,,,,,,,,,,,,,,,,,,,,,,,,,,,,,,,,,,,,,,,,,,,,,,,,,,,,,,,,,
"2025-09-02 15:13:22.5719644Z","ETW","Microsoft-Windows-Kernel-Audit-API-Calls",6,"Info ",1912,8,"MsMpEng.exe",,,,,,,,,,,,,,,,[{"addr":140736918212548,"idx":0},{"addr":140736872857142,"idx":1},{"addr":140736738243895,"idx":2},{"addr":140736738242452,"idx":3},{"addr":140736657604428,"idx":4},{"addr":140736657598535,"idx":5},{"addr":140736657597146,"idx":6},{"addr":140736658259206,"idx":7},{"addr":140736657749938,"idx":8},{"addr":140736657909615,"idx":9},{"addr":140736658079503,"idx":10},{"addr":140736897083607,"idx":11},{"addr":140736916996940,"idx":12}],,,,,,,,,,,,,,,,,,,2097151,0,1912,8,,,,,,,,,,,,,,,,,,,,,,,,,,,,,,,,,,,,,,,,,,,,,,,,,,,,,,,,,,,,,,,,,,,,,,,,,,,,,,,,,,,,,,,,,,,,,,,,,,
"2025-09-02 15:13:22.5722171Z","ETW","Microsoft-Windows-Kernel-Process",5,"ImageLoadInfo ",19992,20412,"svchost.exe",,,,"C:\Windows\System32\policymanager.dll",,,,,,,,,,,,[{"addr":140736918203828,"idx":0},{"addr":140736917192506,"idx":1},{"addr":140736917191278,"idx":2},{"addr":140736917210764,"idx":3},{"addr":140736917201516,"idx":4},{"addr":140736917258922,"idx":5},{"addr":140736916785248,"idx":6},{"addr":140736916784352,"idx":7},{"addr":140736917101952,"idx":8},{"addr":140736872000198,"idx":9},{"addr":140736564313215,"idx":10},{"addr":140736564317195,"idx":11},{"addr":140736564310991,"idx":12},{"addr":140736564312326,"idx":13},{"addr":140736564315077,"idx":14},{"addr":140736823462372,"idx":15},{"addr":140736823295874,"idx":16},{"addr":140736823288719,"idx":17},{"addr":140736823283182,"idx":18},{"addr":140736823711170,"idx":19},{"addr":140736823633170,"idx":20},{"addr":140734019745915,"idx":21},{"addr":140734019690696,"idx":22},{"addr":140734019706334,"idx":23},{"addr":140736917282525,"idx":24},{"addr":140736917350969,"idx":25},{"addr":140736897083607,"idx":26},{"addr":140736916996940,"idx":27}],,,,,,,,,19992,,,,,,,,,,,,,,,,,,,,,,,,,,,,,,,,,,,,2757975175,140736805928960,140736805928960,801211,737280,,,,,,,,,,,,,,,,,,,,,,,,,,,,,,,,,,,,,,,,,,,,,,,,,,,,,,,,,,,,,,,,,,,,,,,
"2025-09-02 15:13:22.5723363Z","ETW","Microsoft-Windows-Kernel-Process",5,"ImageLoadInfo ",19992,20412,"svchost.exe",,,,"C:\Windows\System32\msvcrt.dll",,,,,,,,,,,,[{"addr":140736918203828,"idx":0},{"addr":140736917192506,"idx":1},{"addr":140736917191278,"idx":2},{"addr":140736917190209,"idx":3},{"addr":140736916798526,"idx":4},{"addr":140736916790798,"idx":5},{"addr":140736917191656,"idx":6},{"addr":140736917210764,"idx":7},{"addr":140736917201516,"idx":8},{"addr":140736917258922,"idx":9},{"addr":140736916785248,"idx":10},{"addr":140736916784352,"idx":11},{"addr":140736917101952,"idx":12},{"addr":140736872000198,"idx":13},{"addr":140736564313215,"idx":14},{"addr":140736564317195,"idx":15},{"addr":140736564310991,"idx":16},{"addr":140736564312326,"idx":17},{"addr":140736564315077,"idx":18},{"addr":140736823462372,"idx":19},{"addr":140736823295874,"idx":20},{"addr":140736823288719,"idx":21},{"addr":140736823283182,"idx":22},{"addr":140736823711170,"idx":23},{"addr":140736823633170,"idx":24},{"addr":140734019745915,"idx":25},{"addr":140734019690696,"idx":26},{"addr":140734019706334,"idx":27},{"addr":140736917282525,"idx":28},{"addr":140736917350969,"idx":29},{"addr":140736897083607,"idx":30},{"addr":140736916996940,"idx":31}],,,,,,,,,19992,,,,,,,,,,,,,,,,,,,,,,,,,,,,,,,,,,,,2634004398,140736913342464,140736913342464,729924,692224,,,,,,,,,,,,,,,,,,,,,,,,,,,,,,,,,,,,,,,,,,,,,,,,,,,,,,,,,,,,,,,,,,,,,,,
"2025-09-02 15:13:22.5727295Z","ETW","Microsoft-Windows-Kernel-Process",5,"ImageLoadInfo ",19992,17792,"svchost.exe",,,,"C:\Windows\System32\msvcp110_win.dll",,,,,,,,,,,,[{"addr":140736918203828,"idx":0},{"addr":140736917192506,"idx":1},{"addr":140736917191278,"idx":2},{"addr":140736917210764,"idx":3},{"addr":140736917201516,"idx":4},{"addr":140736917258922,"idx":5},{"addr":140736917255216,"idx":6},{"addr":140736917350945,"idx":7},{"addr":140736897083607,"idx":8},{"addr":140736916996940,"idx":9}],,,,,,,,,19992,,,,,,,,,,,,,,,,,,,,,,,,,,,,,,,,,,,,3464179610,140736793542656,140736793542656,602786,593920,,,,,,,,,,,,,,,,,,,,,,,,,,,,,,,,,,,,,,,,,,,,,,,,,,,,,,,,,,,,,,,,,,,,,,,
"2025-09-02 15:13:22.5734596Z","ETW","Microsoft-Windows-Kernel-Process",6,"ImageUnloadInfo ",19992,20412,"svchost.exe",,,,"C:\Windows\System32\msvcp110_win.dll",,,,,,,,,,,,[{"addr":140736918203892,"idx":0},{"addr":140736917028534,"idx":1},{"addr":140736916779098,"idx":2},{"addr":140736916769422,"idx":3},{"addr":140736916769266,"idx":4},{"addr":140736916768404,"idx":5},{"addr":140736916773680,"idx":6},{"addr":140736872000489,"idx":7},{"addr":140736564313988,"idx":8},{"addr":140736564317195,"idx":9},{"addr":140736564310991,"idx":10},{"addr":140736564312326,"idx":11},{"addr":140736564315077,"idx":12},{"addr":140736823462372,"idx":13},{"addr":140736823295874,"idx":14},{"addr":140736823288719,"idx":15},{"addr":140736823283182,"idx":16},{"addr":140736823711170,"idx":17},{"addr":140736823633170,"idx":18},{"addr":140734019745915,"idx":19},{"addr":140734019690696,"idx":20},{"addr":140734019706334,"idx":21},{"addr":140736917282525,"idx":22},{"addr":140736917350969,"idx":23},{"addr":140736897083607,"idx":24},{"addr":140736916996940,"idx":25}],,,,,,,,,19992,,,,,,,,,,,,,,,,,,,,,,,,,,,,,,,,,,,,3464179610,140736793542656,140736793542656,602786,606208,,,,,,,,,,,,,,,,,,,,,,,,,,,,,,,,,,,,,,,,,,,,,,,,,,,,,,,,,,,,,,,,,,,,,,,
"2025-09-02 15:13:22.5736170Z","ETW","Microsoft-Windows-Kernel-Process",6,"ImageUnloadInfo ",19992,20412,"svchost.exe",,,,"C:\Windows\System32\msvcrt.dll",,,,,,,,,,,,[{"addr":140736918203892,"idx":0},{"addr":140736917028534,"idx":1},{"addr":140736916779098,"idx":2},{"addr":140736916769422,"idx":3},{"addr":140736916769266,"idx":4},{"addr":140736916768404,"idx":5},{"addr":140736916773680,"idx":6},{"addr":140736872000489,"idx":7},{"addr":140736564313988,"idx":8},{"addr":140736564317195,"idx":9},{"addr":140736564310991,"idx":10},{"addr":140736564312326,"idx":11},{"addr":140736564315077,"idx":12},{"addr":140736823462372,"idx":13},{"addr":140736823295874,"idx":14},{"addr":140736823288719,"idx":15},{"addr":140736823283182,"idx":16},{"addr":140736823711170,"idx":17},{"addr":140736823633170,"idx":18},{"addr":140734019745915,"idx":19},{"addr":140734019690696,"idx":20},{"addr":140734019706334,"idx":21},{"addr":140736917282525,"idx":22},{"addr":140736917350969,"idx":23},{"addr":140736897083607,"idx":24},{"addr":140736916996940,"idx":25}],,,,,,,,,19992,,,,,,,,,,,,,,,,,,,,,,,,,,,,,,,,,,,,2634004398,140736913342464,140736913342464,729924,704512,,,,,,,,,,,,,,,,,,,,,,,,,,,,,,,,,,,,,,,,,,,,,,,,,,,,,,,,,,,,,,,,,,,,,,,
"2025-09-02 15:13:22.5736815Z","ETW","Microsoft-Windows-Kernel-Process",6,"ImageUnloadInfo ",19992,20412,"svchost.exe",,,,"C:\Windows\System32\policymanager.dll",,,,,,,,,,,,[{"addr":140736918203892,"idx":0},{"addr":140736917028534,"idx":1},{"addr":140736916779098,"idx":2},{"addr":140736916773567,"idx":3},{"addr":140736872000489,"idx":4},{"addr":140736564313988,"idx":5},{"addr":140736564317195,"idx":6},{"addr":140736564310991,"idx":7},{"addr":140736564312326,"idx":8},{"addr":140736564315077,"idx":9},{"addr":140736823462372,"idx":10},{"addr":140736823295874,"idx":11},{"addr":140736823288719,"idx":12},{"addr":140736823283182,"idx":13},{"addr":140736823711170,"idx":14},{"addr":140736823633170,"idx":15},{"addr":140734019745915,"idx":16},{"addr":140734019690696,"idx":17},{"addr":140734019706334,"idx":18},{"addr":140736917282525,"idx":19},{"addr":140736917350969,"idx":20},{"addr":140736897083607,"idx":21},{"addr":140736916996940,"idx":22}],,,,,,,,,19992,,,,,,,,,,,,,,,,,,,,,,,,,,,,,,,,,,,,2757975175,140736805928960,140736805928960,801211,749568,,,,,,,,,,,,,,,,,,,,,,,,,,,,,,,,,,,,,,,,,,,,,,,,,,,,,,,,,,,,,,,,,,,,,,,
"2025-09-02 15:13:22.5753254Z","ETW","Microsoft-Windows-Kernel-File",30,"CreateNewFileInfo ",19992,20412,"svchost.exe",,,,"C:\ProgramData\Microsoft\Windows\WER\Temp\91d465bd-f9bc-496c-bd7c-d6287d710177",,,,,,,,,,,,[{"addr":140736918205268,"idx":0},{"addr":140736823279700,"idx":1},{"addr":140736823449839,"idx":2},{"addr":140736823711222,"idx":3},{"addr":140736823633170,"idx":4},{"addr":140734019745915,"idx":5},{"addr":140734019690696,"idx":6},{"addr":140734019706334,"idx":7},{"addr":140736917282525,"idx":8},{"addr":140736917350969,"idx":9},{"addr":140736897083607,"idx":10},{"addr":140736916996940,"idx":11}],128,33558528,18446660011106677808,18446660011092914424,20412,0,,,,,,,,,,,,,,,,,,,,,,,,,,,,,,,,,,,,,,,,,,,,,,,,,,,,,,,,,,,,,,,,,,,,,,,,,,,,,,,,,,,,,,,,,,,,,,,,,,,,,,,,,,,,,,,,,,
"2025-09-02 15:13:22.5753437Z","ETW","Microsoft-Windows-Kernel-File",10,"NameCreateInfo ",19992,20412,"svchost.exe",,,,"C:\ProgramData\Microsoft\Windows\WER\Temp\91d465bd-f9bc-496c-bd7c-d6287d710177",,,,,,,,,,,,[{"addr":140736918205268,"idx":0},{"addr":140736823279700,"idx":1},{"addr":140736823449839,"idx":2},{"addr":140736823711222,"idx":3},{"addr":140736823633170,"idx":4},{"addr":140734019745915,"idx":5},{"addr":140734019690696,"idx":6},{"addr":140734019706334,"idx":7},{"addr":140736917282525,"idx":8},{"addr":140736917350969,"idx":9},{"addr":140736897083607,"idx":10},{"addr":140736916996940,"idx":11}],,,,,,,18446708904733524336,,,,,,,,,,,,,,,,,,,,,,,,,,,,,,,,,,,,,,,,,,,,,,,,,,,,,,,,,,,,,,,,,,,,,,,,,,,,,,,,,,,,,,,,,,,,,,,,,,,,,,,,,,,,,,,,,
"2025-09-02 15:13:22.5759889Z","ETW","Microsoft-Windows-Kernel-Process",5,"ImageLoadInfo ",19992,20412,"svchost.exe",,,,"C:\Windows\System32\policymanager.dll",,,,,,,,,,,,[{"addr":140736918203828,"idx":0},{"addr":140736917192506,"idx":1},{"addr":140736917191278,"idx":2},{"addr":140736917210764,"idx":3},{"addr":140736917201516,"idx":4},{"addr":140736917258922,"idx":5},{"addr":140736916785248,"idx":6},{"addr":140736916784352,"idx":7},{"addr":140736917101952,"idx":8},{"addr":140736872000198,"idx":9},{"addr":140736564313215,"idx":10},{"addr":140736564317195,"idx":11},{"addr":140736564310991,"idx":12},{"addr":140736564312326,"idx":13},{"addr":140736564315077,"idx":14},{"addr":140736823462372,"idx":15},{"addr":140736823295874,"idx":16},{"addr":140736823288719,"idx":17},{"addr":140736823282766,"idx":18},{"addr":140736823711170,"idx":19},{"addr":140736823633223,"idx":20},{"addr":140734019745915,"idx":21},{"addr":140734019690696,"idx":22},{"addr":140734019706334,"idx":23},{"addr":140736917282525,"idx":24},{"addr":140736917350969,"idx":25},{"addr":140736897083607,"idx":26},{"addr":140736916996940,"idx":27}],,,,,,,,,19992,,,,,,,,,,,,,,,,,,,,,,,,,,,,,,,,,,,,2757975175,140736805928960,140736805928960,801211,737280,,,,,,,,,,,,,,,,,,,,,,,,,,,,,,,,,,,,,,,,,,,,,,,,,,,,,,,,,,,,,,,,,,,,,,,
"2025-09-02 15:13:22.5761385Z","ETW","Microsoft-Windows-Kernel-Process",5,"ImageLoadInfo ",19992,20412,"svchost.exe",,,,"C:\Windows\System32\msvcrt.dll",,,,,,,,,,,,[{"addr":140736918203828,"idx":0},{"addr":140736917192506,"idx":1},{"addr":140736917191278,"idx":2},{"addr":140736917190209,"idx":3},{"addr":140736916798526,"idx":4},{"addr":140736916790798,"idx":5},{"addr":140736917191656,"idx":6},{"addr":140736917210764,"idx":7},{"addr":140736917201516,"idx":8},{"addr":140736917258922,"idx":9},{"addr":140736916785248,"idx":10},{"addr":140736916784352,"idx":11},{"addr":140736917101952,"idx":12},{"addr":140736872000198,"idx":13},{"addr":140736564313215,"idx":14},{"addr":140736564317195,"idx":15},{"addr":140736564310991,"idx":16},{"addr":140736564312326,"idx":17},{"addr":140736564315077,"idx":18},{"addr":140736823462372,"idx":19},{"addr":140736823295874,"idx":20},{"addr":140736823288719,"idx":21},{"addr":140736823282766,"idx":22},{"addr":140736823711170,"idx":23},{"addr":140736823633223,"idx":24},{"addr":140734019745915,"idx":25},{"addr":140734019690696,"idx":26},{"addr":140734019706334,"idx":27},{"addr":140736917282525,"idx":28},{"addr":140736917350969,"idx":29},{"addr":140736897083607,"idx":30},{"addr":140736916996940,"idx":31}],,,,,,,,,19992,,,,,,,,,,,,,,,,,,,,,,,,,,,,,,,,,,,,2634004398,140736913342464,140736913342464,729924,692224,,,,,,,,,,,,,,,,,,,,,,,,,,,,,,,,,,,,,,,,,,,,,,,,,,,,,,,,,,,,,,,,,,,,,,,
"2025-09-02 15:13:22.5764243Z","ETW","Microsoft-Windows-Kernel-Process",5,"ImageLoadInfo ",19992,7332,"svchost.exe",,,,"C:\Windows\System32\msvcp110_win.dll",,,,,,,,,,,,[{"addr":140736918203828,"idx":0},{"addr":140736917192506,"idx":1},{"addr":140736917191278,"idx":2},{"addr":140736917210764,"idx":3},{"addr":140736917201516,"idx":4},{"addr":140736917258922,"idx":5},{"addr":140736917255216,"idx":6},{"addr":140736917350945,"idx":7},{"addr":140736897083607,"idx":8},{"addr":140736916996940,"idx":9}],,,,,,,,,19992,,,,,,,,,,,,,,,,,,,,,,,,,,,,,,,,,,,,3464179610,140736793542656,140736793542656,602786,593920,,,,,,,,,,,,,,,,,,,,,,,,,,,,,,,,,,,,,,,,,,,,,,,,,,,,,,,,,,,,,,,,,,,,,,,
"2025-09-02 15:13:22.5770888Z","ETW","Microsoft-Windows-Kernel-Process",6,"ImageUnloadInfo ",19992,20412,"svchost.exe",,,,"C:\Windows\System32\msvcp110_win.dll",,,,,,,,,,,,[{"addr":140736918203892,"idx":0},{"addr":140736917028534,"idx":1},{"addr":140736916779098,"idx":2},{"addr":140736916769422,"idx":3},{"addr":140736916769266,"idx":4},{"addr":140736916768404,"idx":5},{"addr":140736916773680,"idx":6},{"addr":140736872000489,"idx":7},{"addr":140736564313988,"idx":8},{"addr":140736564317195,"idx":9},{"addr":140736564310991,"idx":10},{"addr":140736564312326,"idx":11},{"addr":140736564315077,"idx":12},{"addr":140736823462372,"idx":13},{"addr":140736823295874,"idx":14},{"addr":140736823288719,"idx":15},{"addr":140736823282766,"idx":16},{"addr":140736823711170,"idx":17},{"addr":140736823633223,"idx":18},{"addr":140734019745915,"idx":19},{"addr":140734019690696,"idx":20},{"addr":140734019706334,"idx":21},{"addr":140736917282525,"idx":22},{"addr":140736917350969,"idx":23},{"addr":140736897083607,"idx":24},{"addr":140736916996940,"idx":25}],,,,,,,,,19992,,,,,,,,,,,,,,,,,,,,,,,,,,,,,,,,,,,,3464179610,140736793542656,140736793542656,602786,606208,,,,,,,,,,,,,,,,,,,,,,,,,,,,,,,,,,,,,,,,,,,,,,,,,,,,,,,,,,,,,,,,,,,,,,,
"2025-09-02 15:13:22.5771790Z","ETW","Microsoft-Windows-Kernel-Process",6,"ImageUnloadInfo ",19992,20412,"svchost.exe",,,,"C:\Windows\System32\msvcrt.dll",,,,,,,,,,,,[{"addr":140736918203892,"idx":0},{"addr":140736917028534,"idx":1},{"addr":140736916779098,"idx":2},{"addr":140736916769422,"idx":3},{"addr":140736916769266,"idx":4},{"addr":140736916768404,"idx":5},{"addr":140736916773680,"idx":6},{"addr":140736872000489,"idx":7},{"addr":140736564313988,"idx":8},{"addr":140736564317195,"idx":9},{"addr":140736564310991,"idx":10},{"addr":140736564312326,"idx":11},{"addr":140736564315077,"idx":12},{"addr":140736823462372,"idx":13},{"addr":140736823295874,"idx":14},{"addr":140736823288719,"idx":15},{"addr":140736823282766,"idx":16},{"addr":140736823711170,"idx":17},{"addr":140736823633223,"idx":18},{"addr":140734019745915,"idx":19},{"addr":140734019690696,"idx":20},{"addr":140734019706334,"idx":21},{"addr":140736917282525,"idx":22},{"addr":140736917350969,"idx":23},{"addr":140736897083607,"idx":24},{"addr":140736916996940,"idx":25}],,,,,,,,,19992,,,,,,,,,,,,,,,,,,,,,,,,,,,,,,,,,,,,2634004398,140736913342464,140736913342464,729924,704512,,,,,,,,,,,,,,,,,,,,,,,,,,,,,,,,,,,,,,,,,,,,,,,,,,,,,,,,,,,,,,,,,,,,,,,
"2025-09-02 15:13:22.5772273Z","ETW","Microsoft-Windows-Kernel-Process",6,"ImageUnloadInfo ",19992,20412,"svchost.exe",,,,"C:\Windows\System32\policymanager.dll",,,,,,,,,,,,[{"addr":140736918203892,"idx":0},{"addr":140736917028534,"idx":1},{"addr":140736916779098,"idx":2},{"addr":140736916773567,"idx":3},{"addr":140736872000489,"idx":4},{"addr":140736564313988,"idx":5},{"addr":140736564317195,"idx":6},{"addr":140736564310991,"idx":7},{"addr":140736564312326,"idx":8},{"addr":140736564315077,"idx":9},{"addr":140736823462372,"idx":10},{"addr":140736823295874,"idx":11},{"addr":140736823288719,"idx":12},{"addr":140736823282766,"idx":13},{"addr":140736823711170,"idx":14},{"addr":140736823633223,"idx":15},{"addr":140734019745915,"idx":16},{"addr":140734019690696,"idx":17},{"addr":140734019706334,"idx":18},{"addr":140736917282525,"idx":19},{"addr":140736917350969,"idx":20},{"addr":140736897083607,"idx":21},{"addr":140736916996940,"idx":22}],,,,,,,,,19992,,,,,,,,,,,,,,,,,,,,,,,,,,,,,,,,,,,,2757975175,140736805928960,140736805928960,801211,749568,,,,,,,,,,,,,,,,,,,,,,,,,,,,,,,,,,,,,,,,,,,,,,,,,,,,,,,,,,,,,,,,,,,,,,,
"2025-09-02 15:13:22.5785756Z","ETW","Microsoft-Windows-Kernel-File",30,"CreateNewFileInfo ",19992,20412,"svchost.exe",,,,"C:\ProgramData\Microsoft\Windows\WER\Temp\519a9434-0075-48eb-bed4-324bce1828df",,,,,,,,,,,,[{"addr":140736918205268,"idx":0},{"addr":140736823279700,"idx":1},{"addr":140736823449839,"idx":2},{"addr":140736823711222,"idx":3},{"addr":140736823633223,"idx":4},{"addr":140734019745915,"idx":5},{"addr":140734019690696,"idx":6},{"addr":140734019706334,"idx":7},{"addr":140736917282525,"idx":8},{"addr":140736917350969,"idx":9},{"addr":140736897083607,"idx":10},{"addr":140736916996940,"idx":11}],128,33558528,18446660010832850400,18446660011071530520,20412,0,,,,,,,,,,,,,,,,,,,,,,,,,,,,,,,,,,,,,,,,,,,,,,,,,,,,,,,,,,,,,,,,,,,,,,,,,,,,,,,,,,,,,,,,,,,,,,,,,,,,,,,,,,,,,,,,,,
"2025-09-02 15:13:22.5785871Z","ETW","Microsoft-Windows-Kernel-File",10,"NameCreateInfo ",19992,20412,"svchost.exe",,,,"C:\ProgramData\Microsoft\Windows\WER\Temp\519a9434-0075-48eb-bed4-324bce1828df",,,,,,,,,,,,[{"addr":140736918205268,"idx":0},{"addr":140736823279700,"idx":1},{"addr":140736823449839,"idx":2},{"addr":140736823711222,"idx":3},{"addr":140736823633223,"idx":4},{"addr":140734019745915,"idx":5},{"addr":140734019690696,"idx":6},{"addr":140734019706334,"idx":7},{"addr":140736917282525,"idx":8},{"addr":140736917350969,"idx":9},{"addr":140736897083607,"idx":10},{"addr":140736916996940,"idx":11}],,,,,,,18446708904729031024,,,,,,,,,,,,,,,,,,,,,,,,,,,,,,,,,,,,,,,,,,,,,,,,,,,,,,,,,,,,,,,,,,,,,,,,,,,,,,,,,,,,,,,,,,,,,,,,,,,,,,,,,,,,,,,,,
"2025-09-02 15:13:22.5791733Z","ETW","Microsoft-Antimalware-Engine",59,"Message Info ",1912,11468,"MsMpEng.exe",,,,,,0,"Behavior:Win32/NonStdSvchostProcess.A","0x19B3378537B0","a46a2542652cb8bc637538e84e4072ba74767f54",,,,,,,[],,,,,,,,,,,,,,,,,,,,,,,,,,,,,,,,,,,,,,,,,,,,,,,,,,,,,,,,,,,,,,,,,,,,,,,,,,,,,,,,,,,,,,,,,,,,,,,,,,,,,,,,,,,,,,,,,,,,,,,,
"2025-09-02 15:13:22.5792666Z","ETW","Microsoft-Windows-Kernel-Audit-API-Calls",5,"Info ",13192,1244,"WerFault.exe",,,,,,,,,,,,,,,,[{"addr":140736918203764,"idx":0},{"addr":140736872731894,"idx":1},{"addr":140702874837200,"idx":2},{"addr":140702874561549,"idx":3},{"addr":140702874566272,"idx":4},{"addr":140702874543067,"idx":5},{"addr":140736897083607,"idx":6},{"addr":140736916996940,"idx":7}],,,,,,,,,,,,,,,,,,,2097151,0,15112,,,,,,,,,,,,,,,,,,,,,,,,,,,,,,,,,,,,,,,,,,,,,,,,,,,,,,,,,,,,,,,,,,,,,,,,,,,,,,,,,,,,,,,,,,,,,,,,,,,
"2025-09-02 15:13:22.5792734Z","ETW","Microsoft-Windows-Kernel-Audit-API-Calls",5,"Info ",13192,1244,"WerFault.exe",,,,,,,,,,,,,,,,[{"addr":140736918203764,"idx":0},{"addr":140736872731894,"idx":1},{"addr":140702874837377,"idx":2},{"addr":140702874561549,"idx":3},{"addr":140702874566272,"idx":4},{"addr":140702874543067,"idx":5},{"addr":140736897083607,"idx":6},{"addr":140736916996940,"idx":7}],,,,,,,,,,,,,,,,,,,2097151,0,15112,,,,,,,,,,,,,,,,,,,,,,,,,,,,,,,,,,,,,,,,,,,,,,,,,,,,,,,,,,,,,,,,,,,,,,,,,,,,,,,,,,,,,,,,,,,,,,,,,,,
"2025-09-02 15:13:22.5794669Z","ETW","Microsoft-Windows-Kernel-Audit-API-Calls",5,"Info ",13192,1244,"WerFault.exe",,,,,,,,,,,,,,,,[{"addr":140736918203764,"idx":0},{"addr":140736872731894,"idx":1},{"addr":140733981357783,"idx":2},{"addr":140733981332330,"idx":3},{"addr":140702874837458,"idx":4},{"addr":140702874561549,"idx":5},{"addr":140702874566272,"idx":6},{"addr":140702874543067,"idx":7},{"addr":140736897083607,"idx":8},{"addr":140736916996940,"idx":9}],,,,,,,,,,,,,,,,,,,2097151,0,15112,,,,,,,,,,,,,,,,,,,,,,,,,,,,,,,,,,,,,,,,,,,,,,,,,,,,,,,,,,,,,,,,,,,,,,,,,,,,,,,,,,,,,,,,,,,,,,,,,,,
"2025-09-02 15:13:22.5796142Z","ETW","Microsoft-Antimalware-Engine",59,"Message Info ",1912,11468,"MsMpEng.exe",,,,,,0,"Behavior:Win32/NonStdSvchostProcess.A","0x19B3378537B0","a46a2542652cb8bc637538e84e4072ba74767f54",,,,,,,[],,,,,,,,,,,,,,,,,,,,,,,,,,,,,,,,,,,,,,,,,,,,,,,,,,,,,,,,,,,,,,,,,,,,,,,,,,,,,,,,,,,,,,,,,,,,,,,,,,,,,,,,,,,,,,,,,,,,,,,,
"2025-09-02 15:13:22.5799301Z","ETW","Microsoft-Windows-Kernel-Process",5,"ImageLoadInfo ",13192,1244,"WerFault.exe",,,,"C:\Windows\System32\kernel.appcore.dll",,,,,,,,,,,,[{"addr":140736918203828,"idx":0},{"addr":140736917192506,"idx":1},{"addr":140736917191278,"idx":2},{"addr":140736917210764,"idx":3},{"addr":140736917202269,"idx":4},{"addr":140736917259140,"idx":5},{"addr":140736916785248,"idx":6},{"addr":140736916786774,"idx":7},{"addr":140736917021315,"idx":8},{"addr":140736917023197,"idx":9},{"addr":140733981517714,"idx":10},{"addr":140733981277151,"idx":11},{"addr":140733981358938,"idx":12},{"addr":140733981332330,"idx":13},{"addr":140702874837458,"idx":14},{"addr":140702874561549,"idx":15},{"addr":140702874566272,"idx":16},{"addr":140702874543067,"idx":17},{"addr":140736897083607,"idx":18},{"addr":140736916996940,"idx":19}],,,,,,,,,13192,,,,,,,,,,,,,,,,,,,,,,,,,,,,,,,,,,,,4117383687,140736848265216,140736848265216,158572,110592,,,,,,,,,,,,,,,,,,,,,,,,,,,,,,,,,,,,,,,,,,,,,,,,,,,,,,,,,,,,,,,,,,,,,,,
"2025-09-02 15:13:22.5805395Z","ETW","Microsoft-Windows-Kernel-Process",5,"ImageLoadInfo ",13192,1244,"WerFault.exe",,,,"C:\Windows\System32\rmclient.dll",,,,,,,,,,,,[{"addr":140736918203828,"idx":0},{"addr":140736917192506,"idx":1},{"addr":140736917191278,"idx":2},{"addr":140736917210764,"idx":3},{"addr":140736917201516,"idx":4},{"addr":140736917258922,"idx":5},{"addr":140736916785248,"idx":6},{"addr":140736916786774,"idx":7},{"addr":140736917021315,"idx":8},{"addr":140736917023197,"idx":9},{"addr":140733981517714,"idx":10},{"addr":140733981276765,"idx":11},{"addr":140733981359488,"idx":12},{"addr":140733981332330,"idx":13},{"addr":140702874837458,"idx":14},{"addr":140702874561549,"idx":15},{"addr":140702874566272,"idx":16},{"addr":140702874543067,"idx":17},{"addr":140736897083607,"idx":18},{"addr":140736916996940,"idx":19}],,,,,,,,,13192,,,,,,,,,,,,,,,,,,,,,,,,,,,,,,,,,,,,3900896147,140736825524224,140736825524224,254612,221184,,,,,,,,,,,,,,,,,,,,,,,,,,,,,,,,,,,,,,,,,,,,,,,,,,,,,,,,,,,,,,,,,,,,,,,
"2025-09-02 15:13:22.5814222Z","ETW","Microsoft-Windows-Kernel-Audit-API-Calls",5,"Info ",528,8632,"svchost.exe",,,,,,,,,,,,,,,,[{"addr":140736918203764,"idx":0},{"addr":140736824533105,"idx":1},{"addr":140736824532216,"idx":2},{"addr":140736824539244,"idx":3},{"addr":140736824537329,"idx":4},{"addr":140736824534452,"idx":5},{"addr":140736882620003,"idx":6},{"addr":140736882628366,"idx":7},{"addr":140736882319852,"idx":8},{"addr":140736882311415,"idx":9},{"addr":140736882088628,"idx":10},{"addr":140736882092744,"idx":11},{"addr":140736882015316,"idx":12},{"addr":140736882081820,"idx":13},{"addr":140736882106396,"idx":14},{"addr":140736882102691,"idx":15},{"addr":140736882098504,"idx":16},{"addr":140736917358174,"idx":17},{"addr":140736917350275,"idx":18},{"addr":140736897083607,"idx":19},{"addr":140736916996940,"idx":20}],,,,,,,,,,,,,,,,,,,1052672,0,13192,,,,,,,,,,,,,,,,,,,,,,,,,,,,,,,,,,,,,,,,,,,,,,,,,,,,,,,,,,,,,,,,,,,,,,,,,,,,,,,,,,,,,,,,,,,,,,,,,,,
"2025-09-02 15:13:22.5814848Z","ETW","Microsoft-Windows-Kernel-Audit-API-Calls",5,"Info ",13192,1244,"WerFault.exe",,,,,,,,,,,,,,,,[{"addr":140736918203764,"idx":0},{"addr":140736872731894,"idx":1},{"addr":140733981428952,"idx":2},{"addr":140733981359571,"idx":3},{"addr":140733981332330,"idx":4},{"addr":140702874837458,"idx":5},{"addr":140702874561549,"idx":6},{"addr":140702874566272,"idx":7},{"addr":140702874543067,"idx":8},{"addr":140736897083607,"idx":9},{"addr":140736916996940,"idx":10}],,,,,,,,,,,,,,,,,,,4097,0,15112,,,,,,,,,,,,,,,,,,,,,,,,,,,,,,,,,,,,,,,,,,,,,,,,,,,,,,,,,,,,,,,,,,,,,,,,,,,,,,,,,,,,,,,,,,,,,,,,,,,
"2025-09-02 15:13:22.5816530Z","ETW","Microsoft-Windows-Kernel-Audit-API-Calls",5,"Info ",13192,1244,"WerFault.exe",,,,,,,,,,,,,,,,[{"addr":140736918203764,"idx":0},{"addr":140736917422735,"idx":1},{"addr":140736897197864,"idx":2},{"addr":140736897199327,"idx":3},{"addr":140733981368526,"idx":4},{"addr":140733981359974,"idx":5},{"addr":140733981359838,"idx":6},{"addr":140733981332330,"idx":7},{"addr":140702874837458,"idx":8},{"addr":140702874561549,"idx":9},{"addr":140702874566272,"idx":10},{"addr":140702874543067,"idx":11},{"addr":140736897083607,"idx":12},{"addr":140736916996940,"idx":13}],,,,,,,,,,,,,,,,,,,2097151,0,15112,,,,,,,,,,,,,,,,,,,,,,,,,,,,,,,,,,,,,,,,,,,,,,,,,,,,,,,,,,,,,,,,,,,,,,,,,,,,,,,,,,,,,,,,,,,,,,,,,,,
"2025-09-02 15:13:22.5838624Z","ETW","Microsoft-Windows-Kernel-Process",5,"ImageLoadInfo ",13192,1244,"WerFault.exe",,,,"C:\Windows\System32\policymanager.dll",,,,,,,,,,,,[{"addr":140736918203828,"idx":0},{"addr":140736917192506,"idx":1},{"addr":140736917191278,"idx":2},{"addr":140736917210764,"idx":3},{"addr":140736917201516,"idx":4},{"addr":140736917258922,"idx":5},{"addr":140736916785248,"idx":6},{"addr":140736916784352,"idx":7},{"addr":140736917101952,"idx":8},{"addr":140736872000198,"idx":9},{"addr":140736564313215,"idx":10},{"addr":140736564317195,"idx":11},{"addr":140736564310991,"idx":12},{"addr":140736564312326,"idx":13},{"addr":140736564315077,"idx":14},{"addr":140733981487577,"idx":15},{"addr":140733981442483,"idx":16},{"addr":140733981339478,"idx":17},{"addr":140733981360014,"idx":18},{"addr":140733981359838,"idx":19},{"addr":140733981332330,"idx":20},{"addr":140702874837458,"idx":21},{"addr":140702874561549,"idx":22},{"addr":140702874566272,"idx":23},{"addr":140702874543067,"idx":24},{"addr":140736897083607,"idx":25},{"addr":140736916996940,"idx":26}],,,,,,,,,13192,,,,,,,,,,,,,,,,,,,,,,,,,,,,,,,,,,,,2757975175,140736805928960,140736805928960,801211,737280,,,,,,,,,,,,,,,,,,,,,,,,,,,,,,,,,,,,,,,,,,,,,,,,,,,,,,,,,,,,,,,,,,,,,,,
"2025-09-02 15:13:22.5842183Z","ETW","Microsoft-Windows-Kernel-Process",5,"ImageLoadInfo ",13192,21732,"WerFault.exe",,,,"C:\Windows\System32\msvcp110_win.dll",,,,,,,,,,,,[{"addr":140736918203828,"idx":0},{"addr":140736917192506,"idx":1},{"addr":140736917191278,"idx":2},{"addr":140736917210764,"idx":3},{"addr":140736917201516,"idx":4},{"addr":140736917258922,"idx":5},{"addr":140736917255216,"idx":6},{"addr":140736917350945,"idx":7},{"addr":140736897083607,"idx":8},{"addr":140736916996940,"idx":9}],,,,,,,,,13192,,,,,,,,,,,,,,,,,,,,,,,,,,,,,,,,,,,,3464179610,140736793542656,140736793542656,602786,593920,,,,,,,,,,,,,,,,,,,,,,,,,,,,,,,,,,,,,,,,,,,,,,,,,,,,,,,,,,,,,,,,,,,,,,,
"2025-09-02 15:13:22.5848260Z","ETW","Microsoft-Windows-Kernel-Process",6,"ImageUnloadInfo ",13192,1244,"WerFault.exe",,,,"C:\Windows\System32\msvcp110_win.dll",,,,,,,,,,,,[{"addr":140736918203892,"idx":0},{"addr":140736917028534,"idx":1},{"addr":140736916779098,"idx":2},{"addr":140736916769422,"idx":3},{"addr":140736916769266,"idx":4},{"addr":140736916768404,"idx":5},{"addr":140736916773680,"idx":6},{"addr":140736872000489,"idx":7},{"addr":140736564313988,"idx":8},{"addr":140736564317195,"idx":9},{"addr":140736564310991,"idx":10},{"addr":140736564312326,"idx":11},{"addr":140736564315077,"idx":12},{"addr":140733981487577,"idx":13},{"addr":140733981442483,"idx":14},{"addr":140733981339478,"idx":15},{"addr":140733981360014,"idx":16},{"addr":140733981359838,"idx":17},{"addr":140733981332330,"idx":18},{"addr":140702874837458,"idx":19},{"addr":140702874561549,"idx":20},{"addr":140702874566272,"idx":21},{"addr":140702874543067,"idx":22},{"addr":140736897083607,"idx":23},{"addr":140736916996940,"idx":24}],,,,,,,,,13192,,,,,,,,,,,,,,,,,,,,,,,,,,,,,,,,,,,,3464179610,140736793542656,140736793542656,602786,606208,,,,,,,,,,,,,,,,,,,,,,,,,,,,,,,,,,,,,,,,,,,,,,,,,,,,,,,,,,,,,,,,,,,,,,,
"2025-09-02 15:13:22.5848930Z","ETW","Microsoft-Windows-Kernel-Process",6,"ImageUnloadInfo ",13192,1244,"WerFault.exe",,,,"C:\Windows\System32\policymanager.dll",,,,,,,,,,,,[{"addr":140736918203892,"idx":0},{"addr":140736917028534,"idx":1},{"addr":140736916779098,"idx":2},{"addr":140736916773567,"idx":3},{"addr":140736872000489,"idx":4},{"addr":140736564313988,"idx":5},{"addr":140736564317195,"idx":6},{"addr":140736564310991,"idx":7},{"addr":140736564312326,"idx":8},{"addr":140736564315077,"idx":9},{"addr":140733981487577,"idx":10},{"addr":140733981442483,"idx":11},{"addr":140733981339478,"idx":12},{"addr":140733981360014,"idx":13},{"addr":140733981359838,"idx":14},{"addr":140733981332330,"idx":15},{"addr":140702874837458,"idx":16},{"addr":140702874561549,"idx":17},{"addr":140702874566272,"idx":18},{"addr":140702874543067,"idx":19},{"addr":140736897083607,"idx":20},{"addr":140736916996940,"idx":21}],,,,,,,,,13192,,,,,,,,,,,,,,,,,,,,,,,,,,,,,,,,,,,,2757975175,140736805928960,140736805928960,801211,749568,,,,,,,,,,,,,,,,,,,,,,,,,,,,,,,,,,,,,,,,,,,,,,,,,,,,,,,,,,,,,,,,,,,,,,,
"2025-09-02 15:13:22.5876819Z","ETW","Microsoft-Windows-Kernel-Audit-API-Calls",6,"Info ",13192,1244,"WerFault.exe",,,,,,,,,,,,,,,,[{"addr":140736918212548,"idx":0},{"addr":140736872857142,"idx":1},{"addr":140733981433628,"idx":2},{"addr":140733981432796,"idx":3},{"addr":140733981361262,"idx":4},{"addr":140733981341532,"idx":5},{"addr":140733981360014,"idx":6},{"addr":140733981359838,"idx":7},{"addr":140733981332330,"idx":8},{"addr":140702874837458,"idx":9},{"addr":140702874561549,"idx":10},{"addr":140702874566272,"idx":11},{"addr":140702874543067,"idx":12},{"addr":140736897083607,"idx":13},{"addr":140736916996940,"idx":14}],,,,,,,,,,,,,,,,,,,72,0,15112,5500,,,,,,,,,,,,,,,,,,,,,,,,,,,,,,,,,,,,,,,,,,,,,,,,,,,,,,,,,,,,,,,,,,,,,,,,,,,,,,,,,,,,,,,,,,,,,,,,,,
"2025-09-02 15:13:22.5877376Z","ETW","Microsoft-Windows-Kernel-Audit-API-Calls",5,"Info ",13192,1244,"WerFault.exe",,,,,,,,,,,,,,,,[{"addr":140736918203764,"idx":0},{"addr":140736872731894,"idx":1},{"addr":140733981434058,"idx":2},{"addr":140733981432796,"idx":3},{"addr":140733981361262,"idx":4},{"addr":140733981341532,"idx":5},{"addr":140733981360014,"idx":6},{"addr":140733981359838,"idx":7},{"addr":140733981332330,"idx":8},{"addr":140702874837458,"idx":9},{"addr":140702874561549,"idx":10},{"addr":140702874566272,"idx":11},{"addr":140702874543067,"idx":12},{"addr":140736897083607,"idx":13},{"addr":140736916996940,"idx":14}],,,,,,,,,,,,,,,,,,,1040,0,15112,,,,,,,,,,,,,,,,,,,,,,,,,,,,,,,,,,,,,,,,,,,,,,,,,,,,,,,,,,,,,,,,,,,,,,,,,,,,,,,,,,,,,,,,,,,,,,,,,,,
"2025-09-02 15:13:22.5880242Z","ETW","Microsoft-Windows-Kernel-Audit-API-Calls",5,"Info ",13192,1244,"WerFault.exe",,,,,,,,,,,,,,,,[{"addr":140736918203764,"idx":0},{"addr":140736917422735,"idx":1},{"addr":140735965291439,"idx":2},{"addr":140735965291046,"idx":3},{"addr":140735965289934,"idx":4},{"addr":140733981434122,"idx":5},{"addr":140733981432796,"idx":6},{"addr":140733981361262,"idx":7},{"addr":140733981341532,"idx":8},{"addr":140733981360014,"idx":9},{"addr":140733981359838,"idx":10},{"addr":140733981332330,"idx":11},{"addr":140702874837458,"idx":12},{"addr":140702874561549,"idx":13},{"addr":140702874566272,"idx":14},{"addr":140702874543067,"idx":15},{"addr":140736897083607,"idx":16},{"addr":140736916996940,"idx":17}],,,,,,,,,,,,,,,,,,,2097151,0,15112,,,,,,,,,,,,,,,,,,,,,,,,,,,,,,,,,,,,,,,,,,,,,,,,,,,,,,,,,,,,,,,,,,,,,,,,,,,,,,,,,,,,,,,,,,,,,,,,,,,
"2025-09-02 15:13:22.5880262Z","ETW","Microsoft-Windows-Kernel-Audit-API-Calls",5,"Info ",5380,5932,"explorer.exe",,,,,,,,,,,,,,,,[{"addr":140736918206916,"idx":0},{"addr":140736882337646,"idx":1},{"addr":140736910267593,"idx":2},{"addr":140736385093137,"idx":3},{"addr":140736385090516,"idx":4},{"addr":140736385084130,"idx":5},{"addr":140736882620003,"idx":6},{"addr":140736881849533,"idx":7},{"addr":140736881847412,"idx":8},{"addr":140736909646461,"idx":9},{"addr":140736909646267,"idx":10},{"addr":140736909643574,"idx":11},{"addr":140736909641089,"idx":12},{"addr":140736910206646,"idx":13},{"addr":140736909293663,"idx":14},{"addr":140736909422200,"idx":15},{"addr":140736909415344,"idx":16},{"addr":140736909399044,"idx":17},{"addr":140736909260610,"idx":18},{"addr":140736909258954,"idx":19},{"addr":140736385071819,"idx":20},{"addr":140736385153039,"idx":21},{"addr":140736385398901,"idx":22},{"addr":140736385399961,"idx":23},{"addr":140736897083607,"idx":24},{"addr":140736916996940,"idx":25}],,,,,,,,,,,,,,,,,,,4096,0,19464,,,,,,,,,,,,,,,,,,,,,,,,,,,,,,,,,,,,,,,,,,,,,,,,,,,,,,,,,,,,,,,,,,,,,,,,,,,,,,,,,,,,,,,,,,,,,,,,,,,
"2025-09-02 15:13:22.5880552Z","ETW","Microsoft-Windows-Kernel-Audit-API-Calls",5,"Info ",5380,5932,"explorer.exe",,,,,,,,,,,,,,,,[{"addr":140736918206916,"idx":0},{"addr":140736882337646,"idx":1},{"addr":140736910267593,"idx":2},{"addr":140736385093137,"idx":3},{"addr":140736385090516,"idx":4},{"addr":140736385084655,"idx":5},{"addr":140736385084334,"idx":6},{"addr":140736882620003,"idx":7},{"addr":140736881849533,"idx":8},{"addr":140736881847412,"idx":9},{"addr":140736909646461,"idx":10},{"addr":140736909646267,"idx":11},{"addr":140736909643574,"idx":12},{"addr":140736909641089,"idx":13},{"addr":140736910206646,"idx":14},{"addr":140736909293663,"idx":15},{"addr":140736909422200,"idx":16},{"addr":140736909415344,"idx":17},{"addr":140736909399044,"idx":18},{"addr":140736909260610,"idx":19},{"addr":140736909258954,"idx":20},{"addr":140736385071819,"idx":21},{"addr":140736385153039,"idx":22},{"addr":140736385398901,"idx":23},{"addr":140736385399961,"idx":24},{"addr":140736897083607,"idx":25},{"addr":140736916996940,"idx":26}],,,,,,,,,,,,,,,,,,,4096,0,19464,,,,,,,,,,,,,,,,,,,,,,,,,,,,,,,,,,,,,,,,,,,,,,,,,,,,,,,,,,,,,,,,,,,,,,,,,,,,,,,,,,,,,,,,,,,,,,,,,,,
"2025-09-02 15:13:22.5895148Z","ETW","Microsoft-Windows-Kernel-Audit-API-Calls",5,"Info ",5380,5932,"explorer.exe",,,,,,,,,,,,,,,,[{"addr":140736918206916,"idx":0},{"addr":140736882337646,"idx":1},{"addr":140736910267593,"idx":2},{"addr":140736385099957,"idx":3},{"addr":140736385570023,"idx":4},{"addr":140736882620003,"idx":5},{"addr":140736882628366,"idx":6},{"addr":140736881847376,"idx":7},{"addr":140736909646461,"idx":8},{"addr":140736909646267,"idx":9},{"addr":140736909643574,"idx":10},{"addr":140736909641089,"idx":11},{"addr":140736910206646,"idx":12},{"addr":140736909293663,"idx":13},{"addr":140736909422200,"idx":14},{"addr":140736909415344,"idx":15},{"addr":140736909399044,"idx":16},{"addr":140736909260610,"idx":17},{"addr":140736909258954,"idx":18},{"addr":140736385071819,"idx":19},{"addr":140736385153039,"idx":20},{"addr":140736385398901,"idx":21},{"addr":140736385399961,"idx":22},{"addr":140736897083607,"idx":23},{"addr":140736916996940,"idx":24}],,,,,,,,,,,,,,,,,,,4096,0,19464,,,,,,,,,,,,,,,,,,,,,,,,,,,,,,,,,,,,,,,,,,,,,,,,,,,,,,,,,,,,,,,,,,,,,,,,,,,,,,,,,,,,,,,,,,,,,,,,,,,
"2025-09-02 15:13:22.5896747Z","ETW","Microsoft-Windows-Kernel-Audit-API-Calls",5,"Info ",5380,5932,"explorer.exe",,,,,,,,,,,,,,,,[{"addr":140736918203764,"idx":0},{"addr":140736872731894,"idx":1},{"addr":140736444438058,"idx":2},{"addr":140736446554414,"idx":3},{"addr":140736446483907,"idx":4},{"addr":140736385570138,"idx":5},{"addr":140736882620003,"idx":6},{"addr":140736882628366,"idx":7},{"addr":140736881847376,"idx":8},{"addr":140736909646461,"idx":9},{"addr":140736909646267,"idx":10},{"addr":140736909643574,"idx":11},{"addr":140736909641089,"idx":12},{"addr":140736910206646,"idx":13},{"addr":140736909293663,"idx":14},{"addr":140736909422200,"idx":15},{"addr":140736909415344,"idx":16},{"addr":140736909399044,"idx":17},{"addr":140736909260610,"idx":18},{"addr":140736909258954,"idx":19},{"addr":140736385071819,"idx":20},{"addr":140736385153039,"idx":21},{"addr":140736385398901,"idx":22},{"addr":140736385399961,"idx":23},{"addr":140736897083607,"idx":24},{"addr":140736916996940,"idx":25}],,,,,,,,,,,,,,,,,,,4096,0,13264,,,,,,,,,,,,,,,,,,,,,,,,,,,,,,,,,,,,,,,,,,,,,,,,,,,,,,,,,,,,,,,,,,,,,,,,,,,,,,,,,,,,,,,,,,,,,,,,,,,
"2025-09-02 15:13:22.5897019Z","ETW","Microsoft-Windows-Kernel-Audit-API-Calls",5,"Info ",5380,5932,"explorer.exe",,,,,,,,,,,,,,,,[{"addr":140736918203764,"idx":0},{"addr":140736872731894,"idx":1},{"addr":140736444438370,"idx":2},{"addr":140736446554414,"idx":3},{"addr":140736446483907,"idx":4},{"addr":140736385570138,"idx":5},{"addr":140736882620003,"idx":6},{"addr":140736882628366,"idx":7},{"addr":140736881847376,"idx":8},{"addr":140736909646461,"idx":9},{"addr":140736909646267,"idx":10},{"addr":140736909643574,"idx":11},{"addr":140736909641089,"idx":12},{"addr":140736910206646,"idx":13},{"addr":140736909293663,"idx":14},{"addr":140736909422200,"idx":15},{"addr":140736909415344,"idx":16},{"addr":140736909399044,"idx":17},{"addr":140736909260610,"idx":18},{"addr":140736909258954,"idx":19},{"addr":140736385071819,"idx":20},{"addr":140736385153039,"idx":21},{"addr":140736385398901,"idx":22},{"addr":140736385399961,"idx":23},{"addr":140736897083607,"idx":24},{"addr":140736916996940,"idx":25}],,,,,,,,,,,,,,,,,,,4096,0,13264,,,,,,,,,,,,,,,,,,,,,,,,,,,,,,,,,,,,,,,,,,,,,,,,,,,,,,,,,,,,,,,,,,,,,,,,,,,,,,,,,,,,,,,,,,,,,,,,,,,
"2025-09-02 15:13:22.5897569Z","ETW","Microsoft-Windows-Kernel-Audit-API-Calls",5,"Info ",5380,5932,"explorer.exe",,,,,,,,,,,,,,,,[{"addr":140736918203764,"idx":0},{"addr":140736872731894,"idx":1},{"addr":140736444438058,"idx":2},{"addr":140736446554414,"idx":3},{"addr":140736446483907,"idx":4},{"addr":140736385570138,"idx":5},{"addr":140736882620003,"idx":6},{"addr":140736882628366,"idx":7},{"addr":140736881847376,"idx":8},{"addr":140736909646461,"idx":9},{"addr":140736909646267,"idx":10},{"addr":140736909643574,"idx":11},{"addr":140736909641089,"idx":12},{"addr":140736910206646,"idx":13},{"addr":140736909293663,"idx":14},{"addr":140736909422200,"idx":15},{"addr":140736909415344,"idx":16},{"addr":140736909399044,"idx":17},{"addr":140736909260610,"idx":18},{"addr":140736909258954,"idx":19},{"addr":140736385071819,"idx":20},{"addr":140736385153039,"idx":21},{"addr":140736385398901,"idx":22},{"addr":140736385399961,"idx":23},{"addr":140736897083607,"idx":24},{"addr":140736916996940,"idx":25}],,,,,,,,,,,,,,,,,,,4096,0,16284,,,,,,,,,,,,,,,,,,,,,,,,,,,,,,,,,,,,,,,,,,,,,,,,,,,,,,,,,,,,,,,,,,,,,,,,,,,,,,,,,,,,,,,,,,,,,,,,,,,
"2025-09-02 15:13:22.5897682Z","ETW","Microsoft-Windows-Kernel-Audit-API-Calls",5,"Info ",5380,5932,"explorer.exe",,,,,,,,,,,,,,,,[{"addr":140736918203764,"idx":0},{"addr":140736872731894,"idx":1},{"addr":140736444438370,"idx":2},{"addr":140736446554414,"idx":3},{"addr":140736446483907,"idx":4},{"addr":140736385570138,"idx":5},{"addr":140736882620003,"idx":6},{"addr":140736882628366,"idx":7},{"addr":140736881847376,"idx":8},{"addr":140736909646461,"idx":9},{"addr":140736909646267,"idx":10},{"addr":140736909643574,"idx":11},{"addr":140736909641089,"idx":12},{"addr":140736910206646,"idx":13},{"addr":140736909293663,"idx":14},{"addr":140736909422200,"idx":15},{"addr":140736909415344,"idx":16},{"addr":140736909399044,"idx":17},{"addr":140736909260610,"idx":18},{"addr":140736909258954,"idx":19},{"addr":140736385071819,"idx":20},{"addr":140736385153039,"idx":21},{"addr":140736385398901,"idx":22},{"addr":140736385399961,"idx":23},{"addr":140736897083607,"idx":24},{"addr":140736916996940,"idx":25}],,,,,,,,,,,,,,,,,,,4096,0,16284,,,,,,,,,,,,,,,,,,,,,,,,,,,,,,,,,,,,,,,,,,,,,,,,,,,,,,,,,,,,,,,,,,,,,,,,,,,,,,,,,,,,,,,,,,,,,,,,,,,
"2025-09-02 15:13:22.5905037Z","ETW","Microsoft-Windows-Kernel-Process",3,"ThreadStartStart ",528,19756,"svchost.exe",,,,,,,,,,,,,,,,[{"addr":140736918214756,"idx":0},{"addr":140736917356893,"idx":1},{"addr":140736917350035,"idx":2},{"addr":140736897083607,"idx":3},{"addr":140736916996940,"idx":4}],,,,,,,,,528,18446639081576386560,18446639081576361984,140736917348896,0,996249124864,9532,996252581888,996252549120,140736917348896,,,,,,,,,,,,,,,,,,,,,,,,,,,,,,,,,,,,,,,,,,,,,,,,,,,,,,,,,,,,,,,,,,,,,,,,,,,,,,,,,,,,,,,,,,,,,,,,,,,,,,
"2025-09-02 15:13:22.5917675Z","ETW","Microsoft-Windows-Kernel-Process",3,"ThreadStartStart ",19464,11288,"CalculatorApp.exe",,,,,,,,,,,,,,,,[{"addr":140736918208964,"idx":0},{"addr":140736872776761,"idx":1},{"addr":140736897102141,"idx":2},{"addr":140736542687265,"idx":3},{"addr":140736542675093,"idx":4},{"addr":140736542673657,"idx":5},{"addr":140736542719435,"idx":6},{"addr":140736542714658,"idx":7},{"addr":140736542716316,"idx":8},{"addr":140736542689146,"idx":9},{"addr":140733908866295,"idx":10},{"addr":140733908733545,"idx":11},{"addr":140733908732672,"idx":12},{"addr":140733857021493,"idx":13},{"addr":140733857023336,"idx":14},{"addr":140733858651230,"idx":15},{"addr":140733858653435,"idx":16},{"addr":140733856615339,"idx":17},{"addr":140733857090463,"idx":18},{"addr":140733857744570,"idx":19},{"addr":140736681236363,"idx":20},{"addr":140736681236210,"idx":21},{"addr":140736681102204,"idx":22},{"addr":140736681748698,"idx":23},{"addr":140736717743674,"idx":24},{"addr":140736717740499,"idx":25},{"addr":140736882620003,"idx":26},{"addr":140736882628366,"idx":27},{"addr":140736881847376,"idx":28},{"addr":140736909646499,"idx":29},{"addr":140736909646267,"idx":30},{"addr":140736909643574,"idx":31},{"addr":140736909641089,"idx":32},{"addr":140736910206646,"idx":33},{"addr":140736909293663,"idx":34},{"addr":140736909422200,"idx":35},{"addr":140736909415344,"idx":36},{"addr":140736909399044,"idx":37},{"addr":140736909260610,"idx":38},{"addr":140736909258954,"idx":39},{"addr":140736701243791,"idx":40},{"addr":140736701242814,"idx":41},{"addr":140736717678445,"idx":42},{"addr":140736717678250,"idx":43},{"addr":140736717677938,"idx":44},{"addr":140736902955098,"idx":45},{"addr":140736897083607,"idx":46},{"addr":140736916996940,"idx":47}],,,,,,,,,19464,18446639081575063552,18446639081575038976,140736542687744,0,926182510592,11764,926199840768,926199836672,140736542687744,,,,,,,,,,,,,,,,,,,,,,,,,,,,,,,,,,,,,,,,,,,,,,,,,,,,,,,,,,,,,,,,,,,,,,,,,,,,,,,,,,,,,,,,,,,,,,,,,,,,,,
"2025-09-02 15:13:22.5922728Z","ETW","Microsoft-Windows-Kernel-Process",5,"ImageLoadInfo ",19464,11288,"CalculatorApp.exe",,,,"C:\Windows\System32\Windows.Globalization.dll",,,,,,,,,,,,[{"addr":140736918203828,"idx":0},{"addr":140736917192506,"idx":1},{"addr":140736917191278,"idx":2},{"addr":140736917210764,"idx":3},{"addr":140736917202269,"idx":4},{"addr":140736917259140,"idx":5},{"addr":140736916785248,"idx":6},{"addr":140736916784352,"idx":7},{"addr":140736917101952,"idx":8},{"addr":140736872000198,"idx":9},{"addr":140736909363845,"idx":10},{"addr":140736909362547,"idx":11},{"addr":140736909531736,"idx":12},{"addr":140736909524833,"idx":13},{"addr":140736909523551,"idx":14},{"addr":140734013983399,"idx":15},{"addr":140734013986257,"idx":16},{"addr":140733908886948,"idx":17},{"addr":140733908866668,"idx":18},{"addr":140733908866334,"idx":19},{"addr":140733908733545,"idx":20},{"addr":140733908732672,"idx":21},{"addr":140733857021493,"idx":22},{"addr":140733857023336,"idx":23},{"addr":140733858651230,"idx":24},{"addr":140733858653435,"idx":25},{"addr":140733856615339,"idx":26},{"addr":140733857090463,"idx":27},{"addr":140733857744570,"idx":28},{"addr":140736681236363,"idx":29},{"addr":140736681236210,"idx":30},{"addr":140736681102204,"idx":31},{"addr":140736681748698,"idx":32},{"addr":140736717743674,"idx":33},{"addr":140736717740499,"idx":34},{"addr":140736882620003,"idx":35},{"addr":140736882628366,"idx":36},{"addr":140736881847376,"idx":37},{"addr":140736909646499,"idx":38},{"addr":140736909646267,"idx":39},{"addr":140736909643574,"idx":40},{"addr":140736909641089,"idx":41},{"addr":140736910206646,"idx":42},{"addr":140736909293663,"idx":43},{"addr":140736909422200,"idx":44},{"addr":140736909415344,"idx":45},{"addr":140736909399044,"idx":46},{"addr":140736909260610,"idx":47},{"addr":140736909258954,"idx":48},{"addr":140736701243791,"idx":49},{"addr":140736701242814,"idx":50},{"addr":140736717678445,"idx":51},{"addr":140736717678250,"idx":52},{"addr":140736717677938,"idx":53},{"addr":140736902955098,"idx":54},{"addr":140736897083607,"idx":55},{"addr":140736916996940,"idx":56}],,,,,,,,,19464,,,,,,,,,,,,,,,,,,,,,,,,,,,,,,,,,,,,555229935,140736671580160,140736671580160,1677219,1671168,,,,,,,,,,,,,,,,,,,,,,,,,,,,,,,,,,,,,,,,,,,,,,,,,,,,,,,,,,,,,,,,,,,,,,,
"2025-09-02 15:13:22.6057129Z","ETW","Microsoft-Windows-Kernel-Process",5,"ImageLoadInfo ",19464,11288,"CalculatorApp.exe",,,,"C:\Windows\System32\Windows.Globalization.Fontgroups.dll",,,,,,,,,,,,[{"addr":140736918203828,"idx":0},{"addr":140736917192506,"idx":1},{"addr":140736917191278,"idx":2},{"addr":140736917210764,"idx":3},{"addr":140736917202269,"idx":4},{"addr":140736917259140,"idx":5},{"addr":140736916785248,"idx":6},{"addr":140736916784352,"idx":7},{"addr":140736917101952,"idx":8},{"addr":140736872000198,"idx":9},{"addr":140736909363845,"idx":10},{"addr":140736909362547,"idx":11},{"addr":140736909531736,"idx":12},{"addr":140736909524833,"idx":13},{"addr":140736909523551,"idx":14},{"addr":140734013983399,"idx":15},{"addr":140734013986257,"idx":16},{"addr":140733908887335,"idx":17},{"addr":140733908868833,"idx":18},{"addr":140733908866334,"idx":19},{"addr":140733908733545,"idx":20},{"addr":140733908732672,"idx":21},{"addr":140733857021493,"idx":22},{"addr":140733857023336,"idx":23},{"addr":140733858651230,"idx":24},{"addr":140733858653435,"idx":25},{"addr":140733856615339,"idx":26},{"addr":140733857090463,"idx":27},{"addr":140733857744570,"idx":28},{"addr":140736681236363,"idx":29},{"addr":140736681236210,"idx":30},{"addr":140736681102204,"idx":31},{"addr":140736681748698,"idx":32},{"addr":140736717743674,"idx":33},{"addr":140736717740499,"idx":34},{"addr":140736882620003,"idx":35},{"addr":140736882628366,"idx":36},{"addr":140736881847376,"idx":37},{"addr":140736909646499,"idx":38},{"addr":140736909646267,"idx":39},{"addr":140736909643574,"idx":40},{"addr":140736909641089,"idx":41},{"addr":140736910206646,"idx":42},{"addr":140736909293663,"idx":43},{"addr":140736909422200,"idx":44},{"addr":140736909415344,"idx":45},{"addr":140736909399044,"idx":46},{"addr":140736909260610,"idx":47},{"addr":140736909258954,"idx":48},{"addr":140736701243791,"idx":49},{"addr":140736701242814,"idx":50},{"addr":140736717678445,"idx":51},{"addr":140736717678250,"idx":52},{"addr":140736717677938,"idx":53},{"addr":140736902955098,"idx":54},{"addr":140736897083607,"idx":55},{"addr":140736916996940,"idx":56}],,,,,,,,,19464,,,,,,,,,,,,,,,,,,,,,,,,,,,,,,,,,,,,2401575024,140736296779776,140736296779776,126310,86016,,,,,,,,,,,,,,,,,,,,,,,,,,,,,,,,,,,,,,,,,,,,,,,,,,,,,,,,,,,,,,,,,,,,,,,
"2025-09-02 15:13:22.6063871Z","ETW","Microsoft-Windows-Kernel-Process",5,"ImageLoadInfo ",19464,19760,"CalculatorApp.exe",,,,"C:\Windows\System32\BCP47Langs.dll",,,,,,,,,,,,[{"addr":140736918203828,"idx":0},{"addr":140736917192506,"idx":1},{"addr":140736917191278,"idx":2},{"addr":140736917210764,"idx":3},{"addr":140736917201516,"idx":4},{"addr":140736917258922,"idx":5},{"addr":140736917255216,"idx":6},{"addr":140736917350945,"idx":7},{"addr":140736897083607,"idx":8},{"addr":140736916996940,"idx":9}],,,,,,,,,19464,,,,,,,,,,,,,,,,,,,,,,,,,,,,,,,,,,,,2655356928,140736705134592,140736705134592,394325,385024,,,,,,,,,,,,,,,,,,,,,,,,,,,,,,,,,,,,,,,,,,,,,,,,,,,,,,,,,,,,,,,,,,,,,,,
"2025-09-02 15:13:22.6076975Z","ETW","Microsoft-Windows-Kernel-Process",5,"ImageLoadInfo ",19464,21368,"CalculatorApp.exe",,,,"C:\Windows\System32\fontgroupsoverride.dll",,,,,,,,,,,,[{"addr":140736918203828,"idx":0},{"addr":140736917192506,"idx":1},{"addr":140736917191278,"idx":2},{"addr":140736917210764,"idx":3},{"addr":140736917202269,"idx":4},{"addr":140736917259140,"idx":5},{"addr":140736916785248,"idx":6},{"addr":140736916786774,"idx":7},{"addr":140736917021315,"idx":8},{"addr":140736917023197,"idx":9},{"addr":140736296792914,"idx":10},{"addr":140736296800455,"idx":11},{"addr":140736296785390,"idx":12},{"addr":140736296785174,"idx":13},{"addr":140736296784687,"idx":14},{"addr":140736882620003,"idx":15},{"addr":140736882628366,"idx":16},{"addr":140736881847376,"idx":17},{"addr":140736909646499,"idx":18},{"addr":140736909646267,"idx":19},{"addr":140736909643574,"idx":20},{"addr":140736909641089,"idx":21},{"addr":140736910206646,"idx":22},{"addr":140736909298250,"idx":23},{"addr":140736909422200,"idx":24},{"addr":140736909415344,"idx":25},{"addr":140736910435790,"idx":26},{"addr":140736910320481,"idx":27},{"addr":140736910320153,"idx":28},{"addr":140736897083607,"idx":29},{"addr":140736916996940,"idx":30}],,,,,,,,,19464,,,,,,,,,,,,,,,,,,,,,,,,,,,,,,,,,,,,3684684608,140736517308416,140736517308416,84550,45056,,,,,,,,,,,,,,,,,,,,,,,,,,,,,,,,,,,,,,,,,,,,,,,,,,,,,,,,,,,,,,,,,,,,,,,
"2025-09-02 15:13:22.6123425Z","ETW","Microsoft-Windows-Kernel-Process",5,"ImageLoadInfo ",19464,11288,"CalculatorApp.exe",,,,"C:\Windows\System32\dcomp.dll",,,,,,,,,,,,[{"addr":140736918203828,"idx":0},{"addr":140736917192506,"idx":1},{"addr":140736917191278,"idx":2},{"addr":140736917210764,"idx":3},{"addr":140736917201516,"idx":4},{"addr":140736917258922,"idx":5},{"addr":140736916785248,"idx":6},{"addr":140736916784352,"idx":7},{"addr":140736917101952,"idx":8},{"addr":140736872000198,"idx":9},{"addr":140736675720754,"idx":10},{"addr":140736678144779,"idx":11},{"addr":140736678144653,"idx":12},{"addr":140736678144572,"idx":13},{"addr":140736678144426,"idx":14},{"addr":140733616545276,"idx":15},{"addr":140733618076657,"idx":16},{"addr":140733618067034,"idx":17},{"addr":140733618064874,"idx":18},{"addr":140733616689935,"idx":19},{"addr":140733618067612,"idx":20},{"addr":140733616355283,"idx":21},{"addr":140736675219850,"idx":22},{"addr":140736675228809,"idx":23},{"addr":140736676557330,"idx":24},{"addr":140736676554146,"idx":25},{"addr":140736676547276,"idx":26},{"addr":140736676541566,"idx":27},{"addr":140736675973795,"idx":28},{"addr":140736675970738,"idx":29},{"addr":140736675970229,"idx":30},{"addr":140733616366071,"idx":31},{"addr":140733616688489,"idx":32},{"addr":140733618064083,"idx":33},{"addr":140733857105290,"idx":34},{"addr":140733857105099,"idx":35},{"addr":140733858551933,"idx":36},{"addr":140733857415339,"idx":37},{"addr":140733857736247,"idx":38},{"addr":140733857736103,"idx":39},{"addr":140733857736010,"idx":40},{"addr":140736675958661,"idx":41},{"addr":140736675068615,"idx":42},{"addr":140736678189938,"idx":43},{"addr":140736675600967,"idx":44},{"addr":140736675588551,"idx":45},{"addr":140736676970747,"idx":46},{"addr":140736676967520,"idx":47},{"addr":140736676966814,"idx":48},{"addr":140736676966213,"idx":49},{"addr":140736676965880,"idx":50},{"addr":140736676965518,"idx":51},{"addr":140733857063677,"idx":52},{"addr":140733857063460,"idx":53},{"addr":140733857634798,"idx":54},{"addr":140733857619994,"idx":55},{"addr":140733858376189,"idx":56},{"addr":140733858069466,"idx":57},{"addr":140733857651725,"idx":58},{"addr":140733857737987,"idx":59},{"addr":140736678212714,"idx":60},{"addr":140736676741927,"idx":61},{"addr":140736676747183,"idx":62},{"addr":140736676746618,"idx":63},{"addr":140736681769737,"idx":64},{"addr":140736676744328,"idx":65},{"addr":140736681526019,"idx":66},{"addr":140736681525738,"idx":67},{"addr":140733858310220,"idx":68},{"addr":140733858651871,"idx":69},{"addr":140733858651340,"idx":70},{"addr":140733858653435,"idx":71},{"addr":140733856615339,"idx":72},{"addr":140733857090463,"idx":73},{"addr":140733857744570,"idx":74},{"addr":140736681236363,"idx":75},{"addr":140736681236210,"idx":76},{"addr":140736681102204,"idx":77},{"addr":140736681748698,"idx":78},{"addr":140736717743674,"idx":79},{"addr":140736717740499,"idx":80},{"addr":140736882620003,"idx":81},{"addr":140736882628366,"idx":82},{"addr":140736881847376,"idx":83},{"addr":140736909646499,"idx":84},{"addr":140736909646267,"idx":85},{"addr":140736909643574,"idx":86},{"addr":140736909641089,"idx":87},{"addr":140736910206646,"idx":88},{"addr":140736909293663,"idx":89},{"addr":140736909422200,"idx":90},{"addr":140736909415344,"idx":91},{"addr":140736909399044,"idx":92},{"addr":140736909260610,"idx":93},{"addr":140736909258954,"idx":94},{"addr":140736701243791,"idx":95},{"addr":140736701242814,"idx":96},{"addr":140736717678445,"idx":97},{"addr":140736717678250,"idx":98},{"addr":140736717677938,"idx":99},{"addr":140736902955098,"idx":100},{"addr":140736897083607,"idx":101},{"addr":140736916996940,"idx":102}],,,,,,,,,19464,,,,,,,,,,,,,,,,,,,,,,,,,,,,,,,,,,,,3115286930,140736806715392,140736806715392,2336173,2269184,,,,,,,,,,,,,,,,,,,,,,,,,,,,,,,,,,,,,,,,,,,,,,,,,,,,,,,,,,,,,,,,,,,,,,,
"2025-09-02 15:13:22.6129069Z","ETW","Microsoft-Windows-Kernel-Process",5,"ImageLoadInfo ",19464,19760,"CalculatorApp.exe",,,,"C:\Windows\System32\Microsoft.Internal.WarpPal.dll",,,,,,,,,,,,[{"addr":140736918203828,"idx":0},{"addr":140736917192506,"idx":1},{"addr":140736917191278,"idx":2},{"addr":140736917210764,"idx":3},{"addr":140736917201516,"idx":4},{"addr":140736917258922,"idx":5},{"addr":140736917255216,"idx":6},{"addr":140736917350945,"idx":7},{"addr":140736897083607,"idx":8},{"addr":140736916996940,"idx":9}],,,,,,,,,19464,,,,,,,,,,,,,,,,,,,,,,,,,,,,,,,,,,,,2132685858,140736790986752,140736790986752,167600,102400,,,,,,,,,,,,,,,,,,,,,,,,,,,,,,,,,,,,,,,,,,,,,,,,,,,,,,,,,,,,,,,,,,,,,,,
"2025-09-02 15:13:22.6145992Z","ETW","Microsoft-Windows-Kernel-Process",5,"ImageLoadInfo ",19464,11288,"CalculatorApp.exe",,,,"C:\Windows\System32\Windows.Energy.dll",,,,,,,,,,,,[{"addr":140736918203828,"idx":0},{"addr":140736917192506,"idx":1},{"addr":140736917191278,"idx":2},{"addr":140736917210764,"idx":3},{"addr":140736917202269,"idx":4},{"addr":140736917259140,"idx":5},{"addr":140736916785248,"idx":6},{"addr":140736916784352,"idx":7},{"addr":140736917101952,"idx":8},{"addr":140736872000198,"idx":9},{"addr":140736909363845,"idx":10},{"addr":140736909362547,"idx":11},{"addr":140736909531736,"idx":12},{"addr":140736909524833,"idx":13},{"addr":140736909523551,"idx":14},{"addr":140733616095074,"idx":15},{"addr":140733616093725,"idx":16},{"addr":140733616698391,"idx":17},{"addr":140733616113564,"idx":18},{"addr":140733618079452,"idx":19},{"addr":140733618080689,"idx":20},{"addr":140733618081200,"idx":21},{"addr":140733618073071,"idx":22},{"addr":140733618076721,"idx":23},{"addr":140733618067034,"idx":24},{"addr":140733618064874,"idx":25},{"addr":140733616689935,"idx":26},{"addr":140733618067612,"idx":27},{"addr":140733616355283,"idx":28},{"addr":140736675219850,"idx":29},{"addr":140736675228809,"idx":30},{"addr":140736676557330,"idx":31},{"addr":140736676554146,"idx":32},{"addr":140736676547276,"idx":33},{"addr":140736676541566,"idx":34},{"addr":140736675973795,"idx":35},{"addr":140736675970738,"idx":36},{"addr":140736675970229,"idx":37},{"addr":140733616366071,"idx":38},{"addr":140733616688489,"idx":39},{"addr":140733618064083,"idx":40},{"addr":140733857105290,"idx":41},{"addr":140733857105099,"idx":42},{"addr":140733858551933,"idx":43},{"addr":140733857415339,"idx":44},{"addr":140733857736247,"idx":45},{"addr":140733857736103,"idx":46},{"addr":140733857736010,"idx":47},{"addr":140736675958661,"idx":48},{"addr":140736675068615,"idx":49},{"addr":140736678189938,"idx":50},{"addr":140736675600967,"idx":51},{"addr":140736675588551,"idx":52},{"addr":140736676970747,"idx":53},{"addr":140736676967520,"idx":54},{"addr":140736676966814,"idx":55},{"addr":140736676966213,"idx":56},{"addr":140736676965880,"idx":57},{"addr":140736676965518,"idx":58},{"addr":140733857063677,"idx":59},{"addr":140733857063460,"idx":60},{"addr":140733857634798,"idx":61},{"addr":140733857619994,"idx":62},{"addr":140733858376189,"idx":63},{"addr":140733858069466,"idx":64},{"addr":140733857651725,"idx":65},{"addr":140733857737987,"idx":66},{"addr":140736678212714,"idx":67},{"addr":140736676741927,"idx":68},{"addr":140736676747183,"idx":69},{"addr":140736676746618,"idx":70},{"addr":140736681769737,"idx":71},{"addr":140736676744328,"idx":72},{"addr":140736681526019,"idx":73},{"addr":140736681525738,"idx":74},{"addr":140733858310220,"idx":75},{"addr":140733858651871,"idx":76},{"addr":140733858651340,"idx":77},{"addr":140733858653435,"idx":78},{"addr":140733856615339,"idx":79},{"addr":140733857090463,"idx":80},{"addr":140733857744570,"idx":81},{"addr":140736681236363,"idx":82},{"addr":140736681236210,"idx":83},{"addr":140736681102204,"idx":84},{"addr":140736681748698,"idx":85},{"addr":140736717743674,"idx":86},{"addr":140736717740499,"idx":87},{"addr":140736882620003,"idx":88},{"addr":140736882628366,"idx":89},{"addr":140736881847376,"idx":90},{"addr":140736909646499,"idx":91},{"addr":140736909646267,"idx":92},{"addr":140736909643574,"idx":93},{"addr":140736909641089,"idx":94},{"addr":140736910206646,"idx":95},{"addr":140736909293663,"idx":96},{"addr":140736909422200,"idx":97},{"addr":140736909415344,"idx":98},{"addr":140736909399044,"idx":99},{"addr":140736909260610,"idx":100},{"addr":140736909258954,"idx":101},{"addr":140736701243791,"idx":102},{"addr":140736701242814,"idx":103},{"addr":140736717678445,"idx":104},{"addr":140736717678250,"idx":105},{"addr":140736717677938,"idx":106},{"addr":140736902955098,"idx":107},{"addr":140736897083607,"idx":108},{"addr":140736916996940,"idx":109}],,,,,,,,,19464,,,,,,,,,,,,,,,,,,,,,,,,,,,,,,,,,,,,1356828696,140736286359552,140736286359552,380523,327680,,,,,,,,,,,,,,,,,,,,,,,,,,,,,,,,,,,,,,,,,,,,,,,,,,,,,,,,,,,,,,,,,,,,,,,
"2025-09-02 15:13:22.6202568Z","ETW","Microsoft-Windows-Kernel-Audit-API-Calls",5,"Info ",19464,11288,"CalculatorApp.exe",,,,,,,,,,,,,,,,[{"addr":140736918203764,"idx":0},{"addr":140736872731894,"idx":1},{"addr":140736717697306,"idx":2},{"addr":140736717844465,"idx":3},{"addr":140736916975221,"idx":4},{"addr":140736872573249,"idx":5},{"addr":140736718227459,"idx":6},{"addr":140736718227329,"idx":7},{"addr":140733857021493,"idx":8},{"addr":140733857023336,"idx":9},{"addr":140733857611842,"idx":10},{"addr":140733858380045,"idx":11},{"addr":140733858069466,"idx":12},{"addr":140733857651725,"idx":13},{"addr":140733857737987,"idx":14},{"addr":140736675983592,"idx":15},{"addr":140736675985712,"idx":16},{"addr":140736678187914,"idx":17},{"addr":140736677262225,"idx":18},{"addr":140736675600156,"idx":19},{"addr":140736675588551,"idx":20},{"addr":140736676970747,"idx":21},{"addr":140736676967520,"idx":22},{"addr":140736676966814,"idx":23},{"addr":140736676966213,"idx":24},{"addr":140736676965880,"idx":25},{"addr":140736676965518,"idx":26},{"addr":140733857063677,"idx":27},{"addr":140733857063460,"idx":28},{"addr":140733857634798,"idx":29},{"addr":140733857619994,"idx":30},{"addr":140733858376189,"idx":31},{"addr":140733858069466,"idx":32},{"addr":140733857651725,"idx":33},{"addr":140733857737987,"idx":34},{"addr":140736678212714,"idx":35},{"addr":140736676741927,"idx":36},{"addr":140736676747183,"idx":37},{"addr":140736676746618,"idx":38},{"addr":140736681769737,"idx":39},{"addr":140736676744328,"idx":40},{"addr":140736681526019,"idx":41},{"addr":140736681525738,"idx":42},{"addr":140733858310220,"idx":43},{"addr":140733858651871,"idx":44},{"addr":140733858651340,"idx":45},{"addr":140733858653435,"idx":46},{"addr":140733856615339,"idx":47},{"addr":140733857090463,"idx":48},{"addr":140733857744570,"idx":49},{"addr":140736681236363,"idx":50},{"addr":140736681236210,"idx":51},{"addr":140736681102204,"idx":52},{"addr":140736681748698,"idx":53},{"addr":140736717743674,"idx":54},{"addr":140736717740499,"idx":55},{"addr":140736882620003,"idx":56},{"addr":140736882628366,"idx":57},{"addr":140736881847376,"idx":58},{"addr":140736909646499,"idx":59},{"addr":140736909646267,"idx":60},{"addr":140736909643574,"idx":61},{"addr":140736909641089,"idx":62},{"addr":140736910206646,"idx":63},{"addr":140736909293663,"idx":64},{"addr":140736909422200,"idx":65},{"addr":140736909415344,"idx":66},{"addr":140736909399044,"idx":67},{"addr":140736909260610,"idx":68},{"addr":140736909258954,"idx":69},{"addr":140736701243791,"idx":70},{"addr":140736701242814,"idx":71},{"addr":140736717678445,"idx":72},{"addr":140736717678250,"idx":73},{"addr":140736717677938,"idx":74},{"addr":140736902955098,"idx":75},{"addr":140736897083607,"idx":76},{"addr":140736916996940,"idx":77}],,,,,,,,,,,,,,,,,,,4096,0,19464,,,,,,,,,,,,,,,,,,,,,,,,,,,,,,,,,,,,,,,,,,,,,,,,,,,,,,,,,,,,,,,,,,,,,,,,,,,,,,,,,,,,,,,,,,,,,,,,,,,
"2025-09-02 15:13:22.6239844Z","ETW","Microsoft-Windows-Kernel-Audit-API-Calls",5,"Info ",5380,5932,"explorer.exe",,,,,,,,,,,,,,,,[{"addr":140736918206916,"idx":0},{"addr":140736882337646,"idx":1},{"addr":140736910267593,"idx":2},{"addr":140736385093137,"idx":3},{"addr":140736385090516,"idx":4},{"addr":140736385085213,"idx":5},{"addr":140736882620003,"idx":6},{"addr":140736882628366,"idx":7},{"addr":140736881847376,"idx":8},{"addr":140736909646461,"idx":9},{"addr":140736909646267,"idx":10},{"addr":140736909643574,"idx":11},{"addr":140736909641089,"idx":12},{"addr":140736910206646,"idx":13},{"addr":140736909293663,"idx":14},{"addr":140736909422200,"idx":15},{"addr":140736909415344,"idx":16},{"addr":140736909399044,"idx":17},{"addr":140736909260610,"idx":18},{"addr":140736909258954,"idx":19},{"addr":140736385071819,"idx":20},{"addr":140736385153039,"idx":21},{"addr":140736385398901,"idx":22},{"addr":140736385399961,"idx":23},{"addr":140736897083607,"idx":24},{"addr":140736916996940,"idx":25}],,,,,,,,,,,,,,,,,,,4096,0,19464,,,,,,,,,,,,,,,,,,,,,,,,,,,,,,,,,,,,,,,,,,,,,,,,,,,,,,,,,,,,,,,,,,,,,,,,,,,,,,,,,,,,,,,,,,,,,,,,,,,
"2025-09-02 15:13:22.6240783Z","ETW","Microsoft-Windows-Kernel-Audit-API-Calls",5,"Info ",5380,5932,"explorer.exe",,,,,,,,,,,,,,,,[{"addr":140736918206916,"idx":0},{"addr":140736882337646,"idx":1},{"addr":140736910267593,"idx":2},{"addr":140736385093137,"idx":3},{"addr":140736385090516,"idx":4},{"addr":140736385085101,"idx":5},{"addr":140736882620003,"idx":6},{"addr":140736882628366,"idx":7},{"addr":140736881847376,"idx":8},{"addr":140736909646461,"idx":9},{"addr":140736909646267,"idx":10},{"addr":140736909643574,"idx":11},{"addr":140736909641089,"idx":12},{"addr":140736910206646,"idx":13},{"addr":140736909293663,"idx":14},{"addr":140736909422200,"idx":15},{"addr":140736909415344,"idx":16},{"addr":140736909399044,"idx":17},{"addr":140736909260610,"idx":18},{"addr":140736909400749,"idx":19},{"addr":140736909400294,"idx":20},{"addr":140736909434890,"idx":21},{"addr":140736909256539,"idx":22},{"addr":140736909399814,"idx":23},{"addr":140736909256328,"idx":24},{"addr":140736909846787,"idx":25},{"addr":140736882637457,"idx":26},{"addr":140736910089846,"idx":27},{"addr":140736911506466,"idx":28},{"addr":140736444564962,"idx":29},{"addr":140736385085238,"idx":30},{"addr":140736882620003,"idx":31},{"addr":140736882628366,"idx":32},{"addr":140736881847376,"idx":33},{"addr":140736909646461,"idx":34},{"addr":140736909646267,"idx":35},{"addr":140736909643574,"idx":36},{"addr":140736909641089,"idx":37},{"addr":140736910206646,"idx":38},{"addr":140736909293663,"idx":39},{"addr":140736909422200,"idx":40},{"addr":140736909415344,"idx":41},{"addr":140736909399044,"idx":42},{"addr":140736909260610,"idx":43},{"addr":140736909258954,"idx":44},{"addr":140736385071819,"idx":45},{"addr":140736385153039,"idx":46},{"addr":140736385398901,"idx":47},{"addr":140736385399961,"idx":48},{"addr":140736897083607,"idx":49},{"addr":140736916996940,"idx":50}],,,,,,,,,,,,,,,,,,,4096,0,19464,,,,,,,,,,,,,,,,,,,,,,,,,,,,,,,,,,,,,,,,,,,,,,,,,,,,,,,,,,,,,,,,,,,,,,,,,,,,,,,,,,,,,,,,,,,,,,,,,,,
"2025-09-02 15:13:22.6242268Z","ETW","Microsoft-Windows-Kernel-Audit-API-Calls",5,"Info ",8144,15816,"ApplicationFrameHost.exe",,,,,,,,,,,,,,,,[{"addr":140736918203764,"idx":0},{"addr":140736872731894,"idx":1},{"addr":140736717697306,"idx":2},{"addr":140736376303998,"idx":3},{"addr":140736376670243,"idx":4},{"addr":140736902703990,"idx":5},{"addr":140736902703274,"idx":6},{"addr":140736902700103,"idx":7},{"addr":140736897083607,"idx":8},{"addr":140736916996940,"idx":9}],,,,,,,,,,,,,,,,,,,4096,0,8144,,,,,,,,,,,,,,,,,,,,,,,,,,,,,,,,,,,,,,,,,,,,,,,,,,,,,,,,,,,,,,,,,,,,,,,,,,,,,,,,,,,,,,,,,,,,,,,,,,,
"2025-09-02 15:13:22.6249008Z","ETW","Microsoft-Windows-Kernel-Audit-API-Calls",5,"Info ",8144,15816,"ApplicationFrameHost.exe",,,,,,,,,,,,,,,,[{"addr":140736918203764,"idx":0},{"addr":140736872731894,"idx":1},{"addr":140736717697306,"idx":2},{"addr":140736376463684,"idx":3},{"addr":140736376670266,"idx":4},{"addr":140736902703990,"idx":5},{"addr":140736902703274,"idx":6},{"addr":140736902700103,"idx":7},{"addr":140736897083607,"idx":8},{"addr":140736916996940,"idx":9}],,,,,,,,,,,,,,,,,,,4096,0,8144,,,,,,,,,,,,,,,,,,,,,,,,,,,,,,,,,,,,,,,,,,,,,,,,,,,,,,,,,,,,,,,,,,,,,,,,,,,,,,,,,,,,,,,,,,,,,,,,,,,
"2025-09-02 15:13:22.6258673Z","ETW","Microsoft-Windows-Kernel-Audit-API-Calls",5,"Info ",8144,15816,"ApplicationFrameHost.exe",,,,,,,,,,,,,,,,[{"addr":140736918203764,"idx":0},{"addr":140736872731894,"idx":1},{"addr":140736717697306,"idx":2},{"addr":140736376307968,"idx":3},{"addr":140736376539149,"idx":4},{"addr":140736902703990,"idx":5},{"addr":140736902703274,"idx":6},{"addr":140736902700103,"idx":7},{"addr":140736897083607,"idx":8},{"addr":140736916996940,"idx":9}],,,,,,,,,,,,,,,,,,,4096,0,8144,,,,,,,,,,,,,,,,,,,,,,,,,,,,,,,,,,,,,,,,,,,,,,,,,,,,,,,,,,,,,,,,,,,,,,,,,,,,,,,,,,,,,,,,,,,,,,,,,,,
"2025-09-02 15:13:22.6282697Z","ETW","Microsoft-Windows-Kernel-Audit-API-Calls",6,"Info ",13192,1244,"WerFault.exe",,,,,,,,,,,,,,,,[{"addr":140736918212548,"idx":0},{"addr":140736872857142,"idx":1},{"addr":140733981341845,"idx":2},{"addr":140733981360014,"idx":3},{"addr":140733981359838,"idx":4},{"addr":140733981332330,"idx":5},{"addr":140702874837458,"idx":6},{"addr":140702874561549,"idx":7},{"addr":140702874566272,"idx":8},{"addr":140702874543067,"idx":9},{"addr":140736897083607,"idx":10},{"addr":140736916996940,"idx":11}],,,,,,,,,,,,,,,,,,,2097151,0,15112,5500,,,,,,,,,,,,,,,,,,,,,,,,,,,,,,,,,,,,,,,,,,,,,,,,,,,,,,,,,,,,,,,,,,,,,,,,,,,,,,,,,,,,,,,,,,,,,,,,,,
"2025-09-02 15:13:22.6286125Z","ETW","Microsoft-Windows-Kernel-Process",5,"ImageLoadInfo ",19464,11288,"CalculatorApp.exe",,,,"C:\Windows\System32\Windows.ApplicationModel.dll",,,,,,,,,,,,[{"addr":140736918203828,"idx":0},{"addr":140736917192506,"idx":1},{"addr":140736917191278,"idx":2},{"addr":140736917210764,"idx":3},{"addr":140736917202269,"idx":4},{"addr":140736917259140,"idx":5},{"addr":140736916785248,"idx":6},{"addr":140736916784352,"idx":7},{"addr":140736917101952,"idx":8},{"addr":140736872000198,"idx":9},{"addr":140736909363845,"idx":10},{"addr":140736909362547,"idx":11},{"addr":140736909531736,"idx":12},{"addr":140736909524833,"idx":13},{"addr":140736909523551,"idx":14},{"addr":140733616095074,"idx":15},{"addr":140733617117723,"idx":16},{"addr":140733617119170,"idx":17},{"addr":140733615772171,"idx":18},{"addr":140733616111948,"idx":19},{"addr":140733616111876,"idx":20},{"addr":140733616111638,"idx":21},{"addr":140733616111474,"idx":22},{"addr":140733616355283,"idx":23},{"addr":140736675219850,"idx":24},{"addr":140736675228809,"idx":25},{"addr":140736676557330,"idx":26},{"addr":140736676566597,"idx":27},{"addr":140736676522935,"idx":28},{"addr":140736675973795,"idx":29},{"addr":140736675970738,"idx":30},{"addr":140736675970229,"idx":31},{"addr":140733616423398,"idx":32},{"addr":140733617318611,"idx":33},{"addr":140733615773102,"idx":34},{"addr":140736675958661,"idx":35},{"addr":140736675068615,"idx":36},{"addr":140736678189938,"idx":37},{"addr":140736675600967,"idx":38},{"addr":140736674911457,"idx":39},{"addr":140736674909684,"idx":40},{"addr":140736674909432,"idx":41},{"addr":140736674903926,"idx":42},{"addr":140736674910463,"idx":43},{"addr":140736674903926,"idx":44},{"addr":140736675636990,"idx":45},{"addr":140736675625612,"idx":46},{"addr":140736675027339,"idx":47},{"addr":140736675025335,"idx":48},{"addr":140736675605010,"idx":49},{"addr":140736674911457,"idx":50},{"addr":140736674909684,"idx":51},{"addr":140736674903926,"idx":52},{"addr":140736675636990,"idx":53},{"addr":140736675625963,"idx":54},{"addr":140736675626365,"idx":55},{"addr":140736675627349,"idx":56},{"addr":140736676886060,"idx":57},{"addr":140736676891743,"idx":58},{"addr":140736675045265,"idx":59},{"addr":140736675603749,"idx":60},{"addr":140736674911457,"idx":61},{"addr":140736674911669,"idx":62},{"addr":140736674903926,"idx":63},{"addr":140736675636990,"idx":64},{"addr":140736675625612,"idx":65},{"addr":140736675027339,"idx":66},{"addr":140736675025335,"idx":67},{"addr":140736676892142,"idx":68},{"addr":140736676886285,"idx":69},{"addr":140736676891743,"idx":70},{"addr":140736675045265,"idx":71},{"addr":140736675603749,"idx":72},{"addr":140736674911457,"idx":73},{"addr":140736676422206,"idx":74},{"addr":140736676424886,"idx":75},{"addr":140736676420502,"idx":76},{"addr":140736676419689,"idx":77},{"addr":140736674884586,"idx":78},{"addr":140736675011217,"idx":79},{"addr":140736677927413,"idx":80},{"addr":140736679349331,"idx":81},{"addr":140736675616539,"idx":82},{"addr":140736675601438,"idx":83},{"addr":140736675588551,"idx":84},{"addr":140736676970747,"idx":85},{"addr":140736676967520,"idx":86},{"addr":140736676966814,"idx":87},{"addr":140736676966213,"idx":88},{"addr":140736676965880,"idx":89},{"addr":140736676965518,"idx":90},{"addr":140733857063677,"idx":91},{"addr":140733857063460,"idx":92},{"addr":140733857634798,"idx":93},{"addr":140733857619994,"idx":94},{"addr":140733858376189,"idx":95},{"addr":140733858069466,"idx":96},{"addr":140733857651725,"idx":97},{"addr":140733857737987,"idx":98},{"addr":140736678212714,"idx":99},{"addr":140736676741927,"idx":100},{"addr":140736676747183,"idx":101},{"addr":140736676746618,"idx":102},{"addr":140736681769737,"idx":103},{"addr":140736676744328,"idx":104},{"addr":140736681526019,"idx":105},{"addr":140736681525738,"idx":106},{"addr":140733858310220,"idx":107},{"addr":140733858651871,"idx":108},{"addr":140733858651340,"idx":109},{"addr":140733858653435,"idx":110},{"addr":140733856615339,"idx":111},{"addr":140733857090463,"idx":112},{"addr":140733857744570,"idx":113},{"addr":140736681236363,"idx":114},{"addr":140736681236210,"idx":115},{"addr":140736681102204,"idx":116},{"addr":140736681748698,"idx":117},{"addr":140736717743674,"idx":118},{"addr":140736717740499,"idx":119},{"addr":140736882620003,"idx":120},{"addr":140736882628366,"idx":121},{"addr":140736881847376,"idx":122},{"addr":140736909646499,"idx":123},{"addr":140736909646267,"idx":124},{"addr":140736909643574,"idx":125},{"addr":140736909641089,"idx":126},{"addr":140736910206646,"idx":127},{"addr":140736909293663,"idx":128},{"addr":140736909422200,"idx":129},{"addr":140736909415344,"idx":130},{"addr":140736909399044,"idx":131},{"addr":140736909260610,"idx":132},{"addr":140736909258954,"idx":133},{"addr":140736701243791,"idx":134},{"addr":140736701242814,"idx":135},{"addr":140736717678445,"idx":136},{"addr":140736717678250,"idx":137},{"addr":140736717677938,"idx":138},{"addr":140736902955098,"idx":139},{"addr":140736897083607,"idx":140},{"addr":140736916996940,"idx":141}],,,,,,,,,19464,,,,,,,,,,,,,,,,,,,,,,,,,,,,,,,,,,,,3909170685,140736601587712,140736601587712,906950,868352,,,,,,,,,,,,,,,,,,,,,,,,,,,,,,,,,,,,,,,,,,,,,,,,,,,,,,,,,,,,,,,,,,,,,,,
"2025-09-02 15:13:22.6287922Z","ETW","Microsoft-Windows-Kernel-Process",5,"ImageLoadInfo ",13192,1244,"WerFault.exe",,,,"C:\Windows\System32\policymanager.dll",,,,,,,,,,,,[{"addr":140736918203828,"idx":0},{"addr":140736917192506,"idx":1},{"addr":140736917191278,"idx":2},{"addr":140736917210764,"idx":3},{"addr":140736917201516,"idx":4},{"addr":140736917258922,"idx":5},{"addr":140736916785248,"idx":6},{"addr":140736916784352,"idx":7},{"addr":140736917101952,"idx":8},{"addr":140736872000198,"idx":9},{"addr":140736564313215,"idx":10},{"addr":140736564317195,"idx":11},{"addr":140736564310991,"idx":12},{"addr":140736564312326,"idx":13},{"addr":140736564315077,"idx":14},{"addr":140733981334987,"idx":15},{"addr":140733981351013,"idx":16},{"addr":140733981341949,"idx":17},{"addr":140733981360014,"idx":18},{"addr":140733981359838,"idx":19},{"addr":140733981332330,"idx":20},{"addr":140702874837458,"idx":21},{"addr":140702874561549,"idx":22},{"addr":140702874566272,"idx":23},{"addr":140702874543067,"idx":24},{"addr":140736897083607,"idx":25},{"addr":140736916996940,"idx":26}],,,,,,,,,13192,,,,,,,,,,,,,,,,,,,,,,,,,,,,,,,,,,,,2757975175,140736805928960,140736805928960,801211,737280,,,,,,,,,,,,,,,,,,,,,,,,,,,,,,,,,,,,,,,,,,,,,,,,,,,,,,,,,,,,,,,,,,,,,,,
"2025-09-02 15:13:22.6291720Z","ETW","Microsoft-Windows-Kernel-Process",5,"ImageLoadInfo ",13192,1244,"WerFault.exe",,,,"C:\Windows\System32\msvcp110_win.dll",,,,,,,,,,,,[{"addr":140736918203828,"idx":0},{"addr":140736917192506,"idx":1},{"addr":140736917191278,"idx":2},{"addr":140736917210764,"idx":3},{"addr":140736917201516,"idx":4},{"addr":140736917258922,"idx":5},{"addr":140736916999751,"idx":6},{"addr":140736916785258,"idx":7},{"addr":140736916784352,"idx":8},{"addr":140736917101952,"idx":9},{"addr":140736872000198,"idx":10},{"addr":140736564313215,"idx":11},{"addr":140736564317195,"idx":12},{"addr":140736564310991,"idx":13},{"addr":140736564312326,"idx":14},{"addr":140736564315077,"idx":15},{"addr":140733981334987,"idx":16},{"addr":140733981351013,"idx":17},{"addr":140733981341949,"idx":18},{"addr":140733981360014,"idx":19},{"addr":140733981359838,"idx":20},{"addr":140733981332330,"idx":21},{"addr":140702874837458,"idx":22},{"addr":140702874561549,"idx":23},{"addr":140702874566272,"idx":24},{"addr":140702874543067,"idx":25},{"addr":140736897083607,"idx":26},{"addr":140736916996940,"idx":27}],,,,,,,,,13192,,,,,,,,,,,,,,,,,,,,,,,,,,,,,,,,,,,,3464179610,140736793542656,140736793542656,602786,593920,,,,,,,,,,,,,,,,,,,,,,,,,,,,,,,,,,,,,,,,,,,,,,,,,,,,,,,,,,,,,,,,,,,,,,,
"2025-09-02 15:13:22.6293056Z","ETW","Microsoft-Windows-Kernel-Process",5,"ImageLoadInfo ",19464,11288,"CalculatorApp.exe",,,,"C:\Windows\System32\Windows.Graphics.dll",,,,,,,,,,,,[{"addr":140736918203828,"idx":0},{"addr":140736917192506,"idx":1},{"addr":140736917191278,"idx":2},{"addr":140736917210764,"idx":3},{"addr":140736917202269,"idx":4},{"addr":140736917259140,"idx":5},{"addr":140736916785248,"idx":6},{"addr":140736916784352,"idx":7},{"addr":140736917101952,"idx":8},{"addr":140736872000198,"idx":9},{"addr":140736909363845,"idx":10},{"addr":140736909362547,"idx":11},{"addr":140736909531736,"idx":12},{"addr":140736909524833,"idx":13},{"addr":140736909523551,"idx":14},{"addr":140733616095074,"idx":15},{"addr":140733616753827,"idx":16},{"addr":140733616114166,"idx":17},{"addr":140733616112840,"idx":18},{"addr":140733616112148,"idx":19},{"addr":140733616111965,"idx":20},{"addr":140733616111876,"idx":21},{"addr":140733616111638,"idx":22},{"addr":140733616111474,"idx":23},{"addr":140733616355283,"idx":24},{"addr":140736675219850,"idx":25},{"addr":140736675228809,"idx":26},{"addr":140736676557330,"idx":27},{"addr":140736676566597,"idx":28},{"addr":140736676522935,"idx":29},{"addr":140736675973795,"idx":30},{"addr":140736675970738,"idx":31},{"addr":140736675970229,"idx":32},{"addr":140733616423398,"idx":33},{"addr":140733617318611,"idx":34},{"addr":140733615773102,"idx":35},{"addr":140736675958661,"idx":36},{"addr":140736675068615,"idx":37},{"addr":140736678189938,"idx":38},{"addr":140736675600967,"idx":39},{"addr":140736674911457,"idx":40},{"addr":140736674909684,"idx":41},{"addr":140736674909432,"idx":42},{"addr":140736674903926,"idx":43},{"addr":140736674910463,"idx":44},{"addr":140736674903926,"idx":45},{"addr":140736675636990,"idx":46},{"addr":140736675625612,"idx":47},{"addr":140736675027339,"idx":48},{"addr":140736675025335,"idx":49},{"addr":140736675605010,"idx":50},{"addr":140736674911457,"idx":51},{"addr":140736674909684,"idx":52},{"addr":140736674903926,"idx":53},{"addr":140736675636990,"idx":54},{"addr":140736675625963,"idx":55},{"addr":140736675626365,"idx":56},{"addr":140736675627349,"idx":57},{"addr":140736676886060,"idx":58},{"addr":140736676891743,"idx":59},{"addr":140736675045265,"idx":60},{"addr":140736675603749,"idx":61},{"addr":140736674911457,"idx":62},{"addr":140736674911669,"idx":63},{"addr":140736674903926,"idx":64},{"addr":140736675636990,"idx":65},{"addr":140736675625612,"idx":66},{"addr":140736675027339,"idx":67},{"addr":140736675025335,"idx":68},{"addr":140736676892142,"idx":69},{"addr":140736676886285,"idx":70},{"addr":140736676891743,"idx":71},{"addr":140736675045265,"idx":72},{"addr":140736675603749,"idx":73},{"addr":140736674911457,"idx":74},{"addr":140736676422206,"idx":75},{"addr":140736676424886,"idx":76},{"addr":140736676420502,"idx":77},{"addr":140736676419689,"idx":78},{"addr":140736674884586,"idx":79},{"addr":140736675011217,"idx":80},{"addr":140736677927413,"idx":81},{"addr":140736679349331,"idx":82},{"addr":140736675616539,"idx":83},{"addr":140736675601438,"idx":84},{"addr":140736675588551,"idx":85},{"addr":140736676970747,"idx":86},{"addr":140736676967520,"idx":87},{"addr":140736676966814,"idx":88},{"addr":140736676966213,"idx":89},{"addr":140736676965880,"idx":90},{"addr":140736676965518,"idx":91},{"addr":140733857063677,"idx":92},{"addr":140733857063460,"idx":93},{"addr":140733857634798,"idx":94},{"addr":140733857619994,"idx":95},{"addr":140733858376189,"idx":96},{"addr":140733858069466,"idx":97},{"addr":140733857651725,"idx":98},{"addr":140733857737987,"idx":99},{"addr":140736678212714,"idx":100},{"addr":140736676741927,"idx":101},{"addr":140736676747183,"idx":102},{"addr":140736676746618,"idx":103},{"addr":140736681769737,"idx":104},{"addr":140736676744328,"idx":105},{"addr":140736681526019,"idx":106},{"addr":140736681525738,"idx":107},{"addr":140733858310220,"idx":108},{"addr":140733858651871,"idx":109},{"addr":140733858651340,"idx":110},{"addr":140733858653435,"idx":111},{"addr":140733856615339,"idx":112},{"addr":140733857090463,"idx":113},{"addr":140733857744570,"idx":114},{"addr":140736681236363,"idx":115},{"addr":140736681236210,"idx":116},{"addr":140736681102204,"idx":117},{"addr":140736681748698,"idx":118},{"addr":140736717743674,"idx":119},{"addr":140736717740499,"idx":120},{"addr":140736882620003,"idx":121},{"addr":140736882628366,"idx":122},{"addr":140736881847376,"idx":123},{"addr":140736909646499,"idx":124},{"addr":140736909646267,"idx":125},{"addr":140736909643574,"idx":126},{"addr":140736909641089,"idx":127},{"addr":140736910206646,"idx":128},{"addr":140736909293663,"idx":129},{"addr":140736909422200,"idx":130},{"addr":140736909415344,"idx":131},{"addr":140736909399044,"idx":132},{"addr":140736909260610,"idx":133},{"addr":140736909258954,"idx":134},{"addr":140736701243791,"idx":135},{"addr":140736701242814,"idx":136},{"addr":140736717678445,"idx":137},{"addr":140736717678250,"idx":138},{"addr":140736717677938,"idx":139},{"addr":140736902955098,"idx":140},{"addr":140736897083607,"idx":141},{"addr":140736916996940,"idx":142}],,,,,,,,,19464,,,,,,,,,,,,,,,,,,,,,,,,,,,,,,,,,,,,2148472955,140736728137728,140736728137728,647805,593920,,,,,,,,,,,,,,,,,,,,,,,,,,,,,,,,,,,,,,,,,,,,,,,,,,,,,,,,,,,,,,,,,,,,,,,
"2025-09-02 15:13:22.6297407Z","ETW","Microsoft-Windows-Kernel-Process",6,"ImageUnloadInfo ",13192,1244,"WerFault.exe",,,,"C:\Windows\System32\msvcp110_win.dll",,,,,,,,,,,,[{"addr":140736918203892,"idx":0},{"addr":140736917028534,"idx":1},{"addr":140736916779098,"idx":2},{"addr":140736916769422,"idx":3},{"addr":140736916769266,"idx":4},{"addr":140736916768404,"idx":5},{"addr":140736916773680,"idx":6},{"addr":140736872000489,"idx":7},{"addr":140736564313988,"idx":8},{"addr":140736564317195,"idx":9},{"addr":140736564310991,"idx":10},{"addr":140736564312326,"idx":11},{"addr":140736564315077,"idx":12},{"addr":140733981334987,"idx":13},{"addr":140733981351013,"idx":14},{"addr":140733981341949,"idx":15},{"addr":140733981360014,"idx":16},{"addr":140733981359838,"idx":17},{"addr":140733981332330,"idx":18},{"addr":140702874837458,"idx":19},{"addr":140702874561549,"idx":20},{"addr":140702874566272,"idx":21},{"addr":140702874543067,"idx":22},{"addr":140736897083607,"idx":23},{"addr":140736916996940,"idx":24}],,,,,,,,,13192,,,,,,,,,,,,,,,,,,,,,,,,,,,,,,,,,,,,3464179610,140736793542656,140736793542656,602786,606208,,,,,,,,,,,,,,,,,,,,,,,,,,,,,,,,,,,,,,,,,,,,,,,,,,,,,,,,,,,,,,,,,,,,,,,
"2025-09-02 15:13:22.6297951Z","ETW","Microsoft-Windows-Kernel-Process",6,"ImageUnloadInfo ",13192,1244,"WerFault.exe",,,,"C:\Windows\System32\policymanager.dll",,,,,,,,,,,,[{"addr":140736918203892,"idx":0},{"addr":140736917028534,"idx":1},{"addr":140736916779098,"idx":2},{"addr":140736916773567,"idx":3},{"addr":140736872000489,"idx":4},{"addr":140736564313988,"idx":5},{"addr":140736564317195,"idx":6},{"addr":140736564310991,"idx":7},{"addr":140736564312326,"idx":8},{"addr":140736564315077,"idx":9},{"addr":140733981334987,"idx":10},{"addr":140733981351013,"idx":11},{"addr":140733981341949,"idx":12},{"addr":140733981360014,"idx":13},{"addr":140733981359838,"idx":14},{"addr":140733981332330,"idx":15},{"addr":140702874837458,"idx":16},{"addr":140702874561549,"idx":17},{"addr":140702874566272,"idx":18},{"addr":140702874543067,"idx":19},{"addr":140736897083607,"idx":20},{"addr":140736916996940,"idx":21}],,,,,,,,,13192,,,,,,,,,,,,,,,,,,,,,,,,,,,,,,,,,,,,2757975175,140736805928960,140736805928960,801211,749568,,,,,,,,,,,,,,,,,,,,,,,,,,,,,,,,,,,,,,,,,,,,,,,,,,,,,,,,,,,,,,,,,,,,,,,
"2025-09-02 15:13:22.6305530Z","ETW","Microsoft-Windows-Kernel-Process",5,"ImageLoadInfo ",13192,1244,"WerFault.exe",,,,"C:\Windows\System32\policymanager.dll",,,,,,,,,,,,[{"addr":140736918203828,"idx":0},{"addr":140736917192506,"idx":1},{"addr":140736917191278,"idx":2},{"addr":140736917210764,"idx":3},{"addr":140736917201516,"idx":4},{"addr":140736917258922,"idx":5},{"addr":140736916785248,"idx":6},{"addr":140736916784352,"idx":7},{"addr":140736917101952,"idx":8},{"addr":140736872000198,"idx":9},{"addr":140736564313215,"idx":10},{"addr":140736564317195,"idx":11},{"addr":140736564310991,"idx":12},{"addr":140736564312326,"idx":13},{"addr":140736564315077,"idx":14},{"addr":140733981342002,"idx":15},{"addr":140733981360014,"idx":16},{"addr":140733981359838,"idx":17},{"addr":140733981332330,"idx":18},{"addr":140702874837458,"idx":19},{"addr":140702874561549,"idx":20},{"addr":140702874566272,"idx":21},{"addr":140702874543067,"idx":22},{"addr":140736897083607,"idx":23},{"addr":140736916996940,"idx":24}],,,,,,,,,13192,,,,,,,,,,,,,,,,,,,,,,,,,,,,,,,,,,,,2757975175,140736805928960,140736805928960,801211,737280,,,,,,,,,,,,,,,,,,,,,,,,,,,,,,,,,,,,,,,,,,,,,,,,,,,,,,,,,,,,,,,,,,,,,,,
"2025-09-02 15:13:22.6308534Z","ETW","Microsoft-Windows-Kernel-Process",5,"ImageLoadInfo ",13192,15480,"WerFault.exe",,,,"C:\Windows\System32\msvcp110_win.dll",,,,,,,,,,,,[{"addr":140736918203828,"idx":0},{"addr":140736917192506,"idx":1},{"addr":140736917191278,"idx":2},{"addr":140736917210764,"idx":3},{"addr":140736917201516,"idx":4},{"addr":140736917258922,"idx":5},{"addr":140736917255216,"idx":6},{"addr":140736917350945,"idx":7},{"addr":140736897083607,"idx":8},{"addr":140736916996940,"idx":9}],,,,,,,,,13192,,,,,,,,,,,,,,,,,,,,,,,,,,,,,,,,,,,,3464179610,140736793542656,140736793542656,602786,593920,,,,,,,,,,,,,,,,,,,,,,,,,,,,,,,,,,,,,,,,,,,,,,,,,,,,,,,,,,,,,,,,,,,,,,,
"2025-09-02 15:13:22.6313545Z","ETW","Microsoft-Windows-Kernel-Process",6,"ImageUnloadInfo ",13192,1244,"WerFault.exe",,,,"C:\Windows\System32\msvcp110_win.dll",,,,,,,,,,,,[{"addr":140736918203892,"idx":0},{"addr":140736917028534,"idx":1},{"addr":140736916779098,"idx":2},{"addr":140736916769422,"idx":3},{"addr":140736916769266,"idx":4},{"addr":140736916768404,"idx":5},{"addr":140736916773680,"idx":6},{"addr":140736872000489,"idx":7},{"addr":140736564313988,"idx":8},{"addr":140736564317195,"idx":9},{"addr":140736564310991,"idx":10},{"addr":140736564312326,"idx":11},{"addr":140736564315077,"idx":12},{"addr":140733981342002,"idx":13},{"addr":140733981360014,"idx":14},{"addr":140733981359838,"idx":15},{"addr":140733981332330,"idx":16},{"addr":140702874837458,"idx":17},{"addr":140702874561549,"idx":18},{"addr":140702874566272,"idx":19},{"addr":140702874543067,"idx":20},{"addr":140736897083607,"idx":21},{"addr":140736916996940,"idx":22}],,,,,,,,,13192,,,,,,,,,,,,,,,,,,,,,,,,,,,,,,,,,,,,3464179610,140736793542656,140736793542656,602786,606208,,,,,,,,,,,,,,,,,,,,,,,,,,,,,,,,,,,,,,,,,,,,,,,,,,,,,,,,,,,,,,,,,,,,,,,
"2025-09-02 15:13:22.6314003Z","ETW","Microsoft-Windows-Kernel-Process",6,"ImageUnloadInfo ",13192,1244,"WerFault.exe",,,,"C:\Windows\System32\policymanager.dll",,,,,,,,,,,,[{"addr":140736918203892,"idx":0},{"addr":140736917028534,"idx":1},{"addr":140736916779098,"idx":2},{"addr":140736916773567,"idx":3},{"addr":140736872000489,"idx":4},{"addr":140736564313988,"idx":5},{"addr":140736564317195,"idx":6},{"addr":140736564310991,"idx":7},{"addr":140736564312326,"idx":8},{"addr":140736564315077,"idx":9},{"addr":140733981342002,"idx":10},{"addr":140733981360014,"idx":11},{"addr":140733981359838,"idx":12},{"addr":140733981332330,"idx":13},{"addr":140702874837458,"idx":14},{"addr":140702874561549,"idx":15},{"addr":140702874566272,"idx":16},{"addr":140702874543067,"idx":17},{"addr":140736897083607,"idx":18},{"addr":140736916996940,"idx":19}],,,,,,,,,13192,,,,,,,,,,,,,,,,,,,,,,,,,,,,,,,,,,,,2757975175,140736805928960,140736805928960,801211,749568,,,,,,,,,,,,,,,,,,,,,,,,,,,,,,,,,,,,,,,,,,,,,,,,,,,,,,,,,,,,,,,,,,,,,,,
"2025-09-02 15:13:22.6325987Z","ETW","Microsoft-Windows-Kernel-Process",5,"ImageLoadInfo ",13192,1244,"WerFault.exe",,,,"C:\Windows\System32\policymanager.dll",,,,,,,,,,,,[{"addr":140736918203828,"idx":0},{"addr":140736917192506,"idx":1},{"addr":140736917191278,"idx":2},{"addr":140736917210764,"idx":3},{"addr":140736917201516,"idx":4},{"addr":140736917258922,"idx":5},{"addr":140736916785248,"idx":6},{"addr":140736916784352,"idx":7},{"addr":140736917101952,"idx":8},{"addr":140736872000198,"idx":9},{"addr":140736564313215,"idx":10},{"addr":140736564317195,"idx":11},{"addr":140736564310991,"idx":12},{"addr":140736564312326,"idx":13},{"addr":140736564315077,"idx":14},{"addr":140736823462372,"idx":15},{"addr":140736823295874,"idx":16},{"addr":140736823687700,"idx":17},{"addr":140736823674192,"idx":18},{"addr":140736823587658,"idx":19},{"addr":140733981343415,"idx":20},{"addr":140733981360014,"idx":21},{"addr":140733981359838,"idx":22},{"addr":140733981332330,"idx":23},{"addr":140702874837458,"idx":24},{"addr":140702874561549,"idx":25},{"addr":140702874566272,"idx":26},{"addr":140702874543067,"idx":27},{"addr":140736897083607,"idx":28},{"addr":140736916996940,"idx":29}],,,,,,,,,13192,,,,,,,,,,,,,,,,,,,,,,,,,,,,,,,,,,,,2757975175,140736805928960,140736805928960,801211,737280,,,,,,,,,,,,,,,,,,,,,,,,,,,,,,,,,,,,,,,,,,,,,,,,,,,,,,,,,,,,,,,,,,,,,,,
"2025-09-02 15:13:22.6330257Z","ETW","Microsoft-Windows-Kernel-Process",5,"ImageLoadInfo ",13192,22064,"WerFault.exe",,,,"C:\Windows\System32\msvcp110_win.dll",,,,,,,,,,,,[{"addr":140736918203828,"idx":0},{"addr":140736917192506,"idx":1},{"addr":140736917191278,"idx":2},{"addr":140736917210764,"idx":3},{"addr":140736917201516,"idx":4},{"addr":140736917258922,"idx":5},{"addr":140736917255216,"idx":6},{"addr":140736917350945,"idx":7},{"addr":140736897083607,"idx":8},{"addr":140736916996940,"idx":9}],,,,,,,,,13192,,,,,,,,,,,,,,,,,,,,,,,,,,,,,,,,,,,,3464179610,140736793542656,140736793542656,602786,593920,,,,,,,,,,,,,,,,,,,,,,,,,,,,,,,,,,,,,,,,,,,,,,,,,,,,,,,,,,,,,,,,,,,,,,,
"2025-09-02 15:13:22.6334984Z","ETW","Microsoft-Windows-Kernel-Process",6,"ImageUnloadInfo ",13192,1244,"WerFault.exe",,,,"C:\Windows\System32\msvcp110_win.dll",,,,,,,,,,,,[{"addr":140736918203892,"idx":0},{"addr":140736917028534,"idx":1},{"addr":140736916779098,"idx":2},{"addr":140736916769422,"idx":3},{"addr":140736916769266,"idx":4},{"addr":140736916768404,"idx":5},{"addr":140736916773680,"idx":6},{"addr":140736872000489,"idx":7},{"addr":140736564313988,"idx":8},{"addr":140736564317195,"idx":9},{"addr":140736564310991,"idx":10},{"addr":140736564312326,"idx":11},{"addr":140736564315077,"idx":12},{"addr":140736823462372,"idx":13},{"addr":140736823295874,"idx":14},{"addr":140736823687700,"idx":15},{"addr":140736823674192,"idx":16},{"addr":140736823587658,"idx":17},{"addr":140733981343415,"idx":18},{"addr":140733981360014,"idx":19},{"addr":140733981359838,"idx":20},{"addr":140733981332330,"idx":21},{"addr":140702874837458,"idx":22},{"addr":140702874561549,"idx":23},{"addr":140702874566272,"idx":24},{"addr":140702874543067,"idx":25},{"addr":140736897083607,"idx":26},{"addr":140736916996940,"idx":27}],,,,,,,,,13192,,,,,,,,,,,,,,,,,,,,,,,,,,,,,,,,,,,,3464179610,140736793542656,140736793542656,602786,606208,,,,,,,,,,,,,,,,,,,,,,,,,,,,,,,,,,,,,,,,,,,,,,,,,,,,,,,,,,,,,,,,,,,,,,,
"2025-09-02 15:13:22.6335480Z","ETW","Microsoft-Windows-Kernel-Process",6,"ImageUnloadInfo ",13192,1244,"WerFault.exe",,,,"C:\Windows\System32\policymanager.dll",,,,,,,,,,,,[{"addr":140736918203892,"idx":0},{"addr":140736917028534,"idx":1},{"addr":140736916779098,"idx":2},{"addr":140736916773567,"idx":3},{"addr":140736872000489,"idx":4},{"addr":140736564313988,"idx":5},{"addr":140736564317195,"idx":6},{"addr":140736564310991,"idx":7},{"addr":140736564312326,"idx":8},{"addr":140736564315077,"idx":9},{"addr":140736823462372,"idx":10},{"addr":140736823295874,"idx":11},{"addr":140736823687700,"idx":12},{"addr":140736823674192,"idx":13},{"addr":140736823587658,"idx":14},{"addr":140733981343415,"idx":15},{"addr":140733981360014,"idx":16},{"addr":140733981359838,"idx":17},{"addr":140733981332330,"idx":18},{"addr":140702874837458,"idx":19},{"addr":140702874561549,"idx":20},{"addr":140702874566272,"idx":21},{"addr":140702874543067,"idx":22},{"addr":140736897083607,"idx":23},{"addr":140736916996940,"idx":24}],,,,,,,,,13192,,,,,,,,,,,,,,,,,,,,,,,,,,,,,,,,,,,,2757975175,140736805928960,140736805928960,801211,749568,,,,,,,,,,,,,,,,,,,,,,,,,,,,,,,,,,,,,,,,,,,,,,,,,,,,,,,,,,,,,,,,,,,,,,,
"2025-09-02 15:13:22.6337848Z","ETW","Microsoft-Windows-Kernel-Audit-API-Calls",5,"Info ",19464,11288,"CalculatorApp.exe",,,,,,,,,,,,,,,,[{"addr":140736918203764,"idx":0},{"addr":140736872731894,"idx":1},{"addr":140736717697306,"idx":2},{"addr":140736718982931,"idx":3},{"addr":140736718986348,"idx":4},{"addr":140733857021493,"idx":5},{"addr":140733857023336,"idx":6},{"addr":140733857620518,"idx":7},{"addr":140733858376189,"idx":8},{"addr":140733858069466,"idx":9},{"addr":140733857651725,"idx":10},{"addr":140733857737987,"idx":11},{"addr":140736678212714,"idx":12},{"addr":140736676741927,"idx":13},{"addr":140736676747183,"idx":14},{"addr":140736676746618,"idx":15},{"addr":140736681769737,"idx":16},{"addr":140736676744328,"idx":17},{"addr":140736681526019,"idx":18},{"addr":140736681525738,"idx":19},{"addr":140733858310220,"idx":20},{"addr":140733858651871,"idx":21},{"addr":140733858651340,"idx":22},{"addr":140733858653435,"idx":23},{"addr":140733856615339,"idx":24},{"addr":140733857090463,"idx":25},{"addr":140733857744570,"idx":26},{"addr":140736681236363,"idx":27},{"addr":140736681236210,"idx":28},{"addr":140736681102204,"idx":29},{"addr":140736681748698,"idx":30},{"addr":140736717743674,"idx":31},{"addr":140736717740499,"idx":32},{"addr":140736882620003,"idx":33},{"addr":140736882628366,"idx":34},{"addr":140736881847376,"idx":35},{"addr":140736909646499,"idx":36},{"addr":140736909646267,"idx":37},{"addr":140736909643574,"idx":38},{"addr":140736909641089,"idx":39},{"addr":140736910206646,"idx":40},{"addr":140736909293663,"idx":41},{"addr":140736909422200,"idx":42},{"addr":140736909415344,"idx":43},{"addr":140736909399044,"idx":44},{"addr":140736909260610,"idx":45},{"addr":140736909258954,"idx":46},{"addr":140736701243791,"idx":47},{"addr":140736701242814,"idx":48},{"addr":140736717678445,"idx":49},{"addr":140736717678250,"idx":50},{"addr":140736717677938,"idx":51},{"addr":140736902955098,"idx":52},{"addr":140736897083607,"idx":53},{"addr":140736916996940,"idx":54}],,,,,,,,,,,,,,,,,,,4096,0,19464,,,,,,,,,,,,,,,,,,,,,,,,,,,,,,,,,,,,,,,,,,,,,,,,,,,,,,,,,,,,,,,,,,,,,,,,,,,,,,,,,,,,,,,,,,,,,,,,,,,
"2025-09-02 15:13:22.6344143Z","ETW","Microsoft-Windows-Kernel-Process",5,"ImageLoadInfo ",13192,1244,"WerFault.exe",,,,"C:\Windows\System32\netapi32.dll",,,,,,,,,,,,[{"addr":140736918203828,"idx":0},{"addr":140736917192506,"idx":1},{"addr":140736917191278,"idx":2},{"addr":140736917210764,"idx":3},{"addr":140736917201516,"idx":4},{"addr":140736917258922,"idx":5},{"addr":140736916785248,"idx":6},{"addr":140736916786774,"idx":7},{"addr":140736917021315,"idx":8},{"addr":140736917023197,"idx":9},{"addr":140736823402594,"idx":10},{"addr":140736823523985,"idx":11},{"addr":140736823719245,"idx":12},{"addr":140736823687841,"idx":13},{"addr":140736823674192,"idx":14},{"addr":140736823587658,"idx":15},{"addr":140733981343415,"idx":16},{"addr":140733981360014,"idx":17},{"addr":140733981359838,"idx":18},{"addr":140733981332330,"idx":19},{"addr":140702874837458,"idx":20},{"addr":140702874561549,"idx":21},{"addr":140702874566272,"idx":22},{"addr":140702874543067,"idx":23},{"addr":140736897083607,"idx":24},{"addr":140736916996940,"idx":25}],,,,,,,,,13192,,,,,,,,,,,,,,,,,,,,,,,,,,,,,,,,,,,,2053609766,140736554663936,140736554663936,142018,106496,,,,,,,,,,,,,,,,,,,,,,,,,,,,,,,,,,,,,,,,,,,,,,,,,,,,,,,,,,,,,,,,,,,,,,,
"2025-09-02 15:13:22.6348028Z","ETW","Microsoft-Windows-Kernel-Process",5,"ImageLoadInfo ",13192,1244,"WerFault.exe",,,,"C:\Windows\System32\dsreg.dll",,,,,,,,,,,,[{"addr":140736918203828,"idx":0},{"addr":140736917192506,"idx":1},{"addr":140736917191278,"idx":2},{"addr":140736917210764,"idx":3},{"addr":140736917201516,"idx":4},{"addr":140736917258922,"idx":5},{"addr":140736916785248,"idx":6},{"addr":140736916786774,"idx":7},{"addr":140736917098157,"idx":8},{"addr":140736917021756,"idx":9},{"addr":140736917023197,"idx":10},{"addr":140736823402594,"idx":11},{"addr":140736823523985,"idx":12},{"addr":140736823719245,"idx":13},{"addr":140736823687841,"idx":14},{"addr":140736823674192,"idx":15},{"addr":140736823587658,"idx":16},{"addr":140733981343415,"idx":17},{"addr":140733981360014,"idx":18},{"addr":140733981359838,"idx":19},{"addr":140733981332330,"idx":20},{"addr":140702874837458,"idx":21},{"addr":140702874561549,"idx":22},{"addr":140702874566272,"idx":23},{"addr":140702874543067,"idx":24},{"addr":140736897083607,"idx":25},{"addr":140736916996940,"idx":26}],,,,,,,,,13192,,,,,,,,,,,,,,,,,,,,,,,,,,,,,,,,,,,,526746808,140736784695296,140736784695296,1487597,1458176,,,,,,,,,,,,,,,,,,,,,,,,,,,,,,,,,,,,,,,,,,,,,,,,,,,,,,,,,,,,,,,,,,,,,,,
"2025-09-02 15:13:22.6351798Z","ETW","Microsoft-Windows-Kernel-Process",5,"ImageLoadInfo ",13192,22064,"WerFault.exe",,,,"C:\Windows\System32\userenv.dll",,,,,,,,,,,,[{"addr":140736918203828,"idx":0},{"addr":140736917192506,"idx":1},{"addr":140736917191278,"idx":2},{"addr":140736917210764,"idx":3},{"addr":140736917201516,"idx":4},{"addr":140736917258922,"idx":5},{"addr":140736917255216,"idx":6},{"addr":140736917350945,"idx":7},{"addr":140736897083607,"idx":8},{"addr":140736916996940,"idx":9}],,,,,,,,,13192,,,,,,,,,,,,,,,,,,,,,,,,,,,,,,,,,,,,4021294584,140736854753280,140736854753280,247163,176128,,,,,,,,,,,,,,,,,,,,,,,,,,,,,,,,,,,,,,,,,,,,,,,,,,,,,,,,,,,,,,,,,,,,,,,
"2025-09-02 15:13:22.6355801Z","ETW","Microsoft-Windows-Kernel-Process",5,"ImageLoadInfo ",13192,1244,"WerFault.exe",,,,"C:\Windows\System32\crypt32.dll",,,,,,,,,,,,[{"addr":140736918203828,"idx":0},{"addr":140736917192506,"idx":1},{"addr":140736917191278,"idx":2},{"addr":140736917190209,"idx":3},{"addr":140736916804181,"idx":4},{"addr":140736916785218,"idx":5},{"addr":140736916786774,"idx":6},{"addr":140736917021315,"idx":7},{"addr":140736917023197,"idx":8},{"addr":140736784798546,"idx":9},{"addr":140736784852694,"idx":10},{"addr":140736784731099,"idx":11},{"addr":140736784727066,"idx":12},{"addr":140736784729630,"idx":13},{"addr":140736784736983,"idx":14},{"addr":140736784736327,"idx":15},{"addr":140736823719245,"idx":16},{"addr":140736823687841,"idx":17},{"addr":140736823674192,"idx":18},{"addr":140736823587658,"idx":19},{"addr":140733981343415,"idx":20},{"addr":140733981360014,"idx":21},{"addr":140733981359838,"idx":22},{"addr":140733981332330,"idx":23},{"addr":140702874837458,"idx":24},{"addr":140702874561549,"idx":25},{"addr":140702874566272,"idx":26},{"addr":140702874543067,"idx":27},{"addr":140736897083607,"idx":28},{"addr":140736916996940,"idx":29}],,,,,,,,,13192,,,,,,,,,,,,,,,,,,,,,,,,,,,,,,,,,,,,787559986,140736879067136,140736879067136,1546966,1536000,,,,,,,,,,,,,,,,,,,,,,,,,,,,,,,,,,,,,,,,,,,,,,,,,,,,,,,,,,,,,,,,,,,,,,,
"2025-09-02 15:13:22.6360157Z","ETW","Microsoft-Windows-Kernel-Process",3,"ThreadStartStart ",13192,1244,"WerFault.exe",,,,,,,,,,,,,,,,[{"addr":140736918216388,"idx":0},{"addr":140736917292563,"idx":1},{"addr":140736916779668,"idx":2},{"addr":140736916776447,"idx":3},{"addr":140736916775761,"idx":4},{"addr":140736917278655,"idx":5},{"addr":140736917278025,"idx":6},{"addr":140736872987147,"idx":7},{"addr":140736879365321,"idx":8},{"addr":140736879370794,"idx":9},{"addr":140736879370265,"idx":10},{"addr":140736879447057,"idx":11},{"addr":140736879445622,"idx":12},{"addr":140736784731099,"idx":13},{"addr":140736784727066,"idx":14},{"addr":140736784729630,"idx":15},{"addr":140736784736983,"idx":16},{"addr":140736784736327,"idx":17},{"addr":140736823719245,"idx":18},{"addr":140736823687841,"idx":19},{"addr":140736823674192,"idx":20},{"addr":140736823587658,"idx":21},{"addr":140733981343415,"idx":22},{"addr":140733981360014,"idx":23},{"addr":140733981359838,"idx":24},{"addr":140733981332330,"idx":25},{"addr":140702874837458,"idx":26},{"addr":140702874561549,"idx":27},{"addr":140702874566272,"idx":28},{"addr":140702874543067,"idx":29},{"addr":140736897083607,"idx":30},{"addr":140736916996940,"idx":31}],,,,,,,,,13192,18446639081576644608,18446639081576620032,140736917348896,0,549625012224,20204,549627887616,549627879424,140736917348896,,,,,,,,,,,,,,,,,,,,,,,,,,,,,,,,,,,,,,,,,,,,,,,,,,,,,,,,,,,,,,,,,,,,,,,,,,,,,,,,,,,,,,,,,,,,,,,,,,,,,,
"2025-09-02 15:13:22.6366490Z","ETW","Microsoft-Windows-Kernel-Process",5,"ImageLoadInfo ",13192,1244,"WerFault.exe",,,,"C:\Windows\System32\profapi.dll",,,,,,,,,,,,[{"addr":140736918203828,"idx":0},{"addr":140736917192506,"idx":1},{"addr":140736917191278,"idx":2},{"addr":140736917210764,"idx":3},{"addr":140736917201516,"idx":4},{"addr":140736917258922,"idx":5},{"addr":140736916785248,"idx":6},{"addr":140736916786774,"idx":7},{"addr":140736917021315,"idx":8},{"addr":140736917023197,"idx":9},{"addr":140736879717666,"idx":10},{"addr":140736879856362,"idx":11},{"addr":140736879085649,"idx":12},{"addr":140736879085256,"idx":13},{"addr":140736879090937,"idx":14},{"addr":140736879445958,"idx":15},{"addr":140736879444316,"idx":16},{"addr":140736879094158,"idx":17},{"addr":140736879099888,"idx":18},{"addr":140736879445958,"idx":19},{"addr":140736784731099,"idx":20},{"addr":140736784727066,"idx":21},{"addr":140736784729486,"idx":22},{"addr":140736784737070,"idx":23},{"addr":140736784736327,"idx":24},{"addr":140736823719245,"idx":25},{"addr":140736823687841,"idx":26},{"addr":140736823674192,"idx":27},{"addr":140736823587658,"idx":28},{"addr":140733981343415,"idx":29},{"addr":140733981360014,"idx":30},{"addr":140733981359838,"idx":31},{"addr":140733981332330,"idx":32},{"addr":140702874837458,"idx":33},{"addr":140702874561549,"idx":34},{"addr":140702874566272,"idx":35},{"addr":140702874543067,"idx":36},{"addr":140736897083607,"idx":37},{"addr":140736916996940,"idx":38}],,,,,,,,,13192,,,,,,,,,,,,,,,,,,,,,,,,,,,,,,,,,,,,2107422311,140736866746368,140736866746368,182967,167936,,,,,,,,,,,,,,,,,,,,,,,,,,,,,,,,,,,,,,,,,,,,,,,,,,,,,,,,,,,,,,,,,,,,,,,
"2025-09-02 15:13:22.6383969Z","ETW","Microsoft-Windows-Kernel-Process",5,"ImageLoadInfo ",13192,1244,"WerFault.exe",,,,"C:\Windows\System32\policymanager.dll",,,,,,,,,,,,[{"addr":140736918203828,"idx":0},{"addr":140736917192506,"idx":1},{"addr":140736917191278,"idx":2},{"addr":140736917210764,"idx":3},{"addr":140736917201516,"idx":4},{"addr":140736917258922,"idx":5},{"addr":140736916785248,"idx":6},{"addr":140736916784352,"idx":7},{"addr":140736917101952,"idx":8},{"addr":140736872000198,"idx":9},{"addr":140736564313215,"idx":10},{"addr":140736564317195,"idx":11},{"addr":140736564310991,"idx":12},{"addr":140736564312326,"idx":13},{"addr":140736564315077,"idx":14},{"addr":140736823462372,"idx":15},{"addr":140736823295874,"idx":16},{"addr":140736823288719,"idx":17},{"addr":140736823283182,"idx":18},{"addr":140736823711170,"idx":19},{"addr":140736823633170,"idx":20},{"addr":140736823277547,"idx":21},{"addr":140736823277379,"idx":22},{"addr":140736823674377,"idx":23},{"addr":140736823587658,"idx":24},{"addr":140733981343415,"idx":25},{"addr":140733981360014,"idx":26},{"addr":140733981359838,"idx":27},{"addr":140733981332330,"idx":28},{"addr":140702874837458,"idx":29},{"addr":140702874561549,"idx":30},{"addr":140702874566272,"idx":31},{"addr":140702874543067,"idx":32},{"addr":140736897083607,"idx":33},{"addr":140736916996940,"idx":34}],,,,,,,,,13192,,,,,,,,,,,,,,,,,,,,,,,,,,,,,,,,,,,,2757975175,140736805928960,140736805928960,801211,737280,,,,,,,,,,,,,,,,,,,,,,,,,,,,,,,,,,,,,,,,,,,,,,,,,,,,,,,,,,,,,,,,,,,,,,,
"2025-09-02 15:13:22.6389287Z","ETW","Microsoft-Windows-Kernel-Process",5,"ImageLoadInfo ",13192,15480,"WerFault.exe",,,,"C:\Windows\System32\msvcp110_win.dll",,,,,,,,,,,,[{"addr":140736918203828,"idx":0},{"addr":140736917192506,"idx":1},{"addr":140736917191278,"idx":2},{"addr":140736917210764,"idx":3},{"addr":140736917201516,"idx":4},{"addr":140736917258922,"idx":5},{"addr":140736917255216,"idx":6},{"addr":140736917350945,"idx":7},{"addr":140736897083607,"idx":8},{"addr":140736916996940,"idx":9}],,,,,,,,,13192,,,,,,,,,,,,,,,,,,,,,,,,,,,,,,,,,,,,3464179610,140736793542656,140736793542656,602786,593920,,,,,,,,,,,,,,,,,,,,,,,,,,,,,,,,,,,,,,,,,,,,,,,,,,,,,,,,,,,,,,,,,,,,,,,
"2025-09-02 15:13:22.6397287Z","ETW","Microsoft-Windows-Kernel-Process",6,"ImageUnloadInfo ",13192,1244,"WerFault.exe",,,,"C:\Windows\System32\msvcp110_win.dll",,,,,,,,,,,,[{"addr":140736918203892,"idx":0},{"addr":140736917028534,"idx":1},{"addr":140736916779098,"idx":2},{"addr":140736916769422,"idx":3},{"addr":140736916769266,"idx":4},{"addr":140736916768404,"idx":5},{"addr":140736916773680,"idx":6},{"addr":140736872000489,"idx":7},{"addr":140736564313988,"idx":8},{"addr":140736564317195,"idx":9},{"addr":140736564310991,"idx":10},{"addr":140736564312326,"idx":11},{"addr":140736564315077,"idx":12},{"addr":140736823462372,"idx":13},{"addr":140736823295874,"idx":14},{"addr":140736823288719,"idx":15},{"addr":140736823283182,"idx":16},{"addr":140736823711170,"idx":17},{"addr":140736823633170,"idx":18},{"addr":140736823277547,"idx":19},{"addr":140736823277379,"idx":20},{"addr":140736823674377,"idx":21},{"addr":140736823587658,"idx":22},{"addr":140733981343415,"idx":23},{"addr":140733981360014,"idx":24},{"addr":140733981359838,"idx":25},{"addr":140733981332330,"idx":26},{"addr":140702874837458,"idx":27},{"addr":140702874561549,"idx":28},{"addr":140702874566272,"idx":29},{"addr":140702874543067,"idx":30},{"addr":140736897083607,"idx":31},{"addr":140736916996940,"idx":32}],,,,,,,,,13192,,,,,,,,,,,,,,,,,,,,,,,,,,,,,,,,,,,,3464179610,140736793542656,140736793542656,602786,606208,,,,,,,,,,,,,,,,,,,,,,,,,,,,,,,,,,,,,,,,,,,,,,,,,,,,,,,,,,,,,,,,,,,,,,,
"2025-09-02 15:13:22.6398068Z","ETW","Microsoft-Windows-Kernel-Process",6,"ImageUnloadInfo ",13192,1244,"WerFault.exe",,,,"C:\Windows\System32\policymanager.dll",,,,,,,,,,,,[{"addr":140736918203892,"idx":0},{"addr":140736917028534,"idx":1},{"addr":140736916779098,"idx":2},{"addr":140736916773567,"idx":3},{"addr":140736872000489,"idx":4},{"addr":140736564313988,"idx":5},{"addr":140736564317195,"idx":6},{"addr":140736564310991,"idx":7},{"addr":140736564312326,"idx":8},{"addr":140736564315077,"idx":9},{"addr":140736823462372,"idx":10},{"addr":140736823295874,"idx":11},{"addr":140736823288719,"idx":12},{"addr":140736823283182,"idx":13},{"addr":140736823711170,"idx":14},{"addr":140736823633170,"idx":15},{"addr":140736823277547,"idx":16},{"addr":140736823277379,"idx":17},{"addr":140736823674377,"idx":18},{"addr":140736823587658,"idx":19},{"addr":140733981343415,"idx":20},{"addr":140733981360014,"idx":21},{"addr":140733981359838,"idx":22},{"addr":140733981332330,"idx":23},{"addr":140702874837458,"idx":24},{"addr":140702874561549,"idx":25},{"addr":140702874566272,"idx":26},{"addr":140702874543067,"idx":27},{"addr":140736897083607,"idx":28},{"addr":140736916996940,"idx":29}],,,,,,,,,13192,,,,,,,,,,,,,,,,,,,,,,,,,,,,,,,,,,,,2757975175,140736805928960,140736805928960,801211,749568,,,,,,,,,,,,,,,,,,,,,,,,,,,,,,,,,,,,,,,,,,,,,,,,,,,,,,,,,,,,,,,,,,,,,,,
"2025-09-02 15:13:22.6411232Z","ETW","Microsoft-Windows-Kernel-File",30,"CreateNewFileInfo ",13192,1244,"WerFault.exe",,,,"C:\ProgramData\Microsoft\Windows\WER\Temp\3ba9edee-f478-4d12-8347-de997cd6d6c1",,,,,,,,,,,,[{"addr":140736918205268,"idx":0},{"addr":140736823279700,"idx":1},{"addr":140736823449839,"idx":2},{"addr":140736823711222,"idx":3},{"addr":140736823633170,"idx":4},{"addr":140736823277547,"idx":5},{"addr":140736823277379,"idx":6},{"addr":140736823674377,"idx":7},{"addr":140736823587658,"idx":8},{"addr":140733981343415,"idx":9},{"addr":140733981360014,"idx":10},{"addr":140733981359838,"idx":11},{"addr":140733981332330,"idx":12},{"addr":140702874837458,"idx":13},{"addr":140702874561549,"idx":14},{"addr":140702874566272,"idx":15},{"addr":140702874543067,"idx":16},{"addr":140736897083607,"idx":17},{"addr":140736916996940,"idx":18}],128,33558528,18446660010832834800,18446660010862592920,1244,0,,,,,,,,,,,,,,,,,,,,,,,,,,,,,,,,,,,,,,,,,,,,,,,,,,,,,,,,,,,,,,,,,,,,,,,,,,,,,,,,,,,,,,,,,,,,,,,,,,,,,,,,,,,,,,,,,,
"2025-09-02 15:13:22.6411365Z","ETW","Microsoft-Windows-Kernel-File",10,"NameCreateInfo ",13192,1244,"WerFault.exe",,,,"C:\ProgramData\Microsoft\Windows\WER\Temp\3ba9edee-f478-4d12-8347-de997cd6d6c1",,,,,,,,,,,,[{"addr":140736918205268,"idx":0},{"addr":140736823279700,"idx":1},{"addr":140736823449839,"idx":2},{"addr":140736823711222,"idx":3},{"addr":140736823633170,"idx":4},{"addr":140736823277547,"idx":5},{"addr":140736823277379,"idx":6},{"addr":140736823674377,"idx":7},{"addr":140736823587658,"idx":8},{"addr":140733981343415,"idx":9},{"addr":140733981360014,"idx":10},{"addr":140733981359838,"idx":11},{"addr":140733981332330,"idx":12},{"addr":140702874837458,"idx":13},{"addr":140702874561549,"idx":14},{"addr":140702874566272,"idx":15},{"addr":140702874543067,"idx":16},{"addr":140736897083607,"idx":17},{"addr":140736916996940,"idx":18}],,,,,,,18446708904554037616,,,,,,,,,,,,,,,,,,,,,,,,,,,,,,,,,,,,,,,,,,,,,,,,,,,,,,,,,,,,,,,,,,,,,,,,,,,,,,,,,,,,,,,,,,,,,,,,,,,,,,,,,,,,,,,,,
"2025-09-02 15:13:22.6418889Z","ETW","Microsoft-Windows-Kernel-Process",5,"ImageLoadInfo ",19992,20412,"svchost.exe",,,,"C:\Windows\System32\policymanager.dll",,,,,,,,,,,,[{"addr":140736918203828,"idx":0},{"addr":140736917192506,"idx":1},{"addr":140736917191278,"idx":2},{"addr":140736917210764,"idx":3},{"addr":140736917201516,"idx":4},{"addr":140736917258922,"idx":5},{"addr":140736916785248,"idx":6},{"addr":140736916784352,"idx":7},{"addr":140736917101952,"idx":8},{"addr":140736872000198,"idx":9},{"addr":140736564313215,"idx":10},{"addr":140736564317195,"idx":11},{"addr":140736564310991,"idx":12},{"addr":140736564312326,"idx":13},{"addr":140736564315077,"idx":14},{"addr":140736823462372,"idx":15},{"addr":140736823295874,"idx":16},{"addr":140736823288719,"idx":17},{"addr":140736823283182,"idx":18},{"addr":140736823711170,"idx":19},{"addr":140736823633170,"idx":20},{"addr":140734019745915,"idx":21},{"addr":140734019690696,"idx":22},{"addr":140734019706334,"idx":23},{"addr":140736917282525,"idx":24},{"addr":140736917350969,"idx":25},{"addr":140736897083607,"idx":26},{"addr":140736916996940,"idx":27}],,,,,,,,,19992,,,,,,,,,,,,,,,,,,,,,,,,,,,,,,,,,,,,2757975175,140736805928960,140736805928960,801211,737280,,,,,,,,,,,,,,,,,,,,,,,,,,,,,,,,,,,,,,,,,,,,,,,,,,,,,,,,,,,,,,,,,,,,,,,
"2025-09-02 15:13:22.6419994Z","ETW","Microsoft-Windows-Kernel-Process",5,"ImageLoadInfo ",19992,20412,"svchost.exe",,,,"C:\Windows\System32\msvcrt.dll",,,,,,,,,,,,[{"addr":140736918203828,"idx":0},{"addr":140736917192506,"idx":1},{"addr":140736917191278,"idx":2},{"addr":140736917190209,"idx":3},{"addr":140736916798526,"idx":4},{"addr":140736916790798,"idx":5},{"addr":140736917191656,"idx":6},{"addr":140736917210764,"idx":7},{"addr":140736917201516,"idx":8},{"addr":140736917258922,"idx":9},{"addr":140736916785248,"idx":10},{"addr":140736916784352,"idx":11},{"addr":140736917101952,"idx":12},{"addr":140736872000198,"idx":13},{"addr":140736564313215,"idx":14},{"addr":140736564317195,"idx":15},{"addr":140736564310991,"idx":16},{"addr":140736564312326,"idx":17},{"addr":140736564315077,"idx":18},{"addr":140736823462372,"idx":19},{"addr":140736823295874,"idx":20},{"addr":140736823288719,"idx":21},{"addr":140736823283182,"idx":22},{"addr":140736823711170,"idx":23},{"addr":140736823633170,"idx":24},{"addr":140734019745915,"idx":25},{"addr":140734019690696,"idx":26},{"addr":140734019706334,"idx":27},{"addr":140736917282525,"idx":28},{"addr":140736917350969,"idx":29},{"addr":140736897083607,"idx":30},{"addr":140736916996940,"idx":31}],,,,,,,,,19992,,,,,,,,,,,,,,,,,,,,,,,,,,,,,,,,,,,,2634004398,140736913342464,140736913342464,729924,692224,,,,,,,,,,,,,,,,,,,,,,,,,,,,,,,,,,,,,,,,,,,,,,,,,,,,,,,,,,,,,,,,,,,,,,,
"2025-09-02 15:13:22.6422371Z","ETW","Microsoft-Windows-Kernel-Process",5,"ImageLoadInfo ",19464,11288,"CalculatorApp.exe",,,,"C:\Windows\System32\WinRtTracing.dll",,,,,,,,,,,,[{"addr":140736918203828,"idx":0},{"addr":140736917192506,"idx":1},{"addr":140736917191278,"idx":2},{"addr":140736917210764,"idx":3},{"addr":140736917202269,"idx":4},{"addr":140736917259140,"idx":5},{"addr":140736916785248,"idx":6},{"addr":140736916784352,"idx":7},{"addr":140736917101952,"idx":8},{"addr":140736872000198,"idx":9},{"addr":140736909363845,"idx":10},{"addr":140736909362547,"idx":11},{"addr":140736909531736,"idx":12},{"addr":140736909524833,"idx":13},{"addr":140736909523551,"idx":14},{"addr":140734013983399,"idx":15},{"addr":140734013986257,"idx":16},{"addr":140733908984271,"idx":17},{"addr":140733908951025,"idx":18},{"addr":140733908516608,"idx":19},{"addr":140733908513983,"idx":20},{"addr":140733908514488,"idx":21},{"addr":140733908644324,"idx":22},{"addr":140733857025397,"idx":23},{"addr":140733857025246,"idx":24},{"addr":140733858654784,"idx":25},{"addr":140733858328318,"idx":26},{"addr":140733857090463,"idx":27},{"addr":140733857726858,"idx":28},{"addr":140736680387644,"idx":29},{"addr":140736680385820,"idx":30},{"addr":140736676748105,"idx":31},{"addr":140736676746758,"idx":32},{"addr":140736681769737,"idx":33},{"addr":140736676744328,"idx":34},{"addr":140736681526019,"idx":35},{"addr":140736681525738,"idx":36},{"addr":140733858310220,"idx":37},{"addr":140733858651871,"idx":38},{"addr":140733858651340,"idx":39},{"addr":140733858653435,"idx":40},{"addr":140733856615339,"idx":41},{"addr":140733857090463,"idx":42},{"addr":140733857744570,"idx":43},{"addr":140736681236363,"idx":44},{"addr":140736681236210,"idx":45},{"addr":140736681102204,"idx":46},{"addr":140736681748698,"idx":47},{"addr":140736717743674,"idx":48},{"addr":140736717740499,"idx":49},{"addr":140736882620003,"idx":50},{"addr":140736882628366,"idx":51},{"addr":140736881847376,"idx":52},{"addr":140736909646499,"idx":53},{"addr":140736909646267,"idx":54},{"addr":140736909643574,"idx":55},{"addr":140736909641089,"idx":56},{"addr":140736910206646,"idx":57},{"addr":140736909293663,"idx":58},{"addr":140736909422200,"idx":59},{"addr":140736909415344,"idx":60},{"addr":140736909399044,"idx":61},{"addr":140736909260610,"idx":62},{"addr":140736909258954,"idx":63},{"addr":140736701243791,"idx":64},{"addr":140736701242814,"idx":65},{"addr":140736717678445,"idx":66},{"addr":140736717678250,"idx":67},{"addr":140736717677938,"idx":68},{"addr":140736902955098,"idx":69},{"addr":140736897083607,"idx":70},{"addr":140736916996940,"idx":71}],,,,,,,,,19464,,,,,,,,,,,,,,,,,,,,,,,,,,,,,,,,,,,,1391536235,140736816742400,140736816742400,246648,212992,,,,,,,,,,,,,,,,,,,,,,,,,,,,,,,,,,,,,,,,,,,,,,,,,,,,,,,,,,,,,,,,,,,,,,,
"2025-09-02 15:13:22.6423432Z","ETW","Microsoft-Windows-Kernel-Process",5,"ImageLoadInfo ",19992,17792,"svchost.exe",,,,"C:\Windows\System32\msvcp110_win.dll",,,,,,,,,,,,[{"addr":140736918203828,"idx":0},{"addr":140736917192506,"idx":1},{"addr":140736917191278,"idx":2},{"addr":140736917210764,"idx":3},{"addr":140736917201516,"idx":4},{"addr":140736917258922,"idx":5},{"addr":140736917255216,"idx":6},{"addr":140736917350945,"idx":7},{"addr":140736897083607,"idx":8},{"addr":140736916996940,"idx":9}],,,,,,,,,19992,,,,,,,,,,,,,,,,,,,,,,,,,,,,,,,,,,,,3464179610,140736793542656,140736793542656,602786,593920,,,,,,,,,,,,,,,,,,,,,,,,,,,,,,,,,,,,,,,,,,,,,,,,,,,,,,,,,,,,,,,,,,,,,,,
"2025-09-02 15:13:22.6430682Z","ETW","Microsoft-Windows-Kernel-Process",6,"ImageUnloadInfo ",19992,20412,"svchost.exe",,,,"C:\Windows\System32\msvcp110_win.dll",,,,,,,,,,,,[{"addr":140736918203892,"idx":0},{"addr":140736917028534,"idx":1},{"addr":140736916779098,"idx":2},{"addr":140736916769422,"idx":3},{"addr":140736916769266,"idx":4},{"addr":140736916768404,"idx":5},{"addr":140736916773680,"idx":6},{"addr":140736872000489,"idx":7},{"addr":140736564313988,"idx":8},{"addr":140736564317195,"idx":9},{"addr":140736564310991,"idx":10},{"addr":140736564312326,"idx":11},{"addr":140736564315077,"idx":12},{"addr":140736823462372,"idx":13},{"addr":140736823295874,"idx":14},{"addr":140736823288719,"idx":15},{"addr":140736823283182,"idx":16},{"addr":140736823711170,"idx":17},{"addr":140736823633170,"idx":18},{"addr":140734019745915,"idx":19},{"addr":140734019690696,"idx":20},{"addr":140734019706334,"idx":21},{"addr":140736917282525,"idx":22},{"addr":140736917350969,"idx":23},{"addr":140736897083607,"idx":24},{"addr":140736916996940,"idx":25}],,,,,,,,,19992,,,,,,,,,,,,,,,,,,,,,,,,,,,,,,,,,,,,3464179610,140736793542656,140736793542656,602786,606208,,,,,,,,,,,,,,,,,,,,,,,,,,,,,,,,,,,,,,,,,,,,,,,,,,,,,,,,,,,,,,,,,,,,,,,
"2025-09-02 15:13:22.6431301Z","ETW","Microsoft-Windows-Kernel-Process",5,"ImageLoadInfo ",19464,11288,"CalculatorApp.exe",,,,"C:\Program Files\WindowsApps\Microsoft.WindowsCalculator_11.2502.2.0_x64__8wekyb3d8bbwe\TraceLogging.dll",,,,,,,,,,,,[{"addr":140736918203828,"idx":0},{"addr":140736917192506,"idx":1},{"addr":140736917191278,"idx":2},{"addr":140736917210764,"idx":3},{"addr":140736917202269,"idx":4},{"addr":140736917259140,"idx":5},{"addr":140736916785248,"idx":6},{"addr":140736916784352,"idx":7},{"addr":140736917101952,"idx":8},{"addr":140736872000198,"idx":9},{"addr":140736909363845,"idx":10},{"addr":140736909362547,"idx":11},{"addr":140736909531736,"idx":12},{"addr":140736909524833,"idx":13},{"addr":140736909523551,"idx":14},{"addr":140734013983399,"idx":15},{"addr":140734013986257,"idx":16},{"addr":140733908984612,"idx":17},{"addr":140733908951335,"idx":18},{"addr":140733908516608,"idx":19},{"addr":140733908513983,"idx":20},{"addr":140733908514488,"idx":21},{"addr":140733908644324,"idx":22},{"addr":140733857025397,"idx":23},{"addr":140733857025246,"idx":24},{"addr":140733858654784,"idx":25},{"addr":140733858328318,"idx":26},{"addr":140733857090463,"idx":27},{"addr":140733857726858,"idx":28},{"addr":140736680387644,"idx":29},{"addr":140736680385820,"idx":30},{"addr":140736676748105,"idx":31},{"addr":140736676746758,"idx":32},{"addr":140736681769737,"idx":33},{"addr":140736676744328,"idx":34},{"addr":140736681526019,"idx":35},{"addr":140736681525738,"idx":36},{"addr":140733858310220,"idx":37},{"addr":140733858651871,"idx":38},{"addr":140733858651340,"idx":39},{"addr":140733858653435,"idx":40},{"addr":140733856615339,"idx":41},{"addr":140733857090463,"idx":42},{"addr":140733857744570,"idx":43},{"addr":140736681236363,"idx":44},{"addr":140736681236210,"idx":45},{"addr":140736681102204,"idx":46},{"addr":140736681748698,"idx":47},{"addr":140736717743674,"idx":48},{"addr":140736717740499,"idx":49},{"addr":140736882620003,"idx":50},{"addr":140736882628366,"idx":51},{"addr":140736881847376,"idx":52},{"addr":140736909646499,"idx":53},{"addr":140736909646267,"idx":54},{"addr":140736909643574,"idx":55},{"addr":140736909641089,"idx":56},{"addr":140736910206646,"idx":57},{"addr":140736909293663,"idx":58},{"addr":140736909422200,"idx":59},{"addr":140736909415344,"idx":60},{"addr":140736909399044,"idx":61},{"addr":140736909260610,"idx":62},{"addr":140736909258954,"idx":63},{"addr":140736701243791,"idx":64},{"addr":140736701242814,"idx":65},{"addr":140736717678445,"idx":66},{"addr":140736717678250,"idx":67},{"addr":140736717677938,"idx":68},{"addr":140736902955098,"idx":69},{"addr":140736897083607,"idx":70},{"addr":140736916996940,"idx":71}],,,,,,,,,19464,,,,,,,,,,,,,,,,,,,,,,,,,,,,,,,,,,,,1741028717,140735958614016,140735958614016,0,49152,,,,,,,,,,,,,,,,,,,,,,,,,,,,,,,,,,,,,,,,,,,,,,,,,,,,,,,,,,,,,,,,,,,,,,,
"2025-09-02 15:13:22.6431732Z","ETW","Microsoft-Windows-Kernel-Process",6,"ImageUnloadInfo ",19992,20412,"svchost.exe",,,,"C:\Windows\System32\msvcrt.dll",,,,,,,,,,,,[{"addr":140736918203892,"idx":0},{"addr":140736917028534,"idx":1},{"addr":140736916779098,"idx":2},{"addr":140736916769422,"idx":3},{"addr":140736916769266,"idx":4},{"addr":140736916768404,"idx":5},{"addr":140736916773680,"idx":6},{"addr":140736872000489,"idx":7},{"addr":140736564313988,"idx":8},{"addr":140736564317195,"idx":9},{"addr":140736564310991,"idx":10},{"addr":140736564312326,"idx":11},{"addr":140736564315077,"idx":12},{"addr":140736823462372,"idx":13},{"addr":140736823295874,"idx":14},{"addr":140736823288719,"idx":15},{"addr":140736823283182,"idx":16},{"addr":140736823711170,"idx":17},{"addr":140736823633170,"idx":18},{"addr":140734019745915,"idx":19},{"addr":140734019690696,"idx":20},{"addr":140734019706334,"idx":21},{"addr":140736917282525,"idx":22},{"addr":140736917350969,"idx":23},{"addr":140736897083607,"idx":24},{"addr":140736916996940,"idx":25}],,,,,,,,,19992,,,,,,,,,,,,,,,,,,,,,,,,,,,,,,,,,,,,2634004398,140736913342464,140736913342464,729924,704512,,,,,,,,,,,,,,,,,,,,,,,,,,,,,,,,,,,,,,,,,,,,,,,,,,,,,,,,,,,,,,,,,,,,,,,
"2025-09-02 15:13:22.6432290Z","ETW","Microsoft-Windows-Kernel-Process",6,"ImageUnloadInfo ",19992,20412,"svchost.exe",,,,"C:\Windows\System32\policymanager.dll",,,,,,,,,,,,[{"addr":140736918203892,"idx":0},{"addr":140736917028534,"idx":1},{"addr":140736916779098,"idx":2},{"addr":140736916773567,"idx":3},{"addr":140736872000489,"idx":4},{"addr":140736564313988,"idx":5},{"addr":140736564317195,"idx":6},{"addr":140736564310991,"idx":7},{"addr":140736564312326,"idx":8},{"addr":140736564315077,"idx":9},{"addr":140736823462372,"idx":10},{"addr":140736823295874,"idx":11},{"addr":140736823288719,"idx":12},{"addr":140736823283182,"idx":13},{"addr":140736823711170,"idx":14},{"addr":140736823633170,"idx":15},{"addr":140734019745915,"idx":16},{"addr":140734019690696,"idx":17},{"addr":140734019706334,"idx":18},{"addr":140736917282525,"idx":19},{"addr":140736917350969,"idx":20},{"addr":140736897083607,"idx":21},{"addr":140736916996940,"idx":22}],,,,,,,,,19992,,,,,,,,,,,,,,,,,,,,,,,,,,,,,,,,,,,,2757975175,140736805928960,140736805928960,801211,749568,,,,,,,,,,,,,,,,,,,,,,,,,,,,,,,,,,,,,,,,,,,,,,,,,,,,,,,,,,,,,,,,,,,,,,,
"2025-09-02 15:13:22.6440569Z","ETW","Microsoft-Antimalware-Engine",3,"Message Info ",1912,11040,"MsMpEng.exe",,,"Lua IsKnownFriendly(c:\program files\windowsapps\microsoft.windowscalculator_11.2502.2.0_x64__8wekyb3d8bbwe\tracelogging.dll, UseCache: true, fSlowChecks: false) = true from 0x001822bdce6ab208",,,,,,,,,,,,,[],,,,,,,,,,,,,,,,,,,,,,,,,,,,,,,,,,,,,,,,,,,,,,,,,,,,,,,,,,,,,,,,,,,,,,,,,,,,,,,,,,,,,,,,,,,,,,,,,,,,,,,,,,,,,,,,,,,,,,,,
"2025-09-02 15:13:22.6440649Z","ETW","Microsoft-Antimalware-Engine",59,"Message Info ",1912,11040,"MsMpEng.exe",,,,,,0,"Behavior:Win32/SuspDllSideLoaded.B","0x1A5B3D8FF6402","84db5fe770e0d0198f480427d1ce9babd9f03e0e",,,,,,,[],,,,,,,,,,,,,,,,,,,,,,,,,,,,,,,,,,,,,,,,,,,,,,,,,,,,,,,,,,,,,,,,,,,,,,,,,,,,,,,,,,,,,,,,,,,,,,,,,,,,,,,,,,,,,,,,,,,,,,,,
"2025-09-02 15:13:22.6449877Z","ETW","Microsoft-Windows-Kernel-File",30,"CreateNewFileInfo ",19992,20412,"svchost.exe",,,,"C:\ProgramData\Microsoft\Windows\WER\Temp\87f8c3b4-f1a3-4e74-b528-1e0282140599",,,,,,,,,,,,[{"addr":140736918205268,"idx":0},{"addr":140736823279700,"idx":1},{"addr":140736823449839,"idx":2},{"addr":140736823711222,"idx":3},{"addr":140736823633170,"idx":4},{"addr":140734019745915,"idx":5},{"addr":140734019690696,"idx":6},{"addr":140734019706334,"idx":7},{"addr":140736917282525,"idx":8},{"addr":140736917350969,"idx":9},{"addr":140736897083607,"idx":10},{"addr":140736916996940,"idx":11}],128,33558528,18446660011223898480,18446660011374219512,20412,0,,,,,,,,,,,,,,,,,,,,,,,,,,,,,,,,,,,,,,,,,,,,,,,,,,,,,,,,,,,,,,,,,,,,,,,,,,,,,,,,,,,,,,,,,,,,,,,,,,,,,,,,,,,,,,,,,,
"2025-09-02 15:13:22.6449989Z","ETW","Microsoft-Windows-Kernel-File",10,"NameCreateInfo ",19992,20412,"svchost.exe",,,,"C:\ProgramData\Microsoft\Windows\WER\Temp\87f8c3b4-f1a3-4e74-b528-1e0282140599",,,,,,,,,,,,[{"addr":140736918205268,"idx":0},{"addr":140736823279700,"idx":1},{"addr":140736823449839,"idx":2},{"addr":140736823711222,"idx":3},{"addr":140736823633170,"idx":4},{"addr":140734019745915,"idx":5},{"addr":140734019690696,"idx":6},{"addr":140734019706334,"idx":7},{"addr":140736917282525,"idx":8},{"addr":140736917350969,"idx":9},{"addr":140736897083607,"idx":10},{"addr":140736916996940,"idx":11}],,,,,,,18446708904733524336,,,,,,,,,,,,,,,,,,,,,,,,,,,,,,,,,,,,,,,,,,,,,,,,,,,,,,,,,,,,,,,,,,,,,,,,,,,,,,,,,,,,,,,,,,,,,,,,,,,,,,,,,,,,,,,,,
"2025-09-02 15:13:22.6455594Z","ETW","Microsoft-Windows-Kernel-Process",5,"ImageLoadInfo ",19992,20412,"svchost.exe",,,,"C:\Windows\System32\policymanager.dll",,,,,,,,,,,,[{"addr":140736918203828,"idx":0},{"addr":140736917192506,"idx":1},{"addr":140736917191278,"idx":2},{"addr":140736917210764,"idx":3},{"addr":140736917201516,"idx":4},{"addr":140736917258922,"idx":5},{"addr":140736916785248,"idx":6},{"addr":140736916784352,"idx":7},{"addr":140736917101952,"idx":8},{"addr":140736872000198,"idx":9},{"addr":140736564313215,"idx":10},{"addr":140736564317195,"idx":11},{"addr":140736564310991,"idx":12},{"addr":140736564312326,"idx":13},{"addr":140736564315077,"idx":14},{"addr":140736823462372,"idx":15},{"addr":140736823295874,"idx":16},{"addr":140736823288719,"idx":17},{"addr":140736823282766,"idx":18},{"addr":140736823711170,"idx":19},{"addr":140736823633223,"idx":20},{"addr":140734019745915,"idx":21},{"addr":140734019690696,"idx":22},{"addr":140734019706334,"idx":23},{"addr":140736917282525,"idx":24},{"addr":140736917350969,"idx":25},{"addr":140736897083607,"idx":26},{"addr":140736916996940,"idx":27}],,,,,,,,,19992,,,,,,,,,,,,,,,,,,,,,,,,,,,,,,,,,,,,2757975175,140736805928960,140736805928960,801211,737280,,,,,,,,,,,,,,,,,,,,,,,,,,,,,,,,,,,,,,,,,,,,,,,,,,,,,,,,,,,,,,,,,,,,,,,
"2025-09-02 15:13:22.6456593Z","ETW","Microsoft-Windows-Kernel-Process",5,"ImageLoadInfo ",19992,20412,"svchost.exe",,,,"C:\Windows\System32\msvcrt.dll",,,,,,,,,,,,[{"addr":140736918203828,"idx":0},{"addr":140736917192506,"idx":1},{"addr":140736917191278,"idx":2},{"addr":140736917190209,"idx":3},{"addr":140736916798526,"idx":4},{"addr":140736916790798,"idx":5},{"addr":140736917191656,"idx":6},{"addr":140736917210764,"idx":7},{"addr":140736917201516,"idx":8},{"addr":140736917258922,"idx":9},{"addr":140736916785248,"idx":10},{"addr":140736916784352,"idx":11},{"addr":140736917101952,"idx":12},{"addr":140736872000198,"idx":13},{"addr":140736564313215,"idx":14},{"addr":140736564317195,"idx":15},{"addr":140736564310991,"idx":16},{"addr":140736564312326,"idx":17},{"addr":140736564315077,"idx":18},{"addr":140736823462372,"idx":19},{"addr":140736823295874,"idx":20},{"addr":140736823288719,"idx":21},{"addr":140736823282766,"idx":22},{"addr":140736823711170,"idx":23},{"addr":140736823633223,"idx":24},{"addr":140734019745915,"idx":25},{"addr":140734019690696,"idx":26},{"addr":140734019706334,"idx":27},{"addr":140736917282525,"idx":28},{"addr":140736917350969,"idx":29},{"addr":140736897083607,"idx":30},{"addr":140736916996940,"idx":31}],,,,,,,,,19992,,,,,,,,,,,,,,,,,,,,,,,,,,,,,,,,,,,,2634004398,140736913342464,140736913342464,729924,692224,,,,,,,,,,,,,,,,,,,,,,,,,,,,,,,,,,,,,,,,,,,,,,,,,,,,,,,,,,,,,,,,,,,,,,,
"2025-09-02 15:13:22.6459625Z","ETW","Microsoft-Windows-Kernel-Process",5,"ImageLoadInfo ",19992,13384,"svchost.exe",,,,"C:\Windows\System32\msvcp110_win.dll",,,,,,,,,,,,[{"addr":140736918203828,"idx":0},{"addr":140736917192506,"idx":1},{"addr":140736917191278,"idx":2},{"addr":140736917210764,"idx":3},{"addr":140736917201516,"idx":4},{"addr":140736917258922,"idx":5},{"addr":140736917255216,"idx":6},{"addr":140736917350945,"idx":7},{"addr":140736897083607,"idx":8},{"addr":140736916996940,"idx":9}],,,,,,,,,19992,,,,,,,,,,,,,,,,,,,,,,,,,,,,,,,,,,,,3464179610,140736793542656,140736793542656,602786,593920,,,,,,,,,,,,,,,,,,,,,,,,,,,,,,,,,,,,,,,,,,,,,,,,,,,,,,,,,,,,,,,,,,,,,,,
"2025-09-02 15:13:22.6465415Z","ETW","Microsoft-Windows-Kernel-Process",6,"ImageUnloadInfo ",19992,20412,"svchost.exe",,,,"C:\Windows\System32\msvcp110_win.dll",,,,,,,,,,,,[{"addr":140736918203892,"idx":0},{"addr":140736917028534,"idx":1},{"addr":140736916779098,"idx":2},{"addr":140736916769422,"idx":3},{"addr":140736916769266,"idx":4},{"addr":140736916768404,"idx":5},{"addr":140736916773680,"idx":6},{"addr":140736872000489,"idx":7},{"addr":140736564313988,"idx":8},{"addr":140736564317195,"idx":9},{"addr":140736564310991,"idx":10},{"addr":140736564312326,"idx":11},{"addr":140736564315077,"idx":12},{"addr":140736823462372,"idx":13},{"addr":140736823295874,"idx":14},{"addr":140736823288719,"idx":15},{"addr":140736823282766,"idx":16},{"addr":140736823711170,"idx":17},{"addr":140736823633223,"idx":18},{"addr":140734019745915,"idx":19},{"addr":140734019690696,"idx":20},{"addr":140734019706334,"idx":21},{"addr":140736917282525,"idx":22},{"addr":140736917350969,"idx":23},{"addr":140736897083607,"idx":24},{"addr":140736916996940,"idx":25}],,,,,,,,,19992,,,,,,,,,,,,,,,,,,,,,,,,,,,,,,,,,,,,3464179610,140736793542656,140736793542656,602786,606208,,,,,,,,,,,,,,,,,,,,,,,,,,,,,,,,,,,,,,,,,,,,,,,,,,,,,,,,,,,,,,,,,,,,,,,
"2025-09-02 15:13:22.6466196Z","ETW","Microsoft-Windows-Kernel-Process",6,"ImageUnloadInfo ",19992,20412,"svchost.exe",,,,"C:\Windows\System32\msvcrt.dll",,,,,,,,,,,,[{"addr":140736918203892,"idx":0},{"addr":140736917028534,"idx":1},{"addr":140736916779098,"idx":2},{"addr":140736916769422,"idx":3},{"addr":140736916769266,"idx":4},{"addr":140736916768404,"idx":5},{"addr":140736916773680,"idx":6},{"addr":140736872000489,"idx":7},{"addr":140736564313988,"idx":8},{"addr":140736564317195,"idx":9},{"addr":140736564310991,"idx":10},{"addr":140736564312326,"idx":11},{"addr":140736564315077,"idx":12},{"addr":140736823462372,"idx":13},{"addr":140736823295874,"idx":14},{"addr":140736823288719,"idx":15},{"addr":140736823282766,"idx":16},{"addr":140736823711170,"idx":17},{"addr":140736823633223,"idx":18},{"addr":140734019745915,"idx":19},{"addr":140734019690696,"idx":20},{"addr":140734019706334,"idx":21},{"addr":140736917282525,"idx":22},{"addr":140736917350969,"idx":23},{"addr":140736897083607,"idx":24},{"addr":140736916996940,"idx":25}],,,,,,,,,19992,,,,,,,,,,,,,,,,,,,,,,,,,,,,,,,,,,,,2634004398,140736913342464,140736913342464,729924,704512,,,,,,,,,,,,,,,,,,,,,,,,,,,,,,,,,,,,,,,,,,,,,,,,,,,,,,,,,,,,,,,,,,,,,,,
"2025-09-02 15:13:22.6466644Z","ETW","Microsoft-Windows-Kernel-Process",6,"ImageUnloadInfo ",19992,20412,"svchost.exe",,,,"C:\Windows\System32\policymanager.dll",,,,,,,,,,,,[{"addr":140736918203892,"idx":0},{"addr":140736917028534,"idx":1},{"addr":140736916779098,"idx":2},{"addr":140736916773567,"idx":3},{"addr":140736872000489,"idx":4},{"addr":140736564313988,"idx":5},{"addr":140736564317195,"idx":6},{"addr":140736564310991,"idx":7},{"addr":140736564312326,"idx":8},{"addr":140736564315077,"idx":9},{"addr":140736823462372,"idx":10},{"addr":140736823295874,"idx":11},{"addr":140736823288719,"idx":12},{"addr":140736823282766,"idx":13},{"addr":140736823711170,"idx":14},{"addr":140736823633223,"idx":15},{"addr":140734019745915,"idx":16},{"addr":140734019690696,"idx":17},{"addr":140734019706334,"idx":18},{"addr":140736917282525,"idx":19},{"addr":140736917350969,"idx":20},{"addr":140736897083607,"idx":21},{"addr":140736916996940,"idx":22}],,,,,,,,,19992,,,,,,,,,,,,,,,,,,,,,,,,,,,,,,,,,,,,2757975175,140736805928960,140736805928960,801211,749568,,,,,,,,,,,,,,,,,,,,,,,,,,,,,,,,,,,,,,,,,,,,,,,,,,,,,,,,,,,,,,,,,,,,,,,
"2025-09-02 15:13:22.6480590Z","ETW","Microsoft-Windows-Kernel-File",30,"CreateNewFileInfo ",19992,20412,"svchost.exe",,,,"C:\ProgramData\Microsoft\Windows\WER\Temp\78467092-9838-4f3e-8936-78ddb5d70d42",,,,,,,,,,,,[{"addr":140736918205268,"idx":0},{"addr":140736823279700,"idx":1},{"addr":140736823449839,"idx":2},{"addr":140736823711222,"idx":3},{"addr":140736823633223,"idx":4},{"addr":140734019745915,"idx":5},{"addr":140734019690696,"idx":6},{"addr":140734019706334,"idx":7},{"addr":140736917282525,"idx":8},{"addr":140736917350969,"idx":9},{"addr":140736897083607,"idx":10},{"addr":140736916996940,"idx":11}],128,33558528,18446660010832846400,18446660011071530520,20412,0,,,,,,,,,,,,,,,,,,,,,,,,,,,,,,,,,,,,,,,,,,,,,,,,,,,,,,,,,,,,,,,,,,,,,,,,,,,,,,,,,,,,,,,,,,,,,,,,,,,,,,,,,,,,,,,,,,
"2025-09-02 15:13:22.6480702Z","ETW","Microsoft-Windows-Kernel-File",10,"NameCreateInfo ",19992,20412,"svchost.exe",,,,"C:\ProgramData\Microsoft\Windows\WER\Temp\78467092-9838-4f3e-8936-78ddb5d70d42",,,,,,,,,,,,[{"addr":140736918205268,"idx":0},{"addr":140736823279700,"idx":1},{"addr":140736823449839,"idx":2},{"addr":140736823711222,"idx":3},{"addr":140736823633223,"idx":4},{"addr":140734019745915,"idx":5},{"addr":140734019690696,"idx":6},{"addr":140734019706334,"idx":7},{"addr":140736917282525,"idx":8},{"addr":140736917350969,"idx":9},{"addr":140736897083607,"idx":10},{"addr":140736916996940,"idx":11}],,,,,,,18446708904729031024,,,,,,,,,,,,,,,,,,,,,,,,,,,,,,,,,,,,,,,,,,,,,,,,,,,,,,,,,,,,,,,,,,,,,,,,,,,,,,,,,,,,,,,,,,,,,,,,,,,,,,,,,,,,,,,,,
"2025-09-02 15:13:22.6489740Z","ETW","Microsoft-Windows-Kernel-Process",5,"ImageLoadInfo ",13192,1244,"WerFault.exe",,,,"C:\Windows\System32\policymanager.dll",,,,,,,,,,,,[{"addr":140736918203828,"idx":0},{"addr":140736917192506,"idx":1},{"addr":140736917191278,"idx":2},{"addr":140736917210764,"idx":3},{"addr":140736917201516,"idx":4},{"addr":140736917258922,"idx":5},{"addr":140736916785248,"idx":6},{"addr":140736916784352,"idx":7},{"addr":140736917101952,"idx":8},{"addr":140736872000198,"idx":9},{"addr":140736564313215,"idx":10},{"addr":140736564317195,"idx":11},{"addr":140736564310991,"idx":12},{"addr":140736564312326,"idx":13},{"addr":140736564315077,"idx":14},{"addr":140736823462372,"idx":15},{"addr":140736823295874,"idx":16},{"addr":140736823288719,"idx":17},{"addr":140736823282766,"idx":18},{"addr":140736823711170,"idx":19},{"addr":140736823633223,"idx":20},{"addr":140736823277547,"idx":21},{"addr":140736823277379,"idx":22},{"addr":140736823674377,"idx":23},{"addr":140736823587658,"idx":24},{"addr":140733981343415,"idx":25},{"addr":140733981360014,"idx":26},{"addr":140733981359838,"idx":27},{"addr":140733981332330,"idx":28},{"addr":140702874837458,"idx":29},{"addr":140702874561549,"idx":30},{"addr":140702874566272,"idx":31},{"addr":140702874543067,"idx":32},{"addr":140736897083607,"idx":33},{"addr":140736916996940,"idx":34}],,,,,,,,,13192,,,,,,,,,,,,,,,,,,,,,,,,,,,,,,,,,,,,2757975175,140736805928960,140736805928960,801211,737280,,,,,,,,,,,,,,,,,,,,,,,,,,,,,,,,,,,,,,,,,,,,,,,,,,,,,,,,,,,,,,,,,,,,,,,
"2025-09-02 15:13:22.6493107Z","ETW","Microsoft-Windows-Kernel-Process",5,"ImageLoadInfo ",13192,21732,"WerFault.exe",,,,"C:\Windows\System32\msvcp110_win.dll",,,,,,,,,,,,[{"addr":140736918203828,"idx":0},{"addr":140736917192506,"idx":1},{"addr":140736917191278,"idx":2},{"addr":140736917210764,"idx":3},{"addr":140736917201516,"idx":4},{"addr":140736917258922,"idx":5},{"addr":140736917255216,"idx":6},{"addr":140736917350945,"idx":7},{"addr":140736897083607,"idx":8},{"addr":140736916996940,"idx":9}],,,,,,,,,13192,,,,,,,,,,,,,,,,,,,,,,,,,,,,,,,,,,,,3464179610,140736793542656,140736793542656,602786,593920,,,,,,,,,,,,,,,,,,,,,,,,,,,,,,,,,,,,,,,,,,,,,,,,,,,,,,,,,,,,,,,,,,,,,,,
"2025-09-02 15:13:22.6498729Z","ETW","Microsoft-Windows-Kernel-Process",6,"ImageUnloadInfo ",13192,1244,"WerFault.exe",,,,"C:\Windows\System32\msvcp110_win.dll",,,,,,,,,,,,[{"addr":140736918203892,"idx":0},{"addr":140736917028534,"idx":1},{"addr":140736916779098,"idx":2},{"addr":140736916769422,"idx":3},{"addr":140736916769266,"idx":4},{"addr":140736916768404,"idx":5},{"addr":140736916773680,"idx":6},{"addr":140736872000489,"idx":7},{"addr":140736564313988,"idx":8},{"addr":140736564317195,"idx":9},{"addr":140736564310991,"idx":10},{"addr":140736564312326,"idx":11},{"addr":140736564315077,"idx":12},{"addr":140736823462372,"idx":13},{"addr":140736823295874,"idx":14},{"addr":140736823288719,"idx":15},{"addr":140736823282766,"idx":16},{"addr":140736823711170,"idx":17},{"addr":140736823633223,"idx":18},{"addr":140736823277547,"idx":19},{"addr":140736823277379,"idx":20},{"addr":140736823674377,"idx":21},{"addr":140736823587658,"idx":22},{"addr":140733981343415,"idx":23},{"addr":140733981360014,"idx":24},{"addr":140733981359838,"idx":25},{"addr":140733981332330,"idx":26},{"addr":140702874837458,"idx":27},{"addr":140702874561549,"idx":28},{"addr":140702874566272,"idx":29},{"addr":140702874543067,"idx":30},{"addr":140736897083607,"idx":31},{"addr":140736916996940,"idx":32}],,,,,,,,,13192,,,,,,,,,,,,,,,,,,,,,,,,,,,,,,,,,,,,3464179610,140736793542656,140736793542656,602786,606208,,,,,,,,,,,,,,,,,,,,,,,,,,,,,,,,,,,,,,,,,,,,,,,,,,,,,,,,,,,,,,,,,,,,,,,
"2025-09-02 15:13:22.6499336Z","ETW","Microsoft-Windows-Kernel-Process",6,"ImageUnloadInfo ",13192,1244,"WerFault.exe",,,,"C:\Windows\System32\policymanager.dll",,,,,,,,,,,,[{"addr":140736918203892,"idx":0},{"addr":140736917028534,"idx":1},{"addr":140736916779098,"idx":2},{"addr":140736916773567,"idx":3},{"addr":140736872000489,"idx":4},{"addr":140736564313988,"idx":5},{"addr":140736564317195,"idx":6},{"addr":140736564310991,"idx":7},{"addr":140736564312326,"idx":8},{"addr":140736564315077,"idx":9},{"addr":140736823462372,"idx":10},{"addr":140736823295874,"idx":11},{"addr":140736823288719,"idx":12},{"addr":140736823282766,"idx":13},{"addr":140736823711170,"idx":14},{"addr":140736823633223,"idx":15},{"addr":140736823277547,"idx":16},{"addr":140736823277379,"idx":17},{"addr":140736823674377,"idx":18},{"addr":140736823587658,"idx":19},{"addr":140733981343415,"idx":20},{"addr":140733981360014,"idx":21},{"addr":140733981359838,"idx":22},{"addr":140733981332330,"idx":23},{"addr":140702874837458,"idx":24},{"addr":140702874561549,"idx":25},{"addr":140702874566272,"idx":26},{"addr":140702874543067,"idx":27},{"addr":140736897083607,"idx":28},{"addr":140736916996940,"idx":29}],,,,,,,,,13192,,,,,,,,,,,,,,,,,,,,,,,,,,,,,,,,,,,,2757975175,140736805928960,140736805928960,801211,749568,,,,,,,,,,,,,,,,,,,,,,,,,,,,,,,,,,,,,,,,,,,,,,,,,,,,,,,,,,,,,,,,,,,,,,,
"2025-09-02 15:13:22.6511777Z","ETW","Microsoft-Windows-Kernel-File",30,"CreateNewFileInfo ",13192,1244,"WerFault.exe",,,,"C:\ProgramData\Microsoft\Windows\WER\Temp\11affbda-fa51-42e4-b264-895bb47baa7e",,,,,,,,,,,,[{"addr":140736918205268,"idx":0},{"addr":140736823279700,"idx":1},{"addr":140736823449839,"idx":2},{"addr":140736823711222,"idx":3},{"addr":140736823633223,"idx":4},{"addr":140736823277547,"idx":5},{"addr":140736823277379,"idx":6},{"addr":140736823674377,"idx":7},{"addr":140736823587658,"idx":8},{"addr":140733981343415,"idx":9},{"addr":140733981360014,"idx":10},{"addr":140733981359838,"idx":11},{"addr":140733981332330,"idx":12},{"addr":140702874837458,"idx":13},{"addr":140702874561549,"idx":14},{"addr":140702874566272,"idx":15},{"addr":140702874543067,"idx":16},{"addr":140736897083607,"idx":17},{"addr":140736916996940,"idx":18}],128,33558528,18446660011223929680,18446660011374219512,1244,0,,,,,,,,,,,,,,,,,,,,,,,,,,,,,,,,,,,,,,,,,,,,,,,,,,,,,,,,,,,,,,,,,,,,,,,,,,,,,,,,,,,,,,,,,,,,,,,,,,,,,,,,,,,,,,,,,,
"2025-09-02 15:13:22.6511955Z","ETW","Microsoft-Windows-Kernel-File",10,"NameCreateInfo ",13192,1244,"WerFault.exe",,,,"C:\ProgramData\Microsoft\Windows\WER\Temp\11affbda-fa51-42e4-b264-895bb47baa7e",,,,,,,,,,,,[{"addr":140736918205268,"idx":0},{"addr":140736823279700,"idx":1},{"addr":140736823449839,"idx":2},{"addr":140736823711222,"idx":3},{"addr":140736823633223,"idx":4},{"addr":140736823277547,"idx":5},{"addr":140736823277379,"idx":6},{"addr":140736823674377,"idx":7},{"addr":140736823587658,"idx":8},{"addr":140733981343415,"idx":9},{"addr":140733981360014,"idx":10},{"addr":140733981359838,"idx":11},{"addr":140733981332330,"idx":12},{"addr":140702874837458,"idx":13},{"addr":140702874561549,"idx":14},{"addr":140702874566272,"idx":15},{"addr":140702874543067,"idx":16},{"addr":140736897083607,"idx":17},{"addr":140736916996940,"idx":18}],,,,,,,18446708904733524336,,,,,,,,,,,,,,,,,,,,,,,,,,,,,,,,,,,,,,,,,,,,,,,,,,,,,,,,,,,,,,,,,,,,,,,,,,,,,,,,,,,,,,,,,,,,,,,,,,,,,,,,,,,,,,,,,
"2025-09-02 15:13:22.6519306Z","ETW","Microsoft-Windows-Kernel-Process",5,"ImageLoadInfo ",19992,20412,"svchost.exe",,,,"C:\Windows\System32\policymanager.dll",,,,,,,,,,,,[{"addr":140736918203828,"idx":0},{"addr":140736917192506,"idx":1},{"addr":140736917191278,"idx":2},{"addr":140736917210764,"idx":3},{"addr":140736917201516,"idx":4},{"addr":140736917258922,"idx":5},{"addr":140736916785248,"idx":6},{"addr":140736916784352,"idx":7},{"addr":140736917101952,"idx":8},{"addr":140736872000198,"idx":9},{"addr":140736564313215,"idx":10},{"addr":140736564317195,"idx":11},{"addr":140736564310991,"idx":12},{"addr":140736564312326,"idx":13},{"addr":140736564315077,"idx":14},{"addr":140736823462372,"idx":15},{"addr":140736823295874,"idx":16},{"addr":140736823288719,"idx":17},{"addr":140736823283182,"idx":18},{"addr":140736823711170,"idx":19},{"addr":140736823633170,"idx":20},{"addr":140734019745915,"idx":21},{"addr":140734019690696,"idx":22},{"addr":140734019706334,"idx":23},{"addr":140736917282525,"idx":24},{"addr":140736917350969,"idx":25},{"addr":140736897083607,"idx":26},{"addr":140736916996940,"idx":27}],,,,,,,,,19992,,,,,,,,,,,,,,,,,,,,,,,,,,,,,,,,,,,,2757975175,140736805928960,140736805928960,801211,737280,,,,,,,,,,,,,,,,,,,,,,,,,,,,,,,,,,,,,,,,,,,,,,,,,,,,,,,,,,,,,,,,,,,,,,,
"2025-09-02 15:13:22.6520778Z","ETW","Microsoft-Windows-Kernel-Process",5,"ImageLoadInfo ",19992,20412,"svchost.exe",,,,"C:\Windows\System32\msvcrt.dll",,,,,,,,,,,,[{"addr":140736918203828,"idx":0},{"addr":140736917192506,"idx":1},{"addr":140736917191278,"idx":2},{"addr":140736917190209,"idx":3},{"addr":140736916798526,"idx":4},{"addr":140736916790798,"idx":5},{"addr":140736917191656,"idx":6},{"addr":140736917210764,"idx":7},{"addr":140736917201516,"idx":8},{"addr":140736917258922,"idx":9},{"addr":140736916785248,"idx":10},{"addr":140736916784352,"idx":11},{"addr":140736917101952,"idx":12},{"addr":140736872000198,"idx":13},{"addr":140736564313215,"idx":14},{"addr":140736564317195,"idx":15},{"addr":140736564310991,"idx":16},{"addr":140736564312326,"idx":17},{"addr":140736564315077,"idx":18},{"addr":140736823462372,"idx":19},{"addr":140736823295874,"idx":20},{"addr":140736823288719,"idx":21},{"addr":140736823283182,"idx":22},{"addr":140736823711170,"idx":23},{"addr":140736823633170,"idx":24},{"addr":140734019745915,"idx":25},{"addr":140734019690696,"idx":26},{"addr":140734019706334,"idx":27},{"addr":140736917282525,"idx":28},{"addr":140736917350969,"idx":29},{"addr":140736897083607,"idx":30},{"addr":140736916996940,"idx":31}],,,,,,,,,19992,,,,,,,,,,,,,,,,,,,,,,,,,,,,,,,,,,,,2634004398,140736913342464,140736913342464,729924,692224,,,,,,,,,,,,,,,,,,,,,,,,,,,,,,,,,,,,,,,,,,,,,,,,,,,,,,,,,,,,,,,,,,,,,,,
"2025-09-02 15:13:22.6523571Z","ETW","Microsoft-Windows-Kernel-Process",5,"ImageLoadInfo ",19992,7332,"svchost.exe",,,,"C:\Windows\System32\msvcp110_win.dll",,,,,,,,,,,,[{"addr":140736918203828,"idx":0},{"addr":140736917192506,"idx":1},{"addr":140736917191278,"idx":2},{"addr":140736917210764,"idx":3},{"addr":140736917201516,"idx":4},{"addr":140736917258922,"idx":5},{"addr":140736917255216,"idx":6},{"addr":140736917350945,"idx":7},{"addr":140736897083607,"idx":8},{"addr":140736916996940,"idx":9}],,,,,,,,,19992,,,,,,,,,,,,,,,,,,,,,,,,,,,,,,,,,,,,3464179610,140736793542656,140736793542656,602786,593920,,,,,,,,,,,,,,,,,,,,,,,,,,,,,,,,,,,,,,,,,,,,,,,,,,,,,,,,,,,,,,,,,,,,,,,
"2025-09-02 15:13:22.6532340Z","ETW","Microsoft-Windows-Kernel-Process",6,"ImageUnloadInfo ",19992,20412,"svchost.exe",,,,"C:\Windows\System32\msvcp110_win.dll",,,,,,,,,,,,[{"addr":140736918203892,"idx":0},{"addr":140736917028534,"idx":1},{"addr":140736916779098,"idx":2},{"addr":140736916769422,"idx":3},{"addr":140736916769266,"idx":4},{"addr":140736916768404,"idx":5},{"addr":140736916773680,"idx":6},{"addr":140736872000489,"idx":7},{"addr":140736564313988,"idx":8},{"addr":140736564317195,"idx":9},{"addr":140736564310991,"idx":10},{"addr":140736564312326,"idx":11},{"addr":140736564315077,"idx":12},{"addr":140736823462372,"idx":13},{"addr":140736823295874,"idx":14},{"addr":140736823288719,"idx":15},{"addr":140736823283182,"idx":16},{"addr":140736823711170,"idx":17},{"addr":140736823633170,"idx":18},{"addr":140734019745915,"idx":19},{"addr":140734019690696,"idx":20},{"addr":140734019706334,"idx":21},{"addr":140736917282525,"idx":22},{"addr":140736917350969,"idx":23},{"addr":140736897083607,"idx":24},{"addr":140736916996940,"idx":25}],,,,,,,,,19992,,,,,,,,,,,,,,,,,,,,,,,,,,,,,,,,,,,,3464179610,140736793542656,140736793542656,602786,606208,,,,,,,,,,,,,,,,,,,,,,,,,,,,,,,,,,,,,,,,,,,,,,,,,,,,,,,,,,,,,,,,,,,,,,,
"2025-09-02 15:13:22.6533297Z","ETW","Microsoft-Windows-Kernel-Process",6,"ImageUnloadInfo ",19992,20412,"svchost.exe",,,,"C:\Windows\System32\msvcrt.dll",,,,,,,,,,,,[{"addr":140736918203892,"idx":0},{"addr":140736917028534,"idx":1},{"addr":140736916779098,"idx":2},{"addr":140736916769422,"idx":3},{"addr":140736916769266,"idx":4},{"addr":140736916768404,"idx":5},{"addr":140736916773680,"idx":6},{"addr":140736872000489,"idx":7},{"addr":140736564313988,"idx":8},{"addr":140736564317195,"idx":9},{"addr":140736564310991,"idx":10},{"addr":140736564312326,"idx":11},{"addr":140736564315077,"idx":12},{"addr":140736823462372,"idx":13},{"addr":140736823295874,"idx":14},{"addr":140736823288719,"idx":15},{"addr":140736823283182,"idx":16},{"addr":140736823711170,"idx":17},{"addr":140736823633170,"idx":18},{"addr":140734019745915,"idx":19},{"addr":140734019690696,"idx":20},{"addr":140734019706334,"idx":21},{"addr":140736917282525,"idx":22},{"addr":140736917350969,"idx":23},{"addr":140736897083607,"idx":24},{"addr":140736916996940,"idx":25}],,,,,,,,,19992,,,,,,,,,,,,,,,,,,,,,,,,,,,,,,,,,,,,2634004398,140736913342464,140736913342464,729924,704512,,,,,,,,,,,,,,,,,,,,,,,,,,,,,,,,,,,,,,,,,,,,,,,,,,,,,,,,,,,,,,,,,,,,,,,
"2025-09-02 15:13:22.6533850Z","ETW","Microsoft-Windows-Kernel-Process",6,"ImageUnloadInfo ",19992,20412,"svchost.exe",,,,"C:\Windows\System32\policymanager.dll",,,,,,,,,,,,[{"addr":140736918203892,"idx":0},{"addr":140736917028534,"idx":1},{"addr":140736916779098,"idx":2},{"addr":140736916773567,"idx":3},{"addr":140736872000489,"idx":4},{"addr":140736564313988,"idx":5},{"addr":140736564317195,"idx":6},{"addr":140736564310991,"idx":7},{"addr":140736564312326,"idx":8},{"addr":140736564315077,"idx":9},{"addr":140736823462372,"idx":10},{"addr":140736823295874,"idx":11},{"addr":140736823288719,"idx":12},{"addr":140736823283182,"idx":13},{"addr":140736823711170,"idx":14},{"addr":140736823633170,"idx":15},{"addr":140734019745915,"idx":16},{"addr":140734019690696,"idx":17},{"addr":140734019706334,"idx":18},{"addr":140736917282525,"idx":19},{"addr":140736917350969,"idx":20},{"addr":140736897083607,"idx":21},{"addr":140736916996940,"idx":22}],,,,,,,,,19992,,,,,,,,,,,,,,,,,,,,,,,,,,,,,,,,,,,,2757975175,140736805928960,140736805928960,801211,749568,,,,,,,,,,,,,,,,,,,,,,,,,,,,,,,,,,,,,,,,,,,,,,,,,,,,,,,,,,,,,,,,,,,,,,,
"2025-09-02 15:13:22.6537186Z","ETW","Microsoft-Windows-Kernel-Process",5,"ImageLoadInfo ",19464,11288,"CalculatorApp.exe",,,,"C:\Windows\System32\Windows.UI.Xaml.Phone.dll",,,,,,,,,,,,[{"addr":140736918203828,"idx":0},{"addr":140736917192506,"idx":1},{"addr":140736917191278,"idx":2},{"addr":140736917210764,"idx":3},{"addr":140736917201516,"idx":4},{"addr":140736917258922,"idx":5},{"addr":140736916785248,"idx":6},{"addr":140736916784352,"idx":7},{"addr":140736917101952,"idx":8},{"addr":140736872000198,"idx":9},{"addr":140736677606276,"idx":10},{"addr":140736677606824,"idx":11},{"addr":140736678255565,"idx":12},{"addr":140736678255333,"idx":13},{"addr":140736678255220,"idx":14},{"addr":140736675983592,"idx":15},{"addr":140736675985712,"idx":16},{"addr":140736678187914,"idx":17},{"addr":140736677262225,"idx":18},{"addr":140736675600156,"idx":19},{"addr":140736675588551,"idx":20},{"addr":140736676970747,"idx":21},{"addr":140736676967520,"idx":22},{"addr":140736676966814,"idx":23},{"addr":140736676966213,"idx":24},{"addr":140736676965880,"idx":25},{"addr":140736676965518,"idx":26},{"addr":140733857063677,"idx":27},{"addr":140733857063460,"idx":28},{"addr":140733857554974,"idx":29},{"addr":140733857553715,"idx":30},{"addr":140733857551493,"idx":31},{"addr":140733857559219,"idx":32},{"addr":140733399053903,"idx":33},{"addr":140733401528310,"idx":34},{"addr":140733908657697,"idx":35},{"addr":140733908551528,"idx":36},{"addr":140733908669583,"idx":37},{"addr":140733908659584,"idx":38},{"addr":140733908510086,"idx":39},{"addr":140733908514007,"idx":40},{"addr":140733908514488,"idx":41},{"addr":140733908644324,"idx":42},{"addr":140733857025397,"idx":43},{"addr":140733857025246,"idx":44},{"addr":140733858654784,"idx":45},{"addr":140733858328318,"idx":46},{"addr":140733857090463,"idx":47},{"addr":140733857726858,"idx":48},{"addr":140736680387644,"idx":49},{"addr":140736680385820,"idx":50},{"addr":140736676748105,"idx":51},{"addr":140736676746758,"idx":52},{"addr":140736681769737,"idx":53},{"addr":140736676744328,"idx":54},{"addr":140736681526019,"idx":55},{"addr":140736681525738,"idx":56},{"addr":140733858310220,"idx":57},{"addr":140733858651871,"idx":58},{"addr":140733858651340,"idx":59},{"addr":140733858653435,"idx":60},{"addr":140733856615339,"idx":61},{"addr":140733857090463,"idx":62},{"addr":140733857744570,"idx":63},{"addr":140736681236363,"idx":64},{"addr":140736681236210,"idx":65},{"addr":140736681102204,"idx":66},{"addr":140736681748698,"idx":67},{"addr":140736717743674,"idx":68},{"addr":140736717740499,"idx":69},{"addr":140736882620003,"idx":70},{"addr":140736882628366,"idx":71},{"addr":140736881847376,"idx":72},{"addr":140736909646499,"idx":73},{"addr":140736909646267,"idx":74},{"addr":140736909643574,"idx":75},{"addr":140736909641089,"idx":76},{"addr":140736910206646,"idx":77},{"addr":140736909293663,"idx":78},{"addr":140736909422200,"idx":79},{"addr":140736909415344,"idx":80},{"addr":140736909399044,"idx":81},{"addr":140736909260610,"idx":82},{"addr":140736909258954,"idx":83},{"addr":140736701243791,"idx":84},{"addr":140736701242814,"idx":85},{"addr":140736717678445,"idx":86},{"addr":140736717678250,"idx":87},{"addr":140736717677938,"idx":88},{"addr":140736902955098,"idx":89},{"addr":140736897083607,"idx":90},{"addr":140736916996940,"idx":91}],,,,,,,,,19464,,,,,,,,,,,,,,,,,,,,,,,,,,,,,,,,,,,,2894880018,140736670269440,140736670269440,1282743,1269760,,,,,,,,,,,,,,,,,,,,,,,,,,,,,,,,,,,,,,,,,,,,,,,,,,,,,,,,,,,,,,,,,,,,,,,
"2025-09-02 15:13:22.6555104Z","ETW","Microsoft-Windows-Kernel-File",30,"CreateNewFileInfo ",19992,20412,"svchost.exe",,,,"C:\ProgramData\Microsoft\Windows\WER\Temp\e0b64def-5cdb-4d49-927b-a207a68bee35",,,,,,,,,,,,[{"addr":140736918205268,"idx":0},{"addr":140736823279700,"idx":1},{"addr":140736823449839,"idx":2},{"addr":140736823711222,"idx":3},{"addr":140736823633170,"idx":4},{"addr":140734019745915,"idx":5},{"addr":140734019690696,"idx":6},{"addr":140734019706334,"idx":7},{"addr":140736917282525,"idx":8},{"addr":140736917350969,"idx":9},{"addr":140736897083607,"idx":10},{"addr":140736916996940,"idx":11}],128,33558528,18446660011223714080,18446660010821228488,20412,0,,,,,,,,,,,,,,,,,,,,,,,,,,,,,,,,,,,,,,,,,,,,,,,,,,,,,,,,,,,,,,,,,,,,,,,,,,,,,,,,,,,,,,,,,,,,,,,,,,,,,,,,,,,,,,,,,,
"2025-09-02 15:13:22.6555292Z","ETW","Microsoft-Windows-Kernel-File",10,"NameCreateInfo ",19992,20412,"svchost.exe",,,,"C:\ProgramData\Microsoft\Windows\WER\Temp\e0b64def-5cdb-4d49-927b-a207a68bee35",,,,,,,,,,,,[{"addr":140736918205268,"idx":0},{"addr":140736823279700,"idx":1},{"addr":140736823449839,"idx":2},{"addr":140736823711222,"idx":3},{"addr":140736823633170,"idx":4},{"addr":140734019745915,"idx":5},{"addr":140734019690696,"idx":6},{"addr":140734019706334,"idx":7},{"addr":140736917282525,"idx":8},{"addr":140736917350969,"idx":9},{"addr":140736897083607,"idx":10},{"addr":140736916996940,"idx":11}],,,,,,,18446708904729031024,,,,,,,,,,,,,,,,,,,,,,,,,,,,,,,,,,,,,,,,,,,,,,,,,,,,,,,,,,,,,,,,,,,,,,,,,,,,,,,,,,,,,,,,,,,,,,,,,,,,,,,,,,,,,,,,,
"2025-09-02 15:13:22.6562578Z","ETW","Microsoft-Windows-Kernel-Process",5,"ImageLoadInfo ",19992,20412,"svchost.exe",,,,"C:\Windows\System32\policymanager.dll",,,,,,,,,,,,[{"addr":140736918203828,"idx":0},{"addr":140736917192506,"idx":1},{"addr":140736917191278,"idx":2},{"addr":140736917210764,"idx":3},{"addr":140736917201516,"idx":4},{"addr":140736917258922,"idx":5},{"addr":140736916785248,"idx":6},{"addr":140736916784352,"idx":7},{"addr":140736917101952,"idx":8},{"addr":140736872000198,"idx":9},{"addr":140736564313215,"idx":10},{"addr":140736564317195,"idx":11},{"addr":140736564310991,"idx":12},{"addr":140736564312326,"idx":13},{"addr":140736564315077,"idx":14},{"addr":140736823462372,"idx":15},{"addr":140736823295874,"idx":16},{"addr":140736823288719,"idx":17},{"addr":140736823282766,"idx":18},{"addr":140736823711170,"idx":19},{"addr":140736823633223,"idx":20},{"addr":140734019745915,"idx":21},{"addr":140734019690696,"idx":22},{"addr":140734019706334,"idx":23},{"addr":140736917282525,"idx":24},{"addr":140736917350969,"idx":25},{"addr":140736897083607,"idx":26},{"addr":140736916996940,"idx":27}],,,,,,,,,19992,,,,,,,,,,,,,,,,,,,,,,,,,,,,,,,,,,,,2757975175,140736805928960,140736805928960,801211,737280,,,,,,,,,,,,,,,,,,,,,,,,,,,,,,,,,,,,,,,,,,,,,,,,,,,,,,,,,,,,,,,,,,,,,,,
"2025-09-02 15:13:22.6563844Z","ETW","Microsoft-Windows-Kernel-Process",5,"ImageLoadInfo ",19992,20412,"svchost.exe",,,,"C:\Windows\System32\msvcrt.dll",,,,,,,,,,,,[{"addr":140736918203828,"idx":0},{"addr":140736917192506,"idx":1},{"addr":140736917191278,"idx":2},{"addr":140736917190209,"idx":3},{"addr":140736916798526,"idx":4},{"addr":140736916790798,"idx":5},{"addr":140736917191656,"idx":6},{"addr":140736917210764,"idx":7},{"addr":140736917201516,"idx":8},{"addr":140736917258922,"idx":9},{"addr":140736916785248,"idx":10},{"addr":140736916784352,"idx":11},{"addr":140736917101952,"idx":12},{"addr":140736872000198,"idx":13},{"addr":140736564313215,"idx":14},{"addr":140736564317195,"idx":15},{"addr":140736564310991,"idx":16},{"addr":140736564312326,"idx":17},{"addr":140736564315077,"idx":18},{"addr":140736823462372,"idx":19},{"addr":140736823295874,"idx":20},{"addr":140736823288719,"idx":21},{"addr":140736823282766,"idx":22},{"addr":140736823711170,"idx":23},{"addr":140736823633223,"idx":24},{"addr":140734019745915,"idx":25},{"addr":140734019690696,"idx":26},{"addr":140734019706334,"idx":27},{"addr":140736917282525,"idx":28},{"addr":140736917350969,"idx":29},{"addr":140736897083607,"idx":30},{"addr":140736916996940,"idx":31}],,,,,,,,,19992,,,,,,,,,,,,,,,,,,,,,,,,,,,,,,,,,,,,2634004398,140736913342464,140736913342464,729924,692224,,,,,,,,,,,,,,,,,,,,,,,,,,,,,,,,,,,,,,,,,,,,,,,,,,,,,,,,,,,,,,,,,,,,,,,
"2025-09-02 15:13:22.6567320Z","ETW","Microsoft-Windows-Kernel-Process",5,"ImageLoadInfo ",19992,17792,"svchost.exe",,,,"C:\Windows\System32\msvcp110_win.dll",,,,,,,,,,,,[{"addr":140736918203828,"idx":0},{"addr":140736917192506,"idx":1},{"addr":140736917191278,"idx":2},{"addr":140736917210764,"idx":3},{"addr":140736917201516,"idx":4},{"addr":140736917258922,"idx":5},{"addr":140736917255216,"idx":6},{"addr":140736917350945,"idx":7},{"addr":140736897083607,"idx":8},{"addr":140736916996940,"idx":9}],,,,,,,,,19992,,,,,,,,,,,,,,,,,,,,,,,,,,,,,,,,,,,,3464179610,140736793542656,140736793542656,602786,593920,,,,,,,,,,,,,,,,,,,,,,,,,,,,,,,,,,,,,,,,,,,,,,,,,,,,,,,,,,,,,,,,,,,,,,,
"2025-09-02 15:13:22.6574081Z","ETW","Microsoft-Windows-Kernel-Process",6,"ImageUnloadInfo ",19992,20412,"svchost.exe",,,,"C:\Windows\System32\msvcp110_win.dll",,,,,,,,,,,,[{"addr":140736918203892,"idx":0},{"addr":140736917028534,"idx":1},{"addr":140736916779098,"idx":2},{"addr":140736916769422,"idx":3},{"addr":140736916769266,"idx":4},{"addr":140736916768404,"idx":5},{"addr":140736916773680,"idx":6},{"addr":140736872000489,"idx":7},{"addr":140736564313988,"idx":8},{"addr":140736564317195,"idx":9},{"addr":140736564310991,"idx":10},{"addr":140736564312326,"idx":11},{"addr":140736564315077,"idx":12},{"addr":140736823462372,"idx":13},{"addr":140736823295874,"idx":14},{"addr":140736823288719,"idx":15},{"addr":140736823282766,"idx":16},{"addr":140736823711170,"idx":17},{"addr":140736823633223,"idx":18},{"addr":140734019745915,"idx":19},{"addr":140734019690696,"idx":20},{"addr":140734019706334,"idx":21},{"addr":140736917282525,"idx":22},{"addr":140736917350969,"idx":23},{"addr":140736897083607,"idx":24},{"addr":140736916996940,"idx":25}],,,,,,,,,19992,,,,,,,,,,,,,,,,,,,,,,,,,,,,,,,,,,,,3464179610,140736793542656,140736793542656,602786,606208,,,,,,,,,,,,,,,,,,,,,,,,,,,,,,,,,,,,,,,,,,,,,,,,,,,,,,,,,,,,,,,,,,,,,,,
"2025-09-02 15:13:22.6575078Z","ETW","Microsoft-Windows-Kernel-Process",6,"ImageUnloadInfo ",19992,20412,"svchost.exe",,,,"C:\Windows\System32\msvcrt.dll",,,,,,,,,,,,[{"addr":140736918203892,"idx":0},{"addr":140736917028534,"idx":1},{"addr":140736916779098,"idx":2},{"addr":140736916769422,"idx":3},{"addr":140736916769266,"idx":4},{"addr":140736916768404,"idx":5},{"addr":140736916773680,"idx":6},{"addr":140736872000489,"idx":7},{"addr":140736564313988,"idx":8},{"addr":140736564317195,"idx":9},{"addr":140736564310991,"idx":10},{"addr":140736564312326,"idx":11},{"addr":140736564315077,"idx":12},{"addr":140736823462372,"idx":13},{"addr":140736823295874,"idx":14},{"addr":140736823288719,"idx":15},{"addr":140736823282766,"idx":16},{"addr":140736823711170,"idx":17},{"addr":140736823633223,"idx":18},{"addr":140734019745915,"idx":19},{"addr":140734019690696,"idx":20},{"addr":140734019706334,"idx":21},{"addr":140736917282525,"idx":22},{"addr":140736917350969,"idx":23},{"addr":140736897083607,"idx":24},{"addr":140736916996940,"idx":25}],,,,,,,,,19992,,,,,,,,,,,,,,,,,,,,,,,,,,,,,,,,,,,,2634004398,140736913342464,140736913342464,729924,704512,,,,,,,,,,,,,,,,,,,,,,,,,,,,,,,,,,,,,,,,,,,,,,,,,,,,,,,,,,,,,,,,,,,,,,,
"2025-09-02 15:13:22.6575606Z","ETW","Microsoft-Windows-Kernel-Process",6,"ImageUnloadInfo ",19992,20412,"svchost.exe",,,,"C:\Windows\System32\policymanager.dll",,,,,,,,,,,,[{"addr":140736918203892,"idx":0},{"addr":140736917028534,"idx":1},{"addr":140736916779098,"idx":2},{"addr":140736916773567,"idx":3},{"addr":140736872000489,"idx":4},{"addr":140736564313988,"idx":5},{"addr":140736564317195,"idx":6},{"addr":140736564310991,"idx":7},{"addr":140736564312326,"idx":8},{"addr":140736564315077,"idx":9},{"addr":140736823462372,"idx":10},{"addr":140736823295874,"idx":11},{"addr":140736823288719,"idx":12},{"addr":140736823282766,"idx":13},{"addr":140736823711170,"idx":14},{"addr":140736823633223,"idx":15},{"addr":140734019745915,"idx":16},{"addr":140734019690696,"idx":17},{"addr":140734019706334,"idx":18},{"addr":140736917282525,"idx":19},{"addr":140736917350969,"idx":20},{"addr":140736897083607,"idx":21},{"addr":140736916996940,"idx":22}],,,,,,,,,19992,,,,,,,,,,,,,,,,,,,,,,,,,,,,,,,,,,,,2757975175,140736805928960,140736805928960,801211,749568,,,,,,,,,,,,,,,,,,,,,,,,,,,,,,,,,,,,,,,,,,,,,,,,,,,,,,,,,,,,,,,,,,,,,,,
"2025-09-02 15:13:22.6593033Z","ETW","Microsoft-Windows-Kernel-File",30,"CreateNewFileInfo ",19992,20412,"svchost.exe",,,,"C:\ProgramData\Microsoft\Windows\WER\Temp\e8210582-388d-427b-b0ee-50552a548751",,,,,,,,,,,,[{"addr":140736918205268,"idx":0},{"addr":140736823279700,"idx":1},{"addr":140736823449839,"idx":2},{"addr":140736823711222,"idx":3},{"addr":140736823633223,"idx":4},{"addr":140734019745915,"idx":5},{"addr":140734019690696,"idx":6},{"addr":140734019706334,"idx":7},{"addr":140736917282525,"idx":8},{"addr":140736917350969,"idx":9},{"addr":140736897083607,"idx":10},{"addr":140736916996940,"idx":11}],128,33558528,18446660011106688208,18446660011199729912,20412,0,,,,,,,,,,,,,,,,,,,,,,,,,,,,,,,,,,,,,,,,,,,,,,,,,,,,,,,,,,,,,,,,,,,,,,,,,,,,,,,,,,,,,,,,,,,,,,,,,,,,,,,,,,,,,,,,,,
"2025-09-02 15:13:22.6593213Z","ETW","Microsoft-Windows-Kernel-File",10,"NameCreateInfo ",19992,20412,"svchost.exe",,,,"C:\ProgramData\Microsoft\Windows\WER\Temp\e8210582-388d-427b-b0ee-50552a548751",,,,,,,,,,,,[{"addr":140736918205268,"idx":0},{"addr":140736823279700,"idx":1},{"addr":140736823449839,"idx":2},{"addr":140736823711222,"idx":3},{"addr":140736823633223,"idx":4},{"addr":140734019745915,"idx":5},{"addr":140734019690696,"idx":6},{"addr":140734019706334,"idx":7},{"addr":140736917282525,"idx":8},{"addr":140736917350969,"idx":9},{"addr":140736897083607,"idx":10},{"addr":140736916996940,"idx":11}],,,,,,,18446708904486478192,,,,,,,,,,,,,,,,,,,,,,,,,,,,,,,,,,,,,,,,,,,,,,,,,,,,,,,,,,,,,,,,,,,,,,,,,,,,,,,,,,,,,,,,,,,,,,,,,,,,,,,,,,,,,,,,,
"2025-09-02 15:13:22.6605211Z","ETW","Microsoft-Windows-Kernel-Process",5,"ImageLoadInfo ",13192,1244,"WerFault.exe",,,,"C:\Windows\System32\policymanager.dll",,,,,,,,,,,,[{"addr":140736918203828,"idx":0},{"addr":140736917192506,"idx":1},{"addr":140736917191278,"idx":2},{"addr":140736917210764,"idx":3},{"addr":140736917201516,"idx":4},{"addr":140736917258922,"idx":5},{"addr":140736916785248,"idx":6},{"addr":140736916784352,"idx":7},{"addr":140736917101952,"idx":8},{"addr":140736872000198,"idx":9},{"addr":140736564313215,"idx":10},{"addr":140736564317195,"idx":11},{"addr":140736564310991,"idx":12},{"addr":140736564312326,"idx":13},{"addr":140736564315077,"idx":14},{"addr":140736823462372,"idx":15},{"addr":140736823295874,"idx":16},{"addr":140736823288719,"idx":17},{"addr":140736823282766,"idx":18},{"addr":140736823277618,"idx":19},{"addr":140736823277379,"idx":20},{"addr":140736823674377,"idx":21},{"addr":140736823587658,"idx":22},{"addr":140733981343415,"idx":23},{"addr":140733981360014,"idx":24},{"addr":140733981359838,"idx":25},{"addr":140733981332330,"idx":26},{"addr":140702874837458,"idx":27},{"addr":140702874561549,"idx":28},{"addr":140702874566272,"idx":29},{"addr":140702874543067,"idx":30},{"addr":140736897083607,"idx":31},{"addr":140736916996940,"idx":32}],,,,,,,,,13192,,,,,,,,,,,,,,,,,,,,,,,,,,,,,,,,,,,,2757975175,140736805928960,140736805928960,801211,737280,,,,,,,,,,,,,,,,,,,,,,,,,,,,,,,,,,,,,,,,,,,,,,,,,,,,,,,,,,,,,,,,,,,,,,,
"2025-09-02 15:13:22.6608770Z","ETW","Microsoft-Windows-Kernel-Process",5,"ImageLoadInfo ",13192,22064,"WerFault.exe",,,,"C:\Windows\System32\msvcp110_win.dll",,,,,,,,,,,,[{"addr":140736918203828,"idx":0},{"addr":140736917192506,"idx":1},{"addr":140736917191278,"idx":2},{"addr":140736917210764,"idx":3},{"addr":140736917201516,"idx":4},{"addr":140736917258922,"idx":5},{"addr":140736917255216,"idx":6},{"addr":140736917350945,"idx":7},{"addr":140736897083607,"idx":8},{"addr":140736916996940,"idx":9}],,,,,,,,,13192,,,,,,,,,,,,,,,,,,,,,,,,,,,,,,,,,,,,3464179610,140736793542656,140736793542656,602786,593920,,,,,,,,,,,,,,,,,,,,,,,,,,,,,,,,,,,,,,,,,,,,,,,,,,,,,,,,,,,,,,,,,,,,,,,
"2025-09-02 15:13:22.6613834Z","ETW","Microsoft-Windows-Kernel-Process",6,"ImageUnloadInfo ",13192,1244,"WerFault.exe",,,,"C:\Windows\System32\msvcp110_win.dll",,,,,,,,,,,,[{"addr":140736918203892,"idx":0},{"addr":140736917028534,"idx":1},{"addr":140736916779098,"idx":2},{"addr":140736916769422,"idx":3},{"addr":140736916769266,"idx":4},{"addr":140736916768404,"idx":5},{"addr":140736916773680,"idx":6},{"addr":140736872000489,"idx":7},{"addr":140736564313988,"idx":8},{"addr":140736564317195,"idx":9},{"addr":140736564310991,"idx":10},{"addr":140736564312326,"idx":11},{"addr":140736564315077,"idx":12},{"addr":140736823462372,"idx":13},{"addr":140736823295874,"idx":14},{"addr":140736823288719,"idx":15},{"addr":140736823282766,"idx":16},{"addr":140736823277618,"idx":17},{"addr":140736823277379,"idx":18},{"addr":140736823674377,"idx":19},{"addr":140736823587658,"idx":20},{"addr":140733981343415,"idx":21},{"addr":140733981360014,"idx":22},{"addr":140733981359838,"idx":23},{"addr":140733981332330,"idx":24},{"addr":140702874837458,"idx":25},{"addr":140702874561549,"idx":26},{"addr":140702874566272,"idx":27},{"addr":140702874543067,"idx":28},{"addr":140736897083607,"idx":29},{"addr":140736916996940,"idx":30}],,,,,,,,,13192,,,,,,,,,,,,,,,,,,,,,,,,,,,,,,,,,,,,3464179610,140736793542656,140736793542656,602786,606208,,,,,,,,,,,,,,,,,,,,,,,,,,,,,,,,,,,,,,,,,,,,,,,,,,,,,,,,,,,,,,,,,,,,,,,
"2025-09-02 15:13:22.6614325Z","ETW","Microsoft-Windows-Kernel-Process",6,"ImageUnloadInfo ",13192,1244,"WerFault.exe",,,,"C:\Windows\System32\policymanager.dll",,,,,,,,,,,,[{"addr":140736918203892,"idx":0},{"addr":140736917028534,"idx":1},{"addr":140736916779098,"idx":2},{"addr":140736916773567,"idx":3},{"addr":140736872000489,"idx":4},{"addr":140736564313988,"idx":5},{"addr":140736564317195,"idx":6},{"addr":140736564310991,"idx":7},{"addr":140736564312326,"idx":8},{"addr":140736564315077,"idx":9},{"addr":140736823462372,"idx":10},{"addr":140736823295874,"idx":11},{"addr":140736823288719,"idx":12},{"addr":140736823282766,"idx":13},{"addr":140736823277618,"idx":14},{"addr":140736823277379,"idx":15},{"addr":140736823674377,"idx":16},{"addr":140736823587658,"idx":17},{"addr":140733981343415,"idx":18},{"addr":140733981360014,"idx":19},{"addr":140733981359838,"idx":20},{"addr":140733981332330,"idx":21},{"addr":140702874837458,"idx":22},{"addr":140702874561549,"idx":23},{"addr":140702874566272,"idx":24},{"addr":140702874543067,"idx":25},{"addr":140736897083607,"idx":26},{"addr":140736916996940,"idx":27}],,,,,,,,,13192,,,,,,,,,,,,,,,,,,,,,,,,,,,,,,,,,,,,2757975175,140736805928960,140736805928960,801211,749568,,,,,,,,,,,,,,,,,,,,,,,,,,,,,,,,,,,,,,,,,,,,,,,,,,,,,,,,,,,,,,,,,,,,,,,
"2025-09-02 15:13:22.6627297Z","ETW","Microsoft-Windows-Kernel-File",30,"CreateNewFileInfo ",13192,1244,"WerFault.exe",,,,"C:\ProgramData\Microsoft\Windows\WER\ReportArchive\71141584-946e-4027-93e7-bd3aecc2c601",,,,,,,,,,,,[{"addr":140736918205268,"idx":0},{"addr":140736823279700,"idx":1},{"addr":140736823277766,"idx":2},{"addr":140736823277379,"idx":3},{"addr":140736823674377,"idx":4},{"addr":140736823587658,"idx":5},{"addr":140733981343415,"idx":6},{"addr":140733981360014,"idx":7},{"addr":140733981359838,"idx":8},{"addr":140733981332330,"idx":9},{"addr":140702874837458,"idx":10},{"addr":140702874561549,"idx":11},{"addr":140702874566272,"idx":12},{"addr":140702874543067,"idx":13},{"addr":140736897083607,"idx":14},{"addr":140736916996940,"idx":15}],128,33558528,18446660010832966400,18446660011071530520,1244,0,,,,,,,,,,,,,,,,,,,,,,,,,,,,,,,,,,,,,,,,,,,,,,,,,,,,,,,,,,,,,,,,,,,,,,,,,,,,,,,,,,,,,,,,,,,,,,,,,,,,,,,,,,,,,,,,,,
"2025-09-02 15:13:22.6627453Z","ETW","Microsoft-Windows-Kernel-File",10,"NameCreateInfo ",13192,1244,"WerFault.exe",,,,"C:\ProgramData\Microsoft\Windows\WER\ReportArchive\71141584-946e-4027-93e7-bd3aecc2c601",,,,,,,,,,,,[{"addr":140736918205268,"idx":0},{"addr":140736823279700,"idx":1},{"addr":140736823277766,"idx":2},{"addr":140736823277379,"idx":3},{"addr":140736823674377,"idx":4},{"addr":140736823587658,"idx":5},{"addr":140733981343415,"idx":6},{"addr":140733981360014,"idx":7},{"addr":140733981359838,"idx":8},{"addr":140733981332330,"idx":9},{"addr":140702874837458,"idx":10},{"addr":140702874561549,"idx":11},{"addr":140702874566272,"idx":12},{"addr":140702874543067,"idx":13},{"addr":140736897083607,"idx":14},{"addr":140736916996940,"idx":15}],,,,,,,18446708904733524336,,,,,,,,,,,,,,,,,,,,,,,,,,,,,,,,,,,,,,,,,,,,,,,,,,,,,,,,,,,,,,,,,,,,,,,,,,,,,,,,,,,,,,,,,,,,,,,,,,,,,,,,,,,,,,,,,
"2025-09-02 15:13:22.6631475Z","ETW","Microsoft-Windows-Kernel-Process",5,"ImageLoadInfo ",19464,11288,"CalculatorApp.exe",,,,"C:\Windows\System32\UserMgrProxy.dll",,,,,,,,,,,,[{"addr":140736918203828,"idx":0},{"addr":140736917192506,"idx":1},{"addr":140736917191278,"idx":2},{"addr":140736917210764,"idx":3},{"addr":140736917202269,"idx":4},{"addr":140736917259140,"idx":5},{"addr":140736916785248,"idx":6},{"addr":140736916784352,"idx":7},{"addr":140736917101952,"idx":8},{"addr":140736872000198,"idx":9},{"addr":140736909363845,"idx":10},{"addr":140736909362547,"idx":11},{"addr":140736909360794,"idx":12},{"addr":140736909561496,"idx":13},{"addr":140736909365281,"idx":14},{"addr":140736909339322,"idx":15},{"addr":140736909195691,"idx":16},{"addr":140736909191304,"idx":17},{"addr":140736909568050,"idx":18},{"addr":140736909567049,"idx":19},{"addr":140736910229700,"idx":20},{"addr":140736910229167,"idx":21},{"addr":140736910309144,"idx":22},{"addr":140736910309026,"idx":23},{"addr":140736910650132,"idx":24},{"addr":140736909244460,"idx":25},{"addr":140734013983428,"idx":26},{"addr":140734013986257,"idx":27},{"addr":140733908905963,"idx":28},{"addr":140733908899249,"idx":29},{"addr":140733908905837,"idx":30},{"addr":140733908566262,"idx":31},{"addr":140733908563796,"idx":32},{"addr":140733857049145,"idx":33},{"addr":140733857048989,"idx":34},{"addr":140733857635592,"idx":35},{"addr":140733857667670,"idx":36},{"addr":140733857667533,"idx":37},{"addr":140733857706857,"idx":38},{"addr":140736701246791,"idx":39},{"addr":140736701243712,"idx":40},{"addr":140736701242814,"idx":41},{"addr":140736717678445,"idx":42},{"addr":140736717678250,"idx":43},{"addr":140736717677938,"idx":44},{"addr":140736902955098,"idx":45},{"addr":140736897083607,"idx":46},{"addr":140736916996940,"idx":47}],,,,,,,,,19464,,,,,,,,,,,,,,,,,,,,,,,,,,,,,,,,,,,,4160250814,140736722370560,140736722370560,407637,389120,,,,,,,,,,,,,,,,,,,,,,,,,,,,,,,,,,,,,,,,,,,,,,,,,,,,,,,,,,,,,,,,,,,,,,,
"2025-09-02 15:13:22.6632127Z","ETW","Microsoft-Windows-Kernel-Process",5,"ImageLoadInfo ",17396,13804,"calc.exe",,,,"C:\Windows\System32\MrmCoreR.dll",,,,,,,,,,,,[{"addr":140736918203828,"idx":0},{"addr":140736917192506,"idx":1},{"addr":140736917191278,"idx":2},{"addr":140736917210764,"idx":3},{"addr":140736917202269,"idx":4},{"addr":140736917259140,"idx":5},{"addr":140736916785248,"idx":6},{"addr":140736916786774,"idx":7},{"addr":140736917021315,"idx":8},{"addr":140736917023197,"idx":9},{"addr":140736873012562,"idx":10},{"addr":140736873168568,"idx":11},{"addr":140736872061320,"idx":12},{"addr":140736831003533,"idx":13},{"addr":140736832799280,"idx":14},{"addr":140736832799188,"idx":15},{"addr":140736831829519,"idx":16},{"addr":140736831211608,"idx":17},{"addr":140736831224069,"idx":18},{"addr":140736831218549,"idx":19},{"addr":140736832435755,"idx":20},{"addr":140736832434162,"idx":21},{"addr":140736884062167,"idx":22},{"addr":140736884061550,"idx":23},{"addr":140736884211506,"idx":24},{"addr":140736885254058,"idx":25},{"addr":140736833113982,"idx":26},{"addr":140736835926335,"idx":27},{"addr":140736835925825,"idx":28},{"addr":140736835914335,"idx":29},{"addr":140736902955098,"idx":30},{"addr":140736897083607,"idx":31},{"addr":140736916996940,"idx":32}],,,,,,,,,17396,,,,,,,,,,,,,,,,,,,,,,,,,,,,,,,,,,,,3079985832,140736702644224,140736702644224,1208911,1175552,,,,,,,,,,,,,,,,,,,,,,,,,,,,,,,,,,,,,,,,,,,,,,,,,,,,,,,,,,,,,,,,,,,,,,,
"2025-09-02 15:13:22.6632606Z","ETW","Microsoft-Windows-Kernel-Process",5,"ImageLoadInfo ",13192,1244,"WerFault.exe",,,,"C:\Windows\System32\policymanager.dll",,,,,,,,,,,,[{"addr":140736918203828,"idx":0},{"addr":140736917192506,"idx":1},{"addr":140736917191278,"idx":2},{"addr":140736917210764,"idx":3},{"addr":140736917201516,"idx":4},{"addr":140736917258922,"idx":5},{"addr":140736916785248,"idx":6},{"addr":140736916784352,"idx":7},{"addr":140736917101952,"idx":8},{"addr":140736872000198,"idx":9},{"addr":140736564313215,"idx":10},{"addr":140736564317195,"idx":11},{"addr":140736564310991,"idx":12},{"addr":140736564312326,"idx":13},{"addr":140736564315077,"idx":14},{"addr":140736823462372,"idx":15},{"addr":140736823295874,"idx":16},{"addr":140736823288719,"idx":17},{"addr":140736823283182,"idx":18},{"addr":140736823277868,"idx":19},{"addr":140736823277379,"idx":20},{"addr":140736823674377,"idx":21},{"addr":140736823587658,"idx":22},{"addr":140733981343415,"idx":23},{"addr":140733981360014,"idx":24},{"addr":140733981359838,"idx":25},{"addr":140733981332330,"idx":26},{"addr":140702874837458,"idx":27},{"addr":140702874561549,"idx":28},{"addr":140702874566272,"idx":29},{"addr":140702874543067,"idx":30},{"addr":140736897083607,"idx":31},{"addr":140736916996940,"idx":32}],,,,,,,,,13192,,,,,,,,,,,,,,,,,,,,,,,,,,,,,,,,,,,,2757975175,140736805928960,140736805928960,801211,737280,,,,,,,,,,,,,,,,,,,,,,,,,,,,,,,,,,,,,,,,,,,,,,,,,,,,,,,,,,,,,,,,,,,,,,,
"2025-09-02 15:13:22.6637232Z","ETW","Microsoft-Windows-Kernel-Process",5,"ImageLoadInfo ",13192,1244,"WerFault.exe",,,,"C:\Windows\System32\msvcp110_win.dll",,,,,,,,,,,,[{"addr":140736918203828,"idx":0},{"addr":140736917192506,"idx":1},{"addr":140736917191278,"idx":2},{"addr":140736917210764,"idx":3},{"addr":140736917201516,"idx":4},{"addr":140736917258922,"idx":5},{"addr":140736916999751,"idx":6},{"addr":140736916785258,"idx":7},{"addr":140736916784352,"idx":8},{"addr":140736917101952,"idx":9},{"addr":140736872000198,"idx":10},{"addr":140736564313215,"idx":11},{"addr":140736564317195,"idx":12},{"addr":140736564310991,"idx":13},{"addr":140736564312326,"idx":14},{"addr":140736564315077,"idx":15},{"addr":140736823462372,"idx":16},{"addr":140736823295874,"idx":17},{"addr":140736823288719,"idx":18},{"addr":140736823283182,"idx":19},{"addr":140736823277868,"idx":20},{"addr":140736823277379,"idx":21},{"addr":140736823674377,"idx":22},{"addr":140736823587658,"idx":23},{"addr":140733981343415,"idx":24},{"addr":140733981360014,"idx":25},{"addr":140733981359838,"idx":26},{"addr":140733981332330,"idx":27},{"addr":140702874837458,"idx":28},{"addr":140702874561549,"idx":29},{"addr":140702874566272,"idx":30},{"addr":140702874543067,"idx":31},{"addr":140736897083607,"idx":32},{"addr":140736916996940,"idx":33}],,,,,,,,,13192,,,,,,,,,,,,,,,,,,,,,,,,,,,,,,,,,,,,3464179610,140736793542656,140736793542656,602786,593920,,,,,,,,,,,,,,,,,,,,,,,,,,,,,,,,,,,,,,,,,,,,,,,,,,,,,,,,,,,,,,,,,,,,,,,
"2025-09-02 15:13:22.6639704Z","ETW","Microsoft-Windows-Kernel-Process",5,"ImageLoadInfo ",17396,13804,"calc.exe",,,,"C:\Windows\System32\Windows.StateRepositoryClient.dll",,,,,,,,,,,,[{"addr":140736918203828,"idx":0},{"addr":140736917192506,"idx":1},{"addr":140736917191278,"idx":2},{"addr":140736917210764,"idx":3},{"addr":140736917202269,"idx":4},{"addr":140736917259140,"idx":5},{"addr":140736916785248,"idx":6},{"addr":140736916786774,"idx":7},{"addr":140736917021315,"idx":8},{"addr":140736917023197,"idx":9},{"addr":140736873012562,"idx":10},{"addr":140736873178938,"idx":11},{"addr":140736872668820,"idx":12},{"addr":140736702774172,"idx":13},{"addr":140736702769656,"idx":14},{"addr":140736702765539,"idx":15},{"addr":140736702765023,"idx":16},{"addr":140736872061371,"idx":17},{"addr":140736831003533,"idx":18},{"addr":140736832799280,"idx":19},{"addr":140736832799188,"idx":20},{"addr":140736831829519,"idx":21},{"addr":140736831211608,"idx":22},{"addr":140736831224069,"idx":23},{"addr":140736831218549,"idx":24},{"addr":140736832435755,"idx":25},{"addr":140736832434162,"idx":26},{"addr":140736884062167,"idx":27},{"addr":140736884061550,"idx":28},{"addr":140736884211506,"idx":29},{"addr":140736885254058,"idx":30},{"addr":140736833113982,"idx":31},{"addr":140736835926335,"idx":32},{"addr":140736835925825,"idx":33},{"addr":140736835914335,"idx":34},{"addr":140736902955098,"idx":35},{"addr":140736897083607,"idx":36},{"addr":140736916996940,"idx":37}],,,,,,,,,17396,,,,,,,,,,,,,,,,,,,,,,,,,,,,,,,,,,,,3001738537,140736632520704,140736632520704,374661,327680,,,,,,,,,,,,,,,,,,,,,,,,,,,,,,,,,,,,,,,,,,,,,,,,,,,,,,,,,,,,,,,,,,,,,,,
"2025-09-02 15:13:22.6643899Z","ETW","Microsoft-Windows-Kernel-Process",6,"ImageUnloadInfo ",13192,1244,"WerFault.exe",,,,"C:\Windows\System32\msvcp110_win.dll",,,,,,,,,,,,[{"addr":140736918203892,"idx":0},{"addr":140736917028534,"idx":1},{"addr":140736916779098,"idx":2},{"addr":140736916769422,"idx":3},{"addr":140736916769266,"idx":4},{"addr":140736916768404,"idx":5},{"addr":140736916773680,"idx":6},{"addr":140736872000489,"idx":7},{"addr":140736564313988,"idx":8},{"addr":140736564317195,"idx":9},{"addr":140736564310991,"idx":10},{"addr":140736564312326,"idx":11},{"addr":140736564315077,"idx":12},{"addr":140736823462372,"idx":13},{"addr":140736823295874,"idx":14},{"addr":140736823288719,"idx":15},{"addr":140736823283182,"idx":16},{"addr":140736823277868,"idx":17},{"addr":140736823277379,"idx":18},{"addr":140736823674377,"idx":19},{"addr":140736823587658,"idx":20},{"addr":140733981343415,"idx":21},{"addr":140733981360014,"idx":22},{"addr":140733981359838,"idx":23},{"addr":140733981332330,"idx":24},{"addr":140702874837458,"idx":25},{"addr":140702874561549,"idx":26},{"addr":140702874566272,"idx":27},{"addr":140702874543067,"idx":28},{"addr":140736897083607,"idx":29},{"addr":140736916996940,"idx":30}],,,,,,,,,13192,,,,,,,,,,,,,,,,,,,,,,,,,,,,,,,,,,,,3464179610,140736793542656,140736793542656,602786,606208,,,,,,,,,,,,,,,,,,,,,,,,,,,,,,,,,,,,,,,,,,,,,,,,,,,,,,,,,,,,,,,,,,,,,,,
"2025-09-02 15:13:22.6644810Z","ETW","Microsoft-Windows-Kernel-Process",6,"ImageUnloadInfo ",13192,1244,"WerFault.exe",,,,"C:\Windows\System32\policymanager.dll",,,,,,,,,,,,[{"addr":140736918203892,"idx":0},{"addr":140736917028534,"idx":1},{"addr":140736916779098,"idx":2},{"addr":140736916773567,"idx":3},{"addr":140736872000489,"idx":4},{"addr":140736564313988,"idx":5},{"addr":140736564317195,"idx":6},{"addr":140736564310991,"idx":7},{"addr":140736564312326,"idx":8},{"addr":140736564315077,"idx":9},{"addr":140736823462372,"idx":10},{"addr":140736823295874,"idx":11},{"addr":140736823288719,"idx":12},{"addr":140736823283182,"idx":13},{"addr":140736823277868,"idx":14},{"addr":140736823277379,"idx":15},{"addr":140736823674377,"idx":16},{"addr":140736823587658,"idx":17},{"addr":140733981343415,"idx":18},{"addr":140733981360014,"idx":19},{"addr":140733981359838,"idx":20},{"addr":140733981332330,"idx":21},{"addr":140702874837458,"idx":22},{"addr":140702874561549,"idx":23},{"addr":140702874566272,"idx":24},{"addr":140702874543067,"idx":25},{"addr":140736897083607,"idx":26},{"addr":140736916996940,"idx":27}],,,,,,,,,13192,,,,,,,,,,,,,,,,,,,,,,,,,,,,,,,,,,,,2757975175,140736805928960,140736805928960,801211,749568,,,,,,,,,,,,,,,,,,,,,,,,,,,,,,,,,,,,,,,,,,,,,,,,,,,,,,,,,,,,,,,,,,,,,,,
"2025-09-02 15:13:22.6652015Z","ETW","Microsoft-Windows-Kernel-Process",5,"ImageLoadInfo ",19464,11288,"CalculatorApp.exe",,,,"C:\Windows\System32\directmanipulation.dll",,,,,,,,,,,,[{"addr":140736918203828,"idx":0},{"addr":140736917192506,"idx":1},{"addr":140736917191278,"idx":2},{"addr":140736917210764,"idx":3},{"addr":140736917202269,"idx":4},{"addr":140736917259140,"idx":5},{"addr":140736916785248,"idx":6},{"addr":140736916784352,"idx":7},{"addr":140736917101952,"idx":8},{"addr":140736872000198,"idx":9},{"addr":140736909363845,"idx":10},{"addr":140736909362547,"idx":11},{"addr":140736909360794,"idx":12},{"addr":140736909561496,"idx":13},{"addr":140736909365281,"idx":14},{"addr":140736909356853,"idx":15},{"addr":140736910270317,"idx":16},{"addr":140736909359719,"idx":17},{"addr":140736909871367,"idx":18},{"addr":140736910338829,"idx":19},{"addr":140736910332465,"idx":20},{"addr":140736910348734,"idx":21},{"addr":140736910270317,"idx":22},{"addr":140736909350430,"idx":23},{"addr":140736910270317,"idx":24},{"addr":140736909553458,"idx":25},{"addr":140736909548907,"idx":26},{"addr":140736909576880,"idx":27},{"addr":140736679985579,"idx":28},{"addr":140736675727598,"idx":29},{"addr":140736675726347,"idx":30},{"addr":140736679701401,"idx":31},{"addr":140736679700628,"idx":32},{"addr":140736675626782,"idx":33},{"addr":140736679658534,"idx":34},{"addr":140736813613757,"idx":35},{"addr":140736813610267,"idx":36},{"addr":140736813940562,"idx":37},{"addr":140736813625204,"idx":38},{"addr":140736813624077,"idx":39},{"addr":140736813683309,"idx":40},{"addr":140736813684989,"idx":41},{"addr":140736813684120,"idx":42},{"addr":140736813678539,"idx":43},{"addr":140736914162134,"idx":44},{"addr":140736914160220,"idx":45},{"addr":140736914362035,"idx":46},{"addr":140736918218964,"idx":47},{"addr":140736876122820,"idx":48},{"addr":140736914122143,"idx":49},{"addr":140736914122024,"idx":50},{"addr":140736701244542,"idx":51},{"addr":140736701243712,"idx":52},{"addr":140736701242814,"idx":53},{"addr":140736717678445,"idx":54},{"addr":140736717678250,"idx":55},{"addr":140736717677938,"idx":56},{"addr":140736902955098,"idx":57},{"addr":140736897083607,"idx":58},{"addr":140736916996940,"idx":59}],,,,,,,,,19464,,,,,,,,,,,,,,,,,,,,,,,,,,,,,,,,,,,,3958715020,140736659914752,140736659914752,707005,667648,,,,,,,,,,,,,,,,,,,,,,,,,,,,,,,,,,,,,,,,,,,,,,,,,,,,,,,,,,,,,,,,,,,,,,,
"2025-09-02 15:13:22.6656651Z","ETW","Microsoft-Windows-Kernel-Process",5,"ImageLoadInfo ",17396,13804,"calc.exe",,,,"C:\Windows\System32\BCP47mrm.dll",,,,,,,,,,,,[{"addr":140736918203828,"idx":0},{"addr":140736917192506,"idx":1},{"addr":140736917191278,"idx":2},{"addr":140736917210764,"idx":3},{"addr":140736917201516,"idx":4},{"addr":140736917258922,"idx":5},{"addr":140736916785248,"idx":6},{"addr":140736916786774,"idx":7},{"addr":140736917021315,"idx":8},{"addr":140736917023197,"idx":9},{"addr":140736703051298,"idx":10},{"addr":140736703131541,"idx":11},{"addr":140736702745302,"idx":12},{"addr":140736702748575,"idx":13},{"addr":140736702771859,"idx":14},{"addr":140736702765971,"idx":15},{"addr":140736702765023,"idx":16},{"addr":140736872061371,"idx":17},{"addr":140736831003533,"idx":18},{"addr":140736832799280,"idx":19},{"addr":140736832799188,"idx":20},{"addr":140736831829519,"idx":21},{"addr":140736831211608,"idx":22},{"addr":140736831224069,"idx":23},{"addr":140736831218549,"idx":24},{"addr":140736832435755,"idx":25},{"addr":140736832434162,"idx":26},{"addr":140736884062167,"idx":27},{"addr":140736884061550,"idx":28},{"addr":140736884211506,"idx":29},{"addr":140736885254058,"idx":30},{"addr":140736833113982,"idx":31},{"addr":140736835926335,"idx":32},{"addr":140736835925825,"idx":33},{"addr":140736835914335,"idx":34},{"addr":140736902955098,"idx":35},{"addr":140736897083607,"idx":36},{"addr":140736916996940,"idx":37}],,,,,,,,,17396,,,,,,,,,,,,,,,,,,,,,,,,,,,,,,,,,,,,4048268187,140736704151552,140736704151552,233481,212992,,,,,,,,,,,,,,,,,,,,,,,,,,,,,,,,,,,,,,,,,,,,,,,,,,,,,,,,,,,,,,,,,,,,,,,
"2025-09-02 15:13:22.6656767Z","ETW","Microsoft-Windows-Kernel-File",30,"CreateNewFileInfo ",13192,1244,"WerFault.exe",,,,"C:\ProgramData\Microsoft\Windows\WER\ReportQueue\8da2a02a-b1a3-44ad-9890-1bd25f102d0a",,,,,,,,,,,,[{"addr":140736918205268,"idx":0},{"addr":140736823279700,"idx":1},{"addr":140736823278002,"idx":2},{"addr":140736823277379,"idx":3},{"addr":140736823674377,"idx":4},{"addr":140736823587658,"idx":5},{"addr":140733981343415,"idx":6},{"addr":140733981360014,"idx":7},{"addr":140733981359838,"idx":8},{"addr":140733981332330,"idx":9},{"addr":140702874837458,"idx":10},{"addr":140702874561549,"idx":11},{"addr":140702874566272,"idx":12},{"addr":140702874543067,"idx":13},{"addr":140736897083607,"idx":14},{"addr":140736916996940,"idx":15}],128,33558528,18446660011223735280,18446660010821228488,1244,0,,,,,,,,,,,,,,,,,,,,,,,,,,,,,,,,,,,,,,,,,,,,,,,,,,,,,,,,,,,,,,,,,,,,,,,,,,,,,,,,,,,,,,,,,,,,,,,,,,,,,,,,,,,,,,,,,,
"2025-09-02 15:13:22.6656944Z","ETW","Microsoft-Windows-Kernel-File",10,"NameCreateInfo ",13192,1244,"WerFault.exe",,,,"C:\ProgramData\Microsoft\Windows\WER\ReportQueue\8da2a02a-b1a3-44ad-9890-1bd25f102d0a",,,,,,,,,,,,[{"addr":140736918205268,"idx":0},{"addr":140736823279700,"idx":1},{"addr":140736823278002,"idx":2},{"addr":140736823277379,"idx":3},{"addr":140736823674377,"idx":4},{"addr":140736823587658,"idx":5},{"addr":140733981343415,"idx":6},{"addr":140733981360014,"idx":7},{"addr":140733981359838,"idx":8},{"addr":140733981332330,"idx":9},{"addr":140702874837458,"idx":10},{"addr":140702874561549,"idx":11},{"addr":140702874566272,"idx":12},{"addr":140702874543067,"idx":13},{"addr":140736897083607,"idx":14},{"addr":140736916996940,"idx":15}],,,,,,,18446708904729031024,,,,,,,,,,,,,,,,,,,,,,,,,,,,,,,,,,,,,,,,,,,,,,,,,,,,,,,,,,,,,,,,,,,,,,,,,,,,,,,,,,,,,,,,,,,,,,,,,,,,,,,,,,,,,,,,,
"2025-09-02 15:13:22.6656952Z","ETW","Microsoft-Windows-Kernel-Process",3,"ThreadStartStart ",19464,11288,"CalculatorApp.exe",,,,,,,,,,,,,,,,[{"addr":140736918208964,"idx":0},{"addr":140736872776761,"idx":1},{"addr":140736897102141,"idx":2},{"addr":140736660253420,"idx":3},{"addr":140736659934220,"idx":4},{"addr":140736660250364,"idx":5},{"addr":140736681212320,"idx":6},{"addr":140736675731499,"idx":7},{"addr":140736675727622,"idx":8},{"addr":140736675726347,"idx":9},{"addr":140736679701401,"idx":10},{"addr":140736679700628,"idx":11},{"addr":140736675626782,"idx":12},{"addr":140736679658534,"idx":13},{"addr":140736813613757,"idx":14},{"addr":140736813610267,"idx":15},{"addr":140736813940562,"idx":16},{"addr":140736813625204,"idx":17},{"addr":140736813624077,"idx":18},{"addr":140736813683309,"idx":19},{"addr":140736813684989,"idx":20},{"addr":140736813684120,"idx":21},{"addr":140736813678539,"idx":22},{"addr":140736914162134,"idx":23},{"addr":140736914160220,"idx":24},{"addr":140736914362035,"idx":25},{"addr":140736918218964,"idx":26},{"addr":140736876122820,"idx":27},{"addr":140736914122143,"idx":28},{"addr":140736914122024,"idx":29},{"addr":140736701244542,"idx":30},{"addr":140736701243712,"idx":31},{"addr":140736701242814,"idx":32},{"addr":140736717678445,"idx":33},{"addr":140736717678250,"idx":34},{"addr":140736717677938,"idx":35},{"addr":140736902955098,"idx":36},{"addr":140736897083607,"idx":37},{"addr":140736916996940,"idx":38}],,,,,,,,,19464,18446639081576988672,18446639081576964096,140736660282816,0,926182518784,12760,926200889344,926200885248,140736660282816,,,,,,,,,,,,,,,,,,,,,,,,,,,,,,,,,,,,,,,,,,,,,,,,,,,,,,,,,,,,,,,,,,,,,,,,,,,,,,,,,,,,,,,,,,,,,,,,,,,,,,
"2025-09-02 15:13:22.6661445Z","ETW","Microsoft-Windows-Kernel-Process",3,"ThreadStartStart ",19464,22092,"CalculatorApp.exe",,,,,,,,,,,,,,,,[{"addr":140736918214756,"idx":0},{"addr":140736917257428,"idx":1},{"addr":140736917254706,"idx":2},{"addr":140736917350945,"idx":3},{"addr":140736897083607,"idx":4},{"addr":140736916996940,"idx":5}],,,,,,,,,19464,18446639081576787968,18446639081576763392,140736917348896,0,926182526976,7612,926201937920,926201933824,140736917348896,,,,,,,,,,,,,,,,,,,,,,,,,,,,,,,,,,,,,,,,,,,,,,,,,,,,,,,,,,,,,,,,,,,,,,,,,,,,,,,,,,,,,,,,,,,,,,,,,,,,,,
"2025-09-02 15:13:22.6663753Z","ETW","Microsoft-Windows-Kernel-Process",5,"ImageLoadInfo ",13192,1244,"WerFault.exe",,,,"C:\Windows\System32\policymanager.dll",,,,,,,,,,,,[{"addr":140736918203828,"idx":0},{"addr":140736917192506,"idx":1},{"addr":140736917191278,"idx":2},{"addr":140736917210764,"idx":3},{"addr":140736917201516,"idx":4},{"addr":140736917258922,"idx":5},{"addr":140736916785248,"idx":6},{"addr":140736916784352,"idx":7},{"addr":140736917101952,"idx":8},{"addr":140736872000198,"idx":9},{"addr":140736564313215,"idx":10},{"addr":140736564317195,"idx":11},{"addr":140736564310991,"idx":12},{"addr":140736564312326,"idx":13},{"addr":140736564315077,"idx":14},{"addr":140736823462372,"idx":15},{"addr":140736823295874,"idx":16},{"addr":140736823487430,"idx":17},{"addr":140736823767621,"idx":18},{"addr":140736823728444,"idx":19},{"addr":140736823446495,"idx":20},{"addr":140736823458709,"idx":21},{"addr":140736823674498,"idx":22},{"addr":140736823587658,"idx":23},{"addr":140733981343415,"idx":24},{"addr":140733981360014,"idx":25},{"addr":140733981359838,"idx":26},{"addr":140733981332330,"idx":27},{"addr":140702874837458,"idx":28},{"addr":140702874561549,"idx":29},{"addr":140702874566272,"idx":30},{"addr":140702874543067,"idx":31},{"addr":140736897083607,"idx":32},{"addr":140736916996940,"idx":33}],,,,,,,,,13192,,,,,,,,,,,,,,,,,,,,,,,,,,,,,,,,,,,,2757975175,140736805928960,140736805928960,801211,737280,,,,,,,,,,,,,,,,,,,,,,,,,,,,,,,,,,,,,,,,,,,,,,,,,,,,,,,,,,,,,,,,,,,,,,,
"2025-09-02 15:13:22.6666696Z","ETW","Microsoft-Windows-Kernel-Process",5,"ImageLoadInfo ",13192,1244,"WerFault.exe",,,,"C:\Windows\System32\msvcp110_win.dll",,,,,,,,,,,,[{"addr":140736918203828,"idx":0},{"addr":140736917192506,"idx":1},{"addr":140736917191278,"idx":2},{"addr":140736917210764,"idx":3},{"addr":140736917201516,"idx":4},{"addr":140736917258922,"idx":5},{"addr":140736916999751,"idx":6},{"addr":140736916785258,"idx":7},{"addr":140736916784352,"idx":8},{"addr":140736917101952,"idx":9},{"addr":140736872000198,"idx":10},{"addr":140736564313215,"idx":11},{"addr":140736564317195,"idx":12},{"addr":140736564310991,"idx":13},{"addr":140736564312326,"idx":14},{"addr":140736564315077,"idx":15},{"addr":140736823462372,"idx":16},{"addr":140736823295874,"idx":17},{"addr":140736823487430,"idx":18},{"addr":140736823767621,"idx":19},{"addr":140736823728444,"idx":20},{"addr":140736823446495,"idx":21},{"addr":140736823458709,"idx":22},{"addr":140736823674498,"idx":23},{"addr":140736823587658,"idx":24},{"addr":140733981343415,"idx":25},{"addr":140733981360014,"idx":26},{"addr":140733981359838,"idx":27},{"addr":140733981332330,"idx":28},{"addr":140702874837458,"idx":29},{"addr":140702874561549,"idx":30},{"addr":140702874566272,"idx":31},{"addr":140702874543067,"idx":32},{"addr":140736897083607,"idx":33},{"addr":140736916996940,"idx":34}],,,,,,,,,13192,,,,,,,,,,,,,,,,,,,,,,,,,,,,,,,,,,,,3464179610,140736793542656,140736793542656,602786,593920,,,,,,,,,,,,,,,,,,,,,,,,,,,,,,,,,,,,,,,,,,,,,,,,,,,,,,,,,,,,,,,,,,,,,,,
"2025-09-02 15:13:22.6667089Z","ETW","Microsoft-Windows-Kernel-Process",5,"ImageLoadInfo ",17396,13804,"calc.exe",,,,"C:\Windows\System32\Windows.UI.dll",,,,,,,,,,,,[{"addr":140736918203828,"idx":0},{"addr":140736917192506,"idx":1},{"addr":140736917191278,"idx":2},{"addr":140736917210764,"idx":3},{"addr":140736917202269,"idx":4},{"addr":140736917259140,"idx":5},{"addr":140736916785248,"idx":6},{"addr":140736916784352,"idx":7},{"addr":140736917101952,"idx":8},{"addr":140736872000198,"idx":9},{"addr":140736909363845,"idx":10},{"addr":140736909362547,"idx":11},{"addr":140736909531736,"idx":12},{"addr":140736909524833,"idx":13},{"addr":140736909523551,"idx":14},{"addr":140736702951600,"idx":15},{"addr":140736702951388,"idx":16},{"addr":140736702748575,"idx":17},{"addr":140736702771859,"idx":18},{"addr":140736702765971,"idx":19},{"addr":140736702765023,"idx":20},{"addr":140736872061371,"idx":21},{"addr":140736831003533,"idx":22},{"addr":140736832799280,"idx":23},{"addr":140736832799188,"idx":24},{"addr":140736831829519,"idx":25},{"addr":140736831211608,"idx":26},{"addr":140736831224069,"idx":27},{"addr":140736831218549,"idx":28},{"addr":140736832435755,"idx":29},{"addr":140736832434162,"idx":30},{"addr":140736884062167,"idx":31},{"addr":140736884061550,"idx":32},{"addr":140736884211506,"idx":33},{"addr":140736885254058,"idx":34},{"addr":140736833113982,"idx":35},{"addr":140736835926335,"idx":36},{"addr":140736835925825,"idx":37},{"addr":140736835914335,"idx":38},{"addr":140736902955098,"idx":39},{"addr":140736897083607,"idx":40},{"addr":140736916996940,"idx":41}],,,,,,,,,17396,,,,,,,,,,,,,,,,,,,,,,,,,,,,,,,,,,,,2192056598,140736701202432,140736701202432,1455945,1409024,,,,,,,,,,,,,,,,,,,,,,,,,,,,,,,,,,,,,,,,,,,,,,,,,,,,,,,,,,,,,,,,,,,,,,,
"2025-09-02 15:13:22.6670233Z","ETW","Microsoft-Windows-Kernel-Process",5,"ImageLoadInfo ",19464,11288,"CalculatorApp.exe",,,,"C:\Windows\System32\threadpoolwinrt.dll",,,,,,,,,,,,[{"addr":140736918203828,"idx":0},{"addr":140736917192506,"idx":1},{"addr":140736917191278,"idx":2},{"addr":140736917210764,"idx":3},{"addr":140736917202269,"idx":4},{"addr":140736917259140,"idx":5},{"addr":140736916785248,"idx":6},{"addr":140736916784352,"idx":7},{"addr":140736917101952,"idx":8},{"addr":140736872000198,"idx":9},{"addr":140736909363845,"idx":10},{"addr":140736909362547,"idx":11},{"addr":140736909531736,"idx":12},{"addr":140736909524833,"idx":13},{"addr":140736909523551,"idx":14},{"addr":140736680209225,"idx":15},{"addr":140736680209030,"idx":16},{"addr":140736916975221,"idx":17},{"addr":140736872573249,"idx":18},{"addr":140736675724326,"idx":19},{"addr":140736675722325,"idx":20},{"addr":140736676338866,"idx":21},{"addr":140736675726409,"idx":22},{"addr":140736679701401,"idx":23},{"addr":140736679700628,"idx":24},{"addr":140736675626782,"idx":25},{"addr":140736679658534,"idx":26},{"addr":140736813613757,"idx":27},{"addr":140736813610267,"idx":28},{"addr":140736813940562,"idx":29},{"addr":140736813625204,"idx":30},{"addr":140736813624077,"idx":31},{"addr":140736813683309,"idx":32},{"addr":140736813684989,"idx":33},{"addr":140736813684120,"idx":34},{"addr":140736813678539,"idx":35},{"addr":140736914162134,"idx":36},{"addr":140736914160220,"idx":37},{"addr":140736914362035,"idx":38},{"addr":140736918218964,"idx":39},{"addr":140736876122820,"idx":40},{"addr":140736914122143,"idx":41},{"addr":140736914122024,"idx":42},{"addr":140736701244542,"idx":43},{"addr":140736701243712,"idx":44},{"addr":140736701242814,"idx":45},{"addr":140736717678445,"idx":46},{"addr":140736717678250,"idx":47},{"addr":140736717677938,"idx":48},{"addr":140736902955098,"idx":49},{"addr":140736897083607,"idx":50},{"addr":140736916996940,"idx":51}],,,,,,,,,19464,,,,,,,,,,,,,,,,,,,,,,,,,,,,,,,,,,,,2299561022,140736526090240,140736526090240,130107,90112,,,,,,,,,,,,,,,,,,,,,,,,,,,,,,,,,,,,,,,,,,,,,,,,,,,,,,,,,,,,,,,,,,,,,,,
"2025-09-02 15:13:22.6671357Z","ETW","Microsoft-Windows-Kernel-Process",6,"ImageUnloadInfo ",13192,1244,"WerFault.exe",,,,"C:\Windows\System32\msvcp110_win.dll",,,,,,,,,,,,[{"addr":140736918203892,"idx":0},{"addr":140736917028534,"idx":1},{"addr":140736916779098,"idx":2},{"addr":140736916769422,"idx":3},{"addr":140736916769266,"idx":4},{"addr":140736916768404,"idx":5},{"addr":140736916773680,"idx":6},{"addr":140736872000489,"idx":7},{"addr":140736564313988,"idx":8},{"addr":140736564317195,"idx":9},{"addr":140736564310991,"idx":10},{"addr":140736564312326,"idx":11},{"addr":140736564315077,"idx":12},{"addr":140736823462372,"idx":13},{"addr":140736823295874,"idx":14},{"addr":140736823487430,"idx":15},{"addr":140736823767621,"idx":16},{"addr":140736823728444,"idx":17},{"addr":140736823446495,"idx":18},{"addr":140736823458709,"idx":19},{"addr":140736823674498,"idx":20},{"addr":140736823587658,"idx":21},{"addr":140733981343415,"idx":22},{"addr":140733981360014,"idx":23},{"addr":140733981359838,"idx":24},{"addr":140733981332330,"idx":25},{"addr":140702874837458,"idx":26},{"addr":140702874561549,"idx":27},{"addr":140702874566272,"idx":28},{"addr":140702874543067,"idx":29},{"addr":140736897083607,"idx":30},{"addr":140736916996940,"idx":31}],,,,,,,,,13192,,,,,,,,,,,,,,,,,,,,,,,,,,,,,,,,,,,,3464179610,140736793542656,140736793542656,602786,606208,,,,,,,,,,,,,,,,,,,,,,,,,,,,,,,,,,,,,,,,,,,,,,,,,,,,,,,,,,,,,,,,,,,,,,,
"2025-09-02 15:13:22.6671817Z","ETW","Microsoft-Windows-Kernel-Process",6,"ImageUnloadInfo ",13192,1244,"WerFault.exe",,,,"C:\Windows\System32\policymanager.dll",,,,,,,,,,,,[{"addr":140736918203892,"idx":0},{"addr":140736917028534,"idx":1},{"addr":140736916779098,"idx":2},{"addr":140736916773567,"idx":3},{"addr":140736872000489,"idx":4},{"addr":140736564313988,"idx":5},{"addr":140736564317195,"idx":6},{"addr":140736564310991,"idx":7},{"addr":140736564312326,"idx":8},{"addr":140736564315077,"idx":9},{"addr":140736823462372,"idx":10},{"addr":140736823295874,"idx":11},{"addr":140736823487430,"idx":12},{"addr":140736823767621,"idx":13},{"addr":140736823728444,"idx":14},{"addr":140736823446495,"idx":15},{"addr":140736823458709,"idx":16},{"addr":140736823674498,"idx":17},{"addr":140736823587658,"idx":18},{"addr":140733981343415,"idx":19},{"addr":140733981360014,"idx":20},{"addr":140733981359838,"idx":21},{"addr":140733981332330,"idx":22},{"addr":140702874837458,"idx":23},{"addr":140702874561549,"idx":24},{"addr":140702874566272,"idx":25},{"addr":140702874543067,"idx":26},{"addr":140736897083607,"idx":27},{"addr":140736916996940,"idx":28}],,,,,,,,,13192,,,,,,,,,,,,,,,,,,,,,,,,,,,,,,,,,,,,2757975175,140736805928960,140736805928960,801211,749568,,,,,,,,,,,,,,,,,,,,,,,,,,,,,,,,,,,,,,,,,,,,,,,,,,,,,,,,,,,,,,,,,,,,,,,
"2025-09-02 15:13:22.6672805Z","ETW","Microsoft-Windows-Kernel-Process",3,"ThreadStartStart ",19464,11288,"CalculatorApp.exe",,,,,,,,,,,,,,,,[{"addr":140736918214756,"idx":0},{"addr":140736917348769,"idx":1},{"addr":140736526113564,"idx":2},{"addr":140736526106360,"idx":3},{"addr":140736526108274,"idx":4},{"addr":140736526102679,"idx":5},{"addr":140736675724375,"idx":6},{"addr":140736675722325,"idx":7},{"addr":140736676338866,"idx":8},{"addr":140736675726409,"idx":9},{"addr":140736679701401,"idx":10},{"addr":140736679700628,"idx":11},{"addr":140736675626782,"idx":12},{"addr":140736679658534,"idx":13},{"addr":140736813613757,"idx":14},{"addr":140736813610267,"idx":15},{"addr":140736813940562,"idx":16},{"addr":140736813625204,"idx":17},{"addr":140736813624077,"idx":18},{"addr":140736813683309,"idx":19},{"addr":140736813684989,"idx":20},{"addr":140736813684120,"idx":21},{"addr":140736813678539,"idx":22},{"addr":140736914162134,"idx":23},{"addr":140736914160220,"idx":24},{"addr":140736914362035,"idx":25},{"addr":140736918218964,"idx":26},{"addr":140736876122820,"idx":27},{"addr":140736914122143,"idx":28},{"addr":140736914122024,"idx":29},{"addr":140736701244542,"idx":30},{"addr":140736701243712,"idx":31},{"addr":140736701242814,"idx":32},{"addr":140736717678445,"idx":33},{"addr":140736717678250,"idx":34},{"addr":140736717677938,"idx":35},{"addr":140736902955098,"idx":36},{"addr":140736897083607,"idx":37},{"addr":140736916996940,"idx":38}],,,,,,,,,19464,18446639081576587264,18446639081576562688,140736917348896,0,926182535168,20560,926202986496,926202982400,140736917348896,,,,,,,,,,,,,,,,,,,,,,,,,,,,,,,,,,,,,,,,,,,,,,,,,,,,,,,,,,,,,,,,,,,,,,,,,,,,,,,,,,,,,,,,,,,,,,,,,,,,,,
"2025-09-02 15:13:22.6677950Z","ETW","Microsoft-Windows-Kernel-Process",4,"ThreadStopStop ",17396,13804,"calc.exe",,,,,,,,,,,,,,,,[],,,,,,,,135824920,17396,18446639081573343232,18446639081573318656,140736902954752,0,909323882496,13804,909327728640,909327695872,140736902954752,,,,,,,,,,,,,,,,,,,,,,,,,,,,,,,,,,,,,,,,,,,,,,,,,,,,,,,,,,,,,,,,,,,,,,,,,,,,,,,,,,,,,,,,,,,,,,,,,,,,,,
"2025-09-02 15:13:22.6679527Z","ETW","Microsoft-Windows-Kernel-Process",4,"ThreadStopStop ",17396,8356,"calc.exe",,,,,,,,,,,,,,,,[],,,,,,,,706040,17396,18446639081573945344,18446639081573920768,140736917348896,0,909323907072,8356,909329301504,909329293312,140736917348896,,,,,,,,,,,,,,,,,,,,,,,,,,,,,,,,,,,,,,,,,,,,,,,,,,,,,,,,,,,,,,,,,,,,,,,,,,,,,,,,,,,,,,,,,,,,,,,,,,,,,,
"2025-09-02 15:13:22.6680358Z","ETW","Microsoft-Windows-Kernel-Process",5,"ImageLoadInfo ",19464,11288,"CalculatorApp.exe",,,,"C:\Windows\System32\WindowsCodecs.dll",,,,,,,,,,,,[{"addr":140736918203828,"idx":0},{"addr":140736917192506,"idx":1},{"addr":140736917191278,"idx":2},{"addr":140736917210764,"idx":3},{"addr":140736917202269,"idx":4},{"addr":140736917259140,"idx":5},{"addr":140736916785248,"idx":6},{"addr":140736916784352,"idx":7},{"addr":140736917101952,"idx":8},{"addr":140736872000198,"idx":9},{"addr":140736909363845,"idx":10},{"addr":140736909362547,"idx":11},{"addr":140736909360794,"idx":12},{"addr":140736909561496,"idx":13},{"addr":140736909365281,"idx":14},{"addr":140736909356853,"idx":15},{"addr":140736910270317,"idx":16},{"addr":140736909359719,"idx":17},{"addr":140736909871367,"idx":18},{"addr":140736910338829,"idx":19},{"addr":140736910332465,"idx":20},{"addr":140736910348734,"idx":21},{"addr":140736910270317,"idx":22},{"addr":140736909350430,"idx":23},{"addr":140736910270317,"idx":24},{"addr":140736909553458,"idx":25},{"addr":140736909548907,"idx":26},{"addr":140736909576880,"idx":27},{"addr":140736680349513,"idx":28},{"addr":140736680349404,"idx":29},{"addr":140736916975221,"idx":30},{"addr":140736872573249,"idx":31},{"addr":140736680358651,"idx":32},{"addr":140736680358432,"idx":33},{"addr":140736676995252,"idx":34},{"addr":140736676980688,"idx":35},{"addr":140736680196097,"idx":36},{"addr":140736675299443,"idx":37},{"addr":140736675298114,"idx":38},{"addr":140736677047113,"idx":39},{"addr":140736679274831,"idx":40},{"addr":140736676321216,"idx":41},{"addr":140736676578121,"idx":42},{"addr":140736676576981,"idx":43},{"addr":140736680308818,"idx":44},{"addr":140736675125605,"idx":45},{"addr":140736679422389,"idx":46},{"addr":140736677075497,"idx":47},{"addr":140736675125605,"idx":48},{"addr":140736676579617,"idx":49},{"addr":140736676576981,"idx":50},{"addr":140736675125605,"idx":51},{"addr":140736679422389,"idx":52},{"addr":140736677075497,"idx":53},{"addr":140736675125605,"idx":54},{"addr":140736676579617,"idx":55},{"addr":140736676576981,"idx":56},{"addr":140736675125605,"idx":57},{"addr":140736679422389,"idx":58},{"addr":140736677075497,"idx":59},{"addr":140736675125605,"idx":60},{"addr":140736676579617,"idx":61},{"addr":140736676576981,"idx":62},{"addr":140736675125605,"idx":63},{"addr":140736679422389,"idx":64},{"addr":140736677075497,"idx":65},{"addr":140736675125605,"idx":66},{"addr":140736676579617,"idx":67},{"addr":140736676576981,"idx":68},{"addr":140736675125605,"idx":69},{"addr":140736679422389,"idx":70},{"addr":140736677075497,"idx":71},{"addr":140736675125605,"idx":72},{"addr":140736676579617,"idx":73},{"addr":140736676576981,"idx":74},{"addr":140736677927654,"idx":75},{"addr":140736677926434,"idx":76},{"addr":140736675125997,"idx":77},{"addr":140736679422389,"idx":78},{"addr":140736677075497,"idx":79},{"addr":140736675125605,"idx":80},{"addr":140736676579617,"idx":81},{"addr":140736676576981,"idx":82},{"addr":140736675125605,"idx":83},{"addr":140736679422389,"idx":84},{"addr":140736677075497,"idx":85},{"addr":140736675125605,"idx":86},{"addr":140736676579617,"idx":87},{"addr":140736676576981,"idx":88},{"addr":140736677927654,"idx":89},{"addr":140736677926434,"idx":90},{"addr":140736675125997,"idx":91},{"addr":140736679422389,"idx":92},{"addr":140736674854207,"idx":93},{"addr":140736675673744,"idx":94},{"addr":140736675422536,"idx":95},{"addr":140736676574100,"idx":96},{"addr":140736681909998,"idx":97},{"addr":140736676584053,"idx":98},{"addr":140736674979003,"idx":99},{"addr":140736674981096,"idx":100},{"addr":140736675961511,"idx":101},{"addr":140736675961037,"idx":102},{"addr":140736679705768,"idx":103},{"addr":140736681910509,"idx":104},{"addr":140736676584053,"idx":105},{"addr":140736674979003,"idx":106},{"addr":140736675018951,"idx":107},{"addr":140736681910598,"idx":108},{"addr":140736676584053,"idx":109},{"addr":140736674979003,"idx":110},{"addr":140736674975774,"idx":111},{"addr":140736678668275,"idx":112},{"addr":140736679705768,"idx":113},{"addr":140736681910509,"idx":114},{"addr":140736676584053,"idx":115},{"addr":140736674979003,"idx":116},{"addr":140736674975774,"idx":117},{"addr":140736680276127,"idx":118},{"addr":140736679705768,"idx":119},{"addr":140736681910509,"idx":120},{"addr":140736676584053,"idx":121},{"addr":140736674979003,"idx":122},{"addr":140736680920444,"idx":123},{"addr":140736681910598,"idx":124},{"addr":140736676584053,"idx":125},{"addr":140736674979003,"idx":126},{"addr":140736676592352,"idx":127},{"addr":140736676339278,"idx":128},{"addr":140736675726409,"idx":129},{"addr":140736679701401,"idx":130},{"addr":140736679700628,"idx":131},{"addr":140736675626782,"idx":132},{"addr":140736679658534,"idx":133},{"addr":140736813613757,"idx":134},{"addr":140736813610267,"idx":135},{"addr":140736813940562,"idx":136},{"addr":140736813625204,"idx":137},{"addr":140736813624077,"idx":138},{"addr":140736813683309,"idx":139},{"addr":140736813684989,"idx":140},{"addr":140736813684120,"idx":141},{"addr":140736813678539,"idx":142},{"addr":140736914162134,"idx":143},{"addr":140736914160220,"idx":144},{"addr":140736914362035,"idx":145},{"addr":140736918218964,"idx":146},{"addr":140736876122820,"idx":147},{"addr":140736914122143,"idx":148},{"addr":140736914122024,"idx":149},{"addr":140736701244542,"idx":150},{"addr":140736701243712,"idx":151},{"addr":140736701242814,"idx":152},{"addr":140736717678445,"idx":153},{"addr":140736717678250,"idx":154},{"addr":140736717677938,"idx":155},{"addr":140736902955098,"idx":156},{"addr":140736897083607,"idx":157},{"addr":140736916996940,"idx":158}],,,,,,,,,19464,,,,,,,,,,,,,,,,,,,,,,,,,,,,,,,,,,,,449385420,140736791117824,140736791117824,2408944,2355200,,,,,,,,,,,,,,,,,,,,,,,,,,,,,,,,,,,,,,,,,,,,,,,,,,,,,,,,,,,,,,,,,,,,,,,
"2025-09-02 15:13:22.6682591Z","ETW","Microsoft-Windows-Kernel-Process",4,"ThreadStopStop ",17396,17796,"calc.exe",,,,,,,,,,,,,,,,[],,,,,,,,2162580,17396,18446639081573228544,18446639081573203968,140736917348896,0,909323866112,17796,909326680064,909326671872,140736917348896,,,,,,,,,,,,,,,,,,,,,,,,,,,,,,,,,,,,,,,,,,,,,,,,,,,,,,,,,,,,,,,,,,,,,,,,,,,,,,,,,,,,,,,,,,,,,,,,,,,,,,
"2025-09-02 15:13:22.6683147Z","ETW","Microsoft-Windows-Kernel-Process",4,"ThreadStopStop ",17396,22160,"calc.exe",,,,,,,,,,,,,,,,[],,,,,,,,225340,17396,18446639081573888000,18446639081573863424,140736917348896,0,909323898880,22160,909328777216,909328769024,140736917348896,,,,,,,,,,,,,,,,,,,,,,,,,,,,,,,,,,,,,,,,,,,,,,,,,,,,,,,,,,,,,,,,,,,,,,,,,,,,,,,,,,,,,,,,,,,,,,,,,,,,,,
"2025-09-02 15:13:22.6683343Z","ETW","Microsoft-Windows-Kernel-Process",4,"ThreadStopStop ",17396,4632,"calc.exe",,,,,,,,,,,,,,,,[],,,,,,,,183160,17396,18446639081573859328,18446639081573834752,140736910320112,0,909323890688,4632,909328252928,909328244736,140736910320112,,,,,,,,,,,,,,,,,,,,,,,,,,,,,,,,,,,,,,,,,,,,,,,,,,,,,,,,,,,,,,,,,,,,,,,,,,,,,,,,,,,,,,,,,,,,,,,,,,,,,,
"2025-09-02 15:13:22.6683578Z","ETW","Microsoft-Windows-Kernel-Process",4,"ThreadStopStop ",17396,19800,"calc.exe",,,,,,,,,,,,,,,,[],,,,,,,,5636540,17396,18446639081573257216,18446639081573232640,140736917348896,0,909323874304,19800,909327204352,909327192064,140736917348896,,,,,,,,,,,,,,,,,,,,,,,,,,,,,,,,,,,,,,,,,,,,,,,,,,,,,,,,,,,,,,,,,,,,,,,,,,,,,,,,,,,,,,,,,,,,,,,,,,,,,,
"2025-09-02 15:13:22.6683727Z","ETW","Microsoft-Windows-Kernel-Process",4,"ThreadStopStop ",17396,2356,"calc.exe",,,,,,,,,,,,,,,,[],,,,,,,,1628680,17396,18446639081573052416,18446639081573027840,140736917348896,0,909323857920,2356,909326155776,909326147584,140736917348896,,,,,,,,,,,,,,,,,,,,,,,,,,,,,,,,,,,,,,,,,,,,,,,,,,,,,,,,,,,,,,,,,,,,,,,,,,,,,,,,,,,,,,,,,,,,,,,,,,,,,,
"2025-09-02 15:13:22.6686685Z","ETW","Microsoft-Windows-Kernel-File",30,"CreateNewFileInfo ",13192,1244,"WerFault.exe",,,,"C:\ProgramData\Microsoft\Windows\WER\Temp\WER.5fd9ad19-37ae-433b-b83e-5698df188fff.tmp.dmp",,,,,,,,,,,,[{"addr":140736918205268,"idx":0},{"addr":140736872716567,"idx":1},{"addr":140736872407957,"idx":2},{"addr":140736823276724,"idx":3},{"addr":140736823768020,"idx":4},{"addr":140736823728444,"idx":5},{"addr":140736823446495,"idx":6},{"addr":140736823458709,"idx":7},{"addr":140736823674498,"idx":8},{"addr":140736823587658,"idx":9},{"addr":140733981343415,"idx":10},{"addr":140733981360014,"idx":11},{"addr":140733981359838,"idx":12},{"addr":140733981332330,"idx":13},{"addr":140702874837458,"idx":14},{"addr":140702874561549,"idx":15},{"addr":140702874566272,"idx":16},{"addr":140702874543067,"idx":17},{"addr":140736897083607,"idx":18},{"addr":140736916996940,"idx":19}],128,33554528,18446660011223744080,18446660010821228488,1244,1,,,,,,,,,,,,,,,,,,,,,,,,,,,,,,,,,,,,,,,,,,,,,,,,,,,,,,,,,,,,,,,,,,,,,,,,,,,,,,,,,,,,,,,,,,,,,,,,,,,,,,,,,,,,,,,,,,
"2025-09-02 15:13:22.6686818Z","ETW","Microsoft-Windows-Kernel-File",10,"NameCreateInfo ",13192,1244,"WerFault.exe",,,,"C:\ProgramData\Microsoft\Windows\WER\Temp\WER.5fd9ad19-37ae-433b-b83e-5698df188fff.tmp.dmp",,,,,,,,,,,,[{"addr":140736918205268,"idx":0},{"addr":140736872716567,"idx":1},{"addr":140736872407957,"idx":2},{"addr":140736823276724,"idx":3},{"addr":140736823768020,"idx":4},{"addr":140736823728444,"idx":5},{"addr":140736823446495,"idx":6},{"addr":140736823458709,"idx":7},{"addr":140736823674498,"idx":8},{"addr":140736823587658,"idx":9},{"addr":140733981343415,"idx":10},{"addr":140733981360014,"idx":11},{"addr":140733981359838,"idx":12},{"addr":140733981332330,"idx":13},{"addr":140702874837458,"idx":14},{"addr":140702874561549,"idx":15},{"addr":140702874566272,"idx":16},{"addr":140702874543067,"idx":17},{"addr":140736897083607,"idx":18},{"addr":140736916996940,"idx":19}],,,,,,,18446708904486478192,,,,,,,,,,,,,,,,,,,,,,,,,,,,,,,,,,,,,,,,,,,,,,,,,,,,,,,,,,,,,,,,,,,,,,,,,,,,,,,,,,,,,,,,,,,,,,,,,,,,,,,,,,,,,,,,,
"2025-09-02 15:13:22.6691631Z","ETW","Microsoft-Windows-Kernel-Process",4,"ThreadStopStop ",17396,15804,"calc.exe",,,,,,,,,,,,,,,,[],,,,,,,,38018620,17396,18446639081572450304,18446639081572425728,140695105640256,0,909323849728,15804,909325631488,909325611008,140695105640256,,,,,,,,,,,,,,,,,,,,,,,,,,,,,,,,,,,,,,,,,,,,,,,,,,,,,,,,,,,,,,,,,,,,,,,,,,,,,,,,,,,,,,,,,,,,,,,,,,,,,,
"2025-09-02 15:13:22.6703930Z","ETW","Microsoft-Windows-Kernel-Process",6,"ImageUnloadInfo ",17396,15804,"calc.exe",,,,"C:\Windows\System32\calc.exe",,,,,,,,,,,,[],,,,,,,,,17396,,,,,,,,,,,,,,,,,,,,,,,,,,,,,,,,,,,,4001445627,140695105634304,140695105634304,90741,49152,,,,,,,,,,,,,,,,,,,,,,,,,,,,,,,,,,,,,,,,,,,,,,,,,,,,,,,,,,,,,,,,,,,,,,,
"2025-09-02 15:13:22.6704042Z","ETW","Microsoft-Windows-Kernel-Process",6,"ImageUnloadInfo ",17396,15804,"calc.exe",,,,"C:\Windows\System32\ieframe.dll",,,,,,,,,,,,[],,,,,,,,,17396,,,,,,,,,,,,,,,,,,,,,,,,,,,,,,,,,,,,3932914612,140735450382336,140735450382336,7519225,7524352,,,,,,,,,,,,,,,,,,,,,,,,,,,,,,,,,,,,,,,,,,,,,,,,,,,,,,,,,,,,,,,,,,,,,,,
"2025-09-02 15:13:22.6704126Z","ETW","Microsoft-Windows-Kernel-Process",6,"ImageUnloadInfo ",17396,15804,"calc.exe",,,,"C:\Windows\System32\mlang.dll",,,,,,,,,,,,[],,,,,,,,,17396,,,,,,,,,,,,,,,,,,,,,,,,,,,,,,,,,,,,4128125090,140736298876928,140736298876928,291318,278528,,,,,,,,,,,,,,,,,,,,,,,,,,,,,,,,,,,,,,,,,,,,,,,,,,,,,,,,,,,,,,,,,,,,,,,
"2025-09-02 15:13:22.6704164Z","ETW","Microsoft-Windows-Kernel-Process",6,"ImageUnloadInfo ",17396,15804,"calc.exe",,,,"C:\Windows\WinSxS\amd64_microsoft.windows.common-controls_6595b64144ccf1df_6.0.26100.4768_none_3e0c112ce331287c\comctl32.dll",,,,,,,,,,,,[],,,,,,,,,17396,,,,,,,,,,,,,,,,,,,,,,,,,,,,,,,,,,,,688105963,140736430997504,140736430997504,2751895,2727936,,,,,,,,,,,,,,,,,,,,,,,,,,,,,,,,,,,,,,,,,,,,,,,,,,,,,,,,,,,,,,,,,,,,,,,
"2025-09-02 15:13:22.6704271Z","ETW","Microsoft-Windows-Kernel-Process",6,"ImageUnloadInfo ",17396,15804,"calc.exe",,,,"C:\Windows\System32\twinui.appcore.dll",,,,,,,,,,,,[],,,,,,,,,17396,,,,,,,,,,,,,,,,,,,,,,,,,,,,,,,,,,,,2422152613,140736467763200,140736467763200,852894,835584,,,,,,,,,,,,,,,,,,,,,,,,,,,,,,,,,,,,,,,,,,,,,,,,,,,,,,,,,,,,,,,,,,,,,,,
"2025-09-02 15:13:22.6704432Z","ETW","Microsoft-Windows-Kernel-Process",6,"ImageUnloadInfo ",17396,15804,"calc.exe",,,,"C:\Windows\System32\edputil.dll",,,,,,,,,,,,[],,,,,,,,,17396,,,,,,,,,,,,,,,,,,,,,,,,,,,,,,,,,,,,1763604982,140736565084160,140736565084160,193567,167936,,,,,,,,,,,,,,,,,,,,,,,,,,,,,,,,,,,,,,,,,,,,,,,,,,,,,,,,,,,,,,,,,,,,,,,
"2025-09-02 15:13:22.6704525Z","ETW","Microsoft-Windows-Kernel-Process",6,"ImageUnloadInfo ",17396,15804,"calc.exe",,,,"C:\Windows\System32\Windows.System.Launcher.dll",,,,,,,,,,,,[],,,,,,,,,17396,,,,,,,,,,,,,,,,,,,,,,,,,,,,,,,,,,,,1243891064,140736566591488,140736566591488,1618084,1576960,,,,,,,,,,,,,,,,,,,,,,,,,,,,,,,,,,,,,,,,,,,,,,,,,,,,,,,,,,,,,,,,,,,,,,,
"2025-09-02 15:13:22.6704603Z","ETW","Microsoft-Windows-Kernel-Process",6,"ImageUnloadInfo ",17396,15804,"calc.exe",,,,"C:\Windows\System32\Windows.StateRepositoryClient.dll",,,,,,,,,,,,[],,,,,,,,,17396,,,,,,,,,,,,,,,,,,,,,,,,,,,,,,,,,,,,3001738537,140736632520704,140736632520704,374661,327680,,,,,,,,,,,,,,,,,,,,,,,,,,,,,,,,,,,,,,,,,,,,,,,,,,,,,,,,,,,,,,,,,,,,,,,
"2025-09-02 15:13:22.6704673Z","ETW","Microsoft-Windows-Kernel-Process",6,"ImageUnloadInfo ",17396,15804,"calc.exe",,,,"C:\Windows\System32\Windows.StateRepositoryCore.dll",,,,,,,,,,,,[],,,,,,,,,17396,,,,,,,,,,,,,,,,,,,,,,,,,,,,,,,,,,,,3847844510,140736632913920,140736632913920,174488,106496,,,,,,,,,,,,,,,,,,,,,,,,,,,,,,,,,,,,,,,,,,,,,,,,,,,,,,,,,,,,,,,,,,,,,,,
"2025-09-02 15:13:22.6704739Z","ETW","Microsoft-Windows-Kernel-Process",6,"ImageUnloadInfo ",17396,15804,"calc.exe",,,,"C:\Windows\System32\Windows.UI.dll",,,,,,,,,,,,[],,,,,,,,,17396,,,,,,,,,,,,,,,,,,,,,,,,,,,,,,,,,,,,2192056598,140736701202432,140736701202432,1455945,1409024,,,,,,,,,,,,,,,,,,,,,,,,,,,,,,,,,,,,,,,,,,,,,,,,,,,,,,,,,,,,,,,,,,,,,,,
"2025-09-02 15:13:22.6704800Z","ETW","Microsoft-Windows-Kernel-Process",6,"ImageUnloadInfo ",17396,15804,"calc.exe",,,,"C:\Windows\System32\MrmCoreR.dll",,,,,,,,,,,,[],,,,,,,,,17396,,,,,,,,,,,,,,,,,,,,,,,,,,,,,,,,,,,,3079985832,140736702644224,140736702644224,1208911,1175552,,,,,,,,,,,,,,,,,,,,,,,,,,,,,,,,,,,,,,,,,,,,,,,,,,,,,,,,,,,,,,,,,,,,,,,
"2025-09-02 15:13:22.6704861Z","ETW","Microsoft-Windows-Kernel-Process",6,"ImageUnloadInfo ",17396,15804,"calc.exe",,,,"C:\Windows\System32\BCP47mrm.dll",,,,,,,,,,,,[],,,,,,,,,17396,,,,,,,,,,,,,,,,,,,,,,,,,,,,,,,,,,,,4048268187,140736704151552,140736704151552,233481,212992,,,,,,,,,,,,,,,,,,,,,,,,,,,,,,,,,,,,,,,,,,,,,,,,,,,,,,,,,,,,,,,,,,,,,,,
"2025-09-02 15:13:22.6704972Z","ETW","Microsoft-Windows-Kernel-Process",6,"ImageUnloadInfo ",17396,15804,"calc.exe",,,,"C:\Windows\System32\wininet.dll",,,,,,,,,,,,[],,,,,,,,,17396,,,,,,,,,,,,,,,,,,,,,,,,,,,,,,,,,,,,302585447,140736707100672,140736707100672,2716732,2658304,,,,,,,,,,,,,,,,,,,,,,,,,,,,,,,,,,,,,,,,,,,,,,,,,,,,,,,,,,,,,,,,,,,,,,,
"2025-09-02 15:13:22.6705058Z","ETW","Microsoft-Windows-Kernel-Process",6,"ImageUnloadInfo ",17396,15804,"calc.exe",,,,"C:\Windows\System32\OneCoreUAPCommonProxyStub.dll",,,,,,,,,,,,[],,,,,,,,,17396,,,,,,,,,,,,,,,,,,,,,,,,,,,,,,,,,,,,1635141586,140736710443008,140736710443008,6653254,6569984,,,,,,,,,,,,,,,,,,,,,,,,,,,,,,,,,,,,,,,,,,,,,,,,,,,,,,,,,,,,,,,,,,,,,,,
"2025-09-02 15:13:22.6705146Z","ETW","Microsoft-Windows-Kernel-Process",6,"ImageUnloadInfo ",17396,15804,"calc.exe",,,,"C:\Windows\System32\AppXDeploymentClient.dll",,,,,,,,,,,,[],,,,,,,,,17396,,,,,,,,,,,,,,,,,,,,,,,,,,,,,,,,,,,,2766280966,140736722894848,140736722894848,1518226,1503232,,,,,,,,,,,,,,,,,,,,,,,,,,,,,,,,,,,,,,,,,,,,,,,,,,,,,,,,,,,,,,,,,,,,,,,
"2025-09-02 15:13:22.6705219Z","ETW","Microsoft-Windows-Kernel-Process",6,"ImageUnloadInfo ",17396,15804,"calc.exe",,,,"C:\Windows\System32\srvcli.dll",,,,,,,,,,,,[],,,,,,,,,17396,,,,,,,,,,,,,,,,,,,,,,,,,,,,,,,,,,,,239922031,140736732135424,140736732135424,181029,167936,,,,,,,,,,,,,,,,,,,,,,,,,,,,,,,,,,,,,,,,,,,,,,,,,,,,,,,,,,,,,,,,,,,,,,,
"2025-09-02 15:13:22.6705280Z","ETW","Microsoft-Windows-Kernel-Process",6,"ImageUnloadInfo ",17396,15804,"calc.exe",,,,"C:\Windows\System32\iertutil.dll",,,,,,,,,,,,[],,,,,,,,,17396,,,,,,,,,,,,,,,,,,,,,,,,,,,,,,,,,,,,4273941920,140736732528640,140736732528640,2989039,2924544,,,,,,,,,,,,,,,,,,,,,,,,,,,,,,,,,,,,,,,,,,,,,,,,,,,,,,,,,,,,,,,,,,,,,,,
"2025-09-02 15:13:22.6705341Z","ETW","Microsoft-Windows-Kernel-Process",6,"ImageUnloadInfo ",17396,15804,"calc.exe",,,,"C:\Windows\System32\urlmon.dll",,,,,,,,,,,,[],,,,,,,,,17396,,,,,,,,,,,,,,,,,,,,,,,,,,,,,,,,,,,,4167353037,140736735477760,140736735477760,1997412,1986560,,,,,,,,,,,,,,,,,,,,,,,,,,,,,,,,,,,,,,,,,,,,,,,,,,,,,,,,,,,,,,,,,,,,,,,
"2025-09-02 15:13:22.6705428Z","ETW","Microsoft-Windows-Kernel-Process",6,"ImageUnloadInfo ",17396,15804,"calc.exe",,,,"C:\Windows\System32\propsys.dll",,,,,,,,,,,,[],,,,,,,,,17396,,,,,,,,,,,,,,,,,,,,,,,,,,,,,,,,,,,,3411663920,140736783384576,140736783384576,1157670,1101824,,,,,,,,,,,,,,,,,,,,,,,,,,,,,,,,,,,,,,,,,,,,,,,,,,,,,,,,,,,,,,,,,,,,,,,
"2025-09-02 15:13:22.6705497Z","ETW","Microsoft-Windows-Kernel-Process",6,"ImageUnloadInfo ",17396,15804,"calc.exe",,,,"C:\Windows\System32\secur32.dll",,,,,,,,,,,,[],,,,,,,,,17396,,,,,,,,,,,,,,,,,,,,,,,,,,,,,,,,,,,,632019051,140736818577408,140736818577408,112844,53248,,,,,,,,,,,,,,,,,,,,,,,,,,,,,,,,,,,,,,,,,,,,,,,,,,,,,,,,,,,,,,,,,,,,,,,
"2025-09-02 15:13:22.6705601Z","ETW","Microsoft-Windows-Kernel-Process",6,"ImageUnloadInfo ",17396,15804,"calc.exe",,,,"C:\Windows\System32\uxtheme.dll",,,,,,,,,,,,[],,,,,,,,,17396,,,,,,,,,,,,,,,,,,,,,,,,,,,,,,,,,,,,1095616687,140736820019200,140736820019200,769574,716800,,,,,,,,,,,,,,,,,,,,,,,,,,,,,,,,,,,,,,,,,,,,,,,,,,,,,,,,,,,,,,,,,,,,,,,
"2025-09-02 15:13:22.6705681Z","ETW","Microsoft-Windows-Kernel-Process",6,"ImageUnloadInfo ",17396,15804,"calc.exe",,,,"C:\Windows\System32\windows.storage.dll",,,,,,,,,,,,[],,,,,,,,,17396,,,,,,,,,,,,,,,,,,,,,,,,,,,,,,,,,,,,156427775,140736830046208,140736830046208,8870321,8781824,,,,,,,,,,,,,,,,,,,,,,,,,,,,,,,,,,,,,,,,,,,,,,,,,,,,,,,,,,,,,,,,,,,,,,,
"2025-09-02 15:13:22.6705750Z","ETW","Microsoft-Windows-Kernel-Process",6,"ImageUnloadInfo ",17396,15804,"calc.exe",,,,"C:\Windows\System32\netutils.dll",,,,,,,,,,,,[],,,,,,,,,17396,,,,,,,,,,,,,,,,,,,,,,,,,,,,,,,,,,,,865845000,140736841973760,140736841973760,80696,53248,,,,,,,,,,,,,,,,,,,,,,,,,,,,,,,,,,,,,,,,,,,,,,,,,,,,,,,,,,,,,,,,,,,,,,,
"2025-09-02 15:13:22.6705827Z","ETW","Microsoft-Windows-Kernel-Process",6,"ImageUnloadInfo ",17396,15804,"calc.exe",,,,"C:\Windows\System32\kernel.appcore.dll",,,,,,,,,,,,[],,,,,,,,,17396,,,,,,,,,,,,,,,,,,,,,,,,,,,,,,,,,,,,4117383687,140736848265216,140736848265216,158572,110592,,,,,,,,,,,,,,,,,,,,,,,,,,,,,,,,,,,,,,,,,,,,,,,,,,,,,,,,,,,,,,,,,,,,,,,
"2025-09-02 15:13:22.6705898Z","ETW","Microsoft-Windows-Kernel-Process",6,"ImageUnloadInfo ",17396,15804,"calc.exe",,,,"C:\Windows\System32\sspicli.dll",,,,,,,,,,,,[],,,,,,,,,17396,,,,,,,,,,,,,,,,,,,,,,,,,,,,,,,,,,,,100434550,140736851083264,140736851083264,322206,299008,,,,,,,,,,,,,,,,,,,,,,,,,,,,,,,,,,,,,,,,,,,,,,,,,,,,,,,,,,,,,,,,,,,,,,,
"2025-09-02 15:13:22.6705966Z","ETW","Microsoft-Windows-Kernel-Process",6,"ImageUnloadInfo ",17396,15804,"calc.exe",,,,"C:\Windows\System32\profapi.dll",,,,,,,,,,,,[],,,,,,,,,17396,,,,,,,,,,,,,,,,,,,,,,,,,,,,,,,,,,,,2107422311,140736866746368,140736866746368,182967,167936,,,,,,,,,,,,,,,,,,,,,,,,,,,,,,,,,,,,,,,,,,,,,,,,,,,,,,,,,,,,,,,,,,,,,,,
"2025-09-02 15:13:22.6706041Z","ETW","Microsoft-Windows-Kernel-Process",6,"ImageUnloadInfo ",17396,15804,"calc.exe",,,,"C:\Windows\System32\bcryptprimitives.dll",,,,,,,,,,,,[],,,,,,,,,17396,,,,,,,,,,,,,,,,,,,,,,,,,,,,,,,,,,,,3318233078,140736867663872,140736867663872,705120,626688,,,,,,,,,,,,,,,,,,,,,,,,,,,,,,,,,,,,,,,,,,,,,,,,,,,,,,,,,,,,,,,,,,,,,,,
"2025-09-02 15:13:22.6706151Z","ETW","Microsoft-Windows-Kernel-Process",6,"ImageUnloadInfo ",17396,15804,"calc.exe",,,,"C:\Windows\System32\msvcp_win.dll",,,,,,,,,,,,[],,,,,,,,,17396,,,,,,,,,,,,,,,,,,,,,,,,,,,,,,,,,,,,2240469762,140736868319232,140736868319232,703256,667648,,,,,,,,,,,,,,,,,,,,,,,,,,,,,,,,,,,,,,,,,,,,,,,,,,,,,,,,,,,,,,,,,,,,,,,
"2025-09-02 15:13:22.6706230Z","ETW","Microsoft-Windows-Kernel-Process",6,"ImageUnloadInfo ",17396,15804,"calc.exe",,,,"C:\Windows\System32\gdi32full.dll",,,,,,,,,,,,[],,,,,,,,,17396,,,,,,,,,,,,,,,,,,,,,,,,,,,,,,,,,,,,4226913238,140736869040128,140736869040128,1298614,1277952,,,,,,,,,,,,,,,,,,,,,,,,,,,,,,,,,,,,,,,,,,,,,,,,,,,,,,,,,,,,,,,,,,,,,,,
"2025-09-02 15:13:22.6706297Z","ETW","Microsoft-Windows-Kernel-Process",6,"ImageUnloadInfo ",17396,15804,"calc.exe",,,,"C:\Windows\System32\WinTypes.dll",,,,,,,,,,,,[],,,,,,,,,17396,,,,,,,,,,,,,,,,,,,,,,,,,,,,,,,,,,,,3655579039,140736870350848,140736870350848,1545528,1519616,,,,,,,,,,,,,,,,,,,,,,,,,,,,,,,,,,,,,,,,,,,,,,,,,,,,,,,,,,,,,,,,,,,,,,,
"2025-09-02 15:13:22.6706364Z","ETW","Microsoft-Windows-Kernel-Process",6,"ImageUnloadInfo ",17396,15804,"calc.exe",,,,"C:\Windows\System32\KernelBase.dll",,,,,,,,,,,,[],,,,,,,,,17396,,,,,,,,,,,,,,,,,,,,,,,,,,,,,,,,,,,,1916522255,140736871923712,140736871923712,4150506,4128768,,,,,,,,,,,,,,,,,,,,,,,,,,,,,,,,,,,,,,,,,,,,,,,,,,,,,,,,,,,,,,,,,,,,,,,
"2025-09-02 15:13:22.6706432Z","ETW","Microsoft-Windows-Kernel-Process",6,"ImageUnloadInfo ",17396,15804,"calc.exe",,,,"C:\Windows\System32\win32u.dll",,,,,,,,,,,,[],,,,,,,,,17396,,,,,,,,,,,,,,,,,,,,,,,,,,,,,,,,,,,,4080079730,140736876118016,140736876118016,179667,159744,,,,,,,,,,,,,,,,,,,,,,,,,,,,,,,,,,,,,,,,,,,,,,,,,,,,,,,,,,,,,,,,,,,,,,,
"2025-09-02 15:13:22.6706490Z","ETW","Microsoft-Windows-Kernel-Process",6,"ImageUnloadInfo ",17396,15804,"calc.exe",,,,"C:\Windows\System32\ucrtbase.dll",,,,,,,,,,,,[],,,,,,,,,17396,,,,,,,,,,,,,,,,,,,,,,,,,,,,,,,,,,,,3686092271,140736876314624,140736876314624,1418583,1355776,,,,,,,,,,,,,,,,,,,,,,,,,,,,,,,,,,,,,,,,,,,,,,,,,,,,,,,,,,,,,,,,,,,,,,,
"2025-09-02 15:13:22.6706560Z","ETW","Microsoft-Windows-Kernel-Process",6,"ImageUnloadInfo ",17396,15804,"calc.exe",,,,"C:\Windows\System32\sechost.dll",,,,,,,,,,,,[],,,,,,,,,17396,,,,,,,,,,,,,,,,,,,,,,,,,,,,,,,,,,,,918957807,140736881033216,140736881033216,733904,679936,,,,,,,,,,,,,,,,,,,,,,,,,,,,,,,,,,,,,,,,,,,,,,,,,,,,,,,,,,,,,,,,,,,,,,,
"2025-09-02 15:13:22.6706623Z","ETW","Microsoft-Windows-Kernel-Process",6,"ImageUnloadInfo ",17396,15804,"calc.exe",,,,"C:\Windows\System32\rpcrt4.dll",,,,,,,,,,,,[],,,,,,,,,17396,,,,,,,,,,,,,,,,,,,,,,,,,,,,,,,,,,,,755903142,140736881754112,140736881754112,1201440,1146880,,,,,,,,,,,,,,,,,,,,,,,,,,,,,,,,,,,,,,,,,,,,,,,,,,,,,,,,,,,,,,,,,,,,,,,
"2025-09-02 15:13:22.6706690Z","ETW","Microsoft-Windows-Kernel-Process",6,"ImageUnloadInfo ",17396,15804,"calc.exe",,,,"C:\Windows\System32\shell32.dll",,,,,,,,,,,,[],,,,,,,,,17396,,,,,,,,,,,,,,,,,,,,,,,,,,,,,,,,,,,,951285368,140736882933760,140736882933760,7762708,7655424,,,,,,,,,,,,,,,,,,,,,,,,,,,,,,,,,,,,,,,,,,,,,,,,,,,,,,,,,,,,,,,,,,,,,,,
"2025-09-02 15:13:22.6706794Z","ETW","Microsoft-Windows-Kernel-Process",6,"ImageUnloadInfo ",17396,15804,"calc.exe",,,,"C:\Windows\System32\shlwapi.dll",,,,,,,,,,,,[],,,,,,,,,17396,,,,,,,,,,,,,,,,,,,,,,,,,,,,,,,,,,,,17834217,140736890601472,140736890601472,465141,434176,,,,,,,,,,,,,,,,,,,,,,,,,,,,,,,,,,,,,,,,,,,,,,,,,,,,,,,,,,,,,,,,,,,,,,,
"2025-09-02 15:13:22.6706860Z","ETW","Microsoft-Windows-Kernel-Process",6,"ImageUnloadInfo ",17396,15804,"calc.exe",,,,"C:\Windows\System32\clbcatq.dll",,,,,,,,,,,,[],,,,,,,,,17396,,,,,,,,,,,,,,,,,,,,,,,,,,,,,,,,,,,,1600192633,140736892108800,140736892108800,700133,688128,,,,,,,,,,,,,,,,,,,,,,,,,,,,,,,,,,,,,,,,,,,,,,,,,,,,,,,,,,,,,,,,,,,,,,,
"2025-09-02 15:13:22.6707009Z","ETW","Microsoft-Windows-Kernel-Process",6,"ImageUnloadInfo ",17396,15804,"calc.exe",,,,"C:\Windows\System32\oleaut32.dll",,,,,,,,,,,,[],,,,,,,,,17396,,,,,,,,,,,,,,,,,,,,,,,,,,,,,,,,,,,,2785821912,140736894861312,140736894861312,927709,917504,,,,,,,,,,,,,,,,,,,,,,,,,,,,,,,,,,,,,,,,,,,,,,,,,,,,,,,,,,,,,,,,,,,,,,,
"2025-09-02 15:13:22.6707085Z","ETW","Microsoft-Windows-Kernel-Process",6,"ImageUnloadInfo ",17396,15804,"calc.exe",,,,"C:\Windows\System32\advapi32.dll",,,,,,,,,,,,[],,,,,,,,,17396,,,,,,,,,,,,,,,,,,,,,,,,,,,,,,,,,,,,2886261828,140736895844352,140736895844352,804270,737280,,,,,,,,,,,,,,,,,,,,,,,,,,,,,,,,,,,,,,,,,,,,,,,,,,,,,,,,,,,,,,,,,,,,,,,
"2025-09-02 15:13:22.6707149Z","ETW","Microsoft-Windows-Kernel-Process",6,"ImageUnloadInfo ",17396,15804,"calc.exe",,,,"C:\Windows\System32\imm32.dll",,,,,,,,,,,,[],,,,,,,,,17396,,,,,,,,,,,,,,,,,,,,,,,,,,,,,,,,,,,,2763417762,140736896630784,140736896630784,237947,192512,,,,,,,,,,,,,,,,,,,,,,,,,,,,,,,,,,,,,,,,,,,,,,,,,,,,,,,,,,,,,,,,,,,,,,,
"2025-09-02 15:13:22.6707210Z","ETW","Microsoft-Windows-Kernel-Process",6,"ImageUnloadInfo ",17396,15804,"calc.exe",,,,"C:\Windows\System32\kernel32.dll",,,,,,,,,,,,[],,,,,,,,,17396,,,,,,,,,,,,,,,,,,,,,,,,,,,,,,,,,,,,2842556120,140736896892928,140736896892928,880212,823296,,,,,,,,,,,,,,,,,,,,,,,,,,,,,,,,,,,,,,,,,,,,,,,,,,,,,,,,,,,,,,,,,,,,,,,
"2025-09-02 15:13:22.6707276Z","ETW","Microsoft-Windows-Kernel-Process",6,"ImageUnloadInfo ",17396,15804,"calc.exe",,,,"C:\Windows\System32\ole32.dll",,,,,,,,,,,,[],,,,,,,,,17396,,,,,,,,,,,,,,,,,,,,,,,,,,,,,,,,,,,,916019586,140736897744896,140736897744896,1774113,1703936,,,,,,,,,,,,,,,,,,,,,,,,,,,,,,,,,,,,,,,,,,,,,,,,,,,,,,,,,,,,,,,,,,,,,,,
"2025-09-02 15:13:22.6707398Z","ETW","Microsoft-Windows-Kernel-Process",6,"ImageUnloadInfo ",17396,15804,"calc.exe",,,,"C:\Windows\System32\gdi32.dll",,,,,,,,,,,,[],,,,,,,,,17396,,,,,,,,,,,,,,,,,,,,,,,,,,,,,,,,,,,,226377214,140736902135808,140736902135808,213118,176128,,,,,,,,,,,,,,,,,,,,,,,,,,,,,,,,,,,,,,,,,,,,,,,,,,,,,,,,,,,,,,,,,,,,,,,
"2025-09-02 15:13:22.6707466Z","ETW","Microsoft-Windows-Kernel-Process",6,"ImageUnloadInfo ",17396,15804,"calc.exe",,,,"C:\Windows\System32\SHCore.dll",,,,,,,,,,,,[],,,,,,,,,17396,,,,,,,,,,,,,,,,,,,,,,,,,,,,,,,,,,,,742317482,140736902660096,140736902660096,1049363,1003520,,,,,,,,,,,,,,,,,,,,,,,,,,,,,,,,,,,,,,,,,,,,,,,,,,,,,,,,,,,,,,,,,,,,,,,
"2025-09-02 15:13:22.6707528Z","ETW","Microsoft-Windows-Kernel-Process",6,"ImageUnloadInfo ",17396,15804,"calc.exe",,,,"C:\Windows\System32\combase.dll",,,,,,,,,,,,[],,,,,,,,,17396,,,,,,,,,,,,,,,,,,,,,,,,,,,,,,,,,,,,670765882,140736909082624,140736909082624,3776119,3690496,,,,,,,,,,,,,,,,,,,,,,,,,,,,,,,,,,,,,,,,,,,,,,,,,,,,,,,,,,,,,,,,,,,,,,,
"2025-09-02 15:13:22.6707597Z","ETW","Microsoft-Windows-Kernel-Process",6,"ImageUnloadInfo ",17396,15804,"calc.exe",,,,"C:\Windows\System32\msvcrt.dll",,,,,,,,,,,,[],,,,,,,,,17396,,,,,,,,,,,,,,,,,,,,,,,,,,,,,,,,,,,,2634004398,140736913342464,140736913342464,729924,692224,,,,,,,,,,,,,,,,,,,,,,,,,,,,,,,,,,,,,,,,,,,,,,,,,,,,,,,,,,,,,,,,,,,,,,,
"2025-09-02 15:13:22.6707662Z","ETW","Microsoft-Windows-Kernel-Process",6,"ImageUnloadInfo ",17396,15804,"calc.exe",,,,"C:\Windows\System32\user32.dll",,,,,,,,,,,,[],,,,,,,,,17396,,,,,,,,,,,,,,,,,,,,,,,,,,,,,,,,,,,,3594986103,140736914063360,140736914063360,1919723,1855488,,,,,,,,,,,,,,,,,,,,,,,,,,,,,,,,,,,,,,,,,,,,,,,,,,,,,,,,,,,,,,,,,,,,,,,
"2025-09-02 15:13:22.6707723Z","ETW","Microsoft-Windows-Kernel-Process",6,"ImageUnloadInfo ",17396,15804,"calc.exe",,,,"C:\Windows\System32\ntdll.dll",,,,,,,,,,,,[],,,,,,,,,17396,,,,,,,,,,,,,,,,,,,,,,,,,,,,,,,,,,,,2512787800,140736916750336,140736916750336,2531053,2519040,,,,,,,,,,,,,,,,,,,,,,,,,,,,,,,,,,,,,,,,,,,,,,,,,,,,,,,,,,,,,,,,,,,,,,,
"2025-09-02 15:13:22.6707899Z","ETW","Microsoft-Windows-Kernel-Process",2,"ProcessStopStop ",17396,15804,"calc.exe",,,,"calc.exe",,,,,,,,,,,,[],,,,,,,,,17396,,,,,,,,,,,,,,,,,,,,,,,134012996023513731,,,,,,,,31825,,,,,,,,,,,,,,,,,,,,,,,,,,,,,,,,,,,,,,,,,,,,,,,190938220,3162112,3198976,0,134012996026703194,116,0,1,12,3,0,0,,,,,,,,,,,,,,,,,,,,,,
"2025-09-02 15:13:22.6708400Z","ETW","Microsoft-Windows-Kernel-Audit-API-Calls",5,"Info ",17396,15804,"calc.exe",,,,,,,,,,,,,,,,[],,,,,,,,,,,,,,,,,,,1024,0,17396,,,,,,,,,,,,,,,,,,,,,,,,,,,,,,,,,,,,,,,,,,,,,,,,,,,,,,,,,,,,,,,,,,,,,,,,,,,,,,,,,,,,,,,,,,,,,,,,,,,
"2025-09-02 15:13:22.6708461Z","ETW","Microsoft-Windows-Kernel-Audit-API-Calls",5,"Info ",17396,15804,"calc.exe",,,,,,,,,,,,,,,,[],,,,,,,,,,,,,,,,,,,1024,0,17396,,,,,,,,,,,,,,,,,,,,,,,,,,,,,,,,,,,,,,,,,,,,,,,,,,,,,,,,,,,,,,,,,,,,,,,,,,,,,,,,,,,,,,,,,,,,,,,,,,,
"2025-09-02 15:13:22.6739053Z","ETW","Microsoft-Windows-Kernel-Audit-API-Calls",5,"Info ",1912,11040,"MsMpEng.exe",,,,,,,,,,,,,,,,[{"addr":140736918203764,"idx":0},{"addr":140736872731894,"idx":1},{"addr":140733810479103,"idx":2},{"addr":140733810478599,"idx":3},{"addr":140733811467421,"idx":4},{"addr":140733811466488,"idx":5},{"addr":140733810455581,"idx":6},{"addr":140733810413765,"idx":7},{"addr":140733810417057,"idx":8},{"addr":140733810415802,"idx":9},{"addr":140733810413462,"idx":10},{"addr":140733810411633,"idx":11},{"addr":140733810411092,"idx":12},{"addr":140733815162932,"idx":13},{"addr":140733815162655,"idx":14},{"addr":140736917255712,"idx":15},{"addr":140736917350945,"idx":16},{"addr":140736897083607,"idx":17},{"addr":140736916996940,"idx":18}],,,,,,,,,,,,,,,,,,,5136,0,17396,,,,,,,,,,,,,,,,,,,,,,,,,,,,,,,,,,,,,,,,,,,,,,,,,,,,,,,,,,,,,,,,,,,,,,,,,,,,,,,,,,,,,,,,,,,,,,,,,,,
"2025-09-02 15:13:22.6747069Z","ETW","Microsoft-Windows-Kernel-Audit-API-Calls",5,"Info ",13192,1244,"WerFault.exe",,,,,,,,,,,,,,,,[{"addr":140736918203764,"idx":0},{"addr":140736917422735,"idx":1},{"addr":140736897197864,"idx":2},{"addr":140736897199327,"idx":3},{"addr":140735244849039,"idx":4},{"addr":140735244908757,"idx":5},{"addr":140735244869314,"idx":6},{"addr":140735244821528,"idx":7},{"addr":140735244823100,"idx":8},{"addr":140736823771461,"idx":9},{"addr":140736823768066,"idx":10},{"addr":140736823728444,"idx":11},{"addr":140736823446495,"idx":12},{"addr":140736823458709,"idx":13},{"addr":140736823674498,"idx":14},{"addr":140736823587658,"idx":15},{"addr":140733981343415,"idx":16},{"addr":140733981360014,"idx":17},{"addr":140733981359838,"idx":18},{"addr":140733981332330,"idx":19},{"addr":140702874837458,"idx":20},{"addr":140702874561549,"idx":21},{"addr":140702874566272,"idx":22},{"addr":140702874543067,"idx":23},{"addr":140736897083607,"idx":24},{"addr":140736916996940,"idx":25}],,,,,,,,,,,,,,,,,,,2097151,0,15112,,,,,,,,,,,,,,,,,,,,,,,,,,,,,,,,,,,,,,,,,,,,,,,,,,,,,,,,,,,,,,,,,,,,,,,,,,,,,,,,,,,,,,,,,,,,,,,,,,,
"2025-09-02 15:13:22.6781857Z","ETW","Microsoft-Windows-Kernel-Audit-API-Calls",6,"Info ",1912,8,"MsMpEng.exe",,,,,,,,,,,,,,,,[{"addr":140736918212548,"idx":0},{"addr":140736872857142,"idx":1},{"addr":140736738243895,"idx":2},{"addr":140736738242452,"idx":3},{"addr":140736657604428,"idx":4},{"addr":140736657598535,"idx":5},{"addr":140736657597146,"idx":6},{"addr":140736658259206,"idx":7},{"addr":140736657749938,"idx":8},{"addr":140736657909615,"idx":9},{"addr":140736658079503,"idx":10},{"addr":140736897083607,"idx":11},{"addr":140736916996940,"idx":12}],,,,,,,,,,,,,,,,,,,2097151,0,1912,8,,,,,,,,,,,,,,,,,,,,,,,,,,,,,,,,,,,,,,,,,,,,,,,,,,,,,,,,,,,,,,,,,,,,,,,,,,,,,,,,,,,,,,,,,,,,,,,,,,
"2025-09-02 15:13:22.6793496Z","ETW","Microsoft-Windows-Kernel-Audit-API-Calls",5,"Info ",19464,11288,"CalculatorApp.exe",,,,,,,,,,,,,,,,[{"addr":140736918203764,"idx":0},{"addr":140736872731894,"idx":1},{"addr":140736717697306,"idx":2},{"addr":140736717690536,"idx":3},{"addr":140736664346729,"idx":4},{"addr":140736664414791,"idx":5},{"addr":140736665213363,"idx":6},{"addr":140736664355186,"idx":7},{"addr":140736664149658,"idx":8},{"addr":140736664149081,"idx":9},{"addr":140736680251548,"idx":10},{"addr":140736675675451,"idx":11},{"addr":140736680633459,"idx":12},{"addr":140736675125605,"idx":13},{"addr":140736679642559,"idx":14},{"addr":140736676321696,"idx":15},{"addr":140736676578121,"idx":16},{"addr":140736676576981,"idx":17},{"addr":140736677927654,"idx":18},{"addr":140736685591221,"idx":19},{"addr":140736675125605,"idx":20},{"addr":140736679422389,"idx":21},{"addr":140736677075497,"idx":22},{"addr":140736675125605,"idx":23},{"addr":140736676579617,"idx":24},{"addr":140736676576981,"idx":25},{"addr":140736675125605,"idx":26},{"addr":140736679422389,"idx":27},{"addr":140736677075497,"idx":28},{"addr":140736675125605,"idx":29},{"addr":140736676579617,"idx":30},{"addr":140736676576981,"idx":31},{"addr":140736675125605,"idx":32},{"addr":140736679422389,"idx":33},{"addr":140736674854207,"idx":34},{"addr":140736675673744,"idx":35},{"addr":140736675019808,"idx":36},{"addr":140736675019267,"idx":37},{"addr":140736676574100,"idx":38},{"addr":140736681909998,"idx":39},{"addr":140736676584053,"idx":40},{"addr":140736674979003,"idx":41},{"addr":140736674976221,"idx":42},{"addr":140736674974577,"idx":43},{"addr":140736681910598,"idx":44},{"addr":140736676584053,"idx":45},{"addr":140736674979003,"idx":46},{"addr":140736674975774,"idx":47},{"addr":140736677539034,"idx":48},{"addr":140736679706084,"idx":49},{"addr":140736681910509,"idx":50},{"addr":140736676584053,"idx":51},{"addr":140736674979003,"idx":52},{"addr":140736675678036,"idx":53},{"addr":140736681910598,"idx":54},{"addr":140736676584053,"idx":55},{"addr":140736674979003,"idx":56},{"addr":140736674981096,"idx":57},{"addr":140736675961511,"idx":58},{"addr":140736675961037,"idx":59},{"addr":140736679705768,"idx":60},{"addr":140736681910509,"idx":61},{"addr":140736676584053,"idx":62},{"addr":140736674979003,"idx":63},{"addr":140736675018951,"idx":64},{"addr":140736681910598,"idx":65},{"addr":140736676584053,"idx":66},{"addr":140736674979003,"idx":67},{"addr":140736674975774,"idx":68},{"addr":140736678668275,"idx":69},{"addr":140736679705768,"idx":70},{"addr":140736681910509,"idx":71},{"addr":140736676584053,"idx":72},{"addr":140736674979003,"idx":73},{"addr":140736674975774,"idx":74},{"addr":140736680276127,"idx":75},{"addr":140736679705768,"idx":76},{"addr":140736681910509,"idx":77},{"addr":140736676584053,"idx":78},{"addr":140736674979003,"idx":79},{"addr":140736680920444,"idx":80},{"addr":140736681910598,"idx":81},{"addr":140736676584053,"idx":82},{"addr":140736674979003,"idx":83},{"addr":140736676592352,"idx":84},{"addr":140736676339278,"idx":85},{"addr":140736675726409,"idx":86},{"addr":140736679701401,"idx":87},{"addr":140736679700628,"idx":88},{"addr":140736675626782,"idx":89},{"addr":140736679658534,"idx":90},{"addr":140736813613757,"idx":91},{"addr":140736813610267,"idx":92},{"addr":140736813940562,"idx":93},{"addr":140736813625204,"idx":94},{"addr":140736813624077,"idx":95},{"addr":140736813683309,"idx":96},{"addr":140736813684989,"idx":97},{"addr":140736813684120,"idx":98},{"addr":140736813678539,"idx":99},{"addr":140736914162134,"idx":100},{"addr":140736914160220,"idx":101},{"addr":140736914362035,"idx":102},{"addr":140736918218964,"idx":103},{"addr":140736876122820,"idx":104},{"addr":140736914122143,"idx":105},{"addr":140736914122024,"idx":106},{"addr":140736701244542,"idx":107},{"addr":140736701243712,"idx":108},{"addr":140736701242814,"idx":109},{"addr":140736717678445,"idx":110},{"addr":140736717678250,"idx":111},{"addr":140736717677938,"idx":112},{"addr":140736902955098,"idx":113},{"addr":140736897083607,"idx":114},{"addr":140736916996940,"idx":115}],,,,,,,,,,,,,,,,,,,4096,0,19464,,,,,,,,,,,,,,,,,,,,,,,,,,,,,,,,,,,,,,,,,,,,,,,,,,,,,,,,,,,,,,,,,,,,,,,,,,,,,,,,,,,,,,,,,,,,,,,,,,,
"2025-09-02 15:13:22.6798626Z","ETW","Microsoft-Windows-Kernel-File",30,"CreateNewFileInfo ",2544,2728,"svchost.exe",,,,"C:\Windows\Prefetch\CALC.EXE-0FE8F3A9.pf",,,,,,,,,,,,[{"addr":140736918205268,"idx":0},{"addr":140736872716567,"idx":1},{"addr":140736872407957,"idx":2},{"addr":140736622686411,"idx":3},{"addr":140736622799555,"idx":4},{"addr":140736622805526,"idx":5},{"addr":140736622878872,"idx":6},{"addr":140736622877246,"idx":7},{"addr":140736623007058,"idx":8},{"addr":140736623083887,"idx":9},{"addr":140700308678045,"idx":10},{"addr":140736881194535,"idx":11},{"addr":140736897083607,"idx":12},{"addr":140736916996940,"idx":13}],0,83886176,18446660010973912752,18446660011079127352,2728,0,,,,,,,,,,,,,,,,,,,,,,,,,,,,,,,,,,,,,,,,,,,,,,,,,,,,,,,,,,,,,,,,,,,,,,,,,,,,,,,,,,,,,,,,,,,,,,,,,,,,,,,,,,,,,,,,,,
"2025-09-02 15:13:22.6799936Z","ETW","Microsoft-Windows-Kernel-Audit-API-Calls",6,"Info ",1912,8,"MsMpEng.exe",,,,,,,,,,,,,,,,[{"addr":140736918212548,"idx":0},{"addr":140736872857142,"idx":1},{"addr":140736738243895,"idx":2},{"addr":140736738242452,"idx":3},{"addr":140736657604428,"idx":4},{"addr":140736657598535,"idx":5},{"addr":140736657597146,"idx":6},{"addr":140736658259206,"idx":7},{"addr":140736657749938,"idx":8},{"addr":140736657909615,"idx":9},{"addr":140736658079503,"idx":10},{"addr":140736897083607,"idx":11},{"addr":140736916996940,"idx":12}],,,,,,,,,,,,,,,,,,,2097151,0,1912,8,,,,,,,,,,,,,,,,,,,,,,,,,,,,,,,,,,,,,,,,,,,,,,,,,,,,,,,,,,,,,,,,,,,,,,,,,,,,,,,,,,,,,,,,,,,,,,,,,,
"2025-09-02 15:13:22.6824368Z","ETW","Microsoft-Windows-Kernel-Process",5,"ImageLoadInfo ",19464,11288,"CalculatorApp.exe",,,,"C:\Windows\System32\powrprof.dll",,,,,,,,,,,,[{"addr":140736918203828,"idx":0},{"addr":140736917192506,"idx":1},{"addr":140736917191278,"idx":2},{"addr":140736917210764,"idx":3},{"addr":140736917202269,"idx":4},{"addr":140736917259140,"idx":5},{"addr":140736916785248,"idx":6},{"addr":140736916786774,"idx":7},{"addr":140736917021315,"idx":8},{"addr":140736917023197,"idx":9},{"addr":140736680378386,"idx":10},{"addr":140736682271833,"idx":11},{"addr":140736681230112,"idx":12},{"addr":140736681229682,"idx":13},{"addr":140736678224570,"idx":14},{"addr":140736678218883,"idx":15},{"addr":140736678217844,"idx":16},{"addr":140736674954146,"idx":17},{"addr":140736674950884,"idx":18},{"addr":140736675218566,"idx":19},{"addr":140736675228809,"idx":20},{"addr":140736676557330,"idx":21},{"addr":140736676554146,"idx":22},{"addr":140736676547276,"idx":23},{"addr":140736676544626,"idx":24},{"addr":140736675973795,"idx":25},{"addr":140736679930723,"idx":26},{"addr":140733616444165,"idx":27},{"addr":140733615922457,"idx":28},{"addr":140733615925505,"idx":29},{"addr":140733615781608,"idx":30},{"addr":140733616254770,"idx":31},{"addr":140733616355283,"idx":32},{"addr":140736675219850,"idx":33},{"addr":140736675228809,"idx":34},{"addr":140736676557330,"idx":35},{"addr":140736676554146,"idx":36},{"addr":140736676547276,"idx":37},{"addr":140736676544626,"idx":38},{"addr":140736675973795,"idx":39},{"addr":140736675970738,"idx":40},{"addr":140736675970229,"idx":41},{"addr":140733616423520,"idx":42},{"addr":140733615921102,"idx":43},{"addr":140733615920987,"idx":44},{"addr":140733615926423,"idx":45},{"addr":140733615744713,"idx":46},{"addr":140733615794345,"idx":47},{"addr":140733616270004,"idx":48},{"addr":140736675690646,"idx":49},{"addr":140736677933201,"idx":50},{"addr":140736676574486,"idx":51},{"addr":140736681909998,"idx":52},{"addr":140736676584053,"idx":53},{"addr":140736674979003,"idx":54},{"addr":140736674976221,"idx":55},{"addr":140736674974577,"idx":56},{"addr":140736681910598,"idx":57},{"addr":140736676584053,"idx":58},{"addr":140736674979003,"idx":59},{"addr":140736674975774,"idx":60},{"addr":140736677539034,"idx":61},{"addr":140736679706084,"idx":62},{"addr":140736681910509,"idx":63},{"addr":140736676584053,"idx":64},{"addr":140736674979003,"idx":65},{"addr":140736675678036,"idx":66},{"addr":140736681910598,"idx":67},{"addr":140736676584053,"idx":68},{"addr":140736674979003,"idx":69},{"addr":140736674981096,"idx":70},{"addr":140736675961511,"idx":71},{"addr":140736675961037,"idx":72},{"addr":140736679705768,"idx":73},{"addr":140736681910509,"idx":74},{"addr":140736676584053,"idx":75},{"addr":140736674979003,"idx":76},{"addr":140736675018951,"idx":77},{"addr":140736681910598,"idx":78},{"addr":140736676584053,"idx":79},{"addr":140736674979003,"idx":80},{"addr":140736674975774,"idx":81},{"addr":140736678668275,"idx":82},{"addr":140736679705768,"idx":83},{"addr":140736681910509,"idx":84},{"addr":140736676584053,"idx":85},{"addr":140736674979003,"idx":86},{"addr":140736674975774,"idx":87},{"addr":140736680276127,"idx":88},{"addr":140736679705768,"idx":89},{"addr":140736681910509,"idx":90},{"addr":140736676584053,"idx":91},{"addr":140736674979003,"idx":92},{"addr":140736680920444,"idx":93},{"addr":140736681910598,"idx":94},{"addr":140736676584053,"idx":95},{"addr":140736674979003,"idx":96},{"addr":140736676592352,"idx":97},{"addr":140736676339278,"idx":98},{"addr":140736675726409,"idx":99},{"addr":140736679701401,"idx":100},{"addr":140736679700628,"idx":101},{"addr":140736675626782,"idx":102},{"addr":140736679658534,"idx":103},{"addr":140736813613757,"idx":104},{"addr":140736813610267,"idx":105},{"addr":140736813940562,"idx":106},{"addr":140736813625204,"idx":107},{"addr":140736813624077,"idx":108},{"addr":140736813683309,"idx":109},{"addr":140736813684989,"idx":110},{"addr":140736813684120,"idx":111},{"addr":140736813678539,"idx":112},{"addr":140736914162134,"idx":113},{"addr":140736914160220,"idx":114},{"addr":140736914362035,"idx":115},{"addr":140736918218964,"idx":116},{"addr":140736876122820,"idx":117},{"addr":140736914122143,"idx":118},{"addr":140736914122024,"idx":119},{"addr":140736701244542,"idx":120},{"addr":140736701243712,"idx":121},{"addr":140736701242814,"idx":122},{"addr":140736717678445,"idx":123},{"addr":140736717678250,"idx":124},{"addr":140736717677938,"idx":125},{"addr":140736902955098,"idx":126},{"addr":140736897083607,"idx":127},{"addr":140736916996940,"idx":128}],,,,,,,,,19464,,,,,,,,,,,,,,,,,,,,,,,,,,,,,,,,,,,,2858637235,140736866091008,140736866091008,457799,385024,,,,,,,,,,,,,,,,,,,,,,,,,,,,,,,,,,,,,,,,,,,,,,,,,,,,,,,,,,,,,,,,,,,,,,,
"2025-09-02 15:13:22.6830482Z","ETW","Microsoft-Windows-Kernel-Process",5,"ImageLoadInfo ",19464,11288,"CalculatorApp.exe",,,,"C:\Windows\System32\umpdc.dll",,,,,,,,,,,,[{"addr":140736918203828,"idx":0},{"addr":140736917192506,"idx":1},{"addr":140736917191278,"idx":2},{"addr":140736917210764,"idx":3},{"addr":140736917201516,"idx":4},{"addr":140736917258922,"idx":5},{"addr":140736916785248,"idx":6},{"addr":140736916786774,"idx":7},{"addr":140736917021315,"idx":8},{"addr":140736917023197,"idx":9},{"addr":140736866119074,"idx":10},{"addr":140736866136530,"idx":11},{"addr":140736866130783,"idx":12},{"addr":140736866132678,"idx":13},{"addr":140736918195438,"idx":14},{"addr":140736917219838,"idx":15},{"addr":140736917215596,"idx":16},{"addr":140736916995194,"idx":17},{"addr":140736916991491,"idx":18},{"addr":140736916785364,"idx":19},{"addr":140736916786774,"idx":20},{"addr":140736917021315,"idx":21},{"addr":140736917023197,"idx":22},{"addr":140736680378386,"idx":23},{"addr":140736682271833,"idx":24},{"addr":140736681230112,"idx":25},{"addr":140736681229682,"idx":26},{"addr":140736678224570,"idx":27},{"addr":140736678218883,"idx":28},{"addr":140736678217844,"idx":29},{"addr":140736674954146,"idx":30},{"addr":140736674950884,"idx":31},{"addr":140736675218566,"idx":32},{"addr":140736675228809,"idx":33},{"addr":140736676557330,"idx":34},{"addr":140736676554146,"idx":35},{"addr":140736676547276,"idx":36},{"addr":140736676544626,"idx":37},{"addr":140736675973795,"idx":38},{"addr":140736679930723,"idx":39},{"addr":140733616444165,"idx":40},{"addr":140733615922457,"idx":41},{"addr":140733615925505,"idx":42},{"addr":140733615781608,"idx":43},{"addr":140733616254770,"idx":44},{"addr":140733616355283,"idx":45},{"addr":140736675219850,"idx":46},{"addr":140736675228809,"idx":47},{"addr":140736676557330,"idx":48},{"addr":140736676554146,"idx":49},{"addr":140736676547276,"idx":50},{"addr":140736676544626,"idx":51},{"addr":140736675973795,"idx":52},{"addr":140736675970738,"idx":53},{"addr":140736675970229,"idx":54},{"addr":140733616423520,"idx":55},{"addr":140733615921102,"idx":56},{"addr":140733615920987,"idx":57},{"addr":140733615926423,"idx":58},{"addr":140733615744713,"idx":59},{"addr":140733615794345,"idx":60},{"addr":140733616270004,"idx":61},{"addr":140736675690646,"idx":62},{"addr":140736677933201,"idx":63},{"addr":140736676574486,"idx":64},{"addr":140736681909998,"idx":65},{"addr":140736676584053,"idx":66},{"addr":140736674979003,"idx":67},{"addr":140736674976221,"idx":68},{"addr":140736674974577,"idx":69},{"addr":140736681910598,"idx":70},{"addr":140736676584053,"idx":71},{"addr":140736674979003,"idx":72},{"addr":140736674975774,"idx":73},{"addr":140736677539034,"idx":74},{"addr":140736679706084,"idx":75},{"addr":140736681910509,"idx":76},{"addr":140736676584053,"idx":77},{"addr":140736674979003,"idx":78},{"addr":140736675678036,"idx":79},{"addr":140736681910598,"idx":80},{"addr":140736676584053,"idx":81},{"addr":140736674979003,"idx":82},{"addr":140736674981096,"idx":83},{"addr":140736675961511,"idx":84},{"addr":140736675961037,"idx":85},{"addr":140736679705768,"idx":86},{"addr":140736681910509,"idx":87},{"addr":140736676584053,"idx":88},{"addr":140736674979003,"idx":89},{"addr":140736675018951,"idx":90},{"addr":140736681910598,"idx":91},{"addr":140736676584053,"idx":92},{"addr":140736674979003,"idx":93},{"addr":140736674975774,"idx":94},{"addr":140736678668275,"idx":95},{"addr":140736679705768,"idx":96},{"addr":140736681910509,"idx":97},{"addr":140736676584053,"idx":98},{"addr":140736674979003,"idx":99},{"addr":140736674975774,"idx":100},{"addr":140736680276127,"idx":101},{"addr":140736679705768,"idx":102},{"addr":140736681910509,"idx":103},{"addr":140736676584053,"idx":104},{"addr":140736674979003,"idx":105},{"addr":140736680920444,"idx":106},{"addr":140736681910598,"idx":107},{"addr":140736676584053,"idx":108},{"addr":140736674979003,"idx":109},{"addr":140736676592352,"idx":110},{"addr":140736676339278,"idx":111},{"addr":140736675726409,"idx":112},{"addr":140736679701401,"idx":113},{"addr":140736679700628,"idx":114},{"addr":140736675626782,"idx":115},{"addr":140736679658534,"idx":116},{"addr":140736813613757,"idx":117},{"addr":140736813610267,"idx":118},{"addr":140736813940562,"idx":119},{"addr":140736813625204,"idx":120},{"addr":140736813624077,"idx":121},{"addr":140736813683309,"idx":122},{"addr":140736813684989,"idx":123},{"addr":140736813684120,"idx":124},{"addr":140736813678539,"idx":125},{"addr":140736914162134,"idx":126},{"addr":140736914160220,"idx":127},{"addr":140736914362035,"idx":128},{"addr":140736918218964,"idx":129},{"addr":140736876122820,"idx":130},{"addr":140736914122143,"idx":131},{"addr":140736914122024,"idx":132},{"addr":140736701244542,"idx":133},{"addr":140736701243712,"idx":134},{"addr":140736701242814,"idx":135},{"addr":140736717678445,"idx":136},{"addr":140736717678250,"idx":137},{"addr":140736717677938,"idx":138},{"addr":140736902955098,"idx":139},{"addr":140736897083607,"idx":140},{"addr":140736916996940,"idx":141}],,,,,,,,,19464,,,,,,,,,,,,,,,,,,,,,,,,,,,,,,,,,,,,212057710,140736865959936,140736865959936,140109,81920,,,,,,,,,,,,,,,,,,,,,,,,,,,,,,,,,,,,,,,,,,,,,,,,,,,,,,,,,,,,,,,,,,,,,,,
"2025-09-02 15:13:22.6890986Z","ETW","Microsoft-Windows-Kernel-Audit-API-Calls",6,"Info ",13192,1244,"WerFault.exe",,,,,,,,,,,,,,,,[{"addr":140736918212548,"idx":0},{"addr":140736872857142,"idx":1},{"addr":140735244904279,"idx":2},{"addr":140735244860628,"idx":3},{"addr":140735244869672,"idx":4},{"addr":140735244821528,"idx":5},{"addr":140735244823100,"idx":6},{"addr":140736823771461,"idx":7},{"addr":140736823768066,"idx":8},{"addr":140736823728444,"idx":9},{"addr":140736823446495,"idx":10},{"addr":140736823458709,"idx":11},{"addr":140736823674498,"idx":12},{"addr":140736823587658,"idx":13},{"addr":140733981343415,"idx":14},{"addr":140733981360014,"idx":15},{"addr":140733981359838,"idx":16},{"addr":140733981332330,"idx":17},{"addr":140702874837458,"idx":18},{"addr":140702874561549,"idx":19},{"addr":140702874566272,"idx":20},{"addr":140702874543067,"idx":21},{"addr":140736897083607,"idx":22},{"addr":140736916996940,"idx":23}],,,,,,,,,,,,,,,,,,,2097151,0,15112,5500,,,,,,,,,,,,,,,,,,,,,,,,,,,,,,,,,,,,,,,,,,,,,,,,,,,,,,,,,,,,,,,,,,,,,,,,,,,,,,,,,,,,,,,,,,,,,,,,,,
"2025-09-02 15:13:22.6895990Z","ETW","Microsoft-Windows-Kernel-Process",5,"ImageLoadInfo ",13192,1244,"WerFault.exe",,,,"C:\Windows\System32\psapi.dll",,,,,,,,,,,,[{"addr":140736918203828,"idx":0},{"addr":140736917192506,"idx":1},{"addr":140736917191278,"idx":2},{"addr":140736917190209,"idx":3},{"addr":140736916804181,"idx":4},{"addr":140736916785218,"idx":5},{"addr":140736916784352,"idx":6},{"addr":140736917101952,"idx":7},{"addr":140736872000198,"idx":8},{"addr":140736872006436,"idx":9},{"addr":140735244842943,"idx":10},{"addr":140735244831617,"idx":11},{"addr":140735244830219,"idx":12},{"addr":140735244899502,"idx":13},{"addr":140735244870408,"idx":14},{"addr":140735244821528,"idx":15},{"addr":140735244823100,"idx":16},{"addr":140736823771461,"idx":17},{"addr":140736823768066,"idx":18},{"addr":140736823728444,"idx":19},{"addr":140736823446495,"idx":20},{"addr":140736823458709,"idx":21},{"addr":140736823674498,"idx":22},{"addr":140736823587658,"idx":23},{"addr":140733981343415,"idx":24},{"addr":140733981360014,"idx":25},{"addr":140733981359838,"idx":26},{"addr":140733981332330,"idx":27},{"addr":140702874837458,"idx":28},{"addr":140702874561549,"idx":29},{"addr":140702874566272,"idx":30},{"addr":140702874543067,"idx":31},{"addr":140736897083607,"idx":32},{"addr":140736916996940,"idx":33}],,,,,,,,,13192,,,,,,,,,,,,,,,,,,,,,,,,,,,,,,,,,,,,992462114,140736902070272,140736902070272,102773,32768,,,,,,,,,,,,,,,,,,,,,,,,,,,,,,,,,,,,,,,,,,,,,,,,,,,,,,,,,,,,,,,,,,,,,,,
"2025-09-02 15:13:22.6902372Z","ETW","Microsoft-Windows-Kernel-Process",5,"ImageLoadInfo ",13192,1244,"WerFault.exe",,,,"C:\Windows\System32\version.dll",,,,,,,,,,,,[{"addr":140736918203828,"idx":0},{"addr":140736917192506,"idx":1},{"addr":140736917191278,"idx":2},{"addr":140736917210764,"idx":3},{"addr":140736917201516,"idx":4},{"addr":140736917258922,"idx":5},{"addr":140736916785248,"idx":6},{"addr":140736916784352,"idx":7},{"addr":140736917101952,"idx":8},{"addr":140736872000198,"idx":9},{"addr":140736872006436,"idx":10},{"addr":140735244843476,"idx":11},{"addr":140735244836278,"idx":12},{"addr":140735244856690,"idx":13},{"addr":140735244870579,"idx":14},{"addr":140735244821528,"idx":15},{"addr":140735244823100,"idx":16},{"addr":140736823771461,"idx":17},{"addr":140736823768066,"idx":18},{"addr":140736823728444,"idx":19},{"addr":140736823446495,"idx":20},{"addr":140736823458709,"idx":21},{"addr":140736823674498,"idx":22},{"addr":140736823587658,"idx":23},{"addr":140733981343415,"idx":24},{"addr":140733981360014,"idx":25},{"addr":140733981359838,"idx":26},{"addr":140733981332330,"idx":27},{"addr":140702874837458,"idx":28},{"addr":140702874561549,"idx":29},{"addr":140702874566272,"idx":30},{"addr":140702874543067,"idx":31},{"addr":140736897083607,"idx":32},{"addr":140736916996940,"idx":33}],,,,,,,,,13192,,,,,,,,,,,,,,,,,,,,,,,,,,,,,,,,,,,,2275202464,140736748388352,140736748388352,72452,45056,,,,,,,,,,,,,,,,,,,,,,,,,,,,,,,,,,,,,,,,,,,,,,,,,,,,,,,,,,,,,,,,,,,,,,,
"2025-09-02 15:13:22.7289089Z","ETW","Microsoft-Windows-Kernel-Process",5,"ImageLoadInfo ",13192,1244,"WerFault.exe",,,,"C:\Windows\System32\verifier.dll",,,,,,,,,,,,[{"addr":140736918203828,"idx":0},{"addr":140736917192506,"idx":1},{"addr":140736917191278,"idx":2},{"addr":140736917210764,"idx":3},{"addr":140736917201516,"idx":4},{"addr":140736917258922,"idx":5},{"addr":140736916785248,"idx":6},{"addr":140736916784352,"idx":7},{"addr":140736917101952,"idx":8},{"addr":140736872000198,"idx":9},{"addr":140736872006436,"idx":10},{"addr":140735244848438,"idx":11},{"addr":140735244875419,"idx":12},{"addr":140735244807912,"idx":13},{"addr":140735244822037,"idx":14},{"addr":140735244823100,"idx":15},{"addr":140736823771461,"idx":16},{"addr":140736823768066,"idx":17},{"addr":140736823728444,"idx":18},{"addr":140736823446495,"idx":19},{"addr":140736823458709,"idx":20},{"addr":140736823674498,"idx":21},{"addr":140736823587658,"idx":22},{"addr":140733981343415,"idx":23},{"addr":140733981360014,"idx":24},{"addr":140733981359838,"idx":25},{"addr":140733981332330,"idx":26},{"addr":140702874837458,"idx":27},{"addr":140702874561549,"idx":28},{"addr":140702874566272,"idx":29},{"addr":140702874543067,"idx":30},{"addr":140736897083607,"idx":31},{"addr":140736916996940,"idx":32}],,,,,,,,,13192,,,,,,,,,,,,,,,,,,,,,,,,,,,,,,,,,,,,1438812236,140733905698816,140733905698816,444365,466944,,,,,,,,,,,,,,,,,,,,,,,,,,,,,,,,,,,,,,,,,,,,,,,,,,,,,,,,,,,,,,,,,,,,,,,
"2025-09-02 15:13:22.7294590Z","ETW","Microsoft-Windows-Kernel-Process",6,"ImageUnloadInfo ",13192,1244,"WerFault.exe",,,,"C:\Windows\System32\verifier.dll",,,,,,,,,,,,[{"addr":140736918203892,"idx":0},{"addr":140736917028534,"idx":1},{"addr":140736916779098,"idx":2},{"addr":140736916773567,"idx":3},{"addr":140736872000489,"idx":4},{"addr":140735244827638,"idx":5},{"addr":140735244895188,"idx":6},{"addr":140735244847757,"idx":7},{"addr":140735244823155,"idx":8},{"addr":140736823771461,"idx":9},{"addr":140736823768066,"idx":10},{"addr":140736823728444,"idx":11},{"addr":140736823446495,"idx":12},{"addr":140736823458709,"idx":13},{"addr":140736823674498,"idx":14},{"addr":140736823587658,"idx":15},{"addr":140733981343415,"idx":16},{"addr":140733981360014,"idx":17},{"addr":140733981359838,"idx":18},{"addr":140733981332330,"idx":19},{"addr":140702874837458,"idx":20},{"addr":140702874561549,"idx":21},{"addr":140702874566272,"idx":22},{"addr":140702874543067,"idx":23},{"addr":140736897083607,"idx":24},{"addr":140736916996940,"idx":25}],,,,,,,,,13192,,,,,,,,,,,,,,,,,,,,,,,,,,,,,,,,,,,,1438812236,140733905698816,140733905698816,444365,479232,,,,,,,,,,,,,,,,,,,,,,,,,,,,,,,,,,,,,,,,,,,,,,,,,,,,,,,,,,,,,,,,,,,,,,,
"2025-09-02 15:13:22.7295018Z","ETW","Microsoft-Windows-Kernel-Process",6,"ImageUnloadInfo ",13192,1244,"WerFault.exe",,,,"C:\Windows\System32\psapi.dll",,,,,,,,,,,,[{"addr":140736918203892,"idx":0},{"addr":140736917028534,"idx":1},{"addr":140736916779098,"idx":2},{"addr":140736916773567,"idx":3},{"addr":140736872000489,"idx":4},{"addr":140735244827669,"idx":5},{"addr":140735244895188,"idx":6},{"addr":140735244847757,"idx":7},{"addr":140735244823155,"idx":8},{"addr":140736823771461,"idx":9},{"addr":140736823768066,"idx":10},{"addr":140736823728444,"idx":11},{"addr":140736823446495,"idx":12},{"addr":140736823458709,"idx":13},{"addr":140736823674498,"idx":14},{"addr":140736823587658,"idx":15},{"addr":140733981343415,"idx":16},{"addr":140733981360014,"idx":17},{"addr":140733981359838,"idx":18},{"addr":140733981332330,"idx":19},{"addr":140702874837458,"idx":20},{"addr":140702874561549,"idx":21},{"addr":140702874566272,"idx":22},{"addr":140702874543067,"idx":23},{"addr":140736897083607,"idx":24},{"addr":140736916996940,"idx":25}],,,,,,,,,13192,,,,,,,,,,,,,,,,,,,,,,,,,,,,,,,,,,,,992462114,140736902070272,140736902070272,102773,45056,,,,,,,,,,,,,,,,,,,,,,,,,,,,,,,,,,,,,,,,,,,,,,,,,,,,,,,,,,,,,,,,,,,,,,,
"2025-09-02 15:13:22.7295543Z","ETW","Microsoft-Windows-Kernel-Process",6,"ImageUnloadInfo ",13192,1244,"WerFault.exe",,,,"C:\Windows\System32\version.dll",,,,,,,,,,,,[{"addr":140736918203892,"idx":0},{"addr":140736917028534,"idx":1},{"addr":140736916779098,"idx":2},{"addr":140736916773567,"idx":3},{"addr":140736872000489,"idx":4},{"addr":140735244828004,"idx":5},{"addr":140735244895188,"idx":6},{"addr":140735244847757,"idx":7},{"addr":140735244823155,"idx":8},{"addr":140736823771461,"idx":9},{"addr":140736823768066,"idx":10},{"addr":140736823728444,"idx":11},{"addr":140736823446495,"idx":12},{"addr":140736823458709,"idx":13},{"addr":140736823674498,"idx":14},{"addr":140736823587658,"idx":15},{"addr":140733981343415,"idx":16},{"addr":140733981360014,"idx":17},{"addr":140733981359838,"idx":18},{"addr":140733981332330,"idx":19},{"addr":140702874837458,"idx":20},{"addr":140702874561549,"idx":21},{"addr":140702874566272,"idx":22},{"addr":140702874543067,"idx":23},{"addr":140736897083607,"idx":24},{"addr":140736916996940,"idx":25}],,,,,,,,,13192,,,,,,,,,,,,,,,,,,,,,,,,,,,,,,,,,,,,2275202464,140736748388352,140736748388352,72452,57344,,,,,,,,,,,,,,,,,,,,,,,,,,,,,,,,,,,,,,,,,,,,,,,,,,,,,,,,,,,,,,,,,,,,,,,
"2025-09-02 15:13:22.7299432Z","ETW","Microsoft-Windows-Kernel-Audit-API-Calls",5,"Info ",13192,1244,"WerFault.exe",,,,,,,,,,,,,,,,[{"addr":140736918203764,"idx":0},{"addr":140736917422735,"idx":1},{"addr":140736897197864,"idx":2},{"addr":140736897199327,"idx":3},{"addr":140736823433252,"idx":4},{"addr":140736823725945,"idx":5},{"addr":140736823446559,"idx":6},{"addr":140736823458709,"idx":7},{"addr":140736823674498,"idx":8},{"addr":140736823587658,"idx":9},{"addr":140733981343415,"idx":10},{"addr":140733981360014,"idx":11},{"addr":140733981359838,"idx":12},{"addr":140733981332330,"idx":13},{"addr":140702874837458,"idx":14},{"addr":140702874561549,"idx":15},{"addr":140702874566272,"idx":16},{"addr":140702874543067,"idx":17},{"addr":140736897083607,"idx":18},{"addr":140736916996940,"idx":19}],,,,,,,,,,,,,,,,,,,2097151,0,15112,,,,,,,,,,,,,,,,,,,,,,,,,,,,,,,,,,,,,,,,,,,,,,,,,,,,,,,,,,,,,,,,,,,,,,,,,,,,,,,,,,,,,,,,,,,,,,,,,,,
"2025-09-02 15:13:22.7323036Z","ETW","Microsoft-Windows-Kernel-Process",5,"ImageLoadInfo ",13192,1244,"WerFault.exe",,,,"C:\Windows\System32\policymanager.dll",,,,,,,,,,,,[{"addr":140736918203828,"idx":0},{"addr":140736917192506,"idx":1},{"addr":140736917191278,"idx":2},{"addr":140736917210764,"idx":3},{"addr":140736917201516,"idx":4},{"addr":140736917258922,"idx":5},{"addr":140736916785248,"idx":6},{"addr":140736916784352,"idx":7},{"addr":140736917101952,"idx":8},{"addr":140736872000198,"idx":9},{"addr":140736564313215,"idx":10},{"addr":140736564317195,"idx":11},{"addr":140736564310991,"idx":12},{"addr":140736564312326,"idx":13},{"addr":140736564315077,"idx":14},{"addr":140736823462372,"idx":15},{"addr":140736823295874,"idx":16},{"addr":140736823487430,"idx":17},{"addr":140736823273987,"idx":18},{"addr":140736823273530,"idx":19},{"addr":140736823446659,"idx":20},{"addr":140736823458709,"idx":21},{"addr":140736823674498,"idx":22},{"addr":140736823587658,"idx":23},{"addr":140733981343415,"idx":24},{"addr":140733981360014,"idx":25},{"addr":140733981359838,"idx":26},{"addr":140733981332330,"idx":27},{"addr":140702874837458,"idx":28},{"addr":140702874561549,"idx":29},{"addr":140702874566272,"idx":30},{"addr":140702874543067,"idx":31},{"addr":140736897083607,"idx":32},{"addr":140736916996940,"idx":33}],,,,,,,,,13192,,,,,,,,,,,,,,,,,,,,,,,,,,,,,,,,,,,,2757975175,140736805928960,140736805928960,801211,737280,,,,,,,,,,,,,,,,,,,,,,,,,,,,,,,,,,,,,,,,,,,,,,,,,,,,,,,,,,,,,,,,,,,,,,,
"2025-09-02 15:13:22.7327005Z","ETW","Microsoft-Windows-Kernel-Process",5,"ImageLoadInfo ",13192,15480,"WerFault.exe",,,,"C:\Windows\System32\msvcp110_win.dll",,,,,,,,,,,,[{"addr":140736918203828,"idx":0},{"addr":140736917192506,"idx":1},{"addr":140736917191278,"idx":2},{"addr":140736917210764,"idx":3},{"addr":140736917201516,"idx":4},{"addr":140736917258922,"idx":5},{"addr":140736917255216,"idx":6},{"addr":140736917350945,"idx":7},{"addr":140736897083607,"idx":8},{"addr":140736916996940,"idx":9}],,,,,,,,,13192,,,,,,,,,,,,,,,,,,,,,,,,,,,,,,,,,,,,3464179610,140736793542656,140736793542656,602786,593920,,,,,,,,,,,,,,,,,,,,,,,,,,,,,,,,,,,,,,,,,,,,,,,,,,,,,,,,,,,,,,,,,,,,,,,
"2025-09-02 15:13:22.7333522Z","ETW","Microsoft-Windows-Kernel-Process",6,"ImageUnloadInfo ",13192,1244,"WerFault.exe",,,,"C:\Windows\System32\msvcp110_win.dll",,,,,,,,,,,,[{"addr":140736918203892,"idx":0},{"addr":140736917028534,"idx":1},{"addr":140736916779098,"idx":2},{"addr":140736916769422,"idx":3},{"addr":140736916769266,"idx":4},{"addr":140736916768404,"idx":5},{"addr":140736916773680,"idx":6},{"addr":140736872000489,"idx":7},{"addr":140736564313988,"idx":8},{"addr":140736564317195,"idx":9},{"addr":140736564310991,"idx":10},{"addr":140736564312326,"idx":11},{"addr":140736564315077,"idx":12},{"addr":140736823462372,"idx":13},{"addr":140736823295874,"idx":14},{"addr":140736823487430,"idx":15},{"addr":140736823273987,"idx":16},{"addr":140736823273530,"idx":17},{"addr":140736823446659,"idx":18},{"addr":140736823458709,"idx":19},{"addr":140736823674498,"idx":20},{"addr":140736823587658,"idx":21},{"addr":140733981343415,"idx":22},{"addr":140733981360014,"idx":23},{"addr":140733981359838,"idx":24},{"addr":140733981332330,"idx":25},{"addr":140702874837458,"idx":26},{"addr":140702874561549,"idx":27},{"addr":140702874566272,"idx":28},{"addr":140702874543067,"idx":29},{"addr":140736897083607,"idx":30},{"addr":140736916996940,"idx":31}],,,,,,,,,13192,,,,,,,,,,,,,,,,,,,,,,,,,,,,,,,,,,,,3464179610,140736793542656,140736793542656,602786,606208,,,,,,,,,,,,,,,,,,,,,,,,,,,,,,,,,,,,,,,,,,,,,,,,,,,,,,,,,,,,,,,,,,,,,,,
"2025-09-02 15:13:22.7334123Z","ETW","Microsoft-Windows-Kernel-Process",6,"ImageUnloadInfo ",13192,1244,"WerFault.exe",,,,"C:\Windows\System32\policymanager.dll",,,,,,,,,,,,[{"addr":140736918203892,"idx":0},{"addr":140736917028534,"idx":1},{"addr":140736916779098,"idx":2},{"addr":140736916773567,"idx":3},{"addr":140736872000489,"idx":4},{"addr":140736564313988,"idx":5},{"addr":140736564317195,"idx":6},{"addr":140736564310991,"idx":7},{"addr":140736564312326,"idx":8},{"addr":140736564315077,"idx":9},{"addr":140736823462372,"idx":10},{"addr":140736823295874,"idx":11},{"addr":140736823487430,"idx":12},{"addr":140736823273987,"idx":13},{"addr":140736823273530,"idx":14},{"addr":140736823446659,"idx":15},{"addr":140736823458709,"idx":16},{"addr":140736823674498,"idx":17},{"addr":140736823587658,"idx":18},{"addr":140733981343415,"idx":19},{"addr":140733981360014,"idx":20},{"addr":140733981359838,"idx":21},{"addr":140733981332330,"idx":22},{"addr":140702874837458,"idx":23},{"addr":140702874561549,"idx":24},{"addr":140702874566272,"idx":25},{"addr":140702874543067,"idx":26},{"addr":140736897083607,"idx":27},{"addr":140736916996940,"idx":28}],,,,,,,,,13192,,,,,,,,,,,,,,,,,,,,,,,,,,,,,,,,,,,,2757975175,140736805928960,140736805928960,801211,749568,,,,,,,,,,,,,,,,,,,,,,,,,,,,,,,,,,,,,,,,,,,,,,,,,,,,,,,,,,,,,,,,,,,,,,,
"2025-09-02 15:13:22.7345030Z","ETW","Microsoft-Windows-Kernel-File",30,"CreateNewFileInfo ",13192,1244,"WerFault.exe",,,,"C:\ProgramData\Microsoft\Windows\WER\Temp\WER.68a31d4b-7ee8-40ca-b4e8-59bc101ddba4.tmp.WERInternalMetadata.xml",,,,,,,,,,,,[{"addr":140736918205268,"idx":0},{"addr":140736872716567,"idx":1},{"addr":140736872407957,"idx":2},{"addr":140736823276724,"idx":3},{"addr":140736823274325,"idx":4},{"addr":140736823273530,"idx":5},{"addr":140736823446659,"idx":6},{"addr":140736823458709,"idx":7},{"addr":140736823674498,"idx":8},{"addr":140736823587658,"idx":9},{"addr":140733981343415,"idx":10},{"addr":140733981360014,"idx":11},{"addr":140733981359838,"idx":12},{"addr":140733981332330,"idx":13},{"addr":140702874837458,"idx":14},{"addr":140702874561549,"idx":15},{"addr":140702874566272,"idx":16},{"addr":140702874543067,"idx":17},{"addr":140736897083607,"idx":18},{"addr":140736916996940,"idx":19}],128,33554528,18446660010832837600,18446660011071530520,1244,1,,,,,,,,,,,,,,,,,,,,,,,,,,,,,,,,,,,,,,,,,,,,,,,,,,,,,,,,,,,,,,,,,,,,,,,,,,,,,,,,,,,,,,,,,,,,,,,,,,,,,,,,,,,,,,,,,,
"2025-09-02 15:13:22.7345224Z","ETW","Microsoft-Windows-Kernel-File",10,"NameCreateInfo ",13192,1244,"WerFault.exe",,,,"C:\ProgramData\Microsoft\Windows\WER\Temp\WER.68a31d4b-7ee8-40ca-b4e8-59bc101ddba4.tmp.WERInternalMetadata.xml",,,,,,,,,,,,[{"addr":140736918205268,"idx":0},{"addr":140736872716567,"idx":1},{"addr":140736872407957,"idx":2},{"addr":140736823276724,"idx":3},{"addr":140736823274325,"idx":4},{"addr":140736823273530,"idx":5},{"addr":140736823446659,"idx":6},{"addr":140736823458709,"idx":7},{"addr":140736823674498,"idx":8},{"addr":140736823587658,"idx":9},{"addr":140733981343415,"idx":10},{"addr":140733981360014,"idx":11},{"addr":140733981359838,"idx":12},{"addr":140733981332330,"idx":13},{"addr":140702874837458,"idx":14},{"addr":140702874561549,"idx":15},{"addr":140702874566272,"idx":16},{"addr":140702874543067,"idx":17},{"addr":140736897083607,"idx":18},{"addr":140736916996940,"idx":19}],,,,,,,18446708904289853808,,,,,,,,,,,,,,,,,,,,,,,,,,,,,,,,,,,,,,,,,,,,,,,,,,,,,,,,,,,,,,,,,,,,,,,,,,,,,,,,,,,,,,,,,,,,,,,,,,,,,,,,,,,,,,,,,
"2025-09-02 15:13:22.7359216Z","ETW","Microsoft-Windows-Kernel-Process",5,"ImageLoadInfo ",13192,1244,"WerFault.exe",,,,"C:\Windows\System32\windows.storage.dll",,,,,,,,,,,,[{"addr":140736918203828,"idx":0},{"addr":140736917192506,"idx":1},{"addr":140736917191278,"idx":2},{"addr":140736917210764,"idx":3},{"addr":140736917202269,"idx":4},{"addr":140736917259140,"idx":5},{"addr":140736916785248,"idx":6},{"addr":140736916786774,"idx":7},{"addr":140736917021315,"idx":8},{"addr":140736917023197,"idx":9},{"addr":140736823402594,"idx":10},{"addr":140736823523846,"idx":11},{"addr":140736823378443,"idx":12},{"addr":140736823852679,"idx":13},{"addr":140736823472151,"idx":14},{"addr":140736823274407,"idx":15},{"addr":140736823273530,"idx":16},{"addr":140736823446659,"idx":17},{"addr":140736823458709,"idx":18},{"addr":140736823674498,"idx":19},{"addr":140736823587658,"idx":20},{"addr":140733981343415,"idx":21},{"addr":140733981360014,"idx":22},{"addr":140733981359838,"idx":23},{"addr":140733981332330,"idx":24},{"addr":140702874837458,"idx":25},{"addr":140702874561549,"idx":26},{"addr":140702874566272,"idx":27},{"addr":140702874543067,"idx":28},{"addr":140736897083607,"idx":29},{"addr":140736916996940,"idx":30}],,,,,,,,,13192,,,,,,,,,,,,,,,,,,,,,,,,,,,,,,,,,,,,156427775,140736830046208,140736830046208,8870321,8781824,,,,,,,,,,,,,,,,,,,,,,,,,,,,,,,,,,,,,,,,,,,,,,,,,,,,,,,,,,,,,,,,,,,,,,,
"2025-09-02 15:13:22.7370911Z","ETW","Microsoft-Windows-Kernel-Process",5,"ImageLoadInfo ",13192,1244,"WerFault.exe",,,,"C:\Windows\System32\shlwapi.dll",,,,,,,,,,,,[{"addr":140736918203828,"idx":0},{"addr":140736917192506,"idx":1},{"addr":140736917191278,"idx":2},{"addr":140736917190209,"idx":3},{"addr":140736916804181,"idx":4},{"addr":140736916785218,"idx":5},{"addr":140736916786774,"idx":6},{"addr":140736917021315,"idx":7},{"addr":140736917023197,"idx":8},{"addr":140736832559570,"idx":9},{"addr":140736833643786,"idx":10},{"addr":140736830222801,"idx":11},{"addr":140736830219809,"idx":12},{"addr":140736830220815,"idx":13},{"addr":140736830621837,"idx":14},{"addr":140736830149842,"idx":15},{"addr":140736830146064,"idx":16},{"addr":140736830152357,"idx":17},{"addr":140736823378443,"idx":18},{"addr":140736823852679,"idx":19},{"addr":140736823472151,"idx":20},{"addr":140736823274407,"idx":21},{"addr":140736823273530,"idx":22},{"addr":140736823446659,"idx":23},{"addr":140736823458709,"idx":24},{"addr":140736823674498,"idx":25},{"addr":140736823587658,"idx":26},{"addr":140733981343415,"idx":27},{"addr":140733981360014,"idx":28},{"addr":140733981359838,"idx":29},{"addr":140733981332330,"idx":30},{"addr":140702874837458,"idx":31},{"addr":140702874561549,"idx":32},{"addr":140702874566272,"idx":33},{"addr":140702874543067,"idx":34},{"addr":140736897083607,"idx":35},{"addr":140736916996940,"idx":36}],,,,,,,,,13192,,,,,,,,,,,,,,,,,,,,,,,,,,,,,,,,,,,,17834217,140736890601472,140736890601472,465141,434176,,,,,,,,,,,,,,,,,,,,,,,,,,,,,,,,,,,,,,,,,,,,,,,,,,,,,,,,,,,,,,,,,,,,,,,
"2025-09-02 15:13:22.7376798Z","ETW","Microsoft-Windows-Kernel-Audit-API-Calls",5,"Info ",13192,1244,"WerFault.exe",,,,,,,,,,,,,,,,[{"addr":140736918203764,"idx":0},{"addr":140736872731894,"idx":1},{"addr":140736823381479,"idx":2},{"addr":140736823852679,"idx":3},{"addr":140736823472151,"idx":4},{"addr":140736823274407,"idx":5},{"addr":140736823273530,"idx":6},{"addr":140736823446659,"idx":7},{"addr":140736823458709,"idx":8},{"addr":140736823674498,"idx":9},{"addr":140736823587658,"idx":10},{"addr":140733981343415,"idx":11},{"addr":140733981360014,"idx":12},{"addr":140733981359838,"idx":13},{"addr":140733981332330,"idx":14},{"addr":140702874837458,"idx":15},{"addr":140702874561549,"idx":16},{"addr":140702874566272,"idx":17},{"addr":140702874543067,"idx":18},{"addr":140736897083607,"idx":19},{"addr":140736916996940,"idx":20}],,,,,,,,,,,,,,,,,,,1040,0,16284,,,,,,,,,,,,,,,,,,,,,,,,,,,,,,,,,,,,,,,,,,,,,,,,,,,,,,,,,,,,,,,,,,,,,,,,,,,,,,,,,,,,,,,,,,,,,,,,,,,
"2025-09-02 15:13:22.7388475Z","ETW","Microsoft-Windows-Kernel-Process",5,"ImageLoadInfo ",13192,1244,"WerFault.exe",,,,"C:\Windows\System32\policymanager.dll",,,,,,,,,,,,[{"addr":140736918203828,"idx":0},{"addr":140736917192506,"idx":1},{"addr":140736917191278,"idx":2},{"addr":140736917210764,"idx":3},{"addr":140736917201516,"idx":4},{"addr":140736917258922,"idx":5},{"addr":140736916785248,"idx":6},{"addr":140736916784352,"idx":7},{"addr":140736917101952,"idx":8},{"addr":140736872000198,"idx":9},{"addr":140736564313215,"idx":10},{"addr":140736564317195,"idx":11},{"addr":140736564310991,"idx":12},{"addr":140736564312326,"idx":13},{"addr":140736564315077,"idx":14},{"addr":140736823359889,"idx":15},{"addr":140736823446827,"idx":16},{"addr":140736823458709,"idx":17},{"addr":140736823674498,"idx":18},{"addr":140736823587658,"idx":19},{"addr":140733981343415,"idx":20},{"addr":140733981360014,"idx":21},{"addr":140733981359838,"idx":22},{"addr":140733981332330,"idx":23},{"addr":140702874837458,"idx":24},{"addr":140702874561549,"idx":25},{"addr":140702874566272,"idx":26},{"addr":140702874543067,"idx":27},{"addr":140736897083607,"idx":28},{"addr":140736916996940,"idx":29}],,,,,,,,,13192,,,,,,,,,,,,,,,,,,,,,,,,,,,,,,,,,,,,2757975175,140736805928960,140736805928960,801211,737280,,,,,,,,,,,,,,,,,,,,,,,,,,,,,,,,,,,,,,,,,,,,,,,,,,,,,,,,,,,,,,,,,,,,,,,
"2025-09-02 15:13:22.7392119Z","ETW","Microsoft-Windows-Kernel-Process",5,"ImageLoadInfo ",13192,22064,"WerFault.exe",,,,"C:\Windows\System32\msvcp110_win.dll",,,,,,,,,,,,[{"addr":140736918203828,"idx":0},{"addr":140736917192506,"idx":1},{"addr":140736917191278,"idx":2},{"addr":140736917210764,"idx":3},{"addr":140736917201516,"idx":4},{"addr":140736917258922,"idx":5},{"addr":140736917255216,"idx":6},{"addr":140736917350945,"idx":7},{"addr":140736897083607,"idx":8},{"addr":140736916996940,"idx":9}],,,,,,,,,13192,,,,,,,,,,,,,,,,,,,,,,,,,,,,,,,,,,,,3464179610,140736793542656,140736793542656,602786,593920,,,,,,,,,,,,,,,,,,,,,,,,,,,,,,,,,,,,,,,,,,,,,,,,,,,,,,,,,,,,,,,,,,,,,,,
"2025-09-02 15:13:22.7397096Z","ETW","Microsoft-Windows-Kernel-Process",6,"ImageUnloadInfo ",13192,1244,"WerFault.exe",,,,"C:\Windows\System32\msvcp110_win.dll",,,,,,,,,,,,[{"addr":140736918203892,"idx":0},{"addr":140736917028534,"idx":1},{"addr":140736916779098,"idx":2},{"addr":140736916769422,"idx":3},{"addr":140736916769266,"idx":4},{"addr":140736916768404,"idx":5},{"addr":140736916773680,"idx":6},{"addr":140736872000489,"idx":7},{"addr":140736564313988,"idx":8},{"addr":140736564317195,"idx":9},{"addr":140736564310991,"idx":10},{"addr":140736564312326,"idx":11},{"addr":140736564315077,"idx":12},{"addr":140736823359889,"idx":13},{"addr":140736823446827,"idx":14},{"addr":140736823458709,"idx":15},{"addr":140736823674498,"idx":16},{"addr":140736823587658,"idx":17},{"addr":140733981343415,"idx":18},{"addr":140733981360014,"idx":19},{"addr":140733981359838,"idx":20},{"addr":140733981332330,"idx":21},{"addr":140702874837458,"idx":22},{"addr":140702874561549,"idx":23},{"addr":140702874566272,"idx":24},{"addr":140702874543067,"idx":25},{"addr":140736897083607,"idx":26},{"addr":140736916996940,"idx":27}],,,,,,,,,13192,,,,,,,,,,,,,,,,,,,,,,,,,,,,,,,,,,,,3464179610,140736793542656,140736793542656,602786,606208,,,,,,,,,,,,,,,,,,,,,,,,,,,,,,,,,,,,,,,,,,,,,,,,,,,,,,,,,,,,,,,,,,,,,,,
"2025-09-02 15:13:22.7397583Z","ETW","Microsoft-Windows-Kernel-Process",6,"ImageUnloadInfo ",13192,1244,"WerFault.exe",,,,"C:\Windows\System32\policymanager.dll",,,,,,,,,,,,[{"addr":140736918203892,"idx":0},{"addr":140736917028534,"idx":1},{"addr":140736916779098,"idx":2},{"addr":140736916773567,"idx":3},{"addr":140736872000489,"idx":4},{"addr":140736564313988,"idx":5},{"addr":140736564317195,"idx":6},{"addr":140736564310991,"idx":7},{"addr":140736564312326,"idx":8},{"addr":140736564315077,"idx":9},{"addr":140736823359889,"idx":10},{"addr":140736823446827,"idx":11},{"addr":140736823458709,"idx":12},{"addr":140736823674498,"idx":13},{"addr":140736823587658,"idx":14},{"addr":140733981343415,"idx":15},{"addr":140733981360014,"idx":16},{"addr":140733981359838,"idx":17},{"addr":140733981332330,"idx":18},{"addr":140702874837458,"idx":19},{"addr":140702874561549,"idx":20},{"addr":140702874566272,"idx":21},{"addr":140702874543067,"idx":22},{"addr":140736897083607,"idx":23},{"addr":140736916996940,"idx":24}],,,,,,,,,13192,,,,,,,,,,,,,,,,,,,,,,,,,,,,,,,,,,,,2757975175,140736805928960,140736805928960,801211,749568,,,,,,,,,,,,,,,,,,,,,,,,,,,,,,,,,,,,,,,,,,,,,,,,,,,,,,,,,,,,,,,,,,,,,,,
"2025-09-02 15:13:22.7409730Z","ETW","Microsoft-Windows-Kernel-Process",5,"ImageLoadInfo ",19992,20412,"svchost.exe",,,,"C:\Windows\System32\policymanager.dll",,,,,,,,,,,,[{"addr":140736918203828,"idx":0},{"addr":140736917192506,"idx":1},{"addr":140736917191278,"idx":2},{"addr":140736917210764,"idx":3},{"addr":140736917201516,"idx":4},{"addr":140736917258922,"idx":5},{"addr":140736916785248,"idx":6},{"addr":140736916784352,"idx":7},{"addr":140736917101952,"idx":8},{"addr":140736872000198,"idx":9},{"addr":140736564313215,"idx":10},{"addr":140736564317195,"idx":11},{"addr":140736564310991,"idx":12},{"addr":140736564312326,"idx":13},{"addr":140736564315077,"idx":14},{"addr":140736823462372,"idx":15},{"addr":140736823295874,"idx":16},{"addr":140736823487430,"idx":17},{"addr":140734019708007,"idx":18},{"addr":140734019690866,"idx":19},{"addr":140734019706334,"idx":20},{"addr":140736917282525,"idx":21},{"addr":140736917350969,"idx":22},{"addr":140736897083607,"idx":23},{"addr":140736916996940,"idx":24}],,,,,,,,,19992,,,,,,,,,,,,,,,,,,,,,,,,,,,,,,,,,,,,2757975175,140736805928960,140736805928960,801211,737280,,,,,,,,,,,,,,,,,,,,,,,,,,,,,,,,,,,,,,,,,,,,,,,,,,,,,,,,,,,,,,,,,,,,,,,
"2025-09-02 15:13:22.7410895Z","ETW","Microsoft-Windows-Kernel-Process",5,"ImageLoadInfo ",19992,20412,"svchost.exe",,,,"C:\Windows\System32\msvcrt.dll",,,,,,,,,,,,[{"addr":140736918203828,"idx":0},{"addr":140736917192506,"idx":1},{"addr":140736917191278,"idx":2},{"addr":140736917190209,"idx":3},{"addr":140736916798526,"idx":4},{"addr":140736916790798,"idx":5},{"addr":140736917191656,"idx":6},{"addr":140736917210764,"idx":7},{"addr":140736917201516,"idx":8},{"addr":140736917258922,"idx":9},{"addr":140736916785248,"idx":10},{"addr":140736916784352,"idx":11},{"addr":140736917101952,"idx":12},{"addr":140736872000198,"idx":13},{"addr":140736564313215,"idx":14},{"addr":140736564317195,"idx":15},{"addr":140736564310991,"idx":16},{"addr":140736564312326,"idx":17},{"addr":140736564315077,"idx":18},{"addr":140736823462372,"idx":19},{"addr":140736823295874,"idx":20},{"addr":140736823487430,"idx":21},{"addr":140734019708007,"idx":22},{"addr":140734019690866,"idx":23},{"addr":140734019706334,"idx":24},{"addr":140736917282525,"idx":25},{"addr":140736917350969,"idx":26},{"addr":140736897083607,"idx":27},{"addr":140736916996940,"idx":28}],,,,,,,,,19992,,,,,,,,,,,,,,,,,,,,,,,,,,,,,,,,,,,,2634004398,140736913342464,140736913342464,729924,692224,,,,,,,,,,,,,,,,,,,,,,,,,,,,,,,,,,,,,,,,,,,,,,,,,,,,,,,,,,,,,,,,,,,,,,,
"2025-09-02 15:13:22.7413777Z","ETW","Microsoft-Windows-Kernel-Process",5,"ImageLoadInfo ",19992,7332,"svchost.exe",,,,"C:\Windows\System32\msvcp110_win.dll",,,,,,,,,,,,[{"addr":140736918203828,"idx":0},{"addr":140736917192506,"idx":1},{"addr":140736917191278,"idx":2},{"addr":140736917210764,"idx":3},{"addr":140736917201516,"idx":4},{"addr":140736917258922,"idx":5},{"addr":140736917255216,"idx":6},{"addr":140736917350945,"idx":7},{"addr":140736897083607,"idx":8},{"addr":140736916996940,"idx":9}],,,,,,,,,19992,,,,,,,,,,,,,,,,,,,,,,,,,,,,,,,,,,,,3464179610,140736793542656,140736793542656,602786,593920,,,,,,,,,,,,,,,,,,,,,,,,,,,,,,,,,,,,,,,,,,,,,,,,,,,,,,,,,,,,,,,,,,,,,,,
"2025-09-02 15:13:22.7421065Z","ETW","Microsoft-Windows-Kernel-Process",6,"ImageUnloadInfo ",19992,20412,"svchost.exe",,,,"C:\Windows\System32\msvcp110_win.dll",,,,,,,,,,,,[{"addr":140736918203892,"idx":0},{"addr":140736917028534,"idx":1},{"addr":140736916779098,"idx":2},{"addr":140736916769422,"idx":3},{"addr":140736916769266,"idx":4},{"addr":140736916768404,"idx":5},{"addr":140736916773680,"idx":6},{"addr":140736872000489,"idx":7},{"addr":140736564313988,"idx":8},{"addr":140736564317195,"idx":9},{"addr":140736564310991,"idx":10},{"addr":140736564312326,"idx":11},{"addr":140736564315077,"idx":12},{"addr":140736823462372,"idx":13},{"addr":140736823295874,"idx":14},{"addr":140736823487430,"idx":15},{"addr":140734019708007,"idx":16},{"addr":140734019690866,"idx":17},{"addr":140734019706334,"idx":18},{"addr":140736917282525,"idx":19},{"addr":140736917350969,"idx":20},{"addr":140736897083607,"idx":21},{"addr":140736916996940,"idx":22}],,,,,,,,,19992,,,,,,,,,,,,,,,,,,,,,,,,,,,,,,,,,,,,3464179610,140736793542656,140736793542656,602786,606208,,,,,,,,,,,,,,,,,,,,,,,,,,,,,,,,,,,,,,,,,,,,,,,,,,,,,,,,,,,,,,,,,,,,,,,
"2025-09-02 15:13:22.7422113Z","ETW","Microsoft-Windows-Kernel-Process",6,"ImageUnloadInfo ",19992,20412,"svchost.exe",,,,"C:\Windows\System32\msvcrt.dll",,,,,,,,,,,,[{"addr":140736918203892,"idx":0},{"addr":140736917028534,"idx":1},{"addr":140736916779098,"idx":2},{"addr":140736916769422,"idx":3},{"addr":140736916769266,"idx":4},{"addr":140736916768404,"idx":5},{"addr":140736916773680,"idx":6},{"addr":140736872000489,"idx":7},{"addr":140736564313988,"idx":8},{"addr":140736564317195,"idx":9},{"addr":140736564310991,"idx":10},{"addr":140736564312326,"idx":11},{"addr":140736564315077,"idx":12},{"addr":140736823462372,"idx":13},{"addr":140736823295874,"idx":14},{"addr":140736823487430,"idx":15},{"addr":140734019708007,"idx":16},{"addr":140734019690866,"idx":17},{"addr":140734019706334,"idx":18},{"addr":140736917282525,"idx":19},{"addr":140736917350969,"idx":20},{"addr":140736897083607,"idx":21},{"addr":140736916996940,"idx":22}],,,,,,,,,19992,,,,,,,,,,,,,,,,,,,,,,,,,,,,,,,,,,,,2634004398,140736913342464,140736913342464,729924,704512,,,,,,,,,,,,,,,,,,,,,,,,,,,,,,,,,,,,,,,,,,,,,,,,,,,,,,,,,,,,,,,,,,,,,,,
"2025-09-02 15:13:22.7422590Z","ETW","Microsoft-Windows-Kernel-Process",6,"ImageUnloadInfo ",19992,20412,"svchost.exe",,,,"C:\Windows\System32\policymanager.dll",,,,,,,,,,,,[{"addr":140736918203892,"idx":0},{"addr":140736917028534,"idx":1},{"addr":140736916779098,"idx":2},{"addr":140736916773567,"idx":3},{"addr":140736872000489,"idx":4},{"addr":140736564313988,"idx":5},{"addr":140736564317195,"idx":6},{"addr":140736564310991,"idx":7},{"addr":140736564312326,"idx":8},{"addr":140736564315077,"idx":9},{"addr":140736823462372,"idx":10},{"addr":140736823295874,"idx":11},{"addr":140736823487430,"idx":12},{"addr":140734019708007,"idx":13},{"addr":140734019690866,"idx":14},{"addr":140734019706334,"idx":15},{"addr":140736917282525,"idx":16},{"addr":140736917350969,"idx":17},{"addr":140736897083607,"idx":18},{"addr":140736916996940,"idx":19}],,,,,,,,,19992,,,,,,,,,,,,,,,,,,,,,,,,,,,,,,,,,,,,2757975175,140736805928960,140736805928960,801211,749568,,,,,,,,,,,,,,,,,,,,,,,,,,,,,,,,,,,,,,,,,,,,,,,,,,,,,,,,,,,,,,,,,,,,,,,
"2025-09-02 15:13:22.7434061Z","ETW","Microsoft-Windows-Kernel-File",30,"CreateNewFileInfo ",19992,20412,"svchost.exe",,,,"C:\ProgramData\Microsoft\Windows\WER\Temp\WER.6e03aa45-93f0-4eab-8c39-16d0d92258da.tmp.csv",,,,,,,,,,,,[{"addr":140736918205268,"idx":0},{"addr":140736872716567,"idx":1},{"addr":140736872407957,"idx":2},{"addr":140734019681519,"idx":3},{"addr":140734019708071,"idx":4},{"addr":140734019690866,"idx":5},{"addr":140734019706334,"idx":6},{"addr":140736917282525,"idx":7},{"addr":140736917350969,"idx":8},{"addr":140736897083607,"idx":9},{"addr":140736916996940,"idx":10}],128,33554528,18446660011106621008,18446660011190080392,20412,0,,,,,,,,,,,,,,,,,,,,,,,,,,,,,,,,,,,,,,,,,,,,,,,,,,,,,,,,,,,,,,,,,,,,,,,,,,,,,,,,,,,,,,,,,,,,,,,,,,,,,,,,,,,,,,,,,,
"2025-09-02 15:13:22.7434193Z","ETW","Microsoft-Windows-Kernel-File",10,"NameCreateInfo ",19992,20412,"svchost.exe",,,,"C:\ProgramData\Microsoft\Windows\WER\Temp\WER.6e03aa45-93f0-4eab-8c39-16d0d92258da.tmp.csv",,,,,,,,,,,,[{"addr":140736918205268,"idx":0},{"addr":140736872716567,"idx":1},{"addr":140736872407957,"idx":2},{"addr":140734019681519,"idx":3},{"addr":140734019708071,"idx":4},{"addr":140734019690866,"idx":5},{"addr":140734019706334,"idx":6},{"addr":140736917282525,"idx":7},{"addr":140736917350969,"idx":8},{"addr":140736897083607,"idx":9},{"addr":140736916996940,"idx":10}],,,,,,,18446708904719954288,,,,,,,,,,,,,,,,,,,,,,,,,,,,,,,,,,,,,,,,,,,,,,,,,,,,,,,,,,,,,,,,,,,,,,,,,,,,,,,,,,,,,,,,,,,,,,,,,,,,,,,,,,,,,,,,,
"2025-09-02 15:13:22.7635280Z","ETW","Microsoft-Windows-Kernel-Audit-API-Calls",6,"Info ",1912,8,"MsMpEng.exe",,,,,,,,,,,,,,,,[{"addr":140736918212548,"idx":0},{"addr":140736872857142,"idx":1},{"addr":140736738243895,"idx":2},{"addr":140736738242452,"idx":3},{"addr":140736657604428,"idx":4},{"addr":140736657598535,"idx":5},{"addr":140736657597146,"idx":6},{"addr":140736658259206,"idx":7},{"addr":140736657749938,"idx":8},{"addr":140736657909615,"idx":9},{"addr":140736658079503,"idx":10},{"addr":140736897083607,"idx":11},{"addr":140736916996940,"idx":12}],,,,,,,,,,,,,,,,,,,2097151,0,1912,8,,,,,,,,,,,,,,,,,,,,,,,,,,,,,,,,,,,,,,,,,,,,,,,,,,,,,,,,,,,,,,,,,,,,,,,,,,,,,,,,,,,,,,,,,,,,,,,,,,
"2025-09-02 15:13:22.7645950Z","ETW","Microsoft-Windows-Kernel-Process",5,"ImageLoadInfo ",19992,20412,"svchost.exe",,,,"C:\Windows\System32\policymanager.dll",,,,,,,,,,,,[{"addr":140736918203828,"idx":0},{"addr":140736917192506,"idx":1},{"addr":140736917191278,"idx":2},{"addr":140736917210764,"idx":3},{"addr":140736917201516,"idx":4},{"addr":140736917258922,"idx":5},{"addr":140736916785248,"idx":6},{"addr":140736916784352,"idx":7},{"addr":140736917101952,"idx":8},{"addr":140736872000198,"idx":9},{"addr":140736564313215,"idx":10},{"addr":140736564317195,"idx":11},{"addr":140736564310991,"idx":12},{"addr":140736564312326,"idx":13},{"addr":140736564315077,"idx":14},{"addr":140736823462372,"idx":15},{"addr":140736823295874,"idx":16},{"addr":140736823487430,"idx":17},{"addr":140734019708387,"idx":18},{"addr":140734019690852,"idx":19},{"addr":140734019706334,"idx":20},{"addr":140736917282525,"idx":21},{"addr":140736917350969,"idx":22},{"addr":140736897083607,"idx":23},{"addr":140736916996940,"idx":24}],,,,,,,,,19992,,,,,,,,,,,,,,,,,,,,,,,,,,,,,,,,,,,,2757975175,140736805928960,140736805928960,801211,737280,,,,,,,,,,,,,,,,,,,,,,,,,,,,,,,,,,,,,,,,,,,,,,,,,,,,,,,,,,,,,,,,,,,,,,,
"2025-09-02 15:13:22.7647377Z","ETW","Microsoft-Windows-Kernel-Process",3,"ThreadStartStart ",4,72,"System",,,,,,,,,,,,,,,,[],,,,,,,,,19992,18446639081573257216,18446639081573232640,140736917348896,0,111298670592,864,111304245248,111304212480,140736917348896,,,,,,,,,,,,,,,,,,,,,,,,,,,,,,,,,,,,,,,,,,,,,,,,,,,,,,,,,,,,,,,,,,,,,,,,,,,,,,,,,,,,,,,,,,,,,,,,,,,,,,
"2025-09-02 15:13:22.7647545Z","ETW","Microsoft-Windows-Kernel-Process",5,"ImageLoadInfo ",19992,20412,"svchost.exe",,,,"C:\Windows\System32\msvcrt.dll",,,,,,,,,,,,[{"addr":140736918203828,"idx":0},{"addr":140736917192506,"idx":1},{"addr":140736917191278,"idx":2},{"addr":140736917190209,"idx":3},{"addr":140736916798526,"idx":4},{"addr":140736916790798,"idx":5},{"addr":140736917191656,"idx":6},{"addr":140736917210764,"idx":7},{"addr":140736917201516,"idx":8},{"addr":140736917258922,"idx":9},{"addr":140736916785248,"idx":10},{"addr":140736916784352,"idx":11},{"addr":140736917101952,"idx":12},{"addr":140736872000198,"idx":13},{"addr":140736564313215,"idx":14},{"addr":140736564317195,"idx":15},{"addr":140736564310991,"idx":16},{"addr":140736564312326,"idx":17},{"addr":140736564315077,"idx":18},{"addr":140736823462372,"idx":19},{"addr":140736823295874,"idx":20},{"addr":140736823487430,"idx":21},{"addr":140734019708387,"idx":22},{"addr":140734019690852,"idx":23},{"addr":140734019706334,"idx":24},{"addr":140736917282525,"idx":25},{"addr":140736917350969,"idx":26},{"addr":140736897083607,"idx":27},{"addr":140736916996940,"idx":28}],,,,,,,,,19992,,,,,,,,,,,,,,,,,,,,,,,,,,,,,,,,,,,,2634004398,140736913342464,140736913342464,729924,692224,,,,,,,,,,,,,,,,,,,,,,,,,,,,,,,,,,,,,,,,,,,,,,,,,,,,,,,,,,,,,,,,,,,,,,,
"2025-09-02 15:13:22.7652376Z","ETW","Microsoft-Windows-Kernel-Process",5,"ImageLoadInfo ",19992,20412,"svchost.exe",,,,"C:\Windows\System32\msvcp110_win.dll",,,,,,,,,,,,[{"addr":140736918203828,"idx":0},{"addr":140736917192506,"idx":1},{"addr":140736917191278,"idx":2},{"addr":140736917210764,"idx":3},{"addr":140736917201516,"idx":4},{"addr":140736917258922,"idx":5},{"addr":140736916999751,"idx":6},{"addr":140736916785258,"idx":7},{"addr":140736916784352,"idx":8},{"addr":140736917101952,"idx":9},{"addr":140736872000198,"idx":10},{"addr":140736564313215,"idx":11},{"addr":140736564317195,"idx":12},{"addr":140736564310991,"idx":13},{"addr":140736564312326,"idx":14},{"addr":140736564315077,"idx":15},{"addr":140736823462372,"idx":16},{"addr":140736823295874,"idx":17},{"addr":140736823487430,"idx":18},{"addr":140734019708387,"idx":19},{"addr":140734019690852,"idx":20},{"addr":140734019706334,"idx":21},{"addr":140736917282525,"idx":22},{"addr":140736917350969,"idx":23},{"addr":140736897083607,"idx":24},{"addr":140736916996940,"idx":25}],,,,,,,,,19992,,,,,,,,,,,,,,,,,,,,,,,,,,,,,,,,,,,,3464179610,140736793542656,140736793542656,602786,593920,,,,,,,,,,,,,,,,,,,,,,,,,,,,,,,,,,,,,,,,,,,,,,,,,,,,,,,,,,,,,,,,,,,,,,,
"2025-09-02 15:13:22.7657213Z","ETW","Microsoft-Windows-Kernel-Process",3,"ThreadStartStart ",19464,11200,"CalculatorApp.exe",,,,,,,,,,,,,,,,[{"addr":140736918214756,"idx":0},{"addr":140736917356893,"idx":1},{"addr":140736917350035,"idx":2},{"addr":140736897083607,"idx":3},{"addr":140736916996940,"idx":4}],,,,,,,,,19464,18446639081573228544,18446639081573203968,140736917348896,0,926182543360,22384,926204035072,926204030976,140736917348896,,,,,,,,,,,,,,,,,,,,,,,,,,,,,,,,,,,,,,,,,,,,,,,,,,,,,,,,,,,,,,,,,,,,,,,,,,,,,,,,,,,,,,,,,,,,,,,,,,,,,,
"2025-09-02 15:13:22.7658777Z","ETW","Microsoft-Windows-Kernel-Process",3,"ThreadStartStart ",944,13532,"svchost.exe",,,,,,,,,,,,,,,,[{"addr":140736918216388,"idx":0},{"addr":140736917669762,"idx":1},{"addr":140736882108009,"idx":2},{"addr":140736882106619,"idx":3},{"addr":140736882102691,"idx":4},{"addr":140736882098504,"idx":5},{"addr":140736917358174,"idx":6},{"addr":140736917350275,"idx":7},{"addr":140736897083607,"idx":8},{"addr":140736916996940,"idx":9}],,,,,,,,,944,18446639081573343232,18446639081573318656,140736917348896,156,137066975232,11048,137072476160,137072443392,140736917348896,,,,,,,,,,,,,,,,,,,,,,,,,,,,,,,,,,,,,,,,,,,,,,,,,,,,,,,,,,,,,,,,,,,,,,,,,,,,,,,,,,,,,,,,,,,,,,,,,,,,,,
"2025-09-02 15:13:22.7659161Z","ETW","Microsoft-Windows-Kernel-Audit-API-Calls",5,"Info ",19464,11288,"CalculatorApp.exe",,,,,,,,,,,,,,,,[{"addr":140736918203764,"idx":0},{"addr":140736872731894,"idx":1},{"addr":140736717697306,"idx":2},{"addr":140736717689074,"idx":3},{"addr":140736718108111,"idx":4},{"addr":140733857021493,"idx":5},{"addr":140733857023336,"idx":6},{"addr":140733857605967,"idx":7},{"addr":140733856624847,"idx":8},{"addr":140733857089639,"idx":9},{"addr":140733857089985,"idx":10},{"addr":140733857743699,"idx":11},{"addr":140736678285232,"idx":12},{"addr":140736678284834,"idx":13},{"addr":140736676174983,"idx":14},{"addr":140736679097161,"idx":15},{"addr":140736675050326,"idx":16},{"addr":140736675634120,"idx":17},{"addr":140736675626670,"idx":18},{"addr":140736914162134,"idx":19},{"addr":140736914160220,"idx":20},{"addr":140736914362035,"idx":21},{"addr":140736918218964,"idx":22},{"addr":140736876122948,"idx":23},{"addr":140736914159066,"idx":24},{"addr":140736914158228,"idx":25},{"addr":140736914157695,"idx":26},{"addr":140736676697001,"idx":27},{"addr":140736674883833,"idx":28},{"addr":140736677072705,"idx":29},{"addr":140736677072103,"idx":30},{"addr":140736676345234,"idx":31},{"addr":140736675726409,"idx":32},{"addr":140736679701401,"idx":33},{"addr":140736679700628,"idx":34},{"addr":140736675626782,"idx":35},{"addr":140736679658534,"idx":36},{"addr":140736813613757,"idx":37},{"addr":140736813610267,"idx":38},{"addr":140736813940562,"idx":39},{"addr":140736813625204,"idx":40},{"addr":140736813624077,"idx":41},{"addr":140736813683309,"idx":42},{"addr":140736813684989,"idx":43},{"addr":140736813684120,"idx":44},{"addr":140736813678539,"idx":45},{"addr":140736914162134,"idx":46},{"addr":140736914160220,"idx":47},{"addr":140736914362035,"idx":48},{"addr":140736918218964,"idx":49},{"addr":140736876122820,"idx":50},{"addr":140736914122143,"idx":51},{"addr":140736914122024,"idx":52},{"addr":140736701244542,"idx":53},{"addr":140736701243712,"idx":54},{"addr":140736701242814,"idx":55},{"addr":140736717678445,"idx":56},{"addr":140736717678250,"idx":57},{"addr":140736717677938,"idx":58},{"addr":140736902955098,"idx":59},{"addr":140736897083607,"idx":60},{"addr":140736916996940,"idx":61}],,,,,,,,,,,,,,,,,,,4096,0,19464,,,,,,,,,,,,,,,,,,,,,,,,,,,,,,,,,,,,,,,,,,,,,,,,,,,,,,,,,,,,,,,,,,,,,,,,,,,,,,,,,,,,,,,,,,,,,,,,,,,
"2025-09-02 15:13:22.7661802Z","ETW","Microsoft-Windows-Kernel-Process",3,"ThreadStartStart ",19464,22384,"CalculatorApp.exe",,,,,,,,,,,,,,,,[{"addr":140736918214756,"idx":0},{"addr":140736917356893,"idx":1},{"addr":140736917350035,"idx":2},{"addr":140736897083607,"idx":3},{"addr":140736916996940,"idx":4}],,,,,,,,,19464,18446639081573945344,18446639081573920768,140736917348896,0,926182551552,6364,926205083648,926205079552,140736917348896,,,,,,,,,,,,,,,,,,,,,,,,,,,,,,,,,,,,,,,,,,,,,,,,,,,,,,,,,,,,,,,,,,,,,,,,,,,,,,,,,,,,,,,,,,,,,,,,,,,,,,
"2025-09-02 15:13:22.7664987Z","ETW","Microsoft-Windows-Kernel-Process",5,"ImageLoadInfo ",19464,11288,"CalculatorApp.exe",,,,"C:\Windows\System32\twinapi.dll",,,,,,,,,,,,[{"addr":140736918203828,"idx":0},{"addr":140736917192506,"idx":1},{"addr":140736917191278,"idx":2},{"addr":140736917210764,"idx":3},{"addr":140736917202269,"idx":4},{"addr":140736917259140,"idx":5},{"addr":140736916785248,"idx":6},{"addr":140736916784352,"idx":7},{"addr":140736917101952,"idx":8},{"addr":140736872000198,"idx":9},{"addr":140736909363845,"idx":10},{"addr":140736909362547,"idx":11},{"addr":140736909360794,"idx":12},{"addr":140736909561496,"idx":13},{"addr":140736909365281,"idx":14},{"addr":140736909356853,"idx":15},{"addr":140736910270317,"idx":16},{"addr":140736909359719,"idx":17},{"addr":140736909871367,"idx":18},{"addr":140736910338829,"idx":19},{"addr":140736910332465,"idx":20},{"addr":140736910348734,"idx":21},{"addr":140736910270317,"idx":22},{"addr":140736909350430,"idx":23},{"addr":140736910270317,"idx":24},{"addr":140736909553458,"idx":25},{"addr":140736909548907,"idx":26},{"addr":140736909576880,"idx":27},{"addr":140736718182063,"idx":28},{"addr":140736718181883,"idx":29},{"addr":140736717689136,"idx":30},{"addr":140736718108111,"idx":31},{"addr":140733857021493,"idx":32},{"addr":140733857023336,"idx":33},{"addr":140733857605967,"idx":34},{"addr":140733856624847,"idx":35},{"addr":140733857089639,"idx":36},{"addr":140733857089985,"idx":37},{"addr":140733857743699,"idx":38},{"addr":140736678285232,"idx":39},{"addr":140736678284834,"idx":40},{"addr":140736676174983,"idx":41},{"addr":140736679097161,"idx":42},{"addr":140736675050326,"idx":43},{"addr":140736675634120,"idx":44},{"addr":140736675626670,"idx":45},{"addr":140736914162134,"idx":46},{"addr":140736914160220,"idx":47},{"addr":140736914362035,"idx":48},{"addr":140736918218964,"idx":49},{"addr":140736876122948,"idx":50},{"addr":140736914159066,"idx":51},{"addr":140736914158228,"idx":52},{"addr":140736914157695,"idx":53},{"addr":140736676697001,"idx":54},{"addr":140736674883833,"idx":55},{"addr":140736677072705,"idx":56},{"addr":140736677072103,"idx":57},{"addr":140736676345234,"idx":58},{"addr":140736675726409,"idx":59},{"addr":140736679701401,"idx":60},{"addr":140736679700628,"idx":61},{"addr":140736675626782,"idx":62},{"addr":140736679658534,"idx":63},{"addr":140736813613757,"idx":64},{"addr":140736813610267,"idx":65},{"addr":140736813940562,"idx":66},{"addr":140736813625204,"idx":67},{"addr":140736813624077,"idx":68},{"addr":140736813683309,"idx":69},{"addr":140736813684989,"idx":70},{"addr":140736813684120,"idx":71},{"addr":140736813678539,"idx":72},{"addr":140736914162134,"idx":73},{"addr":140736914160220,"idx":74},{"addr":140736914362035,"idx":75},{"addr":140736918218964,"idx":76},{"addr":140736876122820,"idx":77},{"addr":140736914122143,"idx":78},{"addr":140736914122024,"idx":79},{"addr":140736701244542,"idx":80},{"addr":140736701243712,"idx":81},{"addr":140736701242814,"idx":82},{"addr":140736717678445,"idx":83},{"addr":140736717678250,"idx":84},{"addr":140736717677938,"idx":85},{"addr":140736902955098,"idx":86},{"addr":140736897083607,"idx":87},{"addr":140736916996940,"idx":88}],,,,,,,,,19464,,,,,,,,,,,,,,,,,,,,,,,,,,,,,,,,,,,,3090490150,140736402620416,140736402620416,763599,712704,,,,,,,,,,,,,,,,,,,,,,,,,,,,,,,,,,,,,,,,,,,,,,,,,,,,,,,,,,,,,,,,,,,,,,,
"2025-09-02 15:13:22.7668734Z","ETW","Microsoft-Windows-Kernel-Process",3,"ThreadStartStart ",19464,6364,"CalculatorApp.exe",,,,,,,,,,,,,,,,[{"addr":140736918216388,"idx":0},{"addr":140736917258753,"idx":1},{"addr":140736872809483,"idx":2},{"addr":140736902986336,"idx":3},{"addr":140736917282525,"idx":4},{"addr":140736917350969,"idx":5},{"addr":140736897083607,"idx":6},{"addr":140736916996940,"idx":7}],,,,,,,,,19464,18446639081576157184,18446639081576132608,140736917348896,0,926182559744,13068,926206132224,926206128128,140736917348896,,,,,,,,,,,,,,,,,,,,,,,,,,,,,,,,,,,,,,,,,,,,,,,,,,,,,,,,,,,,,,,,,,,,,,,,,,,,,,,,,,,,,,,,,,,,,,,,,,,,,,
"2025-09-02 15:13:22.7681126Z","ETW","Microsoft-Windows-Kernel-Process",6,"ImageUnloadInfo ",19992,20412,"svchost.exe",,,,"C:\Windows\System32\msvcp110_win.dll",,,,,,,,,,,,[{"addr":140736918203892,"idx":0},{"addr":140736917028534,"idx":1},{"addr":140736916779098,"idx":2},{"addr":140736916769422,"idx":3},{"addr":140736916769266,"idx":4},{"addr":140736916768404,"idx":5},{"addr":140736916773680,"idx":6},{"addr":140736872000489,"idx":7},{"addr":140736564313988,"idx":8},{"addr":140736564317195,"idx":9},{"addr":140736564310991,"idx":10},{"addr":140736564312326,"idx":11},{"addr":140736564315077,"idx":12},{"addr":140736823462372,"idx":13},{"addr":140736823295874,"idx":14},{"addr":140736823487430,"idx":15},{"addr":140734019708387,"idx":16},{"addr":140734019690852,"idx":17},{"addr":140734019706334,"idx":18},{"addr":140736917282525,"idx":19},{"addr":140736917350969,"idx":20},{"addr":140736897083607,"idx":21},{"addr":140736916996940,"idx":22}],,,,,,,,,19992,,,,,,,,,,,,,,,,,,,,,,,,,,,,,,,,,,,,3464179610,140736793542656,140736793542656,602786,606208,,,,,,,,,,,,,,,,,,,,,,,,,,,,,,,,,,,,,,,,,,,,,,,,,,,,,,,,,,,,,,,,,,,,,,,
"2025-09-02 15:13:22.7682264Z","ETW","Microsoft-Windows-Kernel-Process",6,"ImageUnloadInfo ",19992,20412,"svchost.exe",,,,"C:\Windows\System32\msvcrt.dll",,,,,,,,,,,,[{"addr":140736918203892,"idx":0},{"addr":140736917028534,"idx":1},{"addr":140736916779098,"idx":2},{"addr":140736916769422,"idx":3},{"addr":140736916769266,"idx":4},{"addr":140736916768404,"idx":5},{"addr":140736916773680,"idx":6},{"addr":140736872000489,"idx":7},{"addr":140736564313988,"idx":8},{"addr":140736564317195,"idx":9},{"addr":140736564310991,"idx":10},{"addr":140736564312326,"idx":11},{"addr":140736564315077,"idx":12},{"addr":140736823462372,"idx":13},{"addr":140736823295874,"idx":14},{"addr":140736823487430,"idx":15},{"addr":140734019708387,"idx":16},{"addr":140734019690852,"idx":17},{"addr":140734019706334,"idx":18},{"addr":140736917282525,"idx":19},{"addr":140736917350969,"idx":20},{"addr":140736897083607,"idx":21},{"addr":140736916996940,"idx":22}],,,,,,,,,19992,,,,,,,,,,,,,,,,,,,,,,,,,,,,,,,,,,,,2634004398,140736913342464,140736913342464,729924,704512,,,,,,,,,,,,,,,,,,,,,,,,,,,,,,,,,,,,,,,,,,,,,,,,,,,,,,,,,,,,,,,,,,,,,,,
"2025-09-02 15:13:22.7682852Z","ETW","Microsoft-Windows-Kernel-Process",6,"ImageUnloadInfo ",19992,20412,"svchost.exe",,,,"C:\Windows\System32\policymanager.dll",,,,,,,,,,,,[{"addr":140736918203892,"idx":0},{"addr":140736917028534,"idx":1},{"addr":140736916779098,"idx":2},{"addr":140736916773567,"idx":3},{"addr":140736872000489,"idx":4},{"addr":140736564313988,"idx":5},{"addr":140736564317195,"idx":6},{"addr":140736564310991,"idx":7},{"addr":140736564312326,"idx":8},{"addr":140736564315077,"idx":9},{"addr":140736823462372,"idx":10},{"addr":140736823295874,"idx":11},{"addr":140736823487430,"idx":12},{"addr":140734019708387,"idx":13},{"addr":140734019690852,"idx":14},{"addr":140734019706334,"idx":15},{"addr":140736917282525,"idx":16},{"addr":140736917350969,"idx":17},{"addr":140736897083607,"idx":18},{"addr":140736916996940,"idx":19}],,,,,,,,,19992,,,,,,,,,,,,,,,,,,,,,,,,,,,,,,,,,,,,2757975175,140736805928960,140736805928960,801211,749568,,,,,,,,,,,,,,,,,,,,,,,,,,,,,,,,,,,,,,,,,,,,,,,,,,,,,,,,,,,,,,,,,,,,,,,
"2025-09-02 15:13:22.7692874Z","ETW","Microsoft-Windows-Kernel-Audit-API-Calls",5,"Info ",5380,5932,"explorer.exe",,,,,,,,,,,,,,,,[{"addr":140736918206916,"idx":0},{"addr":140736882337646,"idx":1},{"addr":140736910267593,"idx":2},{"addr":140736385093137,"idx":3},{"addr":140736385092915,"idx":4},{"addr":140736882620003,"idx":5},{"addr":140736882628366,"idx":6},{"addr":140736881847376,"idx":7},{"addr":140736909646461,"idx":8},{"addr":140736909646267,"idx":9},{"addr":140736909643574,"idx":10},{"addr":140736909641089,"idx":11},{"addr":140736910206646,"idx":12},{"addr":140736909293663,"idx":13},{"addr":140736909422200,"idx":14},{"addr":140736909415344,"idx":15},{"addr":140736909399044,"idx":16},{"addr":140736909260610,"idx":17},{"addr":140736909258954,"idx":18},{"addr":140736385071819,"idx":19},{"addr":140736385153039,"idx":20},{"addr":140736385398901,"idx":21},{"addr":140736385399961,"idx":22},{"addr":140736897083607,"idx":23},{"addr":140736916996940,"idx":24}],,,,,,,,,,,,,,,,,,,4096,0,19464,,,,,,,,,,,,,,,,,,,,,,,,,,,,,,,,,,,,,,,,,,,,,,,,,,,,,,,,,,,,,,,,,,,,,,,,,,,,,,,,,,,,,,,,,,,,,,,,,,,
"2025-09-02 15:13:22.7696596Z","ETW","Microsoft-Windows-Kernel-Audit-API-Calls",5,"Info ",8144,15816,"ApplicationFrameHost.exe",,,,,,,,,,,,,,,,[{"addr":140736918203764,"idx":0},{"addr":140736872731894,"idx":1},{"addr":140736717697306,"idx":2},{"addr":140736376463684,"idx":3},{"addr":140736376676160,"idx":4},{"addr":140736902703990,"idx":5},{"addr":140736902703274,"idx":6},{"addr":140736902700103,"idx":7},{"addr":140736897083607,"idx":8},{"addr":140736916996940,"idx":9}],,,,,,,,,,,,,,,,,,,4096,0,8144,,,,,,,,,,,,,,,,,,,,,,,,,,,,,,,,,,,,,,,,,,,,,,,,,,,,,,,,,,,,,,,,,,,,,,,,,,,,,,,,,,,,,,,,,,,,,,,,,,,
"2025-09-02 15:13:22.7698196Z","ETW","Microsoft-Windows-Kernel-Audit-API-Calls",5,"Info ",5380,5932,"explorer.exe",,,,,,,,,,,,,,,,[{"addr":140736918206916,"idx":0},{"addr":140736882337646,"idx":1},{"addr":140736910267593,"idx":2},{"addr":140736385093137,"idx":3},{"addr":140736385092915,"idx":4},{"addr":140736882620003,"idx":5},{"addr":140736882628366,"idx":6},{"addr":140736881847376,"idx":7},{"addr":140736909646461,"idx":8},{"addr":140736909646267,"idx":9},{"addr":140736909643574,"idx":10},{"addr":140736909641089,"idx":11},{"addr":140736910206646,"idx":12},{"addr":140736909293663,"idx":13},{"addr":140736909422200,"idx":14},{"addr":140736909415344,"idx":15},{"addr":140736909399044,"idx":16},{"addr":140736909260610,"idx":17},{"addr":140736909258954,"idx":18},{"addr":140736385071819,"idx":19},{"addr":140736385153039,"idx":20},{"addr":140736385398901,"idx":21},{"addr":140736385399961,"idx":22},{"addr":140736897083607,"idx":23},{"addr":140736916996940,"idx":24}],,,,,,,,,,,,,,,,,,,4096,0,19464,,,,,,,,,,,,,,,,,,,,,,,,,,,,,,,,,,,,,,,,,,,,,,,,,,,,,,,,,,,,,,,,,,,,,,,,,,,,,,,,,,,,,,,,,,,,,,,,,,,
"2025-09-02 15:13:22.7699001Z","ETW","Microsoft-Windows-Kernel-Audit-API-Calls",5,"Info ",5380,5932,"explorer.exe",,,,,,,,,,,,,,,,[{"addr":140736918206916,"idx":0},{"addr":140736882337646,"idx":1},{"addr":140736910267593,"idx":2},{"addr":140736385093137,"idx":3},{"addr":140736385092915,"idx":4},{"addr":140736882620003,"idx":5},{"addr":140736882628366,"idx":6},{"addr":140736881847376,"idx":7},{"addr":140736909646461,"idx":8},{"addr":140736909646267,"idx":9},{"addr":140736909643574,"idx":10},{"addr":140736909641089,"idx":11},{"addr":140736910206646,"idx":12},{"addr":140736909293663,"idx":13},{"addr":140736909422200,"idx":14},{"addr":140736909415344,"idx":15},{"addr":140736909399044,"idx":16},{"addr":140736909260610,"idx":17},{"addr":140736909258954,"idx":18},{"addr":140736385071819,"idx":19},{"addr":140736385153039,"idx":20},{"addr":140736385398901,"idx":21},{"addr":140736385399961,"idx":22},{"addr":140736897083607,"idx":23},{"addr":140736916996940,"idx":24}],,,,,,,,,,,,,,,,,,,4096,0,19464,,,,,,,,,,,,,,,,,,,,,,,,,,,,,,,,,,,,,,,,,,,,,,,,,,,,,,,,,,,,,,,,,,,,,,,,,,,,,,,,,,,,,,,,,,,,,,,,,,,
"2025-09-02 15:13:22.7701392Z","ETW","Microsoft-Windows-Kernel-Audit-API-Calls",5,"Info ",5380,5932,"explorer.exe",,,,,,,,,,,,,,,,[{"addr":140736918206916,"idx":0},{"addr":140736882337646,"idx":1},{"addr":140736910267593,"idx":2},{"addr":140736385093137,"idx":3},{"addr":140736385092915,"idx":4},{"addr":140736882620003,"idx":5},{"addr":140736882628366,"idx":6},{"addr":140736881847376,"idx":7},{"addr":140736909646461,"idx":8},{"addr":140736909646267,"idx":9},{"addr":140736909643574,"idx":10},{"addr":140736909641089,"idx":11},{"addr":140736910206646,"idx":12},{"addr":140736909293663,"idx":13},{"addr":140736909422200,"idx":14},{"addr":140736909415344,"idx":15},{"addr":140736909399044,"idx":16},{"addr":140736909260610,"idx":17},{"addr":140736909258954,"idx":18},{"addr":140736385071819,"idx":19},{"addr":140736385153039,"idx":20},{"addr":140736385398901,"idx":21},{"addr":140736385399961,"idx":22},{"addr":140736897083607,"idx":23},{"addr":140736916996940,"idx":24}],,,,,,,,,,,,,,,,,,,4096,0,19464,,,,,,,,,,,,,,,,,,,,,,,,,,,,,,,,,,,,,,,,,,,,,,,,,,,,,,,,,,,,,,,,,,,,,,,,,,,,,,,,,,,,,,,,,,,,,,,,,,,
"2025-09-02 15:13:22.7703146Z","ETW","Microsoft-Windows-Kernel-Audit-API-Calls",5,"Info ",5380,5932,"explorer.exe",,,,,,,,,,,,,,,,[{"addr":140736918206916,"idx":0},{"addr":140736882337646,"idx":1},{"addr":140736910267593,"idx":2},{"addr":140736385093137,"idx":3},{"addr":140736385092915,"idx":4},{"addr":140736882620003,"idx":5},{"addr":140736882628366,"idx":6},{"addr":140736881847376,"idx":7},{"addr":140736909646461,"idx":8},{"addr":140736909646267,"idx":9},{"addr":140736909643574,"idx":10},{"addr":140736909641089,"idx":11},{"addr":140736910206646,"idx":12},{"addr":140736909293663,"idx":13},{"addr":140736909422200,"idx":14},{"addr":140736909415344,"idx":15},{"addr":140736909399044,"idx":16},{"addr":140736909260610,"idx":17},{"addr":140736909258954,"idx":18},{"addr":140736385071819,"idx":19},{"addr":140736385153039,"idx":20},{"addr":140736385398901,"idx":21},{"addr":140736385399961,"idx":22},{"addr":140736897083607,"idx":23},{"addr":140736916996940,"idx":24}],,,,,,,,,,,,,,,,,,,4096,0,19464,,,,,,,,,,,,,,,,,,,,,,,,,,,,,,,,,,,,,,,,,,,,,,,,,,,,,,,,,,,,,,,,,,,,,,,,,,,,,,,,,,,,,,,,,,,,,,,,,,,
"2025-09-02 15:13:22.7703569Z","ETW","Microsoft-Windows-Kernel-Audit-API-Calls",5,"Info ",8144,15816,"ApplicationFrameHost.exe",,,,,,,,,,,,,,,,[{"addr":140736918203764,"idx":0},{"addr":140736872731894,"idx":1},{"addr":140736717697306,"idx":2},{"addr":140736376463684,"idx":3},{"addr":140736376676160,"idx":4},{"addr":140736902703990,"idx":5},{"addr":140736902703274,"idx":6},{"addr":140736902700103,"idx":7},{"addr":140736897083607,"idx":8},{"addr":140736916996940,"idx":9}],,,,,,,,,,,,,,,,,,,4096,0,8144,,,,,,,,,,,,,,,,,,,,,,,,,,,,,,,,,,,,,,,,,,,,,,,,,,,,,,,,,,,,,,,,,,,,,,,,,,,,,,,,,,,,,,,,,,,,,,,,,,,
"2025-09-02 15:13:22.7703742Z","ETW","Microsoft-Windows-Kernel-Audit-API-Calls",5,"Info ",5380,5932,"explorer.exe",,,,,,,,,,,,,,,,[{"addr":140736918206916,"idx":0},{"addr":140736882337646,"idx":1},{"addr":140736910267593,"idx":2},{"addr":140736385093137,"idx":3},{"addr":140736385092915,"idx":4},{"addr":140736882620003,"idx":5},{"addr":140736882628366,"idx":6},{"addr":140736881847376,"idx":7},{"addr":140736909646461,"idx":8},{"addr":140736909646267,"idx":9},{"addr":140736909643574,"idx":10},{"addr":140736909641089,"idx":11},{"addr":140736910206646,"idx":12},{"addr":140736909293663,"idx":13},{"addr":140736909422200,"idx":14},{"addr":140736909415344,"idx":15},{"addr":140736909399044,"idx":16},{"addr":140736909260610,"idx":17},{"addr":140736909258954,"idx":18},{"addr":140736385071819,"idx":19},{"addr":140736385153039,"idx":20},{"addr":140736385398901,"idx":21},{"addr":140736385399961,"idx":22},{"addr":140736897083607,"idx":23},{"addr":140736916996940,"idx":24}],,,,,,,,,,,,,,,,,,,4096,0,19464,,,,,,,,,,,,,,,,,,,,,,,,,,,,,,,,,,,,,,,,,,,,,,,,,,,,,,,,,,,,,,,,,,,,,,,,,,,,,,,,,,,,,,,,,,,,,,,,,,,
"2025-09-02 15:13:22.7706183Z","ETW","Microsoft-Windows-Kernel-Audit-API-Calls",5,"Info ",5380,5932,"explorer.exe",,,,,,,,,,,,,,,,[{"addr":140736918206916,"idx":0},{"addr":140736882337646,"idx":1},{"addr":140736910267593,"idx":2},{"addr":140736385093137,"idx":3},{"addr":140736385092915,"idx":4},{"addr":140736882620003,"idx":5},{"addr":140736882628366,"idx":6},{"addr":140736881847376,"idx":7},{"addr":140736909646461,"idx":8},{"addr":140736909646267,"idx":9},{"addr":140736909643574,"idx":10},{"addr":140736909641089,"idx":11},{"addr":140736910206646,"idx":12},{"addr":140736909293663,"idx":13},{"addr":140736909422200,"idx":14},{"addr":140736909415344,"idx":15},{"addr":140736909399044,"idx":16},{"addr":140736909260610,"idx":17},{"addr":140736909258954,"idx":18},{"addr":140736385071819,"idx":19},{"addr":140736385153039,"idx":20},{"addr":140736385398901,"idx":21},{"addr":140736385399961,"idx":22},{"addr":140736897083607,"idx":23},{"addr":140736916996940,"idx":24}],,,,,,,,,,,,,,,,,,,4096,0,19464,,,,,,,,,,,,,,,,,,,,,,,,,,,,,,,,,,,,,,,,,,,,,,,,,,,,,,,,,,,,,,,,,,,,,,,,,,,,,,,,,,,,,,,,,,,,,,,,,,,
"2025-09-02 15:13:22.7709275Z","ETW","Microsoft-Windows-Kernel-Audit-API-Calls",5,"Info ",5380,5932,"explorer.exe",,,,,,,,,,,,,,,,[{"addr":140736918206916,"idx":0},{"addr":140736882337646,"idx":1},{"addr":140736910267593,"idx":2},{"addr":140736385093137,"idx":3},{"addr":140736385092915,"idx":4},{"addr":140736882620003,"idx":5},{"addr":140736882628366,"idx":6},{"addr":140736881847376,"idx":7},{"addr":140736909646461,"idx":8},{"addr":140736909646267,"idx":9},{"addr":140736909643574,"idx":10},{"addr":140736909641089,"idx":11},{"addr":140736910206646,"idx":12},{"addr":140736909293663,"idx":13},{"addr":140736909422200,"idx":14},{"addr":140736909415344,"idx":15},{"addr":140736909399044,"idx":16},{"addr":140736909260610,"idx":17},{"addr":140736909258954,"idx":18},{"addr":140736385071819,"idx":19},{"addr":140736385153039,"idx":20},{"addr":140736385398901,"idx":21},{"addr":140736385399961,"idx":22},{"addr":140736897083607,"idx":23},{"addr":140736916996940,"idx":24}],,,,,,,,,,,,,,,,,,,4096,0,19464,,,,,,,,,,,,,,,,,,,,,,,,,,,,,,,,,,,,,,,,,,,,,,,,,,,,,,,,,,,,,,,,,,,,,,,,,,,,,,,,,,,,,,,,,,,,,,,,,,,
"2025-09-02 15:13:22.7709348Z","ETW","Microsoft-Windows-Kernel-Audit-API-Calls",5,"Info ",8144,15816,"ApplicationFrameHost.exe",,,,,,,,,,,,,,,,[{"addr":140736918203764,"idx":0},{"addr":140736872731894,"idx":1},{"addr":140736717697306,"idx":2},{"addr":140736376463684,"idx":3},{"addr":140736376676160,"idx":4},{"addr":140736902703990,"idx":5},{"addr":140736902703274,"idx":6},{"addr":140736902700103,"idx":7},{"addr":140736897083607,"idx":8},{"addr":140736916996940,"idx":9}],,,,,,,,,,,,,,,,,,,4096,0,8144,,,,,,,,,,,,,,,,,,,,,,,,,,,,,,,,,,,,,,,,,,,,,,,,,,,,,,,,,,,,,,,,,,,,,,,,,,,,,,,,,,,,,,,,,,,,,,,,,,,
"2025-09-02 15:13:22.7712105Z","ETW","Microsoft-Windows-Kernel-File",30,"CreateNewFileInfo ",19992,20412,"svchost.exe",,,,"C:\ProgramData\Microsoft\Windows\WER\Temp\WER.49ba3eca-2833-4071-90de-2a2f8ae4fb90.tmp.txt",,,,,,,,,,,,[{"addr":140736918205268,"idx":0},{"addr":140736872716567,"idx":1},{"addr":140736872407957,"idx":2},{"addr":140734019681519,"idx":3},{"addr":140734019708451,"idx":4},{"addr":140734019690852,"idx":5},{"addr":140734019706334,"idx":6},{"addr":140736917282525,"idx":7},{"addr":140736917350969,"idx":8},{"addr":140736897083607,"idx":9},{"addr":140736916996940,"idx":10}],128,33554528,18446660011223758080,18446660010787292040,20412,0,,,,,,,,,,,,,,,,,,,,,,,,,,,,,,,,,,,,,,,,,,,,,,,,,,,,,,,,,,,,,,,,,,,,,,,,,,,,,,,,,,,,,,,,,,,,,,,,,,,,,,,,,,,,,,,,,,
"2025-09-02 15:13:22.7712488Z","ETW","Microsoft-Windows-Kernel-File",10,"NameCreateInfo ",19992,20412,"svchost.exe",,,,"C:\ProgramData\Microsoft\Windows\WER\Temp\WER.49ba3eca-2833-4071-90de-2a2f8ae4fb90.tmp.txt",,,,,,,,,,,,[{"addr":140736918205268,"idx":0},{"addr":140736872716567,"idx":1},{"addr":140736872407957,"idx":2},{"addr":140734019681519,"idx":3},{"addr":140734019708451,"idx":4},{"addr":140734019690852,"idx":5},{"addr":140734019706334,"idx":6},{"addr":140736917282525,"idx":7},{"addr":140736917350969,"idx":8},{"addr":140736897083607,"idx":9},{"addr":140736916996940,"idx":10}],,,,,,,18446708904619995504,,,,,,,,,,,,,,,,,,,,,,,,,,,,,,,,,,,,,,,,,,,,,,,,,,,,,,,,,,,,,,,,,,,,,,,,,,,,,,,,,,,,,,,,,,,,,,,,,,,,,,,,,,,,,,,,,
"2025-09-02 15:13:22.7713674Z","ETW","Microsoft-Windows-Kernel-Audit-API-Calls",5,"Info ",8144,15816,"ApplicationFrameHost.exe",,,,,,,,,,,,,,,,[{"addr":140736918203764,"idx":0},{"addr":140736872731894,"idx":1},{"addr":140736717697306,"idx":2},{"addr":140736376463684,"idx":3},{"addr":140736376676160,"idx":4},{"addr":140736902703990,"idx":5},{"addr":140736902703274,"idx":6},{"addr":140736902700103,"idx":7},{"addr":140736897083607,"idx":8},{"addr":140736916996940,"idx":9}],,,,,,,,,,,,,,,,,,,4096,0,8144,,,,,,,,,,,,,,,,,,,,,,,,,,,,,,,,,,,,,,,,,,,,,,,,,,,,,,,,,,,,,,,,,,,,,,,,,,,,,,,,,,,,,,,,,,,,,,,,,,,
"2025-09-02 15:13:22.7717404Z","ETW","Microsoft-Windows-Kernel-Audit-API-Calls",5,"Info ",8144,15816,"ApplicationFrameHost.exe",,,,,,,,,,,,,,,,[{"addr":140736918203764,"idx":0},{"addr":140736872731894,"idx":1},{"addr":140736717697306,"idx":2},{"addr":140736376463684,"idx":3},{"addr":140736376676160,"idx":4},{"addr":140736902703990,"idx":5},{"addr":140736902703274,"idx":6},{"addr":140736902700103,"idx":7},{"addr":140736897083607,"idx":8},{"addr":140736916996940,"idx":9}],,,,,,,,,,,,,,,,,,,4096,0,8144,,,,,,,,,,,,,,,,,,,,,,,,,,,,,,,,,,,,,,,,,,,,,,,,,,,,,,,,,,,,,,,,,,,,,,,,,,,,,,,,,,,,,,,,,,,,,,,,,,,
"2025-09-02 15:13:22.7720979Z","ETW","Microsoft-Windows-Kernel-Audit-API-Calls",5,"Info ",8144,15816,"ApplicationFrameHost.exe",,,,,,,,,,,,,,,,[{"addr":140736918203764,"idx":0},{"addr":140736872731894,"idx":1},{"addr":140736717697306,"idx":2},{"addr":140736376463684,"idx":3},{"addr":140736376676160,"idx":4},{"addr":140736902703990,"idx":5},{"addr":140736902703274,"idx":6},{"addr":140736902700103,"idx":7},{"addr":140736897083607,"idx":8},{"addr":140736916996940,"idx":9}],,,,,,,,,,,,,,,,,,,4096,0,8144,,,,,,,,,,,,,,,,,,,,,,,,,,,,,,,,,,,,,,,,,,,,,,,,,,,,,,,,,,,,,,,,,,,,,,,,,,,,,,,,,,,,,,,,,,,,,,,,,,,
"2025-09-02 15:13:22.7725145Z","ETW","Microsoft-Windows-Kernel-Audit-API-Calls",5,"Info ",8144,15816,"ApplicationFrameHost.exe",,,,,,,,,,,,,,,,[{"addr":140736918203764,"idx":0},{"addr":140736872731894,"idx":1},{"addr":140736717697306,"idx":2},{"addr":140736376463684,"idx":3},{"addr":140736376676160,"idx":4},{"addr":140736902703990,"idx":5},{"addr":140736902703274,"idx":6},{"addr":140736902700103,"idx":7},{"addr":140736897083607,"idx":8},{"addr":140736916996940,"idx":9}],,,,,,,,,,,,,,,,,,,4096,0,8144,,,,,,,,,,,,,,,,,,,,,,,,,,,,,,,,,,,,,,,,,,,,,,,,,,,,,,,,,,,,,,,,,,,,,,,,,,,,,,,,,,,,,,,,,,,,,,,,,,,
"2025-09-02 15:13:22.7728357Z","ETW","Microsoft-Windows-Kernel-Audit-API-Calls",5,"Info ",8144,15816,"ApplicationFrameHost.exe",,,,,,,,,,,,,,,,[{"addr":140736918203764,"idx":0},{"addr":140736872731894,"idx":1},{"addr":140736717697306,"idx":2},{"addr":140736376463684,"idx":3},{"addr":140736376676160,"idx":4},{"addr":140736902703990,"idx":5},{"addr":140736902703274,"idx":6},{"addr":140736902700103,"idx":7},{"addr":140736897083607,"idx":8},{"addr":140736916996940,"idx":9}],,,,,,,,,,,,,,,,,,,4096,0,8144,,,,,,,,,,,,,,,,,,,,,,,,,,,,,,,,,,,,,,,,,,,,,,,,,,,,,,,,,,,,,,,,,,,,,,,,,,,,,,,,,,,,,,,,,,,,,,,,,,,
"2025-09-02 15:13:22.7729476Z","ETW","Microsoft-Windows-Kernel-Audit-API-Calls",6,"Info ",1912,8,"MsMpEng.exe",,,,,,,,,,,,,,,,[{"addr":140736918212548,"idx":0},{"addr":140736872857142,"idx":1},{"addr":140736738243895,"idx":2},{"addr":140736738242452,"idx":3},{"addr":140736657604428,"idx":4},{"addr":140736657598535,"idx":5},{"addr":140736657597146,"idx":6},{"addr":140736658259206,"idx":7},{"addr":140736657749938,"idx":8},{"addr":140736657909615,"idx":9},{"addr":140736658079503,"idx":10},{"addr":140736897083607,"idx":11},{"addr":140736916996940,"idx":12}],,,,,,,,,,,,,,,,,,,2097151,0,1912,8,,,,,,,,,,,,,,,,,,,,,,,,,,,,,,,,,,,,,,,,,,,,,,,,,,,,,,,,,,,,,,,,,,,,,,,,,,,,,,,,,,,,,,,,,,,,,,,,,,
"2025-09-02 15:13:22.7735594Z","ETW","Microsoft-Windows-Kernel-Process",5,"ImageLoadInfo ",13192,1244,"WerFault.exe",,,,"C:\Windows\System32\policymanager.dll",,,,,,,,,,,,[{"addr":140736918203828,"idx":0},{"addr":140736917192506,"idx":1},{"addr":140736917191278,"idx":2},{"addr":140736917210764,"idx":3},{"addr":140736917201516,"idx":4},{"addr":140736917258922,"idx":5},{"addr":140736916785248,"idx":6},{"addr":140736916784352,"idx":7},{"addr":140736917101952,"idx":8},{"addr":140736872000198,"idx":9},{"addr":140736564313215,"idx":10},{"addr":140736564317195,"idx":11},{"addr":140736564310991,"idx":12},{"addr":140736564312326,"idx":13},{"addr":140736564315077,"idx":14},{"addr":140736823498901,"idx":15},{"addr":140736823458772,"idx":16},{"addr":140736823674498,"idx":17},{"addr":140736823587658,"idx":18},{"addr":140733981343415,"idx":19},{"addr":140733981360014,"idx":20},{"addr":140733981359838,"idx":21},{"addr":140733981332330,"idx":22},{"addr":140702874837458,"idx":23},{"addr":140702874561549,"idx":24},{"addr":140702874566272,"idx":25},{"addr":140702874543067,"idx":26},{"addr":140736897083607,"idx":27},{"addr":140736916996940,"idx":28}],,,,,,,,,13192,,,,,,,,,,,,,,,,,,,,,,,,,,,,,,,,,,,,2757975175,140736805928960,140736805928960,801211,737280,,,,,,,,,,,,,,,,,,,,,,,,,,,,,,,,,,,,,,,,,,,,,,,,,,,,,,,,,,,,,,,,,,,,,,,
"2025-09-02 15:13:22.7739087Z","ETW","Microsoft-Windows-Kernel-Process",5,"ImageLoadInfo ",13192,1244,"WerFault.exe",,,,"C:\Windows\System32\msvcp110_win.dll",,,,,,,,,,,,[{"addr":140736918203828,"idx":0},{"addr":140736917192506,"idx":1},{"addr":140736917191278,"idx":2},{"addr":140736917210764,"idx":3},{"addr":140736917201516,"idx":4},{"addr":140736917258922,"idx":5},{"addr":140736916999751,"idx":6},{"addr":140736916785258,"idx":7},{"addr":140736916784352,"idx":8},{"addr":140736917101952,"idx":9},{"addr":140736872000198,"idx":10},{"addr":140736564313215,"idx":11},{"addr":140736564317195,"idx":12},{"addr":140736564310991,"idx":13},{"addr":140736564312326,"idx":14},{"addr":140736564315077,"idx":15},{"addr":140736823498901,"idx":16},{"addr":140736823458772,"idx":17},{"addr":140736823674498,"idx":18},{"addr":140736823587658,"idx":19},{"addr":140733981343415,"idx":20},{"addr":140733981360014,"idx":21},{"addr":140733981359838,"idx":22},{"addr":140733981332330,"idx":23},{"addr":140702874837458,"idx":24},{"addr":140702874561549,"idx":25},{"addr":140702874566272,"idx":26},{"addr":140702874543067,"idx":27},{"addr":140736897083607,"idx":28},{"addr":140736916996940,"idx":29}],,,,,,,,,13192,,,,,,,,,,,,,,,,,,,,,,,,,,,,,,,,,,,,3464179610,140736793542656,140736793542656,602786,593920,,,,,,,,,,,,,,,,,,,,,,,,,,,,,,,,,,,,,,,,,,,,,,,,,,,,,,,,,,,,,,,,,,,,,,,
"2025-09-02 15:13:22.7744868Z","ETW","Microsoft-Windows-Kernel-Process",6,"ImageUnloadInfo ",13192,1244,"WerFault.exe",,,,"C:\Windows\System32\msvcp110_win.dll",,,,,,,,,,,,[{"addr":140736918203892,"idx":0},{"addr":140736917028534,"idx":1},{"addr":140736916779098,"idx":2},{"addr":140736916769422,"idx":3},{"addr":140736916769266,"idx":4},{"addr":140736916768404,"idx":5},{"addr":140736916773680,"idx":6},{"addr":140736872000489,"idx":7},{"addr":140736564313988,"idx":8},{"addr":140736564317195,"idx":9},{"addr":140736564310991,"idx":10},{"addr":140736564312326,"idx":11},{"addr":140736564315077,"idx":12},{"addr":140736823498901,"idx":13},{"addr":140736823458772,"idx":14},{"addr":140736823674498,"idx":15},{"addr":140736823587658,"idx":16},{"addr":140733981343415,"idx":17},{"addr":140733981360014,"idx":18},{"addr":140733981359838,"idx":19},{"addr":140733981332330,"idx":20},{"addr":140702874837458,"idx":21},{"addr":140702874561549,"idx":22},{"addr":140702874566272,"idx":23},{"addr":140702874543067,"idx":24},{"addr":140736897083607,"idx":25},{"addr":140736916996940,"idx":26}],,,,,,,,,13192,,,,,,,,,,,,,,,,,,,,,,,,,,,,,,,,,,,,3464179610,140736793542656,140736793542656,602786,606208,,,,,,,,,,,,,,,,,,,,,,,,,,,,,,,,,,,,,,,,,,,,,,,,,,,,,,,,,,,,,,,,,,,,,,,
"2025-09-02 15:13:22.7745383Z","ETW","Microsoft-Windows-Kernel-Process",6,"ImageUnloadInfo ",13192,1244,"WerFault.exe",,,,"C:\Windows\System32\policymanager.dll",,,,,,,,,,,,[{"addr":140736918203892,"idx":0},{"addr":140736917028534,"idx":1},{"addr":140736916779098,"idx":2},{"addr":140736916773567,"idx":3},{"addr":140736872000489,"idx":4},{"addr":140736564313988,"idx":5},{"addr":140736564317195,"idx":6},{"addr":140736564310991,"idx":7},{"addr":140736564312326,"idx":8},{"addr":140736564315077,"idx":9},{"addr":140736823498901,"idx":10},{"addr":140736823458772,"idx":11},{"addr":140736823674498,"idx":12},{"addr":140736823587658,"idx":13},{"addr":140733981343415,"idx":14},{"addr":140733981360014,"idx":15},{"addr":140733981359838,"idx":16},{"addr":140733981332330,"idx":17},{"addr":140702874837458,"idx":18},{"addr":140702874561549,"idx":19},{"addr":140702874566272,"idx":20},{"addr":140702874543067,"idx":21},{"addr":140736897083607,"idx":22},{"addr":140736916996940,"idx":23}],,,,,,,,,13192,,,,,,,,,,,,,,,,,,,,,,,,,,,,,,,,,,,,2757975175,140736805928960,140736805928960,801211,749568,,,,,,,,,,,,,,,,,,,,,,,,,,,,,,,,,,,,,,,,,,,,,,,,,,,,,,,,,,,,,,,,,,,,,,,
"2025-09-02 15:13:22.7753734Z","ETW","Microsoft-Windows-Kernel-Process",5,"ImageLoadInfo ",13192,1244,"WerFault.exe",,,,"C:\Windows\System32\policymanager.dll",,,,,,,,,,,,[{"addr":140736918203828,"idx":0},{"addr":140736917192506,"idx":1},{"addr":140736917191278,"idx":2},{"addr":140736917210764,"idx":3},{"addr":140736917201516,"idx":4},{"addr":140736917258922,"idx":5},{"addr":140736916785248,"idx":6},{"addr":140736916784352,"idx":7},{"addr":140736917101952,"idx":8},{"addr":140736872000198,"idx":9},{"addr":140736564313215,"idx":10},{"addr":140736564317195,"idx":11},{"addr":140736564310991,"idx":12},{"addr":140736564312326,"idx":13},{"addr":140736564315077,"idx":14},{"addr":140736823498901,"idx":15},{"addr":140736823417146,"idx":16},{"addr":140736823451043,"idx":17},{"addr":140736823459053,"idx":18},{"addr":140736823674498,"idx":19},{"addr":140736823587658,"idx":20},{"addr":140733981343415,"idx":21},{"addr":140733981360014,"idx":22},{"addr":140733981359838,"idx":23},{"addr":140733981332330,"idx":24},{"addr":140702874837458,"idx":25},{"addr":140702874561549,"idx":26},{"addr":140702874566272,"idx":27},{"addr":140702874543067,"idx":28},{"addr":140736897083607,"idx":29},{"addr":140736916996940,"idx":30}],,,,,,,,,13192,,,,,,,,,,,,,,,,,,,,,,,,,,,,,,,,,,,,2757975175,140736805928960,140736805928960,801211,737280,,,,,,,,,,,,,,,,,,,,,,,,,,,,,,,,,,,,,,,,,,,,,,,,,,,,,,,,,,,,,,,,,,,,,,,
"2025-09-02 15:13:22.7757421Z","ETW","Microsoft-Windows-Kernel-Process",5,"ImageLoadInfo ",13192,21732,"WerFault.exe",,,,"C:\Windows\System32\msvcp110_win.dll",,,,,,,,,,,,[{"addr":140736918203828,"idx":0},{"addr":140736917192506,"idx":1},{"addr":140736917191278,"idx":2},{"addr":140736917210764,"idx":3},{"addr":140736917201516,"idx":4},{"addr":140736917258922,"idx":5},{"addr":140736917255216,"idx":6},{"addr":140736917350945,"idx":7},{"addr":140736897083607,"idx":8},{"addr":140736916996940,"idx":9}],,,,,,,,,13192,,,,,,,,,,,,,,,,,,,,,,,,,,,,,,,,,,,,3464179610,140736793542656,140736793542656,602786,593920,,,,,,,,,,,,,,,,,,,,,,,,,,,,,,,,,,,,,,,,,,,,,,,,,,,,,,,,,,,,,,,,,,,,,,,
"2025-09-02 15:13:22.7762199Z","ETW","Microsoft-Windows-Kernel-Process",6,"ImageUnloadInfo ",13192,1244,"WerFault.exe",,,,"C:\Windows\System32\msvcp110_win.dll",,,,,,,,,,,,[{"addr":140736918203892,"idx":0},{"addr":140736917028534,"idx":1},{"addr":140736916779098,"idx":2},{"addr":140736916769422,"idx":3},{"addr":140736916769266,"idx":4},{"addr":140736916768404,"idx":5},{"addr":140736916773680,"idx":6},{"addr":140736872000489,"idx":7},{"addr":140736564313988,"idx":8},{"addr":140736564317195,"idx":9},{"addr":140736564310991,"idx":10},{"addr":140736564312326,"idx":11},{"addr":140736564315077,"idx":12},{"addr":140736823498901,"idx":13},{"addr":140736823417146,"idx":14},{"addr":140736823451043,"idx":15},{"addr":140736823459053,"idx":16},{"addr":140736823674498,"idx":17},{"addr":140736823587658,"idx":18},{"addr":140733981343415,"idx":19},{"addr":140733981360014,"idx":20},{"addr":140733981359838,"idx":21},{"addr":140733981332330,"idx":22},{"addr":140702874837458,"idx":23},{"addr":140702874561549,"idx":24},{"addr":140702874566272,"idx":25},{"addr":140702874543067,"idx":26},{"addr":140736897083607,"idx":27},{"addr":140736916996940,"idx":28}],,,,,,,,,13192,,,,,,,,,,,,,,,,,,,,,,,,,,,,,,,,,,,,3464179610,140736793542656,140736793542656,602786,606208,,,,,,,,,,,,,,,,,,,,,,,,,,,,,,,,,,,,,,,,,,,,,,,,,,,,,,,,,,,,,,,,,,,,,,,
"2025-09-02 15:13:22.7762696Z","ETW","Microsoft-Windows-Kernel-Process",6,"ImageUnloadInfo ",13192,1244,"WerFault.exe",,,,"C:\Windows\System32\policymanager.dll",,,,,,,,,,,,[{"addr":140736918203892,"idx":0},{"addr":140736917028534,"idx":1},{"addr":140736916779098,"idx":2},{"addr":140736916773567,"idx":3},{"addr":140736872000489,"idx":4},{"addr":140736564313988,"idx":5},{"addr":140736564317195,"idx":6},{"addr":140736564310991,"idx":7},{"addr":140736564312326,"idx":8},{"addr":140736564315077,"idx":9},{"addr":140736823498901,"idx":10},{"addr":140736823417146,"idx":11},{"addr":140736823451043,"idx":12},{"addr":140736823459053,"idx":13},{"addr":140736823674498,"idx":14},{"addr":140736823587658,"idx":15},{"addr":140733981343415,"idx":16},{"addr":140733981360014,"idx":17},{"addr":140733981359838,"idx":18},{"addr":140733981332330,"idx":19},{"addr":140702874837458,"idx":20},{"addr":140702874561549,"idx":21},{"addr":140702874566272,"idx":22},{"addr":140702874543067,"idx":23},{"addr":140736897083607,"idx":24},{"addr":140736916996940,"idx":25}],,,,,,,,,13192,,,,,,,,,,,,,,,,,,,,,,,,,,,,,,,,,,,,2757975175,140736805928960,140736805928960,801211,749568,,,,,,,,,,,,,,,,,,,,,,,,,,,,,,,,,,,,,,,,,,,,,,,,,,,,,,,,,,,,,,,,,,,,,,,
"2025-09-02 15:13:22.7771409Z","ETW","Microsoft-Windows-Kernel-Process",5,"ImageLoadInfo ",13192,1244,"WerFault.exe",,,,"C:\Windows\System32\policymanager.dll",,,,,,,,,,,,[{"addr":140736918203828,"idx":0},{"addr":140736917192506,"idx":1},{"addr":140736917191278,"idx":2},{"addr":140736917210764,"idx":3},{"addr":140736917201516,"idx":4},{"addr":140736917258922,"idx":5},{"addr":140736916785248,"idx":6},{"addr":140736916784352,"idx":7},{"addr":140736917101952,"idx":8},{"addr":140736872000198,"idx":9},{"addr":140736564313215,"idx":10},{"addr":140736564317195,"idx":11},{"addr":140736564310991,"idx":12},{"addr":140736564312326,"idx":13},{"addr":140736564315077,"idx":14},{"addr":140736823462372,"idx":15},{"addr":140736823295874,"idx":16},{"addr":140736823457691,"idx":17},{"addr":140736823459228,"idx":18},{"addr":140736823674498,"idx":19},{"addr":140736823587658,"idx":20},{"addr":140733981343415,"idx":21},{"addr":140733981360014,"idx":22},{"addr":140733981359838,"idx":23},{"addr":140733981332330,"idx":24},{"addr":140702874837458,"idx":25},{"addr":140702874561549,"idx":26},{"addr":140702874566272,"idx":27},{"addr":140702874543067,"idx":28},{"addr":140736897083607,"idx":29},{"addr":140736916996940,"idx":30}],,,,,,,,,13192,,,,,,,,,,,,,,,,,,,,,,,,,,,,,,,,,,,,2757975175,140736805928960,140736805928960,801211,737280,,,,,,,,,,,,,,,,,,,,,,,,,,,,,,,,,,,,,,,,,,,,,,,,,,,,,,,,,,,,,,,,,,,,,,,
"2025-09-02 15:13:22.7774945Z","ETW","Microsoft-Windows-Kernel-Process",5,"ImageLoadInfo ",13192,15480,"WerFault.exe",,,,"C:\Windows\System32\msvcp110_win.dll",,,,,,,,,,,,[{"addr":140736918203828,"idx":0},{"addr":140736917192506,"idx":1},{"addr":140736917191278,"idx":2},{"addr":140736917210764,"idx":3},{"addr":140736917201516,"idx":4},{"addr":140736917258922,"idx":5},{"addr":140736917255216,"idx":6},{"addr":140736917350945,"idx":7},{"addr":140736897083607,"idx":8},{"addr":140736916996940,"idx":9}],,,,,,,,,13192,,,,,,,,,,,,,,,,,,,,,,,,,,,,,,,,,,,,3464179610,140736793542656,140736793542656,602786,593920,,,,,,,,,,,,,,,,,,,,,,,,,,,,,,,,,,,,,,,,,,,,,,,,,,,,,,,,,,,,,,,,,,,,,,,
"2025-09-02 15:13:22.7780747Z","ETW","Microsoft-Windows-Kernel-Process",6,"ImageUnloadInfo ",13192,1244,"WerFault.exe",,,,"C:\Windows\System32\msvcp110_win.dll",,,,,,,,,,,,[{"addr":140736918203892,"idx":0},{"addr":140736917028534,"idx":1},{"addr":140736916779098,"idx":2},{"addr":140736916769422,"idx":3},{"addr":140736916769266,"idx":4},{"addr":140736916768404,"idx":5},{"addr":140736916773680,"idx":6},{"addr":140736872000489,"idx":7},{"addr":140736564313988,"idx":8},{"addr":140736564317195,"idx":9},{"addr":140736564310991,"idx":10},{"addr":140736564312326,"idx":11},{"addr":140736564315077,"idx":12},{"addr":140736823462372,"idx":13},{"addr":140736823295874,"idx":14},{"addr":140736823457691,"idx":15},{"addr":140736823459228,"idx":16},{"addr":140736823674498,"idx":17},{"addr":140736823587658,"idx":18},{"addr":140733981343415,"idx":19},{"addr":140733981360014,"idx":20},{"addr":140733981359838,"idx":21},{"addr":140733981332330,"idx":22},{"addr":140702874837458,"idx":23},{"addr":140702874561549,"idx":24},{"addr":140702874566272,"idx":25},{"addr":140702874543067,"idx":26},{"addr":140736897083607,"idx":27},{"addr":140736916996940,"idx":28}],,,,,,,,,13192,,,,,,,,,,,,,,,,,,,,,,,,,,,,,,,,,,,,3464179610,140736793542656,140736793542656,602786,606208,,,,,,,,,,,,,,,,,,,,,,,,,,,,,,,,,,,,,,,,,,,,,,,,,,,,,,,,,,,,,,,,,,,,,,,
"2025-09-02 15:13:22.7781397Z","ETW","Microsoft-Windows-Kernel-Process",6,"ImageUnloadInfo ",13192,1244,"WerFault.exe",,,,"C:\Windows\System32\policymanager.dll",,,,,,,,,,,,[{"addr":140736918203892,"idx":0},{"addr":140736917028534,"idx":1},{"addr":140736916779098,"idx":2},{"addr":140736916773567,"idx":3},{"addr":140736872000489,"idx":4},{"addr":140736564313988,"idx":5},{"addr":140736564317195,"idx":6},{"addr":140736564310991,"idx":7},{"addr":140736564312326,"idx":8},{"addr":140736564315077,"idx":9},{"addr":140736823462372,"idx":10},{"addr":140736823295874,"idx":11},{"addr":140736823457691,"idx":12},{"addr":140736823459228,"idx":13},{"addr":140736823674498,"idx":14},{"addr":140736823587658,"idx":15},{"addr":140733981343415,"idx":16},{"addr":140733981360014,"idx":17},{"addr":140733981359838,"idx":18},{"addr":140733981332330,"idx":19},{"addr":140702874837458,"idx":20},{"addr":140702874561549,"idx":21},{"addr":140702874566272,"idx":22},{"addr":140702874543067,"idx":23},{"addr":140736897083607,"idx":24},{"addr":140736916996940,"idx":25}],,,,,,,,,13192,,,,,,,,,,,,,,,,,,,,,,,,,,,,,,,,,,,,2757975175,140736805928960,140736805928960,801211,749568,,,,,,,,,,,,,,,,,,,,,,,,,,,,,,,,,,,,,,,,,,,,,,,,,,,,,,,,,,,,,,,,,,,,,,,
"2025-09-02 15:13:22.7793203Z","ETW","Microsoft-Windows-Kernel-Process",5,"ImageLoadInfo ",13192,1244,"WerFault.exe",,,,"C:\Windows\System32\clbcatq.dll",,,,,,,,,,,,[{"addr":140736918203828,"idx":0},{"addr":140736917192506,"idx":1},{"addr":140736917191278,"idx":2},{"addr":140736917190209,"idx":3},{"addr":140736916804181,"idx":4},{"addr":140736916785218,"idx":5},{"addr":140736916786774,"idx":6},{"addr":140736917021315,"idx":7},{"addr":140736917023197,"idx":8},{"addr":140736910389554,"idx":9},{"addr":140736910688281,"idx":10},{"addr":140736910347186,"idx":11},{"addr":140736911036234,"idx":12},{"addr":140736909552714,"idx":13},{"addr":140736909548907,"idx":14},{"addr":140736909576880,"idx":15},{"addr":140736823954122,"idx":16},{"addr":140736823457772,"idx":17},{"addr":140736823459228,"idx":18},{"addr":140736823674498,"idx":19},{"addr":140736823587658,"idx":20},{"addr":140733981343415,"idx":21},{"addr":140733981360014,"idx":22},{"addr":140733981359838,"idx":23},{"addr":140733981332330,"idx":24},{"addr":140702874837458,"idx":25},{"addr":140702874561549,"idx":26},{"addr":140702874566272,"idx":27},{"addr":140702874543067,"idx":28},{"addr":140736897083607,"idx":29},{"addr":140736916996940,"idx":30}],,,,,,,,,13192,,,,,,,,,,,,,,,,,,,,,,,,,,,,,,,,,,,,1600192633,140736892108800,140736892108800,700133,688128,,,,,,,,,,,,,,,,,,,,,,,,,,,,,,,,,,,,,,,,,,,,,,,,,,,,,,,,,,,,,,,,,,,,,,,
"2025-09-02 15:13:22.7808213Z","ETW","Microsoft-Windows-Kernel-Process",5,"ImageLoadInfo ",13192,1244,"WerFault.exe",,,,"C:\Windows\System32\netprofm.dll",,,,,,,,,,,,[{"addr":140736918203828,"idx":0},{"addr":140736917192506,"idx":1},{"addr":140736917191278,"idx":2},{"addr":140736917210764,"idx":3},{"addr":140736917202269,"idx":4},{"addr":140736917259140,"idx":5},{"addr":140736916785248,"idx":6},{"addr":140736916784352,"idx":7},{"addr":140736917101952,"idx":8},{"addr":140736872000198,"idx":9},{"addr":140736909363845,"idx":10},{"addr":140736909362547,"idx":11},{"addr":140736909360794,"idx":12},{"addr":140736909561496,"idx":13},{"addr":140736909365281,"idx":14},{"addr":140736909356853,"idx":15},{"addr":140736910270317,"idx":16},{"addr":140736909359719,"idx":17},{"addr":140736909871367,"idx":18},{"addr":140736910338829,"idx":19},{"addr":140736910332465,"idx":20},{"addr":140736910348734,"idx":21},{"addr":140736910270317,"idx":22},{"addr":140736909350430,"idx":23},{"addr":140736910270317,"idx":24},{"addr":140736909553458,"idx":25},{"addr":140736909548907,"idx":26},{"addr":140736909576880,"idx":27},{"addr":140736823954122,"idx":28},{"addr":140736823457772,"idx":29},{"addr":140736823459228,"idx":30},{"addr":140736823674498,"idx":31},{"addr":140736823587658,"idx":32},{"addr":140733981343415,"idx":33},{"addr":140733981360014,"idx":34},{"addr":140733981359838,"idx":35},{"addr":140733981332330,"idx":36},{"addr":140702874837458,"idx":37},{"addr":140702874561549,"idx":38},{"addr":140702874566272,"idx":39},{"addr":140702874543067,"idx":40},{"addr":140736897083607,"idx":41},{"addr":140736916996940,"idx":42}],,,,,,,,,13192,,,,,,,,,,,,,,,,,,,,,,,,,,,,,,,,,,,,3906448684,140736776568832,140736776568832,462113,413696,,,,,,,,,,,,,,,,,,,,,,,,,,,,,,,,,,,,,,,,,,,,,,,,,,,,,,,,,,,,,,,,,,,,,,,
"2025-09-02 15:13:22.7820459Z","ETW","Microsoft-Windows-Kernel-Audit-API-Calls",5,"Info ",528,8632,"svchost.exe",,,,,,,,,,,,,,,,[{"addr":140736918203764,"idx":0},{"addr":140736872731894,"idx":1},{"addr":140736829045620,"idx":2},{"addr":140736829045555,"idx":3},{"addr":140736882620003,"idx":4},{"addr":140736881849533,"idx":5},{"addr":140736881848122,"idx":6},{"addr":140736882311415,"idx":7},{"addr":140736882088628,"idx":8},{"addr":140736882092744,"idx":9},{"addr":140736882015316,"idx":10},{"addr":140736882081820,"idx":11},{"addr":140736882106396,"idx":12},{"addr":140736882102691,"idx":13},{"addr":140736882098504,"idx":14},{"addr":140736917358174,"idx":15},{"addr":140736917350275,"idx":16},{"addr":140736897083607,"idx":17},{"addr":140736916996940,"idx":18}],,,,,,,,,,,,,,,,,,,4096,0,13192,,,,,,,,,,,,,,,,,,,,,,,,,,,,,,,,,,,,,,,,,,,,,,,,,,,,,,,,,,,,,,,,,,,,,,,,,,,,,,,,,,,,,,,,,,,,,,,,,,,
"2025-09-02 15:13:22.7820731Z","ETW","Microsoft-Windows-Kernel-Audit-API-Calls",5,"Info ",944,9256,"svchost.exe",,,,,,,,,,,,,,,,[{"addr":140736918206916,"idx":0},{"addr":140736882337646,"idx":1},{"addr":140736828644345,"idx":2},{"addr":140736828636082,"idx":3},{"addr":140736882620003,"idx":4},{"addr":140736881849533,"idx":5},{"addr":140736881848122,"idx":6},{"addr":140736882311415,"idx":7},{"addr":140736882088628,"idx":8},{"addr":140736882092744,"idx":9},{"addr":140736882015316,"idx":10},{"addr":140736882081820,"idx":11},{"addr":140736882106396,"idx":12},{"addr":140736882102691,"idx":13},{"addr":140736882098504,"idx":14},{"addr":140736917358174,"idx":15},{"addr":140736917350275,"idx":16},{"addr":140736897083607,"idx":17},{"addr":140736916996940,"idx":18}],,,,,,,,,,,,,,,,,,,1048576,0,13192,,,,,,,,,,,,,,,,,,,,,,,,,,,,,,,,,,,,,,,,,,,,,,,,,,,,,,,,,,,,,,,,,,,,,,,,,,,,,,,,,,,,,,,,,,,,,,,,,,,
"2025-09-02 15:13:22.7828741Z","ETW","Microsoft-Windows-Kernel-Process",3,"ThreadStartStart ",13192,1244,"WerFault.exe",,,,,,,,,,,,,,,,[{"addr":140736918208964,"idx":0},{"addr":140736872776761,"idx":1},{"addr":140736897102141,"idx":2},{"addr":140736909291405,"idx":3},{"addr":140736909289761,"idx":4},{"addr":140736909471518,"idx":5},{"addr":140736909472222,"idx":6},{"addr":140736909469257,"idx":7},{"addr":140736909469042,"idx":8},{"addr":140736909468649,"idx":9},{"addr":140736909472335,"idx":10},{"addr":140736909678884,"idx":11},{"addr":140736909678529,"idx":12},{"addr":140736909281945,"idx":13},{"addr":140736909357884,"idx":14},{"addr":140736909350491,"idx":15},{"addr":140736910270317,"idx":16},{"addr":140736909553458,"idx":17},{"addr":140736909548907,"idx":18},{"addr":140736909576880,"idx":19},{"addr":140736776689195,"idx":20},{"addr":140736776702735,"idx":21},{"addr":140736823954197,"idx":22},{"addr":140736823457772,"idx":23},{"addr":140736823459228,"idx":24},{"addr":140736823674498,"idx":25},{"addr":140736823587658,"idx":26},{"addr":140733981343415,"idx":27},{"addr":140733981360014,"idx":28},{"addr":140733981359838,"idx":29},{"addr":140733981332330,"idx":30},{"addr":140702874837458,"idx":31},{"addr":140702874561549,"idx":32},{"addr":140702874566272,"idx":33},{"addr":140702874543067,"idx":34},{"addr":140736897083607,"idx":35},{"addr":140736916996940,"idx":36}],,,,,,,,,13192,18446639081575813120,18446639081575788544,140736910320112,0,549625020416,17800,549628411904,549628403712,140736910320112,,,,,,,,,,,,,,,,,,,,,,,,,,,,,,,,,,,,,,,,,,,,,,,,,,,,,,,,,,,,,,,,,,,,,,,,,,,,,,,,,,,,,,,,,,,,,,,,,,,,,,
"2025-09-02 15:13:22.7830719Z","ETW","Microsoft-Windows-Kernel-Process",3,"ThreadStartStart ",4,72,"System",,,,,,,,,,,,,,,,[],,,,,,,,,13192,18446639081576931328,18446639081576906752,140736917348896,0,549625028608,16920,549628936192,549628928000,140736917348896,,,,,,,,,,,,,,,,,,,,,,,,,,,,,,,,,,,,,,,,,,,,,,,,,,,,,,,,,,,,,,,,,,,,,,,,,,,,,,,,,,,,,,,,,,,,,,,,,,,,,,
"2025-09-02 15:13:22.7832532Z","ETW","Microsoft-Windows-Kernel-Process",3,"ThreadStartStart ",13192,16920,"WerFault.exe",,,,,,,,,,,,,,,,[{"addr":140736918216388,"idx":0},{"addr":140736917669762,"idx":1},{"addr":140736882108009,"idx":2},{"addr":140736882120022,"idx":3},{"addr":140736882104053,"idx":4},{"addr":140736882098504,"idx":5},{"addr":140736917358174,"idx":6},{"addr":140736917350275,"idx":7},{"addr":140736897083607,"idx":8},{"addr":140736916996940,"idx":9}],,,,,,,,,13192,18446639081576185856,18446639081576161280,140736917348896,0,549625036800,12448,549629460480,549629452288,140736917348896,,,,,,,,,,,,,,,,,,,,,,,,,,,,,,,,,,,,,,,,,,,,,,,,,,,,,,,,,,,,,,,,,,,,,,,,,,,,,,,,,,,,,,,,,,,,,,,,,,,,,,
"2025-09-02 15:13:22.7837144Z","ETW","Microsoft-Windows-Kernel-Process",3,"ThreadStartStart ",1672,8060,"svchost.exe",,,,,,,,,,,,,,,,[{"addr":140736918216388,"idx":0},{"addr":140736917669762,"idx":1},{"addr":140736882108009,"idx":2},{"addr":140736882106619,"idx":3},{"addr":140736882102691,"idx":4},{"addr":140736882098504,"idx":5},{"addr":140736917358174,"idx":6},{"addr":140736917350275,"idx":7},{"addr":140736897083607,"idx":8},{"addr":140736916996940,"idx":9}],,,,,,,,,1672,18446639081576472576,18446639081576448000,140736917348896,121,97189994496,16432,97187659776,97187627008,140736917348896,,,,,,,,,,,,,,,,,,,,,,,,,,,,,,,,,,,,,,,,,,,,,,,,,,,,,,,,,,,,,,,,,,,,,,,,,,,,,,,,,,,,,,,,,,,,,,,,,,,,,,
"2025-09-02 15:13:22.7848202Z","ETW","Microsoft-Windows-Kernel-Process",5,"ImageLoadInfo ",13192,1244,"WerFault.exe",,,,"C:\Windows\System32\npmproxy.dll",,,,,,,,,,,,[{"addr":140736918203828,"idx":0},{"addr":140736917192506,"idx":1},{"addr":140736917191278,"idx":2},{"addr":140736917210764,"idx":3},{"addr":140736917202269,"idx":4},{"addr":140736917259140,"idx":5},{"addr":140736916785248,"idx":6},{"addr":140736916784352,"idx":7},{"addr":140736917101952,"idx":8},{"addr":140736872000198,"idx":9},{"addr":140736909363845,"idx":10},{"addr":140736909362547,"idx":11},{"addr":140736909360794,"idx":12},{"addr":140736909561496,"idx":13},{"addr":140736909365281,"idx":14},{"addr":140736909339322,"idx":15},{"addr":140736909195691,"idx":16},{"addr":140736909191304,"idx":17},{"addr":140736909568050,"idx":18},{"addr":140736909567049,"idx":19},{"addr":140736910229700,"idx":20},{"addr":140736910858718,"idx":21},{"addr":140736909460923,"idx":22},{"addr":140736909455813,"idx":23},{"addr":140736909134403,"idx":24},{"addr":140736909553551,"idx":25},{"addr":140736909548907,"idx":26},{"addr":140736909576880,"idx":27},{"addr":140736776689195,"idx":28},{"addr":140736776702735,"idx":29},{"addr":140736823954197,"idx":30},{"addr":140736823457772,"idx":31},{"addr":140736823459228,"idx":32},{"addr":140736823674498,"idx":33},{"addr":140736823587658,"idx":34},{"addr":140733981343415,"idx":35},{"addr":140733981360014,"idx":36},{"addr":140733981359838,"idx":37},{"addr":140733981332330,"idx":38},{"addr":140702874837458,"idx":39},{"addr":140702874561549,"idx":40},{"addr":140702874566272,"idx":41},{"addr":140702874543067,"idx":42},{"addr":140736897083607,"idx":43},{"addr":140736916996940,"idx":44}],,,,,,,,,13192,,,,,,,,,,,,,,,,,,,,,,,,,,,,,,,,,,,,1533975845,140736744194048,140736744194048,124253,102400,,,,,,,,,,,,,,,,,,,,,,,,,,,,,,,,,,,,,,,,,,,,,,,,,,,,,,,,,,,,,,,,,,,,,,,
"2025-09-02 15:13:22.7856718Z","ETW","Microsoft-Windows-Kernel-Audit-API-Calls",5,"Info ",1672,8060,"svchost.exe",,,,,,,,,,,,,,,,[{"addr":140736918206916,"idx":0},{"addr":140736882337646,"idx":1},{"addr":140736910267593,"idx":2},{"addr":140736772574953,"idx":3},{"addr":140736773252243,"idx":4},{"addr":140736882620003,"idx":5},{"addr":140736882628366,"idx":6},{"addr":140736881847376,"idx":7},{"addr":140736909646461,"idx":8},{"addr":140736909646267,"idx":9},{"addr":140736909643574,"idx":10},{"addr":140736909641089,"idx":11},{"addr":140736910206646,"idx":12},{"addr":140736909298250,"idx":13},{"addr":140736909422200,"idx":14},{"addr":140736909684515,"idx":15},{"addr":140736882311415,"idx":16},{"addr":140736882088628,"idx":17},{"addr":140736882092154,"idx":18},{"addr":140736882015316,"idx":19},{"addr":140736882081820,"idx":20},{"addr":140736882106396,"idx":21},{"addr":140736882102691,"idx":22},{"addr":140736882098504,"idx":23},{"addr":140736917358174,"idx":24},{"addr":140736917350275,"idx":25},{"addr":140736897083607,"idx":26},{"addr":140736916996940,"idx":27}],,,,,,,,,,,,,,,,,,,4096,3221225506,13192,,,,,,,,,,,,,,,,,,,,,,,,,,,,,,,,,,,,,,,,,,,,,,,,,,,,,,,,,,,,,,,,,,,,,,,,,,,,,,,,,,,,,,,,,,,,,,,,,,,
"2025-09-02 15:13:22.7857780Z","ETW","Microsoft-Windows-Kernel-Audit-API-Calls",5,"Info ",1672,8060,"svchost.exe",,,,,,,,,,,,,,,,[{"addr":140736918203764,"idx":0},{"addr":140736872731894,"idx":1},{"addr":140736773031598,"idx":2},{"addr":140736772575045,"idx":3},{"addr":140736773252243,"idx":4},{"addr":140736882620003,"idx":5},{"addr":140736882628366,"idx":6},{"addr":140736881847376,"idx":7},{"addr":140736909646461,"idx":8},{"addr":140736909646267,"idx":9},{"addr":140736909643574,"idx":10},{"addr":140736909641089,"idx":11},{"addr":140736910206646,"idx":12},{"addr":140736909298250,"idx":13},{"addr":140736909422200,"idx":14},{"addr":140736909684515,"idx":15},{"addr":140736882311415,"idx":16},{"addr":140736882088628,"idx":17},{"addr":140736882092154,"idx":18},{"addr":140736882015316,"idx":19},{"addr":140736882081820,"idx":20},{"addr":140736882106396,"idx":21},{"addr":140736882102691,"idx":22},{"addr":140736882098504,"idx":23},{"addr":140736917358174,"idx":24},{"addr":140736917350275,"idx":25},{"addr":140736897083607,"idx":26},{"addr":140736916996940,"idx":27}],,,,,,,,,,,,,,,,,,,4096,3221225483,4294967295,,,,,,,,,,,,,,,,,,,,,,,,,,,,,,,,,,,,,,,,,,,,,,,,,,,,,,,,,,,,,,,,,,,,,,,,,,,,,,,,,,,,,,,,,,,,,,,,,,,
"2025-09-02 15:13:22.7858028Z","ETW","Microsoft-Windows-Kernel-Audit-API-Calls",5,"Info ",1672,8060,"svchost.exe",,,,,,,,,,,,,,,,[{"addr":140736918206916,"idx":0},{"addr":140736882337646,"idx":1},{"addr":140736910267593,"idx":2},{"addr":140736772574953,"idx":3},{"addr":140736773217445,"idx":4},{"addr":140736773252325,"idx":5},{"addr":140736882620003,"idx":6},{"addr":140736882628366,"idx":7},{"addr":140736881847376,"idx":8},{"addr":140736909646461,"idx":9},{"addr":140736909646267,"idx":10},{"addr":140736909643574,"idx":11},{"addr":140736909641089,"idx":12},{"addr":140736910206646,"idx":13},{"addr":140736909298250,"idx":14},{"addr":140736909422200,"idx":15},{"addr":140736909684515,"idx":16},{"addr":140736882311415,"idx":17},{"addr":140736882088628,"idx":18},{"addr":140736882092154,"idx":19},{"addr":140736882015316,"idx":20},{"addr":140736882081820,"idx":21},{"addr":140736882106396,"idx":22},{"addr":140736882102691,"idx":23},{"addr":140736882098504,"idx":24},{"addr":140736917358174,"idx":25},{"addr":140736917350275,"idx":26},{"addr":140736897083607,"idx":27},{"addr":140736916996940,"idx":28}],,,,,,,,,,,,,,,,,,,4096,3221225506,13192,,,,,,,,,,,,,,,,,,,,,,,,,,,,,,,,,,,,,,,,,,,,,,,,,,,,,,,,,,,,,,,,,,,,,,,,,,,,,,,,,,,,,,,,,,,,,,,,,,,
"2025-09-02 15:13:22.7858663Z","ETW","Microsoft-Windows-Kernel-Audit-API-Calls",5,"Info ",1672,8060,"svchost.exe",,,,,,,,,,,,,,,,[{"addr":140736918203764,"idx":0},{"addr":140736872731894,"idx":1},{"addr":140736773031598,"idx":2},{"addr":140736772575045,"idx":3},{"addr":140736773217445,"idx":4},{"addr":140736773252325,"idx":5},{"addr":140736882620003,"idx":6},{"addr":140736882628366,"idx":7},{"addr":140736881847376,"idx":8},{"addr":140736909646461,"idx":9},{"addr":140736909646267,"idx":10},{"addr":140736909643574,"idx":11},{"addr":140736909641089,"idx":12},{"addr":140736910206646,"idx":13},{"addr":140736909298250,"idx":14},{"addr":140736909422200,"idx":15},{"addr":140736909684515,"idx":16},{"addr":140736882311415,"idx":17},{"addr":140736882088628,"idx":18},{"addr":140736882092154,"idx":19},{"addr":140736882015316,"idx":20},{"addr":140736882081820,"idx":21},{"addr":140736882106396,"idx":22},{"addr":140736882102691,"idx":23},{"addr":140736882098504,"idx":24},{"addr":140736917358174,"idx":25},{"addr":140736917350275,"idx":26},{"addr":140736897083607,"idx":27},{"addr":140736916996940,"idx":28}],,,,,,,,,,,,,,,,,,,4096,3221225483,4294967295,,,,,,,,,,,,,,,,,,,,,,,,,,,,,,,,,,,,,,,,,,,,,,,,,,,,,,,,,,,,,,,,,,,,,,,,,,,,,,,,,,,,,,,,,,,,,,,,,,,
"2025-09-02 15:13:22.7865598Z","ETW","Microsoft-Windows-Kernel-Process",6,"ImageUnloadInfo ",13192,1244,"WerFault.exe",,,,"C:\Windows\System32\netprofm.dll",,,,,,,,,,,,[{"addr":140736918203892,"idx":0},{"addr":140736917028534,"idx":1},{"addr":140736916779098,"idx":2},{"addr":140736916773567,"idx":3},{"addr":140736872000489,"idx":4},{"addr":140736909949854,"idx":5},{"addr":140736909944133,"idx":6},{"addr":140736909367016,"idx":7},{"addr":140736909232512,"idx":8},{"addr":140736909233542,"idx":9},{"addr":140736909233853,"idx":10},{"addr":140736909930487,"idx":11},{"addr":140736823954272,"idx":12},{"addr":140736823457772,"idx":13},{"addr":140736823459228,"idx":14},{"addr":140736823674498,"idx":15},{"addr":140736823587658,"idx":16},{"addr":140733981343415,"idx":17},{"addr":140733981360014,"idx":18},{"addr":140733981359838,"idx":19},{"addr":140733981332330,"idx":20},{"addr":140702874837458,"idx":21},{"addr":140702874561549,"idx":22},{"addr":140702874566272,"idx":23},{"addr":140702874543067,"idx":24},{"addr":140736897083607,"idx":25},{"addr":140736916996940,"idx":26}],,,,,,,,,13192,,,,,,,,,,,,,,,,,,,,,,,,,,,,,,,,,,,,3906448684,140736776568832,140736776568832,462113,425984,,,,,,,,,,,,,,,,,,,,,,,,,,,,,,,,,,,,,,,,,,,,,,,,,,,,,,,,,,,,,,,,,,,,,,,
"2025-09-02 15:13:22.7866069Z","ETW","Microsoft-Windows-Kernel-Process",6,"ImageUnloadInfo ",13192,1244,"WerFault.exe",,,,"C:\Windows\System32\npmproxy.dll",,,,,,,,,,,,[{"addr":140736918203892,"idx":0},{"addr":140736917028534,"idx":1},{"addr":140736916779098,"idx":2},{"addr":140736916773567,"idx":3},{"addr":140736872000489,"idx":4},{"addr":140736909949854,"idx":5},{"addr":140736909944133,"idx":6},{"addr":140736909367016,"idx":7},{"addr":140736909232512,"idx":8},{"addr":140736909233542,"idx":9},{"addr":140736909233853,"idx":10},{"addr":140736909930487,"idx":11},{"addr":140736823954272,"idx":12},{"addr":140736823457772,"idx":13},{"addr":140736823459228,"idx":14},{"addr":140736823674498,"idx":15},{"addr":140736823587658,"idx":16},{"addr":140733981343415,"idx":17},{"addr":140733981360014,"idx":18},{"addr":140733981359838,"idx":19},{"addr":140733981332330,"idx":20},{"addr":140702874837458,"idx":21},{"addr":140702874561549,"idx":22},{"addr":140702874566272,"idx":23},{"addr":140702874543067,"idx":24},{"addr":140736897083607,"idx":25},{"addr":140736916996940,"idx":26}],,,,,,,,,13192,,,,,,,,,,,,,,,,,,,,,,,,,,,,,,,,,,,,1533975845,140736744194048,140736744194048,124253,114688,,,,,,,,,,,,,,,,,,,,,,,,,,,,,,,,,,,,,,,,,,,,,,,,,,,,,,,,,,,,,,,,,,,,,,,
"2025-09-02 15:13:22.7869826Z","ETW","Microsoft-Windows-Kernel-Process",5,"ImageLoadInfo ",13192,1244,"WerFault.exe",,,,"C:\Windows\System32\xmllite.dll",,,,,,,,,,,,[{"addr":140736918203828,"idx":0},{"addr":140736917192506,"idx":1},{"addr":140736917191278,"idx":2},{"addr":140736917210764,"idx":3},{"addr":140736917201516,"idx":4},{"addr":140736917258922,"idx":5},{"addr":140736916785248,"idx":6},{"addr":140736916786774,"idx":7},{"addr":140736917021315,"idx":8},{"addr":140736917023197,"idx":9},{"addr":140736823402594,"idx":10},{"addr":140736823529301,"idx":11},{"addr":140736823341561,"idx":12},{"addr":140736823799441,"idx":13},{"addr":140736823727626,"idx":14},{"addr":140736823756633,"idx":15},{"addr":140736823459595,"idx":16},{"addr":140736823674498,"idx":17},{"addr":140736823587658,"idx":18},{"addr":140733981343415,"idx":19},{"addr":140733981360014,"idx":20},{"addr":140733981359838,"idx":21},{"addr":140733981332330,"idx":22},{"addr":140702874837458,"idx":23},{"addr":140702874561549,"idx":24},{"addr":140702874566272,"idx":25},{"addr":140702874543067,"idx":26},{"addr":140736897083607,"idx":27},{"addr":140736916996940,"idx":28}],,,,,,,,,13192,,,,,,,,,,,,,,,,,,,,,,,,,,,,,,,,,,,,1846490767,140736697008128,140736697008128,345217,315392,,,,,,,,,,,,,,,,,,,,,,,,,,,,,,,,,,,,,,,,,,,,,,,,,,,,,,,,,,,,,,,,,,,,,,,
"2025-09-02 15:13:22.7880783Z","ETW","Microsoft-Windows-Kernel-Process",3,"ThreadStartStart ",19464,13068,"CalculatorApp.exe",,,,,,,,,,,,,,,,[{"addr":140736918214756,"idx":0},{"addr":140736917348769,"idx":1},{"addr":140736751383707,"idx":2},{"addr":140736751381480,"idx":3},{"addr":140736917255712,"idx":4},{"addr":140736917350945,"idx":5},{"addr":140736897083607,"idx":6},{"addr":140736916996940,"idx":7}],,,,,,,,,19464,18446639081575927808,18446639081575903232,140736917348896,0,926182567936,17016,926207180800,926207176704,140736917348896,,,,,,,,,,,,,,,,,,,,,,,,,,,,,,,,,,,,,,,,,,,,,,,,,,,,,,,,,,,,,,,,,,,,,,,,,,,,,,,,,,,,,,,,,,,,,,,,,,,,,,
"2025-09-02 15:13:22.7882673Z","ETW","Microsoft-Windows-Kernel-Process",3,"ThreadStartStart ",19464,17016,"CalculatorApp.exe",,,,,,,,,,,,,,,,[{"addr":140736918214756,"idx":0},{"addr":140736917257428,"idx":1},{"addr":140736917254706,"idx":2},{"addr":140736917350945,"idx":3},{"addr":140736897083607,"idx":4},{"addr":140736916996940,"idx":5}],,,,,,,,,19464,18446639081576214528,18446639081576189952,140736917348896,0,926182576128,6752,926208229376,926208225280,140736917348896,,,,,,,,,,,,,,,,,,,,,,,,,,,,,,,,,,,,,,,,,,,,,,,,,,,,,,,,,,,,,,,,,,,,,,,,,,,,,,,,,,,,,,,,,,,,,,,,,,,,,,
"2025-09-02 15:13:22.7884374Z","ETW","Microsoft-Windows-Kernel-Audit-API-Calls",5,"Info ",19464,11288,"CalculatorApp.exe",,,,,,,,,,,,,,,,[{"addr":140736918203764,"idx":0},{"addr":140736872731894,"idx":1},{"addr":140736701234376,"idx":2},{"addr":140736701236651,"idx":3},{"addr":140736681184489,"idx":4},{"addr":140736681184093,"idx":5},{"addr":140736674829084,"idx":6},{"addr":140736676341087,"idx":7},{"addr":140736675726409,"idx":8},{"addr":140736679701401,"idx":9},{"addr":140736679700628,"idx":10},{"addr":140736675626782,"idx":11},{"addr":140736679658534,"idx":12},{"addr":140736813613757,"idx":13},{"addr":140736813610267,"idx":14},{"addr":140736813940562,"idx":15},{"addr":140736813625204,"idx":16},{"addr":140736813624077,"idx":17},{"addr":140736813683309,"idx":18},{"addr":140736813684989,"idx":19},{"addr":140736813684120,"idx":20},{"addr":140736813678539,"idx":21},{"addr":140736914162134,"idx":22},{"addr":140736914160220,"idx":23},{"addr":140736914362035,"idx":24},{"addr":140736918218964,"idx":25},{"addr":140736876122820,"idx":26},{"addr":140736914122143,"idx":27},{"addr":140736914122024,"idx":28},{"addr":140736701244542,"idx":29},{"addr":140736701243712,"idx":30},{"addr":140736701242814,"idx":31},{"addr":140736717678445,"idx":32},{"addr":140736717678250,"idx":33},{"addr":140736717677938,"idx":34},{"addr":140736902955098,"idx":35},{"addr":140736897083607,"idx":36},{"addr":140736916996940,"idx":37}],,,,,,,,,,,,,,,,,,,1024,0,19464,,,,,,,,,,,,,,,,,,,,,,,,,,,,,,,,,,,,,,,,,,,,,,,,,,,,,,,,,,,,,,,,,,,,,,,,,,,,,,,,,,,,,,,,,,,,,,,,,,,
"2025-09-02 15:13:22.7884506Z","ETW","Microsoft-Windows-Kernel-Audit-API-Calls",5,"Info ",19464,11288,"CalculatorApp.exe",,,,,,,,,,,,,,,,[{"addr":140736918203764,"idx":0},{"addr":140736872731894,"idx":1},{"addr":140736701234376,"idx":2},{"addr":140736701236739,"idx":3},{"addr":140736681184489,"idx":4},{"addr":140736681184093,"idx":5},{"addr":140736674829084,"idx":6},{"addr":140736676341087,"idx":7},{"addr":140736675726409,"idx":8},{"addr":140736679701401,"idx":9},{"addr":140736679700628,"idx":10},{"addr":140736675626782,"idx":11},{"addr":140736679658534,"idx":12},{"addr":140736813613757,"idx":13},{"addr":140736813610267,"idx":14},{"addr":140736813940562,"idx":15},{"addr":140736813625204,"idx":16},{"addr":140736813624077,"idx":17},{"addr":140736813683309,"idx":18},{"addr":140736813684989,"idx":19},{"addr":140736813684120,"idx":20},{"addr":140736813678539,"idx":21},{"addr":140736914162134,"idx":22},{"addr":140736914160220,"idx":23},{"addr":140736914362035,"idx":24},{"addr":140736918218964,"idx":25},{"addr":140736876122820,"idx":26},{"addr":140736914122143,"idx":27},{"addr":140736914122024,"idx":28},{"addr":140736701244542,"idx":29},{"addr":140736701243712,"idx":30},{"addr":140736701242814,"idx":31},{"addr":140736717678445,"idx":32},{"addr":140736717678250,"idx":33},{"addr":140736717677938,"idx":34},{"addr":140736902955098,"idx":35},{"addr":140736897083607,"idx":36},{"addr":140736916996940,"idx":37}],,,,,,,,,,,,,,,,,,,1024,0,19464,,,,,,,,,,,,,,,,,,,,,,,,,,,,,,,,,,,,,,,,,,,,,,,,,,,,,,,,,,,,,,,,,,,,,,,,,,,,,,,,,,,,,,,,,,,,,,,,,,,
"2025-09-02 15:13:22.7886250Z","ETW","Microsoft-Windows-Kernel-Process",5,"ImageLoadInfo ",13192,1244,"WerFault.exe",,,,"C:\Windows\System32\FlightSettings.dll",,,,,,,,,,,,[{"addr":140736918203828,"idx":0},{"addr":140736917192506,"idx":1},{"addr":140736917191278,"idx":2},{"addr":140736917210764,"idx":3},{"addr":140736917202269,"idx":4},{"addr":140736917259140,"idx":5},{"addr":140736916785248,"idx":6},{"addr":140736916784352,"idx":7},{"addr":140736917101952,"idx":8},{"addr":140736872000198,"idx":9},{"addr":140736909363845,"idx":10},{"addr":140736909362547,"idx":11},{"addr":140736909360794,"idx":12},{"addr":140736909561496,"idx":13},{"addr":140736909365281,"idx":14},{"addr":140736909356853,"idx":15},{"addr":140736910270317,"idx":16},{"addr":140736909359719,"idx":17},{"addr":140736909871367,"idx":18},{"addr":140736910338829,"idx":19},{"addr":140736910332465,"idx":20},{"addr":140736910348734,"idx":21},{"addr":140736910270317,"idx":22},{"addr":140736909350430,"idx":23},{"addr":140736910270317,"idx":24},{"addr":140736909553458,"idx":25},{"addr":140736909548907,"idx":26},{"addr":140736909576880,"idx":27},{"addr":140736823887242,"idx":28},{"addr":140736823334871,"idx":29},{"addr":140736823929387,"idx":30},{"addr":140736823342543,"idx":31},{"addr":140736823342026,"idx":32},{"addr":140736823799441,"idx":33},{"addr":140736823727626,"idx":34},{"addr":140736823756633,"idx":35},{"addr":140736823459595,"idx":36},{"addr":140736823674498,"idx":37},{"addr":140736823587658,"idx":38},{"addr":140733981343415,"idx":39},{"addr":140733981360014,"idx":40},{"addr":140733981359838,"idx":41},{"addr":140733981332330,"idx":42},{"addr":140702874837458,"idx":43},{"addr":140702874561549,"idx":44},{"addr":140702874566272,"idx":45},{"addr":140702874543067,"idx":46},{"addr":140736897083607,"idx":47},{"addr":140736916996940,"idx":48}],,,,,,,,,13192,,,,,,,,,,,,,,,,,,,,,,,,,,,,,,,,,,,,2330176052,140736551714816,140736551714816,1234194,1171456,,,,,,,,,,,,,,,,,,,,,,,,,,,,,,,,,,,,,,,,,,,,,,,,,,,,,,,,,,,,,,,,,,,,,,,
"2025-09-02 15:13:22.7895412Z","ETW","Microsoft-Windows-Kernel-Audit-API-Calls",5,"Info ",5380,1604,"explorer.exe",,,,,,,,,,,,,,,,[{"addr":140736918203764,"idx":0},{"addr":140736872731894,"idx":1},{"addr":140736424558295,"idx":2},{"addr":140736424565700,"idx":3},{"addr":140736424547297,"idx":4},{"addr":140736448602149,"idx":5},{"addr":140736902703990,"idx":6},{"addr":140736902703274,"idx":7},{"addr":140736902700103,"idx":8},{"addr":140736897083607,"idx":9},{"addr":140736916996940,"idx":10}],,,,,,,,,,,,,,,,,,,4096,0,19464,,,,,,,,,,,,,,,,,,,,,,,,,,,,,,,,,,,,,,,,,,,,,,,,,,,,,,,,,,,,,,,,,,,,,,,,,,,,,,,,,,,,,,,,,,,,,,,,,,,
"2025-09-02 15:13:22.7895582Z","ETW","Microsoft-Windows-Kernel-Audit-API-Calls",5,"Info ",5380,1604,"explorer.exe",,,,,,,,,,,,,,,,[{"addr":140736918203764,"idx":0},{"addr":140736872731894,"idx":1},{"addr":140736424559329,"idx":2},{"addr":140736424560627,"idx":3},{"addr":140736424565746,"idx":4},{"addr":140736424547297,"idx":5},{"addr":140736448602149,"idx":6},{"addr":140736902703990,"idx":7},{"addr":140736902703274,"idx":8},{"addr":140736902700103,"idx":9},{"addr":140736897083607,"idx":10},{"addr":140736916996940,"idx":11}],,,,,,,,,,,,,,,,,,,4096,0,19464,,,,,,,,,,,,,,,,,,,,,,,,,,,,,,,,,,,,,,,,,,,,,,,,,,,,,,,,,,,,,,,,,,,,,,,,,,,,,,,,,,,,,,,,,,,,,,,,,,,
"2025-09-02 15:13:22.7910199Z","ETW","Microsoft-Windows-Kernel-Process",5,"ImageLoadInfo ",13192,1244,"WerFault.exe",,,,"C:\Windows\System32\policymanager.dll",,,,,,,,,,,,[{"addr":140736918203828,"idx":0},{"addr":140736917192506,"idx":1},{"addr":140736917191278,"idx":2},{"addr":140736917210764,"idx":3},{"addr":140736917202269,"idx":4},{"addr":140736917259140,"idx":5},{"addr":140736916785248,"idx":6},{"addr":140736916786774,"idx":7},{"addr":140736917021315,"idx":8},{"addr":140736917023197,"idx":9},{"addr":140736552310578,"idx":10},{"addr":140736551743723,"idx":11},{"addr":140736552248893,"idx":12},{"addr":140736552249084,"idx":13},{"addr":140736552248258,"idx":14},{"addr":140736552249517,"idx":15},{"addr":140736552291077,"idx":16},{"addr":140736823887347,"idx":17},{"addr":140736823334871,"idx":18},{"addr":140736823929387,"idx":19},{"addr":140736823342543,"idx":20},{"addr":140736823342026,"idx":21},{"addr":140736823799441,"idx":22},{"addr":140736823727626,"idx":23},{"addr":140736823756633,"idx":24},{"addr":140736823459595,"idx":25},{"addr":140736823674498,"idx":26},{"addr":140736823587658,"idx":27},{"addr":140733981343415,"idx":28},{"addr":140733981360014,"idx":29},{"addr":140733981359838,"idx":30},{"addr":140733981332330,"idx":31},{"addr":140702874837458,"idx":32},{"addr":140702874561549,"idx":33},{"addr":140702874566272,"idx":34},{"addr":140702874543067,"idx":35},{"addr":140736897083607,"idx":36},{"addr":140736916996940,"idx":37}],,,,,,,,,13192,,,,,,,,,,,,,,,,,,,,,,,,,,,,,,,,,,,,2757975175,140736805928960,140736805928960,801211,737280,,,,,,,,,,,,,,,,,,,,,,,,,,,,,,,,,,,,,,,,,,,,,,,,,,,,,,,,,,,,,,,,,,,,,,,
"2025-09-02 15:13:22.7914923Z","ETW","Microsoft-Windows-Kernel-Process",5,"ImageLoadInfo ",13192,21732,"WerFault.exe",,,,"C:\Windows\System32\msvcp110_win.dll",,,,,,,,,,,,[{"addr":140736918203828,"idx":0},{"addr":140736917192506,"idx":1},{"addr":140736917191278,"idx":2},{"addr":140736917210764,"idx":3},{"addr":140736917201516,"idx":4},{"addr":140736917258922,"idx":5},{"addr":140736917255216,"idx":6},{"addr":140736917350945,"idx":7},{"addr":140736897083607,"idx":8},{"addr":140736916996940,"idx":9}],,,,,,,,,13192,,,,,,,,,,,,,,,,,,,,,,,,,,,,,,,,,,,,3464179610,140736793542656,140736793542656,602786,593920,,,,,,,,,,,,,,,,,,,,,,,,,,,,,,,,,,,,,,,,,,,,,,,,,,,,,,,,,,,,,,,,,,,,,,,
"2025-09-02 15:13:22.7933686Z","ETW","Microsoft-Windows-Kernel-Audit-API-Calls",5,"Info ",528,8632,"svchost.exe",,,,,,,,,,,,,,,,[{"addr":140736918203764,"idx":0},{"addr":140736824428142,"idx":1},{"addr":140736824426211,"idx":2},{"addr":140736824430700,"idx":3},{"addr":140736824434883,"idx":4},{"addr":140736917255712,"idx":5},{"addr":140736917350945,"idx":6},{"addr":140736897083607,"idx":7},{"addr":140736916996940,"idx":8}],,,,,,,,,,,,,,,,,,,4096,0,19464,,,,,,,,,,,,,,,,,,,,,,,,,,,,,,,,,,,,,,,,,,,,,,,,,,,,,,,,,,,,,,,,,,,,,,,,,,,,,,,,,,,,,,,,,,,,,,,,,,,
"2025-09-02 15:13:22.7933977Z","ETW","Microsoft-Windows-Kernel-Audit-API-Calls",5,"Info ",528,8632,"svchost.exe",,,,,,,,,,,,,,,,[{"addr":140736918203764,"idx":0},{"addr":140736824300936,"idx":1},{"addr":140736824299624,"idx":2},{"addr":140736824298572,"idx":3},{"addr":140736824431727,"idx":4},{"addr":140736824434883,"idx":5},{"addr":140736917255712,"idx":6},{"addr":140736917350945,"idx":7},{"addr":140736897083607,"idx":8},{"addr":140736916996940,"idx":9}],,,,,,,,,,,,,,,,,,,12288,0,19464,,,,,,,,,,,,,,,,,,,,,,,,,,,,,,,,,,,,,,,,,,,,,,,,,,,,,,,,,,,,,,,,,,,,,,,,,,,,,,,,,,,,,,,,,,,,,,,,,,,
"2025-09-02 15:13:22.7937372Z","ETW","Microsoft-Windows-Kernel-Process",6,"ImageUnloadInfo ",13192,1244,"WerFault.exe",,,,"C:\Windows\System32\msvcp110_win.dll",,,,,,,,,,,,[{"addr":140736918203892,"idx":0},{"addr":140736917028534,"idx":1},{"addr":140736916779098,"idx":2},{"addr":140736916769422,"idx":3},{"addr":140736916769266,"idx":4},{"addr":140736916769266,"idx":5},{"addr":140736916768404,"idx":6},{"addr":140736916773680,"idx":7},{"addr":140736872000489,"idx":8},{"addr":140736909949854,"idx":9},{"addr":140736909944133,"idx":10},{"addr":140736909367016,"idx":11},{"addr":140736909232512,"idx":12},{"addr":140736909233542,"idx":13},{"addr":140736909233853,"idx":14},{"addr":140736909930487,"idx":15},{"addr":140736823887734,"idx":16},{"addr":140736823334871,"idx":17},{"addr":140736823929387,"idx":18},{"addr":140736823342543,"idx":19},{"addr":140736823342026,"idx":20},{"addr":140736823799441,"idx":21},{"addr":140736823727626,"idx":22},{"addr":140736823756633,"idx":23},{"addr":140736823459595,"idx":24},{"addr":140736823674498,"idx":25},{"addr":140736823587658,"idx":26},{"addr":140733981343415,"idx":27},{"addr":140733981360014,"idx":28},{"addr":140733981359838,"idx":29},{"addr":140733981332330,"idx":30},{"addr":140702874837458,"idx":31},{"addr":140702874561549,"idx":32},{"addr":140702874566272,"idx":33},{"addr":140702874543067,"idx":34},{"addr":140736897083607,"idx":35},{"addr":140736916996940,"idx":36}],,,,,,,,,13192,,,,,,,,,,,,,,,,,,,,,,,,,,,,,,,,,,,,3464179610,140736793542656,140736793542656,602786,606208,,,,,,,,,,,,,,,,,,,,,,,,,,,,,,,,,,,,,,,,,,,,,,,,,,,,,,,,,,,,,,,,,,,,,,,
"2025-09-02 15:13:22.7938975Z","ETW","Microsoft-Windows-Kernel-Process",6,"ImageUnloadInfo ",13192,1244,"WerFault.exe",,,,"C:\Windows\System32\policymanager.dll",,,,,,,,,,,,[{"addr":140736918203892,"idx":0},{"addr":140736917028534,"idx":1},{"addr":140736916779098,"idx":2},{"addr":140736916769422,"idx":3},{"addr":140736916769266,"idx":4},{"addr":140736916768404,"idx":5},{"addr":140736916773680,"idx":6},{"addr":140736872000489,"idx":7},{"addr":140736909949854,"idx":8},{"addr":140736909944133,"idx":9},{"addr":140736909367016,"idx":10},{"addr":140736909232512,"idx":11},{"addr":140736909233542,"idx":12},{"addr":140736909233853,"idx":13},{"addr":140736909930487,"idx":14},{"addr":140736823887734,"idx":15},{"addr":140736823334871,"idx":16},{"addr":140736823929387,"idx":17},{"addr":140736823342543,"idx":18},{"addr":140736823342026,"idx":19},{"addr":140736823799441,"idx":20},{"addr":140736823727626,"idx":21},{"addr":140736823756633,"idx":22},{"addr":140736823459595,"idx":23},{"addr":140736823674498,"idx":24},{"addr":140736823587658,"idx":25},{"addr":140733981343415,"idx":26},{"addr":140733981360014,"idx":27},{"addr":140733981359838,"idx":28},{"addr":140733981332330,"idx":29},{"addr":140702874837458,"idx":30},{"addr":140702874561549,"idx":31},{"addr":140702874566272,"idx":32},{"addr":140702874543067,"idx":33},{"addr":140736897083607,"idx":34},{"addr":140736916996940,"idx":35}],,,,,,,,,13192,,,,,,,,,,,,,,,,,,,,,,,,,,,,,,,,,,,,2757975175,140736805928960,140736805928960,801211,749568,,,,,,,,,,,,,,,,,,,,,,,,,,,,,,,,,,,,,,,,,,,,,,,,,,,,,,,,,,,,,,,,,,,,,,,
"2025-09-02 15:13:22.7940121Z","ETW","Microsoft-Windows-Kernel-Process",6,"ImageUnloadInfo ",13192,1244,"WerFault.exe",,,,"C:\Windows\System32\FlightSettings.dll",,,,,,,,,,,,[{"addr":140736918203892,"idx":0},{"addr":140736917028534,"idx":1},{"addr":140736916779098,"idx":2},{"addr":140736916773567,"idx":3},{"addr":140736872000489,"idx":4},{"addr":140736909949854,"idx":5},{"addr":140736909944133,"idx":6},{"addr":140736909367016,"idx":7},{"addr":140736909232512,"idx":8},{"addr":140736909233542,"idx":9},{"addr":140736909233853,"idx":10},{"addr":140736909930487,"idx":11},{"addr":140736823887734,"idx":12},{"addr":140736823334871,"idx":13},{"addr":140736823929387,"idx":14},{"addr":140736823342543,"idx":15},{"addr":140736823342026,"idx":16},{"addr":140736823799441,"idx":17},{"addr":140736823727626,"idx":18},{"addr":140736823756633,"idx":19},{"addr":140736823459595,"idx":20},{"addr":140736823674498,"idx":21},{"addr":140736823587658,"idx":22},{"addr":140733981343415,"idx":23},{"addr":140733981360014,"idx":24},{"addr":140733981359838,"idx":25},{"addr":140733981332330,"idx":26},{"addr":140702874837458,"idx":27},{"addr":140702874561549,"idx":28},{"addr":140702874566272,"idx":29},{"addr":140702874543067,"idx":30},{"addr":140736897083607,"idx":31},{"addr":140736916996940,"idx":32}],,,,,,,,,13192,,,,,,,,,,,,,,,,,,,,,,,,,,,,,,,,,,,,2330176052,140736551714816,140736551714816,1234194,1183744,,,,,,,,,,,,,,,,,,,,,,,,,,,,,,,,,,,,,,,,,,,,,,,,,,,,,,,,,,,,,,,,,,,,,,,
"2025-09-02 15:13:22.7945041Z","ETW","Microsoft-Windows-Kernel-Audit-API-Calls",5,"Info ",6624,17100,"svchost.exe",,,,,,,,,,,,,,,,[{"addr":140736918203764,"idx":0},{"addr":140736872731894,"idx":1},{"addr":140733987347359,"idx":2},{"addr":140733987324808,"idx":3},{"addr":140733987315955,"idx":4},{"addr":140736902703990,"idx":5},{"addr":140736902703274,"idx":6},{"addr":140736902700103,"idx":7},{"addr":140736897083607,"idx":8},{"addr":140736916996940,"idx":9}],,,,,,,,,,,,,,,,,,,4096,0,19464,,,,,,,,,,,,,,,,,,,,,,,,,,,,,,,,,,,,,,,,,,,,,,,,,,,,,,,,,,,,,,,,,,,,,,,,,,,,,,,,,,,,,,,,,,,,,,,,,,,
"2025-09-02 15:13:22.7950635Z","ETW","Microsoft-Windows-Kernel-Process",5,"ImageLoadInfo ",13192,1244,"WerFault.exe",,,,"C:\Windows\System32\FlightSettings.dll",,,,,,,,,,,,[{"addr":140736918203828,"idx":0},{"addr":140736917192506,"idx":1},{"addr":140736917191278,"idx":2},{"addr":140736917210764,"idx":3},{"addr":140736917202269,"idx":4},{"addr":140736917259140,"idx":5},{"addr":140736916785248,"idx":6},{"addr":140736916784352,"idx":7},{"addr":140736917101952,"idx":8},{"addr":140736872000198,"idx":9},{"addr":140736909363845,"idx":10},{"addr":140736909362547,"idx":11},{"addr":140736909360794,"idx":12},{"addr":140736909561496,"idx":13},{"addr":140736909365281,"idx":14},{"addr":140736909356853,"idx":15},{"addr":140736910270317,"idx":16},{"addr":140736909359719,"idx":17},{"addr":140736909871367,"idx":18},{"addr":140736910338829,"idx":19},{"addr":140736910332465,"idx":20},{"addr":140736910348734,"idx":21},{"addr":140736910270317,"idx":22},{"addr":140736909350430,"idx":23},{"addr":140736910270317,"idx":24},{"addr":140736909553458,"idx":25},{"addr":140736909548907,"idx":26},{"addr":140736909576880,"idx":27},{"addr":140736823886551,"idx":28},{"addr":140736823334912,"idx":29},{"addr":140736823929387,"idx":30},{"addr":140736823342543,"idx":31},{"addr":140736823342026,"idx":32},{"addr":140736823799441,"idx":33},{"addr":140736823727626,"idx":34},{"addr":140736823756633,"idx":35},{"addr":140736823459595,"idx":36},{"addr":140736823674498,"idx":37},{"addr":140736823587658,"idx":38},{"addr":140733981343415,"idx":39},{"addr":140733981360014,"idx":40},{"addr":140733981359838,"idx":41},{"addr":140733981332330,"idx":42},{"addr":140702874837458,"idx":43},{"addr":140702874561549,"idx":44},{"addr":140702874566272,"idx":45},{"addr":140702874543067,"idx":46},{"addr":140736897083607,"idx":47},{"addr":140736916996940,"idx":48}],,,,,,,,,13192,,,,,,,,,,,,,,,,,,,,,,,,,,,,,,,,,,,,2330176052,140736551714816,140736551714816,1234194,1171456,,,,,,,,,,,,,,,,,,,,,,,,,,,,,,,,,,,,,,,,,,,,,,,,,,,,,,,,,,,,,,,,,,,,,,,
"2025-09-02 15:13:22.8045976Z","ETW","Microsoft-Windows-Kernel-Audit-API-Calls",5,"Info ",8144,10384,"ApplicationFrameHost.exe",,,,,,,,,,,,,,,,[{"addr":140736918203764,"idx":0},{"addr":140736872731894,"idx":1},{"addr":140736376548162,"idx":2},{"addr":140736376610067,"idx":3},{"addr":140736376639597,"idx":4},{"addr":140736882620003,"idx":5},{"addr":140736882628366,"idx":6},{"addr":140736881847376,"idx":7},{"addr":140736909646461,"idx":8},{"addr":140736909646267,"idx":9},{"addr":140736909643574,"idx":10},{"addr":140736909641089,"idx":11},{"addr":140736910206646,"idx":12},{"addr":140736909295908,"idx":13},{"addr":140736909422200,"idx":14},{"addr":140736909415344,"idx":15},{"addr":140736910591195,"idx":16},{"addr":140736914162134,"idx":17},{"addr":140736914152749,"idx":18},{"addr":140736376471572,"idx":19},{"addr":140736902955098,"idx":20},{"addr":140736897083607,"idx":21},{"addr":140736916996940,"idx":22}],,,,,,,,,,,,,,,,,,,512,0,19464,,,,,,,,,,,,,,,,,,,,,,,,,,,,,,,,,,,,,,,,,,,,,,,,,,,,,,,,,,,,,,,,,,,,,,,,,,,,,,,,,,,,,,,,,,,,,,,,,,,
"2025-09-02 15:13:22.8047552Z","ETW","Microsoft-Windows-Kernel-Audit-API-Calls",5,"Info ",8144,15816,"ApplicationFrameHost.exe",,,,,,,,,,,,,,,,[{"addr":140736918203764,"idx":0},{"addr":140736872731894,"idx":1},{"addr":140736717697306,"idx":2},{"addr":140736376301607,"idx":3},{"addr":140736376669957,"idx":4},{"addr":140736902703990,"idx":5},{"addr":140736902703274,"idx":6},{"addr":140736902700103,"idx":7},{"addr":140736897083607,"idx":8},{"addr":140736916996940,"idx":9}],,,,,,,,,,,,,,,,,,,4096,0,8144,,,,,,,,,,,,,,,,,,,,,,,,,,,,,,,,,,,,,,,,,,,,,,,,,,,,,,,,,,,,,,,,,,,,,,,,,,,,,,,,,,,,,,,,,,,,,,,,,,,
"2025-09-02 15:13:22.8056840Z","ETW","Microsoft-Windows-Kernel-Audit-API-Calls",5,"Info ",528,12396,"svchost.exe",,,,,,,,,,,,,,,,[{"addr":140736918203764,"idx":0},{"addr":140736824401950,"idx":1},{"addr":140736917261860,"idx":2},{"addr":140736917263407,"idx":3},{"addr":140736917266967,"idx":4},{"addr":140736917265136,"idx":5},{"addr":140736917350329,"idx":6},{"addr":140736897083607,"idx":7},{"addr":140736916996940,"idx":8}],,,,,,,,,,,,,,,,,,,8192,0,19464,,,,,,,,,,,,,,,,,,,,,,,,,,,,,,,,,,,,,,,,,,,,,,,,,,,,,,,,,,,,,,,,,,,,,,,,,,,,,,,,,,,,,,,,,,,,,,,,,,,
"2025-09-02 15:13:22.8111152Z","ETW","Microsoft-Windows-Kernel-Process",3,"ThreadStartStart ",8144,19548,"ApplicationFrameHost.exe",,,,,,,,,,,,,,,,[{"addr":140736918214756,"idx":0},{"addr":140736917257428,"idx":1},{"addr":140736917254706,"idx":2},{"addr":140736917350945,"idx":3},{"addr":140736897083607,"idx":4},{"addr":140736916996940,"idx":5}],,,,,,,,,8144,18446639081577938944,18446639081577914368,140736917348896,0,309581869056,2052,309591015424,309591007232,140736917348896,,,,,,,,,,,,,,,,,,,,,,,,,,,,,,,,,,,,,,,,,,,,,,,,,,,,,,,,,,,,,,,,,,,,,,,,,,,,,,,,,,,,,,,,,,,,,,,,,,,,,,
"2025-09-02 15:13:22.8115434Z","ETW","Microsoft-Windows-Kernel-Process",3,"ThreadStartStart ",8144,10384,"ApplicationFrameHost.exe",,,,,,,,,,,,,,,,[{"addr":140736918208964,"idx":0},{"addr":140736872776761,"idx":1},{"addr":140736897102141,"idx":2},{"addr":140736902701861,"idx":3},{"addr":140736903122914,"idx":4},{"addr":140736902708086,"idx":5},{"addr":140736902706669,"idx":6},{"addr":140736376469651,"idx":7},{"addr":140736376548289,"idx":8},{"addr":140736376610067,"idx":9},{"addr":140736376639597,"idx":10},{"addr":140736882620003,"idx":11},{"addr":140736882628366,"idx":12},{"addr":140736881847376,"idx":13},{"addr":140736909646461,"idx":14},{"addr":140736909646267,"idx":15},{"addr":140736909643574,"idx":16},{"addr":140736909641089,"idx":17},{"addr":140736910206646,"idx":18},{"addr":140736909295908,"idx":19},{"addr":140736909422200,"idx":20},{"addr":140736909415344,"idx":21},{"addr":140736910591195,"idx":22},{"addr":140736914162134,"idx":23},{"addr":140736914152749,"idx":24},{"addr":140736376471572,"idx":25},{"addr":140736902955098,"idx":26},{"addr":140736897083607,"idx":27},{"addr":140736916996940,"idx":28}],,,,,,,,,8144,18446639081576816640,18446639081576792064,140736902700080,0,309581877248,17588,309591539712,309591531520,140736902700080,,,,,,,,,,,,,,,,,,,,,,,,,,,,,,,,,,,,,,,,,,,,,,,,,,,,,,,,,,,,,,,,,,,,,,,,,,,,,,,,,,,,,,,,,,,,,,,,,,,,,,
"2025-09-02 15:13:22.8117520Z","ETW","Microsoft-Windows-Kernel-Process",3,"ThreadStartStart ",4,72,"System",,,,,,,,,,,,,,,,[],,,,,,,,,7252,18446639081577246720,18446639081577222144,140736917348896,0,861700915200,508,861736534016,861736529920,140736917348896,,,,,,,,,,,,,,,,,,,,,,,,,,,,,,,,,,,,,,,,,,,,,,,,,,,,,,,,,,,,,,,,,,,,,,,,,,,,,,,,,,,,,,,,,,,,,,,,,,,,,,
"2025-09-02 15:13:22.8122359Z","ETW","Microsoft-Windows-Kernel-Process",3,"ThreadStartStart ",8144,10384,"ApplicationFrameHost.exe",,,,,,,,,,,,,,,,[{"addr":140736918208964,"idx":0},{"addr":140736872776761,"idx":1},{"addr":140736897102141,"idx":2},{"addr":140736902701861,"idx":3},{"addr":140736903122914,"idx":4},{"addr":140736902708086,"idx":5},{"addr":140736902706669,"idx":6},{"addr":140736376291343,"idx":7},{"addr":140736376291165,"idx":8},{"addr":140736376290844,"idx":9},{"addr":140736376290989,"idx":10},{"addr":140736376330856,"idx":11},{"addr":140736376338118,"idx":12},{"addr":140736376610209,"idx":13},{"addr":140736376639597,"idx":14},{"addr":140736882620003,"idx":15},{"addr":140736882628366,"idx":16},{"addr":140736881847376,"idx":17},{"addr":140736909646461,"idx":18},{"addr":140736909646267,"idx":19},{"addr":140736909643574,"idx":20},{"addr":140736909641089,"idx":21},{"addr":140736910206646,"idx":22},{"addr":140736909295908,"idx":23},{"addr":140736909422200,"idx":24},{"addr":140736909415344,"idx":25},{"addr":140736910591195,"idx":26},{"addr":140736914162134,"idx":27},{"addr":140736914152749,"idx":28},{"addr":140736376471572,"idx":29},{"addr":140736902955098,"idx":30},{"addr":140736897083607,"idx":31},{"addr":140736916996940,"idx":32}],,,,,,,,,8144,18446639081577566208,18446639081577541632,140736902700080,0,309581885440,21720,309592064000,309592055808,140736902700080,,,,,,,,,,,,,,,,,,,,,,,,,,,,,,,,,,,,,,,,,,,,,,,,,,,,,,,,,,,,,,,,,,,,,,,,,,,,,,,,,,,,,,,,,,,,,,,,,,,,,,
"2025-09-02 15:13:22.8146438Z","ETW","Microsoft-Windows-Kernel-Process",5,"ImageLoadInfo ",13192,1244,"WerFault.exe",,,,"C:\Windows\System32\fcon.dll",,,,,,,,,,,,[{"addr":140736918203828,"idx":0},{"addr":140736917192506,"idx":1},{"addr":140736917191278,"idx":2},{"addr":140736917210764,"idx":3},{"addr":140736917202269,"idx":4},{"addr":140736917259140,"idx":5},{"addr":140736916785248,"idx":6},{"addr":140736916784352,"idx":7},{"addr":140736917101952,"idx":8},{"addr":140736872000198,"idx":9},{"addr":140736909363845,"idx":10},{"addr":140736909362547,"idx":11},{"addr":140736909531736,"idx":12},{"addr":140736909521735,"idx":13},{"addr":140736909520558,"idx":14},{"addr":140736909517865,"idx":15},{"addr":140736551837437,"idx":16},{"addr":140736551843973,"idx":17},{"addr":140736551845302,"idx":18},{"addr":140736551787620,"idx":19},{"addr":140736551792080,"idx":20},{"addr":140736823886683,"idx":21},{"addr":140736823334912,"idx":22},{"addr":140736823929387,"idx":23},{"addr":140736823342543,"idx":24},{"addr":140736823342026,"idx":25},{"addr":140736823799441,"idx":26},{"addr":140736823727626,"idx":27},{"addr":140736823756633,"idx":28},{"addr":140736823459595,"idx":29},{"addr":140736823674498,"idx":30},{"addr":140736823587658,"idx":31},{"addr":140733981343415,"idx":32},{"addr":140733981360014,"idx":33},{"addr":140733981359838,"idx":34},{"addr":140733981332330,"idx":35},{"addr":140702874837458,"idx":36},{"addr":140702874561549,"idx":37},{"addr":140702874566272,"idx":38},{"addr":140702874543067,"idx":39},{"addr":140736897083607,"idx":40},{"addr":140736916996940,"idx":41}],,,,,,,,,13192,,,,,,,,,,,,,,,,,,,,,,,,,,,,,,,,,,,,3641107254,140736550862848,140736550862848,797216,798720,,,,,,,,,,,,,,,,,,,,,,,,,,,,,,,,,,,,,,,,,,,,,,,,,,,,,,,,,,,,,,,,,,,,,,,
"2025-09-02 15:13:22.8151991Z","ETW","Microsoft-Windows-Kernel-Audit-API-Calls",5,"Info ",4900,7676,"ctfmon.exe",,,,,,,,,,,,,,,,[{"addr":140736918206916,"idx":0},{"addr":140736900739521,"idx":1},{"addr":140736900742168,"idx":2},{"addr":140736900735498,"idx":3},{"addr":140736901294627,"idx":4},{"addr":140736897083607,"idx":5},{"addr":140736916996940,"idx":6}],,,,,,,,,,,,,,,,,,,4096,0,19464,,,,,,,,,,,,,,,,,,,,,,,,,,,,,,,,,,,,,,,,,,,,,,,,,,,,,,,,,,,,,,,,,,,,,,,,,,,,,,,,,,,,,,,,,,,,,,,,,,,
"2025-09-02 15:13:22.8169495Z","ETW","Microsoft-Windows-Kernel-Audit-API-Calls",5,"Info ",8144,15816,"ApplicationFrameHost.exe",,,,,,,,,,,,,,,,[{"addr":140736918203764,"idx":0},{"addr":140736872731894,"idx":1},{"addr":140736717712205,"idx":2},{"addr":140736717912144,"idx":3},{"addr":140736717698842,"idx":4},{"addr":140736717697500,"idx":5},{"addr":140736376301607,"idx":6},{"addr":140736376669957,"idx":7},{"addr":140736902703990,"idx":8},{"addr":140736902703274,"idx":9},{"addr":140736902700103,"idx":10},{"addr":140736897083607,"idx":11},{"addr":140736916996940,"idx":12}],,,,,,,,,,,,,,,,,,,4096,0,19464,,,,,,,,,,,,,,,,,,,,,,,,,,,,,,,,,,,,,,,,,,,,,,,,,,,,,,,,,,,,,,,,,,,,,,,,,,,,,,,,,,,,,,,,,,,,,,,,,,,
"2025-09-02 15:13:22.8169632Z","ETW","Microsoft-Windows-Kernel-Audit-API-Calls",5,"Info ",8144,15816,"ApplicationFrameHost.exe",,,,,,,,,,,,,,,,[{"addr":140736918203764,"idx":0},{"addr":140736872731894,"idx":1},{"addr":140736717912280,"idx":2},{"addr":140736717698842,"idx":3},{"addr":140736717697500,"idx":4},{"addr":140736376301607,"idx":5},{"addr":140736376669957,"idx":6},{"addr":140736902703990,"idx":7},{"addr":140736902703274,"idx":8},{"addr":140736902700103,"idx":9},{"addr":140736897083607,"idx":10},{"addr":140736916996940,"idx":11}],,,,,,,,,,,,,,,,,,,4096,0,19464,,,,,,,,,,,,,,,,,,,,,,,,,,,,,,,,,,,,,,,,,,,,,,,,,,,,,,,,,,,,,,,,,,,,,,,,,,,,,,,,,,,,,,,,,,,,,,,,,,,
"2025-09-02 15:13:22.8202926Z","ETW","Microsoft-Windows-Kernel-Process",6,"ImageUnloadInfo ",13192,1244,"WerFault.exe",,,,"C:\Windows\System32\fcon.dll",,,,,,,,,,,,[{"addr":140736918203892,"idx":0},{"addr":140736917028534,"idx":1},{"addr":140736916779098,"idx":2},{"addr":140736916773567,"idx":3},{"addr":140736872000489,"idx":4},{"addr":140736909949854,"idx":5},{"addr":140736909944133,"idx":6},{"addr":140736909367016,"idx":7},{"addr":140736909232512,"idx":8},{"addr":140736909233542,"idx":9},{"addr":140736909233853,"idx":10},{"addr":140736909930487,"idx":11},{"addr":140736823886994,"idx":12},{"addr":140736823334912,"idx":13},{"addr":140736823929387,"idx":14},{"addr":140736823342543,"idx":15},{"addr":140736823342026,"idx":16},{"addr":140736823799441,"idx":17},{"addr":140736823727626,"idx":18},{"addr":140736823756633,"idx":19},{"addr":140736823459595,"idx":20},{"addr":140736823674498,"idx":21},{"addr":140736823587658,"idx":22},{"addr":140733981343415,"idx":23},{"addr":140733981360014,"idx":24},{"addr":140733981359838,"idx":25},{"addr":140733981332330,"idx":26},{"addr":140702874837458,"idx":27},{"addr":140702874561549,"idx":28},{"addr":140702874566272,"idx":29},{"addr":140702874543067,"idx":30},{"addr":140736897083607,"idx":31},{"addr":140736916996940,"idx":32}],,,,,,,,,13192,,,,,,,,,,,,,,,,,,,,,,,,,,,,,,,,,,,,3641107254,140736550862848,140736550862848,797216,811008,,,,,,,,,,,,,,,,,,,,,,,,,,,,,,,,,,,,,,,,,,,,,,,,,,,,,,,,,,,,,,,,,,,,,,,
"2025-09-02 15:13:22.8204439Z","ETW","Microsoft-Windows-Kernel-Process",6,"ImageUnloadInfo ",13192,1244,"WerFault.exe",,,,"C:\Windows\System32\FlightSettings.dll",,,,,,,,,,,,[{"addr":140736918203892,"idx":0},{"addr":140736917028534,"idx":1},{"addr":140736916779098,"idx":2},{"addr":140736916773567,"idx":3},{"addr":140736872000489,"idx":4},{"addr":140736909949854,"idx":5},{"addr":140736909944133,"idx":6},{"addr":140736909367016,"idx":7},{"addr":140736909232512,"idx":8},{"addr":140736909233542,"idx":9},{"addr":140736909233853,"idx":10},{"addr":140736909930487,"idx":11},{"addr":140736823886994,"idx":12},{"addr":140736823334912,"idx":13},{"addr":140736823929387,"idx":14},{"addr":140736823342543,"idx":15},{"addr":140736823342026,"idx":16},{"addr":140736823799441,"idx":17},{"addr":140736823727626,"idx":18},{"addr":140736823756633,"idx":19},{"addr":140736823459595,"idx":20},{"addr":140736823674498,"idx":21},{"addr":140736823587658,"idx":22},{"addr":140733981343415,"idx":23},{"addr":140733981360014,"idx":24},{"addr":140733981359838,"idx":25},{"addr":140733981332330,"idx":26},{"addr":140702874837458,"idx":27},{"addr":140702874561549,"idx":28},{"addr":140702874566272,"idx":29},{"addr":140702874543067,"idx":30},{"addr":140736897083607,"idx":31},{"addr":140736916996940,"idx":32}],,,,,,,,,13192,,,,,,,,,,,,,,,,,,,,,,,,,,,,,,,,,,,,2330176052,140736551714816,140736551714816,1234194,1183744,,,,,,,,,,,,,,,,,,,,,,,,,,,,,,,,,,,,,,,,,,,,,,,,,,,,,,,,,,,,,,,,,,,,,,,
"2025-09-02 15:13:22.8212982Z","ETW","Microsoft-Windows-Kernel-Process",5,"ImageLoadInfo ",13192,1244,"WerFault.exe",,,,"C:\Windows\System32\fcon.dll",,,,,,,,,,,,[{"addr":140736918203828,"idx":0},{"addr":140736917192506,"idx":1},{"addr":140736917191278,"idx":2},{"addr":140736917210764,"idx":3},{"addr":140736917202269,"idx":4},{"addr":140736917259140,"idx":5},{"addr":140736916785248,"idx":6},{"addr":140736916784352,"idx":7},{"addr":140736917101952,"idx":8},{"addr":140736872000198,"idx":9},{"addr":140736909363845,"idx":10},{"addr":140736909362547,"idx":11},{"addr":140736909531736,"idx":12},{"addr":140736909521735,"idx":13},{"addr":140736909520558,"idx":14},{"addr":140736909517865,"idx":15},{"addr":140736823881539,"idx":16},{"addr":140736823486906,"idx":17},{"addr":140736823334942,"idx":18},{"addr":140736823929387,"idx":19},{"addr":140736823342543,"idx":20},{"addr":140736823342026,"idx":21},{"addr":140736823799441,"idx":22},{"addr":140736823727626,"idx":23},{"addr":140736823756633,"idx":24},{"addr":140736823459595,"idx":25},{"addr":140736823674498,"idx":26},{"addr":140736823587658,"idx":27},{"addr":140733981343415,"idx":28},{"addr":140733981360014,"idx":29},{"addr":140733981359838,"idx":30},{"addr":140733981332330,"idx":31},{"addr":140702874837458,"idx":32},{"addr":140702874561549,"idx":33},{"addr":140702874566272,"idx":34},{"addr":140702874543067,"idx":35},{"addr":140736897083607,"idx":36},{"addr":140736916996940,"idx":37}],,,,,,,,,13192,,,,,,,,,,,,,,,,,,,,,,,,,,,,,,,,,,,,3641107254,140736550862848,140736550862848,797216,798720,,,,,,,,,,,,,,,,,,,,,,,,,,,,,,,,,,,,,,,,,,,,,,,,,,,,,,,,,,,,,,,,,,,,,,,
"2025-09-02 15:13:22.8247462Z","ETW","Microsoft-Windows-Kernel-Audit-API-Calls",5,"Info ",6624,19776,"svchost.exe",,,,,,,,,,,,,,,,[{"addr":140736918203764,"idx":0},{"addr":140736872731894,"idx":1},{"addr":140733987305056,"idx":2},{"addr":140733987304852,"idx":3},{"addr":140733987288281,"idx":4},{"addr":140736902703990,"idx":5},{"addr":140736902703274,"idx":6},{"addr":140736902700103,"idx":7},{"addr":140736897083607,"idx":8},{"addr":140736916996940,"idx":9}],,,,,,,,,,,,,,,,,,,1088,0,19464,,,,,,,,,,,,,,,,,,,,,,,,,,,,,,,,,,,,,,,,,,,,,,,,,,,,,,,,,,,,,,,,,,,,,,,,,,,,,,,,,,,,,,,,,,,,,,,,,,,
"2025-09-02 15:13:22.8253062Z","ETW","Microsoft-Windows-Kernel-Audit-API-Calls",5,"Info ",920,1004,"lsass.exe",,,,,,,,,,,,,,,,[{"addr":140736918203764,"idx":0},{"addr":140736872731894,"idx":1},{"addr":140736861129291,"idx":2},{"addr":140736882620003,"idx":3},{"addr":140736882628366,"idx":4},{"addr":140736882319852,"idx":5},{"addr":140736882311415,"idx":6},{"addr":140736882088628,"idx":7},{"addr":140736882092744,"idx":8},{"addr":140736882015316,"idx":9},{"addr":140736882081820,"idx":10},{"addr":140736882106396,"idx":11},{"addr":140736882102691,"idx":12},{"addr":140736882098504,"idx":13},{"addr":140736917358174,"idx":14},{"addr":140736917350275,"idx":15},{"addr":140736897083607,"idx":16},{"addr":140736916996940,"idx":17}],,,,,,,,,,,,,,,,,,,4096,0,6624,,,,,,,,,,,,,,,,,,,,,,,,,,,,,,,,,,,,,,,,,,,,,,,,,,,,,,,,,,,,,,,,,,,,,,,,,,,,,,,,,,,,,,,,,,,,,,,,,,,
"2025-09-02 15:13:22.8258479Z","ETW","Microsoft-Windows-Kernel-Audit-API-Calls",5,"Info ",6624,13732,"svchost.exe",,,,,,,,,,,,,,,,[{"addr":140736918203764,"idx":0},{"addr":140736872731894,"idx":1},{"addr":140733987305056,"idx":2},{"addr":140733987304852,"idx":3},{"addr":140733987288281,"idx":4},{"addr":140736902703990,"idx":5},{"addr":140736902703274,"idx":6},{"addr":140736902986355,"idx":7},{"addr":140736917282525,"idx":8},{"addr":140736917350969,"idx":9},{"addr":140736897083607,"idx":10},{"addr":140736916996940,"idx":11}],,,,,,,,,,,,,,,,,,,1088,0,19464,,,,,,,,,,,,,,,,,,,,,,,,,,,,,,,,,,,,,,,,,,,,,,,,,,,,,,,,,,,,,,,,,,,,,,,,,,,,,,,,,,,,,,,,,,,,,,,,,,,
"2025-09-02 15:13:22.8259357Z","ETW","Microsoft-Windows-Kernel-Audit-API-Calls",5,"Info ",920,1004,"lsass.exe",,,,,,,,,,,,,,,,[{"addr":140736918203764,"idx":0},{"addr":140736872731894,"idx":1},{"addr":140736861129291,"idx":2},{"addr":140736882620003,"idx":3},{"addr":140736882628366,"idx":4},{"addr":140736882319852,"idx":5},{"addr":140736882311415,"idx":6},{"addr":140736882088628,"idx":7},{"addr":140736882092744,"idx":8},{"addr":140736882015316,"idx":9},{"addr":140736882081820,"idx":10},{"addr":140736882106396,"idx":11},{"addr":140736882102691,"idx":12},{"addr":140736882098504,"idx":13},{"addr":140736917358174,"idx":14},{"addr":140736917350275,"idx":15},{"addr":140736897083607,"idx":16},{"addr":140736916996940,"idx":17}],,,,,,,,,,,,,,,,,,,4096,0,6624,,,,,,,,,,,,,,,,,,,,,,,,,,,,,,,,,,,,,,,,,,,,,,,,,,,,,,,,,,,,,,,,,,,,,,,,,,,,,,,,,,,,,,,,,,,,,,,,,,,
"2025-09-02 15:13:22.8263667Z","ETW","Microsoft-Windows-Kernel-Audit-API-Calls",5,"Info ",920,1004,"lsass.exe",,,,,,,,,,,,,,,,[{"addr":140736918203764,"idx":0},{"addr":140736872731894,"idx":1},{"addr":140736861129291,"idx":2},{"addr":140736882620003,"idx":3},{"addr":140736882628366,"idx":4},{"addr":140736882319852,"idx":5},{"addr":140736882311415,"idx":6},{"addr":140736882088628,"idx":7},{"addr":140736882092744,"idx":8},{"addr":140736882015316,"idx":9},{"addr":140736882081820,"idx":10},{"addr":140736882106396,"idx":11},{"addr":140736882102691,"idx":12},{"addr":140736882098504,"idx":13},{"addr":140736917358174,"idx":14},{"addr":140736917350275,"idx":15},{"addr":140736897083607,"idx":16},{"addr":140736916996940,"idx":17}],,,,,,,,,,,,,,,,,,,4096,0,6624,,,,,,,,,,,,,,,,,,,,,,,,,,,,,,,,,,,,,,,,,,,,,,,,,,,,,,,,,,,,,,,,,,,,,,,,,,,,,,,,,,,,,,,,,,,,,,,,,,,
"2025-09-02 15:13:22.8265865Z","ETW","Microsoft-Windows-Kernel-Audit-API-Calls",5,"Info ",920,1004,"lsass.exe",,,,,,,,,,,,,,,,[{"addr":140736918203764,"idx":0},{"addr":140736872731894,"idx":1},{"addr":140736861129291,"idx":2},{"addr":140736882620003,"idx":3},{"addr":140736882628366,"idx":4},{"addr":140736882319852,"idx":5},{"addr":140736882311415,"idx":6},{"addr":140736882088628,"idx":7},{"addr":140736882092744,"idx":8},{"addr":140736882015316,"idx":9},{"addr":140736882081820,"idx":10},{"addr":140736882106396,"idx":11},{"addr":140736882102691,"idx":12},{"addr":140736882098504,"idx":13},{"addr":140736917358174,"idx":14},{"addr":140736917350275,"idx":15},{"addr":140736897083607,"idx":16},{"addr":140736916996940,"idx":17}],,,,,,,,,,,,,,,,,,,4096,0,6624,,,,,,,,,,,,,,,,,,,,,,,,,,,,,,,,,,,,,,,,,,,,,,,,,,,,,,,,,,,,,,,,,,,,,,,,,,,,,,,,,,,,,,,,,,,,,,,,,,,
"2025-09-02 15:13:22.8271041Z","ETW","Microsoft-Windows-Kernel-Audit-API-Calls",5,"Info ",4488,11444,"sihost.exe",,,,,,,,,,,,,,,,[{"addr":140736918206916,"idx":0},{"addr":140736882337646,"idx":1},{"addr":140736910267593,"idx":2},{"addr":140736762380829,"idx":3},{"addr":140736762380540,"idx":4},{"addr":140736762380312,"idx":5},{"addr":140736882620003,"idx":6},{"addr":140736882628366,"idx":7},{"addr":140736881847376,"idx":8},{"addr":140736909646461,"idx":9},{"addr":140736909646267,"idx":10},{"addr":140736909643574,"idx":11},{"addr":140736909641089,"idx":12},{"addr":140736910206646,"idx":13},{"addr":140736909298250,"idx":14},{"addr":140736909422200,"idx":15},{"addr":140736909684515,"idx":16},{"addr":140736882311415,"idx":17},{"addr":140736882088628,"idx":18},{"addr":140736882092154,"idx":19},{"addr":140736882015316,"idx":20},{"addr":140736882081820,"idx":21},{"addr":140736882106396,"idx":22},{"addr":140736882102691,"idx":23},{"addr":140736882098504,"idx":24},{"addr":140736917358174,"idx":25},{"addr":140736917350275,"idx":26},{"addr":140736897083607,"idx":27},{"addr":140736916996940,"idx":28}],,,,,,,,,,,,,,,,,,,1040,0,19464,,,,,,,,,,,,,,,,,,,,,,,,,,,,,,,,,,,,,,,,,,,,,,,,,,,,,,,,,,,,,,,,,,,,,,,,,,,,,,,,,,,,,,,,,,,,,,,,,,,
"2025-09-02 15:13:22.8273939Z","ETW","Microsoft-Windows-Kernel-Process",3,"ThreadStartStart ",4900,6264,"ctfmon.exe",,,,,,,,,,,,,,,,[{"addr":140736918208964,"idx":0},{"addr":140736872776761,"idx":1},{"addr":140736897102141,"idx":2},{"addr":140736909291405,"idx":3},{"addr":140736909682048,"idx":4},{"addr":140736909569993,"idx":5},{"addr":140736909567266,"idx":6},{"addr":140736910229700,"idx":7},{"addr":140736910858718,"idx":8},{"addr":140736909460923,"idx":9},{"addr":140736909455813,"idx":10},{"addr":140736909134403,"idx":11},{"addr":140736909231120,"idx":12},{"addr":140736909525351,"idx":13},{"addr":140736909523551,"idx":14},{"addr":140736661031621,"idx":15},{"addr":140736660661621,"idx":16},{"addr":140736660898616,"idx":17},{"addr":140736660894128,"idx":18},{"addr":140736660892693,"idx":19},{"addr":140736661168446,"idx":20},{"addr":140736762238226,"idx":21},{"addr":140736762237933,"idx":22},{"addr":140736762275289,"idx":23},{"addr":140736761848934,"idx":24},{"addr":140736762102206,"idx":25},{"addr":140736761872922,"idx":26},{"addr":140736761870928,"idx":27},{"addr":140736813613695,"idx":28},{"addr":140736813611738,"idx":29},{"addr":140736813992650,"idx":30},{"addr":140736813605311,"idx":31},{"addr":140736813677306,"idx":32},{"addr":140736813675690,"idx":33},{"addr":140736813675059,"idx":34},{"addr":140736813708590,"idx":35},{"addr":140736813707270,"idx":36},{"addr":140736813706702,"idx":37},{"addr":140736813666817,"idx":38},{"addr":140736813942079,"idx":39},{"addr":140736813625204,"idx":40},{"addr":140736813624077,"idx":41},{"addr":140736813683309,"idx":42},{"addr":140736813684989,"idx":43},{"addr":140736813684120,"idx":44},{"addr":140736813678304,"idx":45},{"addr":140736914162134,"idx":46},{"addr":140736914160220,"idx":47},{"addr":140736914362035,"idx":48},{"addr":140736918218964,"idx":49},{"addr":140736876122820,"idx":50},{"addr":140736914122143,"idx":51},{"addr":140736914122024,"idx":52},{"addr":140736813919654,"idx":53},{"addr":140736813919398,"idx":54},{"addr":140736813919071,"idx":55},{"addr":140736813638628,"idx":56},{"addr":140736814110186,"idx":57},{"addr":140736814085855,"idx":58},{"addr":140736813866763,"idx":59},{"addr":140736497381779,"idx":60},{"addr":140736497286952,"idx":61},{"addr":140736897083607,"idx":62},{"addr":140736916996940,"idx":63}],,,,,,,,,4900,18446639081577996288,18446639081577971712,140736910320112,0,568204029952,7636,568205508608,568205500416,140736910320112,,,,,,,,,,,,,,,,,,,,,,,,,,,,,,,,,,,,,,,,,,,,,,,,,,,,,,,,,,,,,,,,,,,,,,,,,,,,,,,,,,,,,,,,,,,,,,,,,,,,,,
"2025-09-02 15:13:22.8275768Z","ETW","Microsoft-Windows-Kernel-Process",3,"ThreadStartStart ",920,3484,"lsass.exe",,,,,,,,,,,,,,,,[{"addr":140736918216388,"idx":0},{"addr":140736917669762,"idx":1},{"addr":140736882108009,"idx":2},{"addr":140736882106619,"idx":3},{"addr":140736882102691,"idx":4},{"addr":140736882098504,"idx":5},{"addr":140736917358174,"idx":6},{"addr":140736917350275,"idx":7},{"addr":140736897083607,"idx":8},{"addr":140736916996940,"idx":9}],,,,,,,,,920,18446639081577623552,18446639081577598976,140736917348896,0,352247062528,2704,352252329984,352252280832,140736917348896,,,,,,,,,,,,,,,,,,,,,,,,,,,,,,,,,,,,,,,,,,,,,,,,,,,,,,,,,,,,,,,,,,,,,,,,,,,,,,,,,,,,,,,,,,,,,,,,,,,,,,
"2025-09-02 15:13:22.8283207Z","ETW","Microsoft-Windows-Kernel-Process",3,"ThreadStartStart ",4488,9924,"sihost.exe",,,,,,,,,,,,,,,,[{"addr":140736918216388,"idx":0},{"addr":140736917669762,"idx":1},{"addr":140736882108009,"idx":2},{"addr":140736882106619,"idx":3},{"addr":140736882102691,"idx":4},{"addr":140736882098504,"idx":5},{"addr":140736917358174,"idx":6},{"addr":140736917350275,"idx":7},{"addr":140736897083607,"idx":8},{"addr":140736916996940,"idx":9}],,,,,,,,,4488,18446639081575006208,18446639081574981632,140736917348896,0,725115609088,6876,725125955584,725125947392,140736917348896,,,,,,,,,,,,,,,,,,,,,,,,,,,,,,,,,,,,,,,,,,,,,,,,,,,,,,,,,,,,,,,,,,,,,,,,,,,,,,,,,,,,,,,,,,,,,,,,,,,,,,
"2025-09-02 15:13:22.8288788Z","ETW","Microsoft-Windows-Kernel-Audit-API-Calls",5,"Info ",19464,6752,"CalculatorApp.exe",,,,,,,,,,,,,,,,[{"addr":140736918203764,"idx":0},{"addr":140736872731894,"idx":1},{"addr":140736718419290,"idx":2},{"addr":140736916975221,"idx":3},{"addr":140736872573249,"idx":4},{"addr":140736718304546,"idx":5},{"addr":140736718304206,"idx":6},{"addr":140736718758759,"idx":7},{"addr":140736718198858,"idx":8},{"addr":140736718198748,"idx":9},{"addr":140733857021493,"idx":10},{"addr":140733857023336,"idx":11},{"addr":140733858323437,"idx":12},{"addr":140733858321251,"idx":13},{"addr":140733858323990,"idx":14},{"addr":140733858323558,"idx":15},{"addr":140733858652957,"idx":16},{"addr":140733856624847,"idx":17},{"addr":140733857089639,"idx":18},{"addr":140733857089487,"idx":19},{"addr":140733857694627,"idx":20},{"addr":140736882620003,"idx":21},{"addr":140736882628366,"idx":22},{"addr":140736881847376,"idx":23},{"addr":140736909646461,"idx":24},{"addr":140736909646267,"idx":25},{"addr":140736909643574,"idx":26},{"addr":140736909641089,"idx":27},{"addr":140736910206646,"idx":28},{"addr":140736909298250,"idx":29},{"addr":140736909422200,"idx":30},{"addr":140736909684515,"idx":31},{"addr":140736882311415,"idx":32},{"addr":140736882088628,"idx":33},{"addr":140736882092154,"idx":34},{"addr":140736882015316,"idx":35},{"addr":140736882081820,"idx":36},{"addr":140736882106396,"idx":37},{"addr":140736882102691,"idx":38},{"addr":140736882098504,"idx":39},{"addr":140736917358174,"idx":40},{"addr":140736917350275,"idx":41},{"addr":140736897083607,"idx":42},{"addr":140736916996940,"idx":43}],,,,,,,,,,,,,,,,,,,4096,0,19464,,,,,,,,,,,,,,,,,,,,,,,,,,,,,,,,,,,,,,,,,,,,,,,,,,,,,,,,,,,,,,,,,,,,,,,,,,,,,,,,,,,,,,,,,,,,,,,,,,,
"2025-09-02 15:13:22.8301864Z","ETW","Microsoft-Windows-Kernel-Audit-API-Calls",5,"Info ",920,2704,"lsass.exe",,,,,,,,,,,,,,,,[{"addr":140736918203764,"idx":0},{"addr":140736872731894,"idx":1},{"addr":140736861129291,"idx":2},{"addr":140736882620003,"idx":3},{"addr":140736882628366,"idx":4},{"addr":140736882319852,"idx":5},{"addr":140736882311415,"idx":6},{"addr":140736882088628,"idx":7},{"addr":140736882092744,"idx":8},{"addr":140736882015316,"idx":9},{"addr":140736882081820,"idx":10},{"addr":140736882106396,"idx":11},{"addr":140736882102691,"idx":12},{"addr":140736882098504,"idx":13},{"addr":140736917358174,"idx":14},{"addr":140736917350275,"idx":15},{"addr":140736897083607,"idx":16},{"addr":140736916996940,"idx":17}],,,,,,,,,,,,,,,,,,,4096,0,6624,,,,,,,,,,,,,,,,,,,,,,,,,,,,,,,,,,,,,,,,,,,,,,,,,,,,,,,,,,,,,,,,,,,,,,,,,,,,,,,,,,,,,,,,,,,,,,,,,,,
"2025-09-02 15:13:22.8302117Z","ETW","Microsoft-Windows-Kernel-Audit-API-Calls",5,"Info ",1076,2148,"svchost.exe",,,,,,,,,,,,,,,,[{"addr":140736918203764,"idx":0},{"addr":140736872733451,"idx":1},{"addr":140736825975970,"idx":2},{"addr":140736825975662,"idx":3},{"addr":140736882620003,"idx":4},{"addr":140736882628366,"idx":5},{"addr":140736882319852,"idx":6},{"addr":140736882311415,"idx":7},{"addr":140736882088628,"idx":8},{"addr":140736882092744,"idx":9},{"addr":140736882015316,"idx":10},{"addr":140736882081820,"idx":11},{"addr":140736882106396,"idx":12},{"addr":140736882102691,"idx":13},{"addr":140736882098504,"idx":14},{"addr":140736917358174,"idx":15},{"addr":140736917350275,"idx":16},{"addr":140736897083607,"idx":17},{"addr":140736916996940,"idx":18}],,,,,,,,,,,,,,,,,,,4096,0,528,,,,,,,,,,,,,,,,,,,,,,,,,,,,,,,,,,,,,,,,,,,,,,,,,,,,,,,,,,,,,,,,,,,,,,,,,,,,,,,,,,,,,,,,,,,,,,,,,,,
"2025-09-02 15:13:22.8302273Z","ETW","Microsoft-Windows-Kernel-Audit-API-Calls",5,"Info ",1076,2148,"svchost.exe",,,,,,,,,,,,,,,,[{"addr":140736918203764,"idx":0},{"addr":140736872731894,"idx":1},{"addr":140736825941677,"idx":2},{"addr":140736825976196,"idx":3},{"addr":140736825975662,"idx":4},{"addr":140736882620003,"idx":5},{"addr":140736882628366,"idx":6},{"addr":140736882319852,"idx":7},{"addr":140736882311415,"idx":8},{"addr":140736882088628,"idx":9},{"addr":140736882092744,"idx":10},{"addr":140736882015316,"idx":11},{"addr":140736882081820,"idx":12},{"addr":140736882106396,"idx":13},{"addr":140736882102691,"idx":14},{"addr":140736882098504,"idx":15},{"addr":140736917358174,"idx":16},{"addr":140736917350275,"idx":17},{"addr":140736897083607,"idx":18},{"addr":140736916996940,"idx":19}],,,,,,,,,,,,,,,,,,,64,0,1076,,,,,,,,,,,,,,,,,,,,,,,,,,,,,,,,,,,,,,,,,,,,,,,,,,,,,,,,,,,,,,,,,,,,,,,,,,,,,,,,,,,,,,,,,,,,,,,,,,,
"2025-09-02 15:13:22.8303726Z","ETW","Microsoft-Windows-Kernel-Audit-API-Calls",5,"Info ",1076,15876,"svchost.exe",,,,,,,,,,,,,,,,[{"addr":140736918203764,"idx":0},{"addr":140736872733451,"idx":1},{"addr":140736825975970,"idx":2},{"addr":140736825975662,"idx":3},{"addr":140736882620003,"idx":4},{"addr":140736882628366,"idx":5},{"addr":140736882319852,"idx":6},{"addr":140736882311415,"idx":7},{"addr":140736882088628,"idx":8},{"addr":140736882092744,"idx":9},{"addr":140736882015316,"idx":10},{"addr":140736882081820,"idx":11},{"addr":140736882106396,"idx":12},{"addr":140736882102691,"idx":13},{"addr":140736882098504,"idx":14},{"addr":140736917358174,"idx":15},{"addr":140736917350275,"idx":16},{"addr":140736897083607,"idx":17},{"addr":140736916996940,"idx":18}],,,,,,,,,,,,,,,,,,,4096,0,528,,,,,,,,,,,,,,,,,,,,,,,,,,,,,,,,,,,,,,,,,,,,,,,,,,,,,,,,,,,,,,,,,,,,,,,,,,,,,,,,,,,,,,,,,,,,,,,,,,,
"2025-09-02 15:13:22.8303809Z","ETW","Microsoft-Windows-Kernel-Audit-API-Calls",5,"Info ",1076,15876,"svchost.exe",,,,,,,,,,,,,,,,[{"addr":140736918203764,"idx":0},{"addr":140736872731894,"idx":1},{"addr":140736825941677,"idx":2},{"addr":140736825976196,"idx":3},{"addr":140736825975662,"idx":4},{"addr":140736882620003,"idx":5},{"addr":140736882628366,"idx":6},{"addr":140736882319852,"idx":7},{"addr":140736882311415,"idx":8},{"addr":140736882088628,"idx":9},{"addr":140736882092744,"idx":10},{"addr":140736882015316,"idx":11},{"addr":140736882081820,"idx":12},{"addr":140736882106396,"idx":13},{"addr":140736882102691,"idx":14},{"addr":140736882098504,"idx":15},{"addr":140736917358174,"idx":16},{"addr":140736917350275,"idx":17},{"addr":140736897083607,"idx":18},{"addr":140736916996940,"idx":19}],,,,,,,,,,,,,,,,,,,64,0,1076,,,,,,,,,,,,,,,,,,,,,,,,,,,,,,,,,,,,,,,,,,,,,,,,,,,,,,,,,,,,,,,,,,,,,,,,,,,,,,,,,,,,,,,,,,,,,,,,,,,
"2025-09-02 15:13:22.8303820Z","ETW","Microsoft-Windows-Kernel-Audit-API-Calls",5,"Info ",920,2704,"lsass.exe",,,,,,,,,,,,,,,,[{"addr":140736918203764,"idx":0},{"addr":140736872731894,"idx":1},{"addr":140736861129291,"idx":2},{"addr":140736882620003,"idx":3},{"addr":140736882628366,"idx":4},{"addr":140736882319852,"idx":5},{"addr":140736882311415,"idx":6},{"addr":140736882088628,"idx":7},{"addr":140736882092744,"idx":8},{"addr":140736882015316,"idx":9},{"addr":140736882081820,"idx":10},{"addr":140736882106396,"idx":11},{"addr":140736882102691,"idx":12},{"addr":140736882098504,"idx":13},{"addr":140736917358174,"idx":14},{"addr":140736917350275,"idx":15},{"addr":140736897083607,"idx":16},{"addr":140736916996940,"idx":17}],,,,,,,,,,,,,,,,,,,4096,0,6624,,,,,,,,,,,,,,,,,,,,,,,,,,,,,,,,,,,,,,,,,,,,,,,,,,,,,,,,,,,,,,,,,,,,,,,,,,,,,,,,,,,,,,,,,,,,,,,,,,,
"2025-09-02 15:13:22.8305607Z","ETW","Microsoft-Windows-Kernel-Process",3,"ThreadStartStart ",4,72,"System",,,,,,,,,,,,,,,,[],,,,,,,,,1076,18446639081577304064,18446639081577279488,140736917348896,0,521207599104,20948,521210429440,521210396672,140736917348896,,,,,,,,,,,,,,,,,,,,,,,,,,,,,,,,,,,,,,,,,,,,,,,,,,,,,,,,,,,,,,,,,,,,,,,,,,,,,,,,,,,,,,,,,,,,,,,,,,,,,,
"2025-09-02 15:13:22.8307343Z","ETW","Microsoft-Windows-Kernel-Audit-API-Calls",5,"Info ",920,2704,"lsass.exe",,,,,,,,,,,,,,,,[{"addr":140736918203764,"idx":0},{"addr":140736872731894,"idx":1},{"addr":140736861129291,"idx":2},{"addr":140736882620003,"idx":3},{"addr":140736882628366,"idx":4},{"addr":140736882319852,"idx":5},{"addr":140736882311415,"idx":6},{"addr":140736882088628,"idx":7},{"addr":140736882092744,"idx":8},{"addr":140736882015316,"idx":9},{"addr":140736882081820,"idx":10},{"addr":140736882106396,"idx":11},{"addr":140736882102691,"idx":12},{"addr":140736882098504,"idx":13},{"addr":140736917358174,"idx":14},{"addr":140736917350275,"idx":15},{"addr":140736897083607,"idx":16},{"addr":140736916996940,"idx":17}],,,,,,,,,,,,,,,,,,,4096,0,6624,,,,,,,,,,,,,,,,,,,,,,,,,,,,,,,,,,,,,,,,,,,,,,,,,,,,,,,,,,,,,,,,,,,,,,,,,,,,,,,,,,,,,,,,,,,,,,,,,,,
"2025-09-02 15:13:22.8308707Z","ETW","Microsoft-Windows-Kernel-Audit-API-Calls",5,"Info ",920,2704,"lsass.exe",,,,,,,,,,,,,,,,[{"addr":140736918203764,"idx":0},{"addr":140736872731894,"idx":1},{"addr":140736861129291,"idx":2},{"addr":140736882620003,"idx":3},{"addr":140736882628366,"idx":4},{"addr":140736882319852,"idx":5},{"addr":140736882311415,"idx":6},{"addr":140736882088628,"idx":7},{"addr":140736882092744,"idx":8},{"addr":140736882015316,"idx":9},{"addr":140736882081820,"idx":10},{"addr":140736882106396,"idx":11},{"addr":140736882102691,"idx":12},{"addr":140736882098504,"idx":13},{"addr":140736917358174,"idx":14},{"addr":140736917350275,"idx":15},{"addr":140736897083607,"idx":16},{"addr":140736916996940,"idx":17}],,,,,,,,,,,,,,,,,,,4096,0,6624,,,,,,,,,,,,,,,,,,,,,,,,,,,,,,,,,,,,,,,,,,,,,,,,,,,,,,,,,,,,,,,,,,,,,,,,,,,,,,,,,,,,,,,,,,,,,,,,,,,
"2025-09-02 15:13:22.8309639Z","ETW","Microsoft-Windows-Kernel-Audit-API-Calls",5,"Info ",4900,6264,"ctfmon.exe",,,,,,,,,,,,,,,,[{"addr":140736918203764,"idx":0},{"addr":140736872731894,"idx":1},{"addr":140736660660676,"idx":2},{"addr":140736660898616,"idx":3},{"addr":140736660894128,"idx":4},{"addr":140736660892693,"idx":5},{"addr":140736661168446,"idx":6},{"addr":140736762238226,"idx":7},{"addr":140736762237933,"idx":8},{"addr":140736762275289,"idx":9},{"addr":140736761848934,"idx":10},{"addr":140736762102206,"idx":11},{"addr":140736761872922,"idx":12},{"addr":140736761870928,"idx":13},{"addr":140736813613695,"idx":14},{"addr":140736813611738,"idx":15},{"addr":140736813992650,"idx":16},{"addr":140736813605311,"idx":17},{"addr":140736813677306,"idx":18},{"addr":140736813675690,"idx":19},{"addr":140736813675059,"idx":20},{"addr":140736813708590,"idx":21},{"addr":140736813707270,"idx":22},{"addr":140736813706702,"idx":23},{"addr":140736813666817,"idx":24},{"addr":140736813942079,"idx":25},{"addr":140736813625204,"idx":26},{"addr":140736813624077,"idx":27},{"addr":140736813683309,"idx":28},{"addr":140736813684989,"idx":29},{"addr":140736813684120,"idx":30},{"addr":140736813678304,"idx":31},{"addr":140736914162134,"idx":32},{"addr":140736914160220,"idx":33},{"addr":140736914362035,"idx":34},{"addr":140736918218964,"idx":35},{"addr":140736876122820,"idx":36},{"addr":140736914122143,"idx":37},{"addr":140736914122024,"idx":38},{"addr":140736813919654,"idx":39},{"addr":140736813919398,"idx":40},{"addr":140736813919071,"idx":41},{"addr":140736813638628,"idx":42},{"addr":140736814110186,"idx":43},{"addr":140736814085855,"idx":44},{"addr":140736813866763,"idx":45},{"addr":140736497381779,"idx":46},{"addr":140736497286952,"idx":47},{"addr":140736897083607,"idx":48},{"addr":140736916996940,"idx":49}],,,,,,,,,,,,,,,,,,,4096,0,19464,,,,,,,,,,,,,,,,,,,,,,,,,,,,,,,,,,,,,,,,,,,,,,,,,,,,,,,,,,,,,,,,,,,,,,,,,,,,,,,,,,,,,,,,,,,,,,,,,,,
"2025-09-02 15:13:22.8311155Z","ETW","Microsoft-Windows-Kernel-Audit-API-Calls",5,"Info ",8144,15816,"ApplicationFrameHost.exe",,,,,,,,,,,,,,,,[{"addr":140736918203764,"idx":0},{"addr":140736872731894,"idx":1},{"addr":140736717697306,"idx":2},{"addr":140736376303998,"idx":3},{"addr":140736376669997,"idx":4},{"addr":140736902703990,"idx":5},{"addr":140736902703274,"idx":6},{"addr":140736902700103,"idx":7},{"addr":140736897083607,"idx":8},{"addr":140736916996940,"idx":9}],,,,,,,,,,,,,,,,,,,4096,0,8144,,,,,,,,,,,,,,,,,,,,,,,,,,,,,,,,,,,,,,,,,,,,,,,,,,,,,,,,,,,,,,,,,,,,,,,,,,,,,,,,,,,,,,,,,,,,,,,,,,,
"2025-09-02 15:13:22.8312715Z","ETW","Microsoft-Windows-Kernel-Audit-API-Calls",5,"Info ",1076,2148,"svchost.exe",,,,,,,,,,,,,,,,[{"addr":140736918203764,"idx":0},{"addr":140736872733451,"idx":1},{"addr":140736825975970,"idx":2},{"addr":140736825975662,"idx":3},{"addr":140736882620003,"idx":4},{"addr":140736882628366,"idx":5},{"addr":140736882319852,"idx":6},{"addr":140736882311415,"idx":7},{"addr":140736882088628,"idx":8},{"addr":140736882092744,"idx":9},{"addr":140736882015316,"idx":10},{"addr":140736882081820,"idx":11},{"addr":140736882106396,"idx":12},{"addr":140736882102691,"idx":13},{"addr":140736882098504,"idx":14},{"addr":140736917358174,"idx":15},{"addr":140736917350275,"idx":16},{"addr":140736897083607,"idx":17},{"addr":140736916996940,"idx":18}],,,,,,,,,,,,,,,,,,,4096,0,528,,,,,,,,,,,,,,,,,,,,,,,,,,,,,,,,,,,,,,,,,,,,,,,,,,,,,,,,,,,,,,,,,,,,,,,,,,,,,,,,,,,,,,,,,,,,,,,,,,,
"2025-09-02 15:13:22.8312792Z","ETW","Microsoft-Windows-Kernel-Audit-API-Calls",5,"Info ",1076,2148,"svchost.exe",,,,,,,,,,,,,,,,[{"addr":140736918203764,"idx":0},{"addr":140736872731894,"idx":1},{"addr":140736825941677,"idx":2},{"addr":140736825976196,"idx":3},{"addr":140736825975662,"idx":4},{"addr":140736882620003,"idx":5},{"addr":140736882628366,"idx":6},{"addr":140736882319852,"idx":7},{"addr":140736882311415,"idx":8},{"addr":140736882088628,"idx":9},{"addr":140736882092744,"idx":10},{"addr":140736882015316,"idx":11},{"addr":140736882081820,"idx":12},{"addr":140736882106396,"idx":13},{"addr":140736882102691,"idx":14},{"addr":140736882098504,"idx":15},{"addr":140736917358174,"idx":16},{"addr":140736917350275,"idx":17},{"addr":140736897083607,"idx":18},{"addr":140736916996940,"idx":19}],,,,,,,,,,,,,,,,,,,64,0,1076,,,,,,,,,,,,,,,,,,,,,,,,,,,,,,,,,,,,,,,,,,,,,,,,,,,,,,,,,,,,,,,,,,,,,,,,,,,,,,,,,,,,,,,,,,,,,,,,,,,
"2025-09-02 15:13:22.8320592Z","ETW","Microsoft-Windows-Kernel-Audit-API-Calls",5,"Info ",8144,15816,"ApplicationFrameHost.exe",,,,,,,,,,,,,,,,[{"addr":140736918203764,"idx":0},{"addr":140736872731894,"idx":1},{"addr":140736717712205,"idx":2},{"addr":140736717912144,"idx":3},{"addr":140736717698842,"idx":4},{"addr":140736717697500,"idx":5},{"addr":140736376303998,"idx":6},{"addr":140736376669997,"idx":7},{"addr":140736902703990,"idx":8},{"addr":140736902703274,"idx":9},{"addr":140736902700103,"idx":10},{"addr":140736897083607,"idx":11},{"addr":140736916996940,"idx":12}],,,,,,,,,,,,,,,,,,,4096,0,19464,,,,,,,,,,,,,,,,,,,,,,,,,,,,,,,,,,,,,,,,,,,,,,,,,,,,,,,,,,,,,,,,,,,,,,,,,,,,,,,,,,,,,,,,,,,,,,,,,,,
"2025-09-02 15:13:22.8320677Z","ETW","Microsoft-Windows-Kernel-Audit-API-Calls",5,"Info ",8144,15816,"ApplicationFrameHost.exe",,,,,,,,,,,,,,,,[{"addr":140736918203764,"idx":0},{"addr":140736872731894,"idx":1},{"addr":140736717912280,"idx":2},{"addr":140736717698842,"idx":3},{"addr":140736717697500,"idx":4},{"addr":140736376303998,"idx":5},{"addr":140736376669997,"idx":6},{"addr":140736902703990,"idx":7},{"addr":140736902703274,"idx":8},{"addr":140736902700103,"idx":9},{"addr":140736897083607,"idx":10},{"addr":140736916996940,"idx":11}],,,,,,,,,,,,,,,,,,,4096,0,19464,,,,,,,,,,,,,,,,,,,,,,,,,,,,,,,,,,,,,,,,,,,,,,,,,,,,,,,,,,,,,,,,,,,,,,,,,,,,,,,,,,,,,,,,,,,,,,,,,,,
"2025-09-02 15:13:22.8329063Z","ETW","Microsoft-Windows-Kernel-Audit-API-Calls",5,"Info ",8144,15816,"ApplicationFrameHost.exe",,,,,,,,,,,,,,,,[{"addr":140736918203764,"idx":0},{"addr":140736872731894,"idx":1},{"addr":140736717697306,"idx":2},{"addr":140736376463684,"idx":3},{"addr":140736376670032,"idx":4},{"addr":140736902703990,"idx":5},{"addr":140736902703274,"idx":6},{"addr":140736902700103,"idx":7},{"addr":140736897083607,"idx":8},{"addr":140736916996940,"idx":9}],,,,,,,,,,,,,,,,,,,4096,0,8144,,,,,,,,,,,,,,,,,,,,,,,,,,,,,,,,,,,,,,,,,,,,,,,,,,,,,,,,,,,,,,,,,,,,,,,,,,,,,,,,,,,,,,,,,,,,,,,,,,,
"2025-09-02 15:13:22.8335180Z","ETW","Microsoft-Windows-Kernel-Audit-API-Calls",5,"Info ",8144,15816,"ApplicationFrameHost.exe",,,,,,,,,,,,,,,,[{"addr":140736918203764,"idx":0},{"addr":140736872731894,"idx":1},{"addr":140736717712205,"idx":2},{"addr":140736717912144,"idx":3},{"addr":140736717698842,"idx":4},{"addr":140736717697500,"idx":5},{"addr":140736376463684,"idx":6},{"addr":140736376670032,"idx":7},{"addr":140736902703990,"idx":8},{"addr":140736902703274,"idx":9},{"addr":140736902700103,"idx":10},{"addr":140736897083607,"idx":11},{"addr":140736916996940,"idx":12}],,,,,,,,,,,,,,,,,,,4096,0,19464,,,,,,,,,,,,,,,,,,,,,,,,,,,,,,,,,,,,,,,,,,,,,,,,,,,,,,,,,,,,,,,,,,,,,,,,,,,,,,,,,,,,,,,,,,,,,,,,,,,
"2025-09-02 15:13:22.8335205Z","ETW","Microsoft-Windows-Kernel-Process",1,"ProcessStartStart ",528,11704,"svchost.exe",,,,"C:\Windows\System32\RuntimeBroker.exe",,,,,,,,,,,,[{"addr":140736918209220,"idx":0},{"addr":140736872957146,"idx":1},{"addr":140736872946835,"idx":2},{"addr":140736897134736,"idx":3},{"addr":140736829140225,"idx":4},{"addr":140736829503159,"idx":5},{"addr":140736829015752,"idx":6},{"addr":140736882620003,"idx":7},{"addr":140736881849533,"idx":8},{"addr":140736881848122,"idx":9},{"addr":140736882311415,"idx":10},{"addr":140736882088628,"idx":11},{"addr":140736882092744,"idx":12},{"addr":140736882015316,"idx":13},{"addr":140736882081820,"idx":14},{"addr":140736882106396,"idx":15},{"addr":140736882102691,"idx":16},{"addr":140736882098504,"idx":17},{"addr":140736917358174,"idx":18},{"addr":140736917350275,"idx":19},{"addr":140736897083607,"idx":20},{"addr":140736916996940,"idx":21}],,,,,,,,,5144,,,,,,,,,,,,,,,,,,,,,,,134012996028334741,3,162328,"0x","Microsoft.WindowsCalculator_11.2502.2.0_x64__8wekyb3d8bbwe","runtimebroker07f4358a809ac99a64a67c1",528,13,31831,3,0,0,1,4280599280,,,,,,,,,,,,,,,,,,,,,,,,,,,,,,,,,,,,,,,,,,,,,,,,,,,,,,,,,,,,,,,,,,,,,,,,,,,
"2025-09-02 15:13:22.8335254Z","ETW","Microsoft-Windows-Kernel-Audit-API-Calls",5,"Info ",8144,15816,"ApplicationFrameHost.exe",,,,,,,,,,,,,,,,[{"addr":140736918203764,"idx":0},{"addr":140736872731894,"idx":1},{"addr":140736717912280,"idx":2},{"addr":140736717698842,"idx":3},{"addr":140736717697500,"idx":4},{"addr":140736376463684,"idx":5},{"addr":140736376670032,"idx":6},{"addr":140736902703990,"idx":7},{"addr":140736902703274,"idx":8},{"addr":140736902700103,"idx":9},{"addr":140736897083607,"idx":10},{"addr":140736916996940,"idx":11}],,,,,,,,,,,,,,,,,,,4096,0,19464,,,,,,,,,,,,,,,,,,,,,,,,,,,,,,,,,,,,,,,,,,,,,,,,,,,,,,,,,,,,,,,,,,,,,,,,,,,,,,,,,,,,,,,,,,,,,,,,,,,
"2025-09-02 15:13:22.8336529Z","ETW","Microsoft-Windows-Kernel-Audit-API-Calls",6,"Info ",1912,8,"MsMpEng.exe",,,,,,,,,,,,,,,,[{"addr":140736918212548,"idx":0},{"addr":140736872857142,"idx":1},{"addr":140736738243895,"idx":2},{"addr":140736738242452,"idx":3},{"addr":140736657687525,"idx":4},{"addr":140736657686325,"idx":5},{"addr":140736657683993,"idx":6},{"addr":140736658258217,"idx":7},{"addr":140736657749938,"idx":8},{"addr":140736657909615,"idx":9},{"addr":140736658079503,"idx":10},{"addr":140736897083607,"idx":11},{"addr":140736916996940,"idx":12}],,,,,,,,,,,,,,,,,,,2097151,0,1912,8,,,,,,,,,,,,,,,,,,,,,,,,,,,,,,,,,,,,,,,,,,,,,,,,,,,,,,,,,,,,,,,,,,,,,,,,,,,,,,,,,,,,,,,,,,,,,,,,,,
"2025-09-02 15:13:22.8339124Z","ETW","Microsoft-Windows-Kernel-Audit-API-Calls",5,"Info ",1912,8,"MsMpEng.exe",,,,,,,,,,,,,,,,[{"addr":140736918203764,"idx":0},{"addr":140736872731894,"idx":1},{"addr":140733815122067,"idx":2},{"addr":140733813533757,"idx":3},{"addr":140733820783122,"idx":4},{"addr":140733811457761,"idx":5},{"addr":140733811450648,"idx":6},{"addr":140733811449218,"idx":7},{"addr":140733811441856,"idx":8},{"addr":140733811790261,"idx":9},{"addr":140733811785301,"idx":10},{"addr":140736738242841,"idx":11},{"addr":140736657687525,"idx":12},{"addr":140736657686325,"idx":13},{"addr":140736657683993,"idx":14},{"addr":140736658258217,"idx":15},{"addr":140736657749938,"idx":16},{"addr":140736657909615,"idx":17},{"addr":140736658079503,"idx":18},{"addr":140736897083607,"idx":19},{"addr":140736916996940,"idx":20}],,,,,,,,,,,,,,,,,,,1536,0,5144,,,,,,,,,,,,,,,,,,,,,,,,,,,,,,,,,,,,,,,,,,,,,,,,,,,,,,,,,,,,,,,,,,,,,,,,,,,,,,,,,,,,,,,,,,,,,,,,,,,
"2025-09-02 15:13:22.8341032Z","ETW","Microsoft-Windows-Kernel-Audit-API-Calls",5,"Info ",1912,11040,"MsMpEng.exe",,,,,,,,,,,,,,,,[{"addr":140736918203764,"idx":0},{"addr":140736872731894,"idx":1},{"addr":140733810479103,"idx":2},{"addr":140733810478599,"idx":3},{"addr":140733810481824,"idx":4},{"addr":140733811992461,"idx":5},{"addr":140733811987347,"idx":6},{"addr":140733811996001,"idx":7},{"addr":140733811994278,"idx":8},{"addr":140733810447018,"idx":9},{"addr":140733810434825,"idx":10},{"addr":140733810436081,"idx":11},{"addr":140733810435993,"idx":12},{"addr":140733812865289,"idx":13},{"addr":140733811799252,"idx":14},{"addr":140733811789863,"idx":15},{"addr":140733811785301,"idx":16},{"addr":140736738242841,"idx":17},{"addr":140736657613597,"idx":18},{"addr":140736657838177,"idx":19},{"addr":140736749360292,"idx":20},{"addr":140736749360015,"idx":21},{"addr":140736917255712,"idx":22},{"addr":140736917350945,"idx":23},{"addr":140736897083607,"idx":24},{"addr":140736916996940,"idx":25}],,,,,,,,,,,,,,,,,,,4096,0,5144,,,,,,,,,,,,,,,,,,,,,,,,,,,,,,,,,,,,,,,,,,,,,,,,,,,,,,,,,,,,,,,,,,,,,,,,,,,,,,,,,,,,,,,,,,,,,,,,,,,
"2025-09-02 15:13:22.8342509Z","ETW","Microsoft-Windows-Kernel-Process",3,"ThreadStartStart ",528,11704,"svchost.exe",,,,,,,,,,,,,,,,[{"addr":140736918209220,"idx":0},{"addr":140736872957146,"idx":1},{"addr":140736872946835,"idx":2},{"addr":140736897134736,"idx":3},{"addr":140736829140225,"idx":4},{"addr":140736829503159,"idx":5},{"addr":140736829015752,"idx":6},{"addr":140736882620003,"idx":7},{"addr":140736881849533,"idx":8},{"addr":140736881848122,"idx":9},{"addr":140736882311415,"idx":10},{"addr":140736882088628,"idx":11},{"addr":140736882092744,"idx":12},{"addr":140736882015316,"idx":13},{"addr":140736882081820,"idx":14},{"addr":140736882106396,"idx":15},{"addr":140736882102691,"idx":16},{"addr":140736882098504,"idx":17},{"addr":140736917358174,"idx":18},{"addr":140736917350275,"idx":19},{"addr":140736897083607,"idx":20},{"addr":140736916996940,"idx":21}],,,,,,,,,5144,18446639081577594880,18446639081577570304,140695765816032,40,915292418048,20984,915289997312,915289948160,140695765816032,,,,,,,,,,,,,,,,,,,,,,,,,,,,,,,,,,,,,,,,,,,,,,,,,,,,,,,,,,,,,,,,,,,,,,,,,,,,,,,,,,,,,,,,,,,,,,,,,,,,,,
"2025-09-02 15:13:22.8348336Z","ETW","Microsoft-Windows-Kernel-Audit-API-Calls",5,"Info ",676,692,"csrss.exe",,,,,,,,,,,,,,,,[{"addr":140736918203764,"idx":0},{"addr":140736867430364,"idx":1},{"addr":140736867572214,"idx":2},{"addr":140736916996962,"idx":3}],,,,,,,,,,,,,,,,,,,2097151,0,5144,,,,,,,,,,,,,,,,,,,,,,,,,,,,,,,,,,,,,,,,,,,,,,,,,,,,,,,,,,,,,,,,,,,,,,,,,,,,,,,,,,,,,,,,,,,,,,,,,,,
"2025-09-02 15:13:22.8348392Z","ETW","Microsoft-Windows-Kernel-Audit-API-Calls",6,"Info ",676,692,"csrss.exe",,,,,,,,,,,,,,,,[{"addr":140736918212548,"idx":0},{"addr":140736867430626,"idx":1},{"addr":140736867572214,"idx":2},{"addr":140736916996962,"idx":3}],,,,,,,,,,,,,,,,,,,2097151,0,5144,20984,,,,,,,,,,,,,,,,,,,,,,,,,,,,,,,,,,,,,,,,,,,,,,,,,,,,,,,,,,,,,,,,,,,,,,,,,,,,,,,,,,,,,,,,,,,,,,,,,,
"2025-09-02 15:13:22.8357825Z","ETW","Microsoft-Windows-Kernel-Process",5,"ImageLoadInfo ",5144,20984,"RuntimeBroker.exe",,,,"C:\Windows\System32\RuntimeBroker.exe",,,,,,,,,,,,[{"addr":140736916996896,"idx":0}],,,,,,,,,5144,,,,,,,,,,,,,,,,,,,,,,,,,,,,,,,,,,,,4280599280,140695765778432,140695765778432,162328,126976,,,,,,,,,,,,,,,,,,,,,,,,,,,,,,,,,,,,,,,,,,,,,,,,,,,,,,,,,,,,,,,,,,,,,,,
"2025-09-02 15:13:22.8358023Z","ETW","Microsoft-Windows-Kernel-Process",5,"ImageLoadInfo ",5144,20984,"RuntimeBroker.exe",,,,"C:\Windows\System32\ntdll.dll",,,,,,,,,,,,[{"addr":140736916996896,"idx":0}],,,,,,,,,5144,,,,,,,,,,,,,,,,,,,,,,,,,,,,,,,,,,,,2512787800,140736916750336,140736916750336,2531053,2519040,,,,,,,,,,,,,,,,,,,,,,,,,,,,,,,,,,,,,,,,,,,,,,,,,,,,,,,,,,,,,,,,,,,,,,,
"2025-09-02 15:13:22.8359131Z","ETW","Microsoft-Windows-Kernel-Audit-API-Calls",6,"Info ",1912,8,"MsMpEng.exe",,,,,,,,,,,,,,,,[{"addr":140736918212548,"idx":0},{"addr":140736872857142,"idx":1},{"addr":140736738243895,"idx":2},{"addr":140736738242452,"idx":3},{"addr":140736657604428,"idx":4},{"addr":140736657598535,"idx":5},{"addr":140736657597146,"idx":6},{"addr":140736658259206,"idx":7},{"addr":140736657749938,"idx":8},{"addr":140736657909615,"idx":9},{"addr":140736658079503,"idx":10},{"addr":140736897083607,"idx":11},{"addr":140736916996940,"idx":12}],,,,,,,,,,,,,,,,,,,2097151,0,1912,8,,,,,,,,,,,,,,,,,,,,,,,,,,,,,,,,,,,,,,,,,,,,,,,,,,,,,,,,,,,,,,,,,,,,,,,,,,,,,,,,,,,,,,,,,,,,,,,,,,
"2025-09-02 15:13:22.8359354Z","ETW","Microsoft-Windows-Kernel-Audit-API-Calls",5,"Info ",1912,8,"MsMpEng.exe",,,,,,,,,,,,,,,,[{"addr":140736918203764,"idx":0},{"addr":140736872731894,"idx":1},{"addr":140733810479103,"idx":2},{"addr":140733810478599,"idx":3},{"addr":140733809630809,"idx":4},{"addr":140733809420559,"idx":5},{"addr":140733811789991,"idx":6},{"addr":140733811785301,"idx":7},{"addr":140736738242841,"idx":8},{"addr":140736657604428,"idx":9},{"addr":140736657598535,"idx":10},{"addr":140736657597146,"idx":11},{"addr":140736658259206,"idx":12},{"addr":140736657749938,"idx":13},{"addr":140736657909615,"idx":14},{"addr":140736658079503,"idx":15},{"addr":140736897083607,"idx":16},{"addr":140736916996940,"idx":17}],,,,,,,,,,,,,,,,,,,1052672,0,5144,,,,,,,,,,,,,,,,,,,,,,,,,,,,,,,,,,,,,,,,,,,,,,,,,,,,,,,,,,,,,,,,,,,,,,,,,,,,,,,,,,,,,,,,,,,,,,,,,,,
"2025-09-02 15:13:22.8361286Z","ETW","Microsoft-Windows-Kernel-Process",5,"ImageLoadInfo ",19464,11288,"CalculatorApp.exe",,,,"C:\Windows\System32\userenv.dll",,,,,,,,,,,,[{"addr":140736918203828,"idx":0},{"addr":140736917192506,"idx":1},{"addr":140736917191278,"idx":2},{"addr":140736917210764,"idx":3},{"addr":140736917201516,"idx":4},{"addr":140736917258922,"idx":5},{"addr":140736916785248,"idx":6},{"addr":140736916786774,"idx":7},{"addr":140736917021315,"idx":8},{"addr":140736917023197,"idx":9},{"addr":140736910389554,"idx":10},{"addr":140736910692904,"idx":11},{"addr":140736910187123,"idx":12},{"addr":140736910186321,"idx":13},{"addr":140736910642112,"idx":14},{"addr":140736909536530,"idx":15},{"addr":140736909536017,"idx":16},{"addr":140736909199656,"idx":17},{"addr":140736909193669,"idx":18},{"addr":140736909191304,"idx":19},{"addr":140736910023632,"idx":20},{"addr":140736909168718,"idx":21},{"addr":140736909164962,"idx":22},{"addr":140736909163671,"idx":23},{"addr":140736909162770,"idx":24},{"addr":140736909159073,"idx":25},{"addr":140736909136690,"idx":26},{"addr":140736718105446,"idx":27},{"addr":140736909115343,"idx":28},{"addr":140736909452308,"idx":29},{"addr":140736909451216,"idx":30},{"addr":140736881820045,"idx":31},{"addr":140736881811689,"idx":32},{"addr":140736882631602,"idx":33},{"addr":140736882628630,"idx":34},{"addr":140736881847376,"idx":35},{"addr":140736909646499,"idx":36},{"addr":140736909646267,"idx":37},{"addr":140736909643574,"idx":38},{"addr":140736909641089,"idx":39},{"addr":140736910206646,"idx":40},{"addr":140736909293663,"idx":41},{"addr":140736909422200,"idx":42},{"addr":140736909415344,"idx":43},{"addr":140736909399044,"idx":44},{"addr":140736909260610,"idx":45},{"addr":140736909258954,"idx":46},{"addr":140736701243791,"idx":47},{"addr":140736701240420,"idx":48},{"addr":140736681576146,"idx":49},{"addr":140736681863450,"idx":50},{"addr":140736681863596,"idx":51},{"addr":140736718245365,"idx":52},{"addr":140736717677991,"idx":53},{"addr":140736902955098,"idx":54},{"addr":140736897083607,"idx":55},{"addr":140736916996940,"idx":56}],,,,,,,,,19464,,,,,,,,,,,,,,,,,,,,,,,,,,,,,,,,,,,,4021294584,140736854753280,140736854753280,247163,176128,,,,,,,,,,,,,,,,,,,,,,,,,,,,,,,,,,,,,,,,,,,,,,,,,,,,,,,,,,,,,,,,,,,,,,,
"2025-09-02 15:13:22.8367248Z","ETW","Microsoft-Windows-Kernel-Process",5,"ImageLoadInfo ",19464,11288,"CalculatorApp.exe",,,,"C:\Windows\System32\profext.dll",,,,,,,,,,,,[{"addr":140736918203828,"idx":0},{"addr":140736917192506,"idx":1},{"addr":140736917191278,"idx":2},{"addr":140736917210764,"idx":3},{"addr":140736917202269,"idx":4},{"addr":140736917259140,"idx":5},{"addr":140736916785248,"idx":6},{"addr":140736916786774,"idx":7},{"addr":140736917021315,"idx":8},{"addr":140736917023197,"idx":9},{"addr":140736854795650,"idx":10},{"addr":140736854815421,"idx":11},{"addr":140736854795558,"idx":12},{"addr":140736910187123,"idx":13},{"addr":140736910186321,"idx":14},{"addr":140736910642112,"idx":15},{"addr":140736909536530,"idx":16},{"addr":140736909536017,"idx":17},{"addr":140736909199656,"idx":18},{"addr":140736909193669,"idx":19},{"addr":140736909191304,"idx":20},{"addr":140736910023632,"idx":21},{"addr":140736909168718,"idx":22},{"addr":140736909164962,"idx":23},{"addr":140736909163671,"idx":24},{"addr":140736909162770,"idx":25},{"addr":140736909159073,"idx":26},{"addr":140736909136690,"idx":27},{"addr":140736718105446,"idx":28},{"addr":140736909115343,"idx":29},{"addr":140736909452308,"idx":30},{"addr":140736909451216,"idx":31},{"addr":140736881820045,"idx":32},{"addr":140736881811689,"idx":33},{"addr":140736882631602,"idx":34},{"addr":140736882628630,"idx":35},{"addr":140736881847376,"idx":36},{"addr":140736909646499,"idx":37},{"addr":140736909646267,"idx":38},{"addr":140736909643574,"idx":39},{"addr":140736909641089,"idx":40},{"addr":140736910206646,"idx":41},{"addr":140736909293663,"idx":42},{"addr":140736909422200,"idx":43},{"addr":140736909415344,"idx":44},{"addr":140736909399044,"idx":45},{"addr":140736909260610,"idx":46},{"addr":140736909258954,"idx":47},{"addr":140736701243791,"idx":48},{"addr":140736701240420,"idx":49},{"addr":140736681576146,"idx":50},{"addr":140736681863450,"idx":51},{"addr":140736681863596,"idx":52},{"addr":140736718245365,"idx":53},{"addr":140736717677991,"idx":54},{"addr":140736902955098,"idx":55},{"addr":140736897083607,"idx":56},{"addr":140736916996940,"idx":57}],,,,,,,,,19464,,,,,,,,,,,,,,,,,,,,,,,,,,,,,,,,,,,,3892199204,140736841383936,140736841383936,258644,200704,,,,,,,,,,,,,,,,,,,,,,,,,,,,,,,,,,,,,,,,,,,,,,,,,,,,,,,,,,,,,,,,,,,,,,,
"2025-09-02 15:13:22.8452855Z","ETW","Microsoft-Windows-Kernel-Audit-API-Calls",5,"Info ",5380,1604,"explorer.exe",,,,,,,,,,,,,,,,[{"addr":140736918203764,"idx":0},{"addr":140736872731894,"idx":1},{"addr":140736424559329,"idx":2},{"addr":140736424552513,"idx":3},{"addr":140736424565923,"idx":4},{"addr":140736424547297,"idx":5},{"addr":140736448602149,"idx":6},{"addr":140736902703990,"idx":7},{"addr":140736902703274,"idx":8},{"addr":140736902700103,"idx":9},{"addr":140736897083607,"idx":10},{"addr":140736916996940,"idx":11}],,,,,,,,,,,,,,,,,,,4096,0,19464,,,,,,,,,,,,,,,,,,,,,,,,,,,,,,,,,,,,,,,,,,,,,,,,,,,,,,,,,,,,,,,,,,,,,,,,,,,,,,,,,,,,,,,,,,,,,,,,,,,
"2025-09-02 15:13:22.8458310Z","ETW","Microsoft-Windows-Kernel-Process",3,"ThreadStartStart ",4,72,"System",,,,,,,,,,,,,,,,[],,,,,,,,,3568,18446639081577795584,18446639081577771008,140736917348896,0,909010182144,6272,909012107264,909012074496,140736917348896,,,,,,,,,,,,,,,,,,,,,,,,,,,,,,,,,,,,,,,,,,,,,,,,,,,,,,,,,,,,,,,,,,,,,,,,,,,,,,,,,,,,,,,,,,,,,,,,,,,,,,
"2025-09-02 15:13:22.8460620Z","ETW","Microsoft-Windows-Kernel-Process",3,"ThreadStartStart ",3568,6272,"svchost.exe",,,,,,,,,,,,,,,,[{"addr":140736918216388,"idx":0},{"addr":140736917669762,"idx":1},{"addr":140736882108009,"idx":2},{"addr":140736882106619,"idx":3},{"addr":140736882102691,"idx":4},{"addr":140736882098504,"idx":5},{"addr":140736917358174,"idx":6},{"addr":140736917350275,"idx":7},{"addr":140736897083607,"idx":8},{"addr":140736916996940,"idx":9}],,,,,,,,,3568,18446639081577537536,18446639081577512960,140736917348896,25,909010190336,8916,909012631552,909012598784,140736917348896,,,,,,,,,,,,,,,,,,,,,,,,,,,,,,,,,,,,,,,,,,,,,,,,,,,,,,,,,,,,,,,,,,,,,,,,,,,,,,,,,,,,,,,,,,,,,,,,,,,,,,
"2025-09-02 15:13:22.8467922Z","ETW","Microsoft-Windows-Kernel-Audit-API-Calls",5,"Info ",3568,8916,"svchost.exe",,,,,,,,,,,,,,,,[{"addr":140736918203764,"idx":0},{"addr":140736872731894,"idx":1},{"addr":140736593700097,"idx":2},{"addr":140736593705958,"idx":3},{"addr":140736593691558,"idx":4},{"addr":140736593861944,"idx":5},{"addr":140736593869103,"idx":6},{"addr":140736594011406,"idx":7},{"addr":140736593978605,"idx":8},{"addr":140736593980452,"idx":9},{"addr":140736882620003,"idx":10},{"addr":140736882628366,"idx":11},{"addr":140736881847376,"idx":12},{"addr":140736909646499,"idx":13},{"addr":140736909646267,"idx":14},{"addr":140736909643574,"idx":15},{"addr":140736909641089,"idx":16},{"addr":140736910206646,"idx":17},{"addr":140736909298250,"idx":18},{"addr":140736909422200,"idx":19},{"addr":140736909684515,"idx":20},{"addr":140736882311415,"idx":21},{"addr":140736882088628,"idx":22},{"addr":140736882092154,"idx":23},{"addr":140736882015316,"idx":24},{"addr":140736882081820,"idx":25},{"addr":140736882106396,"idx":26},{"addr":140736882102691,"idx":27},{"addr":140736882098504,"idx":28},{"addr":140736917358174,"idx":29},{"addr":140736917350275,"idx":30},{"addr":140736897083607,"idx":31},{"addr":140736916996940,"idx":32}],,,,,,,,,,,,,,,,,,,4096,0,5380,,,,,,,,,,,,,,,,,,,,,,,,,,,,,,,,,,,,,,,,,,,,,,,,,,,,,,,,,,,,,,,,,,,,,,,,,,,,,,,,,,,,,,,,,,,,,,,,,,,
"2025-09-02 15:13:22.8468432Z","ETW","Microsoft-Windows-Kernel-Audit-API-Calls",5,"Info ",3568,8916,"svchost.exe",,,,,,,,,,,,,,,,[{"addr":140736918203764,"idx":0},{"addr":140736872731894,"idx":1},{"addr":140736593700097,"idx":2},{"addr":140736593862298,"idx":3},{"addr":140736593869103,"idx":4},{"addr":140736594011406,"idx":5},{"addr":140736593978605,"idx":6},{"addr":140736593980452,"idx":7},{"addr":140736882620003,"idx":8},{"addr":140736882628366,"idx":9},{"addr":140736881847376,"idx":10},{"addr":140736909646499,"idx":11},{"addr":140736909646267,"idx":12},{"addr":140736909643574,"idx":13},{"addr":140736909641089,"idx":14},{"addr":140736910206646,"idx":15},{"addr":140736909298250,"idx":16},{"addr":140736909422200,"idx":17},{"addr":140736909684515,"idx":18},{"addr":140736882311415,"idx":19},{"addr":140736882088628,"idx":20},{"addr":140736882092154,"idx":21},{"addr":140736882015316,"idx":22},{"addr":140736882081820,"idx":23},{"addr":140736882106396,"idx":24},{"addr":140736882102691,"idx":25},{"addr":140736882098504,"idx":26},{"addr":140736917358174,"idx":27},{"addr":140736917350275,"idx":28},{"addr":140736897083607,"idx":29},{"addr":140736916996940,"idx":30}],,,,,,,,,,,,,,,,,,,4096,0,19464,,,,,,,,,,,,,,,,,,,,,,,,,,,,,,,,,,,,,,,,,,,,,,,,,,,,,,,,,,,,,,,,,,,,,,,,,,,,,,,,,,,,,,,,,,,,,,,,,,,
"2025-09-02 15:13:22.8476757Z","ETW","Microsoft-Windows-Kernel-Process",5,"ImageLoadInfo ",5144,20984,"RuntimeBroker.exe",,,,"C:\Windows\System32\kernel32.dll",,,,,,,,,,,,[{"addr":140736918203828,"idx":0},{"addr":140736917192506,"idx":1},{"addr":140736917191278,"idx":2},{"addr":140736917190209,"idx":3},{"addr":140736916804181,"idx":4},{"addr":140736916785218,"idx":5},{"addr":140736916784352,"idx":6},{"addr":140736917101952,"idx":7},{"addr":140736917649076,"idx":8},{"addr":140736917165243,"idx":9},{"addr":140736917158036,"idx":10},{"addr":140736917157502,"idx":11},{"addr":140736916971470,"idx":12}],,,,,,,,,5144,,,,,,,,,,,,,,,,,,,,,,,,,,,,,,,,,,,,2842556120,140736896892928,140736896892928,880212,823296,,,,,,,,,,,,,,,,,,,,,,,,,,,,,,,,,,,,,,,,,,,,,,,,,,,,,,,,,,,,,,,,,,,,,,,
"2025-09-02 15:13:22.8479305Z","ETW","Microsoft-Windows-Kernel-Process",5,"ImageLoadInfo ",5144,20984,"RuntimeBroker.exe",,,,"C:\Windows\System32\KernelBase.dll",,,,,,,,,,,,[{"addr":140736918203828,"idx":0},{"addr":140736917192506,"idx":1},{"addr":140736917191278,"idx":2},{"addr":140736917190209,"idx":3},{"addr":140736916798526,"idx":4},{"addr":140736916790798,"idx":5},{"addr":140736917191656,"idx":6},{"addr":140736917190209,"idx":7},{"addr":140736916804181,"idx":8},{"addr":140736916785218,"idx":9},{"addr":140736916784352,"idx":10},{"addr":140736917101952,"idx":11},{"addr":140736917649076,"idx":12},{"addr":140736917165243,"idx":13},{"addr":140736917158036,"idx":14},{"addr":140736917157502,"idx":15},{"addr":140736916971470,"idx":16}],,,,,,,,,5144,,,,,,,,,,,,,,,,,,,,,,,,,,,,,,,,,,,,1916522255,140736871923712,140736871923712,4150506,4128768,,,,,,,,,,,,,,,,,,,,,,,,,,,,,,,,,,,,,,,,,,,,,,,,,,,,,,,,,,,,,,,,,,,,,,,
"2025-09-02 15:13:22.8486373Z","ETW","Microsoft-Windows-Kernel-Audit-API-Calls",5,"Info ",760,776,"csrss.exe",,,,,,,,,,,,,,,,[{"addr":140736918206916,"idx":0},{"addr":140736867541693,"idx":1},{"addr":140736867538681,"idx":2},{"addr":140736867571143,"idx":3},{"addr":140736916996962,"idx":4}],,,,,,,,,,,,,,,,,,,33554432,0,5144,,,,,,,,,,,,,,,,,,,,,,,,,,,,,,,,,,,,,,,,,,,,,,,,,,,,,,,,,,,,,,,,,,,,,,,,,,,,,,,,,,,,,,,,,,,,,,,,,,,
"2025-09-02 15:13:22.8486453Z","ETW","Microsoft-Windows-Kernel-Audit-API-Calls",6,"Info ",760,776,"csrss.exe",,,,,,,,,,,,,,,,[{"addr":140736918206948,"idx":0},{"addr":140736867541965,"idx":1},{"addr":140736867538681,"idx":2},{"addr":140736867571143,"idx":3},{"addr":140736916996962,"idx":4}],,,,,,,,,,,,,,,,,,,33554432,0,5144,20984,,,,,,,,,,,,,,,,,,,,,,,,,,,,,,,,,,,,,,,,,,,,,,,,,,,,,,,,,,,,,,,,,,,,,,,,,,,,,,,,,,,,,,,,,,,,,,,,,,
"2025-09-02 15:13:22.8495355Z","ETW","Microsoft-Windows-Kernel-Process",5,"ImageLoadInfo ",5144,20984,"RuntimeBroker.exe",,,,"C:\Windows\System32\ucrtbase.dll",,,,,,,,,,,,[{"addr":140736918203828,"idx":0},{"addr":140736917192506,"idx":1},{"addr":140736917191278,"idx":2},{"addr":140736917190209,"idx":3},{"addr":140736916798526,"idx":4},{"addr":140736916790798,"idx":5},{"addr":140736917165509,"idx":6},{"addr":140736917158036,"idx":7},{"addr":140736917157502,"idx":8},{"addr":140736916971470,"idx":9}],,,,,,,,,5144,,,,,,,,,,,,,,,,,,,,,,,,,,,,,,,,,,,,3686092271,140736876314624,140736876314624,1418583,1355776,,,,,,,,,,,,,,,,,,,,,,,,,,,,,,,,,,,,,,,,,,,,,,,,,,,,,,,,,,,,,,,,,,,,,,,
"2025-09-02 15:13:22.8496522Z","ETW","Microsoft-Windows-Kernel-Process",3,"ThreadStartStart ",5144,20984,"RuntimeBroker.exe",,,,,,,,,,,,,,,,[{"addr":140736918214756,"idx":0},{"addr":140736917348769,"idx":1},{"addr":140736917700534,"idx":2},{"addr":140736916791223,"idx":3},{"addr":140736917191656,"idx":4},{"addr":140736917190209,"idx":5},{"addr":140736916798526,"idx":6},{"addr":140736916790798,"idx":7},{"addr":140736917165509,"idx":8},{"addr":140736917158036,"idx":9},{"addr":140736917157502,"idx":10},{"addr":140736916971470,"idx":11}],,,,,,,,,5144,18446639081577709568,18446639081577684992,140736917348896,0,915292426240,13744,915290521600,915290472448,140736917348896,,,,,,,,,,,,,,,,,,,,,,,,,,,,,,,,,,,,,,,,,,,,,,,,,,,,,,,,,,,,,,,,,,,,,,,,,,,,,,,,,,,,,,,,,,,,,,,,,,,,,,
"2025-09-02 15:13:22.8497704Z","ETW","Microsoft-Windows-Kernel-Process",5,"ImageLoadInfo ",5144,20984,"RuntimeBroker.exe",,,,"C:\Windows\System32\msvcp_win.dll",,,,,,,,,,,,[{"addr":140736918203828,"idx":0},{"addr":140736917192506,"idx":1},{"addr":140736917191278,"idx":2},{"addr":140736917190209,"idx":3},{"addr":140736916798526,"idx":4},{"addr":140736916790798,"idx":5},{"addr":140736917165509,"idx":6},{"addr":140736917158036,"idx":7},{"addr":140736917157502,"idx":8},{"addr":140736916971470,"idx":9}],,,,,,,,,5144,,,,,,,,,,,,,,,,,,,,,,,,,,,,,,,,,,,,2240469762,140736868319232,140736868319232,703256,667648,,,,,,,,,,,,,,,,,,,,,,,,,,,,,,,,,,,,,,,,,,,,,,,,,,,,,,,,,,,,,,,,,,,,,,,
"2025-09-02 15:13:22.8501672Z","ETW","Microsoft-Windows-Kernel-Process",3,"ThreadStartStart ",5144,13744,"RuntimeBroker.exe",,,,,,,,,,,,,,,,[{"addr":140736918214756,"idx":0},{"addr":140736917257428,"idx":1},{"addr":140736917254706,"idx":2},{"addr":140736917350945,"idx":3},{"addr":140736897083607,"idx":4},{"addr":140736916996940,"idx":5}],,,,,,,,,5144,18446639081577332736,18446639081577308160,140736917348896,0,915292434432,4540,915291045888,915290996736,140736917348896,,,,,,,,,,,,,,,,,,,,,,,,,,,,,,,,,,,,,,,,,,,,,,,,,,,,,,,,,,,,,,,,,,,,,,,,,,,,,,,,,,,,,,,,,,,,,,,,,,,,,,
"2025-09-02 15:13:22.8507690Z","ETW","Microsoft-Windows-Kernel-Process",5,"ImageLoadInfo ",5144,20984,"RuntimeBroker.exe",,,,"C:\Windows\System32\combase.dll",,,,,,,,,,,,[{"addr":140736918203828,"idx":0},{"addr":140736917192506,"idx":1},{"addr":140736917191278,"idx":2},{"addr":140736917190209,"idx":3},{"addr":140736916804181,"idx":4},{"addr":140736916785218,"idx":5},{"addr":140736916786774,"idx":6},{"addr":140736917021315,"idx":7},{"addr":140736917023197,"idx":8},{"addr":140695765808354,"idx":9},{"addr":140695765819325,"idx":10},{"addr":140695765803925,"idx":11},{"addr":140695765815909,"idx":12},{"addr":140736897083607,"idx":13},{"addr":140736916996940,"idx":14}],,,,,,,,,5144,,,,,,,,,,,,,,,,,,,,,,,,,,,,,,,,,,,,670765882,140736909082624,140736909082624,3776119,3690496,,,,,,,,,,,,,,,,,,,,,,,,,,,,,,,,,,,,,,,,,,,,,,,,,,,,,,,,,,,,,,,,,,,,,,,
"2025-09-02 15:13:22.8509071Z","ETW","Microsoft-Windows-Kernel-Process",5,"ImageLoadInfo ",5144,20984,"RuntimeBroker.exe",,,,"C:\Windows\System32\rpcrt4.dll",,,,,,,,,,,,[{"addr":140736918203828,"idx":0},{"addr":140736917192506,"idx":1},{"addr":140736917191278,"idx":2},{"addr":140736917190209,"idx":3},{"addr":140736916798526,"idx":4},{"addr":140736916790798,"idx":5},{"addr":140736917191656,"idx":6},{"addr":140736917190209,"idx":7},{"addr":140736916804181,"idx":8},{"addr":140736916785218,"idx":9},{"addr":140736916786774,"idx":10},{"addr":140736917021315,"idx":11},{"addr":140736917023197,"idx":12},{"addr":140695765808354,"idx":13},{"addr":140695765819325,"idx":14},{"addr":140695765803925,"idx":15},{"addr":140695765815909,"idx":16},{"addr":140736897083607,"idx":17},{"addr":140736916996940,"idx":18}],,,,,,,,,5144,,,,,,,,,,,,,,,,,,,,,,,,,,,,,,,,,,,,755903142,140736881754112,140736881754112,1201440,1146880,,,,,,,,,,,,,,,,,,,,,,,,,,,,,,,,,,,,,,,,,,,,,,,,,,,,,,,,,,,,,,,,,,,,,,,
"2025-09-02 15:13:22.8560231Z","ETW","Microsoft-Windows-Kernel-Audit-API-Calls",5,"Info ",3568,8916,"svchost.exe",,,,,,,,,,,,,,,,[{"addr":140736918203764,"idx":0},{"addr":140736872731894,"idx":1},{"addr":140736593699808,"idx":2},{"addr":140736593928933,"idx":3},{"addr":140736593898388,"idx":4},{"addr":140736593863730,"idx":5},{"addr":140736593869103,"idx":6},{"addr":140736594011406,"idx":7},{"addr":140736593978605,"idx":8},{"addr":140736593980452,"idx":9},{"addr":140736882620003,"idx":10},{"addr":140736882628366,"idx":11},{"addr":140736881847376,"idx":12},{"addr":140736909646499,"idx":13},{"addr":140736909646267,"idx":14},{"addr":140736909643574,"idx":15},{"addr":140736909641089,"idx":16},{"addr":140736910206646,"idx":17},{"addr":140736909298250,"idx":18},{"addr":140736909422200,"idx":19},{"addr":140736909684515,"idx":20},{"addr":140736882311415,"idx":21},{"addr":140736882088628,"idx":22},{"addr":140736882092154,"idx":23},{"addr":140736882015316,"idx":24},{"addr":140736882081820,"idx":25},{"addr":140736882106396,"idx":26},{"addr":140736882102691,"idx":27},{"addr":140736882098504,"idx":28},{"addr":140736917358174,"idx":29},{"addr":140736917350275,"idx":30},{"addr":140736897083607,"idx":31},{"addr":140736916996940,"idx":32}],,,,,,,,,,,,,,,,,,,4096,0,3568,,,,,,,,,,,,,,,,,,,,,,,,,,,,,,,,,,,,,,,,,,,,,,,,,,,,,,,,,,,,,,,,,,,,,,,,,,,,,,,,,,,,,,,,,,,,,,,,,,,
"2025-09-02 15:13:22.8560486Z","ETW","Microsoft-Windows-Kernel-Audit-API-Calls",5,"Info ",3568,8916,"svchost.exe",,,,,,,,,,,,,,,,[{"addr":140736918203764,"idx":0},{"addr":140736872731894,"idx":1},{"addr":140736593697567,"idx":2},{"addr":140736593928985,"idx":3},{"addr":140736593898388,"idx":4},{"addr":140736593863730,"idx":5},{"addr":140736593869103,"idx":6},{"addr":140736594011406,"idx":7},{"addr":140736593978605,"idx":8},{"addr":140736593980452,"idx":9},{"addr":140736882620003,"idx":10},{"addr":140736882628366,"idx":11},{"addr":140736881847376,"idx":12},{"addr":140736909646499,"idx":13},{"addr":140736909646267,"idx":14},{"addr":140736909643574,"idx":15},{"addr":140736909641089,"idx":16},{"addr":140736910206646,"idx":17},{"addr":140736909298250,"idx":18},{"addr":140736909422200,"idx":19},{"addr":140736909684515,"idx":20},{"addr":140736882311415,"idx":21},{"addr":140736882088628,"idx":22},{"addr":140736882092154,"idx":23},{"addr":140736882015316,"idx":24},{"addr":140736882081820,"idx":25},{"addr":140736882106396,"idx":26},{"addr":140736882102691,"idx":27},{"addr":140736882098504,"idx":28},{"addr":140736917358174,"idx":29},{"addr":140736917350275,"idx":30},{"addr":140736897083607,"idx":31},{"addr":140736916996940,"idx":32}],,,,,,,,,,,,,,,,,,,4096,0,3568,,,,,,,,,,,,,,,,,,,,,,,,,,,,,,,,,,,,,,,,,,,,,,,,,,,,,,,,,,,,,,,,,,,,,,,,,,,,,,,,,,,,,,,,,,,,,,,,,,,
"2025-09-02 15:13:22.8560648Z","ETW","Microsoft-Windows-Kernel-Audit-API-Calls",5,"Info ",3568,8916,"svchost.exe",,,,,,,,,,,,,,,,[{"addr":140736918203764,"idx":0},{"addr":140736872731894,"idx":1},{"addr":140736593700097,"idx":2},{"addr":140736593702379,"idx":3},{"addr":140736593929050,"idx":4},{"addr":140736593898388,"idx":5},{"addr":140736593863730,"idx":6},{"addr":140736593869103,"idx":7},{"addr":140736594011406,"idx":8},{"addr":140736593978605,"idx":9},{"addr":140736593980452,"idx":10},{"addr":140736882620003,"idx":11},{"addr":140736882628366,"idx":12},{"addr":140736881847376,"idx":13},{"addr":140736909646499,"idx":14},{"addr":140736909646267,"idx":15},{"addr":140736909643574,"idx":16},{"addr":140736909641089,"idx":17},{"addr":140736910206646,"idx":18},{"addr":140736909298250,"idx":19},{"addr":140736909422200,"idx":20},{"addr":140736909684515,"idx":21},{"addr":140736882311415,"idx":22},{"addr":140736882088628,"idx":23},{"addr":140736882092154,"idx":24},{"addr":140736882015316,"idx":25},{"addr":140736882081820,"idx":26},{"addr":140736882106396,"idx":27},{"addr":140736882102691,"idx":28},{"addr":140736882098504,"idx":29},{"addr":140736917358174,"idx":30},{"addr":140736917350275,"idx":31},{"addr":140736897083607,"idx":32},{"addr":140736916996940,"idx":33}],,,,,,,,,,,,,,,,,,,4096,0,3568,,,,,,,,,,,,,,,,,,,,,,,,,,,,,,,,,,,,,,,,,,,,,,,,,,,,,,,,,,,,,,,,,,,,,,,,,,,,,,,,,,,,,,,,,,,,,,,,,,,
"2025-09-02 15:13:22.8563177Z","ETW","Microsoft-Windows-Kernel-Process",5,"ImageLoadInfo ",5144,20984,"RuntimeBroker.exe",,,,"C:\Windows\System32\kernel.appcore.dll",,,,,,,,,,,,[{"addr":140736918203828,"idx":0},{"addr":140736917192506,"idx":1},{"addr":140736917191278,"idx":2},{"addr":140736917210764,"idx":3},{"addr":140736917202269,"idx":4},{"addr":140736917259140,"idx":5},{"addr":140736916785248,"idx":6},{"addr":140736916786774,"idx":7},{"addr":140736917021315,"idx":8},{"addr":140736917023197,"idx":9},{"addr":140736910389554,"idx":10},{"addr":140736910690375,"idx":11},{"addr":140736910448320,"idx":12},{"addr":140736916975221,"idx":13},{"addr":140736872573249,"idx":14},{"addr":140736910291875,"idx":15},{"addr":140736910291808,"idx":16},{"addr":140736909934810,"idx":17},{"addr":140736909933889,"idx":18},{"addr":140736909932542,"idx":19},{"addr":140736909930953,"idx":20},{"addr":140695765803925,"idx":21},{"addr":140695765815909,"idx":22},{"addr":140736897083607,"idx":23},{"addr":140736916996940,"idx":24}],,,,,,,,,5144,,,,,,,,,,,,,,,,,,,,,,,,,,,,,,,,,,,,4117383687,140736848265216,140736848265216,158572,110592,,,,,,,,,,,,,,,,,,,,,,,,,,,,,,,,,,,,,,,,,,,,,,,,,,,,,,,,,,,,,,,,,,,,,,,
"2025-09-02 15:13:22.8564450Z","ETW","Microsoft-Windows-Kernel-Process",5,"ImageLoadInfo ",5144,20984,"RuntimeBroker.exe",,,,"C:\Windows\System32\msvcrt.dll",,,,,,,,,,,,[{"addr":140736918203828,"idx":0},{"addr":140736917192506,"idx":1},{"addr":140736917191278,"idx":2},{"addr":140736917190209,"idx":3},{"addr":140736916798526,"idx":4},{"addr":140736916790798,"idx":5},{"addr":140736917191656,"idx":6},{"addr":140736917210764,"idx":7},{"addr":140736917202269,"idx":8},{"addr":140736917259140,"idx":9},{"addr":140736916785248,"idx":10},{"addr":140736916786774,"idx":11},{"addr":140736917021315,"idx":12},{"addr":140736917023197,"idx":13},{"addr":140736910389554,"idx":14},{"addr":140736910690375,"idx":15},{"addr":140736910448320,"idx":16},{"addr":140736916975221,"idx":17},{"addr":140736872573249,"idx":18},{"addr":140736910291875,"idx":19},{"addr":140736910291808,"idx":20},{"addr":140736909934810,"idx":21},{"addr":140736909933889,"idx":22},{"addr":140736909932542,"idx":23},{"addr":140736909930953,"idx":24},{"addr":140695765803925,"idx":25},{"addr":140695765815909,"idx":26},{"addr":140736897083607,"idx":27},{"addr":140736916996940,"idx":28}],,,,,,,,,5144,,,,,,,,,,,,,,,,,,,,,,,,,,,,,,,,,,,,2634004398,140736913342464,140736913342464,729924,692224,,,,,,,,,,,,,,,,,,,,,,,,,,,,,,,,,,,,,,,,,,,,,,,,,,,,,,,,,,,,,,,,,,,,,,,
"2025-09-02 15:13:22.8568044Z","ETW","Microsoft-Windows-Kernel-Process",5,"ImageLoadInfo ",5144,20984,"RuntimeBroker.exe",,,,"C:\Windows\System32\bcryptprimitives.dll",,,,,,,,,,,,[{"addr":140736918203828,"idx":0},{"addr":140736917192506,"idx":1},{"addr":140736917191278,"idx":2},{"addr":140736917190209,"idx":3},{"addr":140736916804181,"idx":4},{"addr":140736916785218,"idx":5},{"addr":140736916786774,"idx":6},{"addr":140736917021315,"idx":7},{"addr":140736917023197,"idx":8},{"addr":140736882386290,"idx":9},{"addr":140736882460095,"idx":10},{"addr":140736881997317,"idx":11},{"addr":140736909937766,"idx":12},{"addr":140736909936267,"idx":13},{"addr":140736909935376,"idx":14},{"addr":140736909934840,"idx":15},{"addr":140736909933889,"idx":16},{"addr":140736909932542,"idx":17},{"addr":140736909930953,"idx":18},{"addr":140695765803925,"idx":19},{"addr":140695765815909,"idx":20},{"addr":140736897083607,"idx":21},{"addr":140736916996940,"idx":22}],,,,,,,,,5144,,,,,,,,,,,,,,,,,,,,,,,,,,,,,,,,,,,,3318233078,140736867663872,140736867663872,705120,626688,,,,,,,,,,,,,,,,,,,,,,,,,,,,,,,,,,,,,,,,,,,,,,,,,,,,,,,,,,,,,,,,,,,,,,,
"2025-09-02 15:13:22.8574124Z","ETW","Microsoft-Windows-Kernel-Process",5,"ImageLoadInfo ",5144,20984,"RuntimeBroker.exe",,,,"C:\Windows\System32\powrprof.dll",,,,,,,,,,,,[{"addr":140736918203828,"idx":0},{"addr":140736917192506,"idx":1},{"addr":140736917191278,"idx":2},{"addr":140736917210764,"idx":3},{"addr":140736917202269,"idx":4},{"addr":140736917259140,"idx":5},{"addr":140736916785248,"idx":6},{"addr":140736916786774,"idx":7},{"addr":140736917021315,"idx":8},{"addr":140736917023197,"idx":9},{"addr":140695765808354,"idx":10},{"addr":140695765819464,"idx":11},{"addr":140695765804900,"idx":12},{"addr":140695765803945,"idx":13},{"addr":140695765815909,"idx":14},{"addr":140736897083607,"idx":15},{"addr":140736916996940,"idx":16}],,,,,,,,,5144,,,,,,,,,,,,,,,,,,,,,,,,,,,,,,,,,,,,2858637235,140736866091008,140736866091008,457799,385024,,,,,,,,,,,,,,,,,,,,,,,,,,,,,,,,,,,,,,,,,,,,,,,,,,,,,,,,,,,,,,,,,,,,,,,
"2025-09-02 15:13:22.8580316Z","ETW","Microsoft-Windows-Kernel-Process",5,"ImageLoadInfo ",5144,20984,"RuntimeBroker.exe",,,,"C:\Windows\System32\umpdc.dll",,,,,,,,,,,,[{"addr":140736918203828,"idx":0},{"addr":140736917192506,"idx":1},{"addr":140736917191278,"idx":2},{"addr":140736917210764,"idx":3},{"addr":140736917201516,"idx":4},{"addr":140736917258922,"idx":5},{"addr":140736916785248,"idx":6},{"addr":140736916786774,"idx":7},{"addr":140736917021315,"idx":8},{"addr":140736917023197,"idx":9},{"addr":140736866119074,"idx":10},{"addr":140736866136530,"idx":11},{"addr":140736866130783,"idx":12},{"addr":140736866132678,"idx":13},{"addr":140736918195438,"idx":14},{"addr":140736917219838,"idx":15},{"addr":140736917215596,"idx":16},{"addr":140736916995194,"idx":17},{"addr":140736916991491,"idx":18},{"addr":140736916785364,"idx":19},{"addr":140736916786774,"idx":20},{"addr":140736917021315,"idx":21},{"addr":140736917023197,"idx":22},{"addr":140695765808354,"idx":23},{"addr":140695765819464,"idx":24},{"addr":140695765804900,"idx":25},{"addr":140695765803945,"idx":26},{"addr":140695765815909,"idx":27},{"addr":140736897083607,"idx":28},{"addr":140736916996940,"idx":29}],,,,,,,,,5144,,,,,,,,,,,,,,,,,,,,,,,,,,,,,,,,,,,,212057710,140736865959936,140736865959936,140109,81920,,,,,,,,,,,,,,,,,,,,,,,,,,,,,,,,,,,,,,,,,,,,,,,,,,,,,,,,,,,,,,,,,,,,,,,
"2025-09-02 15:13:22.8582586Z","ETW","Microsoft-Windows-Kernel-Process",3,"ThreadStartStart ",4,72,"System",,,,,,,,,,,,,,,,[],,,,,,,,,5144,18446639081577910272,18446639081577885696,140736917348896,0,915292442624,10492,915294126080,915294076928,140736917348896,,,,,,,,,,,,,,,,,,,,,,,,,,,,,,,,,,,,,,,,,,,,,,,,,,,,,,,,,,,,,,,,,,,,,,,,,,,,,,,,,,,,,,,,,,,,,,,,,,,,,,
"2025-09-02 15:13:22.8583429Z","ETW","Microsoft-Windows-Kernel-Process",3,"ThreadStartStart ",4,72,"System",,,,,,,,,,,,,,,,[],,,,,,,,,5144,18446639081577881600,18446639081577857024,140736917348896,0,915292450816,18408,915294650368,915294601216,140736917348896,,,,,,,,,,,,,,,,,,,,,,,,,,,,,,,,,,,,,,,,,,,,,,,,,,,,,,,,,,,,,,,,,,,,,,,,,,,,,,,,,,,,,,,,,,,,,,,,,,,,,,
"2025-09-02 15:13:22.8586297Z","ETW","Microsoft-Windows-Kernel-Process",5,"ImageLoadInfo ",5144,20984,"RuntimeBroker.exe",,,,"C:\Windows\System32\user32.dll",,,,,,,,,,,,[{"addr":140736918203828,"idx":0},{"addr":140736917192506,"idx":1},{"addr":140736917191278,"idx":2},{"addr":140736917190209,"idx":3},{"addr":140736916804181,"idx":4},{"addr":140736916785218,"idx":5},{"addr":140736916786774,"idx":6},{"addr":140736917021315,"idx":7},{"addr":140736917023197,"idx":8},{"addr":140736910389554,"idx":9},{"addr":140736910686965,"idx":10},{"addr":140736909483135,"idx":11},{"addr":140736910782377,"idx":12},{"addr":140736909282326,"idx":13},{"addr":140736909764306,"idx":14},{"addr":140695765804262,"idx":15},{"addr":140695765815909,"idx":16},{"addr":140736897083607,"idx":17},{"addr":140736916996940,"idx":18}],,,,,,,,,5144,,,,,,,,,,,,,,,,,,,,,,,,,,,,,,,,,,,,3594986103,140736914063360,140736914063360,1919723,1855488,,,,,,,,,,,,,,,,,,,,,,,,,,,,,,,,,,,,,,,,,,,,,,,,,,,,,,,,,,,,,,,,,,,,,,,
"2025-09-02 15:13:22.8588091Z","ETW","Microsoft-Windows-Kernel-Process",5,"ImageLoadInfo ",5144,20984,"RuntimeBroker.exe",,,,"C:\Windows\System32\win32u.dll",,,,,,,,,,,,[{"addr":140736918203828,"idx":0},{"addr":140736917192506,"idx":1},{"addr":140736917191278,"idx":2},{"addr":140736917190209,"idx":3},{"addr":140736916798526,"idx":4},{"addr":140736916790798,"idx":5},{"addr":140736917191656,"idx":6},{"addr":140736917190209,"idx":7},{"addr":140736916804181,"idx":8},{"addr":140736916785218,"idx":9},{"addr":140736916786774,"idx":10},{"addr":140736917021315,"idx":11},{"addr":140736917023197,"idx":12},{"addr":140736910389554,"idx":13},{"addr":140736910686965,"idx":14},{"addr":140736909483135,"idx":15},{"addr":140736910782377,"idx":16},{"addr":140736909282326,"idx":17},{"addr":140736909764306,"idx":18},{"addr":140695765804262,"idx":19},{"addr":140695765815909,"idx":20},{"addr":140736897083607,"idx":21},{"addr":140736916996940,"idx":22}],,,,,,,,,5144,,,,,,,,,,,,,,,,,,,,,,,,,,,,,,,,,,,,4080079730,140736876118016,140736876118016,179667,159744,,,,,,,,,,,,,,,,,,,,,,,,,,,,,,,,,,,,,,,,,,,,,,,,,,,,,,,,,,,,,,,,,,,,,,,
"2025-09-02 15:13:22.8589168Z","ETW","Microsoft-Windows-Kernel-Process",5,"ImageLoadInfo ",5144,20984,"RuntimeBroker.exe",,,,"C:\Windows\System32\gdi32.dll",,,,,,,,,,,,[{"addr":140736918203828,"idx":0},{"addr":140736917192506,"idx":1},{"addr":140736917191278,"idx":2},{"addr":140736917190209,"idx":3},{"addr":140736916798526,"idx":4},{"addr":140736916790798,"idx":5},{"addr":140736917191656,"idx":6},{"addr":140736917190209,"idx":7},{"addr":140736916804181,"idx":8},{"addr":140736916785218,"idx":9},{"addr":140736916786774,"idx":10},{"addr":140736917021315,"idx":11},{"addr":140736917023197,"idx":12},{"addr":140736910389554,"idx":13},{"addr":140736910686965,"idx":14},{"addr":140736909483135,"idx":15},{"addr":140736910782377,"idx":16},{"addr":140736909282326,"idx":17},{"addr":140736909764306,"idx":18},{"addr":140695765804262,"idx":19},{"addr":140695765815909,"idx":20},{"addr":140736897083607,"idx":21},{"addr":140736916996940,"idx":22}],,,,,,,,,5144,,,,,,,,,,,,,,,,,,,,,,,,,,,,,,,,,,,,226377214,140736902135808,140736902135808,213118,176128,,,,,,,,,,,,,,,,,,,,,,,,,,,,,,,,,,,,,,,,,,,,,,,,,,,,,,,,,,,,,,,,,,,,,,,
"2025-09-02 15:13:22.8590475Z","ETW","Microsoft-Windows-Kernel-Process",5,"ImageLoadInfo ",5144,20984,"RuntimeBroker.exe",,,,"C:\Windows\System32\gdi32full.dll",,,,,,,,,,,,[{"addr":140736918203828,"idx":0},{"addr":140736917192506,"idx":1},{"addr":140736917191278,"idx":2},{"addr":140736917190209,"idx":3},{"addr":140736916798526,"idx":4},{"addr":140736916790798,"idx":5},{"addr":140736917191656,"idx":6},{"addr":140736917190209,"idx":7},{"addr":140736916798526,"idx":8},{"addr":140736916790798,"idx":9},{"addr":140736917191656,"idx":10},{"addr":140736917190209,"idx":11},{"addr":140736916804181,"idx":12},{"addr":140736916785218,"idx":13},{"addr":140736916786774,"idx":14},{"addr":140736917021315,"idx":15},{"addr":140736917023197,"idx":16},{"addr":140736910389554,"idx":17},{"addr":140736910686965,"idx":18},{"addr":140736909483135,"idx":19},{"addr":140736910782377,"idx":20},{"addr":140736909282326,"idx":21},{"addr":140736909764306,"idx":22},{"addr":140695765804262,"idx":23},{"addr":140695765815909,"idx":24},{"addr":140736897083607,"idx":25},{"addr":140736916996940,"idx":26}],,,,,,,,,5144,,,,,,,,,,,,,,,,,,,,,,,,,,,,,,,,,,,,4226913238,140736869040128,140736869040128,1298614,1277952,,,,,,,,,,,,,,,,,,,,,,,,,,,,,,,,,,,,,,,,,,,,,,,,,,,,,,,,,,,,,,,,,,,,,,,
"2025-09-02 15:13:22.8596399Z","ETW","Microsoft-Windows-Kernel-Process",5,"ImageLoadInfo ",5144,20984,"RuntimeBroker.exe",,,,"C:\Windows\System32\imm32.dll",,,,,,,,,,,,[{"addr":140736918203828,"idx":0},{"addr":140736917192506,"idx":1},{"addr":140736917191278,"idx":2},{"addr":140736917190209,"idx":3},{"addr":140736916804181,"idx":4},{"addr":140736916785218,"idx":5},{"addr":140736916784352,"idx":6},{"addr":140736917101952,"idx":7},{"addr":140736872000198,"idx":8},{"addr":140736914283356,"idx":9},{"addr":140736914516183,"idx":10},{"addr":140736918195438,"idx":11},{"addr":140736917219838,"idx":12},{"addr":140736917215596,"idx":13},{"addr":140736916995194,"idx":14},{"addr":140736916991491,"idx":15},{"addr":140736916785364,"idx":16},{"addr":140736916786774,"idx":17},{"addr":140736917021315,"idx":18},{"addr":140736917023197,"idx":19},{"addr":140736910389554,"idx":20},{"addr":140736910686965,"idx":21},{"addr":140736909483135,"idx":22},{"addr":140736910782377,"idx":23},{"addr":140736909282326,"idx":24},{"addr":140736909764306,"idx":25},{"addr":140695765804262,"idx":26},{"addr":140695765815909,"idx":27},{"addr":140736897083607,"idx":28},{"addr":140736916996940,"idx":29}],,,,,,,,,5144,,,,,,,,,,,,,,,,,,,,,,,,,,,,,,,,,,,,2763417762,140736896630784,140736896630784,237947,192512,,,,,,,,,,,,,,,,,,,,,,,,,,,,,,,,,,,,,,,,,,,,,,,,,,,,,,,,,,,,,,,,,,,,,,,
"2025-09-02 15:13:22.8606601Z","ETW","Microsoft-Windows-Kernel-Process",4,"ThreadStopStop ",19892,2924,"ServiceHub.ThreadedWaitDialog.exe",,,,,,,,,,,,,,,,[],,,,,,,,996360,19892,18446639081649381376,18446639081649356800,140736917348896,0,628361371648,2924,628366508032,628366503936,140736917348896,,,,,,,,,,,,,,,,,,,,,,,,,,,,,,,,,,,,,,,,,,,,,,,,,,,,,,,,,,,,,,,,,,,,,,,,,,,,,,,,,,,,,,,,,,,,,,,,,,,,,,
"2025-09-02 15:13:22.8610404Z","ETW","Microsoft-Windows-Kernel-Audit-API-Calls",5,"Info ",3568,8916,"svchost.exe",,,,,,,,,,,,,,,,[{"addr":140736918203764,"idx":0},{"addr":140736872731894,"idx":1},{"addr":140736593700097,"idx":2},{"addr":140736593702379,"idx":3},{"addr":140736593834233,"idx":4},{"addr":140736593841506,"idx":5},{"addr":140736593864019,"idx":6},{"addr":140736593869103,"idx":7},{"addr":140736594011406,"idx":8},{"addr":140736593978605,"idx":9},{"addr":140736593980452,"idx":10},{"addr":140736882620003,"idx":11},{"addr":140736882628366,"idx":12},{"addr":140736881847376,"idx":13},{"addr":140736909646499,"idx":14},{"addr":140736909646267,"idx":15},{"addr":140736909643574,"idx":16},{"addr":140736909641089,"idx":17},{"addr":140736910206646,"idx":18},{"addr":140736909298250,"idx":19},{"addr":140736909422200,"idx":20},{"addr":140736909684515,"idx":21},{"addr":140736882311415,"idx":22},{"addr":140736882088628,"idx":23},{"addr":140736882092154,"idx":24},{"addr":140736882015316,"idx":25},{"addr":140736882081820,"idx":26},{"addr":140736882106396,"idx":27},{"addr":140736882102691,"idx":28},{"addr":140736882098504,"idx":29},{"addr":140736917358174,"idx":30},{"addr":140736917350275,"idx":31},{"addr":140736897083607,"idx":32},{"addr":140736916996940,"idx":33}],,,,,,,,,,,,,,,,,,,4096,0,19464,,,,,,,,,,,,,,,,,,,,,,,,,,,,,,,,,,,,,,,,,,,,,,,,,,,,,,,,,,,,,,,,,,,,,,,,,,,,,,,,,,,,,,,,,,,,,,,,,,,
"2025-09-02 15:13:22.8610940Z","ETW","Microsoft-Windows-Kernel-Audit-API-Calls",5,"Info ",3568,8916,"svchost.exe",,,,,,,,,,,,,,,,[{"addr":140736918203764,"idx":0},{"addr":140736872731894,"idx":1},{"addr":140736593700097,"idx":2},{"addr":140736593834265,"idx":3},{"addr":140736593841506,"idx":4},{"addr":140736593864019,"idx":5},{"addr":140736593869103,"idx":6},{"addr":140736594011406,"idx":7},{"addr":140736593978605,"idx":8},{"addr":140736593980452,"idx":9},{"addr":140736882620003,"idx":10},{"addr":140736882628366,"idx":11},{"addr":140736881847376,"idx":12},{"addr":140736909646499,"idx":13},{"addr":140736909646267,"idx":14},{"addr":140736909643574,"idx":15},{"addr":140736909641089,"idx":16},{"addr":140736910206646,"idx":17},{"addr":140736909298250,"idx":18},{"addr":140736909422200,"idx":19},{"addr":140736909684515,"idx":20},{"addr":140736882311415,"idx":21},{"addr":140736882088628,"idx":22},{"addr":140736882092154,"idx":23},{"addr":140736882015316,"idx":24},{"addr":140736882081820,"idx":25},{"addr":140736882106396,"idx":26},{"addr":140736882102691,"idx":27},{"addr":140736882098504,"idx":28},{"addr":140736917358174,"idx":29},{"addr":140736917350275,"idx":30},{"addr":140736897083607,"idx":31},{"addr":140736916996940,"idx":32}],,,,,,,,,,,,,,,,,,,4096,0,19464,,,,,,,,,,,,,,,,,,,,,,,,,,,,,,,,,,,,,,,,,,,,,,,,,,,,,,,,,,,,,,,,,,,,,,,,,,,,,,,,,,,,,,,,,,,,,,,,,,,
"2025-09-02 15:13:22.8611154Z","ETW","Microsoft-Windows-Kernel-Audit-API-Calls",5,"Info ",3568,8916,"svchost.exe",,,,,,,,,,,,,,,,[{"addr":140736918203764,"idx":0},{"addr":140736872731894,"idx":1},{"addr":140736593700097,"idx":2},{"addr":140736593706090,"idx":3},{"addr":140736593834300,"idx":4},{"addr":140736593841506,"idx":5},{"addr":140736593864019,"idx":6},{"addr":140736593869103,"idx":7},{"addr":140736594011406,"idx":8},{"addr":140736593978605,"idx":9},{"addr":140736593980452,"idx":10},{"addr":140736882620003,"idx":11},{"addr":140736882628366,"idx":12},{"addr":140736881847376,"idx":13},{"addr":140736909646499,"idx":14},{"addr":140736909646267,"idx":15},{"addr":140736909643574,"idx":16},{"addr":140736909641089,"idx":17},{"addr":140736910206646,"idx":18},{"addr":140736909298250,"idx":19},{"addr":140736909422200,"idx":20},{"addr":140736909684515,"idx":21},{"addr":140736882311415,"idx":22},{"addr":140736882088628,"idx":23},{"addr":140736882092154,"idx":24},{"addr":140736882015316,"idx":25},{"addr":140736882081820,"idx":26},{"addr":140736882106396,"idx":27},{"addr":140736882102691,"idx":28},{"addr":140736882098504,"idx":29},{"addr":140736917358174,"idx":30},{"addr":140736917350275,"idx":31},{"addr":140736897083607,"idx":32},{"addr":140736916996940,"idx":33}],,,,,,,,,,,,,,,,,,,4096,0,19464,,,,,,,,,,,,,,,,,,,,,,,,,,,,,,,,,,,,,,,,,,,,,,,,,,,,,,,,,,,,,,,,,,,,,,,,,,,,,,,,,,,,,,,,,,,,,,,,,,,
"2025-09-02 15:13:22.8614293Z","ETW","Microsoft-Windows-Kernel-Audit-API-Calls",5,"Info ",3568,8916,"svchost.exe",,,,,,,,,,,,,,,,[{"addr":140736918203764,"idx":0},{"addr":140736872731894,"idx":1},{"addr":140736593697567,"idx":2},{"addr":140736593834697,"idx":3},{"addr":140736593841506,"idx":4},{"addr":140736593864019,"idx":5},{"addr":140736593869103,"idx":6},{"addr":140736594011406,"idx":7},{"addr":140736593978605,"idx":8},{"addr":140736593980452,"idx":9},{"addr":140736882620003,"idx":10},{"addr":140736882628366,"idx":11},{"addr":140736881847376,"idx":12},{"addr":140736909646499,"idx":13},{"addr":140736909646267,"idx":14},{"addr":140736909643574,"idx":15},{"addr":140736909641089,"idx":16},{"addr":140736910206646,"idx":17},{"addr":140736909298250,"idx":18},{"addr":140736909422200,"idx":19},{"addr":140736909684515,"idx":20},{"addr":140736882311415,"idx":21},{"addr":140736882088628,"idx":22},{"addr":140736882092154,"idx":23},{"addr":140736882015316,"idx":24},{"addr":140736882081820,"idx":25},{"addr":140736882106396,"idx":26},{"addr":140736882102691,"idx":27},{"addr":140736882098504,"idx":28},{"addr":140736917358174,"idx":29},{"addr":140736917350275,"idx":30},{"addr":140736897083607,"idx":31},{"addr":140736916996940,"idx":32}],,,,,,,,,,,,,,,,,,,4096,0,19464,,,,,,,,,,,,,,,,,,,,,,,,,,,,,,,,,,,,,,,,,,,,,,,,,,,,,,,,,,,,,,,,,,,,,,,,,,,,,,,,,,,,,,,,,,,,,,,,,,,
"2025-09-02 15:13:22.8614563Z","ETW","Microsoft-Windows-Kernel-Process",5,"ImageLoadInfo ",19464,11288,"CalculatorApp.exe",,,,"C:\Windows\System32\rometadata.dll",,,,,,,,,,,,[{"addr":140736918203828,"idx":0},{"addr":140736917192506,"idx":1},{"addr":140736917191278,"idx":2},{"addr":140736917210764,"idx":3},{"addr":140736917202269,"idx":4},{"addr":140736917259140,"idx":5},{"addr":140736916785248,"idx":6},{"addr":140736916786774,"idx":7},{"addr":140736917021315,"idx":8},{"addr":140736917023197,"idx":9},{"addr":140736870628402,"idx":10},{"addr":140736870684933,"idx":11},{"addr":140736870503239,"idx":12},{"addr":140736910000657,"idx":13},{"addr":140736910443156,"idx":14},{"addr":140736910000961,"idx":15},{"addr":140736909989657,"idx":16},{"addr":140736909984509,"idx":17},{"addr":140736909800613,"idx":18},{"addr":140736909798492,"idx":19},{"addr":140736909798272,"idx":20},{"addr":140736909795063,"idx":21},{"addr":140736910024958,"idx":22},{"addr":140736910023769,"idx":23},{"addr":140736909168718,"idx":24},{"addr":140736909164962,"idx":25},{"addr":140736909163671,"idx":26},{"addr":140736909162770,"idx":27},{"addr":140736909159073,"idx":28},{"addr":140736909136690,"idx":29},{"addr":140736718105446,"idx":30},{"addr":140736909115343,"idx":31},{"addr":140736909452308,"idx":32},{"addr":140736909451216,"idx":33},{"addr":140736881820045,"idx":34},{"addr":140736881811689,"idx":35},{"addr":140736882631602,"idx":36},{"addr":140736882628630,"idx":37},{"addr":140736881847376,"idx":38},{"addr":140736909646499,"idx":39},{"addr":140736909646267,"idx":40},{"addr":140736909643574,"idx":41},{"addr":140736909641089,"idx":42},{"addr":140736910206646,"idx":43},{"addr":140736909293663,"idx":44},{"addr":140736909422200,"idx":45},{"addr":140736909415344,"idx":46},{"addr":140736909399044,"idx":47},{"addr":140736909260610,"idx":48},{"addr":140736909258954,"idx":49},{"addr":140736701243791,"idx":50},{"addr":140736701240420,"idx":51},{"addr":140736681576146,"idx":52},{"addr":140736681863450,"idx":53},{"addr":140736681863596,"idx":54},{"addr":140736718245365,"idx":55},{"addr":140736717677991,"idx":56},{"addr":140736902955098,"idx":57},{"addr":140736897083607,"idx":58},{"addr":140736916996940,"idx":59}],,,,,,,,,19464,,,,,,,,,,,,,,,,,,,,,,,,,,,,,,,,,,,,1649453319,140736299728896,140736299728896,246211,233472,,,,,,,,,,,,,,,,,,,,,,,,,,,,,,,,,,,,,,,,,,,,,,,,,,,,,,,,,,,,,,,,,,,,,,,
"2025-09-02 15:13:22.8620086Z","ETW","Microsoft-Windows-Kernel-Process",5,"ImageLoadInfo ",19464,11288,"CalculatorApp.exe",,,,"C:\Windows\System32\WinMetadata\Windows.Foundation.winmd",,,,,,,,,,,,[{"addr":140736918203828,"idx":0},{"addr":140736872619472,"idx":1},{"addr":140736299829581,"idx":2},{"addr":140736299827593,"idx":3},{"addr":140736299824275,"idx":4},{"addr":140736299737091,"idx":5},{"addr":140736299733594,"idx":6},{"addr":140736870510083,"idx":7},{"addr":140736870509282,"idx":8},{"addr":140736870507742,"idx":9},{"addr":140736870504423,"idx":10},{"addr":140736870503325,"idx":11},{"addr":140736910000657,"idx":12},{"addr":140736910443156,"idx":13},{"addr":140736910000961,"idx":14},{"addr":140736909989657,"idx":15},{"addr":140736909984509,"idx":16},{"addr":140736909800613,"idx":17},{"addr":140736909798492,"idx":18},{"addr":140736909798272,"idx":19},{"addr":140736909795063,"idx":20},{"addr":140736910024958,"idx":21},{"addr":140736910023769,"idx":22},{"addr":140736909168718,"idx":23},{"addr":140736909164962,"idx":24},{"addr":140736909163671,"idx":25},{"addr":140736909162770,"idx":26},{"addr":140736909159073,"idx":27},{"addr":140736909136690,"idx":28},{"addr":140736718105446,"idx":29},{"addr":140736909115343,"idx":30},{"addr":140736909452308,"idx":31},{"addr":140736909451216,"idx":32},{"addr":140736881820045,"idx":33},{"addr":140736881811689,"idx":34},{"addr":140736882631602,"idx":35},{"addr":140736882628630,"idx":36},{"addr":140736881847376,"idx":37},{"addr":140736909646499,"idx":38},{"addr":140736909646267,"idx":39},{"addr":140736909643574,"idx":40},{"addr":140736909641089,"idx":41},{"addr":140736910206646,"idx":42},{"addr":140736909293663,"idx":43},{"addr":140736909422200,"idx":44},{"addr":140736909415344,"idx":45},{"addr":140736909399044,"idx":46},{"addr":140736909260610,"idx":47},{"addr":140736909258954,"idx":48},{"addr":140736701243791,"idx":49},{"addr":140736701240420,"idx":50},{"addr":140736681576146,"idx":51},{"addr":140736681863450,"idx":52},{"addr":140736681863596,"idx":53},{"addr":140736718245365,"idx":54},{"addr":140736717677991,"idx":55},{"addr":140736902955098,"idx":56},{"addr":140736897083607,"idx":57},{"addr":140736916996940,"idx":58}],,,,,,,,,19464,,,,,,,,,,,,,,,,,,,,,,,,,,,,,,,,,,,,1752635257,18014398509481984,2685540237312,128295,69632,,,,,,,,,,,,,,,,,,,,,,,,,,,,,,,,,,,,,,,,,,,,,,,,,,,,,,,,,,,,,,,,,,,,,,,
"2025-09-02 15:13:22.8623307Z","ETW","Microsoft-Windows-Kernel-Process",3,"ThreadStartStart ",3568,8916,"svchost.exe",,,,,,,,,,,,,,,,[{"addr":140736918208964,"idx":0},{"addr":140736872776761,"idx":1},{"addr":140736897102141,"idx":2},{"addr":140736909291405,"idx":3},{"addr":140736909682048,"idx":4},{"addr":140736909569993,"idx":5},{"addr":140736909567266,"idx":6},{"addr":140736910229700,"idx":7},{"addr":140736910858718,"idx":8},{"addr":140736909460923,"idx":9},{"addr":140736909455813,"idx":10},{"addr":140736909134403,"idx":11},{"addr":140736909231120,"idx":12},{"addr":140736909525351,"idx":13},{"addr":140736909523551,"idx":14},{"addr":140736593701429,"idx":15},{"addr":140736593708786,"idx":16},{"addr":140736593864525,"idx":17},{"addr":140736593869103,"idx":18},{"addr":140736594011406,"idx":19},{"addr":140736593978605,"idx":20},{"addr":140736593980452,"idx":21},{"addr":140736882620003,"idx":22},{"addr":140736882628366,"idx":23},{"addr":140736881847376,"idx":24},{"addr":140736909646499,"idx":25},{"addr":140736909646267,"idx":26},{"addr":140736909643574,"idx":27},{"addr":140736909641089,"idx":28},{"addr":140736910206646,"idx":29},{"addr":140736909298250,"idx":30},{"addr":140736909422200,"idx":31},{"addr":140736909684515,"idx":32},{"addr":140736882311415,"idx":33},{"addr":140736882088628,"idx":34},{"addr":140736882092154,"idx":35},{"addr":140736882015316,"idx":36},{"addr":140736882081820,"idx":37},{"addr":140736882106396,"idx":38},{"addr":140736882102691,"idx":39},{"addr":140736882098504,"idx":40},{"addr":140736917358174,"idx":41},{"addr":140736917350275,"idx":42},{"addr":140736897083607,"idx":43},{"addr":140736916996940,"idx":44}],,,,,,,,,3568,18446639081649381376,18446639081649356800,140736910320112,25,909010198528,17024,909013155840,909013123072,140736910320112,,,,,,,,,,,,,,,,,,,,,,,,,,,,,,,,,,,,,,,,,,,,,,,,,,,,,,,,,,,,,,,,,,,,,,,,,,,,,,,,,,,,,,,,,,,,,,,,,,,,,,
"2025-09-02 15:13:22.8623709Z","ETW","Microsoft-Windows-Kernel-Process",5,"ImageLoadInfo ",19464,11288,"CalculatorApp.exe",,,,"C:\Windows\System32\WinMetadata\Windows.UI.winmd",,,,,,,,,,,,[{"addr":140736918203828,"idx":0},{"addr":140736872619472,"idx":1},{"addr":140736299829581,"idx":2},{"addr":140736299827593,"idx":3},{"addr":140736299824275,"idx":4},{"addr":140736299737091,"idx":5},{"addr":140736299733594,"idx":6},{"addr":140736870510083,"idx":7},{"addr":140736870509282,"idx":8},{"addr":140736870507742,"idx":9},{"addr":140736870504423,"idx":10},{"addr":140736870503325,"idx":11},{"addr":140736910000657,"idx":12},{"addr":140736910443156,"idx":13},{"addr":140736910443344,"idx":14},{"addr":140736910000961,"idx":15},{"addr":140736909989657,"idx":16},{"addr":140736909984509,"idx":17},{"addr":140736909800613,"idx":18},{"addr":140736909798492,"idx":19},{"addr":140736909798272,"idx":20},{"addr":140736909795063,"idx":21},{"addr":140736910024958,"idx":22},{"addr":140736910023769,"idx":23},{"addr":140736909168718,"idx":24},{"addr":140736909164962,"idx":25},{"addr":140736909163671,"idx":26},{"addr":140736909162770,"idx":27},{"addr":140736909159073,"idx":28},{"addr":140736909136690,"idx":29},{"addr":140736718105446,"idx":30},{"addr":140736909115343,"idx":31},{"addr":140736909452308,"idx":32},{"addr":140736909451216,"idx":33},{"addr":140736881820045,"idx":34},{"addr":140736881811689,"idx":35},{"addr":140736882631602,"idx":36},{"addr":140736882628630,"idx":37},{"addr":140736881847376,"idx":38},{"addr":140736909646499,"idx":39},{"addr":140736909646267,"idx":40},{"addr":140736909643574,"idx":41},{"addr":140736909641089,"idx":42},{"addr":140736910206646,"idx":43},{"addr":140736909293663,"idx":44},{"addr":140736909422200,"idx":45},{"addr":140736909415344,"idx":46},{"addr":140736909399044,"idx":47},{"addr":140736909260610,"idx":48},{"addr":140736909258954,"idx":49},{"addr":140736701243791,"idx":50},{"addr":140736701240420,"idx":51},{"addr":140736681576146,"idx":52},{"addr":140736681863450,"idx":53},{"addr":140736681863596,"idx":54},{"addr":140736718245365,"idx":55},{"addr":140736717677991,"idx":56},{"addr":140736902955098,"idx":57},{"addr":140736897083607,"idx":58},{"addr":140736916996940,"idx":59}],,,,,,,,,19464,,,,,,,,,,,,,,,,,,,,,,,,,,,,,,,,,,,,1752635257,18014398509481984,2685540368384,778610,737280,,,,,,,,,,,,,,,,,,,,,,,,,,,,,,,,,,,,,,,,,,,,,,,,,,,,,,,,,,,,,,,,,,,,,,,
"2025-09-02 15:13:22.8625243Z","ETW","Microsoft-Windows-Kernel-Audit-API-Calls",5,"Info ",2828,11480,"svchost.exe",,,,,,,,,,,,,,,,[{"addr":140736918206916,"idx":0},{"addr":140736882337646,"idx":1},{"addr":140736910267593,"idx":2},{"addr":140736627215706,"idx":3},{"addr":140736627186438,"idx":4},{"addr":140736882620003,"idx":5},{"addr":140736882628366,"idx":6},{"addr":140736881847376,"idx":7},{"addr":140736909646499,"idx":8},{"addr":140736909646267,"idx":9},{"addr":140736909643574,"idx":10},{"addr":140736909641089,"idx":11},{"addr":140736910206646,"idx":12},{"addr":140736909298250,"idx":13},{"addr":140736909422200,"idx":14},{"addr":140736909684515,"idx":15},{"addr":140736882311415,"idx":16},{"addr":140736882088628,"idx":17},{"addr":140736882092154,"idx":18},{"addr":140736882015316,"idx":19},{"addr":140736882081820,"idx":20},{"addr":140736882106396,"idx":21},{"addr":140736882102691,"idx":22},{"addr":140736882098504,"idx":23},{"addr":140736917358174,"idx":24},{"addr":140736917350275,"idx":25},{"addr":140736897083607,"idx":26},{"addr":140736916996940,"idx":27}],,,,,,,,,,,,,,,,,,,4096,0,3568,,,,,,,,,,,,,,,,,,,,,,,,,,,,,,,,,,,,,,,,,,,,,,,,,,,,,,,,,,,,,,,,,,,,,,,,,,,,,,,,,,,,,,,,,,,,,,,,,,,
"2025-09-02 15:13:22.8633402Z","ETW","Microsoft-Windows-Kernel-Audit-API-Calls",5,"Info ",2828,11480,"svchost.exe",,,,,,,,,,,,,,,,[{"addr":140736918206916,"idx":0},{"addr":140736882337646,"idx":1},{"addr":140736910267593,"idx":2},{"addr":140736627215706,"idx":3},{"addr":140736627183075,"idx":4},{"addr":140736882620003,"idx":5},{"addr":140736882628366,"idx":6},{"addr":140736881847376,"idx":7},{"addr":140736909646499,"idx":8},{"addr":140736909646267,"idx":9},{"addr":140736909643574,"idx":10},{"addr":140736909641089,"idx":11},{"addr":140736910206646,"idx":12},{"addr":140736909298250,"idx":13},{"addr":140736909422200,"idx":14},{"addr":140736909684515,"idx":15},{"addr":140736882311415,"idx":16},{"addr":140736882088628,"idx":17},{"addr":140736882092154,"idx":18},{"addr":140736882015316,"idx":19},{"addr":140736882081820,"idx":20},{"addr":140736882106396,"idx":21},{"addr":140736882102691,"idx":22},{"addr":140736882098504,"idx":23},{"addr":140736917358174,"idx":24},{"addr":140736917350275,"idx":25},{"addr":140736897083607,"idx":26},{"addr":140736916996940,"idx":27}],,,,,,,,,,,,,,,,,,,4096,0,3568,,,,,,,,,,,,,,,,,,,,,,,,,,,,,,,,,,,,,,,,,,,,,,,,,,,,,,,,,,,,,,,,,,,,,,,,,,,,,,,,,,,,,,,,,,,,,,,,,,,
"2025-09-02 15:13:22.8646708Z","ETW","Microsoft-Windows-Kernel-Process",3,"ThreadStartStart ",944,11048,"svchost.exe",,,,,,,,,,,,,,,,[{"addr":140736918216388,"idx":0},{"addr":140736917669762,"idx":1},{"addr":140736882108009,"idx":2},{"addr":140736882106619,"idx":3},{"addr":140736882102691,"idx":4},{"addr":140736882098504,"idx":5},{"addr":140736917358174,"idx":6},{"addr":140736917350275,"idx":7},{"addr":140736897083607,"idx":8},{"addr":140736916996940,"idx":9}],,,,,,,,,944,18446639081576558592,18446639081576534016,140736917348896,156,137066983424,7016,137073000448,137072967680,140736917348896,,,,,,,,,,,,,,,,,,,,,,,,,,,,,,,,,,,,,,,,,,,,,,,,,,,,,,,,,,,,,,,,,,,,,,,,,,,,,,,,,,,,,,,,,,,,,,,,,,,,,,
"2025-09-02 15:13:22.8648399Z","ETW","Microsoft-Windows-Kernel-Audit-API-Calls",5,"Info ",528,11704,"svchost.exe",,,,,,,,,,,,,,,,[{"addr":140736918203764,"idx":0},{"addr":140736872731894,"idx":1},{"addr":140736829045620,"idx":2},{"addr":140736829045555,"idx":3},{"addr":140736882620003,"idx":4},{"addr":140736881849533,"idx":5},{"addr":140736881848122,"idx":6},{"addr":140736882311415,"idx":7},{"addr":140736882088628,"idx":8},{"addr":140736882092744,"idx":9},{"addr":140736882015316,"idx":10},{"addr":140736882081820,"idx":11},{"addr":140736882106396,"idx":12},{"addr":140736882102691,"idx":13},{"addr":140736882098504,"idx":14},{"addr":140736917358174,"idx":15},{"addr":140736917350275,"idx":16},{"addr":140736897083607,"idx":17},{"addr":140736916996940,"idx":18}],,,,,,,,,,,,,,,,,,,4096,0,5144,,,,,,,,,,,,,,,,,,,,,,,,,,,,,,,,,,,,,,,,,,,,,,,,,,,,,,,,,,,,,,,,,,,,,,,,,,,,,,,,,,,,,,,,,,,,,,,,,,,
"2025-09-02 15:13:22.8648738Z","ETW","Microsoft-Windows-Kernel-Audit-API-Calls",5,"Info ",944,11048,"svchost.exe",,,,,,,,,,,,,,,,[{"addr":140736918206916,"idx":0},{"addr":140736882337646,"idx":1},{"addr":140736828644345,"idx":2},{"addr":140736828636082,"idx":3},{"addr":140736882620003,"idx":4},{"addr":140736881849533,"idx":5},{"addr":140736881848122,"idx":6},{"addr":140736882311415,"idx":7},{"addr":140736882088628,"idx":8},{"addr":140736882092744,"idx":9},{"addr":140736882015316,"idx":10},{"addr":140736882081820,"idx":11},{"addr":140736882106396,"idx":12},{"addr":140736882102691,"idx":13},{"addr":140736882098504,"idx":14},{"addr":140736917358174,"idx":15},{"addr":140736917350275,"idx":16},{"addr":140736897083607,"idx":17},{"addr":140736916996940,"idx":18}],,,,,,,,,,,,,,,,,,,1048576,0,5144,,,,,,,,,,,,,,,,,,,,,,,,,,,,,,,,,,,,,,,,,,,,,,,,,,,,,,,,,,,,,,,,,,,,,,,,,,,,,,,,,,,,,,,,,,,,,,,,,,,
"2025-09-02 15:13:22.8651128Z","ETW","Microsoft-Windows-Kernel-Process",5,"ImageLoadInfo ",5144,20984,"RuntimeBroker.exe",,,,"C:\Windows\System32\sechost.dll",,,,,,,,,,,,[{"addr":140736918203828,"idx":0},{"addr":140736917192506,"idx":1},{"addr":140736917191278,"idx":2},{"addr":140736917190209,"idx":3},{"addr":140736916804181,"idx":4},{"addr":140736916785218,"idx":5},{"addr":140736916786774,"idx":6},{"addr":140736917021315,"idx":7},{"addr":140736917023197,"idx":8},{"addr":140736910389554,"idx":9},{"addr":140736910685270,"idx":10},{"addr":140736909766653,"idx":11},{"addr":140736909763844,"idx":12},{"addr":140695765804262,"idx":13},{"addr":140695765815909,"idx":14},{"addr":140736897083607,"idx":15},{"addr":140736916996940,"idx":16}],,,,,,,,,5144,,,,,,,,,,,,,,,,,,,,,,,,,,,,,,,,,,,,918957807,140736881033216,140736881033216,733904,679936,,,,,,,,,,,,,,,,,,,,,,,,,,,,,,,,,,,,,,,,,,,,,,,,,,,,,,,,,,,,,,,,,,,,,,,
"2025-09-02 15:13:22.8664081Z","ETW","Microsoft-Windows-Kernel-Audit-API-Calls",5,"Info ",2828,20364,"svchost.exe",,,,,,,,,,,,,,,,[{"addr":140736918206916,"idx":0},{"addr":140736882337646,"idx":1},{"addr":140736910267593,"idx":2},{"addr":140736627215706,"idx":3},{"addr":140736627186438,"idx":4},{"addr":140736882620003,"idx":5},{"addr":140736882628366,"idx":6},{"addr":140736881847376,"idx":7},{"addr":140736909646499,"idx":8},{"addr":140736909646267,"idx":9},{"addr":140736909643574,"idx":10},{"addr":140736909641089,"idx":11},{"addr":140736910206646,"idx":12},{"addr":140736909298250,"idx":13},{"addr":140736909422200,"idx":14},{"addr":140736909684515,"idx":15},{"addr":140736882311415,"idx":16},{"addr":140736882088628,"idx":17},{"addr":140736882092154,"idx":18},{"addr":140736882015316,"idx":19},{"addr":140736882081820,"idx":20},{"addr":140736882106396,"idx":21},{"addr":140736882102691,"idx":22},{"addr":140736882098504,"idx":23},{"addr":140736917358174,"idx":24},{"addr":140736917350275,"idx":25},{"addr":140736897083607,"idx":26},{"addr":140736916996940,"idx":27}],,,,,,,,,,,,,,,,,,,4096,0,3568,,,,,,,,,,,,,,,,,,,,,,,,,,,,,,,,,,,,,,,,,,,,,,,,,,,,,,,,,,,,,,,,,,,,,,,,,,,,,,,,,,,,,,,,,,,,,,,,,,,
"2025-09-02 15:13:22.8665262Z","ETW","Microsoft-Windows-Kernel-Process",5,"ImageLoadInfo ",5144,20984,"RuntimeBroker.exe",,,,"C:\Windows\System32\clbcatq.dll",,,,,,,,,,,,[{"addr":140736918203828,"idx":0},{"addr":140736917192506,"idx":1},{"addr":140736917191278,"idx":2},{"addr":140736917190209,"idx":3},{"addr":140736916804181,"idx":4},{"addr":140736916785218,"idx":5},{"addr":140736916786774,"idx":6},{"addr":140736917021315,"idx":7},{"addr":140736917023197,"idx":8},{"addr":140736910389554,"idx":9},{"addr":140736910688281,"idx":10},{"addr":140736910347186,"idx":11},{"addr":140736911036234,"idx":12},{"addr":140736909543810,"idx":13},{"addr":140736909958550,"idx":14},{"addr":140695765806309,"idx":15},{"addr":140695765804278,"idx":16},{"addr":140695765815909,"idx":17},{"addr":140736897083607,"idx":18},{"addr":140736916996940,"idx":19}],,,,,,,,,5144,,,,,,,,,,,,,,,,,,,,,,,,,,,,,,,,,,,,1600192633,140736892108800,140736892108800,700133,688128,,,,,,,,,,,,,,,,,,,,,,,,,,,,,,,,,,,,,,,,,,,,,,,,,,,,,,,,,,,,,,,,,,,,,,,
"2025-09-02 15:13:22.8670073Z","ETW","Microsoft-Windows-Kernel-Audit-API-Calls",5,"Info ",2828,20364,"svchost.exe",,,,,,,,,,,,,,,,[{"addr":140736918206916,"idx":0},{"addr":140736882337646,"idx":1},{"addr":140736910267593,"idx":2},{"addr":140736627215706,"idx":3},{"addr":140736627183075,"idx":4},{"addr":140736882620003,"idx":5},{"addr":140736882628366,"idx":6},{"addr":140736881847376,"idx":7},{"addr":140736909646499,"idx":8},{"addr":140736909646267,"idx":9},{"addr":140736909643574,"idx":10},{"addr":140736909641089,"idx":11},{"addr":140736910206646,"idx":12},{"addr":140736909298250,"idx":13},{"addr":140736909422200,"idx":14},{"addr":140736909684515,"idx":15},{"addr":140736882311415,"idx":16},{"addr":140736882088628,"idx":17},{"addr":140736882092154,"idx":18},{"addr":140736882015316,"idx":19},{"addr":140736882081820,"idx":20},{"addr":140736882106396,"idx":21},{"addr":140736882102691,"idx":22},{"addr":140736882098504,"idx":23},{"addr":140736917358174,"idx":24},{"addr":140736917350275,"idx":25},{"addr":140736897083607,"idx":26},{"addr":140736916996940,"idx":27}],,,,,,,,,,,,,,,,,,,4096,0,3568,,,,,,,,,,,,,,,,,,,,,,,,,,,,,,,,,,,,,,,,,,,,,,,,,,,,,,,,,,,,,,,,,,,,,,,,,,,,,,,,,,,,,,,,,,,,,,,,,,,
"2025-09-02 15:13:22.8682683Z","ETW","Microsoft-Windows-Kernel-Process",3,"ThreadStartStart ",5144,20984,"RuntimeBroker.exe",,,,,,,,,,,,,,,,[{"addr":140736918208964,"idx":0},{"addr":140736872776761,"idx":1},{"addr":140736897102141,"idx":2},{"addr":140736909291405,"idx":3},{"addr":140736909289761,"idx":4},{"addr":140736909471518,"idx":5},{"addr":140736909472222,"idx":6},{"addr":140736909469257,"idx":7},{"addr":140736909469042,"idx":8},{"addr":140736909468649,"idx":9},{"addr":140736909472335,"idx":10},{"addr":140736909678884,"idx":11},{"addr":140736909678529,"idx":12},{"addr":140736909950857,"idx":13},{"addr":140736909959566,"idx":14},{"addr":140736909959260,"idx":15},{"addr":140736909958670,"idx":16},{"addr":140695765806309,"idx":17},{"addr":140695765804278,"idx":18},{"addr":140695765815909,"idx":19},{"addr":140736897083607,"idx":20},{"addr":140736916996940,"idx":21}],,,,,,,,,5144,18446639081578053632,18446639081578029056,140736910320112,0,915292459008,7796,915295174656,915295125504,140736910320112,,,,,,,,,,,,,,,,,,,,,,,,,,,,,,,,,,,,,,,,,,,,,,,,,,,,,,,,,,,,,,,,,,,,,,,,,,,,,,,,,,,,,,,,,,,,,,,,,,,,,,
"2025-09-02 15:13:22.8689960Z","ETW","Microsoft-Windows-Kernel-Process",3,"ThreadStartStart ",4,72,"System",,,,,,,,,,,,,,,,[],,,,,,,,,3268,18446639081578082304,18446639081578057728,140736917348896,0,1078004539392,17268,1078005858304,1078005792768,140736917348896,,,,,,,,,,,,,,,,,,,,,,,,,,,,,,,,,,,,,,,,,,,,,,,,,,,,,,,,,,,,,,,,,,,,,,,,,,,,,,,,,,,,,,,,,,,,,,,,,,,,,,
"2025-09-02 15:13:22.8697745Z","ETW","Microsoft-Windows-Kernel-Process",3,"ThreadStartStart ",5144,10492,"RuntimeBroker.exe",,,,,,,,,,,,,,,,[{"addr":140736918216388,"idx":0},{"addr":140736917669762,"idx":1},{"addr":140736882108009,"idx":2},{"addr":140736882106619,"idx":3},{"addr":140736882102691,"idx":4},{"addr":140736882098504,"idx":5},{"addr":140736917358174,"idx":6},{"addr":140736917350275,"idx":7},{"addr":140736897083607,"idx":8},{"addr":140736916996940,"idx":9}],,,,,,,,,5144,18446639081577422848,18446639081577398272,140736917348896,0,915292467200,6884,915295698944,915295649792,140736917348896,,,,,,,,,,,,,,,,,,,,,,,,,,,,,,,,,,,,,,,,,,,,,,,,,,,,,,,,,,,,,,,,,,,,,,,,,,,,,,,,,,,,,,,,,,,,,,,,,,,,,,
"2025-09-02 15:13:22.8753504Z","ETW","Microsoft-Windows-Kernel-Process",3,"ThreadStartStart ",3268,17268,"svchost.exe",,,,,,,,,,,,,,,,[{"addr":140736918216388,"idx":0},{"addr":140736917669762,"idx":1},{"addr":140736882108009,"idx":2},{"addr":140736882120022,"idx":3},{"addr":140736882104053,"idx":4},{"addr":140736882098504,"idx":5},{"addr":140736917358174,"idx":6},{"addr":140736917350275,"idx":7},{"addr":140736897083607,"idx":8},{"addr":140736916996940,"idx":9}],,,,,,,,,3268,18446639081573888000,18446639081573863424,140736917348896,231,1078004547584,21016,1078006382592,1078006317056,140736917348896,,,,,,,,,,,,,,,,,,,,,,,,,,,,,,,,,,,,,,,,,,,,,,,,,,,,,,,,,,,,,,,,,,,,,,,,,,,,,,,,,,,,,,,,,,,,,,,,,,,,,,
"2025-09-02 15:13:22.8766429Z","ETW","Microsoft-Windows-Kernel-Process",3,"ThreadStartStart ",5144,6884,"RuntimeBroker.exe",,,,,,,,,,,,,,,,[{"addr":140736918216388,"idx":0},{"addr":140736917669762,"idx":1},{"addr":140736882108009,"idx":2},{"addr":140736882106619,"idx":3},{"addr":140736882102691,"idx":4},{"addr":140736882098504,"idx":5},{"addr":140736917358174,"idx":6},{"addr":140736917350275,"idx":7},{"addr":140736897083607,"idx":8},{"addr":140736916996940,"idx":9}],,,,,,,,,5144,18446639081577160704,18446639081577136128,140736917348896,0,915292475392,15684,915296223232,915296174080,140736917348896,,,,,,,,,,,,,,,,,,,,,,,,,,,,,,,,,,,,,,,,,,,,,,,,,,,,,,,,,,,,,,,,,,,,,,,,,,,,,,,,,,,,,,,,,,,,,,,,,,,,,,
"2025-09-02 15:13:22.8767520Z","ETW","Microsoft-Windows-Kernel-Process",3,"ThreadStartStart ",3268,21016,"svchost.exe",,,,,,,,,,,,,,,,[{"addr":140736918216388,"idx":0},{"addr":140736917669762,"idx":1},{"addr":140736882108009,"idx":2},{"addr":140736882106619,"idx":3},{"addr":140736882102691,"idx":4},{"addr":140736882098504,"idx":5},{"addr":140736917358174,"idx":6},{"addr":140736917350275,"idx":7},{"addr":140736897083607,"idx":8},{"addr":140736916996940,"idx":9}],,,,,,,,,3268,18446639081577074688,18446639081577050112,140736917348896,231,1078004555776,2768,1078006906880,1078006841344,140736917348896,,,,,,,,,,,,,,,,,,,,,,,,,,,,,,,,,,,,,,,,,,,,,,,,,,,,,,,,,,,,,,,,,,,,,,,,,,,,,,,,,,,,,,,,,,,,,,,,,,,,,,
"2025-09-02 15:13:22.8768348Z","ETW","Microsoft-Windows-Kernel-Process",3,"ThreadStartStart ",3268,21016,"svchost.exe",,,,,,,,,,,,,,,,[{"addr":140736918214756,"idx":0},{"addr":140736917348769,"idx":1},{"addr":140736606822626,"idx":2},{"addr":140736606822222,"idx":3},{"addr":140736606966336,"idx":4},{"addr":140736606899259,"idx":5},{"addr":140736882620003,"idx":6},{"addr":140736882628366,"idx":7},{"addr":140736882319852,"idx":8},{"addr":140736882311415,"idx":9},{"addr":140736882088628,"idx":10},{"addr":140736882092744,"idx":11},{"addr":140736882015316,"idx":12},{"addr":140736882081820,"idx":13},{"addr":140736882106396,"idx":14},{"addr":140736882102691,"idx":15},{"addr":140736882098504,"idx":16},{"addr":140736917358174,"idx":17},{"addr":140736917350275,"idx":18},{"addr":140736897083607,"idx":19},{"addr":140736916996940,"idx":20}],,,,,,,,,3268,18446639081573859328,18446639081573834752,140736917348896,231,1078004563968,8324,1078007431168,1078007398400,140736917348896,,,,,,,,,,,,,,,,,,,,,,,,,,,,,,,,,,,,,,,,,,,,,,,,,,,,,,,,,,,,,,,,,,,,,,,,,,,,,,,,,,,,,,,,,,,,,,,,,,,,,,
"2025-09-02 15:13:22.8773706Z","ETW","Microsoft-Windows-Kernel-Audit-API-Calls",5,"Info ",5380,1604,"explorer.exe",,,,,,,,,,,,,,,,[{"addr":140736918203764,"idx":0},{"addr":140736872731894,"idx":1},{"addr":140736424559329,"idx":2},{"addr":140736424552513,"idx":3},{"addr":140736424565923,"idx":4},{"addr":140736424547297,"idx":5},{"addr":140736448602149,"idx":6},{"addr":140736902703990,"idx":7},{"addr":140736902703274,"idx":8},{"addr":140736902700103,"idx":9},{"addr":140736897083607,"idx":10},{"addr":140736916996940,"idx":11}],,,,,,,,,,,,,,,,,,,4096,0,19464,,,,,,,,,,,,,,,,,,,,,,,,,,,,,,,,,,,,,,,,,,,,,,,,,,,,,,,,,,,,,,,,,,,,,,,,,,,,,,,,,,,,,,,,,,,,,,,,,,,
"2025-09-02 15:13:22.8776458Z","ETW","Microsoft-Windows-Kernel-Audit-API-Calls",5,"Info ",3568,8916,"svchost.exe",,,,,,,,,,,,,,,,[{"addr":140736918203764,"idx":0},{"addr":140736872731894,"idx":1},{"addr":140736593700097,"idx":2},{"addr":140736593705958,"idx":3},{"addr":140736593691558,"idx":4},{"addr":140736593861944,"idx":5},{"addr":140736593869103,"idx":6},{"addr":140736594011406,"idx":7},{"addr":140736593978605,"idx":8},{"addr":140736593980452,"idx":9},{"addr":140736882620003,"idx":10},{"addr":140736882628366,"idx":11},{"addr":140736881847376,"idx":12},{"addr":140736909646499,"idx":13},{"addr":140736909646267,"idx":14},{"addr":140736909643574,"idx":15},{"addr":140736909641089,"idx":16},{"addr":140736910206646,"idx":17},{"addr":140736909298250,"idx":18},{"addr":140736909422200,"idx":19},{"addr":140736909684515,"idx":20},{"addr":140736882311415,"idx":21},{"addr":140736882088628,"idx":22},{"addr":140736882092154,"idx":23},{"addr":140736882015316,"idx":24},{"addr":140736882081820,"idx":25},{"addr":140736882106396,"idx":26},{"addr":140736882102691,"idx":27},{"addr":140736882098504,"idx":28},{"addr":140736917358174,"idx":29},{"addr":140736917350275,"idx":30},{"addr":140736897083607,"idx":31},{"addr":140736916996940,"idx":32}],,,,,,,,,,,,,,,,,,,4096,0,5380,,,,,,,,,,,,,,,,,,,,,,,,,,,,,,,,,,,,,,,,,,,,,,,,,,,,,,,,,,,,,,,,,,,,,,,,,,,,,,,,,,,,,,,,,,,,,,,,,,,
"2025-09-02 15:13:22.8776976Z","ETW","Microsoft-Windows-Kernel-Audit-API-Calls",5,"Info ",3568,8916,"svchost.exe",,,,,,,,,,,,,,,,[{"addr":140736918203764,"idx":0},{"addr":140736872731894,"idx":1},{"addr":140736593700097,"idx":2},{"addr":140736593862298,"idx":3},{"addr":140736593869103,"idx":4},{"addr":140736594011406,"idx":5},{"addr":140736593978605,"idx":6},{"addr":140736593980452,"idx":7},{"addr":140736882620003,"idx":8},{"addr":140736882628366,"idx":9},{"addr":140736881847376,"idx":10},{"addr":140736909646499,"idx":11},{"addr":140736909646267,"idx":12},{"addr":140736909643574,"idx":13},{"addr":140736909641089,"idx":14},{"addr":140736910206646,"idx":15},{"addr":140736909298250,"idx":16},{"addr":140736909422200,"idx":17},{"addr":140736909684515,"idx":18},{"addr":140736882311415,"idx":19},{"addr":140736882088628,"idx":20},{"addr":140736882092154,"idx":21},{"addr":140736882015316,"idx":22},{"addr":140736882081820,"idx":23},{"addr":140736882106396,"idx":24},{"addr":140736882102691,"idx":25},{"addr":140736882098504,"idx":26},{"addr":140736917358174,"idx":27},{"addr":140736917350275,"idx":28},{"addr":140736897083607,"idx":29},{"addr":140736916996940,"idx":30}],,,,,,,,,,,,,,,,,,,4096,0,19464,,,,,,,,,,,,,,,,,,,,,,,,,,,,,,,,,,,,,,,,,,,,,,,,,,,,,,,,,,,,,,,,,,,,,,,,,,,,,,,,,,,,,,,,,,,,,,,,,,,
"2025-09-02 15:13:22.8777387Z","ETW","Microsoft-Windows-Kernel-Process",5,"ImageLoadInfo ",5144,6884,"RuntimeBroker.exe",,,,"C:\Windows\System32\twinui.dll",,,,,,,,,,,,[{"addr":140736918203828,"idx":0},{"addr":140736917192506,"idx":1},{"addr":140736917191278,"idx":2},{"addr":140736917210764,"idx":3},{"addr":140736917202269,"idx":4},{"addr":140736917259140,"idx":5},{"addr":140736916785248,"idx":6},{"addr":140736916784352,"idx":7},{"addr":140736917101952,"idx":8},{"addr":140736872000198,"idx":9},{"addr":140736909363845,"idx":10},{"addr":140736909362547,"idx":11},{"addr":140736909531736,"idx":12},{"addr":140736909524833,"idx":13},{"addr":140736909523551,"idx":14},{"addr":140695765788554,"idx":15},{"addr":140736882620003,"idx":16},{"addr":140736882628366,"idx":17},{"addr":140736881847376,"idx":18},{"addr":140736909646499,"idx":19},{"addr":140736909646267,"idx":20},{"addr":140736909643574,"idx":21},{"addr":140736909641089,"idx":22},{"addr":140736910206646,"idx":23},{"addr":140736909298250,"idx":24},{"addr":140736909422200,"idx":25},{"addr":140736909684515,"idx":26},{"addr":140736882311415,"idx":27},{"addr":140736882088628,"idx":28},{"addr":140736882092154,"idx":29},{"addr":140736882015316,"idx":30},{"addr":140736882081820,"idx":31},{"addr":140736882106396,"idx":32},{"addr":140736882102691,"idx":33},{"addr":140736882098504,"idx":34},{"addr":140736917358174,"idx":35},{"addr":140736917350275,"idx":36},{"addr":140736897083607,"idx":37},{"addr":140736916996940,"idx":38}],,,,,,,,,5144,,,,,,,,,,,,,,,,,,,,,,,,,,,,,,,,,,,,643090841,140736379813888,140736379813888,5249314,5222400,,,,,,,,,,,,,,,,,,,,,,,,,,,,,,,,,,,,,,,,,,,,,,,,,,,,,,,,,,,,,,,,,,,,,,,
"2025-09-02 15:13:22.8781071Z","ETW","Microsoft-Windows-Kernel-Process",5,"ImageLoadInfo ",5144,6884,"RuntimeBroker.exe",,,,"C:\Windows\System32\WinTypes.dll",,,,,,,,,,,,[{"addr":140736918203828,"idx":0},{"addr":140736917192506,"idx":1},{"addr":140736917191278,"idx":2},{"addr":140736917190209,"idx":3},{"addr":140736916798526,"idx":4},{"addr":140736916790798,"idx":5},{"addr":140736917191656,"idx":6},{"addr":140736917210764,"idx":7},{"addr":140736917202269,"idx":8},{"addr":140736917259140,"idx":9},{"addr":140736916785248,"idx":10},{"addr":140736916784352,"idx":11},{"addr":140736917101952,"idx":12},{"addr":140736872000198,"idx":13},{"addr":140736909363845,"idx":14},{"addr":140736909362547,"idx":15},{"addr":140736909531736,"idx":16},{"addr":140736909524833,"idx":17},{"addr":140736909523551,"idx":18},{"addr":140695765788554,"idx":19},{"addr":140736882620003,"idx":20},{"addr":140736882628366,"idx":21},{"addr":140736881847376,"idx":22},{"addr":140736909646499,"idx":23},{"addr":140736909646267,"idx":24},{"addr":140736909643574,"idx":25},{"addr":140736909641089,"idx":26},{"addr":140736910206646,"idx":27},{"addr":140736909298250,"idx":28},{"addr":140736909422200,"idx":29},{"addr":140736909684515,"idx":30},{"addr":140736882311415,"idx":31},{"addr":140736882088628,"idx":32},{"addr":140736882092154,"idx":33},{"addr":140736882015316,"idx":34},{"addr":140736882081820,"idx":35},{"addr":140736882106396,"idx":36},{"addr":140736882102691,"idx":37},{"addr":140736882098504,"idx":38},{"addr":140736917358174,"idx":39},{"addr":140736917350275,"idx":40},{"addr":140736897083607,"idx":41},{"addr":140736916996940,"idx":42}],,,,,,,,,5144,,,,,,,,,,,,,,,,,,,,,,,,,,,,,,,,,,,,3655579039,140736870350848,140736870350848,1545528,1519616,,,,,,,,,,,,,,,,,,,,,,,,,,,,,,,,,,,,,,,,,,,,,,,,,,,,,,,,,,,,,,,,,,,,,,,
"2025-09-02 15:13:22.8783339Z","ETW","Microsoft-Windows-Kernel-Audit-API-Calls",5,"Info ",8144,15816,"ApplicationFrameHost.exe",,,,,,,,,,,,,,,,[{"addr":140736918203764,"idx":0},{"addr":140736872731894,"idx":1},{"addr":140736717697306,"idx":2},{"addr":140736376302532,"idx":3},{"addr":140736376670065,"idx":4},{"addr":140736902703990,"idx":5},{"addr":140736902703274,"idx":6},{"addr":140736902700103,"idx":7},{"addr":140736897083607,"idx":8},{"addr":140736916996940,"idx":9}],,,,,,,,,,,,,,,,,,,4096,0,8144,,,,,,,,,,,,,,,,,,,,,,,,,,,,,,,,,,,,,,,,,,,,,,,,,,,,,,,,,,,,,,,,,,,,,,,,,,,,,,,,,,,,,,,,,,,,,,,,,,,
"2025-09-02 15:13:22.8783556Z","ETW","Microsoft-Windows-Kernel-Process",5,"ImageLoadInfo ",5144,6884,"RuntimeBroker.exe",,,,"C:\Windows\System32\shell32.dll",,,,,,,,,,,,[{"addr":140736918203828,"idx":0},{"addr":140736917192506,"idx":1},{"addr":140736917191278,"idx":2},{"addr":140736917190209,"idx":3},{"addr":140736916798526,"idx":4},{"addr":140736916790798,"idx":5},{"addr":140736917191656,"idx":6},{"addr":140736917210764,"idx":7},{"addr":140736917202269,"idx":8},{"addr":140736917259140,"idx":9},{"addr":140736916785248,"idx":10},{"addr":140736916784352,"idx":11},{"addr":140736917101952,"idx":12},{"addr":140736872000198,"idx":13},{"addr":140736909363845,"idx":14},{"addr":140736909362547,"idx":15},{"addr":140736909531736,"idx":16},{"addr":140736909524833,"idx":17},{"addr":140736909523551,"idx":18},{"addr":140695765788554,"idx":19},{"addr":140736882620003,"idx":20},{"addr":140736882628366,"idx":21},{"addr":140736881847376,"idx":22},{"addr":140736909646499,"idx":23},{"addr":140736909646267,"idx":24},{"addr":140736909643574,"idx":25},{"addr":140736909641089,"idx":26},{"addr":140736910206646,"idx":27},{"addr":140736909298250,"idx":28},{"addr":140736909422200,"idx":29},{"addr":140736909684515,"idx":30},{"addr":140736882311415,"idx":31},{"addr":140736882088628,"idx":32},{"addr":140736882092154,"idx":33},{"addr":140736882015316,"idx":34},{"addr":140736882081820,"idx":35},{"addr":140736882106396,"idx":36},{"addr":140736882102691,"idx":37},{"addr":140736882098504,"idx":38},{"addr":140736917358174,"idx":39},{"addr":140736917350275,"idx":40},{"addr":140736897083607,"idx":41},{"addr":140736916996940,"idx":42}],,,,,,,,,5144,,,,,,,,,,,,,,,,,,,,,,,,,,,,,,,,,,,,951285368,140736882933760,140736882933760,7762708,7655424,,,,,,,,,,,,,,,,,,,,,,,,,,,,,,,,,,,,,,,,,,,,,,,,,,,,,,,,,,,,,,,,,,,,,,,
"2025-09-02 15:13:22.8785892Z","ETW","Microsoft-Windows-Kernel-Audit-API-Calls",5,"Info ",8144,15816,"ApplicationFrameHost.exe",,,,,,,,,,,,,,,,[{"addr":140736918203764,"idx":0},{"addr":140736872731894,"idx":1},{"addr":140736717712205,"idx":2},{"addr":140736717912144,"idx":3},{"addr":140736717698842,"idx":4},{"addr":140736717697500,"idx":5},{"addr":140736376302532,"idx":6},{"addr":140736376670065,"idx":7},{"addr":140736902703990,"idx":8},{"addr":140736902703274,"idx":9},{"addr":140736902700103,"idx":10},{"addr":140736897083607,"idx":11},{"addr":140736916996940,"idx":12}],,,,,,,,,,,,,,,,,,,4096,0,19464,,,,,,,,,,,,,,,,,,,,,,,,,,,,,,,,,,,,,,,,,,,,,,,,,,,,,,,,,,,,,,,,,,,,,,,,,,,,,,,,,,,,,,,,,,,,,,,,,,,
"2025-09-02 15:13:22.8785976Z","ETW","Microsoft-Windows-Kernel-Audit-API-Calls",5,"Info ",8144,15816,"ApplicationFrameHost.exe",,,,,,,,,,,,,,,,[{"addr":140736918203764,"idx":0},{"addr":140736872731894,"idx":1},{"addr":140736717912280,"idx":2},{"addr":140736717698842,"idx":3},{"addr":140736717697500,"idx":4},{"addr":140736376302532,"idx":5},{"addr":140736376670065,"idx":6},{"addr":140736902703990,"idx":7},{"addr":140736902703274,"idx":8},{"addr":140736902700103,"idx":9},{"addr":140736897083607,"idx":10},{"addr":140736916996940,"idx":11}],,,,,,,,,,,,,,,,,,,4096,0,19464,,,,,,,,,,,,,,,,,,,,,,,,,,,,,,,,,,,,,,,,,,,,,,,,,,,,,,,,,,,,,,,,,,,,,,,,,,,,,,,,,,,,,,,,,,,,,,,,,,,
"2025-09-02 15:13:22.8791410Z","ETW","Microsoft-Windows-Kernel-Process",5,"ImageLoadInfo ",5144,6884,"RuntimeBroker.exe",,,,"C:\Windows\System32\mscms.dll",,,,,,,,,,,,[{"addr":140736918203828,"idx":0},{"addr":140736917192506,"idx":1},{"addr":140736917191278,"idx":2},{"addr":140736917210764,"idx":3},{"addr":140736917201516,"idx":4},{"addr":140736917258922,"idx":5},{"addr":140736916999751,"idx":6},{"addr":140736916785258,"idx":7},{"addr":140736916784352,"idx":8},{"addr":140736917101952,"idx":9},{"addr":140736872000198,"idx":10},{"addr":140736909363845,"idx":11},{"addr":140736909362547,"idx":12},{"addr":140736909531736,"idx":13},{"addr":140736909524833,"idx":14},{"addr":140736909523551,"idx":15},{"addr":140695765788554,"idx":16},{"addr":140736882620003,"idx":17},{"addr":140736882628366,"idx":18},{"addr":140736881847376,"idx":19},{"addr":140736909646499,"idx":20},{"addr":140736909646267,"idx":21},{"addr":140736909643574,"idx":22},{"addr":140736909641089,"idx":23},{"addr":140736910206646,"idx":24},{"addr":140736909298250,"idx":25},{"addr":140736909422200,"idx":26},{"addr":140736909684515,"idx":27},{"addr":140736882311415,"idx":28},{"addr":140736882088628,"idx":29},{"addr":140736882092154,"idx":30},{"addr":140736882015316,"idx":31},{"addr":140736882081820,"idx":32},{"addr":140736882106396,"idx":33},{"addr":140736882102691,"idx":34},{"addr":140736882098504,"idx":35},{"addr":140736917358174,"idx":36},{"addr":140736917350275,"idx":37},{"addr":140736897083607,"idx":38},{"addr":140736916996940,"idx":39}],,,,,,,,,5144,,,,,,,,,,,,,,,,,,,,,,,,,,,,,,,,,,,,3904747775,140736729186304,140736729186304,893310,823296,,,,,,,,,,,,,,,,,,,,,,,,,,,,,,,,,,,,,,,,,,,,,,,,,,,,,,,,,,,,,,,,,,,,,,,
"2025-09-02 15:13:22.8792595Z","ETW","Microsoft-Windows-Kernel-Audit-API-Calls",5,"Info ",8144,15816,"ApplicationFrameHost.exe",,,,,,,,,,,,,,,,[{"addr":140736918203764,"idx":0},{"addr":140736872731894,"idx":1},{"addr":140736717697306,"idx":2},{"addr":140736376307968,"idx":3},{"addr":140736376670098,"idx":4},{"addr":140736902703990,"idx":5},{"addr":140736902703274,"idx":6},{"addr":140736902700103,"idx":7},{"addr":140736897083607,"idx":8},{"addr":140736916996940,"idx":9}],,,,,,,,,,,,,,,,,,,4096,0,8144,,,,,,,,,,,,,,,,,,,,,,,,,,,,,,,,,,,,,,,,,,,,,,,,,,,,,,,,,,,,,,,,,,,,,,,,,,,,,,,,,,,,,,,,,,,,,,,,,,,
"2025-09-02 15:13:22.8794695Z","ETW","Microsoft-Windows-Kernel-Audit-API-Calls",5,"Info ",8144,15816,"ApplicationFrameHost.exe",,,,,,,,,,,,,,,,[{"addr":140736918203764,"idx":0},{"addr":140736872731894,"idx":1},{"addr":140736717712205,"idx":2},{"addr":140736717912144,"idx":3},{"addr":140736717698842,"idx":4},{"addr":140736717697500,"idx":5},{"addr":140736376307968,"idx":6},{"addr":140736376670098,"idx":7},{"addr":140736902703990,"idx":8},{"addr":140736902703274,"idx":9},{"addr":140736902700103,"idx":10},{"addr":140736897083607,"idx":11},{"addr":140736916996940,"idx":12}],,,,,,,,,,,,,,,,,,,4096,0,19464,,,,,,,,,,,,,,,,,,,,,,,,,,,,,,,,,,,,,,,,,,,,,,,,,,,,,,,,,,,,,,,,,,,,,,,,,,,,,,,,,,,,,,,,,,,,,,,,,,,
"2025-09-02 15:13:22.8794796Z","ETW","Microsoft-Windows-Kernel-Audit-API-Calls",5,"Info ",8144,15816,"ApplicationFrameHost.exe",,,,,,,,,,,,,,,,[{"addr":140736918203764,"idx":0},{"addr":140736872731894,"idx":1},{"addr":140736717912280,"idx":2},{"addr":140736717698842,"idx":3},{"addr":140736717697500,"idx":4},{"addr":140736376307968,"idx":5},{"addr":140736376670098,"idx":6},{"addr":140736902703990,"idx":7},{"addr":140736902703274,"idx":8},{"addr":140736902700103,"idx":9},{"addr":140736897083607,"idx":10},{"addr":140736916996940,"idx":11}],,,,,,,,,,,,,,,,,,,4096,0,19464,,,,,,,,,,,,,,,,,,,,,,,,,,,,,,,,,,,,,,,,,,,,,,,,,,,,,,,,,,,,,,,,,,,,,,,,,,,,,,,,,,,,,,,,,,,,,,,,,,,
"2025-09-02 15:13:22.8799199Z","ETW","Microsoft-Windows-Kernel-Process",5,"ImageLoadInfo ",5144,6884,"RuntimeBroker.exe",,,,"C:\Windows\System32\windows.storage.dll",,,,,,,,,,,,[{"addr":140736918203828,"idx":0},{"addr":140736917192506,"idx":1},{"addr":140736917191278,"idx":2},{"addr":140736917210764,"idx":3},{"addr":140736917201516,"idx":4},{"addr":140736917258922,"idx":5},{"addr":140736916999751,"idx":6},{"addr":140736916785258,"idx":7},{"addr":140736916784352,"idx":8},{"addr":140736917101952,"idx":9},{"addr":140736872000198,"idx":10},{"addr":140736909363845,"idx":11},{"addr":140736909362547,"idx":12},{"addr":140736909531736,"idx":13},{"addr":140736909524833,"idx":14},{"addr":140736909523551,"idx":15},{"addr":140695765788554,"idx":16},{"addr":140736882620003,"idx":17},{"addr":140736882628366,"idx":18},{"addr":140736881847376,"idx":19},{"addr":140736909646499,"idx":20},{"addr":140736909646267,"idx":21},{"addr":140736909643574,"idx":22},{"addr":140736909641089,"idx":23},{"addr":140736910206646,"idx":24},{"addr":140736909298250,"idx":25},{"addr":140736909422200,"idx":26},{"addr":140736909684515,"idx":27},{"addr":140736882311415,"idx":28},{"addr":140736882088628,"idx":29},{"addr":140736882092154,"idx":30},{"addr":140736882015316,"idx":31},{"addr":140736882081820,"idx":32},{"addr":140736882106396,"idx":33},{"addr":140736882102691,"idx":34},{"addr":140736882098504,"idx":35},{"addr":140736917358174,"idx":36},{"addr":140736917350275,"idx":37},{"addr":140736897083607,"idx":38},{"addr":140736916996940,"idx":39}],,,,,,,,,5144,,,,,,,,,,,,,,,,,,,,,,,,,,,,,,,,,,,,156427775,140736830046208,140736830046208,8870321,8781824,,,,,,,,,,,,,,,,,,,,,,,,,,,,,,,,,,,,,,,,,,,,,,,,,,,,,,,,,,,,,,,,,,,,,,,
"2025-09-02 15:13:22.8800811Z","ETW","Microsoft-Windows-Kernel-Audit-API-Calls",5,"Info ",8144,15816,"ApplicationFrameHost.exe",,,,,,,,,,,,,,,,[{"addr":140736918203764,"idx":0},{"addr":140736872731894,"idx":1},{"addr":140736717697306,"idx":2},{"addr":140736376314747,"idx":3},{"addr":140736376670131,"idx":4},{"addr":140736902703990,"idx":5},{"addr":140736902703274,"idx":6},{"addr":140736902700103,"idx":7},{"addr":140736897083607,"idx":8},{"addr":140736916996940,"idx":9}],,,,,,,,,,,,,,,,,,,4096,0,8144,,,,,,,,,,,,,,,,,,,,,,,,,,,,,,,,,,,,,,,,,,,,,,,,,,,,,,,,,,,,,,,,,,,,,,,,,,,,,,,,,,,,,,,,,,,,,,,,,,,
"2025-09-02 15:13:22.8801212Z","ETW","Microsoft-Windows-Kernel-Process",5,"ImageLoadInfo ",5144,6884,"RuntimeBroker.exe",,,,"C:\Windows\System32\advapi32.dll",,,,,,,,,,,,[{"addr":140736918203828,"idx":0},{"addr":140736917192506,"idx":1},{"addr":140736917191278,"idx":2},{"addr":140736917190209,"idx":3},{"addr":140736916798526,"idx":4},{"addr":140736916790798,"idx":5},{"addr":140736917191656,"idx":6},{"addr":140736917210764,"idx":7},{"addr":140736917201516,"idx":8},{"addr":140736917258922,"idx":9},{"addr":140736916999751,"idx":10},{"addr":140736916785258,"idx":11},{"addr":140736916784352,"idx":12},{"addr":140736917101952,"idx":13},{"addr":140736872000198,"idx":14},{"addr":140736909363845,"idx":15},{"addr":140736909362547,"idx":16},{"addr":140736909531736,"idx":17},{"addr":140736909524833,"idx":18},{"addr":140736909523551,"idx":19},{"addr":140695765788554,"idx":20},{"addr":140736882620003,"idx":21},{"addr":140736882628366,"idx":22},{"addr":140736881847376,"idx":23},{"addr":140736909646499,"idx":24},{"addr":140736909646267,"idx":25},{"addr":140736909643574,"idx":26},{"addr":140736909641089,"idx":27},{"addr":140736910206646,"idx":28},{"addr":140736909298250,"idx":29},{"addr":140736909422200,"idx":30},{"addr":140736909684515,"idx":31},{"addr":140736882311415,"idx":32},{"addr":140736882088628,"idx":33},{"addr":140736882092154,"idx":34},{"addr":140736882015316,"idx":35},{"addr":140736882081820,"idx":36},{"addr":140736882106396,"idx":37},{"addr":140736882102691,"idx":38},{"addr":140736882098504,"idx":39},{"addr":140736917358174,"idx":40},{"addr":140736917350275,"idx":41},{"addr":140736897083607,"idx":42},{"addr":140736916996940,"idx":43}],,,,,,,,,5144,,,,,,,,,,,,,,,,,,,,,,,,,,,,,,,,,,,,2886261828,140736895844352,140736895844352,804270,737280,,,,,,,,,,,,,,,,,,,,,,,,,,,,,,,,,,,,,,,,,,,,,,,,,,,,,,,,,,,,,,,,,,,,,,,
"2025-09-02 15:13:22.8803170Z","ETW","Microsoft-Windows-Kernel-Audit-API-Calls",5,"Info ",8144,15816,"ApplicationFrameHost.exe",,,,,,,,,,,,,,,,[{"addr":140736918203764,"idx":0},{"addr":140736872731894,"idx":1},{"addr":140736717712205,"idx":2},{"addr":140736717912144,"idx":3},{"addr":140736717698842,"idx":4},{"addr":140736717697500,"idx":5},{"addr":140736376314747,"idx":6},{"addr":140736376670131,"idx":7},{"addr":140736902703990,"idx":8},{"addr":140736902703274,"idx":9},{"addr":140736902700103,"idx":10},{"addr":140736897083607,"idx":11},{"addr":140736916996940,"idx":12}],,,,,,,,,,,,,,,,,,,4096,0,19464,,,,,,,,,,,,,,,,,,,,,,,,,,,,,,,,,,,,,,,,,,,,,,,,,,,,,,,,,,,,,,,,,,,,,,,,,,,,,,,,,,,,,,,,,,,,,,,,,,,
"2025-09-02 15:13:22.8803295Z","ETW","Microsoft-Windows-Kernel-Audit-API-Calls",5,"Info ",8144,15816,"ApplicationFrameHost.exe",,,,,,,,,,,,,,,,[{"addr":140736918203764,"idx":0},{"addr":140736872731894,"idx":1},{"addr":140736717912280,"idx":2},{"addr":140736717698842,"idx":3},{"addr":140736717697500,"idx":4},{"addr":140736376314747,"idx":5},{"addr":140736376670131,"idx":6},{"addr":140736902703990,"idx":7},{"addr":140736902703274,"idx":8},{"addr":140736902700103,"idx":9},{"addr":140736897083607,"idx":10},{"addr":140736916996940,"idx":11}],,,,,,,,,,,,,,,,,,,4096,0,19464,,,,,,,,,,,,,,,,,,,,,,,,,,,,,,,,,,,,,,,,,,,,,,,,,,,,,,,,,,,,,,,,,,,,,,,,,,,,,,,,,,,,,,,,,,,,,,,,,,,
"2025-09-02 15:13:22.8816266Z","ETW","Microsoft-Windows-Kernel-Process",5,"ImageLoadInfo ",5144,6884,"RuntimeBroker.exe",,,,"C:\Windows\System32\DXCore.dll",,,,,,,,,,,,[{"addr":140736918203828,"idx":0},{"addr":140736917192506,"idx":1},{"addr":140736917191278,"idx":2},{"addr":140736917210764,"idx":3},{"addr":140736917202269,"idx":4},{"addr":140736917259140,"idx":5},{"addr":140736916999751,"idx":6},{"addr":140736916785258,"idx":7},{"addr":140736916784352,"idx":8},{"addr":140736917101952,"idx":9},{"addr":140736872000198,"idx":10},{"addr":140736909363845,"idx":11},{"addr":140736909362547,"idx":12},{"addr":140736909531736,"idx":13},{"addr":140736909524833,"idx":14},{"addr":140736909523551,"idx":15},{"addr":140695765788554,"idx":16},{"addr":140736882620003,"idx":17},{"addr":140736882628366,"idx":18},{"addr":140736881847376,"idx":19},{"addr":140736909646499,"idx":20},{"addr":140736909646267,"idx":21},{"addr":140736909643574,"idx":22},{"addr":140736909641089,"idx":23},{"addr":140736910206646,"idx":24},{"addr":140736909298250,"idx":25},{"addr":140736909422200,"idx":26},{"addr":140736909684515,"idx":27},{"addr":140736882311415,"idx":28},{"addr":140736882088628,"idx":29},{"addr":140736882092154,"idx":30},{"addr":140736882015316,"idx":31},{"addr":140736882081820,"idx":32},{"addr":140736882106396,"idx":33},{"addr":140736882102691,"idx":34},{"addr":140736882098504,"idx":35},{"addr":140736917358174,"idx":36},{"addr":140736917350275,"idx":37},{"addr":140736897083607,"idx":38},{"addr":140736916996940,"idx":39}],,,,,,,,,5144,,,,,,,,,,,,,,,,,,,,,,,,,,,,,,,,,,,,2132968074,140736821067776,140736821067776,351724,315392,,,,,,,,,,,,,,,,,,,,,,,,,,,,,,,,,,,,,,,,,,,,,,,,,,,,,,,,,,,,,,,,,,,,,,,
"2025-09-02 15:13:22.8821944Z","ETW","Microsoft-Windows-Kernel-Audit-API-Calls",5,"Info ",3568,8916,"svchost.exe",,,,,,,,,,,,,,,,[{"addr":140736918203764,"idx":0},{"addr":140736872731894,"idx":1},{"addr":140736593699808,"idx":2},{"addr":140736593928933,"idx":3},{"addr":140736593898388,"idx":4},{"addr":140736593863730,"idx":5},{"addr":140736593869103,"idx":6},{"addr":140736594011406,"idx":7},{"addr":140736593978605,"idx":8},{"addr":140736593980452,"idx":9},{"addr":140736882620003,"idx":10},{"addr":140736882628366,"idx":11},{"addr":140736881847376,"idx":12},{"addr":140736909646499,"idx":13},{"addr":140736909646267,"idx":14},{"addr":140736909643574,"idx":15},{"addr":140736909641089,"idx":16},{"addr":140736910206646,"idx":17},{"addr":140736909298250,"idx":18},{"addr":140736909422200,"idx":19},{"addr":140736909684515,"idx":20},{"addr":140736882311415,"idx":21},{"addr":140736882088628,"idx":22},{"addr":140736882092154,"idx":23},{"addr":140736882015316,"idx":24},{"addr":140736882081820,"idx":25},{"addr":140736882106396,"idx":26},{"addr":140736882102691,"idx":27},{"addr":140736882098504,"idx":28},{"addr":140736917358174,"idx":29},{"addr":140736917350275,"idx":30},{"addr":140736897083607,"idx":31},{"addr":140736916996940,"idx":32}],,,,,,,,,,,,,,,,,,,4096,0,3568,,,,,,,,,,,,,,,,,,,,,,,,,,,,,,,,,,,,,,,,,,,,,,,,,,,,,,,,,,,,,,,,,,,,,,,,,,,,,,,,,,,,,,,,,,,,,,,,,,,
"2025-09-02 15:13:22.8822064Z","ETW","Microsoft-Windows-Kernel-Audit-API-Calls",5,"Info ",3568,8916,"svchost.exe",,,,,,,,,,,,,,,,[{"addr":140736918203764,"idx":0},{"addr":140736872731894,"idx":1},{"addr":140736593697567,"idx":2},{"addr":140736593928985,"idx":3},{"addr":140736593898388,"idx":4},{"addr":140736593863730,"idx":5},{"addr":140736593869103,"idx":6},{"addr":140736594011406,"idx":7},{"addr":140736593978605,"idx":8},{"addr":140736593980452,"idx":9},{"addr":140736882620003,"idx":10},{"addr":140736882628366,"idx":11},{"addr":140736881847376,"idx":12},{"addr":140736909646499,"idx":13},{"addr":140736909646267,"idx":14},{"addr":140736909643574,"idx":15},{"addr":140736909641089,"idx":16},{"addr":140736910206646,"idx":17},{"addr":140736909298250,"idx":18},{"addr":140736909422200,"idx":19},{"addr":140736909684515,"idx":20},{"addr":140736882311415,"idx":21},{"addr":140736882088628,"idx":22},{"addr":140736882092154,"idx":23},{"addr":140736882015316,"idx":24},{"addr":140736882081820,"idx":25},{"addr":140736882106396,"idx":26},{"addr":140736882102691,"idx":27},{"addr":140736882098504,"idx":28},{"addr":140736917358174,"idx":29},{"addr":140736917350275,"idx":30},{"addr":140736897083607,"idx":31},{"addr":140736916996940,"idx":32}],,,,,,,,,,,,,,,,,,,4096,0,3568,,,,,,,,,,,,,,,,,,,,,,,,,,,,,,,,,,,,,,,,,,,,,,,,,,,,,,,,,,,,,,,,,,,,,,,,,,,,,,,,,,,,,,,,,,,,,,,,,,,
"2025-09-02 15:13:22.8822325Z","ETW","Microsoft-Windows-Kernel-Audit-API-Calls",5,"Info ",3568,8916,"svchost.exe",,,,,,,,,,,,,,,,[{"addr":140736918203764,"idx":0},{"addr":140736872731894,"idx":1},{"addr":140736593700097,"idx":2},{"addr":140736593702379,"idx":3},{"addr":140736593929050,"idx":4},{"addr":140736593898388,"idx":5},{"addr":140736593863730,"idx":6},{"addr":140736593869103,"idx":7},{"addr":140736594011406,"idx":8},{"addr":140736593978605,"idx":9},{"addr":140736593980452,"idx":10},{"addr":140736882620003,"idx":11},{"addr":140736882628366,"idx":12},{"addr":140736881847376,"idx":13},{"addr":140736909646499,"idx":14},{"addr":140736909646267,"idx":15},{"addr":140736909643574,"idx":16},{"addr":140736909641089,"idx":17},{"addr":140736910206646,"idx":18},{"addr":140736909298250,"idx":19},{"addr":140736909422200,"idx":20},{"addr":140736909684515,"idx":21},{"addr":140736882311415,"idx":22},{"addr":140736882088628,"idx":23},{"addr":140736882092154,"idx":24},{"addr":140736882015316,"idx":25},{"addr":140736882081820,"idx":26},{"addr":140736882106396,"idx":27},{"addr":140736882102691,"idx":28},{"addr":140736882098504,"idx":29},{"addr":140736917358174,"idx":30},{"addr":140736917350275,"idx":31},{"addr":140736897083607,"idx":32},{"addr":140736916996940,"idx":33}],,,,,,,,,,,,,,,,,,,4096,0,3568,,,,,,,,,,,,,,,,,,,,,,,,,,,,,,,,,,,,,,,,,,,,,,,,,,,,,,,,,,,,,,,,,,,,,,,,,,,,,,,,,,,,,,,,,,,,,,,,,,,
"2025-09-02 15:13:22.8833456Z","ETW","Microsoft-Windows-Kernel-Process",5,"ImageLoadInfo ",5144,6884,"RuntimeBroker.exe",,,,"C:\Windows\System32\SHCore.dll",,,,,,,,,,,,[{"addr":140736918203828,"idx":0},{"addr":140736917192506,"idx":1},{"addr":140736917191278,"idx":2},{"addr":140736917190209,"idx":3},{"addr":140736916804181,"idx":4},{"addr":140736916785218,"idx":5},{"addr":140736916786774,"idx":6},{"addr":140736917021315,"idx":7},{"addr":140736917023197,"idx":8},{"addr":140736380479680,"idx":9},{"addr":140736380964175,"idx":10},{"addr":140736380679947,"idx":11},{"addr":140736913598130,"idx":12},{"addr":140736380959966,"idx":13},{"addr":140736380960338,"idx":14},{"addr":140736918195438,"idx":15},{"addr":140736917219838,"idx":16},{"addr":140736917215596,"idx":17},{"addr":140736916995194,"idx":18},{"addr":140736916991491,"idx":19},{"addr":140736916785364,"idx":20},{"addr":140736916784352,"idx":21},{"addr":140736917101952,"idx":22},{"addr":140736872000198,"idx":23},{"addr":140736909363845,"idx":24},{"addr":140736909362547,"idx":25},{"addr":140736909531736,"idx":26},{"addr":140736909524833,"idx":27},{"addr":140736909523551,"idx":28},{"addr":140695765788554,"idx":29},{"addr":140736882620003,"idx":30},{"addr":140736882628366,"idx":31},{"addr":140736881847376,"idx":32},{"addr":140736909646499,"idx":33},{"addr":140736909646267,"idx":34},{"addr":140736909643574,"idx":35},{"addr":140736909641089,"idx":36},{"addr":140736910206646,"idx":37},{"addr":140736909298250,"idx":38},{"addr":140736909422200,"idx":39},{"addr":140736909684515,"idx":40},{"addr":140736882311415,"idx":41},{"addr":140736882088628,"idx":42},{"addr":140736882092154,"idx":43},{"addr":140736882015316,"idx":44},{"addr":140736882081820,"idx":45},{"addr":140736882106396,"idx":46},{"addr":140736882102691,"idx":47},{"addr":140736882098504,"idx":48},{"addr":140736917358174,"idx":49},{"addr":140736917350275,"idx":50},{"addr":140736897083607,"idx":51},{"addr":140736916996940,"idx":52}],,,,,,,,,5144,,,,,,,,,,,,,,,,,,,,,,,,,,,,,,,,,,,,742317482,140736902660096,140736902660096,1049363,1003520,,,,,,,,,,,,,,,,,,,,,,,,,,,,,,,,,,,,,,,,,,,,,,,,,,,,,,,,,,,,,,,,,,,,,,,
"2025-09-02 15:13:22.8839058Z","ETW","Microsoft-Windows-Kernel-Audit-API-Calls",5,"Info ",5144,6884,"RuntimeBroker.exe",,,,,,,,,,,,,,,,[{"addr":140736918206916,"idx":0},{"addr":140736882337646,"idx":1},{"addr":140736910267593,"idx":2},{"addr":140695765791696,"idx":3},{"addr":140695765788588,"idx":4},{"addr":140736882620003,"idx":5},{"addr":140736882628366,"idx":6},{"addr":140736881847376,"idx":7},{"addr":140736909646499,"idx":8},{"addr":140736909646267,"idx":9},{"addr":140736909643574,"idx":10},{"addr":140736909641089,"idx":11},{"addr":140736910206646,"idx":12},{"addr":140736909298250,"idx":13},{"addr":140736909422200,"idx":14},{"addr":140736909684515,"idx":15},{"addr":140736882311415,"idx":16},{"addr":140736882088628,"idx":17},{"addr":140736882092154,"idx":18},{"addr":140736882015316,"idx":19},{"addr":140736882081820,"idx":20},{"addr":140736882106396,"idx":21},{"addr":140736882102691,"idx":22},{"addr":140736882098504,"idx":23},{"addr":140736917358174,"idx":24},{"addr":140736917350275,"idx":25},{"addr":140736897083607,"idx":26},{"addr":140736916996940,"idx":27}],,,,,,,,,,,,,,,,,,,4096,0,19464,,,,,,,,,,,,,,,,,,,,,,,,,,,,,,,,,,,,,,,,,,,,,,,,,,,,,,,,,,,,,,,,,,,,,,,,,,,,,,,,,,,,,,,,,,,,,,,,,,,
"2025-09-02 15:13:22.8846798Z","ETW","Microsoft-Windows-Kernel-Process",5,"ImageLoadInfo ",5144,6884,"RuntimeBroker.exe",,,,"C:\Windows\System32\OneCoreUAPCommonProxyStub.dll",,,,,,,,,,,,[{"addr":140736918203828,"idx":0},{"addr":140736917192506,"idx":1},{"addr":140736917191278,"idx":2},{"addr":140736917210764,"idx":3},{"addr":140736917202269,"idx":4},{"addr":140736917259140,"idx":5},{"addr":140736916785248,"idx":6},{"addr":140736916784352,"idx":7},{"addr":140736917101952,"idx":8},{"addr":140736872000198,"idx":9},{"addr":140736909363845,"idx":10},{"addr":140736909362547,"idx":11},{"addr":140736909360794,"idx":12},{"addr":140736909561496,"idx":13},{"addr":140736909365281,"idx":14},{"addr":140736909339322,"idx":15},{"addr":140736909195691,"idx":16},{"addr":140736909191304,"idx":17},{"addr":140736910023632,"idx":18},{"addr":140736909168718,"idx":19},{"addr":140736909164962,"idx":20},{"addr":140736909163671,"idx":21},{"addr":140736909162770,"idx":22},{"addr":140736909159073,"idx":23},{"addr":140736909113640,"idx":24},{"addr":140736909452308,"idx":25},{"addr":140736909451216,"idx":26},{"addr":140736881820045,"idx":27},{"addr":140736881811689,"idx":28},{"addr":140736882631602,"idx":29},{"addr":140736882628630,"idx":30},{"addr":140736881847376,"idx":31},{"addr":140736909646499,"idx":32},{"addr":140736909646267,"idx":33},{"addr":140736909643574,"idx":34},{"addr":140736909641089,"idx":35},{"addr":140736910206646,"idx":36},{"addr":140736909298250,"idx":37},{"addr":140736909422200,"idx":38},{"addr":140736909684515,"idx":39},{"addr":140736882311415,"idx":40},{"addr":140736882088628,"idx":41},{"addr":140736882092154,"idx":42},{"addr":140736882015316,"idx":43},{"addr":140736882081820,"idx":44},{"addr":140736882106396,"idx":45},{"addr":140736882102691,"idx":46},{"addr":140736882098504,"idx":47},{"addr":140736917358174,"idx":48},{"addr":140736917350275,"idx":49},{"addr":140736897083607,"idx":50},{"addr":140736916996940,"idx":51}],,,,,,,,,5144,,,,,,,,,,,,,,,,,,,,,,,,,,,,,,,,,,,,1635141586,140736710443008,140736710443008,6653254,6569984,,,,,,,,,,,,,,,,,,,,,,,,,,,,,,,,,,,,,,,,,,,,,,,,,,,,,,,,,,,,,,,,,,,,,,,
"2025-09-02 15:13:22.8851865Z","ETW","Microsoft-Windows-Kernel-Process",3,"ThreadStartStart ",4,72,"System",,,,,,,,,,,,,,,,[],,,,,,,,,2732,18446639081577218048,18446639081577193472,140736917348896,0,740607082496,12588,740608704512,740608671744,140736917348896,,,,,,,,,,,,,,,,,,,,,,,,,,,,,,,,,,,,,,,,,,,,,,,,,,,,,,,,,,,,,,,,,,,,,,,,,,,,,,,,,,,,,,,,,,,,,,,,,,,,,,
"2025-09-02 15:13:22.8856339Z","ETW","Microsoft-Windows-Kernel-Audit-API-Calls",5,"Info ",8144,15816,"ApplicationFrameHost.exe",,,,,,,,,,,,,,,,[{"addr":140736918203764,"idx":0},{"addr":140736872731894,"idx":1},{"addr":140736717697306,"idx":2},{"addr":140736376463684,"idx":3},{"addr":140736376676160,"idx":4},{"addr":140736902703990,"idx":5},{"addr":140736902703274,"idx":6},{"addr":140736902700103,"idx":7},{"addr":140736897083607,"idx":8},{"addr":140736916996940,"idx":9}],,,,,,,,,,,,,,,,,,,4096,0,8144,,,,,,,,,,,,,,,,,,,,,,,,,,,,,,,,,,,,,,,,,,,,,,,,,,,,,,,,,,,,,,,,,,,,,,,,,,,,,,,,,,,,,,,,,,,,,,,,,,,
"2025-09-02 15:13:22.8868174Z","ETW","Microsoft-Windows-Kernel-Audit-API-Calls",5,"Info ",5144,15684,"RuntimeBroker.exe",,,,,,,,,,,,,,,,[{"addr":140736918206916,"idx":0},{"addr":140736882337646,"idx":1},{"addr":140736910267593,"idx":2},{"addr":140736380006045,"idx":3},{"addr":140736380405723,"idx":4},{"addr":140736380405160,"idx":5},{"addr":140736380404961,"idx":6},{"addr":140736380404710,"idx":7},{"addr":140736882620003,"idx":8},{"addr":140736882628366,"idx":9},{"addr":140736881847376,"idx":10},{"addr":140736909646499,"idx":11},{"addr":140736909646267,"idx":12},{"addr":140736909643574,"idx":13},{"addr":140736909641089,"idx":14},{"addr":140736910206646,"idx":15},{"addr":140736909298250,"idx":16},{"addr":140736909422200,"idx":17},{"addr":140736909684515,"idx":18},{"addr":140736882311415,"idx":19},{"addr":140736882088628,"idx":20},{"addr":140736882092154,"idx":21},{"addr":140736882015316,"idx":22},{"addr":140736882081820,"idx":23},{"addr":140736882106396,"idx":24},{"addr":140736882102691,"idx":25},{"addr":140736882098504,"idx":26},{"addr":140736917358174,"idx":27},{"addr":140736917350275,"idx":28},{"addr":140736897083607,"idx":29},{"addr":140736916996940,"idx":30}],,,,,,,,,,,,,,,,,,,4096,0,19464,,,,,,,,,,,,,,,,,,,,,,,,,,,,,,,,,,,,,,,,,,,,,,,,,,,,,,,,,,,,,,,,,,,,,,,,,,,,,,,,,,,,,,,,,,,,,,,,,,,
"2025-09-02 15:13:22.8872287Z","ETW","Microsoft-Windows-Kernel-Audit-API-Calls",5,"Info ",3568,8916,"svchost.exe",,,,,,,,,,,,,,,,[{"addr":140736918203764,"idx":0},{"addr":140736872731894,"idx":1},{"addr":140736593700097,"idx":2},{"addr":140736593702379,"idx":3},{"addr":140736593834233,"idx":4},{"addr":140736593841506,"idx":5},{"addr":140736593864019,"idx":6},{"addr":140736593869103,"idx":7},{"addr":140736594011406,"idx":8},{"addr":140736593978605,"idx":9},{"addr":140736593980452,"idx":10},{"addr":140736882620003,"idx":11},{"addr":140736882628366,"idx":12},{"addr":140736881847376,"idx":13},{"addr":140736909646499,"idx":14},{"addr":140736909646267,"idx":15},{"addr":140736909643574,"idx":16},{"addr":140736909641089,"idx":17},{"addr":140736910206646,"idx":18},{"addr":140736909298250,"idx":19},{"addr":140736909422200,"idx":20},{"addr":140736909684515,"idx":21},{"addr":140736882311415,"idx":22},{"addr":140736882088628,"idx":23},{"addr":140736882092154,"idx":24},{"addr":140736882015316,"idx":25},{"addr":140736882081820,"idx":26},{"addr":140736882106396,"idx":27},{"addr":140736882102691,"idx":28},{"addr":140736882098504,"idx":29},{"addr":140736917358174,"idx":30},{"addr":140736917350275,"idx":31},{"addr":140736897083607,"idx":32},{"addr":140736916996940,"idx":33}],,,,,,,,,,,,,,,,,,,4096,0,19464,,,,,,,,,,,,,,,,,,,,,,,,,,,,,,,,,,,,,,,,,,,,,,,,,,,,,,,,,,,,,,,,,,,,,,,,,,,,,,,,,,,,,,,,,,,,,,,,,,,
"2025-09-02 15:13:22.8872791Z","ETW","Microsoft-Windows-Kernel-Audit-API-Calls",5,"Info ",3568,8916,"svchost.exe",,,,,,,,,,,,,,,,[{"addr":140736918203764,"idx":0},{"addr":140736872731894,"idx":1},{"addr":140736593700097,"idx":2},{"addr":140736593834265,"idx":3},{"addr":140736593841506,"idx":4},{"addr":140736593864019,"idx":5},{"addr":140736593869103,"idx":6},{"addr":140736594011406,"idx":7},{"addr":140736593978605,"idx":8},{"addr":140736593980452,"idx":9},{"addr":140736882620003,"idx":10},{"addr":140736882628366,"idx":11},{"addr":140736881847376,"idx":12},{"addr":140736909646499,"idx":13},{"addr":140736909646267,"idx":14},{"addr":140736909643574,"idx":15},{"addr":140736909641089,"idx":16},{"addr":140736910206646,"idx":17},{"addr":140736909298250,"idx":18},{"addr":140736909422200,"idx":19},{"addr":140736909684515,"idx":20},{"addr":140736882311415,"idx":21},{"addr":140736882088628,"idx":22},{"addr":140736882092154,"idx":23},{"addr":140736882015316,"idx":24},{"addr":140736882081820,"idx":25},{"addr":140736882106396,"idx":26},{"addr":140736882102691,"idx":27},{"addr":140736882098504,"idx":28},{"addr":140736917358174,"idx":29},{"addr":140736917350275,"idx":30},{"addr":140736897083607,"idx":31},{"addr":140736916996940,"idx":32}],,,,,,,,,,,,,,,,,,,4096,0,19464,,,,,,,,,,,,,,,,,,,,,,,,,,,,,,,,,,,,,,,,,,,,,,,,,,,,,,,,,,,,,,,,,,,,,,,,,,,,,,,,,,,,,,,,,,,,,,,,,,,
"2025-09-02 15:13:22.8872852Z","ETW","Microsoft-Windows-Kernel-Process",5,"ImageLoadInfo ",5144,15684,"RuntimeBroker.exe",,,,"C:\Windows\System32\Windows.StateRepositoryCore.dll",,,,,,,,,,,,[{"addr":140736918203828,"idx":0},{"addr":140736917192506,"idx":1},{"addr":140736917191278,"idx":2},{"addr":140736917210764,"idx":3},{"addr":140736917202269,"idx":4},{"addr":140736917259140,"idx":5},{"addr":140736916785248,"idx":6},{"addr":140736916786774,"idx":7},{"addr":140736917021315,"idx":8},{"addr":140736917023197,"idx":9},{"addr":140736873012562,"idx":10},{"addr":140736873171359,"idx":11},{"addr":140736872361337,"idx":12},{"addr":140736873000586,"idx":13},{"addr":140736380931907,"idx":14},{"addr":140736380405186,"idx":15},{"addr":140736380404961,"idx":16},{"addr":140736380404710,"idx":17},{"addr":140736882620003,"idx":18},{"addr":140736882628366,"idx":19},{"addr":140736881847376,"idx":20},{"addr":140736909646499,"idx":21},{"addr":140736909646267,"idx":22},{"addr":140736909643574,"idx":23},{"addr":140736909641089,"idx":24},{"addr":140736910206646,"idx":25},{"addr":140736909298250,"idx":26},{"addr":140736909422200,"idx":27},{"addr":140736909684515,"idx":28},{"addr":140736882311415,"idx":29},{"addr":140736882088628,"idx":30},{"addr":140736882092154,"idx":31},{"addr":140736882015316,"idx":32},{"addr":140736882081820,"idx":33},{"addr":140736882106396,"idx":34},{"addr":140736882102691,"idx":35},{"addr":140736882098504,"idx":36},{"addr":140736917358174,"idx":37},{"addr":140736917350275,"idx":38},{"addr":140736897083607,"idx":39},{"addr":140736916996940,"idx":40}],,,,,,,,,5144,,,,,,,,,,,,,,,,,,,,,,,,,,,,,,,,,,,,3847844510,140736632913920,140736632913920,174488,106496,,,,,,,,,,,,,,,,,,,,,,,,,,,,,,,,,,,,,,,,,,,,,,,,,,,,,,,,,,,,,,,,,,,,,,,
"2025-09-02 15:13:22.8873011Z","ETW","Microsoft-Windows-Kernel-Audit-API-Calls",5,"Info ",3568,8916,"svchost.exe",,,,,,,,,,,,,,,,[{"addr":140736918203764,"idx":0},{"addr":140736872731894,"idx":1},{"addr":140736593700097,"idx":2},{"addr":140736593706090,"idx":3},{"addr":140736593834300,"idx":4},{"addr":140736593841506,"idx":5},{"addr":140736593864019,"idx":6},{"addr":140736593869103,"idx":7},{"addr":140736594011406,"idx":8},{"addr":140736593978605,"idx":9},{"addr":140736593980452,"idx":10},{"addr":140736882620003,"idx":11},{"addr":140736882628366,"idx":12},{"addr":140736881847376,"idx":13},{"addr":140736909646499,"idx":14},{"addr":140736909646267,"idx":15},{"addr":140736909643574,"idx":16},{"addr":140736909641089,"idx":17},{"addr":140736910206646,"idx":18},{"addr":140736909298250,"idx":19},{"addr":140736909422200,"idx":20},{"addr":140736909684515,"idx":21},{"addr":140736882311415,"idx":22},{"addr":140736882088628,"idx":23},{"addr":140736882092154,"idx":24},{"addr":140736882015316,"idx":25},{"addr":140736882081820,"idx":26},{"addr":140736882106396,"idx":27},{"addr":140736882102691,"idx":28},{"addr":140736882098504,"idx":29},{"addr":140736917358174,"idx":30},{"addr":140736917350275,"idx":31},{"addr":140736897083607,"idx":32},{"addr":140736916996940,"idx":33}],,,,,,,,,,,,,,,,,,,4096,0,19464,,,,,,,,,,,,,,,,,,,,,,,,,,,,,,,,,,,,,,,,,,,,,,,,,,,,,,,,,,,,,,,,,,,,,,,,,,,,,,,,,,,,,,,,,,,,,,,,,,,
"2025-09-02 15:13:22.8874749Z","ETW","Microsoft-Windows-Kernel-Audit-API-Calls",5,"Info ",3568,8916,"svchost.exe",,,,,,,,,,,,,,,,[{"addr":140736918203764,"idx":0},{"addr":140736872731894,"idx":1},{"addr":140736593697567,"idx":2},{"addr":140736593834697,"idx":3},{"addr":140736593841506,"idx":4},{"addr":140736593864019,"idx":5},{"addr":140736593869103,"idx":6},{"addr":140736594011406,"idx":7},{"addr":140736593978605,"idx":8},{"addr":140736593980452,"idx":9},{"addr":140736882620003,"idx":10},{"addr":140736882628366,"idx":11},{"addr":140736881847376,"idx":12},{"addr":140736909646499,"idx":13},{"addr":140736909646267,"idx":14},{"addr":140736909643574,"idx":15},{"addr":140736909641089,"idx":16},{"addr":140736910206646,"idx":17},{"addr":140736909298250,"idx":18},{"addr":140736909422200,"idx":19},{"addr":140736909684515,"idx":20},{"addr":140736882311415,"idx":21},{"addr":140736882088628,"idx":22},{"addr":140736882092154,"idx":23},{"addr":140736882015316,"idx":24},{"addr":140736882081820,"idx":25},{"addr":140736882106396,"idx":26},{"addr":140736882102691,"idx":27},{"addr":140736882098504,"idx":28},{"addr":140736917358174,"idx":29},{"addr":140736917350275,"idx":30},{"addr":140736897083607,"idx":31},{"addr":140736916996940,"idx":32}],,,,,,,,,,,,,,,,,,,4096,0,19464,,,,,,,,,,,,,,,,,,,,,,,,,,,,,,,,,,,,,,,,,,,,,,,,,,,,,,,,,,,,,,,,,,,,,,,,,,,,,,,,,,,,,,,,,,,,,,,,,,,
"2025-09-02 15:13:22.8919695Z","ETW","Microsoft-Windows-Kernel-Process",3,"ThreadStartStart ",5144,15684,"RuntimeBroker.exe",,,,,,,,,,,,,,,,[{"addr":140736918208964,"idx":0},{"addr":140736872776761,"idx":1},{"addr":140736897102141,"idx":2},{"addr":140736909291405,"idx":3},{"addr":140736909445984,"idx":4},{"addr":140736909359970,"idx":5},{"addr":140736909355847,"idx":6},{"addr":140736909871326,"idx":7},{"addr":140736910338829,"idx":8},{"addr":140736910332465,"idx":9},{"addr":140736910348734,"idx":10},{"addr":140736910270317,"idx":11},{"addr":140736909350430,"idx":12},{"addr":140736910270317,"idx":13},{"addr":140736909553458,"idx":14},{"addr":140736909548907,"idx":15},{"addr":140736909576880,"idx":16},{"addr":140736379919785,"idx":17},{"addr":140736380405611,"idx":18},{"addr":140736380404961,"idx":19},{"addr":140736380404710,"idx":20},{"addr":140736882620003,"idx":21},{"addr":140736882628366,"idx":22},{"addr":140736881847376,"idx":23},{"addr":140736909646499,"idx":24},{"addr":140736909646267,"idx":25},{"addr":140736909643574,"idx":26},{"addr":140736909641089,"idx":27},{"addr":140736910206646,"idx":28},{"addr":140736909298250,"idx":29},{"addr":140736909422200,"idx":30},{"addr":140736909684515,"idx":31},{"addr":140736882311415,"idx":32},{"addr":140736882088628,"idx":33},{"addr":140736882092154,"idx":34},{"addr":140736882015316,"idx":35},{"addr":140736882081820,"idx":36},{"addr":140736882106396,"idx":37},{"addr":140736882102691,"idx":38},{"addr":140736882098504,"idx":39},{"addr":140736917358174,"idx":40},{"addr":140736917350275,"idx":41},{"addr":140736897083607,"idx":42},{"addr":140736916996940,"idx":43}],,,,,,,,,5144,18446639081577852928,18446639081577828352,140736910320112,0,915292483584,5948,915296747520,915296698368,140736910320112,,,,,,,,,,,,,,,,,,,,,,,,,,,,,,,,,,,,,,,,,,,,,,,,,,,,,,,,,,,,,,,,,,,,,,,,,,,,,,,,,,,,,,,,,,,,,,,,,,,,,,
"2025-09-02 15:13:22.8921650Z","ETW","Microsoft-Windows-Kernel-Audit-API-Calls",5,"Info ",2828,20364,"svchost.exe",,,,,,,,,,,,,,,,[{"addr":140736918206916,"idx":0},{"addr":140736882337646,"idx":1},{"addr":140736910267593,"idx":2},{"addr":140736627215706,"idx":3},{"addr":140736627186438,"idx":4},{"addr":140736882620003,"idx":5},{"addr":140736882628366,"idx":6},{"addr":140736881847376,"idx":7},{"addr":140736909646499,"idx":8},{"addr":140736909646267,"idx":9},{"addr":140736909643574,"idx":10},{"addr":140736909641089,"idx":11},{"addr":140736910206646,"idx":12},{"addr":140736909298250,"idx":13},{"addr":140736909422200,"idx":14},{"addr":140736909684515,"idx":15},{"addr":140736882311415,"idx":16},{"addr":140736882088628,"idx":17},{"addr":140736882092154,"idx":18},{"addr":140736882015316,"idx":19},{"addr":140736882081820,"idx":20},{"addr":140736882106396,"idx":21},{"addr":140736882102691,"idx":22},{"addr":140736882098504,"idx":23},{"addr":140736917358174,"idx":24},{"addr":140736917350275,"idx":25},{"addr":140736897083607,"idx":26},{"addr":140736916996940,"idx":27}],,,,,,,,,,,,,,,,,,,4096,0,3568,,,,,,,,,,,,,,,,,,,,,,,,,,,,,,,,,,,,,,,,,,,,,,,,,,,,,,,,,,,,,,,,,,,,,,,,,,,,,,,,,,,,,,,,,,,,,,,,,,,
"2025-09-02 15:13:22.8922212Z","ETW","Microsoft-Windows-Kernel-Process",3,"ThreadStartStart ",2732,12588,"svchost.exe",,,,,,,,,,,,,,,,[{"addr":140736918216388,"idx":0},{"addr":140736917669762,"idx":1},{"addr":140736882108009,"idx":2},{"addr":140736882106619,"idx":3},{"addr":140736882102691,"idx":4},{"addr":140736882098504,"idx":5},{"addr":140736917358174,"idx":6},{"addr":140736917350275,"idx":7},{"addr":140736897083607,"idx":8},{"addr":140736916996940,"idx":9}],,,,,,,,,2732,18446639081578168320,18446639081578143744,140736917348896,110,740607090688,20388,740609228800,740609196032,140736917348896,,,,,,,,,,,,,,,,,,,,,,,,,,,,,,,,,,,,,,,,,,,,,,,,,,,,,,,,,,,,,,,,,,,,,,,,,,,,,,,,,,,,,,,,,,,,,,,,,,,,,,
"2025-09-02 15:13:22.8923944Z","ETW","Microsoft-Windows-Kernel-Audit-API-Calls",5,"Info ",2732,12588,"svchost.exe",,,,,,,,,,,,,,,,[{"addr":140736918203764,"idx":0},{"addr":140736872731894,"idx":1},{"addr":140736840023178,"idx":2},{"addr":140736840022763,"idx":3},{"addr":140736654963359,"idx":4},{"addr":140736654959099,"idx":5},{"addr":140736654945170,"idx":6},{"addr":140736654946443,"idx":7},{"addr":140736882620003,"idx":8},{"addr":140736882628366,"idx":9},{"addr":140736882319852,"idx":10},{"addr":140736882311415,"idx":11},{"addr":140736882088628,"idx":12},{"addr":140736882092744,"idx":13},{"addr":140736882015316,"idx":14},{"addr":140736882081820,"idx":15},{"addr":140736882106396,"idx":16},{"addr":140736882102691,"idx":17},{"addr":140736882098504,"idx":18},{"addr":140736917358174,"idx":19},{"addr":140736917350275,"idx":20},{"addr":140736897083607,"idx":21},{"addr":140736916996940,"idx":22}],,,,,,,,,,,,,,,,,,,4096,0,3268,,,,,,,,,,,,,,,,,,,,,,,,,,,,,,,,,,,,,,,,,,,,,,,,,,,,,,,,,,,,,,,,,,,,,,,,,,,,,,,,,,,,,,,,,,,,,,,,,,,
"2025-09-02 15:13:22.8927038Z","ETW","Microsoft-Windows-Kernel-Audit-API-Calls",5,"Info ",2732,12588,"svchost.exe",,,,,,,,,,,,,,,,[{"addr":140736918203764,"idx":0},{"addr":140736872731894,"idx":1},{"addr":140736840023178,"idx":2},{"addr":140736840022763,"idx":3},{"addr":140736654963359,"idx":4},{"addr":140736654959099,"idx":5},{"addr":140736654945170,"idx":6},{"addr":140736654946443,"idx":7},{"addr":140736882620003,"idx":8},{"addr":140736882628366,"idx":9},{"addr":140736882319852,"idx":10},{"addr":140736882311415,"idx":11},{"addr":140736882088628,"idx":12},{"addr":140736882092744,"idx":13},{"addr":140736882015316,"idx":14},{"addr":140736882081820,"idx":15},{"addr":140736882106396,"idx":16},{"addr":140736882102691,"idx":17},{"addr":140736882098504,"idx":18},{"addr":140736917358174,"idx":19},{"addr":140736917350275,"idx":20},{"addr":140736897083607,"idx":21},{"addr":140736916996940,"idx":22}],,,,,,,,,,,,,,,,,,,4096,0,3268,,,,,,,,,,,,,,,,,,,,,,,,,,,,,,,,,,,,,,,,,,,,,,,,,,,,,,,,,,,,,,,,,,,,,,,,,,,,,,,,,,,,,,,,,,,,,,,,,,,
"2025-09-02 15:13:22.8930964Z","ETW","Microsoft-Windows-Kernel-Audit-API-Calls",5,"Info ",8144,15816,"ApplicationFrameHost.exe",,,,,,,,,,,,,,,,[{"addr":140736918203764,"idx":0},{"addr":140736872731894,"idx":1},{"addr":140736717712205,"idx":2},{"addr":140736717912144,"idx":3},{"addr":140736717698842,"idx":4},{"addr":140736717697500,"idx":5},{"addr":140736376463684,"idx":6},{"addr":140736376676160,"idx":7},{"addr":140736902703990,"idx":8},{"addr":140736902703274,"idx":9},{"addr":140736902700103,"idx":10},{"addr":140736897083607,"idx":11},{"addr":140736916996940,"idx":12}],,,,,,,,,,,,,,,,,,,4096,0,19464,,,,,,,,,,,,,,,,,,,,,,,,,,,,,,,,,,,,,,,,,,,,,,,,,,,,,,,,,,,,,,,,,,,,,,,,,,,,,,,,,,,,,,,,,,,,,,,,,,,
"2025-09-02 15:13:22.8931050Z","ETW","Microsoft-Windows-Kernel-Audit-API-Calls",5,"Info ",8144,15816,"ApplicationFrameHost.exe",,,,,,,,,,,,,,,,[{"addr":140736918203764,"idx":0},{"addr":140736872731894,"idx":1},{"addr":140736717912280,"idx":2},{"addr":140736717698842,"idx":3},{"addr":140736717697500,"idx":4},{"addr":140736376463684,"idx":5},{"addr":140736376676160,"idx":6},{"addr":140736902703990,"idx":7},{"addr":140736902703274,"idx":8},{"addr":140736902700103,"idx":9},{"addr":140736897083607,"idx":10},{"addr":140736916996940,"idx":11}],,,,,,,,,,,,,,,,,,,4096,0,19464,,,,,,,,,,,,,,,,,,,,,,,,,,,,,,,,,,,,,,,,,,,,,,,,,,,,,,,,,,,,,,,,,,,,,,,,,,,,,,,,,,,,,,,,,,,,,,,,,,,
"2025-09-02 15:13:22.8934108Z","ETW","Microsoft-Windows-Kernel-Audit-API-Calls",5,"Info ",2828,20364,"svchost.exe",,,,,,,,,,,,,,,,[{"addr":140736918206916,"idx":0},{"addr":140736882337646,"idx":1},{"addr":140736910267593,"idx":2},{"addr":140736627215706,"idx":3},{"addr":140736627183075,"idx":4},{"addr":140736882620003,"idx":5},{"addr":140736882628366,"idx":6},{"addr":140736881847376,"idx":7},{"addr":140736909646499,"idx":8},{"addr":140736909646267,"idx":9},{"addr":140736909643574,"idx":10},{"addr":140736909641089,"idx":11},{"addr":140736910206646,"idx":12},{"addr":140736909298250,"idx":13},{"addr":140736909422200,"idx":14},{"addr":140736909684515,"idx":15},{"addr":140736882311415,"idx":16},{"addr":140736882088628,"idx":17},{"addr":140736882092154,"idx":18},{"addr":140736882015316,"idx":19},{"addr":140736882081820,"idx":20},{"addr":140736882106396,"idx":21},{"addr":140736882102691,"idx":22},{"addr":140736882098504,"idx":23},{"addr":140736917358174,"idx":24},{"addr":140736917350275,"idx":25},{"addr":140736897083607,"idx":26},{"addr":140736916996940,"idx":27}],,,,,,,,,,,,,,,,,,,4096,0,3568,,,,,,,,,,,,,,,,,,,,,,,,,,,,,,,,,,,,,,,,,,,,,,,,,,,,,,,,,,,,,,,,,,,,,,,,,,,,,,,,,,,,,,,,,,,,,,,,,,,
"2025-09-02 15:13:22.8939497Z","ETW","Microsoft-Windows-Kernel-Process",5,"ImageLoadInfo ",5144,5948,"RuntimeBroker.exe",,,,"C:\Windows\System32\uxtheme.dll",,,,,,,,,,,,[{"addr":140736918203828,"idx":0},{"addr":140736917192506,"idx":1},{"addr":140736917191278,"idx":2},{"addr":140736917210764,"idx":3},{"addr":140736917202269,"idx":4},{"addr":140736917259140,"idx":5},{"addr":140736916785248,"idx":6},{"addr":140736916784352,"idx":7},{"addr":140736917101952,"idx":8},{"addr":140736872000198,"idx":9},{"addr":140736914284989,"idx":10},{"addr":140736918218964,"idx":11},{"addr":140736876126340,"idx":12},{"addr":140736914229722,"idx":13},{"addr":140736914228583,"idx":14},{"addr":140736914228082,"idx":15},{"addr":140736910431671,"idx":16},{"addr":140736909934518,"idx":17},{"addr":140736909932542,"idx":18},{"addr":140736909930953,"idx":19},{"addr":140736909477105,"idx":20},{"addr":140736910320481,"idx":21},{"addr":140736910320153,"idx":22},{"addr":140736897083607,"idx":23},{"addr":140736916996940,"idx":24}],,,,,,,,,5144,,,,,,,,,,,,,,,,,,,,,,,,,,,,,,,,,,,,1095616687,140736820019200,140736820019200,769574,716800,,,,,,,,,,,,,,,,,,,,,,,,,,,,,,,,,,,,,,,,,,,,,,,,,,,,,,,,,,,,,,,,,,,,,,,
"2025-09-02 15:13:22.8943483Z","ETW","Microsoft-Windows-Kernel-Audit-API-Calls",5,"Info ",2496,2756,"svchost.exe",,,,,,,,,,,,,,,,[{"addr":140736918203764,"idx":0},{"addr":140736624153375,"idx":1},{"addr":140736624146038,"idx":2},{"addr":140736624145118,"idx":3},{"addr":140736624193741,"idx":4},{"addr":140700308678045,"idx":5},{"addr":140736881194535,"idx":6},{"addr":140736897083607,"idx":7},{"addr":140736916996940,"idx":8}],,,,,,,,,,,,,,,,,,,5240,0,5144,,,,,,,,,,,,,,,,,,,,,,,,,,,,,,,,,,,,,,,,,,,,,,,,,,,,,,,,,,,,,,,,,,,,,,,,,,,,,,,,,,,,,,,,,,,,,,,,,,,
"2025-09-02 15:13:22.8951585Z","ETW","Microsoft-Windows-Kernel-Audit-API-Calls",6,"Info ",2496,4360,"svchost.exe",,,,,,,,,,,,,,,,[{"addr":140736918212548,"idx":0},{"addr":140736624141675,"idx":1},{"addr":140736624140828,"idx":2},{"addr":140736624140307,"idx":3},{"addr":140736624148436,"idx":4},{"addr":140736624147998,"idx":5},{"addr":140736624154053,"idx":6},{"addr":140736917453874,"idx":7},{"addr":140736917350976,"idx":8},{"addr":140736897083607,"idx":9},{"addr":140736916996940,"idx":10}],,,,,,,,,,,,,,,,,,,64,0,5144,5948,,,,,,,,,,,,,,,,,,,,,,,,,,,,,,,,,,,,,,,,,,,,,,,,,,,,,,,,,,,,,,,,,,,,,,,,,,,,,,,,,,,,,,,,,,,,,,,,,,
"2025-09-02 15:13:22.8951755Z","ETW","Microsoft-Windows-Kernel-Audit-API-Calls",5,"Info ",2496,4360,"svchost.exe",,,,,,,,,,,,,,,,[{"addr":140736918203764,"idx":0},{"addr":140736624141781,"idx":1},{"addr":140736624140828,"idx":2},{"addr":140736624140307,"idx":3},{"addr":140736624148436,"idx":4},{"addr":140736624147998,"idx":5},{"addr":140736624154053,"idx":6},{"addr":140736917453874,"idx":7},{"addr":140736917350976,"idx":8},{"addr":140736897083607,"idx":9},{"addr":140736916996940,"idx":10}],,,,,,,,,,,,,,,,,,,1024,0,5144,,,,,,,,,,,,,,,,,,,,,,,,,,,,,,,,,,,,,,,,,,,,,,,,,,,,,,,,,,,,,,,,,,,,,,,,,,,,,,,,,,,,,,,,,,,,,,,,,,,
"2025-09-02 15:13:22.8955274Z","ETW","Microsoft-Windows-Kernel-Audit-API-Calls",5,"Info ",2828,20364,"svchost.exe",,,,,,,,,,,,,,,,[{"addr":140736918206916,"idx":0},{"addr":140736882337646,"idx":1},{"addr":140736910267593,"idx":2},{"addr":140736627215706,"idx":3},{"addr":140736627186438,"idx":4},{"addr":140736882620003,"idx":5},{"addr":140736882628366,"idx":6},{"addr":140736881847376,"idx":7},{"addr":140736909646499,"idx":8},{"addr":140736909646267,"idx":9},{"addr":140736909643574,"idx":10},{"addr":140736909641089,"idx":11},{"addr":140736910206646,"idx":12},{"addr":140736909298250,"idx":13},{"addr":140736909422200,"idx":14},{"addr":140736909684515,"idx":15},{"addr":140736882311415,"idx":16},{"addr":140736882088628,"idx":17},{"addr":140736882092154,"idx":18},{"addr":140736882015316,"idx":19},{"addr":140736882081820,"idx":20},{"addr":140736882106396,"idx":21},{"addr":140736882102691,"idx":22},{"addr":140736882098504,"idx":23},{"addr":140736917358174,"idx":24},{"addr":140736917350275,"idx":25},{"addr":140736897083607,"idx":26},{"addr":140736916996940,"idx":27}],,,,,,,,,,,,,,,,,,,4096,0,3568,,,,,,,,,,,,,,,,,,,,,,,,,,,,,,,,,,,,,,,,,,,,,,,,,,,,,,,,,,,,,,,,,,,,,,,,,,,,,,,,,,,,,,,,,,,,,,,,,,,
"2025-09-02 15:13:22.8961158Z","ETW","Microsoft-Windows-Kernel-Audit-API-Calls",5,"Info ",2828,20364,"svchost.exe",,,,,,,,,,,,,,,,[{"addr":140736918206916,"idx":0},{"addr":140736882337646,"idx":1},{"addr":140736910267593,"idx":2},{"addr":140736627215706,"idx":3},{"addr":140736627183075,"idx":4},{"addr":140736882620003,"idx":5},{"addr":140736882628366,"idx":6},{"addr":140736881847376,"idx":7},{"addr":140736909646499,"idx":8},{"addr":140736909646267,"idx":9},{"addr":140736909643574,"idx":10},{"addr":140736909641089,"idx":11},{"addr":140736910206646,"idx":12},{"addr":140736909298250,"idx":13},{"addr":140736909422200,"idx":14},{"addr":140736909684515,"idx":15},{"addr":140736882311415,"idx":16},{"addr":140736882088628,"idx":17},{"addr":140736882092154,"idx":18},{"addr":140736882015316,"idx":19},{"addr":140736882081820,"idx":20},{"addr":140736882106396,"idx":21},{"addr":140736882102691,"idx":22},{"addr":140736882098504,"idx":23},{"addr":140736917358174,"idx":24},{"addr":140736917350275,"idx":25},{"addr":140736897083607,"idx":26},{"addr":140736916996940,"idx":27}],,,,,,,,,,,,,,,,,,,4096,0,3568,,,,,,,,,,,,,,,,,,,,,,,,,,,,,,,,,,,,,,,,,,,,,,,,,,,,,,,,,,,,,,,,,,,,,,,,,,,,,,,,,,,,,,,,,,,,,,,,,,,
"2025-09-02 15:13:22.8975382Z","ETW","Microsoft-Windows-Kernel-Process",5,"ImageLoadInfo ",5144,5948,"RuntimeBroker.exe",,,,"C:\Windows\System32\shlwapi.dll",,,,,,,,,,,,[{"addr":140736918203828,"idx":0},{"addr":140736917192506,"idx":1},{"addr":140736917191278,"idx":2},{"addr":140736917190209,"idx":3},{"addr":140736916804181,"idx":4},{"addr":140736916785218,"idx":5},{"addr":140736916786774,"idx":6},{"addr":140736917021315,"idx":7},{"addr":140736917023197,"idx":8},{"addr":140736832559570,"idx":9},{"addr":140736833643786,"idx":10},{"addr":140736830222801,"idx":11},{"addr":140736830219809,"idx":12},{"addr":140736830220815,"idx":13},{"addr":140736830621837,"idx":14},{"addr":140736830149842,"idx":15},{"addr":140736830146064,"idx":16},{"addr":140736830152357,"idx":17},{"addr":140736830606773,"idx":18},{"addr":140736832291353,"idx":19},{"addr":140736882620003,"idx":20},{"addr":140736882628366,"idx":21},{"addr":140736881847376,"idx":22},{"addr":140736909646461,"idx":23},{"addr":140736909646267,"idx":24},{"addr":140736909643574,"idx":25},{"addr":140736909641089,"idx":26},{"addr":140736910206646,"idx":27},{"addr":140736909295908,"idx":28},{"addr":140736909422200,"idx":29},{"addr":140736909415344,"idx":30},{"addr":140736910591195,"idx":31},{"addr":140736914162134,"idx":32},{"addr":140736914152749,"idx":33},{"addr":140736909480995,"idx":34},{"addr":140736909477315,"idx":35},{"addr":140736910320481,"idx":36},{"addr":140736910320153,"idx":37},{"addr":140736897083607,"idx":38},{"addr":140736916996940,"idx":39}],,,,,,,,,5144,,,,,,,,,,,,,,,,,,,,,,,,,,,,,,,,,,,,17834217,140736890601472,140736890601472,465141,434176,,,,,,,,,,,,,,,,,,,,,,,,,,,,,,,,,,,,,,,,,,,,,,,,,,,,,,,,,,,,,,,,,,,,,,,
"2025-09-02 15:13:22.8975894Z","ETW","Microsoft-Antimalware-Engine",59,"Message Info ",1912,13020,"MsMpEng.exe",,,,,,0,"!BMGroup:DridexVulnDlls.A","0x195B3BF987774","01184f82067d771b42525bbf6c6541ec7a8114a3",,,,,,,[],,,,,,,,,,,,,,,,,,,,,,,,,,,,,,,,,,,,,,,,,,,,,,,,,,,,,,,,,,,,,,,,,,,,,,,,,,,,,,,,,,,,,,,,,,,,,,,,,,,,,,,,,,,,,,,,,,,,,,,,
"2025-09-02 15:13:22.8976653Z","ETW","Microsoft-Windows-Kernel-Audit-API-Calls",5,"Info ",2732,20388,"svchost.exe",,,,,,,,,,,,,,,,[{"addr":140736918203764,"idx":0},{"addr":140736872731894,"idx":1},{"addr":140736840023178,"idx":2},{"addr":140736840022763,"idx":3},{"addr":140736654963359,"idx":4},{"addr":140736654959099,"idx":5},{"addr":140736654945170,"idx":6},{"addr":140736654946443,"idx":7},{"addr":140736882620003,"idx":8},{"addr":140736882628366,"idx":9},{"addr":140736882319852,"idx":10},{"addr":140736882311415,"idx":11},{"addr":140736882088628,"idx":12},{"addr":140736882092744,"idx":13},{"addr":140736882015316,"idx":14},{"addr":140736882081820,"idx":15},{"addr":140736882106396,"idx":16},{"addr":140736882102691,"idx":17},{"addr":140736882098504,"idx":18},{"addr":140736917358174,"idx":19},{"addr":140736917350275,"idx":20},{"addr":140736897083607,"idx":21},{"addr":140736916996940,"idx":22}],,,,,,,,,,,,,,,,,,,4096,0,3268,,,,,,,,,,,,,,,,,,,,,,,,,,,,,,,,,,,,,,,,,,,,,,,,,,,,,,,,,,,,,,,,,,,,,,,,,,,,,,,,,,,,,,,,,,,,,,,,,,,
"2025-09-02 15:13:22.8978035Z","ETW","Microsoft-Windows-Kernel-Audit-API-Calls",5,"Info ",2732,20388,"svchost.exe",,,,,,,,,,,,,,,,[{"addr":140736918203764,"idx":0},{"addr":140736872731894,"idx":1},{"addr":140736840023178,"idx":2},{"addr":140736840022763,"idx":3},{"addr":140736654963359,"idx":4},{"addr":140736654959099,"idx":5},{"addr":140736654945170,"idx":6},{"addr":140736654946443,"idx":7},{"addr":140736882620003,"idx":8},{"addr":140736882628366,"idx":9},{"addr":140736882319852,"idx":10},{"addr":140736882311415,"idx":11},{"addr":140736882088628,"idx":12},{"addr":140736882092744,"idx":13},{"addr":140736882015316,"idx":14},{"addr":140736882081820,"idx":15},{"addr":140736882106396,"idx":16},{"addr":140736882102691,"idx":17},{"addr":140736882098504,"idx":18},{"addr":140736917358174,"idx":19},{"addr":140736917350275,"idx":20},{"addr":140736897083607,"idx":21},{"addr":140736916996940,"idx":22}],,,,,,,,,,,,,,,,,,,4096,0,3268,,,,,,,,,,,,,,,,,,,,,,,,,,,,,,,,,,,,,,,,,,,,,,,,,,,,,,,,,,,,,,,,,,,,,,,,,,,,,,,,,,,,,,,,,,,,,,,,,,,
"2025-09-02 15:13:22.8979794Z","ETW","Microsoft-Windows-Kernel-Audit-API-Calls",6,"Info ",760,1176,"csrss.exe",,,,,,,,,,,,,,,,[{"addr":140736918206948,"idx":0},{"addr":140736867540170,"idx":1},{"addr":140736867571939,"idx":2},{"addr":140736916996962,"idx":3}],,,,,,,,,,,,,,,,,,,2097151,0,5144,5948,,,,,,,,,,,,,,,,,,,,,,,,,,,,,,,,,,,,,,,,,,,,,,,,,,,,,,,,,,,,,,,,,,,,,,,,,,,,,,,,,,,,,,,,,,,,,,,,,,
"2025-09-02 15:13:22.8989930Z","ETW","Microsoft-Windows-Kernel-Process",5,"ImageLoadInfo ",5144,15684,"RuntimeBroker.exe",,,,"C:\Windows\System32\twinapi.appcore.dll",,,,,,,,,,,,[{"addr":140736918203828,"idx":0},{"addr":140736917192506,"idx":1},{"addr":140736917191278,"idx":2},{"addr":140736917210764,"idx":3},{"addr":140736917202269,"idx":4},{"addr":140736917259140,"idx":5},{"addr":140736916785248,"idx":6},{"addr":140736916784352,"idx":7},{"addr":140736917101952,"idx":8},{"addr":140736872000198,"idx":9},{"addr":140736909363845,"idx":10},{"addr":140736909362547,"idx":11},{"addr":140736909531736,"idx":12},{"addr":140736909524833,"idx":13},{"addr":140736909523551,"idx":14},{"addr":140736379920090,"idx":15},{"addr":140736380405611,"idx":16},{"addr":140736380404961,"idx":17},{"addr":140736380404710,"idx":18},{"addr":140736882620003,"idx":19},{"addr":140736882628366,"idx":20},{"addr":140736881847376,"idx":21},{"addr":140736909646499,"idx":22},{"addr":140736909646267,"idx":23},{"addr":140736909643574,"idx":24},{"addr":140736909641089,"idx":25},{"addr":140736910206646,"idx":26},{"addr":140736909298250,"idx":27},{"addr":140736909422200,"idx":28},{"addr":140736909684515,"idx":29},{"addr":140736882311415,"idx":30},{"addr":140736882088628,"idx":31},{"addr":140736882092154,"idx":32},{"addr":140736882015316,"idx":33},{"addr":140736882081820,"idx":34},{"addr":140736882106396,"idx":35},{"addr":140736882102691,"idx":36},{"addr":140736882098504,"idx":37},{"addr":140736917358174,"idx":38},{"addr":140736917350275,"idx":39},{"addr":140736897083607,"idx":40},{"addr":140736916996940,"idx":41}],,,,,,,,,5144,,,,,,,,,,,,,,,,,,,,,,,,,,,,,,,,,,,,2889134449,140736717651968,140736717651968,2408796,2326528,,,,,,,,,,,,,,,,,,,,,,,,,,,,,,,,,,,,,,,,,,,,,,,,,,,,,,,,,,,,,,,,,,,,,,,
"2025-09-02 15:13:22.8997681Z","ETW","Microsoft-Windows-Kernel-Audit-API-Calls",6,"Info ",1912,8,"MsMpEng.exe",,,,,,,,,,,,,,,,[{"addr":140736918212548,"idx":0},{"addr":140736872857142,"idx":1},{"addr":140736738243895,"idx":2},{"addr":140736738242452,"idx":3},{"addr":140736657604428,"idx":4},{"addr":140736657598535,"idx":5},{"addr":140736657597146,"idx":6},{"addr":140736658259206,"idx":7},{"addr":140736657749938,"idx":8},{"addr":140736657909615,"idx":9},{"addr":140736658079503,"idx":10},{"addr":140736897083607,"idx":11},{"addr":140736916996940,"idx":12}],,,,,,,,,,,,,,,,,,,2097151,0,1912,8,,,,,,,,,,,,,,,,,,,,,,,,,,,,,,,,,,,,,,,,,,,,,,,,,,,,,,,,,,,,,,,,,,,,,,,,,,,,,,,,,,,,,,,,,,,,,,,,,,
"2025-09-02 15:13:22.9003731Z","ETW","Microsoft-Windows-Kernel-Audit-API-Calls",5,"Info ",5380,5932,"explorer.exe",,,,,,,,,,,,,,,,[{"addr":140736918206916,"idx":0},{"addr":140736882337646,"idx":1},{"addr":140736910267593,"idx":2},{"addr":140736385093137,"idx":3},{"addr":140736385091035,"idx":4},{"addr":140736882620003,"idx":5},{"addr":140736881849533,"idx":6},{"addr":140736881847412,"idx":7},{"addr":140736909646461,"idx":8},{"addr":140736909646267,"idx":9},{"addr":140736909643574,"idx":10},{"addr":140736909641089,"idx":11},{"addr":140736910206646,"idx":12},{"addr":140736909293663,"idx":13},{"addr":140736909422200,"idx":14},{"addr":140736909415344,"idx":15},{"addr":140736909399044,"idx":16},{"addr":140736909260610,"idx":17},{"addr":140736909258954,"idx":18},{"addr":140736385071819,"idx":19},{"addr":140736385153039,"idx":20},{"addr":140736385398901,"idx":21},{"addr":140736385399961,"idx":22},{"addr":140736897083607,"idx":23},{"addr":140736916996940,"idx":24}],,,,,,,,,,,,,,,,,,,4096,0,19464,,,,,,,,,,,,,,,,,,,,,,,,,,,,,,,,,,,,,,,,,,,,,,,,,,,,,,,,,,,,,,,,,,,,,,,,,,,,,,,,,,,,,,,,,,,,,,,,,,,
"2025-09-02 15:13:22.9008414Z","ETW","Microsoft-Windows-Kernel-Process",5,"ImageLoadInfo ",5144,5948,"RuntimeBroker.exe",,,,"C:\Windows\System32\oleaut32.dll",,,,,,,,,,,,[{"addr":140736918203828,"idx":0},{"addr":140736917192506,"idx":1},{"addr":140736917191278,"idx":2},{"addr":140736917190209,"idx":3},{"addr":140736916804181,"idx":4},{"addr":140736916785218,"idx":5},{"addr":140736916786774,"idx":6},{"addr":140736917021315,"idx":7},{"addr":140736917023197,"idx":8},{"addr":140736832559570,"idx":9},{"addr":140736833622217,"idx":10},{"addr":140736831655900,"idx":11},{"addr":140736830178911,"idx":12},{"addr":140736830650523,"idx":13},{"addr":140736830646096,"idx":14},{"addr":140736830664354,"idx":15},{"addr":140736830659549,"idx":16},{"addr":140736830516102,"idx":17},{"addr":140736832173703,"idx":18},{"addr":140736830976663,"idx":19},{"addr":140736832298045,"idx":20},{"addr":140736832297725,"idx":21},{"addr":140736832295124,"idx":22},{"addr":140736832294435,"idx":23},{"addr":140736832294115,"idx":24},{"addr":140736832293876,"idx":25},{"addr":140736832293538,"idx":26},{"addr":140736882620003,"idx":27},{"addr":140736882628366,"idx":28},{"addr":140736881847376,"idx":29},{"addr":140736909646461,"idx":30},{"addr":140736909646267,"idx":31},{"addr":140736909643574,"idx":32},{"addr":140736909641089,"idx":33},{"addr":140736910206646,"idx":34},{"addr":140736909295908,"idx":35},{"addr":140736909422200,"idx":36},{"addr":140736909415344,"idx":37},{"addr":140736910591195,"idx":38},{"addr":140736914162134,"idx":39},{"addr":140736914152749,"idx":40},{"addr":140736909480995,"idx":41},{"addr":140736909477315,"idx":42},{"addr":140736910320481,"idx":43},{"addr":140736910320153,"idx":44},{"addr":140736897083607,"idx":45},{"addr":140736916996940,"idx":46}],,,,,,,,,5144,,,,,,,,,,,,,,,,,,,,,,,,,,,,,,,,,,,,2785821912,140736894861312,140736894861312,927709,917504,,,,,,,,,,,,,,,,,,,,,,,,,,,,,,,,,,,,,,,,,,,,,,,,,,,,,,,,,,,,,,,,,,,,,,,
"2025-09-02 15:13:22.9016255Z","ETW","Microsoft-Windows-Kernel-Process",5,"ImageLoadInfo ",5144,5948,"RuntimeBroker.exe",,,,"C:\Windows\System32\ole32.dll",,,,,,,,,,,,[{"addr":140736918203828,"idx":0},{"addr":140736917192506,"idx":1},{"addr":140736917191278,"idx":2},{"addr":140736917190209,"idx":3},{"addr":140736916804181,"idx":4},{"addr":140736916785218,"idx":5},{"addr":140736916786774,"idx":6},{"addr":140736917021315,"idx":7},{"addr":140736917023197,"idx":8},{"addr":140736832559570,"idx":9},{"addr":140736833645584,"idx":10},{"addr":140736832263963,"idx":11},{"addr":140736832263119,"idx":12},{"addr":140736830163669,"idx":13},{"addr":140736830160527,"idx":14},{"addr":140736830159454,"idx":15},{"addr":140736830158047,"idx":16},{"addr":140736830590407,"idx":17},{"addr":140736830691455,"idx":18},{"addr":140736830684152,"idx":19},{"addr":140736830140496,"idx":20},{"addr":140736830530532,"idx":21},{"addr":140736830531877,"idx":22},{"addr":140736830645647,"idx":23},{"addr":140736830664354,"idx":24},{"addr":140736830659549,"idx":25},{"addr":140736830516102,"idx":26},{"addr":140736832173703,"idx":27},{"addr":140736830976663,"idx":28},{"addr":140736832298045,"idx":29},{"addr":140736832297725,"idx":30},{"addr":140736832295124,"idx":31},{"addr":140736832294435,"idx":32},{"addr":140736832294115,"idx":33},{"addr":140736832293876,"idx":34},{"addr":140736832293538,"idx":35},{"addr":140736882620003,"idx":36},{"addr":140736882628366,"idx":37},{"addr":140736881847376,"idx":38},{"addr":140736909646461,"idx":39},{"addr":140736909646267,"idx":40},{"addr":140736909643574,"idx":41},{"addr":140736909641089,"idx":42},{"addr":140736910206646,"idx":43},{"addr":140736909295908,"idx":44},{"addr":140736909422200,"idx":45},{"addr":140736909415344,"idx":46},{"addr":140736910591195,"idx":47},{"addr":140736914162134,"idx":48},{"addr":140736914152749,"idx":49},{"addr":140736909480995,"idx":50},{"addr":140736909477315,"idx":51},{"addr":140736910320481,"idx":52},{"addr":140736910320153,"idx":53},{"addr":140736897083607,"idx":54},{"addr":140736916996940,"idx":55}],,,,,,,,,5144,,,,,,,,,,,,,,,,,,,,,,,,,,,,,,,,,,,,916019586,140736897744896,140736897744896,1774113,1703936,,,,,,,,,,,,,,,,,,,,,,,,,,,,,,,,,,,,,,,,,,,,,,,,,,,,,,,,,,,,,,,,,,,,,,,
"2025-09-02 15:13:22.9029031Z","ETW","Microsoft-Windows-Kernel-Process",5,"ImageLoadInfo ",5144,6884,"RuntimeBroker.exe",,,,"C:\Windows\System32\cfgmgr32.dll",,,,,,,,,,,,[{"addr":140736918203828,"idx":0},{"addr":140736917192506,"idx":1},{"addr":140736917191278,"idx":2},{"addr":140736917210764,"idx":3},{"addr":140736917201516,"idx":4},{"addr":140736917258922,"idx":5},{"addr":140736916785248,"idx":6},{"addr":140736916786774,"idx":7},{"addr":140736917021315,"idx":8},{"addr":140736917023197,"idx":9},{"addr":140736832559570,"idx":10},{"addr":140736833625714,"idx":11},{"addr":140736831161379,"idx":12},{"addr":140736831155753,"idx":13},{"addr":140736902972741,"idx":14},{"addr":140736917453874,"idx":15},{"addr":140736917350976,"idx":16},{"addr":140736897083607,"idx":17},{"addr":140736916996940,"idx":18}],,,,,,,,,5144,,,,,,,,,,,,,,,,,,,,,,,,,,,,,,,,,,,,836129831,140736862748672,140736862748672,378754,356352,,,,,,,,,,,,,,,,,,,,,,,,,,,,,,,,,,,,,,,,,,,,,,,,,,,,,,,,,,,,,,,,,,,,,,,
"2025-09-02 15:13:22.9034843Z","ETW","Microsoft-Windows-Kernel-Process",5,"ImageLoadInfo ",5144,5948,"RuntimeBroker.exe",,,,"C:\Windows\System32\propsys.dll",,,,,,,,,,,,[{"addr":140736918203828,"idx":0},{"addr":140736917192506,"idx":1},{"addr":140736917191278,"idx":2},{"addr":140736917210764,"idx":3},{"addr":140736917202269,"idx":4},{"addr":140736917259140,"idx":5},{"addr":140736916785248,"idx":6},{"addr":140736916784352,"idx":7},{"addr":140736917101952,"idx":8},{"addr":140736872000198,"idx":9},{"addr":140736909363845,"idx":10},{"addr":140736909362547,"idx":11},{"addr":140736909360794,"idx":12},{"addr":140736909561496,"idx":13},{"addr":140736909365281,"idx":14},{"addr":140736909356853,"idx":15},{"addr":140736910270317,"idx":16},{"addr":140736909359719,"idx":17},{"addr":140736909871367,"idx":18},{"addr":140736910338829,"idx":19},{"addr":140736910332465,"idx":20},{"addr":140736910348734,"idx":21},{"addr":140736910270317,"idx":22},{"addr":140736909350430,"idx":23},{"addr":140736910270317,"idx":24},{"addr":140736909553458,"idx":25},{"addr":140736909548907,"idx":26},{"addr":140736909576880,"idx":27},{"addr":140736831110115,"idx":28},{"addr":140736831108494,"idx":29},{"addr":140736830672190,"idx":30},{"addr":140736830669168,"idx":31},{"addr":140736830719212,"idx":32},{"addr":140736831164869,"idx":33},{"addr":140736830472602,"idx":34},{"addr":140736830653742,"idx":35},{"addr":140736830472602,"idx":36},{"addr":140736830661589,"idx":37},{"addr":140736832264032,"idx":38},{"addr":140736832263119,"idx":39},{"addr":140736830163669,"idx":40},{"addr":140736830160527,"idx":41},{"addr":140736830159454,"idx":42},{"addr":140736830158047,"idx":43},{"addr":140736830590407,"idx":44},{"addr":140736830691455,"idx":45},{"addr":140736830684152,"idx":46},{"addr":140736830140496,"idx":47},{"addr":140736830530532,"idx":48},{"addr":140736830531877,"idx":49},{"addr":140736830645647,"idx":50},{"addr":140736830664354,"idx":51},{"addr":140736830659549,"idx":52},{"addr":140736830516102,"idx":53},{"addr":140736832173703,"idx":54},{"addr":140736830976663,"idx":55},{"addr":140736832298045,"idx":56},{"addr":140736832297725,"idx":57},{"addr":140736832295124,"idx":58},{"addr":140736832294435,"idx":59},{"addr":140736832294115,"idx":60},{"addr":140736832293876,"idx":61},{"addr":140736832293538,"idx":62},{"addr":140736882620003,"idx":63},{"addr":140736882628366,"idx":64},{"addr":140736881847376,"idx":65},{"addr":140736909646461,"idx":66},{"addr":140736909646267,"idx":67},{"addr":140736909643574,"idx":68},{"addr":140736909641089,"idx":69},{"addr":140736910206646,"idx":70},{"addr":140736909295908,"idx":71},{"addr":140736909422200,"idx":72},{"addr":140736909415344,"idx":73},{"addr":140736910591195,"idx":74},{"addr":140736914162134,"idx":75},{"addr":140736914152749,"idx":76},{"addr":140736909480995,"idx":77},{"addr":140736909477315,"idx":78},{"addr":140736910320481,"idx":79},{"addr":140736910320153,"idx":80},{"addr":140736897083607,"idx":81},{"addr":140736916996940,"idx":82}],,,,,,,,,5144,,,,,,,,,,,,,,,,,,,,,,,,,,,,,,,,,,,,3411663920,140736783384576,140736783384576,1157670,1101824,,,,,,,,,,,,,,,,,,,,,,,,,,,,,,,,,,,,,,,,,,,,,,,,,,,,,,,,,,,,,,,,,,,,,,,
"2025-09-02 15:13:22.9056227Z","ETW","Microsoft-Windows-Kernel-Process",3,"ThreadStartStart ",5144,5948,"RuntimeBroker.exe",,,,,,,,,,,,,,,,[{"addr":140736918208964,"idx":0},{"addr":140736872776761,"idx":1},{"addr":140736897102141,"idx":2},{"addr":140736902701861,"idx":3},{"addr":140736903122914,"idx":4},{"addr":140736902708086,"idx":5},{"addr":140736902706669,"idx":6},{"addr":140736783748226,"idx":7},{"addr":140736783748066,"idx":8},{"addr":140736783747827,"idx":9},{"addr":140736783747650,"idx":10},{"addr":140736783747581,"idx":11},{"addr":140736783784050,"idx":12},{"addr":140736783474316,"idx":13},{"addr":140736830824622,"idx":14},{"addr":140736830822761,"idx":15},{"addr":140736833412653,"idx":16},{"addr":140736832062487,"idx":17},{"addr":140736832062487,"idx":18},{"addr":140736830665552,"idx":19},{"addr":140736830659549,"idx":20},{"addr":140736830516102,"idx":21},{"addr":140736832173703,"idx":22},{"addr":140736830976663,"idx":23},{"addr":140736832298045,"idx":24},{"addr":140736832297725,"idx":25},{"addr":140736832295124,"idx":26},{"addr":140736832294435,"idx":27},{"addr":140736832294115,"idx":28},{"addr":140736832293876,"idx":29},{"addr":140736832293538,"idx":30},{"addr":140736882620003,"idx":31},{"addr":140736882628366,"idx":32},{"addr":140736881847376,"idx":33},{"addr":140736909646461,"idx":34},{"addr":140736909646267,"idx":35},{"addr":140736909643574,"idx":36},{"addr":140736909641089,"idx":37},{"addr":140736910206646,"idx":38},{"addr":140736909295908,"idx":39},{"addr":140736909422200,"idx":40},{"addr":140736909415344,"idx":41},{"addr":140736910591195,"idx":42},{"addr":140736914162134,"idx":43},{"addr":140736914152749,"idx":44},{"addr":140736909480995,"idx":45},{"addr":140736909477315,"idx":46},{"addr":140736910320481,"idx":47},{"addr":140736910320153,"idx":48},{"addr":140736897083607,"idx":49},{"addr":140736916996940,"idx":50}],,,,,,,,,5144,18446639081578110976,18446639081578086400,140736902700080,0,915292491776,10692,915297271808,915297222656,140736902700080,,,,,,,,,,,,,,,,,,,,,,,,,,,,,,,,,,,,,,,,,,,,,,,,,,,,,,,,,,,,,,,,,,,,,,,,,,,,,,,,,,,,,,,,,,,,,,,,,,,,,,
"2025-09-02 15:13:22.9071472Z","ETW","Microsoft-Windows-Kernel-Audit-API-Calls",5,"Info ",1912,3012,"MsMpEng.exe",,,,,,,,,,,,,,,,[{"addr":140736918203764,"idx":0},{"addr":140736872731894,"idx":1},{"addr":140733810479103,"idx":2},{"addr":140733810478599,"idx":3},{"addr":140733809630809,"idx":4},{"addr":140733810350687,"idx":5},{"addr":140733810350247,"idx":6},{"addr":140733815177284,"idx":7},{"addr":140733815177051,"idx":8},{"addr":140736917274113,"idx":9},{"addr":140736917350957,"idx":10},{"addr":140736897083607,"idx":11},{"addr":140736916996940,"idx":12}],,,,,,,,,,,,,,,,,,,1052672,3221225483,4294967295,,,,,,,,,,,,,,,,,,,,,,,,,,,,,,,,,,,,,,,,,,,,,,,,,,,,,,,,,,,,,,,,,,,,,,,,,,,,,,,,,,,,,,,,,,,,,,,,,,,
"2025-09-02 15:13:22.9071986Z","ETW","Microsoft-Windows-Kernel-Process",5,"ImageLoadInfo ",5144,10692,"RuntimeBroker.exe",,,,"C:\Windows\System32\Windows.StateRepositoryPS.dll",,,,,,,,,,,,[{"addr":140736918203828,"idx":0},{"addr":140736917192506,"idx":1},{"addr":140736917191278,"idx":2},{"addr":140736917210764,"idx":3},{"addr":140736917202269,"idx":4},{"addr":140736917259140,"idx":5},{"addr":140736916785248,"idx":6},{"addr":140736916784352,"idx":7},{"addr":140736917101952,"idx":8},{"addr":140736872000198,"idx":9},{"addr":140736909363845,"idx":10},{"addr":140736909362547,"idx":11},{"addr":140736909360794,"idx":12},{"addr":140736909561496,"idx":13},{"addr":140736909365281,"idx":14},{"addr":140736909339322,"idx":15},{"addr":140736909195691,"idx":16},{"addr":140736909191304,"idx":17},{"addr":140736909568050,"idx":18},{"addr":140736909567049,"idx":19},{"addr":140736910229700,"idx":20},{"addr":140736910858718,"idx":21},{"addr":140736909460923,"idx":22},{"addr":140736909455813,"idx":23},{"addr":140736909134403,"idx":24},{"addr":140736909231120,"idx":25},{"addr":140736909525351,"idx":26},{"addr":140736909523551,"idx":27},{"addr":140736783679428,"idx":28},{"addr":140736783678225,"idx":29},{"addr":140736783678102,"idx":30},{"addr":140736902703990,"idx":31},{"addr":140736902703274,"idx":32},{"addr":140736902700103,"idx":33},{"addr":140736897083607,"idx":34},{"addr":140736916996940,"idx":35}],,,,,,,,,5144,,,,,,,,,,,,,,,,,,,,,,,,,,,,,,,,,,,,367497931,140736602963968,140736602963968,846822,802816,,,,,,,,,,,,,,,,,,,,,,,,,,,,,,,,,,,,,,,,,,,,,,,,,,,,,,,,,,,,,,,,,,,,,,,
"2025-09-02 15:13:22.9078689Z","ETW","Microsoft-Windows-Kernel-Audit-API-Calls",5,"Info ",2828,11480,"svchost.exe",,,,,,,,,,,,,,,,[{"addr":140736918206916,"idx":0},{"addr":140736882337646,"idx":1},{"addr":140736910267593,"idx":2},{"addr":140736627175582,"idx":3},{"addr":140736627237265,"idx":4},{"addr":140736882620003,"idx":5},{"addr":140736882628366,"idx":6},{"addr":140736881847376,"idx":7},{"addr":140736909646499,"idx":8},{"addr":140736909646267,"idx":9},{"addr":140736909643574,"idx":10},{"addr":140736909641089,"idx":11},{"addr":140736910206646,"idx":12},{"addr":140736909298250,"idx":13},{"addr":140736909422200,"idx":14},{"addr":140736909684515,"idx":15},{"addr":140736882311415,"idx":16},{"addr":140736882088628,"idx":17},{"addr":140736882092154,"idx":18},{"addr":140736882015316,"idx":19},{"addr":140736882081820,"idx":20},{"addr":140736882106396,"idx":21},{"addr":140736882102691,"idx":22},{"addr":140736882098504,"idx":23},{"addr":140736917358174,"idx":24},{"addr":140736917350275,"idx":25},{"addr":140736897083607,"idx":26},{"addr":140736916996940,"idx":27}],,,,,,,,,,,,,,,,,,,4096,3221225506,5144,,,,,,,,,,,,,,,,,,,,,,,,,,,,,,,,,,,,,,,,,,,,,,,,,,,,,,,,,,,,,,,,,,,,,,,,,,,,,,,,,,,,,,,,,,,,,,,,,,,
"2025-09-02 15:13:22.9093787Z","ETW","Microsoft-Windows-Kernel-Process",5,"ImageLoadInfo ",5144,5948,"RuntimeBroker.exe",,,,"C:\Windows\System32\Windows.System.Launcher.dll",,,,,,,,,,,,[{"addr":140736918203828,"idx":0},{"addr":140736917192506,"idx":1},{"addr":140736917191278,"idx":2},{"addr":140736917210764,"idx":3},{"addr":140736917202269,"idx":4},{"addr":140736917259140,"idx":5},{"addr":140736916785248,"idx":6},{"addr":140736916784352,"idx":7},{"addr":140736917101952,"idx":8},{"addr":140736872000198,"idx":9},{"addr":140736909363845,"idx":10},{"addr":140736909362547,"idx":11},{"addr":140736909531736,"idx":12},{"addr":140736909524833,"idx":13},{"addr":140736909523551,"idx":14},{"addr":140736830208159,"idx":15},{"addr":140736831041189,"idx":16},{"addr":140736831041924,"idx":17},{"addr":140736831043871,"idx":18},{"addr":140736831525169,"idx":19},{"addr":140736830205448,"idx":20},{"addr":140736830200565,"idx":21},{"addr":140736832119027,"idx":22},{"addr":140736832118749,"idx":23},{"addr":140736832118603,"idx":24},{"addr":140736830209798,"idx":25},{"addr":140736830209554,"idx":26},{"addr":140736832215385,"idx":27},{"addr":140736832215183,"idx":28},{"addr":140736830824105,"idx":29},{"addr":140736830822761,"idx":30},{"addr":140736833412653,"idx":31},{"addr":140736832062487,"idx":32},{"addr":140736832062487,"idx":33},{"addr":140736830665552,"idx":34},{"addr":140736830659549,"idx":35},{"addr":140736830516102,"idx":36},{"addr":140736832173703,"idx":37},{"addr":140736830976663,"idx":38},{"addr":140736832298045,"idx":39},{"addr":140736832297725,"idx":40},{"addr":140736832295124,"idx":41},{"addr":140736832294435,"idx":42},{"addr":140736832294115,"idx":43},{"addr":140736832293876,"idx":44},{"addr":140736832293538,"idx":45},{"addr":140736882620003,"idx":46},{"addr":140736882628366,"idx":47},{"addr":140736881847376,"idx":48},{"addr":140736909646461,"idx":49},{"addr":140736909646267,"idx":50},{"addr":140736909643574,"idx":51},{"addr":140736909641089,"idx":52},{"addr":140736910206646,"idx":53},{"addr":140736909295908,"idx":54},{"addr":140736909422200,"idx":55},{"addr":140736909415344,"idx":56},{"addr":140736910591195,"idx":57},{"addr":140736914162134,"idx":58},{"addr":140736914152749,"idx":59},{"addr":140736909480995,"idx":60},{"addr":140736909477315,"idx":61},{"addr":140736910320481,"idx":62},{"addr":140736910320153,"idx":63},{"addr":140736897083607,"idx":64},{"addr":140736916996940,"idx":65}],,,,,,,,,5144,,,,,,,,,,,,,,,,,,,,,,,,,,,,,,,,,,,,1243891064,140736566591488,140736566591488,1618084,1576960,,,,,,,,,,,,,,,,,,,,,,,,,,,,,,,,,,,,,,,,,,,,,,,,,,,,,,,,,,,,,,,,,,,,,,,
"2025-09-02 15:13:22.9126007Z","ETW","Microsoft-Windows-Kernel-Process",5,"ImageLoadInfo ",5144,5948,"RuntimeBroker.exe",,,,"C:\Windows\System32\OneCoreCommonProxyStub.dll",,,,,,,,,,,,[{"addr":140736918203828,"idx":0},{"addr":140736917192506,"idx":1},{"addr":140736917191278,"idx":2},{"addr":140736917210764,"idx":3},{"addr":140736917202269,"idx":4},{"addr":140736917259140,"idx":5},{"addr":140736916785248,"idx":6},{"addr":140736916784352,"idx":7},{"addr":140736917101952,"idx":8},{"addr":140736872000198,"idx":9},{"addr":140736909363845,"idx":10},{"addr":140736909362547,"idx":11},{"addr":140736909360794,"idx":12},{"addr":140736909561496,"idx":13},{"addr":140736909365281,"idx":14},{"addr":140736909339322,"idx":15},{"addr":140736909195691,"idx":16},{"addr":140736909191304,"idx":17},{"addr":140736910023632,"idx":18},{"addr":140736909168718,"idx":19},{"addr":140736909164962,"idx":20},{"addr":140736909163671,"idx":21},{"addr":140736909162770,"idx":22},{"addr":140736909159073,"idx":23},{"addr":140736909113640,"idx":24},{"addr":140736909452308,"idx":25},{"addr":140736909451216,"idx":26},{"addr":140736881820045,"idx":27},{"addr":140736881811689,"idx":28},{"addr":140736882631602,"idx":29},{"addr":140736882628630,"idx":30},{"addr":140736881847376,"idx":31},{"addr":140736909646461,"idx":32},{"addr":140736909646267,"idx":33},{"addr":140736909643574,"idx":34},{"addr":140736909641089,"idx":35},{"addr":140736910206646,"idx":36},{"addr":140736909295908,"idx":37},{"addr":140736909422200,"idx":38},{"addr":140736909415344,"idx":39},{"addr":140736910591195,"idx":40},{"addr":140736914162134,"idx":41},{"addr":140736914152749,"idx":42},{"addr":140736909480995,"idx":43},{"addr":140736909477315,"idx":44},{"addr":140736910320481,"idx":45},{"addr":140736910320153,"idx":46},{"addr":140736897083607,"idx":47},{"addr":140736916996940,"idx":48}],,,,,,,,,5144,,,,,,,,,,,,,,,,,,,,,,,,,,,,,,,,,,,,656825553,140736595886080,140736595886080,830688,774144,,,,,,,,,,,,,,,,,,,,,,,,,,,,,,,,,,,,,,,,,,,,,,,,,,,,,,,,,,,,,,,,,,,,,,,
"2025-09-02 15:13:22.9141505Z","ETW","Microsoft-Windows-Kernel-Process",5,"ImageLoadInfo ",5144,15684,"RuntimeBroker.exe",,,,"C:\Windows\System32\iertutil.dll",,,,,,,,,,,,[{"addr":140736918203828,"idx":0},{"addr":140736917192506,"idx":1},{"addr":140736917191278,"idx":2},{"addr":140736917210764,"idx":3},{"addr":140736917202269,"idx":4},{"addr":140736917259140,"idx":5},{"addr":140736916785248,"idx":6},{"addr":140736916784352,"idx":7},{"addr":140736917101952,"idx":8},{"addr":140736872000198,"idx":9},{"addr":140736909363845,"idx":10},{"addr":140736909362547,"idx":11},{"addr":140736909531736,"idx":12},{"addr":140736909524833,"idx":13},{"addr":140736909523551,"idx":14},{"addr":140736379986098,"idx":15},{"addr":140736379923617,"idx":16},{"addr":140736379920885,"idx":17},{"addr":140736380405611,"idx":18},{"addr":140736380404961,"idx":19},{"addr":140736380404710,"idx":20},{"addr":140736882620003,"idx":21},{"addr":140736882628366,"idx":22},{"addr":140736881847376,"idx":23},{"addr":140736909646499,"idx":24},{"addr":140736909646267,"idx":25},{"addr":140736909643574,"idx":26},{"addr":140736909641089,"idx":27},{"addr":140736910206646,"idx":28},{"addr":140736909298250,"idx":29},{"addr":140736909422200,"idx":30},{"addr":140736909684515,"idx":31},{"addr":140736882311415,"idx":32},{"addr":140736882088628,"idx":33},{"addr":140736882092154,"idx":34},{"addr":140736882015316,"idx":35},{"addr":140736882081820,"idx":36},{"addr":140736882106396,"idx":37},{"addr":140736882102691,"idx":38},{"addr":140736882098504,"idx":39},{"addr":140736917358174,"idx":40},{"addr":140736917350275,"idx":41},{"addr":140736897083607,"idx":42},{"addr":140736916996940,"idx":43}],,,,,,,,,5144,,,,,,,,,,,,,,,,,,,,,,,,,,,,,,,,,,,,4273941920,140736732528640,140736732528640,2989039,2924544,,,,,,,,,,,,,,,,,,,,,,,,,,,,,,,,,,,,,,,,,,,,,,,,,,,,,,,,,,,,,,,,,,,,,,,
"2025-09-02 15:13:22.9145514Z","ETW","Microsoft-Windows-Kernel-Process",5,"ImageLoadInfo ",5144,15684,"RuntimeBroker.exe",,,,"C:\Windows\System32\srvcli.dll",,,,,,,,,,,,[{"addr":140736918203828,"idx":0},{"addr":140736917192506,"idx":1},{"addr":140736917191278,"idx":2},{"addr":140736917210764,"idx":3},{"addr":140736917201516,"idx":4},{"addr":140736917258922,"idx":5},{"addr":140736916999751,"idx":6},{"addr":140736916785258,"idx":7},{"addr":140736916784352,"idx":8},{"addr":140736917101952,"idx":9},{"addr":140736872000198,"idx":10},{"addr":140736909363845,"idx":11},{"addr":140736909362547,"idx":12},{"addr":140736909531736,"idx":13},{"addr":140736909524833,"idx":14},{"addr":140736909523551,"idx":15},{"addr":140736379986098,"idx":16},{"addr":140736379923617,"idx":17},{"addr":140736379920885,"idx":18},{"addr":140736380405611,"idx":19},{"addr":140736380404961,"idx":20},{"addr":140736380404710,"idx":21},{"addr":140736882620003,"idx":22},{"addr":140736882628366,"idx":23},{"addr":140736881847376,"idx":24},{"addr":140736909646499,"idx":25},{"addr":140736909646267,"idx":26},{"addr":140736909643574,"idx":27},{"addr":140736909641089,"idx":28},{"addr":140736910206646,"idx":29},{"addr":140736909298250,"idx":30},{"addr":140736909422200,"idx":31},{"addr":140736909684515,"idx":32},{"addr":140736882311415,"idx":33},{"addr":140736882088628,"idx":34},{"addr":140736882092154,"idx":35},{"addr":140736882015316,"idx":36},{"addr":140736882081820,"idx":37},{"addr":140736882106396,"idx":38},{"addr":140736882102691,"idx":39},{"addr":140736882098504,"idx":40},{"addr":140736917358174,"idx":41},{"addr":140736917350275,"idx":42},{"addr":140736897083607,"idx":43},{"addr":140736916996940,"idx":44}],,,,,,,,,5144,,,,,,,,,,,,,,,,,,,,,,,,,,,,,,,,,,,,239922031,140736732135424,140736732135424,181029,167936,,,,,,,,,,,,,,,,,,,,,,,,,,,,,,,,,,,,,,,,,,,,,,,,,,,,,,,,,,,,,,,,,,,,,,,
"2025-09-02 15:13:22.9147633Z","ETW","Microsoft-Windows-Kernel-Process",3,"ThreadStartStart ",5144,13744,"RuntimeBroker.exe",,,,,,,,,,,,,,,,[{"addr":140736918214756,"idx":0},{"addr":140736917257428,"idx":1},{"addr":140736917254706,"idx":2},{"addr":140736917350945,"idx":3},{"addr":140736897083607,"idx":4},{"addr":140736916996940,"idx":5}],,,,,,,,,5144,18446639081578311680,18446639081578287104,140736917348896,0,915292499968,12868,915297796096,915297746944,140736917348896,,,,,,,,,,,,,,,,,,,,,,,,,,,,,,,,,,,,,,,,,,,,,,,,,,,,,,,,,,,,,,,,,,,,,,,,,,,,,,,,,,,,,,,,,,,,,,,,,,,,,,
"2025-09-02 15:13:22.9148062Z","ETW","Microsoft-Windows-Kernel-Process",5,"ImageLoadInfo ",5144,4540,"RuntimeBroker.exe",,,,"C:\Windows\System32\netutils.dll",,,,,,,,,,,,[{"addr":140736918203828,"idx":0},{"addr":140736917192506,"idx":1},{"addr":140736917191278,"idx":2},{"addr":140736917210764,"idx":3},{"addr":140736917201516,"idx":4},{"addr":140736917258922,"idx":5},{"addr":140736917255216,"idx":6},{"addr":140736917350945,"idx":7},{"addr":140736897083607,"idx":8},{"addr":140736916996940,"idx":9}],,,,,,,,,5144,,,,,,,,,,,,,,,,,,,,,,,,,,,,,,,,,,,,865845000,140736841973760,140736841973760,80696,53248,,,,,,,,,,,,,,,,,,,,,,,,,,,,,,,,,,,,,,,,,,,,,,,,,,,,,,,,,,,,,,,,,,,,,,,
"2025-09-02 15:13:22.9153232Z","ETW","Microsoft-Windows-Kernel-Audit-API-Calls",5,"Info ",5144,15684,"RuntimeBroker.exe",,,,,,,,,,,,,,,,[{"addr":140736918203764,"idx":0},{"addr":140736872731894,"idx":1},{"addr":140736732662431,"idx":2},{"addr":140736732658563,"idx":3},{"addr":140736732655943,"idx":4},{"addr":140736732637152,"idx":5},{"addr":140736732632626,"idx":6},{"addr":140736732844814,"idx":7},{"addr":140736916975221,"idx":8},{"addr":140736872573249,"idx":9},{"addr":140736732629242,"idx":10},{"addr":140736732801447,"idx":11},{"addr":140736732671092,"idx":12},{"addr":140736379985415,"idx":13},{"addr":140736379923617,"idx":14},{"addr":140736379920885,"idx":15},{"addr":140736380405611,"idx":16},{"addr":140736380404961,"idx":17},{"addr":140736380404710,"idx":18},{"addr":140736882620003,"idx":19},{"addr":140736882628366,"idx":20},{"addr":140736881847376,"idx":21},{"addr":140736909646499,"idx":22},{"addr":140736909646267,"idx":23},{"addr":140736909643574,"idx":24},{"addr":140736909641089,"idx":25},{"addr":140736910206646,"idx":26},{"addr":140736909298250,"idx":27},{"addr":140736909422200,"idx":28},{"addr":140736909684515,"idx":29},{"addr":140736882311415,"idx":30},{"addr":140736882088628,"idx":31},{"addr":140736882092154,"idx":32},{"addr":140736882015316,"idx":33},{"addr":140736882081820,"idx":34},{"addr":140736882106396,"idx":35},{"addr":140736882102691,"idx":36},{"addr":140736882098504,"idx":37},{"addr":140736917358174,"idx":38},{"addr":140736917350275,"idx":39},{"addr":140736897083607,"idx":40},{"addr":140736916996940,"idx":41}],,,,,,,,,,,,,,,,,,,1024,0,5144,,,,,,,,,,,,,,,,,,,,,,,,,,,,,,,,,,,,,,,,,,,,,,,,,,,,,,,,,,,,,,,,,,,,,,,,,,,,,,,,,,,,,,,,,,,,,,,,,,,
"2025-09-02 15:13:22.9153595Z","ETW","Microsoft-Windows-Kernel-Audit-API-Calls",5,"Info ",5144,15684,"RuntimeBroker.exe",,,,,,,,,,,,,,,,[{"addr":140736918203764,"idx":0},{"addr":140736872731894,"idx":1},{"addr":140736732662431,"idx":2},{"addr":140736732657011,"idx":3},{"addr":140736732637152,"idx":4},{"addr":140736732632626,"idx":5},{"addr":140736732844814,"idx":6},{"addr":140736916975221,"idx":7},{"addr":140736872573249,"idx":8},{"addr":140736732629242,"idx":9},{"addr":140736732801447,"idx":10},{"addr":140736732671092,"idx":11},{"addr":140736379985415,"idx":12},{"addr":140736379923617,"idx":13},{"addr":140736379920885,"idx":14},{"addr":140736380405611,"idx":15},{"addr":140736380404961,"idx":16},{"addr":140736380404710,"idx":17},{"addr":140736882620003,"idx":18},{"addr":140736882628366,"idx":19},{"addr":140736881847376,"idx":20},{"addr":140736909646499,"idx":21},{"addr":140736909646267,"idx":22},{"addr":140736909643574,"idx":23},{"addr":140736909641089,"idx":24},{"addr":140736910206646,"idx":25},{"addr":140736909298250,"idx":26},{"addr":140736909422200,"idx":27},{"addr":140736909684515,"idx":28},{"addr":140736882311415,"idx":29},{"addr":140736882088628,"idx":30},{"addr":140736882092154,"idx":31},{"addr":140736882015316,"idx":32},{"addr":140736882081820,"idx":33},{"addr":140736882106396,"idx":34},{"addr":140736882102691,"idx":35},{"addr":140736882098504,"idx":36},{"addr":140736917358174,"idx":37},{"addr":140736917350275,"idx":38},{"addr":140736897083607,"idx":39},{"addr":140736916996940,"idx":40}],,,,,,,,,,,,,,,,,,,1024,0,5144,,,,,,,,,,,,,,,,,,,,,,,,,,,,,,,,,,,,,,,,,,,,,,,,,,,,,,,,,,,,,,,,,,,,,,,,,,,,,,,,,,,,,,,,,,,,,,,,,,,
"2025-09-02 15:13:22.9209158Z","ETW","Microsoft-Windows-Kernel-Process",3,"ThreadStartStart ",1168,13896,"dwm.exe",,,,,,,,,,,,,,,,[{"addr":140736918214756,"idx":0},{"addr":140736917257428,"idx":1},{"addr":140736917254706,"idx":2},{"addr":140736917350945,"idx":3},{"addr":140736897083607,"idx":4},{"addr":140736916996940,"idx":5}],,,,,,,,,1168,18446639081578283008,18446639081578258432,140736917348896,0,717583978496,10536,717590364160,717590355968,140736917348896,,,,,,,,,,,,,,,,,,,,,,,,,,,,,,,,,,,,,,,,,,,,,,,,,,,,,,,,,,,,,,,,,,,,,,,,,,,,,,,,,,,,,,,,,,,,,,,,,,,,,,
"2025-09-02 15:13:22.9219030Z","ETW","Microsoft-Windows-Kernel-Process",5,"ImageLoadInfo ",5144,15684,"RuntimeBroker.exe",,,,"C:\Windows\System32\Windows.Web.dll",,,,,,,,,,,,[{"addr":140736918203828,"idx":0},{"addr":140736917192506,"idx":1},{"addr":140736917191278,"idx":2},{"addr":140736917210764,"idx":3},{"addr":140736917202269,"idx":4},{"addr":140736917259140,"idx":5},{"addr":140736916785248,"idx":6},{"addr":140736916784352,"idx":7},{"addr":140736917101952,"idx":8},{"addr":140736872000198,"idx":9},{"addr":140736909363845,"idx":10},{"addr":140736909362547,"idx":11},{"addr":140736909531736,"idx":12},{"addr":140736909524833,"idx":13},{"addr":140736909523551,"idx":14},{"addr":140736717896150,"idx":15},{"addr":140736379922698,"idx":16},{"addr":140736380405611,"idx":17},{"addr":140736380404961,"idx":18},{"addr":140736380404710,"idx":19},{"addr":140736882620003,"idx":20},{"addr":140736882628366,"idx":21},{"addr":140736881847376,"idx":22},{"addr":140736909646499,"idx":23},{"addr":140736909646267,"idx":24},{"addr":140736909643574,"idx":25},{"addr":140736909641089,"idx":26},{"addr":140736910206646,"idx":27},{"addr":140736909298250,"idx":28},{"addr":140736909422200,"idx":29},{"addr":140736909684515,"idx":30},{"addr":140736882311415,"idx":31},{"addr":140736882088628,"idx":32},{"addr":140736882092154,"idx":33},{"addr":140736882015316,"idx":34},{"addr":140736882081820,"idx":35},{"addr":140736882106396,"idx":36},{"addr":140736882102691,"idx":37},{"addr":140736882098504,"idx":38},{"addr":140736917358174,"idx":39},{"addr":140736917350275,"idx":40},{"addr":140736897083607,"idx":41},{"addr":140736916996940,"idx":42}],,,,,,,,,5144,,,,,,,,,,,,,,,,,,,,,,,,,,,,,,,,,,,,3852841257,140736564428800,140736564428800,635758,634880,,,,,,,,,,,,,,,,,,,,,,,,,,,,,,,,,,,,,,,,,,,,,,,,,,,,,,,,,,,,,,,,,,,,,,,
"2025-09-02 15:13:22.9235379Z","ETW","Microsoft-Windows-Kernel-Process",5,"ImageLoadInfo ",19464,8676,"CalculatorApp.exe",,,,"C:\Windows\System32\Windows.Web.dll",,,,,,,,,,,,[{"addr":140736918203828,"idx":0},{"addr":140736917192506,"idx":1},{"addr":140736917191278,"idx":2},{"addr":140736917210764,"idx":3},{"addr":140736917202269,"idx":4},{"addr":140736917259140,"idx":5},{"addr":140736916785248,"idx":6},{"addr":140736916784352,"idx":7},{"addr":140736917101952,"idx":8},{"addr":140736872000198,"idx":9},{"addr":140736909363845,"idx":10},{"addr":140736909362547,"idx":11},{"addr":140736909531736,"idx":12},{"addr":140736909524833,"idx":13},{"addr":140736909523551,"idx":14},{"addr":140736717891525,"idx":15},{"addr":140736717890163,"idx":16},{"addr":140736718272463,"idx":17},{"addr":140736718264349,"idx":18},{"addr":140736902703990,"idx":19},{"addr":140736902703274,"idx":20},{"addr":140736902700103,"idx":21},{"addr":140736897083607,"idx":22},{"addr":140736916996940,"idx":23}],,,,,,,,,19464,,,,,,,,,,,,,,,,,,,,,,,,,,,,,,,,,,,,3852841257,140736564428800,140736564428800,635758,634880,,,,,,,,,,,,,,,,,,,,,,,,,,,,,,,,,,,,,,,,,,,,,,,,,,,,,,,,,,,,,,,,,,,,,,,
"2025-09-02 15:13:22.9269419Z","ETW","Microsoft-Windows-Kernel-Audit-API-Calls",6,"Info ",1912,8,"MsMpEng.exe",,,,,,,,,,,,,,,,[{"addr":140736918212548,"idx":0},{"addr":140736872857142,"idx":1},{"addr":140736738243895,"idx":2},{"addr":140736738242452,"idx":3},{"addr":140736657604428,"idx":4},{"addr":140736657598535,"idx":5},{"addr":140736657597146,"idx":6},{"addr":140736658259206,"idx":7},{"addr":140736657749938,"idx":8},{"addr":140736657909615,"idx":9},{"addr":140736658079503,"idx":10},{"addr":140736897083607,"idx":11},{"addr":140736916996940,"idx":12}],,,,,,,,,,,,,,,,,,,2097151,0,1912,8,,,,,,,,,,,,,,,,,,,,,,,,,,,,,,,,,,,,,,,,,,,,,,,,,,,,,,,,,,,,,,,,,,,,,,,,,,,,,,,,,,,,,,,,,,,,,,,,,,
"2025-09-02 15:13:22.9313380Z","ETW","Microsoft-Windows-Kernel-Process",5,"ImageLoadInfo ",5144,6884,"RuntimeBroker.exe",,,,"C:\Windows\System32\profapi.dll",,,,,,,,,,,,[{"addr":140736918203828,"idx":0},{"addr":140736917192506,"idx":1},{"addr":140736917191278,"idx":2},{"addr":140736917210764,"idx":3},{"addr":140736917201516,"idx":4},{"addr":140736917258922,"idx":5},{"addr":140736916785248,"idx":6},{"addr":140736916786774,"idx":7},{"addr":140736917021315,"idx":8},{"addr":140736917023197,"idx":9},{"addr":140736832559570,"idx":10},{"addr":140736833636814,"idx":11},{"addr":140736831844749,"idx":12},{"addr":140736830622759,"idx":13},{"addr":140736830149842,"idx":14},{"addr":140736830146064,"idx":15},{"addr":140736830152357,"idx":16},{"addr":140736830618281,"idx":17},{"addr":140736832914853,"idx":18},{"addr":140736831613407,"idx":19},{"addr":140736831614865,"idx":20},{"addr":140736832756549,"idx":21},{"addr":140736909115343,"idx":22},{"addr":140736909452308,"idx":23},{"addr":140736909451216,"idx":24},{"addr":140736881811471,"idx":25},{"addr":140736882645184,"idx":26},{"addr":140736882637411,"idx":27},{"addr":140736910089846,"idx":28},{"addr":140736911506466,"idx":29},{"addr":140736379917278,"idx":30},{"addr":140736882620003,"idx":31},{"addr":140736882628366,"idx":32},{"addr":140736881847376,"idx":33},{"addr":140736909646499,"idx":34},{"addr":140736909646267,"idx":35},{"addr":140736909643574,"idx":36},{"addr":140736909641089,"idx":37},{"addr":140736910206646,"idx":38},{"addr":140736909298250,"idx":39},{"addr":140736909422200,"idx":40},{"addr":140736909684515,"idx":41},{"addr":140736882311415,"idx":42},{"addr":140736882088628,"idx":43},{"addr":140736882092154,"idx":44},{"addr":140736882015316,"idx":45},{"addr":140736882081820,"idx":46},{"addr":140736882106396,"idx":47},{"addr":140736882102691,"idx":48},{"addr":140736882098504,"idx":49},{"addr":140736917358174,"idx":50},{"addr":140736917350275,"idx":51},{"addr":140736897083607,"idx":52},{"addr":140736916996940,"idx":53}],,,,,,,,,5144,,,,,,,,,,,,,,,,,,,,,,,,,,,,,,,,,,,,2107422311,140736866746368,140736866746368,182967,167936,,,,,,,,,,,,,,,,,,,,,,,,,,,,,,,,,,,,,,,,,,,,,,,,,,,,,,,,,,,,,,,,,,,,,,,
"2025-09-02 15:13:22.9406635Z","ETW","Microsoft-Windows-Kernel-Process",3,"ThreadStartStart ",4168,13504,"svchost.exe",,,,,,,,,,,,,,,,[{"addr":140736918216388,"idx":0},{"addr":140736917669762,"idx":1},{"addr":140736882108009,"idx":2},{"addr":140736882106619,"idx":3},{"addr":140736882102691,"idx":4},{"addr":140736882098504,"idx":5},{"addr":140736917358174,"idx":6},{"addr":140736917350275,"idx":7},{"addr":140736897083607,"idx":8},{"addr":140736916996940,"idx":9}],,,,,,,,,4168,18446639081578426368,18446639081578401792,140736917348896,237,814456274944,22488,814459387904,814459355136,140736917348896,,,,,,,,,,,,,,,,,,,,,,,,,,,,,,,,,,,,,,,,,,,,,,,,,,,,,,,,,,,,,,,,,,,,,,,,,,,,,,,,,,,,,,,,,,,,,,,,,,,,,,
"2025-09-02 15:13:22.9424116Z","ETW","Microsoft-Windows-Kernel-Process",5,"ImageLoadInfo ",5144,5948,"RuntimeBroker.exe",,,,"C:\Windows\System32\policymanager.dll",,,,,,,,,,,,[{"addr":140736918203828,"idx":0},{"addr":140736917192506,"idx":1},{"addr":140736917191278,"idx":2},{"addr":140736917210764,"idx":3},{"addr":140736917202269,"idx":4},{"addr":140736917259140,"idx":5},{"addr":140736916785248,"idx":6},{"addr":140736916786774,"idx":7},{"addr":140736917021315,"idx":8},{"addr":140736917023197,"idx":9},{"addr":140736832559570,"idx":10},{"addr":140736833652585,"idx":11},{"addr":140736832296992,"idx":12},{"addr":140736832295320,"idx":13},{"addr":140736882620003,"idx":14},{"addr":140736882628366,"idx":15},{"addr":140736881847376,"idx":16},{"addr":140736909646461,"idx":17},{"addr":140736909646267,"idx":18},{"addr":140736909643574,"idx":19},{"addr":140736909641089,"idx":20},{"addr":140736910206646,"idx":21},{"addr":140736909295908,"idx":22},{"addr":140736909422200,"idx":23},{"addr":140736909415344,"idx":24},{"addr":140736910591195,"idx":25},{"addr":140736914162134,"idx":26},{"addr":140736914152749,"idx":27},{"addr":140736909480995,"idx":28},{"addr":140736909477315,"idx":29},{"addr":140736910320481,"idx":30},{"addr":140736910320153,"idx":31},{"addr":140736897083607,"idx":32},{"addr":140736916996940,"idx":33}],,,,,,,,,5144,,,,,,,,,,,,,,,,,,,,,,,,,,,,,,,,,,,,2757975175,140736805928960,140736805928960,801211,737280,,,,,,,,,,,,,,,,,,,,,,,,,,,,,,,,,,,,,,,,,,,,,,,,,,,,,,,,,,,,,,,,,,,,,,,
"2025-09-02 15:13:22.9429727Z","ETW","Microsoft-Windows-Kernel-Process",5,"ImageLoadInfo ",5144,5948,"RuntimeBroker.exe",,,,"C:\Windows\System32\msvcp110_win.dll",,,,,,,,,,,,[{"addr":140736918203828,"idx":0},{"addr":140736917192506,"idx":1},{"addr":140736917191278,"idx":2},{"addr":140736917210764,"idx":3},{"addr":140736917201516,"idx":4},{"addr":140736917258922,"idx":5},{"addr":140736916999751,"idx":6},{"addr":140736916785258,"idx":7},{"addr":140736916786774,"idx":8},{"addr":140736917021315,"idx":9},{"addr":140736917023197,"idx":10},{"addr":140736832559570,"idx":11},{"addr":140736833652585,"idx":12},{"addr":140736832296992,"idx":13},{"addr":140736832295320,"idx":14},{"addr":140736882620003,"idx":15},{"addr":140736882628366,"idx":16},{"addr":140736881847376,"idx":17},{"addr":140736909646461,"idx":18},{"addr":140736909646267,"idx":19},{"addr":140736909643574,"idx":20},{"addr":140736909641089,"idx":21},{"addr":140736910206646,"idx":22},{"addr":140736909295908,"idx":23},{"addr":140736909422200,"idx":24},{"addr":140736909415344,"idx":25},{"addr":140736910591195,"idx":26},{"addr":140736914162134,"idx":27},{"addr":140736914152749,"idx":28},{"addr":140736909480995,"idx":29},{"addr":140736909477315,"idx":30},{"addr":140736910320481,"idx":31},{"addr":140736910320153,"idx":32},{"addr":140736897083607,"idx":33},{"addr":140736916996940,"idx":34}],,,,,,,,,5144,,,,,,,,,,,,,,,,,,,,,,,,,,,,,,,,,,,,3464179610,140736793542656,140736793542656,602786,593920,,,,,,,,,,,,,,,,,,,,,,,,,,,,,,,,,,,,,,,,,,,,,,,,,,,,,,,,,,,,,,,,,,,,,,,
"2025-09-02 15:13:22.9444994Z","ETW","Microsoft-Windows-Kernel-Process",5,"ImageLoadInfo ",5144,5948,"RuntimeBroker.exe",,,,"C:\Windows\System32\bcrypt.dll",,,,,,,,,,,,[{"addr":140736918203828,"idx":0},{"addr":140736917192506,"idx":1},{"addr":140736917191278,"idx":2},{"addr":140736917210764,"idx":3},{"addr":140736917201516,"idx":4},{"addr":140736917258922,"idx":5},{"addr":140736916785248,"idx":6},{"addr":140736916786774,"idx":7},{"addr":140736917021315,"idx":8},{"addr":140736917023197,"idx":9},{"addr":140736832559570,"idx":10},{"addr":140736833638416,"idx":11},{"addr":140736832300055,"idx":12},{"addr":140736832299761,"idx":13},{"addr":140736832298212,"idx":14},{"addr":140736832293027,"idx":15},{"addr":140736882620003,"idx":16},{"addr":140736882628366,"idx":17},{"addr":140736881847376,"idx":18},{"addr":140736909646461,"idx":19},{"addr":140736909646267,"idx":20},{"addr":140736909643574,"idx":21},{"addr":140736909641089,"idx":22},{"addr":140736910206646,"idx":23},{"addr":140736909295908,"idx":24},{"addr":140736909422200,"idx":25},{"addr":140736909415344,"idx":26},{"addr":140736910591195,"idx":27},{"addr":140736914162134,"idx":28},{"addr":140736914152749,"idx":29},{"addr":140736909480995,"idx":30},{"addr":140736909477315,"idx":31},{"addr":140736910320481,"idx":32},{"addr":140736910320153,"idx":33},{"addr":140736897083607,"idx":34},{"addr":140736916996940,"idx":35}],,,,,,,,,5144,,,,,,,,,,,,,,,,,,,,,,,,,,,,,,,,,,,,3023801214,140736866549760,140736866549760,216761,155648,,,,,,,,,,,,,,,,,,,,,,,,,,,,,,,,,,,,,,,,,,,,,,,,,,,,,,,,,,,,,,,,,,,,,,,
"2025-09-02 15:13:22.9452317Z","ETW","Microsoft-Windows-Kernel-File",30,"CreateNewFileInfo ",5144,5948,"RuntimeBroker.exe",,,,"C:\Users\hacker\AppData\Roaming\Microsoft\Windows\Recent\CustomDestinations\F3NR0DMLSL3WBUL8OUP9.temp",,,,,,,,,,,,[{"addr":140736918205268,"idx":0},{"addr":140736872716567,"idx":1},{"addr":140736872407957,"idx":2},{"addr":140736902763939,"idx":3},{"addr":140736902762887,"idx":4},{"addr":140736902761019,"idx":5},{"addr":140736832299147,"idx":6},{"addr":140736832298231,"idx":7},{"addr":140736832293027,"idx":8},{"addr":140736882620003,"idx":9},{"addr":140736882628366,"idx":10},{"addr":140736881847376,"idx":11},{"addr":140736909646461,"idx":12},{"addr":140736909646267,"idx":13},{"addr":140736909643574,"idx":14},{"addr":140736909641089,"idx":15},{"addr":140736910206646,"idx":16},{"addr":140736909295908,"idx":17},{"addr":140736909422200,"idx":18},{"addr":140736909415344,"idx":19},{"addr":140736910591195,"idx":20},{"addr":140736914162134,"idx":21},{"addr":140736914152749,"idx":22},{"addr":140736909480995,"idx":23},{"addr":140736909477315,"idx":24},{"addr":140736910320481,"idx":25},{"addr":140736910320153,"idx":26},{"addr":140736897083607,"idx":27},{"addr":140736916996940,"idx":28}],0,83886176,18446660010973869952,18446660011199738104,5948,3,,,,,,,,,,,,,,,,,,,,,,,,,,,,,,,,,,,,,,,,,,,,,,,,,,,,,,,,,,,,,,,,,,,,,,,,,,,,,,,,,,,,,,,,,,,,,,,,,,,,,,,,,,,,,,,,,,
"2025-09-02 15:13:22.9452509Z","ETW","Microsoft-Windows-Kernel-File",10,"NameCreateInfo ",5144,5948,"RuntimeBroker.exe",,,,"C:\Users\hacker\AppData\Roaming\Microsoft\Windows\Recent\CustomDestinations\F3NR0DMLSL3WBUL8OUP9.temp",,,,,,,,,,,,[{"addr":140736918205268,"idx":0},{"addr":140736872716567,"idx":1},{"addr":140736872407957,"idx":2},{"addr":140736902763939,"idx":3},{"addr":140736902762887,"idx":4},{"addr":140736902761019,"idx":5},{"addr":140736832299147,"idx":6},{"addr":140736832298231,"idx":7},{"addr":140736832293027,"idx":8},{"addr":140736882620003,"idx":9},{"addr":140736882628366,"idx":10},{"addr":140736881847376,"idx":11},{"addr":140736909646461,"idx":12},{"addr":140736909646267,"idx":13},{"addr":140736909643574,"idx":14},{"addr":140736909641089,"idx":15},{"addr":140736910206646,"idx":16},{"addr":140736909295908,"idx":17},{"addr":140736909422200,"idx":18},{"addr":140736909415344,"idx":19},{"addr":140736910591195,"idx":20},{"addr":140736914162134,"idx":21},{"addr":140736914152749,"idx":22},{"addr":140736909480995,"idx":23},{"addr":140736909477315,"idx":24},{"addr":140736910320481,"idx":25},{"addr":140736910320153,"idx":26},{"addr":140736897083607,"idx":27},{"addr":140736916996940,"idx":28}],,,,,,,18446708904126505328,,,,,,,,,,,,,,,,,,,,,,,,,,,,,,,,,,,,,,,,,,,,,,,,,,,,,,,,,,,,,,,,,,,,,,,,,,,,,,,,,,,,,,,,,,,,,,,,,,,,,,,,,,,,,,,,,
"2025-09-02 15:13:22.9531737Z","ETW","Microsoft-Windows-Kernel-Audit-API-Calls",6,"Info ",1912,8,"MsMpEng.exe",,,,,,,,,,,,,,,,[{"addr":140736918212548,"idx":0},{"addr":140736872857142,"idx":1},{"addr":140736738243895,"idx":2},{"addr":140736738242452,"idx":3},{"addr":140736657604428,"idx":4},{"addr":140736657598535,"idx":5},{"addr":140736657597146,"idx":6},{"addr":140736658259206,"idx":7},{"addr":140736657749938,"idx":8},{"addr":140736657909615,"idx":9},{"addr":140736658079503,"idx":10},{"addr":140736897083607,"idx":11},{"addr":140736916996940,"idx":12}],,,,,,,,,,,,,,,,,,,2097151,0,1912,8,,,,,,,,,,,,,,,,,,,,,,,,,,,,,,,,,,,,,,,,,,,,,,,,,,,,,,,,,,,,,,,,,,,,,,,,,,,,,,,,,,,,,,,,,,,,,,,,,,
"2025-09-02 15:13:22.9538139Z","ETW","Microsoft-Windows-Kernel-Audit-API-Calls",6,"Info ",1912,8,"MsMpEng.exe",,,,,,,,,,,,,,,,[{"addr":140736918212548,"idx":0},{"addr":140736872857142,"idx":1},{"addr":140736738243895,"idx":2},{"addr":140736738242452,"idx":3},{"addr":140736657604428,"idx":4},{"addr":140736657598535,"idx":5},{"addr":140736657597146,"idx":6},{"addr":140736658259206,"idx":7},{"addr":140736657749938,"idx":8},{"addr":140736657909615,"idx":9},{"addr":140736658079503,"idx":10},{"addr":140736897083607,"idx":11},{"addr":140736916996940,"idx":12}],,,,,,,,,,,,,,,,,,,2097151,0,1912,8,,,,,,,,,,,,,,,,,,,,,,,,,,,,,,,,,,,,,,,,,,,,,,,,,,,,,,,,,,,,,,,,,,,,,,,,,,,,,,,,,,,,,,,,,,,,,,,,,,
"2025-09-02 15:13:22.9542195Z","ETW","Microsoft-Antimalware-Engine",59,"Message Info ",1912,11468,"MsMpEng.exe",,,,,,0,"Behavior:Win32/PossiblePrifou.B","0x2FB39B78EF5B","dee03b1414328fc32bba20bc5d2cff27aeb7ddb9",,,,,,,[],,,,,,,,,,,,,,,,,,,,,,,,,,,,,,,,,,,,,,,,,,,,,,,,,,,,,,,,,,,,,,,,,,,,,,,,,,,,,,,,,,,,,,,,,,,,,,,,,,,,,,,,,,,,,,,,,,,,,,,,
"2025-09-02 15:13:22.9544053Z","ETW","Microsoft-Windows-Kernel-Process",5,"ImageLoadInfo ",5144,5948,"RuntimeBroker.exe",,,,"C:\Windows\System32\ntmarta.dll",,,,,,,,,,,,[{"addr":140736918203828,"idx":0},{"addr":140736917192506,"idx":1},{"addr":140736917191278,"idx":2},{"addr":140736917210764,"idx":3},{"addr":140736917202269,"idx":4},{"addr":140736917259140,"idx":5},{"addr":140736916785248,"idx":6},{"addr":140736916786774,"idx":7},{"addr":140736917021315,"idx":8},{"addr":140736917023197,"idx":9},{"addr":140736896038530,"idx":10},{"addr":140736896110417,"idx":11},{"addr":140736896032856,"idx":12},{"addr":140736872824001,"idx":13},{"addr":140736872817080,"idx":14},{"addr":140736872815687,"idx":15},{"addr":140736832298294,"idx":16},{"addr":140736832293027,"idx":17},{"addr":140736882620003,"idx":18},{"addr":140736882628366,"idx":19},{"addr":140736881847376,"idx":20},{"addr":140736909646461,"idx":21},{"addr":140736909646267,"idx":22},{"addr":140736909643574,"idx":23},{"addr":140736909641089,"idx":24},{"addr":140736910206646,"idx":25},{"addr":140736909295908,"idx":26},{"addr":140736909422200,"idx":27},{"addr":140736909415344,"idx":28},{"addr":140736910591195,"idx":29},{"addr":140736914162134,"idx":30},{"addr":140736914152749,"idx":31},{"addr":140736909480995,"idx":32},{"addr":140736909477315,"idx":33},{"addr":140736910320481,"idx":34},{"addr":140736910320153,"idx":35},{"addr":140736897083607,"idx":36},{"addr":140736916996940,"idx":37}],,,,,,,,,5144,,,,,,,,,,,,,,,,,,,,,,,,,,,,,,,,,,,,2803059627,140736849510400,140736849510400,286201,221184,,,,,,,,,,,,,,,,,,,,,,,,,,,,,,,,,,,,,,,,,,,,,,,,,,,,,,,,,,,,,,,,,,,,,,,
"2025-09-02 15:13:22.9551914Z","ETW","Microsoft-Windows-Kernel-File",30,"CreateNewFileInfo ",5144,5948,"RuntimeBroker.exe",,,,"C:\Users\hacker\AppData\Roaming\Microsoft\Windows\Recent\CustomDestinations\ff99ba2fb2e34b73.customDestinations-ms~RFaa309a8.TMP",,,,,,,,,,,,[{"addr":140736918205268,"idx":0},{"addr":140736872716567,"idx":1},{"addr":140736872407957,"idx":2},{"addr":140736872817524,"idx":3},{"addr":140736872815687,"idx":4},{"addr":140736832298294,"idx":5},{"addr":140736832293027,"idx":6},{"addr":140736882620003,"idx":7},{"addr":140736882628366,"idx":8},{"addr":140736881847376,"idx":9},{"addr":140736909646461,"idx":10},{"addr":140736909646267,"idx":11},{"addr":140736909643574,"idx":12},{"addr":140736909641089,"idx":13},{"addr":140736910206646,"idx":14},{"addr":140736909295908,"idx":15},{"addr":140736909422200,"idx":16},{"addr":140736909415344,"idx":17},{"addr":140736910591195,"idx":18},{"addr":140736914162134,"idx":19},{"addr":140736914152749,"idx":20},{"addr":140736909480995,"idx":21},{"addr":140736909477315,"idx":22},{"addr":140736910320481,"idx":23},{"addr":140736910320153,"idx":24},{"addr":140736897083607,"idx":25},{"addr":140736916996940,"idx":26}],258,33554528,18446660010973893952,18446660010799999624,5948,0,,,,,,,,,,,,,,,,,,,,,,,,,,,,,,,,,,,,,,,,,,,,,,,,,,,,,,,,,,,,,,,,,,,,,,,,,,,,,,,,,,,,,,,,,,,,,,,,,,,,,,,,,,,,,,,,,,
"2025-09-02 15:13:22.9552073Z","ETW","Microsoft-Windows-Kernel-File",10,"NameCreateInfo ",5144,5948,"RuntimeBroker.exe",,,,"C:\Users\hacker\AppData\Roaming\Microsoft\Windows\Recent\CustomDestinations\ff99ba2fb2e34b73.customDestinations-ms~RFaa309a8.TMP",,,,,,,,,,,,[{"addr":140736918205268,"idx":0},{"addr":140736872716567,"idx":1},{"addr":140736872407957,"idx":2},{"addr":140736872817524,"idx":3},{"addr":140736872815687,"idx":4},{"addr":140736832298294,"idx":5},{"addr":140736832293027,"idx":6},{"addr":140736882620003,"idx":7},{"addr":140736882628366,"idx":8},{"addr":140736881847376,"idx":9},{"addr":140736909646461,"idx":10},{"addr":140736909646267,"idx":11},{"addr":140736909643574,"idx":12},{"addr":140736909641089,"idx":13},{"addr":140736910206646,"idx":14},{"addr":140736909295908,"idx":15},{"addr":140736909422200,"idx":16},{"addr":140736909415344,"idx":17},{"addr":140736910591195,"idx":18},{"addr":140736914162134,"idx":19},{"addr":140736914152749,"idx":20},{"addr":140736909480995,"idx":21},{"addr":140736909477315,"idx":22},{"addr":140736910320481,"idx":23},{"addr":140736910320153,"idx":24},{"addr":140736897083607,"idx":25},{"addr":140736916996940,"idx":26}],,,,,,,18446708904214991216,,,,,,,,,,,,,,,,,,,,,,,,,,,,,,,,,,,,,,,,,,,,,,,,,,,,,,,,,,,,,,,,,,,,,,,,,,,,,,,,,,,,,,,,,,,,,,,,,,,,,,,,,,,,,,,,,
"2025-09-02 15:13:22.9555508Z","ETW","Microsoft-Windows-Kernel-File",10,"NameCreateInfo ",5144,5948,"RuntimeBroker.exe",,,,"C:\Users\hacker\AppData\Roaming\Microsoft\Windows\Recent\CustomDestinations\ff99ba2fb2e34b73.customDestinations-ms~RFaa309a8.TMP",,,,,,,,,,,,[{"addr":140736918203796,"idx":0},{"addr":140736872818717,"idx":1},{"addr":140736872815687,"idx":2},{"addr":140736832298294,"idx":3},{"addr":140736832293027,"idx":4},{"addr":140736882620003,"idx":5},{"addr":140736882628366,"idx":6},{"addr":140736881847376,"idx":7},{"addr":140736909646461,"idx":8},{"addr":140736909646267,"idx":9},{"addr":140736909643574,"idx":10},{"addr":140736909641089,"idx":11},{"addr":140736910206646,"idx":12},{"addr":140736909295908,"idx":13},{"addr":140736909422200,"idx":14},{"addr":140736909415344,"idx":15},{"addr":140736910591195,"idx":16},{"addr":140736914162134,"idx":17},{"addr":140736914152749,"idx":18},{"addr":140736909480995,"idx":19},{"addr":140736909477315,"idx":20},{"addr":140736910320481,"idx":21},{"addr":140736910320153,"idx":22},{"addr":140736897083607,"idx":23},{"addr":140736916996940,"idx":24}],,,,,,,18446708904371133296,,,,,,,,,,,,,,,,,,,,,,,,,,,,,,,,,,,,,,,,,,,,,,,,,,,,,,,,,,,,,,,,,,,,,,,,,,,,,,,,,,,,,,,,,,,,,,,,,,,,,,,,,,,,,,,,,
"2025-09-02 15:13:22.9557596Z","ETW","Microsoft-Windows-Kernel-File",10,"NameCreateInfo ",5144,5948,"RuntimeBroker.exe",,,,"C:\Users\hacker\AppData\Roaming\Microsoft\Windows\Recent\CustomDestinations\ff99ba2fb2e34b73.customDestinations-ms",,,,,,,,,,,,[{"addr":140736918203796,"idx":0},{"addr":140736872818879,"idx":1},{"addr":140736872815687,"idx":2},{"addr":140736832298294,"idx":3},{"addr":140736832293027,"idx":4},{"addr":140736882620003,"idx":5},{"addr":140736882628366,"idx":6},{"addr":140736881847376,"idx":7},{"addr":140736909646461,"idx":8},{"addr":140736909646267,"idx":9},{"addr":140736909643574,"idx":10},{"addr":140736909641089,"idx":11},{"addr":140736910206646,"idx":12},{"addr":140736909295908,"idx":13},{"addr":140736909422200,"idx":14},{"addr":140736909415344,"idx":15},{"addr":140736910591195,"idx":16},{"addr":140736914162134,"idx":17},{"addr":140736914152749,"idx":18},{"addr":140736909480995,"idx":19},{"addr":140736909477315,"idx":20},{"addr":140736910320481,"idx":21},{"addr":140736910320153,"idx":22},{"addr":140736897083607,"idx":23},{"addr":140736916996940,"idx":24}],,,,,,,18446708904126505328,,,,,,,,,,,,,,,,,,,,,,,,,,,,,,,,,,,,,,,,,,,,,,,,,,,,,,,,,,,,,,,,,,,,,,,,,,,,,,,,,,,,,,,,,,,,,,,,,,,,,,,,,,,,,,,,,
"2025-09-02 15:13:22.9562004Z","ETW","Microsoft-Windows-Kernel-Audit-API-Calls",5,"Info ",5144,5948,"RuntimeBroker.exe",,,,,,,,,,,,,,,,[{"addr":140736918203764,"idx":0},{"addr":140736872731894,"idx":1},{"addr":140736902901161,"idx":2},{"addr":140736902777787,"idx":3},{"addr":140736902776933,"idx":4},{"addr":140736902771614,"idx":5},{"addr":140736902771295,"idx":6},{"addr":140736831492162,"idx":7},{"addr":140736831622048,"idx":8},{"addr":140736831620211,"idx":9},{"addr":140736830373386,"idx":10},{"addr":140736830370612,"idx":11},{"addr":140736832293122,"idx":12},{"addr":140736882620003,"idx":13},{"addr":140736882628366,"idx":14},{"addr":140736881847376,"idx":15},{"addr":140736909646461,"idx":16},{"addr":140736909646267,"idx":17},{"addr":140736909643574,"idx":18},{"addr":140736909641089,"idx":19},{"addr":140736910206646,"idx":20},{"addr":140736909295908,"idx":21},{"addr":140736909422200,"idx":22},{"addr":140736909415344,"idx":23},{"addr":140736910591195,"idx":24},{"addr":140736914162134,"idx":25},{"addr":140736914152749,"idx":26},{"addr":140736909480995,"idx":27},{"addr":140736909477315,"idx":28},{"addr":140736910320481,"idx":29},{"addr":140736910320153,"idx":30},{"addr":140736897083607,"idx":31},{"addr":140736916996940,"idx":32}],,,,,,,,,,,,,,,,,,,64,0,5380,,,,,,,,,,,,,,,,,,,,,,,,,,,,,,,,,,,,,,,,,,,,,,,,,,,,,,,,,,,,,,,,,,,,,,,,,,,,,,,,,,,,,,,,,,,,,,,,,,,
"2025-09-02 15:13:22.9562113Z","ETW","Microsoft-Windows-Kernel-Audit-API-Calls",5,"Info ",5144,5948,"RuntimeBroker.exe",,,,,,,,,,,,,,,,[{"addr":140736918203764,"idx":0},{"addr":140736872731894,"idx":1},{"addr":140736902901161,"idx":2},{"addr":140736902778083,"idx":3},{"addr":140736902776933,"idx":4},{"addr":140736902771614,"idx":5},{"addr":140736902771295,"idx":6},{"addr":140736831492162,"idx":7},{"addr":140736831622048,"idx":8},{"addr":140736831620211,"idx":9},{"addr":140736830373386,"idx":10},{"addr":140736830370612,"idx":11},{"addr":140736832293122,"idx":12},{"addr":140736882620003,"idx":13},{"addr":140736882628366,"idx":14},{"addr":140736881847376,"idx":15},{"addr":140736909646461,"idx":16},{"addr":140736909646267,"idx":17},{"addr":140736909643574,"idx":18},{"addr":140736909641089,"idx":19},{"addr":140736910206646,"idx":20},{"addr":140736909295908,"idx":21},{"addr":140736909422200,"idx":22},{"addr":140736909415344,"idx":23},{"addr":140736910591195,"idx":24},{"addr":140736914162134,"idx":25},{"addr":140736914152749,"idx":26},{"addr":140736909480995,"idx":27},{"addr":140736909477315,"idx":28},{"addr":140736910320481,"idx":29},{"addr":140736910320153,"idx":30},{"addr":140736897083607,"idx":31},{"addr":140736916996940,"idx":32}],,,,,,,,,,,,,,,,,,,64,0,5380,,,,,,,,,,,,,,,,,,,,,,,,,,,,,,,,,,,,,,,,,,,,,,,,,,,,,,,,,,,,,,,,,,,,,,,,,,,,,,,,,,,,,,,,,,,,,,,,,,,
"2025-09-02 15:13:22.9562724Z","ETW","Microsoft-Windows-Kernel-Audit-API-Calls",5,"Info ",5144,5948,"RuntimeBroker.exe",,,,,,,,,,,,,,,,[{"addr":140736918203764,"idx":0},{"addr":140736872731894,"idx":1},{"addr":140736902901161,"idx":2},{"addr":140736902782794,"idx":3},{"addr":140736902776817,"idx":4},{"addr":140736831492186,"idx":5},{"addr":140736831622048,"idx":6},{"addr":140736831620211,"idx":7},{"addr":140736830373386,"idx":8},{"addr":140736830370612,"idx":9},{"addr":140736832293122,"idx":10},{"addr":140736882620003,"idx":11},{"addr":140736882628366,"idx":12},{"addr":140736881847376,"idx":13},{"addr":140736909646461,"idx":14},{"addr":140736909646267,"idx":15},{"addr":140736909643574,"idx":16},{"addr":140736909641089,"idx":17},{"addr":140736910206646,"idx":18},{"addr":140736909295908,"idx":19},{"addr":140736909422200,"idx":20},{"addr":140736909415344,"idx":21},{"addr":140736910591195,"idx":22},{"addr":140736914162134,"idx":23},{"addr":140736914152749,"idx":24},{"addr":140736909480995,"idx":25},{"addr":140736909477315,"idx":26},{"addr":140736910320481,"idx":27},{"addr":140736910320153,"idx":28},{"addr":140736897083607,"idx":29},{"addr":140736916996940,"idx":30}],,,,,,,,,,,,,,,,,,,64,0,5380,,,,,,,,,,,,,,,,,,,,,,,,,,,,,,,,,,,,,,,,,,,,,,,,,,,,,,,,,,,,,,,,,,,,,,,,,,,,,,,,,,,,,,,,,,,,,,,,,,,
"2025-09-02 15:13:22.9563200Z","ETW","Microsoft-Antimalware-Engine",59,"Message Info ",1912,11468,"MsMpEng.exe",,,,,,0,"Behavior:Win32/ASRUsbCopiedRenamed","0x19B3CC206E0B","7cd6872bd369cad262956a7857d3829369d711f7",,,,,,,[],,,,,,,,,,,,,,,,,,,,,,,,,,,,,,,,,,,,,,,,,,,,,,,,,,,,,,,,,,,,,,,,,,,,,,,,,,,,,,,,,,,,,,,,,,,,,,,,,,,,,,,,,,,,,,,,,,,,,,,,
"2025-09-02 15:13:22.9563317Z","ETW","Microsoft-Windows-Kernel-Audit-API-Calls",5,"Info ",5144,5948,"RuntimeBroker.exe",,,,,,,,,,,,,,,,[{"addr":140736918203764,"idx":0},{"addr":140736872731894,"idx":1},{"addr":140736902901161,"idx":2},{"addr":140736902777787,"idx":3},{"addr":140736902776933,"idx":4},{"addr":140736902771614,"idx":5},{"addr":140736902771295,"idx":6},{"addr":140736831621481,"idx":7},{"addr":140736831620371,"idx":8},{"addr":140736830373386,"idx":9},{"addr":140736830370612,"idx":10},{"addr":140736832293122,"idx":11},{"addr":140736882620003,"idx":12},{"addr":140736882628366,"idx":13},{"addr":140736881847376,"idx":14},{"addr":140736909646461,"idx":15},{"addr":140736909646267,"idx":16},{"addr":140736909643574,"idx":17},{"addr":140736909641089,"idx":18},{"addr":140736910206646,"idx":19},{"addr":140736909295908,"idx":20},{"addr":140736909422200,"idx":21},{"addr":140736909415344,"idx":22},{"addr":140736910591195,"idx":23},{"addr":140736914162134,"idx":24},{"addr":140736914152749,"idx":25},{"addr":140736909480995,"idx":26},{"addr":140736909477315,"idx":27},{"addr":140736910320481,"idx":28},{"addr":140736910320153,"idx":29},{"addr":140736897083607,"idx":30},{"addr":140736916996940,"idx":31}],,,,,,,,,,,,,,,,,,,64,0,5380,,,,,,,,,,,,,,,,,,,,,,,,,,,,,,,,,,,,,,,,,,,,,,,,,,,,,,,,,,,,,,,,,,,,,,,,,,,,,,,,,,,,,,,,,,,,,,,,,,,
"2025-09-02 15:13:22.9563384Z","ETW","Microsoft-Windows-Kernel-Audit-API-Calls",5,"Info ",5144,5948,"RuntimeBroker.exe",,,,,,,,,,,,,,,,[{"addr":140736918203764,"idx":0},{"addr":140736872731894,"idx":1},{"addr":140736902901161,"idx":2},{"addr":140736902778083,"idx":3},{"addr":140736902776933,"idx":4},{"addr":140736902771614,"idx":5},{"addr":140736902771295,"idx":6},{"addr":140736831621481,"idx":7},{"addr":140736831620371,"idx":8},{"addr":140736830373386,"idx":9},{"addr":140736830370612,"idx":10},{"addr":140736832293122,"idx":11},{"addr":140736882620003,"idx":12},{"addr":140736882628366,"idx":13},{"addr":140736881847376,"idx":14},{"addr":140736909646461,"idx":15},{"addr":140736909646267,"idx":16},{"addr":140736909643574,"idx":17},{"addr":140736909641089,"idx":18},{"addr":140736910206646,"idx":19},{"addr":140736909295908,"idx":20},{"addr":140736909422200,"idx":21},{"addr":140736909415344,"idx":22},{"addr":140736910591195,"idx":23},{"addr":140736914162134,"idx":24},{"addr":140736914152749,"idx":25},{"addr":140736909480995,"idx":26},{"addr":140736909477315,"idx":27},{"addr":140736910320481,"idx":28},{"addr":140736910320153,"idx":29},{"addr":140736897083607,"idx":30},{"addr":140736916996940,"idx":31}],,,,,,,,,,,,,,,,,,,64,0,5380,,,,,,,,,,,,,,,,,,,,,,,,,,,,,,,,,,,,,,,,,,,,,,,,,,,,,,,,,,,,,,,,,,,,,,,,,,,,,,,,,,,,,,,,,,,,,,,,,,,
"2025-09-02 15:13:22.9563840Z","ETW","Microsoft-Windows-Kernel-Audit-API-Calls",5,"Info ",5144,5948,"RuntimeBroker.exe",,,,,,,,,,,,,,,,[{"addr":140736918203764,"idx":0},{"addr":140736872731894,"idx":1},{"addr":140736902901161,"idx":2},{"addr":140736902782794,"idx":3},{"addr":140736902778337,"idx":4},{"addr":140736831621517,"idx":5},{"addr":140736831620371,"idx":6},{"addr":140736830373386,"idx":7},{"addr":140736830370612,"idx":8},{"addr":140736832293122,"idx":9},{"addr":140736882620003,"idx":10},{"addr":140736882628366,"idx":11},{"addr":140736881847376,"idx":12},{"addr":140736909646461,"idx":13},{"addr":140736909646267,"idx":14},{"addr":140736909643574,"idx":15},{"addr":140736909641089,"idx":16},{"addr":140736910206646,"idx":17},{"addr":140736909295908,"idx":18},{"addr":140736909422200,"idx":19},{"addr":140736909415344,"idx":20},{"addr":140736910591195,"idx":21},{"addr":140736914162134,"idx":22},{"addr":140736914152749,"idx":23},{"addr":140736909480995,"idx":24},{"addr":140736909477315,"idx":25},{"addr":140736910320481,"idx":26},{"addr":140736910320153,"idx":27},{"addr":140736897083607,"idx":28},{"addr":140736916996940,"idx":29}],,,,,,,,,,,,,,,,,,,64,0,5380,,,,,,,,,,,,,,,,,,,,,,,,,,,,,,,,,,,,,,,,,,,,,,,,,,,,,,,,,,,,,,,,,,,,,,,,,,,,,,,,,,,,,,,,,,,,,,,,,,,
"2025-09-02 15:13:22.9564270Z","ETW","Microsoft-Windows-Kernel-Audit-API-Calls",5,"Info ",5144,5948,"RuntimeBroker.exe",,,,,,,,,,,,,,,,[{"addr":140736918203764,"idx":0},{"addr":140736872731894,"idx":1},{"addr":140736902901161,"idx":2},{"addr":140736902782794,"idx":3},{"addr":140736902778337,"idx":4},{"addr":140736835828973,"idx":5},{"addr":140736831621689,"idx":6},{"addr":140736831620371,"idx":7},{"addr":140736830373386,"idx":8},{"addr":140736830370612,"idx":9},{"addr":140736832293122,"idx":10},{"addr":140736882620003,"idx":11},{"addr":140736882628366,"idx":12},{"addr":140736881847376,"idx":13},{"addr":140736909646461,"idx":14},{"addr":140736909646267,"idx":15},{"addr":140736909643574,"idx":16},{"addr":140736909641089,"idx":17},{"addr":140736910206646,"idx":18},{"addr":140736909295908,"idx":19},{"addr":140736909422200,"idx":20},{"addr":140736909415344,"idx":21},{"addr":140736910591195,"idx":22},{"addr":140736914162134,"idx":23},{"addr":140736914152749,"idx":24},{"addr":140736909480995,"idx":25},{"addr":140736909477315,"idx":26},{"addr":140736910320481,"idx":27},{"addr":140736910320153,"idx":28},{"addr":140736897083607,"idx":29},{"addr":140736916996940,"idx":30}],,,,,,,,,,,,,,,,,,,64,0,5380,,,,,,,,,,,,,,,,,,,,,,,,,,,,,,,,,,,,,,,,,,,,,,,,,,,,,,,,,,,,,,,,,,,,,,,,,,,,,,,,,,,,,,,,,,,,,,,,,,,
"2025-09-02 15:13:22.9571119Z","ETW","Microsoft-Antimalware-Engine",59,"Message Info ",1912,11468,"MsMpEng.exe",,,,,,0,"Behavior:Win32/ASRUsbCopiedRenamed","0x19B3CC206E0B","7cd6872bd369cad262956a7857d3829369d711f7",,,,,,,[],,,,,,,,,,,,,,,,,,,,,,,,,,,,,,,,,,,,,,,,,,,,,,,,,,,,,,,,,,,,,,,,,,,,,,,,,,,,,,,,,,,,,,,,,,,,,,,,,,,,,,,,,,,,,,,,,,,,,,,,
"2025-09-02 15:13:23.0341020Z","ETW","Microsoft-Windows-Kernel-Audit-API-Calls",5,"Info ",1912,10404,"MsMpEng.exe",,,,,,,,,,,,,,,,[{"addr":140736918203764,"idx":0},{"addr":140736872731894,"idx":1},{"addr":140733810479103,"idx":2},{"addr":140733810478599,"idx":3},{"addr":140733809630809,"idx":4},{"addr":140733810350687,"idx":5},{"addr":140733810350247,"idx":6},{"addr":140733815177284,"idx":7},{"addr":140733815177051,"idx":8},{"addr":140736917274113,"idx":9},{"addr":140736917350957,"idx":10},{"addr":140736897083607,"idx":11},{"addr":140736916996940,"idx":12}],,,,,,,,,,,,,,,,,,,1052672,0,13192,,,,,,,,,,,,,,,,,,,,,,,,,,,,,,,,,,,,,,,,,,,,,,,,,,,,,,,,,,,,,,,,,,,,,,,,,,,,,,,,,,,,,,,,,,,,,,,,,,,
"2025-09-02 15:13:23.0485215Z","ETW","Microsoft-Windows-Kernel-Process",6,"ImageUnloadInfo ",13192,1244,"WerFault.exe",,,,"C:\Windows\System32\fcon.dll",,,,,,,,,,,,[{"addr":140736918203892,"idx":0},{"addr":140736917028534,"idx":1},{"addr":140736916779098,"idx":2},{"addr":140736916773567,"idx":3},{"addr":140736872000489,"idx":4},{"addr":140736909949854,"idx":5},{"addr":140736909944133,"idx":6},{"addr":140736909367016,"idx":7},{"addr":140736909232512,"idx":8},{"addr":140736909233542,"idx":9},{"addr":140736909233853,"idx":10},{"addr":140736909930487,"idx":11},{"addr":140736909930057,"idx":12},{"addr":140736823487209,"idx":13},{"addr":140736823334942,"idx":14},{"addr":140736823929387,"idx":15},{"addr":140736823342543,"idx":16},{"addr":140736823342026,"idx":17},{"addr":140736823799441,"idx":18},{"addr":140736823727626,"idx":19},{"addr":140736823756633,"idx":20},{"addr":140736823459595,"idx":21},{"addr":140736823674498,"idx":22},{"addr":140736823587658,"idx":23},{"addr":140733981343415,"idx":24},{"addr":140733981360014,"idx":25},{"addr":140733981359838,"idx":26},{"addr":140733981332330,"idx":27},{"addr":140702874837458,"idx":28},{"addr":140702874561549,"idx":29},{"addr":140702874566272,"idx":30},{"addr":140702874543067,"idx":31},{"addr":140736897083607,"idx":32},{"addr":140736916996940,"idx":33}],,,,,,,,,13192,,,,,,,,,,,,,,,,,,,,,,,,,,,,,,,,,,,,3641107254,140736550862848,140736550862848,797216,811008,,,,,,,,,,,,,,,,,,,,,,,,,,,,,,,,,,,,,,,,,,,,,,,,,,,,,,,,,,,,,,,,,,,,,,,
"2025-09-02 15:13:23.0494731Z","ETW","Microsoft-Windows-Kernel-Process",5,"ImageLoadInfo ",13192,1244,"WerFault.exe",,,,"C:\Windows\System32\twinapi.appcore.dll",,,,,,,,,,,,[{"addr":140736918203828,"idx":0},{"addr":140736917192506,"idx":1},{"addr":140736917191278,"idx":2},{"addr":140736917210764,"idx":3},{"addr":140736917202269,"idx":4},{"addr":140736917259140,"idx":5},{"addr":140736916785248,"idx":6},{"addr":140736916784352,"idx":7},{"addr":140736917101952,"idx":8},{"addr":140736872000198,"idx":9},{"addr":140736909363845,"idx":10},{"addr":140736909362547,"idx":11},{"addr":140736909531736,"idx":12},{"addr":140736909524833,"idx":13},{"addr":140736909523551,"idx":14},{"addr":140736823419438,"idx":15},{"addr":140736823335119,"idx":16},{"addr":140736823929387,"idx":17},{"addr":140736823342543,"idx":18},{"addr":140736823342026,"idx":19},{"addr":140736823799441,"idx":20},{"addr":140736823727626,"idx":21},{"addr":140736823756633,"idx":22},{"addr":140736823459595,"idx":23},{"addr":140736823674498,"idx":24},{"addr":140736823587658,"idx":25},{"addr":140733981343415,"idx":26},{"addr":140733981360014,"idx":27},{"addr":140733981359838,"idx":28},{"addr":140733981332330,"idx":29},{"addr":140702874837458,"idx":30},{"addr":140702874561549,"idx":31},{"addr":140702874566272,"idx":32},{"addr":140702874543067,"idx":33},{"addr":140736897083607,"idx":34},{"addr":140736916996940,"idx":35}],,,,,,,,,13192,,,,,,,,,,,,,,,,,,,,,,,,,,,,,,,,,,,,2889134449,140736717651968,140736717651968,2408796,2326528,,,,,,,,,,,,,,,,,,,,,,,,,,,,,,,,,,,,,,,,,,,,,,,,,,,,,,,,,,,,,,,,,,,,,,,
"2025-09-02 15:13:23.0501862Z","ETW","Microsoft-Windows-Kernel-Process",5,"ImageLoadInfo ",13192,1244,"WerFault.exe",,,,"C:\Windows\System32\policymanager.dll",,,,,,,,,,,,[{"addr":140736918203828,"idx":0},{"addr":140736917192506,"idx":1},{"addr":140736917191278,"idx":2},{"addr":140736917210764,"idx":3},{"addr":140736917202269,"idx":4},{"addr":140736917259140,"idx":5},{"addr":140736916785248,"idx":6},{"addr":140736916786774,"idx":7},{"addr":140736917021315,"idx":8},{"addr":140736917023197,"idx":9},{"addr":140736718090018,"idx":10},{"addr":140736718350868,"idx":11},{"addr":140736717923752,"idx":12},{"addr":140736823419476,"idx":13},{"addr":140736823335119,"idx":14},{"addr":140736823929387,"idx":15},{"addr":140736823342543,"idx":16},{"addr":140736823342026,"idx":17},{"addr":140736823799441,"idx":18},{"addr":140736823727626,"idx":19},{"addr":140736823756633,"idx":20},{"addr":140736823459595,"idx":21},{"addr":140736823674498,"idx":22},{"addr":140736823587658,"idx":23},{"addr":140733981343415,"idx":24},{"addr":140733981360014,"idx":25},{"addr":140733981359838,"idx":26},{"addr":140733981332330,"idx":27},{"addr":140702874837458,"idx":28},{"addr":140702874561549,"idx":29},{"addr":140702874566272,"idx":30},{"addr":140702874543067,"idx":31},{"addr":140736897083607,"idx":32},{"addr":140736916996940,"idx":33}],,,,,,,,,13192,,,,,,,,,,,,,,,,,,,,,,,,,,,,,,,,,,,,2757975175,140736805928960,140736805928960,801211,737280,,,,,,,,,,,,,,,,,,,,,,,,,,,,,,,,,,,,,,,,,,,,,,,,,,,,,,,,,,,,,,,,,,,,,,,
"2025-09-02 15:13:23.0506239Z","ETW","Microsoft-Windows-Kernel-Process",5,"ImageLoadInfo ",13192,22064,"WerFault.exe",,,,"C:\Windows\System32\msvcp110_win.dll",,,,,,,,,,,,[{"addr":140736918203828,"idx":0},{"addr":140736917192506,"idx":1},{"addr":140736917191278,"idx":2},{"addr":140736917210764,"idx":3},{"addr":140736917201516,"idx":4},{"addr":140736917258922,"idx":5},{"addr":140736917255216,"idx":6},{"addr":140736917350945,"idx":7},{"addr":140736897083607,"idx":8},{"addr":140736916996940,"idx":9}],,,,,,,,,13192,,,,,,,,,,,,,,,,,,,,,,,,,,,,,,,,,,,,3464179610,140736793542656,140736793542656,602786,593920,,,,,,,,,,,,,,,,,,,,,,,,,,,,,,,,,,,,,,,,,,,,,,,,,,,,,,,,,,,,,,,,,,,,,,,
"2025-09-02 15:13:23.0518545Z","ETW","Microsoft-Windows-Kernel-Process",6,"ImageUnloadInfo ",13192,1244,"WerFault.exe",,,,"C:\Windows\System32\msvcp110_win.dll",,,,,,,,,,,,[{"addr":140736918203892,"idx":0},{"addr":140736917028534,"idx":1},{"addr":140736916779098,"idx":2},{"addr":140736916769422,"idx":3},{"addr":140736916769266,"idx":4},{"addr":140736916769266,"idx":5},{"addr":140736916768404,"idx":6},{"addr":140736916773680,"idx":7},{"addr":140736872000489,"idx":8},{"addr":140736909949854,"idx":9},{"addr":140736909944133,"idx":10},{"addr":140736909367016,"idx":11},{"addr":140736909232512,"idx":12},{"addr":140736909233542,"idx":13},{"addr":140736909233853,"idx":14},{"addr":140736909930487,"idx":15},{"addr":140736909930057,"idx":16},{"addr":140736823419569,"idx":17},{"addr":140736823335119,"idx":18},{"addr":140736823929387,"idx":19},{"addr":140736823342543,"idx":20},{"addr":140736823342026,"idx":21},{"addr":140736823799441,"idx":22},{"addr":140736823727626,"idx":23},{"addr":140736823756633,"idx":24},{"addr":140736823459595,"idx":25},{"addr":140736823674498,"idx":26},{"addr":140736823587658,"idx":27},{"addr":140733981343415,"idx":28},{"addr":140733981360014,"idx":29},{"addr":140733981359838,"idx":30},{"addr":140733981332330,"idx":31},{"addr":140702874837458,"idx":32},{"addr":140702874561549,"idx":33},{"addr":140702874566272,"idx":34},{"addr":140702874543067,"idx":35},{"addr":140736897083607,"idx":36},{"addr":140736916996940,"idx":37}],,,,,,,,,13192,,,,,,,,,,,,,,,,,,,,,,,,,,,,,,,,,,,,3464179610,140736793542656,140736793542656,602786,606208,,,,,,,,,,,,,,,,,,,,,,,,,,,,,,,,,,,,,,,,,,,,,,,,,,,,,,,,,,,,,,,,,,,,,,,
"2025-09-02 15:13:23.0519215Z","ETW","Microsoft-Windows-Kernel-Process",6,"ImageUnloadInfo ",13192,1244,"WerFault.exe",,,,"C:\Windows\System32\policymanager.dll",,,,,,,,,,,,[{"addr":140736918203892,"idx":0},{"addr":140736917028534,"idx":1},{"addr":140736916779098,"idx":2},{"addr":140736916769422,"idx":3},{"addr":140736916769266,"idx":4},{"addr":140736916768404,"idx":5},{"addr":140736916773680,"idx":6},{"addr":140736872000489,"idx":7},{"addr":140736909949854,"idx":8},{"addr":140736909944133,"idx":9},{"addr":140736909367016,"idx":10},{"addr":140736909232512,"idx":11},{"addr":140736909233542,"idx":12},{"addr":140736909233853,"idx":13},{"addr":140736909930487,"idx":14},{"addr":140736909930057,"idx":15},{"addr":140736823419569,"idx":16},{"addr":140736823335119,"idx":17},{"addr":140736823929387,"idx":18},{"addr":140736823342543,"idx":19},{"addr":140736823342026,"idx":20},{"addr":140736823799441,"idx":21},{"addr":140736823727626,"idx":22},{"addr":140736823756633,"idx":23},{"addr":140736823459595,"idx":24},{"addr":140736823674498,"idx":25},{"addr":140736823587658,"idx":26},{"addr":140733981343415,"idx":27},{"addr":140733981360014,"idx":28},{"addr":140733981359838,"idx":29},{"addr":140733981332330,"idx":30},{"addr":140702874837458,"idx":31},{"addr":140702874561549,"idx":32},{"addr":140702874566272,"idx":33},{"addr":140702874543067,"idx":34},{"addr":140736897083607,"idx":35},{"addr":140736916996940,"idx":36}],,,,,,,,,13192,,,,,,,,,,,,,,,,,,,,,,,,,,,,,,,,,,,,2757975175,140736805928960,140736805928960,801211,749568,,,,,,,,,,,,,,,,,,,,,,,,,,,,,,,,,,,,,,,,,,,,,,,,,,,,,,,,,,,,,,,,,,,,,,,
"2025-09-02 15:13:23.0519922Z","ETW","Microsoft-Windows-Kernel-Process",6,"ImageUnloadInfo ",13192,1244,"WerFault.exe",,,,"C:\Windows\System32\twinapi.appcore.dll",,,,,,,,,,,,[{"addr":140736918203892,"idx":0},{"addr":140736917028534,"idx":1},{"addr":140736916779098,"idx":2},{"addr":140736916773567,"idx":3},{"addr":140736872000489,"idx":4},{"addr":140736909949854,"idx":5},{"addr":140736909944133,"idx":6},{"addr":140736909367016,"idx":7},{"addr":140736909232512,"idx":8},{"addr":140736909233542,"idx":9},{"addr":140736909233853,"idx":10},{"addr":140736909930487,"idx":11},{"addr":140736909930057,"idx":12},{"addr":140736823419569,"idx":13},{"addr":140736823335119,"idx":14},{"addr":140736823929387,"idx":15},{"addr":140736823342543,"idx":16},{"addr":140736823342026,"idx":17},{"addr":140736823799441,"idx":18},{"addr":140736823727626,"idx":19},{"addr":140736823756633,"idx":20},{"addr":140736823459595,"idx":21},{"addr":140736823674498,"idx":22},{"addr":140736823587658,"idx":23},{"addr":140733981343415,"idx":24},{"addr":140733981360014,"idx":25},{"addr":140733981359838,"idx":26},{"addr":140733981332330,"idx":27},{"addr":140702874837458,"idx":28},{"addr":140702874561549,"idx":29},{"addr":140702874566272,"idx":30},{"addr":140702874543067,"idx":31},{"addr":140736897083607,"idx":32},{"addr":140736916996940,"idx":33}],,,,,,,,,13192,,,,,,,,,,,,,,,,,,,,,,,,,,,,,,,,,,,,2889134449,140736717651968,140736717651968,2408796,2338816,,,,,,,,,,,,,,,,,,,,,,,,,,,,,,,,,,,,,,,,,,,,,,,,,,,,,,,,,,,,,,,,,,,,,,,
"2025-09-02 15:13:23.0532664Z","ETW","Microsoft-Windows-Kernel-Process",5,"ImageLoadInfo ",13192,1244,"WerFault.exe",,,,"C:\Windows\System32\policymanager.dll",,,,,,,,,,,,[{"addr":140736918203828,"idx":0},{"addr":140736917192506,"idx":1},{"addr":140736917191278,"idx":2},{"addr":140736917210764,"idx":3},{"addr":140736917201516,"idx":4},{"addr":140736917258922,"idx":5},{"addr":140736916785248,"idx":6},{"addr":140736916784352,"idx":7},{"addr":140736917101952,"idx":8},{"addr":140736872000198,"idx":9},{"addr":140736564313215,"idx":10},{"addr":140736564317195,"idx":11},{"addr":140736564310991,"idx":12},{"addr":140736564312326,"idx":13},{"addr":140736564315077,"idx":14},{"addr":140736823345412,"idx":15},{"addr":140736823342909,"idx":16},{"addr":140736823342026,"idx":17},{"addr":140736823799441,"idx":18},{"addr":140736823727626,"idx":19},{"addr":140736823756633,"idx":20},{"addr":140736823459595,"idx":21},{"addr":140736823674498,"idx":22},{"addr":140736823587658,"idx":23},{"addr":140733981343415,"idx":24},{"addr":140733981360014,"idx":25},{"addr":140733981359838,"idx":26},{"addr":140733981332330,"idx":27},{"addr":140702874837458,"idx":28},{"addr":140702874561549,"idx":29},{"addr":140702874566272,"idx":30},{"addr":140702874543067,"idx":31},{"addr":140736897083607,"idx":32},{"addr":140736916996940,"idx":33}],,,,,,,,,13192,,,,,,,,,,,,,,,,,,,,,,,,,,,,,,,,,,,,2757975175,140736805928960,140736805928960,801211,737280,,,,,,,,,,,,,,,,,,,,,,,,,,,,,,,,,,,,,,,,,,,,,,,,,,,,,,,,,,,,,,,,,,,,,,,
"2025-09-02 15:13:23.0537998Z","ETW","Microsoft-Windows-Kernel-Process",5,"ImageLoadInfo ",13192,21732,"WerFault.exe",,,,"C:\Windows\System32\msvcp110_win.dll",,,,,,,,,,,,[{"addr":140736918203828,"idx":0},{"addr":140736917192506,"idx":1},{"addr":140736917191278,"idx":2},{"addr":140736917210764,"idx":3},{"addr":140736917201516,"idx":4},{"addr":140736917258922,"idx":5},{"addr":140736917255216,"idx":6},{"addr":140736917350945,"idx":7},{"addr":140736897083607,"idx":8},{"addr":140736916996940,"idx":9}],,,,,,,,,13192,,,,,,,,,,,,,,,,,,,,,,,,,,,,,,,,,,,,3464179610,140736793542656,140736793542656,602786,593920,,,,,,,,,,,,,,,,,,,,,,,,,,,,,,,,,,,,,,,,,,,,,,,,,,,,,,,,,,,,,,,,,,,,,,,
"2025-09-02 15:13:23.0544827Z","ETW","Microsoft-Windows-Kernel-Process",6,"ImageUnloadInfo ",13192,1244,"WerFault.exe",,,,"C:\Windows\System32\msvcp110_win.dll",,,,,,,,,,,,[{"addr":140736918203892,"idx":0},{"addr":140736917028534,"idx":1},{"addr":140736916779098,"idx":2},{"addr":140736916769422,"idx":3},{"addr":140736916769266,"idx":4},{"addr":140736916768404,"idx":5},{"addr":140736916773680,"idx":6},{"addr":140736872000489,"idx":7},{"addr":140736564313988,"idx":8},{"addr":140736564317195,"idx":9},{"addr":140736564310991,"idx":10},{"addr":140736564312326,"idx":11},{"addr":140736564315077,"idx":12},{"addr":140736823345412,"idx":13},{"addr":140736823342909,"idx":14},{"addr":140736823342026,"idx":15},{"addr":140736823799441,"idx":16},{"addr":140736823727626,"idx":17},{"addr":140736823756633,"idx":18},{"addr":140736823459595,"idx":19},{"addr":140736823674498,"idx":20},{"addr":140736823587658,"idx":21},{"addr":140733981343415,"idx":22},{"addr":140733981360014,"idx":23},{"addr":140733981359838,"idx":24},{"addr":140733981332330,"idx":25},{"addr":140702874837458,"idx":26},{"addr":140702874561549,"idx":27},{"addr":140702874566272,"idx":28},{"addr":140702874543067,"idx":29},{"addr":140736897083607,"idx":30},{"addr":140736916996940,"idx":31}],,,,,,,,,13192,,,,,,,,,,,,,,,,,,,,,,,,,,,,,,,,,,,,3464179610,140736793542656,140736793542656,602786,606208,,,,,,,,,,,,,,,,,,,,,,,,,,,,,,,,,,,,,,,,,,,,,,,,,,,,,,,,,,,,,,,,,,,,,,,
"2025-09-02 15:13:23.0545489Z","ETW","Microsoft-Windows-Kernel-Process",6,"ImageUnloadInfo ",13192,1244,"WerFault.exe",,,,"C:\Windows\System32\policymanager.dll",,,,,,,,,,,,[{"addr":140736918203892,"idx":0},{"addr":140736917028534,"idx":1},{"addr":140736916779098,"idx":2},{"addr":140736916773567,"idx":3},{"addr":140736872000489,"idx":4},{"addr":140736564313988,"idx":5},{"addr":140736564317195,"idx":6},{"addr":140736564310991,"idx":7},{"addr":140736564312326,"idx":8},{"addr":140736564315077,"idx":9},{"addr":140736823345412,"idx":10},{"addr":140736823342909,"idx":11},{"addr":140736823342026,"idx":12},{"addr":140736823799441,"idx":13},{"addr":140736823727626,"idx":14},{"addr":140736823756633,"idx":15},{"addr":140736823459595,"idx":16},{"addr":140736823674498,"idx":17},{"addr":140736823587658,"idx":18},{"addr":140733981343415,"idx":19},{"addr":140733981360014,"idx":20},{"addr":140733981359838,"idx":21},{"addr":140733981332330,"idx":22},{"addr":140702874837458,"idx":23},{"addr":140702874561549,"idx":24},{"addr":140702874566272,"idx":25},{"addr":140702874543067,"idx":26},{"addr":140736897083607,"idx":27},{"addr":140736916996940,"idx":28}],,,,,,,,,13192,,,,,,,,,,,,,,,,,,,,,,,,,,,,,,,,,,,,2757975175,140736805928960,140736805928960,801211,749568,,,,,,,,,,,,,,,,,,,,,,,,,,,,,,,,,,,,,,,,,,,,,,,,,,,,,,,,,,,,,,,,,,,,,,,
"2025-09-02 15:13:23.0571774Z","ETW","Microsoft-Windows-Kernel-Process",5,"ImageLoadInfo ",13192,1244,"WerFault.exe",,,,"C:\Windows\System32\policymanager.dll",,,,,,,,,,,,[{"addr":140736918203828,"idx":0},{"addr":140736917192506,"idx":1},{"addr":140736917191278,"idx":2},{"addr":140736917210764,"idx":3},{"addr":140736917201516,"idx":4},{"addr":140736917258922,"idx":5},{"addr":140736916785248,"idx":6},{"addr":140736916784352,"idx":7},{"addr":140736917101952,"idx":8},{"addr":140736872000198,"idx":9},{"addr":140736564313215,"idx":10},{"addr":140736564317195,"idx":11},{"addr":140736564310991,"idx":12},{"addr":140736564312326,"idx":13},{"addr":140736564315077,"idx":14},{"addr":140736823462372,"idx":15},{"addr":140736823295874,"idx":16},{"addr":140736823487430,"idx":17},{"addr":140736823727717,"idx":18},{"addr":140736823756633,"idx":19},{"addr":140736823459595,"idx":20},{"addr":140736823674498,"idx":21},{"addr":140736823587658,"idx":22},{"addr":140733981343415,"idx":23},{"addr":140733981360014,"idx":24},{"addr":140733981359838,"idx":25},{"addr":140733981332330,"idx":26},{"addr":140702874837458,"idx":27},{"addr":140702874561549,"idx":28},{"addr":140702874566272,"idx":29},{"addr":140702874543067,"idx":30},{"addr":140736897083607,"idx":31},{"addr":140736916996940,"idx":32}],,,,,,,,,13192,,,,,,,,,,,,,,,,,,,,,,,,,,,,,,,,,,,,2757975175,140736805928960,140736805928960,801211,737280,,,,,,,,,,,,,,,,,,,,,,,,,,,,,,,,,,,,,,,,,,,,,,,,,,,,,,,,,,,,,,,,,,,,,,,
"2025-09-02 15:13:23.0576022Z","ETW","Microsoft-Windows-Kernel-Process",5,"ImageLoadInfo ",13192,15480,"WerFault.exe",,,,"C:\Windows\System32\msvcp110_win.dll",,,,,,,,,,,,[{"addr":140736918203828,"idx":0},{"addr":140736917192506,"idx":1},{"addr":140736917191278,"idx":2},{"addr":140736917210764,"idx":3},{"addr":140736917201516,"idx":4},{"addr":140736917258922,"idx":5},{"addr":140736917255216,"idx":6},{"addr":140736917350945,"idx":7},{"addr":140736897083607,"idx":8},{"addr":140736916996940,"idx":9}],,,,,,,,,13192,,,,,,,,,,,,,,,,,,,,,,,,,,,,,,,,,,,,3464179610,140736793542656,140736793542656,602786,593920,,,,,,,,,,,,,,,,,,,,,,,,,,,,,,,,,,,,,,,,,,,,,,,,,,,,,,,,,,,,,,,,,,,,,,,
"2025-09-02 15:13:23.0582903Z","ETW","Microsoft-Windows-Kernel-Process",6,"ImageUnloadInfo ",13192,1244,"WerFault.exe",,,,"C:\Windows\System32\msvcp110_win.dll",,,,,,,,,,,,[{"addr":140736918203892,"idx":0},{"addr":140736917028534,"idx":1},{"addr":140736916779098,"idx":2},{"addr":140736916769422,"idx":3},{"addr":140736916769266,"idx":4},{"addr":140736916768404,"idx":5},{"addr":140736916773680,"idx":6},{"addr":140736872000489,"idx":7},{"addr":140736564313988,"idx":8},{"addr":140736564317195,"idx":9},{"addr":140736564310991,"idx":10},{"addr":140736564312326,"idx":11},{"addr":140736564315077,"idx":12},{"addr":140736823462372,"idx":13},{"addr":140736823295874,"idx":14},{"addr":140736823487430,"idx":15},{"addr":140736823727717,"idx":16},{"addr":140736823756633,"idx":17},{"addr":140736823459595,"idx":18},{"addr":140736823674498,"idx":19},{"addr":140736823587658,"idx":20},{"addr":140733981343415,"idx":21},{"addr":140733981360014,"idx":22},{"addr":140733981359838,"idx":23},{"addr":140733981332330,"idx":24},{"addr":140702874837458,"idx":25},{"addr":140702874561549,"idx":26},{"addr":140702874566272,"idx":27},{"addr":140702874543067,"idx":28},{"addr":140736897083607,"idx":29},{"addr":140736916996940,"idx":30}],,,,,,,,,13192,,,,,,,,,,,,,,,,,,,,,,,,,,,,,,,,,,,,3464179610,140736793542656,140736793542656,602786,606208,,,,,,,,,,,,,,,,,,,,,,,,,,,,,,,,,,,,,,,,,,,,,,,,,,,,,,,,,,,,,,,,,,,,,,,
"2025-09-02 15:13:23.0583587Z","ETW","Microsoft-Windows-Kernel-Process",6,"ImageUnloadInfo ",13192,1244,"WerFault.exe",,,,"C:\Windows\System32\policymanager.dll",,,,,,,,,,,,[{"addr":140736918203892,"idx":0},{"addr":140736917028534,"idx":1},{"addr":140736916779098,"idx":2},{"addr":140736916773567,"idx":3},{"addr":140736872000489,"idx":4},{"addr":140736564313988,"idx":5},{"addr":140736564317195,"idx":6},{"addr":140736564310991,"idx":7},{"addr":140736564312326,"idx":8},{"addr":140736564315077,"idx":9},{"addr":140736823462372,"idx":10},{"addr":140736823295874,"idx":11},{"addr":140736823487430,"idx":12},{"addr":140736823727717,"idx":13},{"addr":140736823756633,"idx":14},{"addr":140736823459595,"idx":15},{"addr":140736823674498,"idx":16},{"addr":140736823587658,"idx":17},{"addr":140733981343415,"idx":18},{"addr":140733981360014,"idx":19},{"addr":140733981359838,"idx":20},{"addr":140733981332330,"idx":21},{"addr":140702874837458,"idx":22},{"addr":140702874561549,"idx":23},{"addr":140702874566272,"idx":24},{"addr":140702874543067,"idx":25},{"addr":140736897083607,"idx":26},{"addr":140736916996940,"idx":27}],,,,,,,,,13192,,,,,,,,,,,,,,,,,,,,,,,,,,,,,,,,,,,,2757975175,140736805928960,140736805928960,801211,749568,,,,,,,,,,,,,,,,,,,,,,,,,,,,,,,,,,,,,,,,,,,,,,,,,,,,,,,,,,,,,,,,,,,,,,,
"2025-09-02 15:13:23.0635974Z","ETW","Microsoft-Windows-Kernel-File",30,"CreateNewFileInfo ",13192,1244,"WerFault.exe",,,,"C:\ProgramData\Microsoft\Windows\WER\Temp\WER.0ae6925c-b099-4997-8e2c-1ebc588bbd6b.tmp.xml",,,,,,,,,,,,[{"addr":140736918205268,"idx":0},{"addr":140736872716567,"idx":1},{"addr":140736872407957,"idx":2},{"addr":140736823276724,"idx":3},{"addr":140736823727807,"idx":4},{"addr":140736823756633,"idx":5},{"addr":140736823459595,"idx":6},{"addr":140736823674498,"idx":7},{"addr":140736823587658,"idx":8},{"addr":140733981343415,"idx":9},{"addr":140733981360014,"idx":10},{"addr":140733981359838,"idx":11},{"addr":140733981332330,"idx":12},{"addr":140702874837458,"idx":13},{"addr":140702874561549,"idx":14},{"addr":140702874566272,"idx":15},{"addr":140702874543067,"idx":16},{"addr":140736897083607,"idx":17},{"addr":140736916996940,"idx":18}],128,33554528,18446660011223896880,18446660011374219512,1244,0,,,,,,,,,,,,,,,,,,,,,,,,,,,,,,,,,,,,,,,,,,,,,,,,,,,,,,,,,,,,,,,,,,,,,,,,,,,,,,,,,,,,,,,,,,,,,,,,,,,,,,,,,,,,,,,,,,
"2025-09-02 15:13:23.0636182Z","ETW","Microsoft-Windows-Kernel-File",10,"NameCreateInfo ",13192,1244,"WerFault.exe",,,,"C:\ProgramData\Microsoft\Windows\WER\Temp\WER.0ae6925c-b099-4997-8e2c-1ebc588bbd6b.tmp.xml",,,,,,,,,,,,[{"addr":140736918205268,"idx":0},{"addr":140736872716567,"idx":1},{"addr":140736872407957,"idx":2},{"addr":140736823276724,"idx":3},{"addr":140736823727807,"idx":4},{"addr":140736823756633,"idx":5},{"addr":140736823459595,"idx":6},{"addr":140736823674498,"idx":7},{"addr":140736823587658,"idx":8},{"addr":140733981343415,"idx":9},{"addr":140733981360014,"idx":10},{"addr":140733981359838,"idx":11},{"addr":140733981332330,"idx":12},{"addr":140702874837458,"idx":13},{"addr":140702874561549,"idx":14},{"addr":140702874566272,"idx":15},{"addr":140702874543067,"idx":16},{"addr":140736897083607,"idx":17},{"addr":140736916996940,"idx":18}],,,,,,,18446708904214991216,,,,,,,,,,,,,,,,,,,,,,,,,,,,,,,,,,,,,,,,,,,,,,,,,,,,,,,,,,,,,,,,,,,,,,,,,,,,,,,,,,,,,,,,,,,,,,,,,,,,,,,,,,,,,,,,,
"2025-09-02 15:13:23.0654180Z","ETW","Microsoft-Windows-Kernel-Process",5,"ImageLoadInfo ",13192,1244,"WerFault.exe",,,,"C:\Windows\System32\policymanager.dll",,,,,,,,,,,,[{"addr":140736918203828,"idx":0},{"addr":140736917192506,"idx":1},{"addr":140736917191278,"idx":2},{"addr":140736917210764,"idx":3},{"addr":140736917201516,"idx":4},{"addr":140736917258922,"idx":5},{"addr":140736916785248,"idx":6},{"addr":140736916784352,"idx":7},{"addr":140736917101952,"idx":8},{"addr":140736872000198,"idx":9},{"addr":140736564313215,"idx":10},{"addr":140736564317195,"idx":11},{"addr":140736564310991,"idx":12},{"addr":140736564312326,"idx":13},{"addr":140736564315077,"idx":14},{"addr":140736823462372,"idx":15},{"addr":140736823295874,"idx":16},{"addr":140736823457691,"idx":17},{"addr":140736823459851,"idx":18},{"addr":140736823674498,"idx":19},{"addr":140736823587658,"idx":20},{"addr":140733981343415,"idx":21},{"addr":140733981360014,"idx":22},{"addr":140733981359838,"idx":23},{"addr":140733981332330,"idx":24},{"addr":140702874837458,"idx":25},{"addr":140702874561549,"idx":26},{"addr":140702874566272,"idx":27},{"addr":140702874543067,"idx":28},{"addr":140736897083607,"idx":29},{"addr":140736916996940,"idx":30}],,,,,,,,,13192,,,,,,,,,,,,,,,,,,,,,,,,,,,,,,,,,,,,2757975175,140736805928960,140736805928960,801211,737280,,,,,,,,,,,,,,,,,,,,,,,,,,,,,,,,,,,,,,,,,,,,,,,,,,,,,,,,,,,,,,,,,,,,,,,
"2025-09-02 15:13:23.0658236Z","ETW","Microsoft-Windows-Kernel-Process",5,"ImageLoadInfo ",13192,22064,"WerFault.exe",,,,"C:\Windows\System32\msvcp110_win.dll",,,,,,,,,,,,[{"addr":140736918203828,"idx":0},{"addr":140736917192506,"idx":1},{"addr":140736917191278,"idx":2},{"addr":140736917210764,"idx":3},{"addr":140736917201516,"idx":4},{"addr":140736917258922,"idx":5},{"addr":140736917255216,"idx":6},{"addr":140736917350945,"idx":7},{"addr":140736897083607,"idx":8},{"addr":140736916996940,"idx":9}],,,,,,,,,13192,,,,,,,,,,,,,,,,,,,,,,,,,,,,,,,,,,,,3464179610,140736793542656,140736793542656,602786,593920,,,,,,,,,,,,,,,,,,,,,,,,,,,,,,,,,,,,,,,,,,,,,,,,,,,,,,,,,,,,,,,,,,,,,,,
"2025-09-02 15:13:23.0666328Z","ETW","Microsoft-Windows-Kernel-Process",6,"ImageUnloadInfo ",13192,1244,"WerFault.exe",,,,"C:\Windows\System32\msvcp110_win.dll",,,,,,,,,,,,[{"addr":140736918203892,"idx":0},{"addr":140736917028534,"idx":1},{"addr":140736916779098,"idx":2},{"addr":140736916769422,"idx":3},{"addr":140736916769266,"idx":4},{"addr":140736916768404,"idx":5},{"addr":140736916773680,"idx":6},{"addr":140736872000489,"idx":7},{"addr":140736564313988,"idx":8},{"addr":140736564317195,"idx":9},{"addr":140736564310991,"idx":10},{"addr":140736564312326,"idx":11},{"addr":140736564315077,"idx":12},{"addr":140736823462372,"idx":13},{"addr":140736823295874,"idx":14},{"addr":140736823457691,"idx":15},{"addr":140736823459851,"idx":16},{"addr":140736823674498,"idx":17},{"addr":140736823587658,"idx":18},{"addr":140733981343415,"idx":19},{"addr":140733981360014,"idx":20},{"addr":140733981359838,"idx":21},{"addr":140733981332330,"idx":22},{"addr":140702874837458,"idx":23},{"addr":140702874561549,"idx":24},{"addr":140702874566272,"idx":25},{"addr":140702874543067,"idx":26},{"addr":140736897083607,"idx":27},{"addr":140736916996940,"idx":28}],,,,,,,,,13192,,,,,,,,,,,,,,,,,,,,,,,,,,,,,,,,,,,,3464179610,140736793542656,140736793542656,602786,606208,,,,,,,,,,,,,,,,,,,,,,,,,,,,,,,,,,,,,,,,,,,,,,,,,,,,,,,,,,,,,,,,,,,,,,,
"2025-09-02 15:13:23.0667162Z","ETW","Microsoft-Windows-Kernel-Process",6,"ImageUnloadInfo ",13192,1244,"WerFault.exe",,,,"C:\Windows\System32\policymanager.dll",,,,,,,,,,,,[{"addr":140736918203892,"idx":0},{"addr":140736917028534,"idx":1},{"addr":140736916779098,"idx":2},{"addr":140736916773567,"idx":3},{"addr":140736872000489,"idx":4},{"addr":140736564313988,"idx":5},{"addr":140736564317195,"idx":6},{"addr":140736564310991,"idx":7},{"addr":140736564312326,"idx":8},{"addr":140736564315077,"idx":9},{"addr":140736823462372,"idx":10},{"addr":140736823295874,"idx":11},{"addr":140736823457691,"idx":12},{"addr":140736823459851,"idx":13},{"addr":140736823674498,"idx":14},{"addr":140736823587658,"idx":15},{"addr":140733981343415,"idx":16},{"addr":140733981360014,"idx":17},{"addr":140733981359838,"idx":18},{"addr":140733981332330,"idx":19},{"addr":140702874837458,"idx":20},{"addr":140702874561549,"idx":21},{"addr":140702874566272,"idx":22},{"addr":140702874543067,"idx":23},{"addr":140736897083607,"idx":24},{"addr":140736916996940,"idx":25}],,,,,,,,,13192,,,,,,,,,,,,,,,,,,,,,,,,,,,,,,,,,,,,2757975175,140736805928960,140736805928960,801211,749568,,,,,,,,,,,,,,,,,,,,,,,,,,,,,,,,,,,,,,,,,,,,,,,,,,,,,,,,,,,,,,,,,,,,,,,
"2025-09-02 15:13:23.0687461Z","ETW","Microsoft-Windows-Kernel-Process",5,"ImageLoadInfo ",13192,1244,"WerFault.exe",,,,"C:\Windows\System32\netprofm.dll",,,,,,,,,,,,[{"addr":140736918203828,"idx":0},{"addr":140736917192506,"idx":1},{"addr":140736917191278,"idx":2},{"addr":140736917210764,"idx":3},{"addr":140736917202269,"idx":4},{"addr":140736917259140,"idx":5},{"addr":140736916785248,"idx":6},{"addr":140736916784352,"idx":7},{"addr":140736917101952,"idx":8},{"addr":140736872000198,"idx":9},{"addr":140736909363845,"idx":10},{"addr":140736909362547,"idx":11},{"addr":140736909360794,"idx":12},{"addr":140736909561496,"idx":13},{"addr":140736909365281,"idx":14},{"addr":140736909356853,"idx":15},{"addr":140736910270317,"idx":16},{"addr":140736909359719,"idx":17},{"addr":140736909871367,"idx":18},{"addr":140736910338829,"idx":19},{"addr":140736910332465,"idx":20},{"addr":140736910348734,"idx":21},{"addr":140736910270317,"idx":22},{"addr":140736909350430,"idx":23},{"addr":140736910270317,"idx":24},{"addr":140736909553458,"idx":25},{"addr":140736909548907,"idx":26},{"addr":140736909576880,"idx":27},{"addr":140736823954122,"idx":28},{"addr":140736823457772,"idx":29},{"addr":140736823459851,"idx":30},{"addr":140736823674498,"idx":31},{"addr":140736823587658,"idx":32},{"addr":140733981343415,"idx":33},{"addr":140733981360014,"idx":34},{"addr":140733981359838,"idx":35},{"addr":140733981332330,"idx":36},{"addr":140702874837458,"idx":37},{"addr":140702874561549,"idx":38},{"addr":140702874566272,"idx":39},{"addr":140702874543067,"idx":40},{"addr":140736897083607,"idx":41},{"addr":140736916996940,"idx":42}],,,,,,,,,13192,,,,,,,,,,,,,,,,,,,,,,,,,,,,,,,,,,,,3906448684,140736776568832,140736776568832,462113,413696,,,,,,,,,,,,,,,,,,,,,,,,,,,,,,,,,,,,,,,,,,,,,,,,,,,,,,,,,,,,,,,,,,,,,,,
"2025-09-02 15:13:23.0698475Z","ETW","Microsoft-Windows-Kernel-Audit-API-Calls",5,"Info ",528,11704,"svchost.exe",,,,,,,,,,,,,,,,[{"addr":140736918203764,"idx":0},{"addr":140736872731894,"idx":1},{"addr":140736829045620,"idx":2},{"addr":140736829045555,"idx":3},{"addr":140736882620003,"idx":4},{"addr":140736881849533,"idx":5},{"addr":140736881848122,"idx":6},{"addr":140736882311415,"idx":7},{"addr":140736882088628,"idx":8},{"addr":140736882092744,"idx":9},{"addr":140736882015316,"idx":10},{"addr":140736882081820,"idx":11},{"addr":140736882106396,"idx":12},{"addr":140736882102691,"idx":13},{"addr":140736882098504,"idx":14},{"addr":140736917358174,"idx":15},{"addr":140736917350275,"idx":16},{"addr":140736897083607,"idx":17},{"addr":140736916996940,"idx":18}],,,,,,,,,,,,,,,,,,,4096,0,13192,,,,,,,,,,,,,,,,,,,,,,,,,,,,,,,,,,,,,,,,,,,,,,,,,,,,,,,,,,,,,,,,,,,,,,,,,,,,,,,,,,,,,,,,,,,,,,,,,,,
"2025-09-02 15:13:23.0699004Z","ETW","Microsoft-Windows-Kernel-Audit-API-Calls",5,"Info ",944,17404,"svchost.exe",,,,,,,,,,,,,,,,[{"addr":140736918206916,"idx":0},{"addr":140736882337646,"idx":1},{"addr":140736828644345,"idx":2},{"addr":140736828636082,"idx":3},{"addr":140736882620003,"idx":4},{"addr":140736881849533,"idx":5},{"addr":140736881848122,"idx":6},{"addr":140736882311415,"idx":7},{"addr":140736882088628,"idx":8},{"addr":140736882092744,"idx":9},{"addr":140736882015316,"idx":10},{"addr":140736882081820,"idx":11},{"addr":140736882106396,"idx":12},{"addr":140736882102691,"idx":13},{"addr":140736882098504,"idx":14},{"addr":140736917358174,"idx":15},{"addr":140736917350275,"idx":16},{"addr":140736897083607,"idx":17},{"addr":140736916996940,"idx":18}],,,,,,,,,,,,,,,,,,,1048576,0,13192,,,,,,,,,,,,,,,,,,,,,,,,,,,,,,,,,,,,,,,,,,,,,,,,,,,,,,,,,,,,,,,,,,,,,,,,,,,,,,,,,,,,,,,,,,,,,,,,,,,
"2025-09-02 15:13:23.0728922Z","ETW","Microsoft-Windows-Kernel-Process",5,"ImageLoadInfo ",13192,1244,"WerFault.exe",,,,"C:\Windows\System32\npmproxy.dll",,,,,,,,,,,,[{"addr":140736918203828,"idx":0},{"addr":140736917192506,"idx":1},{"addr":140736917191278,"idx":2},{"addr":140736917210764,"idx":3},{"addr":140736917202269,"idx":4},{"addr":140736917259140,"idx":5},{"addr":140736916785248,"idx":6},{"addr":140736916784352,"idx":7},{"addr":140736917101952,"idx":8},{"addr":140736872000198,"idx":9},{"addr":140736909363845,"idx":10},{"addr":140736909362547,"idx":11},{"addr":140736909360794,"idx":12},{"addr":140736909561496,"idx":13},{"addr":140736909365281,"idx":14},{"addr":140736909339322,"idx":15},{"addr":140736909195691,"idx":16},{"addr":140736909191304,"idx":17},{"addr":140736909568050,"idx":18},{"addr":140736909567049,"idx":19},{"addr":140736910229700,"idx":20},{"addr":140736910858718,"idx":21},{"addr":140736909460923,"idx":22},{"addr":140736909455813,"idx":23},{"addr":140736909134403,"idx":24},{"addr":140736909553551,"idx":25},{"addr":140736909548907,"idx":26},{"addr":140736909576880,"idx":27},{"addr":140736776689195,"idx":28},{"addr":140736776702735,"idx":29},{"addr":140736823954197,"idx":30},{"addr":140736823457772,"idx":31},{"addr":140736823459851,"idx":32},{"addr":140736823674498,"idx":33},{"addr":140736823587658,"idx":34},{"addr":140733981343415,"idx":35},{"addr":140733981360014,"idx":36},{"addr":140733981359838,"idx":37},{"addr":140733981332330,"idx":38},{"addr":140702874837458,"idx":39},{"addr":140702874561549,"idx":40},{"addr":140702874566272,"idx":41},{"addr":140702874543067,"idx":42},{"addr":140736897083607,"idx":43},{"addr":140736916996940,"idx":44}],,,,,,,,,13192,,,,,,,,,,,,,,,,,,,,,,,,,,,,,,,,,,,,1533975845,140736744194048,140736744194048,124253,102400,,,,,,,,,,,,,,,,,,,,,,,,,,,,,,,,,,,,,,,,,,,,,,,,,,,,,,,,,,,,,,,,,,,,,,,
"2025-09-02 15:13:23.0736094Z","ETW","Microsoft-Windows-Kernel-Audit-API-Calls",5,"Info ",1672,16432,"svchost.exe",,,,,,,,,,,,,,,,[{"addr":140736918206916,"idx":0},{"addr":140736882337646,"idx":1},{"addr":140736910267593,"idx":2},{"addr":140736772574953,"idx":3},{"addr":140736773252243,"idx":4},{"addr":140736882620003,"idx":5},{"addr":140736882628366,"idx":6},{"addr":140736881847376,"idx":7},{"addr":140736909646461,"idx":8},{"addr":140736909646267,"idx":9},{"addr":140736909643574,"idx":10},{"addr":140736909641089,"idx":11},{"addr":140736910206646,"idx":12},{"addr":140736909298250,"idx":13},{"addr":140736909422200,"idx":14},{"addr":140736909684515,"idx":15},{"addr":140736882311415,"idx":16},{"addr":140736882088628,"idx":17},{"addr":140736882092154,"idx":18},{"addr":140736882015316,"idx":19},{"addr":140736882081820,"idx":20},{"addr":140736882106396,"idx":21},{"addr":140736882102691,"idx":22},{"addr":140736882098504,"idx":23},{"addr":140736917358174,"idx":24},{"addr":140736917350275,"idx":25},{"addr":140736897083607,"idx":26},{"addr":140736916996940,"idx":27}],,,,,,,,,,,,,,,,,,,4096,3221225506,13192,,,,,,,,,,,,,,,,,,,,,,,,,,,,,,,,,,,,,,,,,,,,,,,,,,,,,,,,,,,,,,,,,,,,,,,,,,,,,,,,,,,,,,,,,,,,,,,,,,,
"2025-09-02 15:13:23.0737771Z","ETW","Microsoft-Windows-Kernel-Audit-API-Calls",5,"Info ",1672,16432,"svchost.exe",,,,,,,,,,,,,,,,[{"addr":140736918203764,"idx":0},{"addr":140736872731894,"idx":1},{"addr":140736773031598,"idx":2},{"addr":140736772575045,"idx":3},{"addr":140736773252243,"idx":4},{"addr":140736882620003,"idx":5},{"addr":140736882628366,"idx":6},{"addr":140736881847376,"idx":7},{"addr":140736909646461,"idx":8},{"addr":140736909646267,"idx":9},{"addr":140736909643574,"idx":10},{"addr":140736909641089,"idx":11},{"addr":140736910206646,"idx":12},{"addr":140736909298250,"idx":13},{"addr":140736909422200,"idx":14},{"addr":140736909684515,"idx":15},{"addr":140736882311415,"idx":16},{"addr":140736882088628,"idx":17},{"addr":140736882092154,"idx":18},{"addr":140736882015316,"idx":19},{"addr":140736882081820,"idx":20},{"addr":140736882106396,"idx":21},{"addr":140736882102691,"idx":22},{"addr":140736882098504,"idx":23},{"addr":140736917358174,"idx":24},{"addr":140736917350275,"idx":25},{"addr":140736897083607,"idx":26},{"addr":140736916996940,"idx":27}],,,,,,,,,,,,,,,,,,,4096,3221225483,4294967295,,,,,,,,,,,,,,,,,,,,,,,,,,,,,,,,,,,,,,,,,,,,,,,,,,,,,,,,,,,,,,,,,,,,,,,,,,,,,,,,,,,,,,,,,,,,,,,,,,,
"2025-09-02 15:13:23.0738033Z","ETW","Microsoft-Windows-Kernel-Audit-API-Calls",5,"Info ",1672,16432,"svchost.exe",,,,,,,,,,,,,,,,[{"addr":140736918206916,"idx":0},{"addr":140736882337646,"idx":1},{"addr":140736910267593,"idx":2},{"addr":140736772574953,"idx":3},{"addr":140736773217445,"idx":4},{"addr":140736773252325,"idx":5},{"addr":140736882620003,"idx":6},{"addr":140736882628366,"idx":7},{"addr":140736881847376,"idx":8},{"addr":140736909646461,"idx":9},{"addr":140736909646267,"idx":10},{"addr":140736909643574,"idx":11},{"addr":140736909641089,"idx":12},{"addr":140736910206646,"idx":13},{"addr":140736909298250,"idx":14},{"addr":140736909422200,"idx":15},{"addr":140736909684515,"idx":16},{"addr":140736882311415,"idx":17},{"addr":140736882088628,"idx":18},{"addr":140736882092154,"idx":19},{"addr":140736882015316,"idx":20},{"addr":140736882081820,"idx":21},{"addr":140736882106396,"idx":22},{"addr":140736882102691,"idx":23},{"addr":140736882098504,"idx":24},{"addr":140736917358174,"idx":25},{"addr":140736917350275,"idx":26},{"addr":140736897083607,"idx":27},{"addr":140736916996940,"idx":28}],,,,,,,,,,,,,,,,,,,4096,3221225506,13192,,,,,,,,,,,,,,,,,,,,,,,,,,,,,,,,,,,,,,,,,,,,,,,,,,,,,,,,,,,,,,,,,,,,,,,,,,,,,,,,,,,,,,,,,,,,,,,,,,,
"2025-09-02 15:13:23.0738973Z","ETW","Microsoft-Windows-Kernel-Audit-API-Calls",5,"Info ",1672,16432,"svchost.exe",,,,,,,,,,,,,,,,[{"addr":140736918203764,"idx":0},{"addr":140736872731894,"idx":1},{"addr":140736773031598,"idx":2},{"addr":140736772575045,"idx":3},{"addr":140736773217445,"idx":4},{"addr":140736773252325,"idx":5},{"addr":140736882620003,"idx":6},{"addr":140736882628366,"idx":7},{"addr":140736881847376,"idx":8},{"addr":140736909646461,"idx":9},{"addr":140736909646267,"idx":10},{"addr":140736909643574,"idx":11},{"addr":140736909641089,"idx":12},{"addr":140736910206646,"idx":13},{"addr":140736909298250,"idx":14},{"addr":140736909422200,"idx":15},{"addr":140736909684515,"idx":16},{"addr":140736882311415,"idx":17},{"addr":140736882088628,"idx":18},{"addr":140736882092154,"idx":19},{"addr":140736882015316,"idx":20},{"addr":140736882081820,"idx":21},{"addr":140736882106396,"idx":22},{"addr":140736882102691,"idx":23},{"addr":140736882098504,"idx":24},{"addr":140736917358174,"idx":25},{"addr":140736917350275,"idx":26},{"addr":140736897083607,"idx":27},{"addr":140736916996940,"idx":28}],,,,,,,,,,,,,,,,,,,4096,3221225483,4294967295,,,,,,,,,,,,,,,,,,,,,,,,,,,,,,,,,,,,,,,,,,,,,,,,,,,,,,,,,,,,,,,,,,,,,,,,,,,,,,,,,,,,,,,,,,,,,,,,,,,
"2025-09-02 15:13:23.0748878Z","ETW","Microsoft-Windows-Kernel-Process",6,"ImageUnloadInfo ",13192,1244,"WerFault.exe",,,,"C:\Windows\System32\netprofm.dll",,,,,,,,,,,,[{"addr":140736918203892,"idx":0},{"addr":140736917028534,"idx":1},{"addr":140736916779098,"idx":2},{"addr":140736916773567,"idx":3},{"addr":140736872000489,"idx":4},{"addr":140736909949854,"idx":5},{"addr":140736909944133,"idx":6},{"addr":140736909367016,"idx":7},{"addr":140736909232512,"idx":8},{"addr":140736909233542,"idx":9},{"addr":140736909233853,"idx":10},{"addr":140736909930487,"idx":11},{"addr":140736823954272,"idx":12},{"addr":140736823457772,"idx":13},{"addr":140736823459851,"idx":14},{"addr":140736823674498,"idx":15},{"addr":140736823587658,"idx":16},{"addr":140733981343415,"idx":17},{"addr":140733981360014,"idx":18},{"addr":140733981359838,"idx":19},{"addr":140733981332330,"idx":20},{"addr":140702874837458,"idx":21},{"addr":140702874561549,"idx":22},{"addr":140702874566272,"idx":23},{"addr":140702874543067,"idx":24},{"addr":140736897083607,"idx":25},{"addr":140736916996940,"idx":26}],,,,,,,,,13192,,,,,,,,,,,,,,,,,,,,,,,,,,,,,,,,,,,,3906448684,140736776568832,140736776568832,462113,425984,,,,,,,,,,,,,,,,,,,,,,,,,,,,,,,,,,,,,,,,,,,,,,,,,,,,,,,,,,,,,,,,,,,,,,,
"2025-09-02 15:13:23.0749583Z","ETW","Microsoft-Windows-Kernel-Process",6,"ImageUnloadInfo ",13192,1244,"WerFault.exe",,,,"C:\Windows\System32\npmproxy.dll",,,,,,,,,,,,[{"addr":140736918203892,"idx":0},{"addr":140736917028534,"idx":1},{"addr":140736916779098,"idx":2},{"addr":140736916773567,"idx":3},{"addr":140736872000489,"idx":4},{"addr":140736909949854,"idx":5},{"addr":140736909944133,"idx":6},{"addr":140736909367016,"idx":7},{"addr":140736909232512,"idx":8},{"addr":140736909233542,"idx":9},{"addr":140736909233853,"idx":10},{"addr":140736909930487,"idx":11},{"addr":140736823954272,"idx":12},{"addr":140736823457772,"idx":13},{"addr":140736823459851,"idx":14},{"addr":140736823674498,"idx":15},{"addr":140736823587658,"idx":16},{"addr":140733981343415,"idx":17},{"addr":140733981360014,"idx":18},{"addr":140733981359838,"idx":19},{"addr":140733981332330,"idx":20},{"addr":140702874837458,"idx":21},{"addr":140702874561549,"idx":22},{"addr":140702874566272,"idx":23},{"addr":140702874543067,"idx":24},{"addr":140736897083607,"idx":25},{"addr":140736916996940,"idx":26}],,,,,,,,,13192,,,,,,,,,,,,,,,,,,,,,,,,,,,,,,,,,,,,1533975845,140736744194048,140736744194048,124253,114688,,,,,,,,,,,,,,,,,,,,,,,,,,,,,,,,,,,,,,,,,,,,,,,,,,,,,,,,,,,,,,,,,,,,,,,
"2025-09-02 15:13:23.0750908Z","ETW","Microsoft-Windows-Kernel-Audit-API-Calls",5,"Info ",13192,1244,"WerFault.exe",,,,,,,,,,,,,,,,[{"addr":140736918206468,"idx":0},{"addr":140736865979092,"idx":1},{"addr":140736865976559,"idx":2},{"addr":140736823266417,"idx":3},{"addr":140736823267247,"idx":4},{"addr":140736823459942,"idx":5},{"addr":140736823674498,"idx":6},{"addr":140736823587658,"idx":7},{"addr":140733981343415,"idx":8},{"addr":140733981360014,"idx":9},{"addr":140733981359838,"idx":10},{"addr":140733981332330,"idx":11},{"addr":140702874837458,"idx":12},{"addr":140702874561549,"idx":13},{"addr":140702874566272,"idx":14},{"addr":140702874543067,"idx":15},{"addr":140736897083607,"idx":16},{"addr":140736916996940,"idx":17}],,,,,,,,,,,,,,,,,,,1024,0,13192,,,,,,,,,,,,,,,,,,,,,,,,,,,,,,,,,,,,,,,,,,,,,,,,,,,,,,,,,,,,,,,,,,,,,,,,,,,,,,,,,,,,,,,,,,,,,,,,,,,
"2025-09-02 15:13:23.0760453Z","ETW","Microsoft-Windows-Kernel-Process",3,"ThreadStartStart ",13192,1244,"WerFault.exe",,,,,,,,,,,,,,,,[{"addr":140736918208964,"idx":0},{"addr":140736872776761,"idx":1},{"addr":140736897102141,"idx":2},{"addr":140736823798489,"idx":3},{"addr":140736823267284,"idx":4},{"addr":140736823459942,"idx":5},{"addr":140736823674498,"idx":6},{"addr":140736823587658,"idx":7},{"addr":140733981343415,"idx":8},{"addr":140733981360014,"idx":9},{"addr":140733981359838,"idx":10},{"addr":140733981332330,"idx":11},{"addr":140702874837458,"idx":12},{"addr":140702874561549,"idx":13},{"addr":140702874566272,"idx":14},{"addr":140702874543067,"idx":15},{"addr":140736897083607,"idx":16},{"addr":140736916996940,"idx":17}],,,,,,,,,13192,18446639081578397696,18446639081578373120,140736823512992,0,549625044992,13952,549629984768,549629976576,140736823512992,,,,,,,,,,,,,,,,,,,,,,,,,,,,,,,,,,,,,,,,,,,,,,,,,,,,,,,,,,,,,,,,,,,,,,,,,,,,,,,,,,,,,,,,,,,,,,,,,,,,,,
"2025-09-02 15:13:23.0767430Z","ETW","Microsoft-Windows-Kernel-Process",5,"ImageLoadInfo ",13192,1244,"WerFault.exe",,,,"C:\Windows\System32\policymanager.dll",,,,,,,,,,,,[{"addr":140736918203828,"idx":0},{"addr":140736917192506,"idx":1},{"addr":140736917191278,"idx":2},{"addr":140736917210764,"idx":3},{"addr":140736917201516,"idx":4},{"addr":140736917258922,"idx":5},{"addr":140736916785248,"idx":6},{"addr":140736916784352,"idx":7},{"addr":140736917101952,"idx":8},{"addr":140736872000198,"idx":9},{"addr":140736564313215,"idx":10},{"addr":140736564317195,"idx":11},{"addr":140736564310991,"idx":12},{"addr":140736564312326,"idx":13},{"addr":140736564315077,"idx":14},{"addr":140736823462372,"idx":15},{"addr":140736823295874,"idx":16},{"addr":140736823457691,"idx":17},{"addr":140736823798551,"idx":18},{"addr":140736823267284,"idx":19},{"addr":140736823459942,"idx":20},{"addr":140736823674498,"idx":21},{"addr":140736823587658,"idx":22},{"addr":140733981343415,"idx":23},{"addr":140733981360014,"idx":24},{"addr":140733981359838,"idx":25},{"addr":140733981332330,"idx":26},{"addr":140702874837458,"idx":27},{"addr":140702874561549,"idx":28},{"addr":140702874566272,"idx":29},{"addr":140702874543067,"idx":30},{"addr":140736897083607,"idx":31},{"addr":140736916996940,"idx":32}],,,,,,,,,13192,,,,,,,,,,,,,,,,,,,,,,,,,,,,,,,,,,,,2757975175,140736805928960,140736805928960,801211,737280,,,,,,,,,,,,,,,,,,,,,,,,,,,,,,,,,,,,,,,,,,,,,,,,,,,,,,,,,,,,,,,,,,,,,,,
"2025-09-02 15:13:23.0771529Z","ETW","Microsoft-Windows-Kernel-Process",5,"ImageLoadInfo ",13192,21732,"WerFault.exe",,,,"C:\Windows\System32\msvcp110_win.dll",,,,,,,,,,,,[{"addr":140736918203828,"idx":0},{"addr":140736917192506,"idx":1},{"addr":140736917191278,"idx":2},{"addr":140736917210764,"idx":3},{"addr":140736917201516,"idx":4},{"addr":140736917258922,"idx":5},{"addr":140736917255216,"idx":6},{"addr":140736917350945,"idx":7},{"addr":140736897083607,"idx":8},{"addr":140736916996940,"idx":9}],,,,,,,,,13192,,,,,,,,,,,,,,,,,,,,,,,,,,,,,,,,,,,,3464179610,140736793542656,140736793542656,602786,593920,,,,,,,,,,,,,,,,,,,,,,,,,,,,,,,,,,,,,,,,,,,,,,,,,,,,,,,,,,,,,,,,,,,,,,,
"2025-09-02 15:13:23.0820971Z","ETW","Microsoft-Windows-Kernel-Process",5,"ImageLoadInfo ",13192,13952,"WerFault.exe",,,,"C:\Windows\System32\Windows.Security.Authentication.OnlineId.dll",,,,,,,,,,,,[{"addr":140736918203828,"idx":0},{"addr":140736917192506,"idx":1},{"addr":140736917191278,"idx":2},{"addr":140736917210764,"idx":3},{"addr":140736917202269,"idx":4},{"addr":140736917259140,"idx":5},{"addr":140736916785248,"idx":6},{"addr":140736916784352,"idx":7},{"addr":140736917101952,"idx":8},{"addr":140736872000198,"idx":9},{"addr":140736909363845,"idx":10},{"addr":140736909362547,"idx":11},{"addr":140736909531736,"idx":12},{"addr":140736909524833,"idx":13},{"addr":140736909523551,"idx":14},{"addr":140736823865641,"idx":15},{"addr":140736823845247,"idx":16},{"addr":140736823845954,"idx":17},{"addr":140736823321051,"idx":18},{"addr":140736897083607,"idx":19},{"addr":140736916996940,"idx":20}],,,,,,,,,13192,,,,,,,,,,,,,,,,,,,,,,,,,,,,,,,,,,,,50539721,140736524845056,140736524845056,938340,933888,,,,,,,,,,,,,,,,,,,,,,,,,,,,,,,,,,,,,,,,,,,,,,,,,,,,,,,,,,,,,,,,,,,,,,,
"2025-09-02 15:13:23.0826008Z","ETW","Microsoft-Windows-Kernel-Process",6,"ImageUnloadInfo ",13192,1244,"WerFault.exe",,,,"C:\Windows\System32\msvcp110_win.dll",,,,,,,,,,,,[{"addr":140736918203892,"idx":0},{"addr":140736917028534,"idx":1},{"addr":140736916779098,"idx":2},{"addr":140736916769422,"idx":3},{"addr":140736916769266,"idx":4},{"addr":140736916768404,"idx":5},{"addr":140736916773680,"idx":6},{"addr":140736872000489,"idx":7},{"addr":140736564313988,"idx":8},{"addr":140736564317195,"idx":9},{"addr":140736564310991,"idx":10},{"addr":140736564312326,"idx":11},{"addr":140736564315077,"idx":12},{"addr":140736823462372,"idx":13},{"addr":140736823295874,"idx":14},{"addr":140736823457691,"idx":15},{"addr":140736823798551,"idx":16},{"addr":140736823267284,"idx":17},{"addr":140736823459942,"idx":18},{"addr":140736823674498,"idx":19},{"addr":140736823587658,"idx":20},{"addr":140733981343415,"idx":21},{"addr":140733981360014,"idx":22},{"addr":140733981359838,"idx":23},{"addr":140733981332330,"idx":24},{"addr":140702874837458,"idx":25},{"addr":140702874561549,"idx":26},{"addr":140702874566272,"idx":27},{"addr":140702874543067,"idx":28},{"addr":140736897083607,"idx":29},{"addr":140736916996940,"idx":30}],,,,,,,,,13192,,,,,,,,,,,,,,,,,,,,,,,,,,,,,,,,,,,,3464179610,140736793542656,140736793542656,602786,606208,,,,,,,,,,,,,,,,,,,,,,,,,,,,,,,,,,,,,,,,,,,,,,,,,,,,,,,,,,,,,,,,,,,,,,,
"2025-09-02 15:13:23.0827049Z","ETW","Microsoft-Windows-Kernel-Process",6,"ImageUnloadInfo ",13192,1244,"WerFault.exe",,,,"C:\Windows\System32\policymanager.dll",,,,,,,,,,,,[{"addr":140736918203892,"idx":0},{"addr":140736917028534,"idx":1},{"addr":140736916779098,"idx":2},{"addr":140736916773567,"idx":3},{"addr":140736872000489,"idx":4},{"addr":140736564313988,"idx":5},{"addr":140736564317195,"idx":6},{"addr":140736564310991,"idx":7},{"addr":140736564312326,"idx":8},{"addr":140736564315077,"idx":9},{"addr":140736823462372,"idx":10},{"addr":140736823295874,"idx":11},{"addr":140736823457691,"idx":12},{"addr":140736823798551,"idx":13},{"addr":140736823267284,"idx":14},{"addr":140736823459942,"idx":15},{"addr":140736823674498,"idx":16},{"addr":140736823587658,"idx":17},{"addr":140733981343415,"idx":18},{"addr":140733981360014,"idx":19},{"addr":140733981359838,"idx":20},{"addr":140733981332330,"idx":21},{"addr":140702874837458,"idx":22},{"addr":140702874561549,"idx":23},{"addr":140702874566272,"idx":24},{"addr":140702874543067,"idx":25},{"addr":140736897083607,"idx":26},{"addr":140736916996940,"idx":27}],,,,,,,,,13192,,,,,,,,,,,,,,,,,,,,,,,,,,,,,,,,,,,,2757975175,140736805928960,140736805928960,801211,749568,,,,,,,,,,,,,,,,,,,,,,,,,,,,,,,,,,,,,,,,,,,,,,,,,,,,,,,,,,,,,,,,,,,,,,,
"2025-09-02 15:13:23.0828520Z","ETW","Microsoft-Windows-Kernel-Process",5,"ImageLoadInfo ",13192,13952,"WerFault.exe",,,,"C:\Windows\System32\WinTypes.dll",,,,,,,,,,,,[{"addr":140736918203828,"idx":0},{"addr":140736917192506,"idx":1},{"addr":140736917191278,"idx":2},{"addr":140736917190209,"idx":3},{"addr":140736916804181,"idx":4},{"addr":140736916785218,"idx":5},{"addr":140736916784352,"idx":6},{"addr":140736917101952,"idx":7},{"addr":140736872000198,"idx":8},{"addr":140736909363845,"idx":9},{"addr":140736909362547,"idx":10},{"addr":140736909531736,"idx":11},{"addr":140736909524833,"idx":12},{"addr":140736909523551,"idx":13},{"addr":140736524887298,"idx":14},{"addr":140736524882586,"idx":15},{"addr":140736524878973,"idx":16},{"addr":140736823866365,"idx":17},{"addr":140736823845247,"idx":18},{"addr":140736823845954,"idx":19},{"addr":140736823321051,"idx":20},{"addr":140736897083607,"idx":21},{"addr":140736916996940,"idx":22}],,,,,,,,,13192,,,,,,,,,,,,,,,,,,,,,,,,,,,,,,,,,,,,3655579039,140736870350848,140736870350848,1545528,1519616,,,,,,,,,,,,,,,,,,,,,,,,,,,,,,,,,,,,,,,,,,,,,,,,,,,,,,,,,,,,,,,,,,,,,,,
"2025-09-02 15:13:23.0832154Z","ETW","Microsoft-Windows-Kernel-Audit-API-Calls",5,"Info ",13192,13952,"WerFault.exe",,,,,,,,,,,,,,,,[{"addr":140736918203764,"idx":0},{"addr":140736872731894,"idx":1},{"addr":140736525130250,"idx":2},{"addr":140736916975221,"idx":3},{"addr":140736872573249,"idx":4},{"addr":140736525086626,"idx":5},{"addr":140736525085757,"idx":6},{"addr":140736524879837,"idx":7},{"addr":140736524879100,"idx":8},{"addr":140736823866365,"idx":9},{"addr":140736823845247,"idx":10},{"addr":140736823845954,"idx":11},{"addr":140736823321051,"idx":12},{"addr":140736897083607,"idx":13},{"addr":140736916996940,"idx":14}],,,,,,,,,,,,,,,,,,,4096,0,13192,,,,,,,,,,,,,,,,,,,,,,,,,,,,,,,,,,,,,,,,,,,,,,,,,,,,,,,,,,,,,,,,,,,,,,,,,,,,,,,,,,,,,,,,,,,,,,,,,,,
"2025-09-02 15:13:23.0839596Z","ETW","Microsoft-Windows-Kernel-Audit-API-Calls",5,"Info ",528,11704,"svchost.exe",,,,,,,,,,,,,,,,[{"addr":140736918203764,"idx":0},{"addr":140736872731894,"idx":1},{"addr":140736829045620,"idx":2},{"addr":140736829045555,"idx":3},{"addr":140736882620003,"idx":4},{"addr":140736881849533,"idx":5},{"addr":140736881848122,"idx":6},{"addr":140736882311415,"idx":7},{"addr":140736882088628,"idx":8},{"addr":140736882092744,"idx":9},{"addr":140736882015316,"idx":10},{"addr":140736882081820,"idx":11},{"addr":140736882106396,"idx":12},{"addr":140736882102691,"idx":13},{"addr":140736882098504,"idx":14},{"addr":140736917358174,"idx":15},{"addr":140736917350275,"idx":16},{"addr":140736897083607,"idx":17},{"addr":140736916996940,"idx":18}],,,,,,,,,,,,,,,,,,,4096,0,13192,,,,,,,,,,,,,,,,,,,,,,,,,,,,,,,,,,,,,,,,,,,,,,,,,,,,,,,,,,,,,,,,,,,,,,,,,,,,,,,,,,,,,,,,,,,,,,,,,,,
"2025-09-02 15:13:23.0839612Z","ETW","Microsoft-Windows-Kernel-Process",5,"ImageLoadInfo ",13192,12448,"WerFault.exe",,,,"C:\Windows\System32\dpapi.dll",,,,,,,,,,,,[{"addr":140736918203828,"idx":0},{"addr":140736917192506,"idx":1},{"addr":140736917191278,"idx":2},{"addr":140736917210764,"idx":3},{"addr":140736917201516,"idx":4},{"addr":140736917258922,"idx":5},{"addr":140736916785248,"idx":6},{"addr":140736916786774,"idx":7},{"addr":140736917098157,"idx":8},{"addr":140736917021756,"idx":9},{"addr":140736917023197,"idx":10},{"addr":140736525126978,"idx":11},{"addr":140736525173261,"idx":12},{"addr":140736525116835,"idx":13},{"addr":140736525078624,"idx":14},{"addr":140736524965217,"idx":15},{"addr":140736524917974,"idx":16},{"addr":140736525126397,"idx":17},{"addr":140736524925929,"idx":18},{"addr":140736525155235,"idx":19},{"addr":140736525110654,"idx":20},{"addr":140736917255712,"idx":21},{"addr":140736917350945,"idx":22},{"addr":140736897083607,"idx":23},{"addr":140736916996940,"idx":24}],,,,,,,,,13192,,,,,,,,,,,,,,,,,,,,,,,,,,,,,,,,,,,,2473566603,140736863469568,140736863469568,42814,40960,,,,,,,,,,,,,,,,,,,,,,,,,,,,,,,,,,,,,,,,,,,,,,,,,,,,,,,,,,,,,,,,,,,,,,,
"2025-09-02 15:13:23.0840017Z","ETW","Microsoft-Windows-Kernel-Audit-API-Calls",5,"Info ",944,17404,"svchost.exe",,,,,,,,,,,,,,,,[{"addr":140736918206916,"idx":0},{"addr":140736882337646,"idx":1},{"addr":140736828644345,"idx":2},{"addr":140736828636082,"idx":3},{"addr":140736882620003,"idx":4},{"addr":140736881849533,"idx":5},{"addr":140736881848122,"idx":6},{"addr":140736882311415,"idx":7},{"addr":140736882088628,"idx":8},{"addr":140736882092744,"idx":9},{"addr":140736882015316,"idx":10},{"addr":140736882081820,"idx":11},{"addr":140736882106396,"idx":12},{"addr":140736882102691,"idx":13},{"addr":140736882098504,"idx":14},{"addr":140736917358174,"idx":15},{"addr":140736917350275,"idx":16},{"addr":140736897083607,"idx":17},{"addr":140736916996940,"idx":18}],,,,,,,,,,,,,,,,,,,1048576,0,13192,,,,,,,,,,,,,,,,,,,,,,,,,,,,,,,,,,,,,,,,,,,,,,,,,,,,,,,,,,,,,,,,,,,,,,,,,,,,,,,,,,,,,,,,,,,,,,,,,,,
"2025-09-02 15:13:23.0843710Z","ETW","Microsoft-Windows-Kernel-Process",5,"ImageLoadInfo ",13192,1244,"WerFault.exe",,,,"C:\Windows\System32\netprofm.dll",,,,,,,,,,,,[{"addr":140736918203828,"idx":0},{"addr":140736917192506,"idx":1},{"addr":140736917191278,"idx":2},{"addr":140736917210764,"idx":3},{"addr":140736917202269,"idx":4},{"addr":140736917259140,"idx":5},{"addr":140736916785248,"idx":6},{"addr":140736916784352,"idx":7},{"addr":140736917101952,"idx":8},{"addr":140736872000198,"idx":9},{"addr":140736909363845,"idx":10},{"addr":140736909362547,"idx":11},{"addr":140736909360794,"idx":12},{"addr":140736909561496,"idx":13},{"addr":140736909365281,"idx":14},{"addr":140736909356853,"idx":15},{"addr":140736910270317,"idx":16},{"addr":140736909359719,"idx":17},{"addr":140736909871367,"idx":18},{"addr":140736910338829,"idx":19},{"addr":140736910332465,"idx":20},{"addr":140736910348734,"idx":21},{"addr":140736910270317,"idx":22},{"addr":140736909350430,"idx":23},{"addr":140736910270317,"idx":24},{"addr":140736909553458,"idx":25},{"addr":140736909548907,"idx":26},{"addr":140736909576880,"idx":27},{"addr":140736823954122,"idx":28},{"addr":140736823457772,"idx":29},{"addr":140736823798551,"idx":30},{"addr":140736823267284,"idx":31},{"addr":140736823459942,"idx":32},{"addr":140736823674498,"idx":33},{"addr":140736823587658,"idx":34},{"addr":140733981343415,"idx":35},{"addr":140733981360014,"idx":36},{"addr":140733981359838,"idx":37},{"addr":140733981332330,"idx":38},{"addr":140702874837458,"idx":39},{"addr":140702874561549,"idx":40},{"addr":140702874566272,"idx":41},{"addr":140702874543067,"idx":42},{"addr":140736897083607,"idx":43},{"addr":140736916996940,"idx":44}],,,,,,,,,13192,,,,,,,,,,,,,,,,,,,,,,,,,,,,,,,,,,,,3906448684,140736776568832,140736776568832,462113,413696,,,,,,,,,,,,,,,,,,,,,,,,,,,,,,,,,,,,,,,,,,,,,,,,,,,,,,,,,,,,,,,,,,,,,,,
"2025-09-02 15:13:23.0850702Z","ETW","Microsoft-Windows-Kernel-Process",5,"ImageLoadInfo ",13192,12448,"WerFault.exe",,,,"C:\Windows\System32\cryptbase.dll",,,,,,,,,,,,[{"addr":140736918203828,"idx":0},{"addr":140736917192506,"idx":1},{"addr":140736917191278,"idx":2},{"addr":140736917210764,"idx":3},{"addr":140736917201516,"idx":4},{"addr":140736917258922,"idx":5},{"addr":140736916785248,"idx":6},{"addr":140736916786774,"idx":7},{"addr":140736917021315,"idx":8},{"addr":140736917023197,"idx":9},{"addr":140736863476178,"idx":10},{"addr":140736863477102,"idx":11},{"addr":140736863474159,"idx":12},{"addr":140736879663517,"idx":13},{"addr":140736525116835,"idx":14},{"addr":140736525078624,"idx":15},{"addr":140736524965217,"idx":16},{"addr":140736524917974,"idx":17},{"addr":140736525126397,"idx":18},{"addr":140736524925929,"idx":19},{"addr":140736525155235,"idx":20},{"addr":140736525110654,"idx":21},{"addr":140736917255712,"idx":22},{"addr":140736917350945,"idx":23},{"addr":140736897083607,"idx":24},{"addr":140736916996940,"idx":25}],,,,,,,,,13192,,,,,,,,,,,,,,,,,,,,,,,,,,,,,,,,,,,,850532204,140736857112576,140736857112576,94938,49152,,,,,,,,,,,,,,,,,,,,,,,,,,,,,,,,,,,,,,,,,,,,,,,,,,,,,,,,,,,,,,,,,,,,,,,
"2025-09-02 15:13:23.0857723Z","ETW","Microsoft-Windows-Kernel-Process",5,"ImageLoadInfo ",13192,13952,"WerFault.exe",,,,"C:\Windows\System32\OneCoreUAPCommonProxyStub.dll",,,,,,,,,,,,[{"addr":140736918203828,"idx":0},{"addr":140736917192506,"idx":1},{"addr":140736917191278,"idx":2},{"addr":140736917210764,"idx":3},{"addr":140736917202269,"idx":4},{"addr":140736917259140,"idx":5},{"addr":140736916785248,"idx":6},{"addr":140736916784352,"idx":7},{"addr":140736917101952,"idx":8},{"addr":140736872000198,"idx":9},{"addr":140736909363845,"idx":10},{"addr":140736909362547,"idx":11},{"addr":140736909360794,"idx":12},{"addr":140736909561496,"idx":13},{"addr":140736909365281,"idx":14},{"addr":140736909339322,"idx":15},{"addr":140736909195691,"idx":16},{"addr":140736909191304,"idx":17},{"addr":140736910023632,"idx":18},{"addr":140736909168718,"idx":19},{"addr":140736909164962,"idx":20},{"addr":140736909163671,"idx":21},{"addr":140736909162770,"idx":22},{"addr":140736909135305,"idx":23},{"addr":140736909240714,"idx":24},{"addr":140736525035138,"idx":25},{"addr":140736823866427,"idx":26},{"addr":140736823845247,"idx":27},{"addr":140736823845954,"idx":28},{"addr":140736823321051,"idx":29},{"addr":140736897083607,"idx":30},{"addr":140736916996940,"idx":31}],,,,,,,,,13192,,,,,,,,,,,,,,,,,,,,,,,,,,,,,,,,,,,,1635141586,140736710443008,140736710443008,6653254,6569984,,,,,,,,,,,,,,,,,,,,,,,,,,,,,,,,,,,,,,,,,,,,,,,,,,,,,,,,,,,,,,,,,,,,,,,
"2025-09-02 15:13:23.0864207Z","ETW","Microsoft-Windows-Kernel-Process",5,"ImageLoadInfo ",13192,1244,"WerFault.exe",,,,"C:\Windows\System32\npmproxy.dll",,,,,,,,,,,,[{"addr":140736918203828,"idx":0},{"addr":140736917192506,"idx":1},{"addr":140736917191278,"idx":2},{"addr":140736917210764,"idx":3},{"addr":140736917202269,"idx":4},{"addr":140736917259140,"idx":5},{"addr":140736916785248,"idx":6},{"addr":140736916784352,"idx":7},{"addr":140736917101952,"idx":8},{"addr":140736872000198,"idx":9},{"addr":140736909363845,"idx":10},{"addr":140736909362547,"idx":11},{"addr":140736909360794,"idx":12},{"addr":140736909561496,"idx":13},{"addr":140736909365281,"idx":14},{"addr":140736909339322,"idx":15},{"addr":140736909195691,"idx":16},{"addr":140736909191304,"idx":17},{"addr":140736909568050,"idx":18},{"addr":140736909567049,"idx":19},{"addr":140736910229700,"idx":20},{"addr":140736910858718,"idx":21},{"addr":140736909460923,"idx":22},{"addr":140736909455813,"idx":23},{"addr":140736909134403,"idx":24},{"addr":140736909553551,"idx":25},{"addr":140736909548907,"idx":26},{"addr":140736909576880,"idx":27},{"addr":140736776689195,"idx":28},{"addr":140736776702735,"idx":29},{"addr":140736823954197,"idx":30},{"addr":140736823457772,"idx":31},{"addr":140736823798551,"idx":32},{"addr":140736823267284,"idx":33},{"addr":140736823459942,"idx":34},{"addr":140736823674498,"idx":35},{"addr":140736823587658,"idx":36},{"addr":140733981343415,"idx":37},{"addr":140733981360014,"idx":38},{"addr":140733981359838,"idx":39},{"addr":140733981332330,"idx":40},{"addr":140702874837458,"idx":41},{"addr":140702874561549,"idx":42},{"addr":140702874566272,"idx":43},{"addr":140702874543067,"idx":44},{"addr":140736897083607,"idx":45},{"addr":140736916996940,"idx":46}],,,,,,,,,13192,,,,,,,,,,,,,,,,,,,,,,,,,,,,,,,,,,,,1533975845,140736744194048,140736744194048,124253,102400,,,,,,,,,,,,,,,,,,,,,,,,,,,,,,,,,,,,,,,,,,,,,,,,,,,,,,,,,,,,,,,,,,,,,,,
"2025-09-02 15:13:23.0870485Z","ETW","Microsoft-Windows-Kernel-Audit-API-Calls",5,"Info ",1672,16432,"svchost.exe",,,,,,,,,,,,,,,,[{"addr":140736918206916,"idx":0},{"addr":140736882337646,"idx":1},{"addr":140736910267593,"idx":2},{"addr":140736772574953,"idx":3},{"addr":140736773252243,"idx":4},{"addr":140736882620003,"idx":5},{"addr":140736882628366,"idx":6},{"addr":140736881847376,"idx":7},{"addr":140736909646461,"idx":8},{"addr":140736909646267,"idx":9},{"addr":140736909643574,"idx":10},{"addr":140736909641089,"idx":11},{"addr":140736910206646,"idx":12},{"addr":140736909298250,"idx":13},{"addr":140736909422200,"idx":14},{"addr":140736909684515,"idx":15},{"addr":140736882311415,"idx":16},{"addr":140736882088628,"idx":17},{"addr":140736882092154,"idx":18},{"addr":140736882015316,"idx":19},{"addr":140736882081820,"idx":20},{"addr":140736882106396,"idx":21},{"addr":140736882102691,"idx":22},{"addr":140736882098504,"idx":23},{"addr":140736917358174,"idx":24},{"addr":140736917350275,"idx":25},{"addr":140736897083607,"idx":26},{"addr":140736916996940,"idx":27}],,,,,,,,,,,,,,,,,,,4096,3221225506,13192,,,,,,,,,,,,,,,,,,,,,,,,,,,,,,,,,,,,,,,,,,,,,,,,,,,,,,,,,,,,,,,,,,,,,,,,,,,,,,,,,,,,,,,,,,,,,,,,,,,
"2025-09-02 15:13:23.0871641Z","ETW","Microsoft-Windows-Kernel-Audit-API-Calls",5,"Info ",1672,16432,"svchost.exe",,,,,,,,,,,,,,,,[{"addr":140736918203764,"idx":0},{"addr":140736872731894,"idx":1},{"addr":140736773031598,"idx":2},{"addr":140736772575045,"idx":3},{"addr":140736773252243,"idx":4},{"addr":140736882620003,"idx":5},{"addr":140736882628366,"idx":6},{"addr":140736881847376,"idx":7},{"addr":140736909646461,"idx":8},{"addr":140736909646267,"idx":9},{"addr":140736909643574,"idx":10},{"addr":140736909641089,"idx":11},{"addr":140736910206646,"idx":12},{"addr":140736909298250,"idx":13},{"addr":140736909422200,"idx":14},{"addr":140736909684515,"idx":15},{"addr":140736882311415,"idx":16},{"addr":140736882088628,"idx":17},{"addr":140736882092154,"idx":18},{"addr":140736882015316,"idx":19},{"addr":140736882081820,"idx":20},{"addr":140736882106396,"idx":21},{"addr":140736882102691,"idx":22},{"addr":140736882098504,"idx":23},{"addr":140736917358174,"idx":24},{"addr":140736917350275,"idx":25},{"addr":140736897083607,"idx":26},{"addr":140736916996940,"idx":27}],,,,,,,,,,,,,,,,,,,4096,3221225483,4294967295,,,,,,,,,,,,,,,,,,,,,,,,,,,,,,,,,,,,,,,,,,,,,,,,,,,,,,,,,,,,,,,,,,,,,,,,,,,,,,,,,,,,,,,,,,,,,,,,,,,
"2025-09-02 15:13:23.0871849Z","ETW","Microsoft-Windows-Kernel-Audit-API-Calls",5,"Info ",1672,16432,"svchost.exe",,,,,,,,,,,,,,,,[{"addr":140736918206916,"idx":0},{"addr":140736882337646,"idx":1},{"addr":140736910267593,"idx":2},{"addr":140736772574953,"idx":3},{"addr":140736773217445,"idx":4},{"addr":140736773252325,"idx":5},{"addr":140736882620003,"idx":6},{"addr":140736882628366,"idx":7},{"addr":140736881847376,"idx":8},{"addr":140736909646461,"idx":9},{"addr":140736909646267,"idx":10},{"addr":140736909643574,"idx":11},{"addr":140736909641089,"idx":12},{"addr":140736910206646,"idx":13},{"addr":140736909298250,"idx":14},{"addr":140736909422200,"idx":15},{"addr":140736909684515,"idx":16},{"addr":140736882311415,"idx":17},{"addr":140736882088628,"idx":18},{"addr":140736882092154,"idx":19},{"addr":140736882015316,"idx":20},{"addr":140736882081820,"idx":21},{"addr":140736882106396,"idx":22},{"addr":140736882102691,"idx":23},{"addr":140736882098504,"idx":24},{"addr":140736917358174,"idx":25},{"addr":140736917350275,"idx":26},{"addr":140736897083607,"idx":27},{"addr":140736916996940,"idx":28}],,,,,,,,,,,,,,,,,,,4096,3221225506,13192,,,,,,,,,,,,,,,,,,,,,,,,,,,,,,,,,,,,,,,,,,,,,,,,,,,,,,,,,,,,,,,,,,,,,,,,,,,,,,,,,,,,,,,,,,,,,,,,,,,
"2025-09-02 15:13:23.0872678Z","ETW","Microsoft-Windows-Kernel-Audit-API-Calls",5,"Info ",1672,16432,"svchost.exe",,,,,,,,,,,,,,,,[{"addr":140736918203764,"idx":0},{"addr":140736872731894,"idx":1},{"addr":140736773031598,"idx":2},{"addr":140736772575045,"idx":3},{"addr":140736773217445,"idx":4},{"addr":140736773252325,"idx":5},{"addr":140736882620003,"idx":6},{"addr":140736882628366,"idx":7},{"addr":140736881847376,"idx":8},{"addr":140736909646461,"idx":9},{"addr":140736909646267,"idx":10},{"addr":140736909643574,"idx":11},{"addr":140736909641089,"idx":12},{"addr":140736910206646,"idx":13},{"addr":140736909298250,"idx":14},{"addr":140736909422200,"idx":15},{"addr":140736909684515,"idx":16},{"addr":140736882311415,"idx":17},{"addr":140736882088628,"idx":18},{"addr":140736882092154,"idx":19},{"addr":140736882015316,"idx":20},{"addr":140736882081820,"idx":21},{"addr":140736882106396,"idx":22},{"addr":140736882102691,"idx":23},{"addr":140736882098504,"idx":24},{"addr":140736917358174,"idx":25},{"addr":140736917350275,"idx":26},{"addr":140736897083607,"idx":27},{"addr":140736916996940,"idx":28}],,,,,,,,,,,,,,,,,,,4096,3221225483,4294967295,,,,,,,,,,,,,,,,,,,,,,,,,,,,,,,,,,,,,,,,,,,,,,,,,,,,,,,,,,,,,,,,,,,,,,,,,,,,,,,,,,,,,,,,,,,,,,,,,,,
"2025-09-02 15:13:23.0887795Z","ETW","Microsoft-Windows-Kernel-Audit-API-Calls",5,"Info ",1672,16432,"svchost.exe",,,,,,,,,,,,,,,,[{"addr":140736918206916,"idx":0},{"addr":140736882337646,"idx":1},{"addr":140736910267593,"idx":2},{"addr":140736772574953,"idx":3},{"addr":140736773217717,"idx":4},{"addr":140736882620003,"idx":5},{"addr":140736882628366,"idx":6},{"addr":140736881847376,"idx":7},{"addr":140736909646461,"idx":8},{"addr":140736909646267,"idx":9},{"addr":140736909643574,"idx":10},{"addr":140736909641089,"idx":11},{"addr":140736910206646,"idx":12},{"addr":140736909298250,"idx":13},{"addr":140736909422200,"idx":14},{"addr":140736909684515,"idx":15},{"addr":140736882311415,"idx":16},{"addr":140736882088628,"idx":17},{"addr":140736882092154,"idx":18},{"addr":140736882015316,"idx":19},{"addr":140736882081820,"idx":20},{"addr":140736882106396,"idx":21},{"addr":140736882102691,"idx":22},{"addr":140736882098504,"idx":23},{"addr":140736917358174,"idx":24},{"addr":140736917350275,"idx":25},{"addr":140736897083607,"idx":26},{"addr":140736916996940,"idx":27}],,,,,,,,,,,,,,,,,,,4096,3221225506,13192,,,,,,,,,,,,,,,,,,,,,,,,,,,,,,,,,,,,,,,,,,,,,,,,,,,,,,,,,,,,,,,,,,,,,,,,,,,,,,,,,,,,,,,,,,,,,,,,,,,
"2025-09-02 15:13:23.0888875Z","ETW","Microsoft-Windows-Kernel-Audit-API-Calls",5,"Info ",1672,16432,"svchost.exe",,,,,,,,,,,,,,,,[{"addr":140736918203764,"idx":0},{"addr":140736872731894,"idx":1},{"addr":140736773031598,"idx":2},{"addr":140736772575045,"idx":3},{"addr":140736773217717,"idx":4},{"addr":140736882620003,"idx":5},{"addr":140736882628366,"idx":6},{"addr":140736881847376,"idx":7},{"addr":140736909646461,"idx":8},{"addr":140736909646267,"idx":9},{"addr":140736909643574,"idx":10},{"addr":140736909641089,"idx":11},{"addr":140736910206646,"idx":12},{"addr":140736909298250,"idx":13},{"addr":140736909422200,"idx":14},{"addr":140736909684515,"idx":15},{"addr":140736882311415,"idx":16},{"addr":140736882088628,"idx":17},{"addr":140736882092154,"idx":18},{"addr":140736882015316,"idx":19},{"addr":140736882081820,"idx":20},{"addr":140736882106396,"idx":21},{"addr":140736882102691,"idx":22},{"addr":140736882098504,"idx":23},{"addr":140736917358174,"idx":24},{"addr":140736917350275,"idx":25},{"addr":140736897083607,"idx":26},{"addr":140736916996940,"idx":27}],,,,,,,,,,,,,,,,,,,4096,3221225483,4294967295,,,,,,,,,,,,,,,,,,,,,,,,,,,,,,,,,,,,,,,,,,,,,,,,,,,,,,,,,,,,,,,,,,,,,,,,,,,,,,,,,,,,,,,,,,,,,,,,,,,
"2025-09-02 15:13:23.0889554Z","ETW","Microsoft-Windows-Kernel-Process",5,"ImageLoadInfo ",13192,13952,"WerFault.exe",,,,"C:\Windows\System32\FlightSettings.dll",,,,,,,,,,,,[{"addr":140736918203828,"idx":0},{"addr":140736917192506,"idx":1},{"addr":140736917191278,"idx":2},{"addr":140736917210764,"idx":3},{"addr":140736917202269,"idx":4},{"addr":140736917259140,"idx":5},{"addr":140736916785248,"idx":6},{"addr":140736916784352,"idx":7},{"addr":140736917101952,"idx":8},{"addr":140736872000198,"idx":9},{"addr":140736909363845,"idx":10},{"addr":140736909362547,"idx":11},{"addr":140736909360794,"idx":12},{"addr":140736909561496,"idx":13},{"addr":140736909365281,"idx":14},{"addr":140736909356853,"idx":15},{"addr":140736910270317,"idx":16},{"addr":140736909359719,"idx":17},{"addr":140736909871367,"idx":18},{"addr":140736910338829,"idx":19},{"addr":140736910332465,"idx":20},{"addr":140736910348734,"idx":21},{"addr":140736910270317,"idx":22},{"addr":140736909350430,"idx":23},{"addr":140736910270317,"idx":24},{"addr":140736909553458,"idx":25},{"addr":140736909548907,"idx":26},{"addr":140736909576880,"idx":27},{"addr":140736823887242,"idx":28},{"addr":140736823334871,"idx":29},{"addr":140736823929387,"idx":30},{"addr":140736823342543,"idx":31},{"addr":140736823342026,"idx":32},{"addr":140736823935794,"idx":33},{"addr":140736823321256,"idx":34},{"addr":140736897083607,"idx":35},{"addr":140736916996940,"idx":36}],,,,,,,,,13192,,,,,,,,,,,,,,,,,,,,,,,,,,,,,,,,,,,,2330176052,140736551714816,140736551714816,1234194,1171456,,,,,,,,,,,,,,,,,,,,,,,,,,,,,,,,,,,,,,,,,,,,,,,,,,,,,,,,,,,,,,,,,,,,,,,
"2025-09-02 15:13:23.0898231Z","ETW","Microsoft-Windows-Kernel-Process",5,"ImageLoadInfo ",13192,13952,"WerFault.exe",,,,"C:\Windows\System32\policymanager.dll",,,,,,,,,,,,[{"addr":140736918203828,"idx":0},{"addr":140736917192506,"idx":1},{"addr":140736917191278,"idx":2},{"addr":140736917210764,"idx":3},{"addr":140736917202269,"idx":4},{"addr":140736917259140,"idx":5},{"addr":140736916785248,"idx":6},{"addr":140736916786774,"idx":7},{"addr":140736917021315,"idx":8},{"addr":140736917023197,"idx":9},{"addr":140736552310578,"idx":10},{"addr":140736551743723,"idx":11},{"addr":140736552248893,"idx":12},{"addr":140736552249084,"idx":13},{"addr":140736552248258,"idx":14},{"addr":140736552249517,"idx":15},{"addr":140736552291077,"idx":16},{"addr":140736823887347,"idx":17},{"addr":140736823334871,"idx":18},{"addr":140736823929387,"idx":19},{"addr":140736823342543,"idx":20},{"addr":140736823342026,"idx":21},{"addr":140736823935794,"idx":22},{"addr":140736823321256,"idx":23},{"addr":140736897083607,"idx":24},{"addr":140736916996940,"idx":25}],,,,,,,,,13192,,,,,,,,,,,,,,,,,,,,,,,,,,,,,,,,,,,,2757975175,140736805928960,140736805928960,801211,737280,,,,,,,,,,,,,,,,,,,,,,,,,,,,,,,,,,,,,,,,,,,,,,,,,,,,,,,,,,,,,,,,,,,,,,,
"2025-09-02 15:13:23.0902199Z","ETW","Microsoft-Windows-Kernel-Process",5,"ImageLoadInfo ",13192,21732,"WerFault.exe",,,,"C:\Windows\System32\msvcp110_win.dll",,,,,,,,,,,,[{"addr":140736918203828,"idx":0},{"addr":140736917192506,"idx":1},{"addr":140736917191278,"idx":2},{"addr":140736917210764,"idx":3},{"addr":140736917201516,"idx":4},{"addr":140736917258922,"idx":5},{"addr":140736917255216,"idx":6},{"addr":140736917350945,"idx":7},{"addr":140736897083607,"idx":8},{"addr":140736916996940,"idx":9}],,,,,,,,,13192,,,,,,,,,,,,,,,,,,,,,,,,,,,,,,,,,,,,3464179610,140736793542656,140736793542656,602786,593920,,,,,,,,,,,,,,,,,,,,,,,,,,,,,,,,,,,,,,,,,,,,,,,,,,,,,,,,,,,,,,,,,,,,,,,
"2025-09-02 15:13:23.0916131Z","ETW","Microsoft-Windows-Kernel-Process",6,"ImageUnloadInfo ",13192,13952,"WerFault.exe",,,,"C:\Windows\System32\netprofm.dll",,,,,,,,,,,,[{"addr":140736918203892,"idx":0},{"addr":140736917028534,"idx":1},{"addr":140736916779098,"idx":2},{"addr":140736916773567,"idx":3},{"addr":140736872000489,"idx":4},{"addr":140736909949854,"idx":5},{"addr":140736909944133,"idx":6},{"addr":140736909367016,"idx":7},{"addr":140736909232512,"idx":8},{"addr":140736909233542,"idx":9},{"addr":140736909233853,"idx":10},{"addr":140736909930487,"idx":11},{"addr":140736823887734,"idx":12},{"addr":140736823334871,"idx":13},{"addr":140736823929387,"idx":14},{"addr":140736823342543,"idx":15},{"addr":140736823342026,"idx":16},{"addr":140736823935794,"idx":17},{"addr":140736823321256,"idx":18},{"addr":140736897083607,"idx":19},{"addr":140736916996940,"idx":20}],,,,,,,,,13192,,,,,,,,,,,,,,,,,,,,,,,,,,,,,,,,,,,,3906448684,140736776568832,140736776568832,462113,425984,,,,,,,,,,,,,,,,,,,,,,,,,,,,,,,,,,,,,,,,,,,,,,,,,,,,,,,,,,,,,,,,,,,,,,,
"2025-09-02 15:13:23.0917371Z","ETW","Microsoft-Windows-Kernel-Process",6,"ImageUnloadInfo ",13192,13952,"WerFault.exe",,,,"C:\Windows\System32\Windows.Security.Authentication.OnlineId.dll",,,,,,,,,,,,[{"addr":140736918203892,"idx":0},{"addr":140736917028534,"idx":1},{"addr":140736916779098,"idx":2},{"addr":140736916773567,"idx":3},{"addr":140736872000489,"idx":4},{"addr":140736909949854,"idx":5},{"addr":140736909944133,"idx":6},{"addr":140736909367016,"idx":7},{"addr":140736909232512,"idx":8},{"addr":140736909233542,"idx":9},{"addr":140736909233853,"idx":10},{"addr":140736909930487,"idx":11},{"addr":140736823887734,"idx":12},{"addr":140736823334871,"idx":13},{"addr":140736823929387,"idx":14},{"addr":140736823342543,"idx":15},{"addr":140736823342026,"idx":16},{"addr":140736823935794,"idx":17},{"addr":140736823321256,"idx":18},{"addr":140736897083607,"idx":19},{"addr":140736916996940,"idx":20}],,,,,,,,,13192,,,,,,,,,,,,,,,,,,,,,,,,,,,,,,,,,,,,50539721,140736524845056,140736524845056,938340,946176,,,,,,,,,,,,,,,,,,,,,,,,,,,,,,,,,,,,,,,,,,,,,,,,,,,,,,,,,,,,,,,,,,,,,,,
"2025-09-02 15:13:23.0917876Z","ETW","Microsoft-Windows-Kernel-Process",6,"ImageUnloadInfo ",13192,13952,"WerFault.exe",,,,"C:\Windows\System32\npmproxy.dll",,,,,,,,,,,,[{"addr":140736918203892,"idx":0},{"addr":140736917028534,"idx":1},{"addr":140736916779098,"idx":2},{"addr":140736916773567,"idx":3},{"addr":140736872000489,"idx":4},{"addr":140736909949854,"idx":5},{"addr":140736909944133,"idx":6},{"addr":140736909367016,"idx":7},{"addr":140736909232512,"idx":8},{"addr":140736909233542,"idx":9},{"addr":140736909233853,"idx":10},{"addr":140736909930487,"idx":11},{"addr":140736823887734,"idx":12},{"addr":140736823334871,"idx":13},{"addr":140736823929387,"idx":14},{"addr":140736823342543,"idx":15},{"addr":140736823342026,"idx":16},{"addr":140736823935794,"idx":17},{"addr":140736823321256,"idx":18},{"addr":140736897083607,"idx":19},{"addr":140736916996940,"idx":20}],,,,,,,,,13192,,,,,,,,,,,,,,,,,,,,,,,,,,,,,,,,,,,,1533975845,140736744194048,140736744194048,124253,114688,,,,,,,,,,,,,,,,,,,,,,,,,,,,,,,,,,,,,,,,,,,,,,,,,,,,,,,,,,,,,,,,,,,,,,,
"2025-09-02 15:13:23.0919015Z","ETW","Microsoft-Windows-Kernel-Process",6,"ImageUnloadInfo ",13192,13952,"WerFault.exe",,,,"C:\Windows\System32\msvcp110_win.dll",,,,,,,,,,,,[{"addr":140736918203892,"idx":0},{"addr":140736917028534,"idx":1},{"addr":140736916779098,"idx":2},{"addr":140736916769422,"idx":3},{"addr":140736916769266,"idx":4},{"addr":140736916769266,"idx":5},{"addr":140736916768404,"idx":6},{"addr":140736916773680,"idx":7},{"addr":140736872000489,"idx":8},{"addr":140736909949854,"idx":9},{"addr":140736909944133,"idx":10},{"addr":140736909367016,"idx":11},{"addr":140736909232512,"idx":12},{"addr":140736909233542,"idx":13},{"addr":140736909233853,"idx":14},{"addr":140736909930487,"idx":15},{"addr":140736823887734,"idx":16},{"addr":140736823334871,"idx":17},{"addr":140736823929387,"idx":18},{"addr":140736823342543,"idx":19},{"addr":140736823342026,"idx":20},{"addr":140736823935794,"idx":21},{"addr":140736823321256,"idx":22},{"addr":140736897083607,"idx":23},{"addr":140736916996940,"idx":24}],,,,,,,,,13192,,,,,,,,,,,,,,,,,,,,,,,,,,,,,,,,,,,,3464179610,140736793542656,140736793542656,602786,606208,,,,,,,,,,,,,,,,,,,,,,,,,,,,,,,,,,,,,,,,,,,,,,,,,,,,,,,,,,,,,,,,,,,,,,,
"2025-09-02 15:13:23.0919508Z","ETW","Microsoft-Windows-Kernel-Process",6,"ImageUnloadInfo ",13192,13952,"WerFault.exe",,,,"C:\Windows\System32\policymanager.dll",,,,,,,,,,,,[{"addr":140736918203892,"idx":0},{"addr":140736917028534,"idx":1},{"addr":140736916779098,"idx":2},{"addr":140736916769422,"idx":3},{"addr":140736916769266,"idx":4},{"addr":140736916768404,"idx":5},{"addr":140736916773680,"idx":6},{"addr":140736872000489,"idx":7},{"addr":140736909949854,"idx":8},{"addr":140736909944133,"idx":9},{"addr":140736909367016,"idx":10},{"addr":140736909232512,"idx":11},{"addr":140736909233542,"idx":12},{"addr":140736909233853,"idx":13},{"addr":140736909930487,"idx":14},{"addr":140736823887734,"idx":15},{"addr":140736823334871,"idx":16},{"addr":140736823929387,"idx":17},{"addr":140736823342543,"idx":18},{"addr":140736823342026,"idx":19},{"addr":140736823935794,"idx":20},{"addr":140736823321256,"idx":21},{"addr":140736897083607,"idx":22},{"addr":140736916996940,"idx":23}],,,,,,,,,13192,,,,,,,,,,,,,,,,,,,,,,,,,,,,,,,,,,,,2757975175,140736805928960,140736805928960,801211,749568,,,,,,,,,,,,,,,,,,,,,,,,,,,,,,,,,,,,,,,,,,,,,,,,,,,,,,,,,,,,,,,,,,,,,,,
"2025-09-02 15:13:23.0920193Z","ETW","Microsoft-Windows-Kernel-Process",6,"ImageUnloadInfo ",13192,13952,"WerFault.exe",,,,"C:\Windows\System32\FlightSettings.dll",,,,,,,,,,,,[{"addr":140736918203892,"idx":0},{"addr":140736917028534,"idx":1},{"addr":140736916779098,"idx":2},{"addr":140736916773567,"idx":3},{"addr":140736872000489,"idx":4},{"addr":140736909949854,"idx":5},{"addr":140736909944133,"idx":6},{"addr":140736909367016,"idx":7},{"addr":140736909232512,"idx":8},{"addr":140736909233542,"idx":9},{"addr":140736909233853,"idx":10},{"addr":140736909930487,"idx":11},{"addr":140736823887734,"idx":12},{"addr":140736823334871,"idx":13},{"addr":140736823929387,"idx":14},{"addr":140736823342543,"idx":15},{"addr":140736823342026,"idx":16},{"addr":140736823935794,"idx":17},{"addr":140736823321256,"idx":18},{"addr":140736897083607,"idx":19},{"addr":140736916996940,"idx":20}],,,,,,,,,13192,,,,,,,,,,,,,,,,,,,,,,,,,,,,,,,,,,,,2330176052,140736551714816,140736551714816,1234194,1183744,,,,,,,,,,,,,,,,,,,,,,,,,,,,,,,,,,,,,,,,,,,,,,,,,,,,,,,,,,,,,,,,,,,,,,,
"2025-09-02 15:13:23.0922099Z","ETW","Microsoft-Windows-Kernel-Process",6,"ImageUnloadInfo ",13192,13952,"WerFault.exe",,,,"C:\Windows\System32\OneCoreUAPCommonProxyStub.dll",,,,,,,,,,,,[{"addr":140736918203892,"idx":0},{"addr":140736917028534,"idx":1},{"addr":140736916779098,"idx":2},{"addr":140736916773567,"idx":3},{"addr":140736872000489,"idx":4},{"addr":140736909949854,"idx":5},{"addr":140736909944133,"idx":6},{"addr":140736909367016,"idx":7},{"addr":140736909232512,"idx":8},{"addr":140736909233542,"idx":9},{"addr":140736909233853,"idx":10},{"addr":140736909930487,"idx":11},{"addr":140736823887734,"idx":12},{"addr":140736823334871,"idx":13},{"addr":140736823929387,"idx":14},{"addr":140736823342543,"idx":15},{"addr":140736823342026,"idx":16},{"addr":140736823935794,"idx":17},{"addr":140736823321256,"idx":18},{"addr":140736897083607,"idx":19},{"addr":140736916996940,"idx":20}],,,,,,,,,13192,,,,,,,,,,,,,,,,,,,,,,,,,,,,,,,,,,,,1635141586,140736710443008,140736710443008,6653254,6582272,,,,,,,,,,,,,,,,,,,,,,,,,,,,,,,,,,,,,,,,,,,,,,,,,,,,,,,,,,,,,,,,,,,,,,,
"2025-09-02 15:13:23.0922958Z","ETW","Microsoft-Windows-Kernel-Process",6,"ImageUnloadInfo ",13192,13952,"WerFault.exe",,,,"C:\Windows\System32\WinTypes.dll",,,,,,,,,,,,[{"addr":140736918203892,"idx":0},{"addr":140736917028534,"idx":1},{"addr":140736916779098,"idx":2},{"addr":140736916773567,"idx":3},{"addr":140736872000489,"idx":4},{"addr":140736909949854,"idx":5},{"addr":140736909944133,"idx":6},{"addr":140736909367016,"idx":7},{"addr":140736909232512,"idx":8},{"addr":140736909233542,"idx":9},{"addr":140736909233853,"idx":10},{"addr":140736909930487,"idx":11},{"addr":140736823887734,"idx":12},{"addr":140736823334871,"idx":13},{"addr":140736823929387,"idx":14},{"addr":140736823342543,"idx":15},{"addr":140736823342026,"idx":16},{"addr":140736823935794,"idx":17},{"addr":140736823321256,"idx":18},{"addr":140736897083607,"idx":19},{"addr":140736916996940,"idx":20}],,,,,,,,,13192,,,,,,,,,,,,,,,,,,,,,,,,,,,,,,,,,,,,3655579039,140736870350848,140736870350848,1545528,1531904,,,,,,,,,,,,,,,,,,,,,,,,,,,,,,,,,,,,,,,,,,,,,,,,,,,,,,,,,,,,,,,,,,,,,,,
"2025-09-02 15:13:23.0930208Z","ETW","Microsoft-Windows-Kernel-Process",5,"ImageLoadInfo ",13192,13952,"WerFault.exe",,,,"C:\Windows\System32\FlightSettings.dll",,,,,,,,,,,,[{"addr":140736918203828,"idx":0},{"addr":140736917192506,"idx":1},{"addr":140736917191278,"idx":2},{"addr":140736917210764,"idx":3},{"addr":140736917202269,"idx":4},{"addr":140736917259140,"idx":5},{"addr":140736916785248,"idx":6},{"addr":140736916784352,"idx":7},{"addr":140736917101952,"idx":8},{"addr":140736872000198,"idx":9},{"addr":140736909363845,"idx":10},{"addr":140736909362547,"idx":11},{"addr":140736909360794,"idx":12},{"addr":140736909561496,"idx":13},{"addr":140736909365281,"idx":14},{"addr":140736909356853,"idx":15},{"addr":140736910270317,"idx":16},{"addr":140736909359719,"idx":17},{"addr":140736909871367,"idx":18},{"addr":140736910338829,"idx":19},{"addr":140736910332465,"idx":20},{"addr":140736910348734,"idx":21},{"addr":140736910270317,"idx":22},{"addr":140736909350430,"idx":23},{"addr":140736910270317,"idx":24},{"addr":140736909553458,"idx":25},{"addr":140736909548907,"idx":26},{"addr":140736909576880,"idx":27},{"addr":140736823886551,"idx":28},{"addr":140736823334912,"idx":29},{"addr":140736823929387,"idx":30},{"addr":140736823342543,"idx":31},{"addr":140736823342026,"idx":32},{"addr":140736823935794,"idx":33},{"addr":140736823321256,"idx":34},{"addr":140736897083607,"idx":35},{"addr":140736916996940,"idx":36}],,,,,,,,,13192,,,,,,,,,,,,,,,,,,,,,,,,,,,,,,,,,,,,2330176052,140736551714816,140736551714816,1234194,1171456,,,,,,,,,,,,,,,,,,,,,,,,,,,,,,,,,,,,,,,,,,,,,,,,,,,,,,,,,,,,,,,,,,,,,,,
"2025-09-02 15:13:23.1027705Z","ETW","Microsoft-Windows-Kernel-Process",5,"ImageLoadInfo ",13192,13952,"WerFault.exe",,,,"C:\Windows\System32\fcon.dll",,,,,,,,,,,,[{"addr":140736918203828,"idx":0},{"addr":140736917192506,"idx":1},{"addr":140736917191278,"idx":2},{"addr":140736917210764,"idx":3},{"addr":140736917202269,"idx":4},{"addr":140736917259140,"idx":5},{"addr":140736916785248,"idx":6},{"addr":140736916784352,"idx":7},{"addr":140736917101952,"idx":8},{"addr":140736872000198,"idx":9},{"addr":140736909363845,"idx":10},{"addr":140736909362547,"idx":11},{"addr":140736909531736,"idx":12},{"addr":140736909521735,"idx":13},{"addr":140736909520558,"idx":14},{"addr":140736909517865,"idx":15},{"addr":140736551837437,"idx":16},{"addr":140736551843973,"idx":17},{"addr":140736551845302,"idx":18},{"addr":140736551787620,"idx":19},{"addr":140736551792080,"idx":20},{"addr":140736823886683,"idx":21},{"addr":140736823334912,"idx":22},{"addr":140736823929387,"idx":23},{"addr":140736823342543,"idx":24},{"addr":140736823342026,"idx":25},{"addr":140736823935794,"idx":26},{"addr":140736823321256,"idx":27},{"addr":140736897083607,"idx":28},{"addr":140736916996940,"idx":29}],,,,,,,,,13192,,,,,,,,,,,,,,,,,,,,,,,,,,,,,,,,,,,,3641107254,140736550862848,140736550862848,797216,798720,,,,,,,,,,,,,,,,,,,,,,,,,,,,,,,,,,,,,,,,,,,,,,,,,,,,,,,,,,,,,,,,,,,,,,,
"2025-09-02 15:13:23.1089683Z","ETW","Microsoft-Windows-Kernel-Process",6,"ImageUnloadInfo ",13192,13952,"WerFault.exe",,,,"C:\Windows\System32\fcon.dll",,,,,,,,,,,,[{"addr":140736918203892,"idx":0},{"addr":140736917028534,"idx":1},{"addr":140736916779098,"idx":2},{"addr":140736916773567,"idx":3},{"addr":140736872000489,"idx":4},{"addr":140736909949854,"idx":5},{"addr":140736909944133,"idx":6},{"addr":140736909367016,"idx":7},{"addr":140736909232512,"idx":8},{"addr":140736909233542,"idx":9},{"addr":140736909233853,"idx":10},{"addr":140736909930487,"idx":11},{"addr":140736823886994,"idx":12},{"addr":140736823334912,"idx":13},{"addr":140736823929387,"idx":14},{"addr":140736823342543,"idx":15},{"addr":140736823342026,"idx":16},{"addr":140736823935794,"idx":17},{"addr":140736823321256,"idx":18},{"addr":140736897083607,"idx":19},{"addr":140736916996940,"idx":20}],,,,,,,,,13192,,,,,,,,,,,,,,,,,,,,,,,,,,,,,,,,,,,,3641107254,140736550862848,140736550862848,797216,811008,,,,,,,,,,,,,,,,,,,,,,,,,,,,,,,,,,,,,,,,,,,,,,,,,,,,,,,,,,,,,,,,,,,,,,,
"2025-09-02 15:13:23.1091122Z","ETW","Microsoft-Windows-Kernel-Process",6,"ImageUnloadInfo ",13192,13952,"WerFault.exe",,,,"C:\Windows\System32\FlightSettings.dll",,,,,,,,,,,,[{"addr":140736918203892,"idx":0},{"addr":140736917028534,"idx":1},{"addr":140736916779098,"idx":2},{"addr":140736916773567,"idx":3},{"addr":140736872000489,"idx":4},{"addr":140736909949854,"idx":5},{"addr":140736909944133,"idx":6},{"addr":140736909367016,"idx":7},{"addr":140736909232512,"idx":8},{"addr":140736909233542,"idx":9},{"addr":140736909233853,"idx":10},{"addr":140736909930487,"idx":11},{"addr":140736823886994,"idx":12},{"addr":140736823334912,"idx":13},{"addr":140736823929387,"idx":14},{"addr":140736823342543,"idx":15},{"addr":140736823342026,"idx":16},{"addr":140736823935794,"idx":17},{"addr":140736823321256,"idx":18},{"addr":140736897083607,"idx":19},{"addr":140736916996940,"idx":20}],,,,,,,,,13192,,,,,,,,,,,,,,,,,,,,,,,,,,,,,,,,,,,,2330176052,140736551714816,140736551714816,1234194,1183744,,,,,,,,,,,,,,,,,,,,,,,,,,,,,,,,,,,,,,,,,,,,,,,,,,,,,,,,,,,,,,,,,,,,,,,
"2025-09-02 15:13:23.1096338Z","ETW","Microsoft-Windows-Kernel-Process",5,"ImageLoadInfo ",13192,13952,"WerFault.exe",,,,"C:\Windows\System32\fcon.dll",,,,,,,,,,,,[{"addr":140736918203828,"idx":0},{"addr":140736917192506,"idx":1},{"addr":140736917191278,"idx":2},{"addr":140736917210764,"idx":3},{"addr":140736917202269,"idx":4},{"addr":140736917259140,"idx":5},{"addr":140736916785248,"idx":6},{"addr":140736916784352,"idx":7},{"addr":140736917101952,"idx":8},{"addr":140736872000198,"idx":9},{"addr":140736909363845,"idx":10},{"addr":140736909362547,"idx":11},{"addr":140736909531736,"idx":12},{"addr":140736909521735,"idx":13},{"addr":140736909520558,"idx":14},{"addr":140736909517865,"idx":15},{"addr":140736823881539,"idx":16},{"addr":140736823486906,"idx":17},{"addr":140736823334942,"idx":18},{"addr":140736823929387,"idx":19},{"addr":140736823342543,"idx":20},{"addr":140736823342026,"idx":21},{"addr":140736823935794,"idx":22},{"addr":140736823321256,"idx":23},{"addr":140736897083607,"idx":24},{"addr":140736916996940,"idx":25}],,,,,,,,,13192,,,,,,,,,,,,,,,,,,,,,,,,,,,,,,,,,,,,3641107254,140736550862848,140736550862848,797216,798720,,,,,,,,,,,,,,,,,,,,,,,,,,,,,,,,,,,,,,,,,,,,,,,,,,,,,,,,,,,,,,,,,,,,,,,
"2025-09-02 15:13:23.1615547Z","ETW","Microsoft-Windows-Kernel-Process",4,"ThreadStopStop ",2692,1800,"svchost.exe",,,,,,,,,,,,,,,,[],,,,,,,,340860,2692,18446639081662111744,18446639081662087168,140736917348896,0,131319316480,1800,131316908032,131316875264,140736917348896,,,,,,,,,,,,,,,,,,,,,,,,,,,,,,,,,,,,,,,,,,,,,,,,,,,,,,,,,,,,,,,,,,,,,,,,,,,,,,,,,,,,,,,,,,,,,,,,,,,,,,
"2025-09-02 15:13:23.1850676Z","ETW","Microsoft-Windows-Kernel-Process",3,"ThreadStartStart ",19464,13068,"CalculatorApp.exe",,,,,,,,,,,,,,,,[{"addr":140736918214756,"idx":0},{"addr":140736917257428,"idx":1},{"addr":140736917254706,"idx":2},{"addr":140736917350945,"idx":3},{"addr":140736897083607,"idx":4},{"addr":140736916996940,"idx":5}],,,,,,,,,19464,18446639081578483712,18446639081578459136,140736917348896,0,926182584320,8036,926209277952,926209273856,140736917348896,,,,,,,,,,,,,,,,,,,,,,,,,,,,,,,,,,,,,,,,,,,,,,,,,,,,,,,,,,,,,,,,,,,,,,,,,,,,,,,,,,,,,,,,,,,,,,,,,,,,,,
"2025-09-02 15:13:23.2460397Z","ETW","Microsoft-Windows-Kernel-Process",6,"ImageUnloadInfo ",13192,13952,"WerFault.exe",,,,"C:\Windows\System32\fcon.dll",,,,,,,,,,,,[{"addr":140736918203892,"idx":0},{"addr":140736917028534,"idx":1},{"addr":140736916779098,"idx":2},{"addr":140736916773567,"idx":3},{"addr":140736872000489,"idx":4},{"addr":140736909949854,"idx":5},{"addr":140736909944133,"idx":6},{"addr":140736909367016,"idx":7},{"addr":140736909232512,"idx":8},{"addr":140736909233542,"idx":9},{"addr":140736909233853,"idx":10},{"addr":140736909930487,"idx":11},{"addr":140736909930057,"idx":12},{"addr":140736823487209,"idx":13},{"addr":140736823334942,"idx":14},{"addr":140736823929387,"idx":15},{"addr":140736823342543,"idx":16},{"addr":140736823342026,"idx":17},{"addr":140736823935794,"idx":18},{"addr":140736823321256,"idx":19},{"addr":140736897083607,"idx":20},{"addr":140736916996940,"idx":21}],,,,,,,,,13192,,,,,,,,,,,,,,,,,,,,,,,,,,,,,,,,,,,,3641107254,140736550862848,140736550862848,797216,811008,,,,,,,,,,,,,,,,,,,,,,,,,,,,,,,,,,,,,,,,,,,,,,,,,,,,,,,,,,,,,,,,,,,,,,,
"2025-09-02 15:13:23.2466101Z","ETW","Microsoft-Windows-Kernel-Process",5,"ImageLoadInfo ",13192,13952,"WerFault.exe",,,,"C:\Windows\System32\twinapi.appcore.dll",,,,,,,,,,,,[{"addr":140736918203828,"idx":0},{"addr":140736917192506,"idx":1},{"addr":140736917191278,"idx":2},{"addr":140736917210764,"idx":3},{"addr":140736917202269,"idx":4},{"addr":140736917259140,"idx":5},{"addr":140736916785248,"idx":6},{"addr":140736916784352,"idx":7},{"addr":140736917101952,"idx":8},{"addr":140736872000198,"idx":9},{"addr":140736909363845,"idx":10},{"addr":140736909362547,"idx":11},{"addr":140736909531736,"idx":12},{"addr":140736909524833,"idx":13},{"addr":140736909523551,"idx":14},{"addr":140736823419438,"idx":15},{"addr":140736823335119,"idx":16},{"addr":140736823929387,"idx":17},{"addr":140736823342543,"idx":18},{"addr":140736823342026,"idx":19},{"addr":140736823935794,"idx":20},{"addr":140736823321256,"idx":21},{"addr":140736897083607,"idx":22},{"addr":140736916996940,"idx":23}],,,,,,,,,13192,,,,,,,,,,,,,,,,,,,,,,,,,,,,,,,,,,,,2889134449,140736717651968,140736717651968,2408796,2326528,,,,,,,,,,,,,,,,,,,,,,,,,,,,,,,,,,,,,,,,,,,,,,,,,,,,,,,,,,,,,,,,,,,,,,,
"2025-09-02 15:13:23.2474531Z","ETW","Microsoft-Windows-Kernel-Process",5,"ImageLoadInfo ",13192,13952,"WerFault.exe",,,,"C:\Windows\System32\policymanager.dll",,,,,,,,,,,,[{"addr":140736918203828,"idx":0},{"addr":140736917192506,"idx":1},{"addr":140736917191278,"idx":2},{"addr":140736917210764,"idx":3},{"addr":140736917202269,"idx":4},{"addr":140736917259140,"idx":5},{"addr":140736916785248,"idx":6},{"addr":140736916786774,"idx":7},{"addr":140736917021315,"idx":8},{"addr":140736917023197,"idx":9},{"addr":140736718090018,"idx":10},{"addr":140736718350868,"idx":11},{"addr":140736717923752,"idx":12},{"addr":140736823419476,"idx":13},{"addr":140736823335119,"idx":14},{"addr":140736823929387,"idx":15},{"addr":140736823342543,"idx":16},{"addr":140736823342026,"idx":17},{"addr":140736823935794,"idx":18},{"addr":140736823321256,"idx":19},{"addr":140736897083607,"idx":20},{"addr":140736916996940,"idx":21}],,,,,,,,,13192,,,,,,,,,,,,,,,,,,,,,,,,,,,,,,,,,,,,2757975175,140736805928960,140736805928960,801211,737280,,,,,,,,,,,,,,,,,,,,,,,,,,,,,,,,,,,,,,,,,,,,,,,,,,,,,,,,,,,,,,,,,,,,,,,
"2025-09-02 15:13:23.2478987Z","ETW","Microsoft-Windows-Kernel-Process",5,"ImageLoadInfo ",13192,15480,"WerFault.exe",,,,"C:\Windows\System32\msvcp110_win.dll",,,,,,,,,,,,[{"addr":140736918203828,"idx":0},{"addr":140736917192506,"idx":1},{"addr":140736917191278,"idx":2},{"addr":140736917210764,"idx":3},{"addr":140736917201516,"idx":4},{"addr":140736917258922,"idx":5},{"addr":140736917255216,"idx":6},{"addr":140736917350945,"idx":7},{"addr":140736897083607,"idx":8},{"addr":140736916996940,"idx":9}],,,,,,,,,13192,,,,,,,,,,,,,,,,,,,,,,,,,,,,,,,,,,,,3464179610,140736793542656,140736793542656,602786,593920,,,,,,,,,,,,,,,,,,,,,,,,,,,,,,,,,,,,,,,,,,,,,,,,,,,,,,,,,,,,,,,,,,,,,,,
"2025-09-02 15:13:23.2490808Z","ETW","Microsoft-Windows-Kernel-Process",6,"ImageUnloadInfo ",13192,13952,"WerFault.exe",,,,"C:\Windows\System32\msvcp110_win.dll",,,,,,,,,,,,[{"addr":140736918203892,"idx":0},{"addr":140736917028534,"idx":1},{"addr":140736916779098,"idx":2},{"addr":140736916769422,"idx":3},{"addr":140736916769266,"idx":4},{"addr":140736916769266,"idx":5},{"addr":140736916768404,"idx":6},{"addr":140736916773680,"idx":7},{"addr":140736872000489,"idx":8},{"addr":140736909949854,"idx":9},{"addr":140736909944133,"idx":10},{"addr":140736909367016,"idx":11},{"addr":140736909232512,"idx":12},{"addr":140736909233542,"idx":13},{"addr":140736909233853,"idx":14},{"addr":140736909930487,"idx":15},{"addr":140736909930057,"idx":16},{"addr":140736823419569,"idx":17},{"addr":140736823335119,"idx":18},{"addr":140736823929387,"idx":19},{"addr":140736823342543,"idx":20},{"addr":140736823342026,"idx":21},{"addr":140736823935794,"idx":22},{"addr":140736823321256,"idx":23},{"addr":140736897083607,"idx":24},{"addr":140736916996940,"idx":25}],,,,,,,,,13192,,,,,,,,,,,,,,,,,,,,,,,,,,,,,,,,,,,,3464179610,140736793542656,140736793542656,602786,606208,,,,,,,,,,,,,,,,,,,,,,,,,,,,,,,,,,,,,,,,,,,,,,,,,,,,,,,,,,,,,,,,,,,,,,,
"2025-09-02 15:13:23.2491428Z","ETW","Microsoft-Windows-Kernel-Process",6,"ImageUnloadInfo ",13192,13952,"WerFault.exe",,,,"C:\Windows\System32\policymanager.dll",,,,,,,,,,,,[{"addr":140736918203892,"idx":0},{"addr":140736917028534,"idx":1},{"addr":140736916779098,"idx":2},{"addr":140736916769422,"idx":3},{"addr":140736916769266,"idx":4},{"addr":140736916768404,"idx":5},{"addr":140736916773680,"idx":6},{"addr":140736872000489,"idx":7},{"addr":140736909949854,"idx":8},{"addr":140736909944133,"idx":9},{"addr":140736909367016,"idx":10},{"addr":140736909232512,"idx":11},{"addr":140736909233542,"idx":12},{"addr":140736909233853,"idx":13},{"addr":140736909930487,"idx":14},{"addr":140736909930057,"idx":15},{"addr":140736823419569,"idx":16},{"addr":140736823335119,"idx":17},{"addr":140736823929387,"idx":18},{"addr":140736823342543,"idx":19},{"addr":140736823342026,"idx":20},{"addr":140736823935794,"idx":21},{"addr":140736823321256,"idx":22},{"addr":140736897083607,"idx":23},{"addr":140736916996940,"idx":24}],,,,,,,,,13192,,,,,,,,,,,,,,,,,,,,,,,,,,,,,,,,,,,,2757975175,140736805928960,140736805928960,801211,749568,,,,,,,,,,,,,,,,,,,,,,,,,,,,,,,,,,,,,,,,,,,,,,,,,,,,,,,,,,,,,,,,,,,,,,,
"2025-09-02 15:13:23.2492257Z","ETW","Microsoft-Windows-Kernel-Process",6,"ImageUnloadInfo ",13192,13952,"WerFault.exe",,,,"C:\Windows\System32\twinapi.appcore.dll",,,,,,,,,,,,[{"addr":140736918203892,"idx":0},{"addr":140736917028534,"idx":1},{"addr":140736916779098,"idx":2},{"addr":140736916773567,"idx":3},{"addr":140736872000489,"idx":4},{"addr":140736909949854,"idx":5},{"addr":140736909944133,"idx":6},{"addr":140736909367016,"idx":7},{"addr":140736909232512,"idx":8},{"addr":140736909233542,"idx":9},{"addr":140736909233853,"idx":10},{"addr":140736909930487,"idx":11},{"addr":140736909930057,"idx":12},{"addr":140736823419569,"idx":13},{"addr":140736823335119,"idx":14},{"addr":140736823929387,"idx":15},{"addr":140736823342543,"idx":16},{"addr":140736823342026,"idx":17},{"addr":140736823935794,"idx":18},{"addr":140736823321256,"idx":19},{"addr":140736897083607,"idx":20},{"addr":140736916996940,"idx":21}],,,,,,,,,13192,,,,,,,,,,,,,,,,,,,,,,,,,,,,,,,,,,,,2889134449,140736717651968,140736717651968,2408796,2338816,,,,,,,,,,,,,,,,,,,,,,,,,,,,,,,,,,,,,,,,,,,,,,,,,,,,,,,,,,,,,,,,,,,,,,,
"2025-09-02 15:13:23.2502286Z","ETW","Microsoft-Windows-Kernel-Process",5,"ImageLoadInfo ",13192,13952,"WerFault.exe",,,,"C:\Windows\System32\policymanager.dll",,,,,,,,,,,,[{"addr":140736918203828,"idx":0},{"addr":140736917192506,"idx":1},{"addr":140736917191278,"idx":2},{"addr":140736917210764,"idx":3},{"addr":140736917201516,"idx":4},{"addr":140736917258922,"idx":5},{"addr":140736916785248,"idx":6},{"addr":140736916784352,"idx":7},{"addr":140736917101952,"idx":8},{"addr":140736872000198,"idx":9},{"addr":140736564313215,"idx":10},{"addr":140736564317195,"idx":11},{"addr":140736564310991,"idx":12},{"addr":140736564312326,"idx":13},{"addr":140736564315077,"idx":14},{"addr":140736823345412,"idx":15},{"addr":140736823342909,"idx":16},{"addr":140736823342026,"idx":17},{"addr":140736823935794,"idx":18},{"addr":140736823321256,"idx":19},{"addr":140736897083607,"idx":20},{"addr":140736916996940,"idx":21}],,,,,,,,,13192,,,,,,,,,,,,,,,,,,,,,,,,,,,,,,,,,,,,2757975175,140736805928960,140736805928960,801211,737280,,,,,,,,,,,,,,,,,,,,,,,,,,,,,,,,,,,,,,,,,,,,,,,,,,,,,,,,,,,,,,,,,,,,,,,
"2025-09-02 15:13:23.2506095Z","ETW","Microsoft-Windows-Kernel-Process",5,"ImageLoadInfo ",13192,22064,"WerFault.exe",,,,"C:\Windows\System32\msvcp110_win.dll",,,,,,,,,,,,[{"addr":140736918203828,"idx":0},{"addr":140736917192506,"idx":1},{"addr":140736917191278,"idx":2},{"addr":140736917210764,"idx":3},{"addr":140736917201516,"idx":4},{"addr":140736917258922,"idx":5},{"addr":140736917255216,"idx":6},{"addr":140736917350945,"idx":7},{"addr":140736897083607,"idx":8},{"addr":140736916996940,"idx":9}],,,,,,,,,13192,,,,,,,,,,,,,,,,,,,,,,,,,,,,,,,,,,,,3464179610,140736793542656,140736793542656,602786,593920,,,,,,,,,,,,,,,,,,,,,,,,,,,,,,,,,,,,,,,,,,,,,,,,,,,,,,,,,,,,,,,,,,,,,,,
"2025-09-02 15:13:23.2511818Z","ETW","Microsoft-Windows-Kernel-Process",6,"ImageUnloadInfo ",13192,13952,"WerFault.exe",,,,"C:\Windows\System32\msvcp110_win.dll",,,,,,,,,,,,[{"addr":140736918203892,"idx":0},{"addr":140736917028534,"idx":1},{"addr":140736916779098,"idx":2},{"addr":140736916769422,"idx":3},{"addr":140736916769266,"idx":4},{"addr":140736916768404,"idx":5},{"addr":140736916773680,"idx":6},{"addr":140736872000489,"idx":7},{"addr":140736564313988,"idx":8},{"addr":140736564317195,"idx":9},{"addr":140736564310991,"idx":10},{"addr":140736564312326,"idx":11},{"addr":140736564315077,"idx":12},{"addr":140736823345412,"idx":13},{"addr":140736823342909,"idx":14},{"addr":140736823342026,"idx":15},{"addr":140736823935794,"idx":16},{"addr":140736823321256,"idx":17},{"addr":140736897083607,"idx":18},{"addr":140736916996940,"idx":19}],,,,,,,,,13192,,,,,,,,,,,,,,,,,,,,,,,,,,,,,,,,,,,,3464179610,140736793542656,140736793542656,602786,606208,,,,,,,,,,,,,,,,,,,,,,,,,,,,,,,,,,,,,,,,,,,,,,,,,,,,,,,,,,,,,,,,,,,,,,,
"2025-09-02 15:13:23.2512435Z","ETW","Microsoft-Windows-Kernel-Process",6,"ImageUnloadInfo ",13192,13952,"WerFault.exe",,,,"C:\Windows\System32\policymanager.dll",,,,,,,,,,,,[{"addr":140736918203892,"idx":0},{"addr":140736917028534,"idx":1},{"addr":140736916779098,"idx":2},{"addr":140736916773567,"idx":3},{"addr":140736872000489,"idx":4},{"addr":140736564313988,"idx":5},{"addr":140736564317195,"idx":6},{"addr":140736564310991,"idx":7},{"addr":140736564312326,"idx":8},{"addr":140736564315077,"idx":9},{"addr":140736823345412,"idx":10},{"addr":140736823342909,"idx":11},{"addr":140736823342026,"idx":12},{"addr":140736823935794,"idx":13},{"addr":140736823321256,"idx":14},{"addr":140736897083607,"idx":15},{"addr":140736916996940,"idx":16}],,,,,,,,,13192,,,,,,,,,,,,,,,,,,,,,,,,,,,,,,,,,,,,2757975175,140736805928960,140736805928960,801211,749568,,,,,,,,,,,,,,,,,,,,,,,,,,,,,,,,,,,,,,,,,,,,,,,,,,,,,,,,,,,,,,,,,,,,,,,
"2025-09-02 15:13:23.2531603Z","ETW","Microsoft-Windows-Kernel-Process",5,"ImageLoadInfo ",13192,13952,"WerFault.exe",,,,"C:\Windows\System32\winhttp.dll",,,,,,,,,,,,[{"addr":140736918203828,"idx":0},{"addr":140736917192506,"idx":1},{"addr":140736917191278,"idx":2},{"addr":140736917210764,"idx":3},{"addr":140736917201516,"idx":4},{"addr":140736917258922,"idx":5},{"addr":140736916785248,"idx":6},{"addr":140736916786774,"idx":7},{"addr":140736917021315,"idx":8},{"addr":140736917023197,"idx":9},{"addr":140736823402594,"idx":10},{"addr":140736823526158,"idx":11},{"addr":140736823390469,"idx":12},{"addr":140736823901320,"idx":13},{"addr":140736823904780,"idx":14},{"addr":140736823938214,"idx":15},{"addr":140736823936443,"idx":16},{"addr":140736823321256,"idx":17},{"addr":140736897083607,"idx":18},{"addr":140736916996940,"idx":19}],,,,,,,,,13192,,,,,,,,,,,,,,,,,,,,,,,,,,,,,,,,,,,,549875158,140736759791616,140736759791616,1195912,1171456,,,,,,,,,,,,,,,,,,,,,,,,,,,,,,,,,,,,,,,,,,,,,,,,,,,,,,,,,,,,,,,,,,,,,,,
"2025-09-02 15:13:23.2539378Z","ETW","Microsoft-Windows-Kernel-Process",5,"ImageLoadInfo ",13192,13952,"WerFault.exe",,,,"C:\Windows\System32\ws2_32.dll",,,,,,,,,,,,[{"addr":140736918203828,"idx":0},{"addr":140736917192506,"idx":1},{"addr":140736917191278,"idx":2},{"addr":140736917190209,"idx":3},{"addr":140736916804181,"idx":4},{"addr":140736916785218,"idx":5},{"addr":140736916786774,"idx":6},{"addr":140736917021315,"idx":7},{"addr":140736917023197,"idx":8},{"addr":140736760356466,"idx":9},{"addr":140736760455560,"idx":10},{"addr":140736760152059,"idx":11},{"addr":140736760151600,"idx":12},{"addr":140736759889137,"idx":13},{"addr":140736759880278,"idx":14},{"addr":140736823390469,"idx":15},{"addr":140736823901320,"idx":16},{"addr":140736823904780,"idx":17},{"addr":140736823938214,"idx":18},{"addr":140736823936443,"idx":19},{"addr":140736823321256,"idx":20},{"addr":140736897083607,"idx":21},{"addr":140736916996940,"idx":22}],,,,,,,,,13192,,,,,,,,,,,,,,,,,,,,,,,,,,,,,,,,,,,,350705987,140736912818176,140736912818176,541400,475136,,,,,,,,,,,,,,,,,,,,,,,,,,,,,,,,,,,,,,,,,,,,,,,,,,,,,,,,,,,,,,,,,,,,,,,
"2025-09-02 15:13:23.2549294Z","ETW","Microsoft-Windows-Kernel-Process",3,"ThreadStartStart ",13192,16920,"WerFault.exe",,,,,,,,,,,,,,,,[{"addr":140736918216388,"idx":0},{"addr":140736917258753,"idx":1},{"addr":140736872809483,"idx":2},{"addr":140736760304881,"idx":3},{"addr":140736917265901,"idx":4},{"addr":140736917350329,"idx":5},{"addr":140736897083607,"idx":6},{"addr":140736916996940,"idx":7}],,,,,,,,,13192,18446639081578541056,18446639081578516480,140736917348896,0,549625053184,3616,549630509056,549630500864,140736917348896,,,,,,,,,,,,,,,,,,,,,,,,,,,,,,,,,,,,,,,,,,,,,,,,,,,,,,,,,,,,,,,,,,,,,,,,,,,,,,,,,,,,,,,,,,,,,,,,,,,,,,
"2025-09-02 15:13:23.2551569Z","ETW","Microsoft-Windows-Kernel-Process",5,"ImageLoadInfo ",13192,13952,"WerFault.exe",,,,"C:\Windows\System32\mswsock.dll",,,,,,,,,,,,[{"addr":140736918203828,"idx":0},{"addr":140736917192506,"idx":1},{"addr":140736917191278,"idx":2},{"addr":140736917210764,"idx":3},{"addr":140736917202269,"idx":4},{"addr":140736917259140,"idx":5},{"addr":140736916785248,"idx":6},{"addr":140736916784352,"idx":7},{"addr":140736917101952,"idx":8},{"addr":140736872000198,"idx":9},{"addr":140736912833716,"idx":10},{"addr":140736912833464,"idx":11},{"addr":140736912853643,"idx":12},{"addr":140736912917033,"idx":13},{"addr":140736759923825,"idx":14},{"addr":140736759922878,"idx":15},{"addr":140736759918625,"idx":16},{"addr":140736759974281,"idx":17},{"addr":140736759975855,"idx":18},{"addr":140736759975225,"idx":19},{"addr":140736759978067,"idx":20},{"addr":140736759976252,"idx":21},{"addr":140736759980929,"idx":22},{"addr":140736759881656,"idx":23},{"addr":140736759880459,"idx":24},{"addr":140736823390469,"idx":25},{"addr":140736823901320,"idx":26},{"addr":140736823904780,"idx":27},{"addr":140736823938214,"idx":28},{"addr":140736823936443,"idx":29},{"addr":140736823321256,"idx":30},{"addr":140736897083607,"idx":31},{"addr":140736916996940,"idx":32}],,,,,,,,,13192,,,,,,,,,,,,,,,,,,,,,,,,,,,,,,,,,,,,2024507737,140736854097920,140736854097920,471620,438272,,,,,,,,,,,,,,,,,,,,,,,,,,,,,,,,,,,,,,,,,,,,,,,,,,,,,,,,,,,,,,,,,,,,,,,
"2025-09-02 15:13:23.2557926Z","ETW","Microsoft-Windows-Kernel-Process",5,"ImageLoadInfo ",13192,13952,"WerFault.exe",,,,"C:\Windows\System32\IPHLPAPI.DLL",,,,,,,,,,,,[{"addr":140736918203828,"idx":0},{"addr":140736917192506,"idx":1},{"addr":140736917191278,"idx":2},{"addr":140736917210764,"idx":3},{"addr":140736917201516,"idx":4},{"addr":140736917258922,"idx":5},{"addr":140736916785248,"idx":6},{"addr":140736916786774,"idx":7},{"addr":140736917021315,"idx":8},{"addr":140736917023197,"idx":9},{"addr":140736760356466,"idx":10},{"addr":140736760458177,"idx":11},{"addr":140736759974508,"idx":12},{"addr":140736759975874,"idx":13},{"addr":140736759975225,"idx":14},{"addr":140736759978067,"idx":15},{"addr":140736759976252,"idx":16},{"addr":140736759980929,"idx":17},{"addr":140736759881656,"idx":18},{"addr":140736759880459,"idx":19},{"addr":140736823390469,"idx":20},{"addr":140736823901320,"idx":21},{"addr":140736823904780,"idx":22},{"addr":140736823938214,"idx":23},{"addr":140736823936443,"idx":24},{"addr":140736823321256,"idx":25},{"addr":140736897083607,"idx":26},{"addr":140736916996940,"idx":27}],,,,,,,,,13192,,,,,,,,,,,,,,,,,,,,,,,,,,,,,,,,,,,,1152172938,140736842039296,140736842039296,263306,208896,,,,,,,,,,,,,,,,,,,,,,,,,,,,,,,,,,,,,,,,,,,,,,,,,,,,,,,,,,,,,,,,,,,,,,,
"2025-09-02 15:13:23.2562290Z","ETW","Microsoft-Windows-Kernel-Process",5,"ImageLoadInfo ",13192,13952,"WerFault.exe",,,,"C:\Windows\System32\winnsi.dll",,,,,,,,,,,,[{"addr":140736918203828,"idx":0},{"addr":140736917192506,"idx":1},{"addr":140736917191278,"idx":2},{"addr":140736917210764,"idx":3},{"addr":140736917201516,"idx":4},{"addr":140736917258922,"idx":5},{"addr":140736916785248,"idx":6},{"addr":140736916786774,"idx":7},{"addr":140736917021315,"idx":8},{"addr":140736917023197,"idx":9},{"addr":140736842114082,"idx":10},{"addr":140736842143324,"idx":11},{"addr":140736842166035,"idx":12},{"addr":140736842078159,"idx":13},{"addr":140736842078576,"idx":14},{"addr":140736759974508,"idx":15},{"addr":140736759975874,"idx":16},{"addr":140736759975225,"idx":17},{"addr":140736759978067,"idx":18},{"addr":140736759976252,"idx":19},{"addr":140736759980929,"idx":20},{"addr":140736759881656,"idx":21},{"addr":140736759880459,"idx":22},{"addr":140736823390469,"idx":23},{"addr":140736823901320,"idx":24},{"addr":140736823904780,"idx":25},{"addr":140736823938214,"idx":26},{"addr":140736823936443,"idx":27},{"addr":140736823321256,"idx":28},{"addr":140736897083607,"idx":29},{"addr":140736916996940,"idx":30}],,,,,,,,,13192,,,,,,,,,,,,,,,,,,,,,,,,,,,,,,,,,,,,1841202216,140736819232768,140736819232768,82125,61440,,,,,,,,,,,,,,,,,,,,,,,,,,,,,,,,,,,,,,,,,,,,,,,,,,,,,,,,,,,,,,,,,,,,,,,
"2025-09-02 15:13:23.2563988Z","ETW","Microsoft-Windows-Kernel-Process",5,"ImageLoadInfo ",13192,13952,"WerFault.exe",,,,"C:\Windows\System32\nsi.dll",,,,,,,,,,,,[{"addr":140736918203828,"idx":0},{"addr":140736917192506,"idx":1},{"addr":140736917191278,"idx":2},{"addr":140736917190209,"idx":3},{"addr":140736916804181,"idx":4},{"addr":140736916785218,"idx":5},{"addr":140736916786774,"idx":6},{"addr":140736917021315,"idx":7},{"addr":140736917023197,"idx":8},{"addr":140736819242418,"idx":9},{"addr":140736819245359,"idx":10},{"addr":140736819237641,"idx":11},{"addr":140736819237344,"idx":12},{"addr":140736842166109,"idx":13},{"addr":140736842078159,"idx":14},{"addr":140736842078576,"idx":15},{"addr":140736759974508,"idx":16},{"addr":140736759975874,"idx":17},{"addr":140736759975225,"idx":18},{"addr":140736759978067,"idx":19},{"addr":140736759976252,"idx":20},{"addr":140736759980929,"idx":21},{"addr":140736759881656,"idx":22},{"addr":140736759880459,"idx":23},{"addr":140736823390469,"idx":24},{"addr":140736823901320,"idx":25},{"addr":140736823904780,"idx":26},{"addr":140736823938214,"idx":27},{"addr":140736823936443,"idx":28},{"addr":140736823321256,"idx":29},{"addr":140736897083607,"idx":30},{"addr":140736916996940,"idx":31}],,,,,,,,,13192,,,,,,,,,,,,,,,,,,,,,,,,,,,,,,,,,,,,1041699878,140736891060224,140736891060224,106241,40960,,,,,,,,,,,,,,,,,,,,,,,,,,,,,,,,,,,,,,,,,,,,,,,,,,,,,,,,,,,,,,,,,,,,,,,
"2025-09-02 15:13:23.2567757Z","ETW","Microsoft-Windows-Kernel-Process",3,"ThreadStartStart ",4,72,"System",,,,,,,,,,,,,,,,[],,,,,,,,,1588,18446639081578569728,18446639081578545152,140736917348896,0,404529766400,6340,404530659328,404530626560,140736917348896,,,,,,,,,,,,,,,,,,,,,,,,,,,,,,,,,,,,,,,,,,,,,,,,,,,,,,,,,,,,,,,,,,,,,,,,,,,,,,,,,,,,,,,,,,,,,,,,,,,,,,
"2025-09-02 15:13:23.2570615Z","ETW","Microsoft-Windows-Kernel-Process",3,"ThreadStartStart ",1588,6340,"svchost.exe",,,,,,,,,,,,,,,,[{"addr":140736918216388,"idx":0},{"addr":140736917669762,"idx":1},{"addr":140736882108009,"idx":2},{"addr":140736882120022,"idx":3},{"addr":140736882104053,"idx":4},{"addr":140736882098504,"idx":5},{"addr":140736917358174,"idx":6},{"addr":140736917350275,"idx":7},{"addr":140736897083607,"idx":8},{"addr":140736916996940,"idx":9}],,,,,,,,,1588,18446639081578598400,18446639081578573824,140736917348896,128,404529774592,17684,404531183616,404531150848,140736917348896,,,,,,,,,,,,,,,,,,,,,,,,,,,,,,,,,,,,,,,,,,,,,,,,,,,,,,,,,,,,,,,,,,,,,,,,,,,,,,,,,,,,,,,,,,,,,,,,,,,,,,
"2025-09-02 15:13:23.2583272Z","ETW","Microsoft-Windows-Kernel-Process",5,"ImageLoadInfo ",13192,13952,"WerFault.exe",,,,"C:\Windows\System32\dhcpcsvc6.dll",,,,,,,,,,,,[{"addr":140736918203828,"idx":0},{"addr":140736917192506,"idx":1},{"addr":140736917191278,"idx":2},{"addr":140736917210764,"idx":3},{"addr":140736917201516,"idx":4},{"addr":140736917258922,"idx":5},{"addr":140736916785248,"idx":6},{"addr":140736916786774,"idx":7},{"addr":140736917021315,"idx":8},{"addr":140736917023197,"idx":9},{"addr":140736842114082,"idx":10},{"addr":140736842143692,"idx":11},{"addr":140736842043455,"idx":12},{"addr":140736842056136,"idx":13},{"addr":140736842052802,"idx":14},{"addr":140736842047008,"idx":15},{"addr":140736759908295,"idx":16},{"addr":140736759907649,"idx":17},{"addr":140736759976371,"idx":18},{"addr":140736759980929,"idx":19},{"addr":140736759881656,"idx":20},{"addr":140736759880459,"idx":21},{"addr":140736823390469,"idx":22},{"addr":140736823901320,"idx":23},{"addr":140736823904780,"idx":24},{"addr":140736823938214,"idx":25},{"addr":140736823936443,"idx":26},{"addr":140736823321256,"idx":27},{"addr":140736897083607,"idx":28},{"addr":140736916996940,"idx":29}],,,,,,,,,13192,,,,,,,,,,,,,,,,,,,,,,,,,,,,,,,,,,,,698093804,140736757760000,140736757760000,194339,126976,,,,,,,,,,,,,,,,,,,,,,,,,,,,,,,,,,,,,,,,,,,,,,,,,,,,,,,,,,,,,,,,,,,,,,,
"2025-09-02 15:13:23.2590591Z","ETW","Microsoft-Windows-Kernel-Process",5,"ImageLoadInfo ",13192,13952,"WerFault.exe",,,,"C:\Windows\System32\dhcpcsvc.dll",,,,,,,,,,,,[{"addr":140736918203828,"idx":0},{"addr":140736917192506,"idx":1},{"addr":140736917191278,"idx":2},{"addr":140736917210764,"idx":3},{"addr":140736917201516,"idx":4},{"addr":140736917258922,"idx":5},{"addr":140736916785248,"idx":6},{"addr":140736916786774,"idx":7},{"addr":140736917021315,"idx":8},{"addr":140736917023197,"idx":9},{"addr":140736842114082,"idx":10},{"addr":140736842143535,"idx":11},{"addr":140736842056173,"idx":12},{"addr":140736842052802,"idx":13},{"addr":140736842047008,"idx":14},{"addr":140736759908295,"idx":15},{"addr":140736759907649,"idx":16},{"addr":140736759976371,"idx":17},{"addr":140736759980929,"idx":18},{"addr":140736759881656,"idx":19},{"addr":140736759880459,"idx":20},{"addr":140736823390469,"idx":21},{"addr":140736823901320,"idx":22},{"addr":140736823904780,"idx":23},{"addr":140736823938214,"idx":24},{"addr":140736823936443,"idx":25},{"addr":140736823321256,"idx":26},{"addr":140736897083607,"idx":27},{"addr":140736916996940,"idx":28}],,,,,,,,,13192,,,,,,,,,,,,,,,,,,,,,,,,,,,,,,,,,,,,2415821048,140736757563392,140736757563392,215583,151552,,,,,,,,,,,,,,,,,,,,,,,,,,,,,,,,,,,,,,,,,,,,,,,,,,,,,,,,,,,,,,,,,,,,,,,
"2025-09-02 15:13:23.2603578Z","ETW","Microsoft-Windows-Kernel-Process",5,"ImageLoadInfo ",13192,13952,"WerFault.exe",,,,"C:\Windows\System32\webio.dll",,,,,,,,,,,,[{"addr":140736918203828,"idx":0},{"addr":140736917192506,"idx":1},{"addr":140736917191278,"idx":2},{"addr":140736917210764,"idx":3},{"addr":140736917201516,"idx":4},{"addr":140736917258922,"idx":5},{"addr":140736916785248,"idx":6},{"addr":140736916786774,"idx":7},{"addr":140736917021315,"idx":8},{"addr":140736917023197,"idx":9},{"addr":140736760356466,"idx":10},{"addr":140736760458887,"idx":11},{"addr":140736759866568,"idx":12},{"addr":140736759864727,"idx":13},{"addr":140736759864372,"idx":14},{"addr":140736759864159,"idx":15},{"addr":140736759868583,"idx":16},{"addr":140736823394408,"idx":17},{"addr":140736823393713,"idx":18},{"addr":140736823393064,"idx":19},{"addr":140736823901320,"idx":20},{"addr":140736823904780,"idx":21},{"addr":140736823938214,"idx":22},{"addr":140736823936443,"idx":23},{"addr":140736823321256,"idx":24},{"addr":140736897083607,"idx":25},{"addr":140736916996940,"idx":26}],,,,,,,,,13192,,,,,,,,,,,,,,,,,,,,,,,,,,,,,,,,,,,,1698214587,140736699105280,140736699105280,843709,798720,,,,,,,,,,,,,,,,,,,,,,,,,,,,,,,,,,,,,,,,,,,,,,,,,,,,,,,,,,,,,,,,,,,,,,,
"2025-09-02 15:13:23.2619033Z","ETW","Microsoft-Windows-Kernel-Process",5,"ImageLoadInfo ",13192,13952,"WerFault.exe",,,,"C:\Windows\System32\sspicli.dll",,,,,,,,,,,,[{"addr":140736918203828,"idx":0},{"addr":140736917192506,"idx":1},{"addr":140736917191278,"idx":2},{"addr":140736917210764,"idx":3},{"addr":140736917201516,"idx":4},{"addr":140736917258922,"idx":5},{"addr":140736916785248,"idx":6},{"addr":140736916786774,"idx":7},{"addr":140736917021315,"idx":8},{"addr":140736917023197,"idx":9},{"addr":140736699524706,"idx":10},{"addr":140736699562227,"idx":11},{"addr":140736699407500,"idx":12},{"addr":140736699405043,"idx":13},{"addr":140736699218619,"idx":14},{"addr":140736699218348,"idx":15},{"addr":140736759866568,"idx":16},{"addr":140736759864727,"idx":17},{"addr":140736759864372,"idx":18},{"addr":140736759864159,"idx":19},{"addr":140736759868583,"idx":20},{"addr":140736823394408,"idx":21},{"addr":140736823393713,"idx":22},{"addr":140736823393064,"idx":23},{"addr":140736823901320,"idx":24},{"addr":140736823904780,"idx":25},{"addr":140736823938214,"idx":26},{"addr":140736823936443,"idx":27},{"addr":140736823321256,"idx":28},{"addr":140736897083607,"idx":29},{"addr":140736916996940,"idx":30}],,,,,,,,,13192,,,,,,,,,,,,,,,,,,,,,,,,,,,,,,,,,,,,100434550,140736851083264,140736851083264,322206,299008,,,,,,,,,,,,,,,,,,,,,,,,,,,,,,,,,,,,,,,,,,,,,,,,,,,,,,,,,,,,,,,,,,,,,,,
"2025-09-02 15:13:23.2622234Z","ETW","Microsoft-Windows-Kernel-Audit-API-Calls",5,"Info ",920,3484,"lsass.exe",,,,,,,,,,,,,,,,[{"addr":140736918206916,"idx":0},{"addr":140736882337646,"idx":1},{"addr":140736860928424,"idx":2},{"addr":140736845519773,"idx":3},{"addr":140736882620003,"idx":4},{"addr":140736882628366,"idx":5},{"addr":140736882319852,"idx":6},{"addr":140736882311415,"idx":7},{"addr":140736882088628,"idx":8},{"addr":140736882092744,"idx":9},{"addr":140736882015316,"idx":10},{"addr":140736882081820,"idx":11},{"addr":140736882106396,"idx":12},{"addr":140736882102691,"idx":13},{"addr":140736882098504,"idx":14},{"addr":140736917358174,"idx":15},{"addr":140736917350275,"idx":16},{"addr":140736897083607,"idx":17},{"addr":140736916996940,"idx":18}],,,,,,,,,,,,,,,,,,,4096,0,13192,,,,,,,,,,,,,,,,,,,,,,,,,,,,,,,,,,,,,,,,,,,,,,,,,,,,,,,,,,,,,,,,,,,,,,,,,,,,,,,,,,,,,,,,,,,,,,,,,,,
"2025-09-02 15:13:23.2622789Z","ETW","Microsoft-Windows-Kernel-Audit-API-Calls",5,"Info ",920,3484,"lsass.exe",,,,,,,,,,,,,,,,[{"addr":140736918203764,"idx":0},{"addr":140736860927872,"idx":1},{"addr":140736860929776,"idx":2},{"addr":140736860928739,"idx":3},{"addr":140736845519773,"idx":4},{"addr":140736882620003,"idx":5},{"addr":140736882628366,"idx":6},{"addr":140736882319852,"idx":7},{"addr":140736882311415,"idx":8},{"addr":140736882088628,"idx":9},{"addr":140736882092744,"idx":10},{"addr":140736882015316,"idx":11},{"addr":140736882081820,"idx":12},{"addr":140736882106396,"idx":13},{"addr":140736882102691,"idx":14},{"addr":140736882098504,"idx":15},{"addr":140736917358174,"idx":16},{"addr":140736917350275,"idx":17},{"addr":140736897083607,"idx":18},{"addr":140736916996940,"idx":19}],,,,,,,,,,,,,,,,,,,1144,0,13192,,,,,,,,,,,,,,,,,,,,,,,,,,,,,,,,,,,,,,,,,,,,,,,,,,,,,,,,,,,,,,,,,,,,,,,,,,,,,,,,,,,,,,,,,,,,,,,,,,,
"2025-09-02 15:13:23.2636711Z","ETW","Microsoft-Windows-Kernel-Process",3,"ThreadStartStart ",2112,5400,"svchost.exe",,,,,,,,,,,,,,,,[{"addr":140736918216388,"idx":0},{"addr":140736917669762,"idx":1},{"addr":140736882108009,"idx":2},{"addr":140736882120022,"idx":3},{"addr":140736882104053,"idx":4},{"addr":140736882098504,"idx":5},{"addr":140736917358174,"idx":6},{"addr":140736917350275,"idx":7},{"addr":140736897083607,"idx":8},{"addr":140736916996940,"idx":9}],,,,,,,,,2112,18446639081578655744,18446639081578631168,140736917348896,247,612994236416,19000,612996481024,612996448256,140736917348896,,,,,,,,,,,,,,,,,,,,,,,,,,,,,,,,,,,,,,,,,,,,,,,,,,,,,,,,,,,,,,,,,,,,,,,,,,,,,,,,,,,,,,,,,,,,,,,,,,,,,,
"2025-09-02 15:13:23.2642672Z","ETW","Microsoft-Windows-Kernel-Process",3,"ThreadStartStart ",2036,13284,"svchost.exe",,,,,,,,,,,,,,,,[{"addr":140736918216388,"idx":0},{"addr":140736917669762,"idx":1},{"addr":140736882108009,"idx":2},{"addr":140736882106619,"idx":3},{"addr":140736882102691,"idx":4},{"addr":140736882098504,"idx":5},{"addr":140736917358174,"idx":6},{"addr":140736917350275,"idx":7},{"addr":140736897083607,"idx":8},{"addr":140736916996940,"idx":9}],,,,,,,,,2036,18446639081579257856,18446639081579233280,140736917348896,49,134150275072,19280,134148456448,134148390912,140736917348896,,,,,,,,,,,,,,,,,,,,,,,,,,,,,,,,,,,,,,,,,,,,,,,,,,,,,,,,,,,,,,,,,,,,,,,,,,,,,,,,,,,,,,,,,,,,,,,,,,,,,,
"2025-09-02 15:13:23.2648980Z","ETW","Microsoft-Windows-Kernel-Process",3,"ThreadStartStart ",4,72,"System",,,,,,,,,,,,,,,,[],,,,,,,,,1884,18446639081579343872,18446639081579319296,140736917348896,0,944721043456,8972,944723984384,944723951616,140736917348896,,,,,,,,,,,,,,,,,,,,,,,,,,,,,,,,,,,,,,,,,,,,,,,,,,,,,,,,,,,,,,,,,,,,,,,,,,,,,,,,,,,,,,,,,,,,,,,,,,,,,,
"2025-09-02 15:13:23.2650506Z","ETW","Microsoft-Windows-Kernel-Process",3,"ThreadStartStart ",1884,8972,"svchost.exe",,,,,,,,,,,,,,,,[{"addr":140736918216388,"idx":0},{"addr":140736917669762,"idx":1},{"addr":140736882108009,"idx":2},{"addr":140736882106619,"idx":3},{"addr":140736882102691,"idx":4},{"addr":140736882098504,"idx":5},{"addr":140736917358174,"idx":6},{"addr":140736917350275,"idx":7},{"addr":140736897083607,"idx":8},{"addr":140736916996940,"idx":9}],,,,,,,,,1884,18446639081579544576,18446639081579520000,140736917348896,57,944721051648,5964,944724508672,944724475904,140736917348896,,,,,,,,,,,,,,,,,,,,,,,,,,,,,,,,,,,,,,,,,,,,,,,,,,,,,,,,,,,,,,,,,,,,,,,,,,,,,,,,,,,,,,,,,,,,,,,,,,,,,,
"2025-09-02 15:13:23.2659867Z","ETW","Microsoft-Windows-Kernel-Process",5,"ImageLoadInfo ",13192,3616,"WerFault.exe",,,,"C:\Windows\System32\dnsapi.dll",,,,,,,,,,,,[{"addr":140736918203828,"idx":0},{"addr":140736917192506,"idx":1},{"addr":140736917191278,"idx":2},{"addr":140736917210764,"idx":3},{"addr":140736917201516,"idx":4},{"addr":140736917258922,"idx":5},{"addr":140736916785248,"idx":6},{"addr":140736916786774,"idx":7},{"addr":140736917021315,"idx":8},{"addr":140736917023197,"idx":9},{"addr":140736854232034,"idx":10},{"addr":140736854246702,"idx":11},{"addr":140736854187627,"idx":12},{"addr":140736854185348,"idx":13},{"addr":140736912971738,"idx":14},{"addr":140736912964801,"idx":15},{"addr":140736912959151,"idx":16},{"addr":140736912957012,"idx":17},{"addr":140736912956592,"idx":18},{"addr":140736912894852,"idx":19},{"addr":140736912932036,"idx":20},{"addr":140736912889534,"idx":21},{"addr":140736912925029,"idx":22},{"addr":140736699216041,"idx":23},{"addr":140736699215697,"idx":24},{"addr":140736699315303,"idx":25},{"addr":140736699311635,"idx":26},{"addr":140736699509068,"idx":27},{"addr":140736699383901,"idx":28},{"addr":140736699359370,"idx":29},{"addr":140736699356753,"idx":30},{"addr":140736699135749,"idx":31},{"addr":140736699135123,"idx":32},{"addr":140736699129486,"idx":33},{"addr":140736699128412,"idx":34},{"addr":140736699127352,"idx":35},{"addr":140736760130416,"idx":36},{"addr":140736760437398,"idx":37},{"addr":140736759832273,"idx":38},{"addr":140736759830509,"idx":39},{"addr":140736759834988,"idx":40},{"addr":140736760186536,"idx":41},{"addr":140736760361254,"idx":42},{"addr":140736759892882,"idx":43},{"addr":140736760050811,"idx":44},{"addr":140736760077030,"idx":45},{"addr":140736760073737,"idx":46},{"addr":140736759947011,"idx":47},{"addr":140736760048551,"idx":48},{"addr":140736760271221,"idx":49},{"addr":140736917265901,"idx":50},{"addr":140736917350329,"idx":51},{"addr":140736897083607,"idx":52},{"addr":140736916996940,"idx":53}],,,,,,,,,13192,,,,,,,,,,,,,,,,,,,,,,,,,,,,,,,,,,,,2329249490,140736842301440,140736842301440,1259990,1204224,,,,,,,,,,,,,,,,,,,,,,,,,,,,,,,,,,,,,,,,,,,,,,,,,,,,,,,,,,,,,,,,,,,,,,,
"2025-09-02 15:13:23.2669219Z","ETW","Microsoft-Windows-Kernel-Process",5,"ImageLoadInfo ",13192,16920,"WerFault.exe",,,,"C:\Windows\System32\rasadhlp.dll",,,,,,,,,,,,[{"addr":140736918203828,"idx":0},{"addr":140736917192506,"idx":1},{"addr":140736917191278,"idx":2},{"addr":140736917210764,"idx":3},{"addr":140736917202269,"idx":4},{"addr":140736917259140,"idx":5},{"addr":140736916785248,"idx":6},{"addr":140736916784352,"idx":7},{"addr":140736917101952,"idx":8},{"addr":140736872000198,"idx":9},{"addr":140736872006436,"idx":10},{"addr":140736912964458,"idx":11},{"addr":140736912964194,"idx":12},{"addr":140736912943542,"idx":13},{"addr":140736912941650,"idx":14},{"addr":140736917282525,"idx":15},{"addr":140736917350969,"idx":16},{"addr":140736897083607,"idx":17},{"addr":140736916996940,"idx":18}],,,,,,,,,13192,,,,,,,,,,,,,,,,,,,,,,,,,,,,,,,,,,,,2342346476,140736722829312,140736722829312,106317,45056,,,,,,,,,,,,,,,,,,,,,,,,,,,,,,,,,,,,,,,,,,,,,,,,,,,,,,,,,,,,,,,,,,,,,,,
"2025-09-02 15:13:23.2690461Z","ETW","Microsoft-Windows-Kernel-Network",42,"KERNEL_NETWORK_TASK_UDPIPData sent over UDP protocol. ",1884,5964,"svchost.exe",,,,,,,,,,,,,,,,[],,,,,,,,,,,,,,,,,,,,,,,,,,,,,,,,,,,,,,,,,,,,,,,,,,,,,,,,,,,,,,,,,,,,,,,,,,,,,,,,,,,,,,,,,,,,,,,,,,,,,,,,,,,0,50462730,13568,251789322,0,50,12749,,,,,,,
"2025-09-02 15:13:23.2738078Z","ETW","Microsoft-Windows-Kernel-Network",43,"KERNEL_NETWORK_TASK_UDPIPData received over UDP protocol. ",1884,1928,"svchost.exe",,,,,,,,,,,,,,,,[],,,,,,,,,,,,,,,,,,,,,,,,,,,,,,,,,,,,,,,,,,,,,,,,,,,,,,,,,,,,,,,,,,,,,,,,,,,,,,,,,,,,,,,,,,,,,,,,,,,,,,,,,,,0,251789322,12749,50462730,0,179,13568,,,,,,,
"2025-09-02 15:13:23.2743987Z","ETW","Microsoft-Windows-Kernel-Process",5,"ImageLoadInfo ",13192,3616,"WerFault.exe",,,,"C:\Windows\System32\FWPUCLNT.DLL",,,,,,,,,,,,[{"addr":140736918203828,"idx":0},{"addr":140736917192506,"idx":1},{"addr":140736917191278,"idx":2},{"addr":140736917210764,"idx":3},{"addr":140736917202269,"idx":4},{"addr":140736917259140,"idx":5},{"addr":140736916785248,"idx":6},{"addr":140736916784352,"idx":7},{"addr":140736917101952,"idx":8},{"addr":140736872000198,"idx":9},{"addr":140736912973942,"idx":10},{"addr":140736912973781,"idx":11},{"addr":140736912945620,"idx":12},{"addr":140736912934134,"idx":13},{"addr":140736912933686,"idx":14},{"addr":140736912994955,"idx":15},{"addr":140736912943632,"idx":16},{"addr":140736912941650,"idx":17},{"addr":140736917282525,"idx":18},{"addr":140736917350969,"idx":19},{"addr":140736897083607,"idx":20},{"addr":140736916996940,"idx":21}],,,,,,,,,13192,,,,,,,,,,,,,,,,,,,,,,,,,,,,,,,,,,,,2566326656,140736746815488,140736746815488,555861,548864,,,,,,,,,,,,,,,,,,,,,,,,,,,,,,,,,,,,,,,,,,,,,,,,,,,,,,,,,,,,,,,,,,,,,,,
"2025-09-02 15:13:23.3209323Z","Custom","Injector-Attack",13337,"[+] Attack done",16284,,"attack.exe",,,,,,,,,,,,,,,,,,,,,,,,,,,,,,,,,,,,,,,,,,,,,,,,,,,,,,,,,,,,,,,,,,,,,,,,,,,,,,,,,,,,,,,,,,,,,,,,,,,,,,,,,,,,,,,,,,,,,,,,,,,,,,,,,,,,,,,,
"2025-09-02 15:13:23.3212143Z","ETW","Microsoft-Windows-Kernel-Process",4,"ThreadStopStop ",16284,15704,"attack.exe",,,,,,,,,,,,,,,,[],,,,,,,,193420,16284,18446639081569665024,18446639081569640448,140736910320112,0,245447843840,15704,245455912960,245455904768,140736910320112,,,,,,,,,,,,,,,,,,,,,,,,,,,,,,,,,,,,,,,,,,,,,,,,,,,,,,,,,,,,,,,,,,,,,,,,,,,,,,,,,,,,,,,,,,,,,,,,,,,,,,
"2025-09-02 15:13:23.3212604Z","ETW","Microsoft-Windows-Kernel-Process",4,"ThreadStopStop ",16284,16196,"attack.exe",,,,,,,,,,,,,,,,[],,,,,,,,326420,16284,18446639081570095104,18446639081570070528,140736917348896,0,245447835648,16196,245454864384,245454856192,140736917348896,,,,,,,,,,,,,,,,,,,,,,,,,,,,,,,,,,,,,,,,,,,,,,,,,,,,,,,,,,,,,,,,,,,,,,,,,,,,,,,,,,,,,,,,,,,,,,,,,,,,,,
"2025-09-02 15:13:23.3212790Z","ETW","Microsoft-Windows-Kernel-Process",4,"ThreadStopStop ",16284,13964,"attack.exe",,,,,,,,,,,,,,,,[],,,,,,,,1969920,16284,18446639081569951744,18446639081569927168,140736917348896,0,245447827456,13964,245453815808,245453807616,140736917348896,,,,,,,,,,,,,,,,,,,,,,,,,,,,,,,,,,,,,,,,,,,,,,,,,,,,,,,,,,,,,,,,,,,,,,,,,,,,,,,,,,,,,,,,,,,,,,,,,,,,,,
"2025-09-02 15:13:23.3213059Z","ETW","Microsoft-Windows-Kernel-Process",4,"ThreadStopStop ",16284,10876,"attack.exe",,,,,,,,,,,,,,,,[],,,,,,,,1014220,16284,18446639081567395840,18446639081567371264,140736917348896,0,245447819264,10876,245452767232,245452759040,140736917348896,,,,,,,,,,,,,,,,,,,,,,,,,,,,,,,,,,,,,,,,,,,,,,,,,,,,,,,,,,,,,,,,,,,,,,,,,,,,,,,,,,,,,,,,,,,,,,,,,,,,,,
"2025-09-02 15:13:23.3213307Z","ETW","Microsoft-Windows-Kernel-Process",4,"ThreadStopStop ",16284,1212,"attack.exe",,,,,,,,,,,,,,,,[],,,,,,,,7242800,16284,18446639081668907008,18446639081668882432,140736917348896,0,245447811072,1212,245451718656,245451710464,140736917348896,,,,,,,,,,,,,,,,,,,,,,,,,,,,,,,,,,,,,,,,,,,,,,,,,,,,,,,,,,,,,,,,,,,,,,,,,,,,,,,,,,,,,,,,,,,,,,,,,,,,,,
"2025-09-02 15:13:23.3213556Z","ETW","Microsoft-Windows-Kernel-Process",4,"ThreadStopStop ",16284,19192,"attack.exe",,,,,,,,,,,,,,,,[],,,,,,,,3262680,16284,18446639081567739904,18446639081567715328,140736917348896,0,245447802880,19192,245450670080,245450657792,140736917348896,,,,,,,,,,,,,,,,,,,,,,,,,,,,,,,,,,,,,,,,,,,,,,,,,,,,,,,,,,,,,,,,,,,,,,,,,,,,,,,,,,,,,,,,,,,,,,,,,,,,,,
"2025-09-02 15:13:23.3221692Z","ETW","Microsoft-Windows-Kernel-Process",4,"ThreadStopStop ",16284,14140,"attack.exe",,,,,,,,,,,,,,,,[],,,,,,,,103513900,16284,18446639081566531584,18446639081566507008,140694710272624,0,245447794688,14140,245449621504,245449592832,140694710272624,,,,,,,,,,,,,,,,,,,,,,,,,,,,,,,,,,,,,,,,,,,,,,,,,,,,,,,,,,,,,,,,,,,,,,,,,,,,,,,,,,,,,,,,,,,,,,,,,,,,,,
"2025-09-02 15:13:23.3223017Z","ETW","Microsoft-Windows-Kernel-Process",6,"ImageUnloadInfo ",16284,14140,"attack.exe",,,,"C:\Users\Public\Downloads\attack.exe",,,,,,,,,,,,[],,,,,,,,,16284,,,,,,,,,,,,,,,,,,,,,,,,,,,,,,,,,,,,1756716975,140694710255616,140694710255616,0,53248,,,,,,,,,,,,,,,,,,,,,,,,,,,,,,,,,,,,,,,,,,,,,,,,,,,,,,,,,,,,,,,,,,,,,,,
"2025-09-02 15:13:23.3223150Z","ETW","Microsoft-Windows-Kernel-Process",6,"ImageUnloadInfo ",16284,14140,"attack.exe",,,,"C:\Windows\System32\msvcp140.dll",,,,,,,,,,,,[],,,,,,,,,16284,,,,,,,,,,,,,,,,,,,,,,,,,,,,,,,,,,,,1564323704,140735460147200,140735460147200,570439,561152,,,,,,,,,,,,,,,,,,,,,,,,,,,,,,,,,,,,,,,,,,,,,,,,,,,,,,,,,,,,,,,,,,,,,,,
"2025-09-02 15:13:23.3223588Z","ETW","Microsoft-Windows-Kernel-Process",6,"ImageUnloadInfo ",16284,14140,"attack.exe",,,,"C:\Windows\System32\container.dll",,,,,,,,,,,,[],,,,,,,,,16284,,,,,,,,,,,,,,,,,,,,,,,,,,,,,,,,,,,,3018652036,140736462848000,140736462848000,343493,335872,,,,,,,,,,,,,,,,,,,,,,,,,,,,,,,,,,,,,,,,,,,,,,,,,,,,,,,,,,,,,,,,,,,,,,,
"2025-09-02 15:13:23.3223685Z","ETW","Microsoft-Windows-Kernel-Process",6,"ImageUnloadInfo ",16284,14140,"attack.exe",,,,"C:\Windows\System32\daxexec.dll",,,,,,,,,,,,[],,,,,,,,,16284,,,,,,,,,,,,,,,,,,,,,,,,,,,,,,,,,,,,3297246250,140736463241216,140736463241216,1178528,1167360,,,,,,,,,,,,,,,,,,,,,,,,,,,,,,,,,,,,,,,,,,,,,,,,,,,,,,,,,,,,,,,,,,,,,,,
"2025-09-02 15:13:23.3223833Z","ETW","Microsoft-Windows-Kernel-Process",6,"ImageUnloadInfo ",16284,14140,"attack.exe",,,,"C:\Windows\System32\capauthz.dll",,,,,,,,,,,,[],,,,,,,,,16284,,,,,,,,,,,,,,,,,,,,,,,,,,,,,,,,,,,,1605668267,140736472088576,140736472088576,396500,380928,,,,,,,,,,,,,,,,,,,,,,,,,,,,,,,,,,,,,,,,,,,,,,,,,,,,,,,,,,,,,,,,,,,,,,,
"2025-09-02 15:13:23.3223940Z","ETW","Microsoft-Windows-Kernel-Process",6,"ImageUnloadInfo ",16284,14140,"attack.exe",,,,"C:\Windows\System32\AppxAllUserStore.dll",,,,,,,,,,,,[],,,,,,,,,16284,,,,,,,,,,,,,,,,,,,,,,,,,,,,,,,,,,,,1393382888,140736502038528,140736502038528,527433,462848,,,,,,,,,,,,,,,,,,,,,,,,,,,,,,,,,,,,,,,,,,,,,,,,,,,,,,,,,,,,,,,,,,,,,,,
"2025-09-02 15:13:23.3223976Z","ETW","Microsoft-Windows-Kernel-Process",6,"ImageUnloadInfo ",16284,14140,"attack.exe",,,,"C:\Windows\System32\vcruntime140.dll",,,,,,,,,,,,[],,,,,,,,,16284,,,,,,,,,,,,,,,,,,,,,,,,,,,,,,,,,,,,254123393,140736525959168,140736525959168,146072,122880,,,,,,,,,,,,,,,,,,,,,,,,,,,,,,,,,,,,,,,,,,,,,,,,,,,,,,,,,,,,,,,,,,,,,,,
"2025-09-02 15:13:23.3224025Z","ETW","Microsoft-Windows-Kernel-Process",6,"ImageUnloadInfo ",16284,14140,"attack.exe",,,,"C:\Windows\System32\vcruntime140_1.dll",,,,,,,,,,,,[],,,,,,,,,16284,,,,,,,,,,,,,,,,,,,,,,,,,,,,,,,,,,,,240324076,140736531857408,140736531857408,57827,49152,,,,,,,,,,,,,,,,,,,,,,,,,,,,,,,,,,,,,,,,,,,,,,,,,,,,,,,,,,,,,,,,,,,,,,,
"2025-09-02 15:13:23.3224122Z","ETW","Microsoft-Windows-Kernel-Process",6,"ImageUnloadInfo ",16284,14140,"attack.exe",,,,"C:\Windows\System32\Windows.StateRepositoryPS.dll",,,,,,,,,,,,[],,,,,,,,,16284,,,,,,,,,,,,,,,,,,,,,,,,,,,,,,,,,,,,367497931,140736602963968,140736602963968,846822,802816,,,,,,,,,,,,,,,,,,,,,,,,,,,,,,,,,,,,,,,,,,,,,,,,,,,,,,,,,,,,,,,,,,,,,,,
"2025-09-02 15:13:23.3224207Z","ETW","Microsoft-Windows-Kernel-Process",6,"ImageUnloadInfo ",16284,14140,"attack.exe",,,,"C:\Windows\System32\Windows.StateRepositoryClient.dll",,,,,,,,,,,,[],,,,,,,,,16284,,,,,,,,,,,,,,,,,,,,,,,,,,,,,,,,,,,,3001738537,140736632520704,140736632520704,374661,327680,,,,,,,,,,,,,,,,,,,,,,,,,,,,,,,,,,,,,,,,,,,,,,,,,,,,,,,,,,,,,,,,,,,,,,,
"2025-09-02 15:13:23.3224289Z","ETW","Microsoft-Windows-Kernel-Process",6,"ImageUnloadInfo ",16284,14140,"attack.exe",,,,"C:\Windows\System32\Windows.StateRepositoryCore.dll",,,,,,,,,,,,[],,,,,,,,,16284,,,,,,,,,,,,,,,,,,,,,,,,,,,,,,,,,,,,3847844510,140736632913920,140736632913920,174488,106496,,,,,,,,,,,,,,,,,,,,,,,,,,,,,,,,,,,,,,,,,,,,,,,,,,,,,,,,,,,,,,,,,,,,,,,
"2025-09-02 15:13:23.3224419Z","ETW","Microsoft-Windows-Kernel-Process",6,"ImageUnloadInfo ",16284,14140,"attack.exe",,,,"C:\Windows\System32\ApiSetHost.AppExecutionAlias.dll",,,,,,,,,,,,[],,,,,,,,,16284,,,,,,,,,,,,,,,,,,,,,,,,,,,,,,,,,,,,1677786481,140736642285568,140736642285568,255079,204800,,,,,,,,,,,,,,,,,,,,,,,,,,,,,,,,,,,,,,,,,,,,,,,,,,,,,,,,,,,,,,,,,,,,,,,
"2025-09-02 15:13:23.3224517Z","ETW","Microsoft-Windows-Kernel-Process",6,"ImageUnloadInfo ",16284,14140,"attack.exe",,,,"C:\Windows\System32\windows.storage.dll",,,,,,,,,,,,[],,,,,,,,,16284,,,,,,,,,,,,,,,,,,,,,,,,,,,,,,,,,,,,156427775,140736830046208,140736830046208,8870321,8781824,,,,,,,,,,,,,,,,,,,,,,,,,,,,,,,,,,,,,,,,,,,,,,,,,,,,,,,,,,,,,,,,,,,,,,,
"2025-09-02 15:13:23.3224612Z","ETW","Microsoft-Windows-Kernel-Process",6,"ImageUnloadInfo ",16284,14140,"attack.exe",,,,"C:\Windows\System32\kernel.appcore.dll",,,,,,,,,,,,[],,,,,,,,,16284,,,,,,,,,,,,,,,,,,,,,,,,,,,,,,,,,,,,4117383687,140736848265216,140736848265216,158572,110592,,,,,,,,,,,,,,,,,,,,,,,,,,,,,,,,,,,,,,,,,,,,,,,,,,,,,,,,,,,,,,,,,,,,,,,
"2025-09-02 15:13:23.3224703Z","ETW","Microsoft-Windows-Kernel-Process",6,"ImageUnloadInfo ",16284,14140,"attack.exe",,,,"C:\Windows\System32\ntmarta.dll",,,,,,,,,,,,[],,,,,,,,,16284,,,,,,,,,,,,,,,,,,,,,,,,,,,,,,,,,,,,2803059627,140736849510400,140736849510400,286201,221184,,,,,,,,,,,,,,,,,,,,,,,,,,,,,,,,,,,,,,,,,,,,,,,,,,,,,,,,,,,,,,,,,,,,,,,
"2025-09-02 15:13:23.3224781Z","ETW","Microsoft-Windows-Kernel-Process",6,"ImageUnloadInfo ",16284,14140,"attack.exe",,,,"C:\Windows\System32\profapi.dll",,,,,,,,,,,,[],,,,,,,,,16284,,,,,,,,,,,,,,,,,,,,,,,,,,,,,,,,,,,,2107422311,140736866746368,140736866746368,182967,167936,,,,,,,,,,,,,,,,,,,,,,,,,,,,,,,,,,,,,,,,,,,,,,,,,,,,,,,,,,,,,,,,,,,,,,,
"2025-09-02 15:13:23.3224873Z","ETW","Microsoft-Windows-Kernel-Process",6,"ImageUnloadInfo ",16284,14140,"attack.exe",,,,"C:\Windows\System32\bcryptprimitives.dll",,,,,,,,,,,,[],,,,,,,,,16284,,,,,,,,,,,,,,,,,,,,,,,,,,,,,,,,,,,,3318233078,140736867663872,140736867663872,705120,626688,,,,,,,,,,,,,,,,,,,,,,,,,,,,,,,,,,,,,,,,,,,,,,,,,,,,,,,,,,,,,,,,,,,,,,,
"2025-09-02 15:13:23.3225003Z","ETW","Microsoft-Windows-Kernel-Process",6,"ImageUnloadInfo ",16284,14140,"attack.exe",,,,"C:\Windows\System32\msvcp_win.dll",,,,,,,,,,,,[],,,,,,,,,16284,,,,,,,,,,,,,,,,,,,,,,,,,,,,,,,,,,,,2240469762,140736868319232,140736868319232,703256,667648,,,,,,,,,,,,,,,,,,,,,,,,,,,,,,,,,,,,,,,,,,,,,,,,,,,,,,,,,,,,,,,,,,,,,,,
"2025-09-02 15:13:23.3225088Z","ETW","Microsoft-Windows-Kernel-Process",6,"ImageUnloadInfo ",16284,14140,"attack.exe",,,,"C:\Windows\System32\KernelBase.dll",,,,,,,,,,,,[],,,,,,,,,16284,,,,,,,,,,,,,,,,,,,,,,,,,,,,,,,,,,,,1916522255,140736871923712,140736871923712,4150506,4128768,,,,,,,,,,,,,,,,,,,,,,,,,,,,,,,,,,,,,,,,,,,,,,,,,,,,,,,,,,,,,,,,,,,,,,,
"2025-09-02 15:13:23.3225160Z","ETW","Microsoft-Windows-Kernel-Process",6,"ImageUnloadInfo ",16284,14140,"attack.exe",,,,"C:\Windows\System32\ucrtbase.dll",,,,,,,,,,,,[],,,,,,,,,16284,,,,,,,,,,,,,,,,,,,,,,,,,,,,,,,,,,,,3686092271,140736876314624,140736876314624,1418583,1355776,,,,,,,,,,,,,,,,,,,,,,,,,,,,,,,,,,,,,,,,,,,,,,,,,,,,,,,,,,,,,,,,,,,,,,,
"2025-09-02 15:13:23.3225254Z","ETW","Microsoft-Windows-Kernel-Process",6,"ImageUnloadInfo ",16284,14140,"attack.exe",,,,"C:\Windows\System32\sechost.dll",,,,,,,,,,,,[],,,,,,,,,16284,,,,,,,,,,,,,,,,,,,,,,,,,,,,,,,,,,,,918957807,140736881033216,140736881033216,733904,679936,,,,,,,,,,,,,,,,,,,,,,,,,,,,,,,,,,,,,,,,,,,,,,,,,,,,,,,,,,,,,,,,,,,,,,,
"2025-09-02 15:13:23.3225330Z","ETW","Microsoft-Windows-Kernel-Process",6,"ImageUnloadInfo ",16284,14140,"attack.exe",,,,"C:\Windows\System32\rpcrt4.dll",,,,,,,,,,,,[],,,,,,,,,16284,,,,,,,,,,,,,,,,,,,,,,,,,,,,,,,,,,,,755903142,140736881754112,140736881754112,1201440,1146880,,,,,,,,,,,,,,,,,,,,,,,,,,,,,,,,,,,,,,,,,,,,,,,,,,,,,,,,,,,,,,,,,,,,,,,
"2025-09-02 15:13:23.3225405Z","ETW","Microsoft-Windows-Kernel-Process",6,"ImageUnloadInfo ",16284,14140,"attack.exe",,,,"C:\Windows\System32\shlwapi.dll",,,,,,,,,,,,[],,,,,,,,,16284,,,,,,,,,,,,,,,,,,,,,,,,,,,,,,,,,,,,17834217,140736890601472,140736890601472,465141,434176,,,,,,,,,,,,,,,,,,,,,,,,,,,,,,,,,,,,,,,,,,,,,,,,,,,,,,,,,,,,,,,,,,,,,,,
"2025-09-02 15:13:23.3225478Z","ETW","Microsoft-Windows-Kernel-Process",6,"ImageUnloadInfo ",16284,14140,"attack.exe",,,,"C:\Windows\System32\clbcatq.dll",,,,,,,,,,,,[],,,,,,,,,16284,,,,,,,,,,,,,,,,,,,,,,,,,,,,,,,,,,,,1600192633,140736892108800,140736892108800,700133,688128,,,,,,,,,,,,,,,,,,,,,,,,,,,,,,,,,,,,,,,,,,,,,,,,,,,,,,,,,,,,,,,,,,,,,,,
"2025-09-02 15:13:23.3225593Z","ETW","Microsoft-Windows-Kernel-Process",6,"ImageUnloadInfo ",16284,14140,"attack.exe",,,,"C:\Windows\System32\oleaut32.dll",,,,,,,,,,,,[],,,,,,,,,16284,,,,,,,,,,,,,,,,,,,,,,,,,,,,,,,,,,,,2785821912,140736894861312,140736894861312,927709,917504,,,,,,,,,,,,,,,,,,,,,,,,,,,,,,,,,,,,,,,,,,,,,,,,,,,,,,,,,,,,,,,,,,,,,,,
"2025-09-02 15:13:23.3225668Z","ETW","Microsoft-Windows-Kernel-Process",6,"ImageUnloadInfo ",16284,14140,"attack.exe",,,,"C:\Windows\System32\advapi32.dll",,,,,,,,,,,,[],,,,,,,,,16284,,,,,,,,,,,,,,,,,,,,,,,,,,,,,,,,,,,,2886261828,140736895844352,140736895844352,804270,737280,,,,,,,,,,,,,,,,,,,,,,,,,,,,,,,,,,,,,,,,,,,,,,,,,,,,,,,,,,,,,,,,,,,,,,,
"2025-09-02 15:13:23.3225740Z","ETW","Microsoft-Windows-Kernel-Process",6,"ImageUnloadInfo ",16284,14140,"attack.exe",,,,"C:\Windows\System32\kernel32.dll",,,,,,,,,,,,[],,,,,,,,,16284,,,,,,,,,,,,,,,,,,,,,,,,,,,,,,,,,,,,2842556120,140736896892928,140736896892928,880212,823296,,,,,,,,,,,,,,,,,,,,,,,,,,,,,,,,,,,,,,,,,,,,,,,,,,,,,,,,,,,,,,,,,,,,,,,
"2025-09-02 15:13:23.3225814Z","ETW","Microsoft-Windows-Kernel-Process",6,"ImageUnloadInfo ",16284,14140,"attack.exe",,,,"C:\Windows\System32\SHCore.dll",,,,,,,,,,,,[],,,,,,,,,16284,,,,,,,,,,,,,,,,,,,,,,,,,,,,,,,,,,,,742317482,140736902660096,140736902660096,1049363,1003520,,,,,,,,,,,,,,,,,,,,,,,,,,,,,,,,,,,,,,,,,,,,,,,,,,,,,,,,,,,,,,,,,,,,,,,
"2025-09-02 15:13:23.3225895Z","ETW","Microsoft-Windows-Kernel-Process",6,"ImageUnloadInfo ",16284,14140,"attack.exe",,,,"C:\Windows\System32\combase.dll",,,,,,,,,,,,[],,,,,,,,,16284,,,,,,,,,,,,,,,,,,,,,,,,,,,,,,,,,,,,670765882,140736909082624,140736909082624,3776119,3690496,,,,,,,,,,,,,,,,,,,,,,,,,,,,,,,,,,,,,,,,,,,,,,,,,,,,,,,,,,,,,,,,,,,,,,,
"2025-09-02 15:13:23.3225974Z","ETW","Microsoft-Windows-Kernel-Process",6,"ImageUnloadInfo ",16284,14140,"attack.exe",,,,"C:\Windows\System32\msvcrt.dll",,,,,,,,,,,,[],,,,,,,,,16284,,,,,,,,,,,,,,,,,,,,,,,,,,,,,,,,,,,,2634004398,140736913342464,140736913342464,729924,692224,,,,,,,,,,,,,,,,,,,,,,,,,,,,,,,,,,,,,,,,,,,,,,,,,,,,,,,,,,,,,,,,,,,,,,,
"2025-09-02 15:13:23.3226043Z","ETW","Microsoft-Windows-Kernel-Process",6,"ImageUnloadInfo ",16284,14140,"attack.exe",,,,"C:\Windows\System32\ntdll.dll",,,,,,,,,,,,[],,,,,,,,,16284,,,,,,,,,,,,,,,,,,,,,,,,,,,,,,,,,,,,2512787800,140736916750336,140736916750336,2531053,2519040,,,,,,,,,,,,,,,,,,,,,,,,,,,,,,,,,,,,,,,,,,,,,,,,,,,,,,,,,,,,,,,,,,,,,,,
"2025-09-02 15:13:23.3226989Z","ETW","Microsoft-Windows-Kernel-Process",2,"ProcessStopStop ",16284,14140,"attack.exe",,,,"attack.exe",,,,,,,,,,,,[],,,,,,,,,16284,,,,,,,,,,,,,,,,,,,,,,,134012995910139602,,,,,,,,31818,,,,,,,,,,,,,,,,,,,,,,,,,,,,,,,,,,,,,,,,,,,,,,,117980880,1785856,1785856,0,134012996033222422,102,0,1,2,3,43,0,,,,,,,,,,,,,,,,,,,,,,
"2025-09-02 15:13:23.3227624Z","ETW","Microsoft-Windows-Kernel-Audit-API-Calls",5,"Info ",16284,14140,"attack.exe",,,,,,,,,,,,,,,,[],,,,,,,,,,,,,,,,,,,1024,0,16284,,,,,,,,,,,,,,,,,,,,,,,,,,,,,,,,,,,,,,,,,,,,,,,,,,,,,,,,,,,,,,,,,,,,,,,,,,,,,,,,,,,,,,,,,,,,,,,,,,,
"2025-09-02 15:13:23.3227713Z","ETW","Microsoft-Windows-Kernel-Audit-API-Calls",5,"Info ",16284,14140,"attack.exe",,,,,,,,,,,,,,,,[],,,,,,,,,,,,,,,,,,,1024,0,16284,,,,,,,,,,,,,,,,,,,,,,,,,,,,,,,,,,,,,,,,,,,,,,,,,,,,,,,,,,,,,,,,,,,,,,,,,,,,,,,,,,,,,,,,,,,,,,,,,,,
"2025-09-02 15:13:23.3228803Z","ETW","Microsoft-Antimalware-Engine",26,"Behavior Monitoring BmProcessTerminate",16284,10404,"attack.exe",,,,,,,,,,,,,,,,[],,,,,,,,,,,,,,,,,,,,,,,,,,,,,,,,,,,,,,,,,,,,,,,,,,,,,,,,,,,,,,,,,,,,,,,,,,,,,,,,,,,,,,,,,,,,,,,,,,,,,,,,,,,,,,,,,,,,,,,,
"2025-09-02 15:13:23.3229156Z","ETW","Microsoft-Antimalware-Engine",73,"Behavior Monitoring ProcessMonitorFlags",16284,10404,"attack.exe",,,,"C:\Users\Public\Downloads\attack.exe",,,,,,,,,,,,[],,,,,,,,,,,,,,,,,,,,,,,,134012995910139602,,,,,,,,,,,,,,,,,,,,,,,,,,,,,,,,,,,,,140733808574464,"Termination","0x400003FF","0x0","0x44","0x0","0x0","0x0",,,,,,,,,,,,,,,,,,,,,,,,,,,,,,,,,,,,,,,,,,,,,,,,,,,,
"2025-09-02 15:13:23.3229758Z","ETW","Microsoft-Windows-Kernel-Audit-API-Calls",5,"Info ",1912,10404,"MsMpEng.exe",,,,,,,,,,,,,,,,[{"addr":140736918203764,"idx":0},{"addr":140736872731894,"idx":1},{"addr":140733810479103,"idx":2},{"addr":140733810478599,"idx":3},{"addr":140733811467421,"idx":4},{"addr":140733811466488,"idx":5},{"addr":140733810455581,"idx":6},{"addr":140733810413765,"idx":7},{"addr":140733810417057,"idx":8},{"addr":140733810415802,"idx":9},{"addr":140733810413462,"idx":10},{"addr":140733810411633,"idx":11},{"addr":140733810411092,"idx":12},{"addr":140733815162932,"idx":13},{"addr":140733815162655,"idx":14},{"addr":140736917255712,"idx":15},{"addr":140736917350945,"idx":16},{"addr":140736897083607,"idx":17},{"addr":140736916996940,"idx":18}],,,,,,,,,,,,,,,,,,,5136,0,16284,,,,,,,,,,,,,,,,,,,,,,,,,,,,,,,,,,,,,,,,,,,,,,,,,,,,,,,,,,,,,,,,,,,,,,,,,,,,,,,,,,,,,,,,,,,,,,,,,,,
"2025-09-02 15:13:23.3230937Z","ETW","Microsoft-Windows-Kernel-Process",4,"ThreadStopStop ",22412,8196,"OpenConsole.exe",,,,,,,,,,,,,,,,[],,,,,,,,1282120,22412,18446639081567453184,18446639081567428608,140700076944224,0,595717881856,8196,595728531456,595728523264,140700076944224,,,,,,,,,,,,,,,,,,,,,,,,,,,,,,,,,,,,,,,,,,,,,,,,,,,,,,,,,,,,,,,,,,,,,,,,,,,,,,,,,,,,,,,,,,,,,,,,,,,,,,
"2025-09-02 15:13:23.3230944Z","ETW","Microsoft-Windows-Kernel-Process",4,"ThreadStopStop ",22412,15064,"OpenConsole.exe",,,,,,,,,,,,,,,,[],,,,,,,,16927100,22412,18446639081550274560,18446639081550249984,140736917348896,0,595717865472,15064,595726434304,595726405632,140736917348896,,,,,,,,,,,,,,,,,,,,,,,,,,,,,,,,,,,,,,,,,,,,,,,,,,,,,,,,,,,,,,,,,,,,,,,,,,,,,,,,,,,,,,,,,,,,,,,,,,,,,,
"2025-09-02 15:13:23.3231264Z","ETW","Microsoft-Windows-Kernel-Process",4,"ThreadStopStop ",22412,18400,"OpenConsole.exe",,,,,,,,,,,,,,,,[],,,,,,,,3064700,22412,18446639081578225664,18446639081578201088,140700076797744,0,595717890048,18400,595729580032,595729571840,140700076797744,,,,,,,,,,,,,,,,,,,,,,,,,,,,,,,,,,,,,,,,,,,,,,,,,,,,,,,,,,,,,,,,,,,,,,,,,,,,,,,,,,,,,,,,,,,,,,,,,,,,,,
"2025-09-02 15:13:23.3231435Z","ETW","Microsoft-Windows-Kernel-Process",4,"ThreadStopStop ",22412,7784,"OpenConsole.exe",,,,,,,,,,,,,,,,[],,,,,,,,847020,22412,18446639081567510528,18446639081567485952,140700077112736,0,595717898240,7784,595730628608,595730616320,140700077112736,,,,,,,,,,,,,,,,,,,,,,,,,,,,,,,,,,,,,,,,,,,,,,,,,,,,,,,,,,,,,,,,,,,,,,,,,,,,,,,,,,,,,,,,,,,,,,,,,,,,,,
"2025-09-02 15:13:23.3241917Z","ETW","Microsoft-Windows-Kernel-Process",4,"ThreadStopStop ",22412,16128,"OpenConsole.exe",,,,,,,,,,,,,,,,[],,,,,,,,23504140,22412,18446639081673809920,18446639081673785344,140736917348896,0,595717857280,16128,595725385728,595725344768,140736917348896,,,,,,,,,,,,,,,,,,,,,,,,,,,,,,,,,,,,,,,,,,,,,,,,,,,,,,,,,,,,,,,,,,,,,,,,,,,,,,,,,,,,,,,,,,,,,,,,,,,,,,
"2025-09-02 15:13:23.3242080Z","ETW","Microsoft-Windows-Kernel-Process",4,"ThreadStopStop ",22412,6048,"OpenConsole.exe",,,,,,,,,,,,,,,,[],,,,,,,,286520,22412,18446639081565900800,18446639081565876224,140736910320112,0,595717849088,6048,595724337152,595724328960,140736910320112,,,,,,,,,,,,,,,,,,,,,,,,,,,,,,,,,,,,,,,,,,,,,,,,,,,,,,,,,,,,,,,,,,,,,,,,,,,,,,,,,,,,,,,,,,,,,,,,,,,,,,
"2025-09-02 15:13:23.3242193Z","ETW","Microsoft-Windows-Kernel-Process",4,"ThreadStopStop ",22412,2488,"OpenConsole.exe",,,,,,,,,,,,,,,,[],,,,,,,,11263200,22412,18446639081566994432,18446639081566969856,140736917348896,0,595717840896,2488,595723288576,595723280384,140736917348896,,,,,,,,,,,,,,,,,,,,,,,,,,,,,,,,,,,,,,,,,,,,,,,,,,,,,,,,,,,,,,,,,,,,,,,,,,,,,,,,,,,,,,,,,,,,,,,,,,,,,,
"2025-09-02 15:13:23.3242294Z","ETW","Microsoft-Windows-Kernel-Process",4,"ThreadStopStop ",22412,1536,"OpenConsole.exe",,,,,,,,,,,,,,,,[],,,,,,,,9666060,22412,18446639081566822400,18446639081566797824,140736917348896,0,595717832704,1536,595722240000,595722227712,140736917348896,,,,,,,,,,,,,,,,,,,,,,,,,,,,,,,,,,,,,,,,,,,,,,,,,,,,,,,,,,,,,,,,,,,,,,,,,,,,,,,,,,,,,,,,,,,,,,,,,,,,,,
"2025-09-02 15:13:23.3242640Z","ETW","Microsoft-Windows-Kernel-Process",4,"ThreadStopStop ",22412,18880,"OpenConsole.exe",,,,,,,,,,,,,,,,[],,,,,,,,4757600,22412,18446639081567137792,18446639081567113216,140736917348896,0,595717824512,18880,595721191424,595721183232,140736917348896,,,,,,,,,,,,,,,,,,,,,,,,,,,,,,,,,,,,,,,,,,,,,,,,,,,,,,,,,,,,,,,,,,,,,,,,,,,,,,,,,,,,,,,,,,,,,,,,,,,,,,
"2025-09-02 15:13:23.3242801Z","ETW","Microsoft-Windows-Kernel-Process",4,"ThreadStopStop ",22412,15032,"OpenConsole.exe",,,,,,,,,,,,,,,,[],,,,,,,,76000000,22412,18446639081566502912,18446639081566478336,140700077527200,0,595717816320,15032,595720142848,595720122368,140700077527200,,,,,,,,,,,,,,,,,,,,,,,,,,,,,,,,,,,,,,,,,,,,,,,,,,,,,,,,,,,,,,,,,,,,,,,,,,,,,,,,,,,,,,,,,,,,,,,,,,,,,,
"2025-09-02 15:13:23.3252187Z","ETW","Microsoft-Windows-Kernel-Process",4,"ThreadStopStop ",22412,7308,"OpenConsole.exe",,,,,,,,,,,,,,,,[],,,,,,,,24190420,22412,18446639081567023104,18446639081566998528,140700076927424,0,595717873664,7308,595727482880,595727454208,140700076927424,,,,,,,,,,,,,,,,,,,,,,,,,,,,,,,,,,,,,,,,,,,,,,,,,,,,,,,,,,,,,,,,,,,,,,,,,,,,,,,,,,,,,,,,,,,,,,,,,,,,,,
"2025-09-02 15:13:23.3265551Z","ETW","Microsoft-Windows-Kernel-Process",6,"ImageUnloadInfo ",22412,7308,"OpenConsole.exe",,,,"C:\Program Files\WindowsApps\Microsoft.WindowsTerminal_1.22.12111.0_x64__8wekyb3d8bbwe\OpenConsole.exe",,,,,,,,,,,,[],,,,,,,,,22412,,,,,,,,,,,,,,,,,,,,,,,,,,,,,,,,,,,,1753896228,140700076736512,140700076736512,1203547,1159168,,,,,,,,,,,,,,,,,,,,,,,,,,,,,,,,,,,,,,,,,,,,,,,,,,,,,,,,,,,,,,,,,,,,,,,
"2025-09-02 15:13:23.3265793Z","ETW","Microsoft-Windows-Kernel-Process",6,"ImageUnloadInfo ",22412,7308,"OpenConsole.exe",,,,"C:\Windows\System32\winmm.dll",,,,,,,,,,,,[],,,,,,,,,22412,,,,,,,,,,,,,,,,,,,,,,,,,,,,,,,,,,,,3704786662,140735970738176,140735970738176,264511,217088,,,,,,,,,,,,,,,,,,,,,,,,,,,,,,,,,,,,,,,,,,,,,,,,,,,,,,,,,,,,,,,,,,,,,,,
"2025-09-02 15:13:23.3265887Z","ETW","Microsoft-Windows-Kernel-Process",6,"ImageUnloadInfo ",22412,7308,"OpenConsole.exe",,,,"C:\ProgramData\Microsoft\Windows\AppRepository\Packages\Microsoft.WindowsTerminal_1.22.12111.0_x64__8wekyb3d8bbwe\PackagedCom\OpenConsoleProxy.dll",,,,,,,,,,,,[],,,,,,,,,22412,,,,,,,,,,,,,,,,,,,,,,,,,,,,,,,,,,,,1753895690,140736388923392,140736388923392,84912,53248,,,,,,,,,,,,,,,,,,,,,,,,,,,,,,,,,,,,,,,,,,,,,,,,,,,,,,,,,,,,,,,,,,,,,,,
"2025-09-02 15:13:23.3266028Z","ETW","Microsoft-Windows-Kernel-Process",6,"ImageUnloadInfo ",22412,7308,"OpenConsole.exe",,,,"C:\Windows\System32\UIAutomationCore.dll",,,,,,,,,,,,[],,,,,,,,,22412,,,,,,,,,,,,,,,,,,,,,,,,,,,,,,,,,,,,2499371108,140736439713792,140736439713792,4406480,4395008,,,,,,,,,,,,,,,,,,,,,,,,,,,,,,,,,,,,,,,,,,,,,,,,,,,,,,,,,,,,,,,,,,,,,,,
"2025-09-02 15:13:23.3266154Z","ETW","Microsoft-Windows-Kernel-Process",6,"ImageUnloadInfo ",22412,7308,"OpenConsole.exe",,,,"C:\Windows\System32\usp10.dll",,,,,,,,,,,,[],,,,,,,,,22412,,,,,,,,,,,,,,,,,,,,,,,,,,,,,,,,,,,,728066498,140736558923776,140736558923776,161304,102400,,,,,,,,,,,,,,,,,,,,,,,,,,,,,,,,,,,,,,,,,,,,,,,,,,,,,,,,,,,,,,,,,,,,,,,
"2025-09-02 15:13:23.3266251Z","ETW","Microsoft-Windows-Kernel-Process",6,"ImageUnloadInfo ",22412,7308,"OpenConsole.exe",,,,"C:\Windows\System32\Windows.StateRepositoryCore.dll",,,,,,,,,,,,[],,,,,,,,,22412,,,,,,,,,,,,,,,,,,,,,,,,,,,,,,,,,,,,3847844510,140736632913920,140736632913920,174488,106496,,,,,,,,,,,,,,,,,,,,,,,,,,,,,,,,,,,,,,,,,,,,,,,,,,,,,,,,,,,,,,,,,,,,,,,
"2025-09-02 15:13:23.3266337Z","ETW","Microsoft-Windows-Kernel-Process",6,"ImageUnloadInfo ",22412,7308,"OpenConsole.exe",,,,"C:\Windows\System32\propsys.dll",,,,,,,,,,,,[],,,,,,,,,22412,,,,,,,,,,,,,,,,,,,,,,,,,,,,,,,,,,,,3411663920,140736783384576,140736783384576,1157670,1101824,,,,,,,,,,,,,,,,,,,,,,,,,,,,,,,,,,,,,,,,,,,,,,,,,,,,,,,,,,,,,,,,,,,,,,,
"2025-09-02 15:13:23.3266484Z","ETW","Microsoft-Windows-Kernel-Process",6,"ImageUnloadInfo ",22412,7308,"OpenConsole.exe",,,,"C:\Windows\System32\D3DCompiler_47.dll",,,,,,,,,,,,[],,,,,,,,,22412,,,,,,,,,,,,,,,,,,,,,,,,,,,,,,,,,,,,936958366,140736786202624,140736786202624,4728664,4714496,,,,,,,,,,,,,,,,,,,,,,,,,,,,,,,,,,,,,,,,,,,,,,,,,,,,,,,,,,,,,,,,,,,,,,,
"2025-09-02 15:13:23.3266568Z","ETW","Microsoft-Windows-Kernel-Process",6,"ImageUnloadInfo ",22412,7308,"OpenConsole.exe",,,,"C:\Windows\System32\DWrite.dll",,,,,,,,,,,,[],,,,,,,,,22412,,,,,,,,,,,,,,,,,,,,,,,,,,,,,,,,,,,,1496558505,140736794198016,140736794198016,2527455,2535424,,,,,,,,,,,,,,,,,,,,,,,,,,,,,,,,,,,,,,,,,,,,,,,,,,,,,,,,,,,,,,,,,,,,,,,
"2025-09-02 15:13:23.3266704Z","ETW","Microsoft-Windows-Kernel-Process",6,"ImageUnloadInfo ",22412,7308,"OpenConsole.exe",,,,"C:\Windows\System32\d2d1.dll",,,,,,,,,,,,[],,,,,,,,,22412,,,,,,,,,,,,,,,,,,,,,,,,,,,,,,,,,,,,2898039771,140736796753920,140736796753920,6680845,6565888,,,,,,,,,,,,,,,,,,,,,,,,,,,,,,,,,,,,,,,,,,,,,,,,,,,,,,,,,,,,,,,,,,,,,,,
"2025-09-02 15:13:23.3266804Z","ETW","Microsoft-Windows-Kernel-Process",6,"ImageUnloadInfo ",22412,7308,"OpenConsole.exe",,,,"C:\Windows\System32\d3d11.dll",,,,,,,,,,,,[],,,,,,,,,22412,,,,,,,,,,,,,,,,,,,,,,,,,,,,,,,,,,,,3657003287,140736803373056,140736803373056,2576804,2519040,,,,,,,,,,,,,,,,,,,,,,,,,,,,,,,,,,,,,,,,,,,,,,,,,,,,,,,,,,,,,,,,,,,,,,,
"2025-09-02 15:13:23.3267645Z","ETW","Microsoft-Windows-Kernel-Process",6,"ImageUnloadInfo ",22412,7308,"OpenConsole.exe",,,,"C:\Windows\System32\uxtheme.dll",,,,,,,,,,,,[],,,,,,,,,22412,,,,,,,,,,,,,,,,,,,,,,,,,,,,,,,,,,,,1095616687,140736820019200,140736820019200,769574,716800,,,,,,,,,,,,,,,,,,,,,,,,,,,,,,,,,,,,,,,,,,,,,,,,,,,,,,,,,,,,,,,,,,,,,,,
"2025-09-02 15:13:23.3267920Z","ETW","Microsoft-Windows-Kernel-Process",6,"ImageUnloadInfo ",22412,7308,"OpenConsole.exe",,,,"C:\Windows\System32\dxgi.dll",,,,,,,,,,,,[],,,,,,,,,22412,,,,,,,,,,,,,,,,,,,,,,,,,,,,,,,,,,,,179780312,140736821395456,140736821395456,1361123,1302528,,,,,,,,,,,,,,,,,,,,,,,,,,,,,,,,,,,,,,,,,,,,,,,,,,,,,,,,,,,,,,,,,,,,,,,
"2025-09-02 15:13:23.3268102Z","ETW","Microsoft-Windows-Kernel-Process",6,"ImageUnloadInfo ",22412,7308,"OpenConsole.exe",,,,"C:\Windows\System32\windows.storage.dll",,,,,,,,,,,,[],,,,,,,,,22412,,,,,,,,,,,,,,,,,,,,,,,,,,,,,,,,,,,,156427775,140736830046208,140736830046208,8870321,8781824,,,,,,,,,,,,,,,,,,,,,,,,,,,,,,,,,,,,,,,,,,,,,,,,,,,,,,,,,,,,,,,,,,,,,,,
"2025-09-02 15:13:23.3268202Z","ETW","Microsoft-Windows-Kernel-Process",6,"ImageUnloadInfo ",22412,7308,"OpenConsole.exe",,,,"C:\Windows\System32\kernel.appcore.dll",,,,,,,,,,,,[],,,,,,,,,22412,,,,,,,,,,,,,,,,,,,,,,,,,,,,,,,,,,,,4117383687,140736848265216,140736848265216,158572,110592,,,,,,,,,,,,,,,,,,,,,,,,,,,,,,,,,,,,,,,,,,,,,,,,,,,,,,,,,,,,,,,,,,,,,,,
"2025-09-02 15:13:23.3268351Z","ETW","Microsoft-Windows-Kernel-Process",6,"ImageUnloadInfo ",22412,7308,"OpenConsole.exe",,,,"C:\Windows\System32\cryptsp.dll",,,,,,,,,,,,[],,,,,,,,,22412,,,,,,,,,,,,,,,,,,,,,,,,,,,,,,,,,,,,1637991129,140736856981504,140736856981504,133346,110592,,,,,,,,,,,,,,,,,,,,,,,,,,,,,,,,,,,,,,,,,,,,,,,,,,,,,,,,,,,,,,,,,,,,,,,
"2025-09-02 15:13:23.3268449Z","ETW","Microsoft-Windows-Kernel-Process",6,"ImageUnloadInfo ",22412,7308,"OpenConsole.exe",,,,"C:\Windows\System32\bcryptprimitives.dll",,,,,,,,,,,,[],,,,,,,,,22412,,,,,,,,,,,,,,,,,,,,,,,,,,,,,,,,,,,,3318233078,140736867663872,140736867663872,705120,626688,,,,,,,,,,,,,,,,,,,,,,,,,,,,,,,,,,,,,,,,,,,,,,,,,,,,,,,,,,,,,,,,,,,,,,,
"2025-09-02 15:13:23.3268540Z","ETW","Microsoft-Windows-Kernel-Process",6,"ImageUnloadInfo ",22412,7308,"OpenConsole.exe",,,,"C:\Windows\System32\msvcp_win.dll",,,,,,,,,,,,[],,,,,,,,,22412,,,,,,,,,,,,,,,,,,,,,,,,,,,,,,,,,,,,2240469762,140736868319232,140736868319232,703256,667648,,,,,,,,,,,,,,,,,,,,,,,,,,,,,,,,,,,,,,,,,,,,,,,,,,,,,,,,,,,,,,,,,,,,,,,
"2025-09-02 15:13:23.3268647Z","ETW","Microsoft-Windows-Kernel-Process",6,"ImageUnloadInfo ",22412,7308,"OpenConsole.exe",,,,"C:\Windows\System32\gdi32full.dll",,,,,,,,,,,,[],,,,,,,,,22412,,,,,,,,,,,,,,,,,,,,,,,,,,,,,,,,,,,,4226913238,140736869040128,140736869040128,1298614,1277952,,,,,,,,,,,,,,,,,,,,,,,,,,,,,,,,,,,,,,,,,,,,,,,,,,,,,,,,,,,,,,,,,,,,,,,
"2025-09-02 15:13:23.3268727Z","ETW","Microsoft-Windows-Kernel-Process",6,"ImageUnloadInfo ",22412,7308,"OpenConsole.exe",,,,"C:\Windows\System32\WinTypes.dll",,,,,,,,,,,,[],,,,,,,,,22412,,,,,,,,,,,,,,,,,,,,,,,,,,,,,,,,,,,,3655579039,140736870350848,140736870350848,1545528,1519616,,,,,,,,,,,,,,,,,,,,,,,,,,,,,,,,,,,,,,,,,,,,,,,,,,,,,,,,,,,,,,,,,,,,,,,
"2025-09-02 15:13:23.3268808Z","ETW","Microsoft-Windows-Kernel-Process",6,"ImageUnloadInfo ",22412,7308,"OpenConsole.exe",,,,"C:\Windows\System32\KernelBase.dll",,,,,,,,,,,,[],,,,,,,,,22412,,,,,,,,,,,,,,,,,,,,,,,,,,,,,,,,,,,,1916522255,140736871923712,140736871923712,4150506,4128768,,,,,,,,,,,,,,,,,,,,,,,,,,,,,,,,,,,,,,,,,,,,,,,,,,,,,,,,,,,,,,,,,,,,,,,
"2025-09-02 15:13:23.3268937Z","ETW","Microsoft-Windows-Kernel-Process",6,"ImageUnloadInfo ",22412,7308,"OpenConsole.exe",,,,"C:\Windows\System32\win32u.dll",,,,,,,,,,,,[],,,,,,,,,22412,,,,,,,,,,,,,,,,,,,,,,,,,,,,,,,,,,,,4080079730,140736876118016,140736876118016,179667,159744,,,,,,,,,,,,,,,,,,,,,,,,,,,,,,,,,,,,,,,,,,,,,,,,,,,,,,,,,,,,,,,,,,,,,,,
"2025-09-02 15:13:23.3269010Z","ETW","Microsoft-Windows-Kernel-Process",6,"ImageUnloadInfo ",22412,7308,"OpenConsole.exe",,,,"C:\Windows\System32\ucrtbase.dll",,,,,,,,,,,,[],,,,,,,,,22412,,,,,,,,,,,,,,,,,,,,,,,,,,,,,,,,,,,,3686092271,140736876314624,140736876314624,1418583,1355776,,,,,,,,,,,,,,,,,,,,,,,,,,,,,,,,,,,,,,,,,,,,,,,,,,,,,,,,,,,,,,,,,,,,,,,
"2025-09-02 15:13:23.3269089Z","ETW","Microsoft-Windows-Kernel-Process",6,"ImageUnloadInfo ",22412,7308,"OpenConsole.exe",,,,"C:\Windows\System32\sechost.dll",,,,,,,,,,,,[],,,,,,,,,22412,,,,,,,,,,,,,,,,,,,,,,,,,,,,,,,,,,,,918957807,140736881033216,140736881033216,733904,679936,,,,,,,,,,,,,,,,,,,,,,,,,,,,,,,,,,,,,,,,,,,,,,,,,,,,,,,,,,,,,,,,,,,,,,,
"2025-09-02 15:13:23.3269172Z","ETW","Microsoft-Windows-Kernel-Process",6,"ImageUnloadInfo ",22412,7308,"OpenConsole.exe",,,,"C:\Windows\System32\rpcrt4.dll",,,,,,,,,,,,[],,,,,,,,,22412,,,,,,,,,,,,,,,,,,,,,,,,,,,,,,,,,,,,755903142,140736881754112,140736881754112,1201440,1146880,,,,,,,,,,,,,,,,,,,,,,,,,,,,,,,,,,,,,,,,,,,,,,,,,,,,,,,,,,,,,,,,,,,,,,,
"2025-09-02 15:13:23.3269261Z","ETW","Microsoft-Windows-Kernel-Process",6,"ImageUnloadInfo ",22412,7308,"OpenConsole.exe",,,,"C:\Windows\System32\shell32.dll",,,,,,,,,,,,[],,,,,,,,,22412,,,,,,,,,,,,,,,,,,,,,,,,,,,,,,,,,,,,951285368,140736882933760,140736882933760,7762708,7655424,,,,,,,,,,,,,,,,,,,,,,,,,,,,,,,,,,,,,,,,,,,,,,,,,,,,,,,,,,,,,,,,,,,,,,,
"2025-09-02 15:13:23.3269343Z","ETW","Microsoft-Windows-Kernel-Process",6,"ImageUnloadInfo ",22412,7308,"OpenConsole.exe",,,,"C:\Windows\System32\clbcatq.dll",,,,,,,,,,,,[],,,,,,,,,22412,,,,,,,,,,,,,,,,,,,,,,,,,,,,,,,,,,,,1600192633,140736892108800,140736892108800,700133,688128,,,,,,,,,,,,,,,,,,,,,,,,,,,,,,,,,,,,,,,,,,,,,,,,,,,,,,,,,,,,,,,,,,,,,,,
"2025-09-02 15:13:23.3269422Z","ETW","Microsoft-Windows-Kernel-Process",6,"ImageUnloadInfo ",22412,7308,"OpenConsole.exe",,,,"C:\Windows\System32\oleaut32.dll",,,,,,,,,,,,[],,,,,,,,,22412,,,,,,,,,,,,,,,,,,,,,,,,,,,,,,,,,,,,2785821912,140736894861312,140736894861312,927709,917504,,,,,,,,,,,,,,,,,,,,,,,,,,,,,,,,,,,,,,,,,,,,,,,,,,,,,,,,,,,,,,,,,,,,,,,
"2025-09-02 15:13:23.3269545Z","ETW","Microsoft-Windows-Kernel-Process",6,"ImageUnloadInfo ",22412,7308,"OpenConsole.exe",,,,"C:\Windows\System32\advapi32.dll",,,,,,,,,,,,[],,,,,,,,,22412,,,,,,,,,,,,,,,,,,,,,,,,,,,,,,,,,,,,2886261828,140736895844352,140736895844352,804270,737280,,,,,,,,,,,,,,,,,,,,,,,,,,,,,,,,,,,,,,,,,,,,,,,,,,,,,,,,,,,,,,,,,,,,,,,
"2025-09-02 15:13:23.3269624Z","ETW","Microsoft-Windows-Kernel-Process",6,"ImageUnloadInfo ",22412,7308,"OpenConsole.exe",,,,"C:\Windows\System32\imm32.dll",,,,,,,,,,,,[],,,,,,,,,22412,,,,,,,,,,,,,,,,,,,,,,,,,,,,,,,,,,,,2763417762,140736896630784,140736896630784,237947,192512,,,,,,,,,,,,,,,,,,,,,,,,,,,,,,,,,,,,,,,,,,,,,,,,,,,,,,,,,,,,,,,,,,,,,,,
"2025-09-02 15:13:23.3269698Z","ETW","Microsoft-Windows-Kernel-Process",6,"ImageUnloadInfo ",22412,7308,"OpenConsole.exe",,,,"C:\Windows\System32\kernel32.dll",,,,,,,,,,,,[],,,,,,,,,22412,,,,,,,,,,,,,,,,,,,,,,,,,,,,,,,,,,,,2842556120,140736896892928,140736896892928,880212,823296,,,,,,,,,,,,,,,,,,,,,,,,,,,,,,,,,,,,,,,,,,,,,,,,,,,,,,,,,,,,,,,,,,,,,,,
"2025-09-02 15:13:23.3269773Z","ETW","Microsoft-Windows-Kernel-Process",6,"ImageUnloadInfo ",22412,7308,"OpenConsole.exe",,,,"C:\Windows\System32\gdi32.dll",,,,,,,,,,,,[],,,,,,,,,22412,,,,,,,,,,,,,,,,,,,,,,,,,,,,,,,,,,,,226377214,140736902135808,140736902135808,213118,176128,,,,,,,,,,,,,,,,,,,,,,,,,,,,,,,,,,,,,,,,,,,,,,,,,,,,,,,,,,,,,,,,,,,,,,,
"2025-09-02 15:13:23.3269986Z","ETW","Microsoft-Windows-Kernel-Process",6,"ImageUnloadInfo ",22412,7308,"OpenConsole.exe",,,,"C:\Windows\System32\SHCore.dll",,,,,,,,,,,,[],,,,,,,,,22412,,,,,,,,,,,,,,,,,,,,,,,,,,,,,,,,,,,,742317482,140736902660096,140736902660096,1049363,1003520,,,,,,,,,,,,,,,,,,,,,,,,,,,,,,,,,,,,,,,,,,,,,,,,,,,,,,,,,,,,,,,,,,,,,,,
"2025-09-02 15:13:23.3270066Z","ETW","Microsoft-Windows-Kernel-Process",6,"ImageUnloadInfo ",22412,7308,"OpenConsole.exe",,,,"C:\Windows\System32\combase.dll",,,,,,,,,,,,[],,,,,,,,,22412,,,,,,,,,,,,,,,,,,,,,,,,,,,,,,,,,,,,670765882,140736909082624,140736909082624,3776119,3690496,,,,,,,,,,,,,,,,,,,,,,,,,,,,,,,,,,,,,,,,,,,,,,,,,,,,,,,,,,,,,,,,,,,,,,,
"2025-09-02 15:13:23.3270195Z","ETW","Microsoft-Windows-Kernel-Process",6,"ImageUnloadInfo ",22412,7308,"OpenConsole.exe",,,,"C:\Windows\System32\msvcrt.dll",,,,,,,,,,,,[],,,,,,,,,22412,,,,,,,,,,,,,,,,,,,,,,,,,,,,,,,,,,,,2634004398,140736913342464,140736913342464,729924,692224,,,,,,,,,,,,,,,,,,,,,,,,,,,,,,,,,,,,,,,,,,,,,,,,,,,,,,,,,,,,,,,,,,,,,,,
"2025-09-02 15:13:23.3270273Z","ETW","Microsoft-Windows-Kernel-Process",6,"ImageUnloadInfo ",22412,7308,"OpenConsole.exe",,,,"C:\Windows\System32\user32.dll",,,,,,,,,,,,[],,,,,,,,,22412,,,,,,,,,,,,,,,,,,,,,,,,,,,,,,,,,,,,3594986103,140736914063360,140736914063360,1919723,1855488,,,,,,,,,,,,,,,,,,,,,,,,,,,,,,,,,,,,,,,,,,,,,,,,,,,,,,,,,,,,,,,,,,,,,,,
"2025-09-02 15:13:23.3270347Z","ETW","Microsoft-Windows-Kernel-Process",6,"ImageUnloadInfo ",22412,7308,"OpenConsole.exe",,,,"C:\Windows\System32\ntdll.dll",,,,,,,,,,,,[],,,,,,,,,22412,,,,,,,,,,,,,,,,,,,,,,,,,,,,,,,,,,,,2512787800,140736916750336,140736916750336,2531053,2519040,,,,,,,,,,,,,,,,,,,,,,,,,,,,,,,,,,,,,,,,,,,,,,,,,,,,,,,,,,,,,,,,,,,,,,,
"2025-09-02 15:13:23.3270502Z","ETW","Microsoft-Windows-Kernel-Process",2,"ProcessStopStop ",22412,7308,"OpenConsole.exe",,,,"OpenConsole.ex",,,,,,,,,,,,[],,,,,,,,,22412,,,,,,,,,,,,,,,,,,,,,,,134012995910582239,,,,,,,,31820,,,,,,,,,,,,,,,,,,,,,,,,,,,,,,,,,,,,,,,,,,,,,,,183205600,2797568,2879488,0,134012996033264936,110,0,11,10,3,46,0,,,,,,,,,,,,,,,,,,,,,,
"2025-09-02 15:13:23.3271005Z","ETW","Microsoft-Windows-Kernel-Audit-API-Calls",5,"Info ",22412,7308,"OpenConsole.exe",,,,,,,,,,,,,,,,[],,,,,,,,,,,,,,,,,,,1024,0,22412,,,,,,,,,,,,,,,,,,,,,,,,,,,,,,,,,,,,,,,,,,,,,,,,,,,,,,,,,,,,,,,,,,,,,,,,,,,,,,,,,,,,,,,,,,,,,,,,,,,
"2025-09-02 15:13:23.3271078Z","ETW","Microsoft-Windows-Kernel-Audit-API-Calls",5,"Info ",22412,7308,"OpenConsole.exe",,,,,,,,,,,,,,,,[],,,,,,,,,,,,,,,,,,,1024,0,22412,,,,,,,,,,,,,,,,,,,,,,,,,,,,,,,,,,,,,,,,,,,,,,,,,,,,,,,,,,,,,,,,,,,,,,,,,,,,,,,,,,,,,,,,,,,,,,,,,,,
"2025-09-02 15:13:23.3278801Z","ETW","Microsoft-Windows-Kernel-Process",4,"ThreadStopStop ",20964,2256,"conhost.exe",,,,,,,,,,,,,,,,[],,,,,,,,589760,20964,18446639081567768576,18446639081567744000,140699016992528,0,12003504128,2256,12006195200,12006182912,140699016992528,,,,,,,,,,,,,,,,,,,,,,,,,,,,,,,,,,,,,,,,,,,,,,,,,,,,,,,,,,,,,,,,,,,,,,,,,,,,,,,,,,,,,,,,,,,,,,,,,,,,,,
"2025-09-02 15:13:23.3280725Z","ETW","Microsoft-Windows-Kernel-Process",4,"ThreadStopStop ",18424,21816,"WindowsTerminal.exe",,,,,,,,,,,,,,,,[],,,,,,,,6197420,18424,18446639081567166464,18446639081567141888,140733992226960,0,210395901952,21816,210414600192,210414460928,140733992226960,,,,,,,,,,,,,,,,,,,,,,,,,,,,,,,,,,,,,,,,,,,,,,,,,,,,,,,,,,,,,,,,,,,,,,,,,,,,,,,,,,,,,,,,,,,,,,,,,,,,,,
"2025-09-02 15:13:23.3282744Z","ETW","Microsoft-Windows-Kernel-Process",4,"ThreadStopStop ",20964,15888,"conhost.exe",,,,,,,,,,,,,,,,[],,,,,,,,103360,20964,18446639081546342400,18446639081546317824,140736917348896,0,12003495936,15888,12005670912,12005662720,140736917348896,,,,,,,,,,,,,,,,,,,,,,,,,,,,,,,,,,,,,,,,,,,,,,,,,,,,,,,,,,,,,,,,,,,,,,,,,,,,,,,,,,,,,,,,,,,,,,,,,,,,,,
"2025-09-02 15:13:23.3282975Z","ETW","Microsoft-Windows-Kernel-Process",4,"ThreadStopStop ",20964,17608,"conhost.exe",,,,,,,,,,,,,,,,[],,,,,,,,448020,20964,18446639081566330880,18446639081566306304,140736917348896,0,12003487744,17608,12004622336,12004614144,140736917348896,,,,,,,,,,,,,,,,,,,,,,,,,,,,,,,,,,,,,,,,,,,,,,,,,,,,,,,,,,,,,,,,,,,,,,,,,,,,,,,,,,,,,,,,,,,,,,,,,,,,,,
"2025-09-02 15:13:23.3283171Z","ETW","Microsoft-Windows-Kernel-Process",4,"ThreadStopStop ",20964,19284,"conhost.exe",,,,,,,,,,,,,,,,[],,,,,,,,251560,20964,18446639081550417920,18446639081550393344,140736910320112,0,12003479552,19284,12001280000,12001271808,140736910320112,,,,,,,,,,,,,,,,,,,,,,,,,,,,,,,,,,,,,,,,,,,,,,,,,,,,,,,,,,,,,,,,,,,,,,,,,,,,,,,,,,,,,,,,,,,,,,,,,,,,,,
"2025-09-02 15:13:23.3283717Z","ETW","Microsoft-Windows-Kernel-Process",4,"ThreadStopStop ",20964,13580,"conhost.exe",,,,,,,,,,,,,,,,[],,,,,,,,604200,20964,18446639081546514432,18446639081546489856,140736917348896,0,12003471360,13580,12000755712,12000747520,140736917348896,,,,,,,,,,,,,,,,,,,,,,,,,,,,,,,,,,,,,,,,,,,,,,,,,,,,,,,,,,,,,,,,,,,,,,,,,,,,,,,,,,,,,,,,,,,,,,,,,,,,,,
"2025-09-02 15:13:23.3283922Z","ETW","Microsoft-Windows-Kernel-Process",4,"ThreadStopStop ",20964,21880,"conhost.exe",,,,,,,,,,,,,,,,[],,,,,,,,32639340,20964,18446639081551364096,18446639081551339520,140699016519648,0,12003463168,21880,12005146624,12005117952,140699016519648,,,,,,,,,,,,,,,,,,,,,,,,,,,,,,,,,,,,,,,,,,,,,,,,,,,,,,,,,,,,,,,,,,,,,,,,,,,,,,,,,,,,,,,,,,,,,,,,,,,,,,
"2025-09-02 15:13:23.3285283Z","ETW","Microsoft-Windows-Kernel-Process",4,"ThreadStopStop ",20964,10556,"conhost.exe",,,,,,,,,,,,,,,,[],,,,,,,,1259700,20964,18446639081551335424,18446639081551310848,140736917348896,0,12003446784,10556,12001804288,12001796096,140736917348896,,,,,,,,,,,,,,,,,,,,,,,,,,,,,,,,,,,,,,,,,,,,,,,,,,,,,,,,,,,,,,,,,,,,,,,,,,,,,,,,,,,,,,,,,,,,,,,,,,,,,,
"2025-09-02 15:13:23.3288518Z","ETW","Microsoft-Windows-Kernel-Process",6,"ImageUnloadInfo ",20964,10556,"conhost.exe",,,,"C:\Windows\System32\conhost.exe",,,,,,,,,,,,[],,,,,,,,,20964,,,,,,,,,,,,,,,,,,,,,,,,,,,,,,,,,,,,4143398864,140699016364032,140699016364032,1067594,1048576,,,,,,,,,,,,,,,,,,,,,,,,,,,,,,,,,,,,,,,,,,,,,,,,,,,,,,,,,,,,,,,,,,,,,,,
"2025-09-02 15:13:23.3288569Z","ETW","Microsoft-Windows-Kernel-Process",6,"ImageUnloadInfo ",20964,10556,"conhost.exe",,,,"C:\ProgramData\Microsoft\Windows\AppRepository\Packages\Microsoft.WindowsTerminal_1.22.12111.0_x64__8wekyb3d8bbwe\PackagedCom\OpenConsoleProxy.dll",,,,,,,,,,,,[],,,,,,,,,20964,,,,,,,,,,,,,,,,,,,,,,,,,,,,,,,,,,,,1753895690,140736388923392,140736388923392,84912,53248,,,,,,,,,,,,,,,,,,,,,,,,,,,,,,,,,,,,,,,,,,,,,,,,,,,,,,,,,,,,,,,,,,,,,,,
"2025-09-02 15:13:23.3288680Z","ETW","Microsoft-Windows-Kernel-Process",6,"ImageUnloadInfo ",20964,10556,"conhost.exe",,,,"C:\Windows\System32\Windows.StateRepositoryCore.dll",,,,,,,,,,,,[],,,,,,,,,20964,,,,,,,,,,,,,,,,,,,,,,,,,,,,,,,,,,,,3847844510,140736632913920,140736632913920,174488,106496,,,,,,,,,,,,,,,,,,,,,,,,,,,,,,,,,,,,,,,,,,,,,,,,,,,,,,,,,,,,,,,,,,,,,,,
"2025-09-02 15:13:23.3288824Z","ETW","Microsoft-Windows-Kernel-Process",6,"ImageUnloadInfo ",20964,10556,"conhost.exe",,,,"C:\Windows\System32\kernel.appcore.dll",,,,,,,,,,,,[],,,,,,,,,20964,,,,,,,,,,,,,,,,,,,,,,,,,,,,,,,,,,,,4117383687,140736848265216,140736848265216,158572,110592,,,,,,,,,,,,,,,,,,,,,,,,,,,,,,,,,,,,,,,,,,,,,,,,,,,,,,,,,,,,,,,,,,,,,,,
"2025-09-02 15:13:23.3289765Z","ETW","Microsoft-Windows-Kernel-Process",6,"ImageUnloadInfo ",20964,10556,"conhost.exe",,,,"C:\Windows\System32\bcryptprimitives.dll",,,,,,,,,,,,[],,,,,,,,,20964,,,,,,,,,,,,,,,,,,,,,,,,,,,,,,,,,,,,3318233078,140736867663872,140736867663872,705120,626688,,,,,,,,,,,,,,,,,,,,,,,,,,,,,,,,,,,,,,,,,,,,,,,,,,,,,,,,,,,,,,,,,,,,,,,
"2025-09-02 15:13:23.3289892Z","ETW","Microsoft-Windows-Kernel-Process",6,"ImageUnloadInfo ",20964,10556,"conhost.exe",,,,"C:\Windows\System32\msvcp_win.dll",,,,,,,,,,,,[],,,,,,,,,20964,,,,,,,,,,,,,,,,,,,,,,,,,,,,,,,,,,,,2240469762,140736868319232,140736868319232,703256,667648,,,,,,,,,,,,,,,,,,,,,,,,,,,,,,,,,,,,,,,,,,,,,,,,,,,,,,,,,,,,,,,,,,,,,,,
"2025-09-02 15:13:23.3290045Z","ETW","Microsoft-Windows-Kernel-Process",6,"ImageUnloadInfo ",20964,10556,"conhost.exe",,,,"C:\Windows\System32\gdi32full.dll",,,,,,,,,,,,[],,,,,,,,,20964,,,,,,,,,,,,,,,,,,,,,,,,,,,,,,,,,,,,4226913238,140736869040128,140736869040128,1298614,1277952,,,,,,,,,,,,,,,,,,,,,,,,,,,,,,,,,,,,,,,,,,,,,,,,,,,,,,,,,,,,,,,,,,,,,,,
"2025-09-02 15:13:23.3290126Z","ETW","Microsoft-Windows-Kernel-Process",6,"ImageUnloadInfo ",20964,10556,"conhost.exe",,,,"C:\Windows\System32\KernelBase.dll",,,,,,,,,,,,[],,,,,,,,,20964,,,,,,,,,,,,,,,,,,,,,,,,,,,,,,,,,,,,1916522255,140736871923712,140736871923712,4150506,4128768,,,,,,,,,,,,,,,,,,,,,,,,,,,,,,,,,,,,,,,,,,,,,,,,,,,,,,,,,,,,,,,,,,,,,,,
"2025-09-02 15:13:23.3290202Z","ETW","Microsoft-Windows-Kernel-Process",6,"ImageUnloadInfo ",20964,10556,"conhost.exe",,,,"C:\Windows\System32\win32u.dll",,,,,,,,,,,,[],,,,,,,,,20964,,,,,,,,,,,,,,,,,,,,,,,,,,,,,,,,,,,,4080079730,140736876118016,140736876118016,179667,159744,,,,,,,,,,,,,,,,,,,,,,,,,,,,,,,,,,,,,,,,,,,,,,,,,,,,,,,,,,,,,,,,,,,,,,,
"2025-09-02 15:13:23.3290614Z","ETW","Microsoft-Windows-Kernel-Process",6,"ImageUnloadInfo ",20964,10556,"conhost.exe",,,,"C:\Windows\System32\ucrtbase.dll",,,,,,,,,,,,[],,,,,,,,,20964,,,,,,,,,,,,,,,,,,,,,,,,,,,,,,,,,,,,3686092271,140736876314624,140736876314624,1418583,1355776,,,,,,,,,,,,,,,,,,,,,,,,,,,,,,,,,,,,,,,,,,,,,,,,,,,,,,,,,,,,,,,,,,,,,,,
"2025-09-02 15:13:23.3290726Z","ETW","Microsoft-Windows-Kernel-Process",6,"ImageUnloadInfo ",20964,10556,"conhost.exe",,,,"C:\Windows\System32\sechost.dll",,,,,,,,,,,,[],,,,,,,,,20964,,,,,,,,,,,,,,,,,,,,,,,,,,,,,,,,,,,,918957807,140736881033216,140736881033216,733904,679936,,,,,,,,,,,,,,,,,,,,,,,,,,,,,,,,,,,,,,,,,,,,,,,,,,,,,,,,,,,,,,,,,,,,,,,
"2025-09-02 15:13:23.3290805Z","ETW","Microsoft-Windows-Kernel-Process",6,"ImageUnloadInfo ",20964,10556,"conhost.exe",,,,"C:\Windows\System32\rpcrt4.dll",,,,,,,,,,,,[],,,,,,,,,20964,,,,,,,,,,,,,,,,,,,,,,,,,,,,,,,,,,,,755903142,140736881754112,140736881754112,1201440,1146880,,,,,,,,,,,,,,,,,,,,,,,,,,,,,,,,,,,,,,,,,,,,,,,,,,,,,,,,,,,,,,,,,,,,,,,
"2025-09-02 15:13:23.3290880Z","ETW","Microsoft-Windows-Kernel-Process",6,"ImageUnloadInfo ",20964,10556,"conhost.exe",,,,"C:\Windows\System32\clbcatq.dll",,,,,,,,,,,,[],,,,,,,,,20964,,,,,,,,,,,,,,,,,,,,,,,,,,,,,,,,,,,,1600192633,140736892108800,140736892108800,700133,688128,,,,,,,,,,,,,,,,,,,,,,,,,,,,,,,,,,,,,,,,,,,,,,,,,,,,,,,,,,,,,,,,,,,,,,,
"2025-09-02 15:13:23.3290969Z","ETW","Microsoft-Windows-Kernel-Process",6,"ImageUnloadInfo ",20964,10556,"conhost.exe",,,,"C:\Windows\System32\oleaut32.dll",,,,,,,,,,,,[],,,,,,,,,20964,,,,,,,,,,,,,,,,,,,,,,,,,,,,,,,,,,,,2785821912,140736894861312,140736894861312,927709,917504,,,,,,,,,,,,,,,,,,,,,,,,,,,,,,,,,,,,,,,,,,,,,,,,,,,,,,,,,,,,,,,,,,,,,,,
"2025-09-02 15:13:23.3291044Z","ETW","Microsoft-Windows-Kernel-Process",6,"ImageUnloadInfo ",20964,10556,"conhost.exe",,,,"C:\Windows\System32\advapi32.dll",,,,,,,,,,,,[],,,,,,,,,20964,,,,,,,,,,,,,,,,,,,,,,,,,,,,,,,,,,,,2886261828,140736895844352,140736895844352,804270,737280,,,,,,,,,,,,,,,,,,,,,,,,,,,,,,,,,,,,,,,,,,,,,,,,,,,,,,,,,,,,,,,,,,,,,,,
"2025-09-02 15:13:23.3291432Z","ETW","Microsoft-Windows-Kernel-Process",6,"ImageUnloadInfo ",20964,10556,"conhost.exe",,,,"C:\Windows\System32\imm32.dll",,,,,,,,,,,,[],,,,,,,,,20964,,,,,,,,,,,,,,,,,,,,,,,,,,,,,,,,,,,,2763417762,140736896630784,140736896630784,237947,192512,,,,,,,,,,,,,,,,,,,,,,,,,,,,,,,,,,,,,,,,,,,,,,,,,,,,,,,,,,,,,,,,,,,,,,,
"2025-09-02 15:13:23.3291670Z","ETW","Microsoft-Windows-Kernel-Process",6,"ImageUnloadInfo ",20964,10556,"conhost.exe",,,,"C:\Windows\System32\kernel32.dll",,,,,,,,,,,,[],,,,,,,,,20964,,,,,,,,,,,,,,,,,,,,,,,,,,,,,,,,,,,,2842556120,140736896892928,140736896892928,880212,823296,,,,,,,,,,,,,,,,,,,,,,,,,,,,,,,,,,,,,,,,,,,,,,,,,,,,,,,,,,,,,,,,,,,,,,,
"2025-09-02 15:13:23.3291903Z","ETW","Microsoft-Windows-Kernel-Process",6,"ImageUnloadInfo ",20964,10556,"conhost.exe",,,,"C:\Windows\System32\gdi32.dll",,,,,,,,,,,,[],,,,,,,,,20964,,,,,,,,,,,,,,,,,,,,,,,,,,,,,,,,,,,,226377214,140736902135808,140736902135808,213118,176128,,,,,,,,,,,,,,,,,,,,,,,,,,,,,,,,,,,,,,,,,,,,,,,,,,,,,,,,,,,,,,,,,,,,,,,
"2025-09-02 15:13:23.3292203Z","ETW","Microsoft-Windows-Kernel-Process",6,"ImageUnloadInfo ",20964,10556,"conhost.exe",,,,"C:\Windows\System32\combase.dll",,,,,,,,,,,,[],,,,,,,,,20964,,,,,,,,,,,,,,,,,,,,,,,,,,,,,,,,,,,,670765882,140736909082624,140736909082624,3776119,3690496,,,,,,,,,,,,,,,,,,,,,,,,,,,,,,,,,,,,,,,,,,,,,,,,,,,,,,,,,,,,,,,,,,,,,,,
"2025-09-02 15:13:23.3292549Z","ETW","Microsoft-Windows-Kernel-Process",6,"ImageUnloadInfo ",20964,10556,"conhost.exe",,,,"C:\Windows\System32\msvcrt.dll",,,,,,,,,,,,[],,,,,,,,,20964,,,,,,,,,,,,,,,,,,,,,,,,,,,,,,,,,,,,2634004398,140736913342464,140736913342464,729924,692224,,,,,,,,,,,,,,,,,,,,,,,,,,,,,,,,,,,,,,,,,,,,,,,,,,,,,,,,,,,,,,,,,,,,,,,
"2025-09-02 15:13:23.3292628Z","ETW","Microsoft-Windows-Kernel-Process",6,"ImageUnloadInfo ",20964,10556,"conhost.exe",,,,"C:\Windows\System32\user32.dll",,,,,,,,,,,,[],,,,,,,,,20964,,,,,,,,,,,,,,,,,,,,,,,,,,,,,,,,,,,,3594986103,140736914063360,140736914063360,1919723,1855488,,,,,,,,,,,,,,,,,,,,,,,,,,,,,,,,,,,,,,,,,,,,,,,,,,,,,,,,,,,,,,,,,,,,,,,
"2025-09-02 15:13:23.3292698Z","ETW","Microsoft-Windows-Kernel-Process",6,"ImageUnloadInfo ",20964,10556,"conhost.exe",,,,"C:\Windows\System32\ntdll.dll",,,,,,,,,,,,[],,,,,,,,,20964,,,,,,,,,,,,,,,,,,,,,,,,,,,,,,,,,,,,2512787800,140736916750336,140736916750336,2531053,2519040,,,,,,,,,,,,,,,,,,,,,,,,,,,,,,,,,,,,,,,,,,,,,,,,,,,,,,,,,,,,,,,,,,,,,,,
"2025-09-02 15:13:23.3292788Z","ETW","Microsoft-Windows-Kernel-Process",2,"ProcessStopStop ",20964,10556,"conhost.exe",,,,"conhost.exe",,,,,,,,,,,,[],,,,,,,,,20964,,,,,,,,,,,,,,,,,,,,,,,134012995910320867,,,,,,,,31819,,,,,,,,,,,,,,,,,,,,,,,,,,,,,,,,,,,,,,,,,,,,,,,64990640,1540096,1589248,109,134012996033287962,92,0,3,0,3,0,0,,,,,,,,,,,,,,,,,,,,,,
"2025-09-02 15:13:23.3293200Z","ETW","Microsoft-Windows-Kernel-Audit-API-Calls",5,"Info ",20964,10556,"conhost.exe",,,,,,,,,,,,,,,,[],,,,,,,,,,,,,,,,,,,1024,0,20964,,,,,,,,,,,,,,,,,,,,,,,,,,,,,,,,,,,,,,,,,,,,,,,,,,,,,,,,,,,,,,,,,,,,,,,,,,,,,,,,,,,,,,,,,,,,,,,,,,,
"2025-09-02 15:13:23.3293264Z","ETW","Microsoft-Windows-Kernel-Audit-API-Calls",5,"Info ",20964,10556,"conhost.exe",,,,,,,,,,,,,,,,[],,,,,,,,,,,,,,,,,,,1024,0,20964,,,,,,,,,,,,,,,,,,,,,,,,,,,,,,,,,,,,,,,,,,,,,,,,,,,,,,,,,,,,,,,,,,,,,,,,,,,,,,,,,,,,,,,,,,,,,,,,,,,
"2025-09-02 15:13:23.3315443Z","ETW","Microsoft-Windows-Kernel-Audit-API-Calls",5,"Info ",1912,13020,"MsMpEng.exe",,,,,,,,,,,,,,,,[{"addr":140736918203764,"idx":0},{"addr":140736872731894,"idx":1},{"addr":140733810479103,"idx":2},{"addr":140733810478599,"idx":3},{"addr":140733811467421,"idx":4},{"addr":140733811466488,"idx":5},{"addr":140733810455581,"idx":6},{"addr":140733810413765,"idx":7},{"addr":140733810417057,"idx":8},{"addr":140733810415802,"idx":9},{"addr":140733810413462,"idx":10},{"addr":140733810411633,"idx":11},{"addr":140733810411092,"idx":12},{"addr":140733815162932,"idx":13},{"addr":140733815162655,"idx":14},{"addr":140736917255712,"idx":15},{"addr":140736917350945,"idx":16},{"addr":140736897083607,"idx":17},{"addr":140736916996940,"idx":18}],,,,,,,,,,,,,,,,,,,5136,0,20964,,,,,,,,,,,,,,,,,,,,,,,,,,,,,,,,,,,,,,,,,,,,,,,,,,,,,,,,,,,,,,,,,,,,,,,,,,,,,,,,,,,,,,,,,,,,,,,,,,,
"2025-09-02 15:13:23.3370855Z","ETW","Microsoft-Windows-Kernel-Process",4,"ThreadStopStop ",18424,10352,"WindowsTerminal.exe",,,,,,,,,,,,,,,,[],,,,,,,,19259920,18424,18446639081567338496,18446639081567313920,140736682109920,0,210395852800,10352,210404114432,210404106240,140736682109920,,,,,,,,,,,,,,,,,,,,,,,,,,,,,,,,,,,,,,,,,,,,,,,,,,,,,,,,,,,,,,,,,,,,,,,,,,,,,,,,,,,,,,,,,,,,,,,,,,,,,,
"2025-09-02 15:13:23.3530035Z","ETW","Microsoft-Windows-Kernel-Process",3,"ThreadStartStart ",4,72,"System",,,,,,,,,,,,,,,,[],,,,,,,,,17880,18446639081579601920,18446639081579577344,140736917348896,0,474550329344,7860,472447975424,472447971328,140736917348896,,,,,,,,,,,,,,,,,,,,,,,,,,,,,,,,,,,,,,,,,,,,,,,,,,,,,,,,,,,,,,,,,,,,,,,,,,,,,,,,,,,,,,,,,,,,,,,,,,,,,,
"2025-09-02 15:13:23.3530601Z","ETW","Microsoft-Windows-Kernel-Process",3,"ThreadStartStart ",4,72,"System",,,,,,,,,,,,,,,,[],,,,,,,,,3312,18446639081551364096,18446639081551339520,140736917348896,0,122116673536,16072,122120306688,122120302592,140736917348896,,,,,,,,,,,,,,,,,,,,,,,,,,,,,,,,,,,,,,,,,,,,,,,,,,,,,,,,,,,,,,,,,,,,,,,,,,,,,,,,,,,,,,,,,,,,,,,,,,,,,,
"2025-09-02 15:13:23.3532970Z","ETW","Microsoft-Windows-Kernel-Process",3,"ThreadStartStart ",4,72,"System",,,,,,,,,,,,,,,,[],,,,,,,,,4056,18446639081573052416,18446639081573027840,140736917348896,0,116974682112,18016,117004304384,117004288000,140736917348896,,,,,,,,,,,,,,,,,,,,,,,,,,,,,,,,,,,,,,,,,,,,,,,,,,,,,,,,,,,,,,,,,,,,,,,,,,,,,,,,,,,,,,,,,,,,,,,,,,,,,,
"2025-09-02 15:13:23.3533365Z","ETW","Microsoft-Windows-Kernel-Process",3,"ThreadStartStart ",4,72,"System",,,,,,,,,,,,,,,,[],,,,,,,,,22040,18446639081546514432,18446639081546489856,140736917348896,0,844693831680,4944,844702416896,844702408704,140736917348896,,,,,,,,,,,,,,,,,,,,,,,,,,,,,,,,,,,,,,,,,,,,,,,,,,,,,,,,,,,,,,,,,,,,,,,,,,,,,,,,,,,,,,,,,,,,,,,,,,,,,,
"2025-09-02 15:13:23.3533921Z","ETW","Microsoft-Windows-Kernel-Process",3,"ThreadStartStart ",4,72,"System",,,,,,,,,,,,,,,,[],,,,,,,,,13264,18446639081550417920,18446639081550393344,140736917348896,0,836029255680,15268,836027285504,836027277312,140736917348896,,,,,,,,,,,,,,,,,,,,,,,,,,,,,,,,,,,,,,,,,,,,,,,,,,,,,,,,,,,,,,,,,,,,,,,,,,,,,,,,,,,,,,,,,,,,,,,,,,,,,,
"2025-09-02 15:13:23.3534299Z","ETW","Microsoft-Windows-Kernel-Process",3,"ThreadStartStart ",4,72,"System",,,,,,,,,,,,,,,,[],,,,,,,,,8768,18446639081566330880,18446639081566306304,140736917348896,0,190161616896,15016,190166597632,190166593536,140736917348896,,,,,,,,,,,,,,,,,,,,,,,,,,,,,,,,,,,,,,,,,,,,,,,,,,,,,,,,,,,,,,,,,,,,,,,,,,,,,,,,,,,,,,,,,,,,,,,,,,,,,,
"2025-09-02 15:13:23.3534585Z","ETW","Microsoft-Windows-Kernel-Process",3,"ThreadStartStart ",4,72,"System",,,,,,,,,,,,,,,,[],,,,,,,,,20872,18446639081546342400,18446639081546317824,140736917348896,0,799180374016,11364,799185305600,799185301504,140736917348896,,,,,,,,,,,,,,,,,,,,,,,,,,,,,,,,,,,,,,,,,,,,,,,,,,,,,,,,,,,,,,,,,,,,,,,,,,,,,,,,,,,,,,,,,,,,,,,,,,,,,,
"2025-09-02 15:13:23.3534904Z","ETW","Microsoft-Windows-Kernel-Process",3,"ThreadStartStart ",4,72,"System",,,,,,,,,,,,,,,,[],,,,,,,,,12368,18446639081567166464,18446639081567141888,140736917348896,0,77620535296,13228,77623459840,77623455744,140736917348896,,,,,,,,,,,,,,,,,,,,,,,,,,,,,,,,,,,,,,,,,,,,,,,,,,,,,,,,,,,,,,,,,,,,,,,,,,,,,,,,,,,,,,,,,,,,,,,,,,,,,,
"2025-09-02 15:13:23.3535166Z","ETW","Microsoft-Windows-Kernel-Process",3,"ThreadStartStart ",4,72,"System",,,,,,,,,,,,,,,,[],,,,,,,,,10552,18446639081567768576,18446639081567744000,140736917348896,0,66625609728,14996,66634907648,66634891264,140736917348896,,,,,,,,,,,,,,,,,,,,,,,,,,,,,,,,,,,,,,,,,,,,,,,,,,,,,,,,,,,,,,,,,,,,,,,,,,,,,,,,,,,,,,,,,,,,,,,,,,,,,,
"2025-09-02 15:13:23.3535503Z","ETW","Microsoft-Windows-Kernel-Process",3,"ThreadStartStart ",4,72,"System",,,,,,,,,,,,,,,,[],,,,,,,,,19892,18446639081566502912,18446639081566478336,140736917348896,0,628361396224,14344,628366508032,628366503936,140736917348896,,,,,,,,,,,,,,,,,,,,,,,,,,,,,,,,,,,,,,,,,,,,,,,,,,,,,,,,,,,,,,,,,,,,,,,,,,,,,,,,,,,,,,,,,,,,,,,,,,,,,,
"2025-09-02 15:13:23.3535777Z","ETW","Microsoft-Windows-Kernel-Process",3,"ThreadStartStart ",4,72,"System",,,,,,,,,,,,,,,,[],,,,,,,,,14548,18446639081567453184,18446639081567428608,140736917348896,0,576826396672,14112,576836337664,576836321280,140736917348896,,,,,,,,,,,,,,,,,,,,,,,,,,,,,,,,,,,,,,,,,,,,,,,,,,,,,,,,,,,,,,,,,,,,,,,,,,,,,,,,,,,,,,,,,,,,,,,,,,,,,,
"2025-09-02 15:13:23.3536069Z","ETW","Microsoft-Windows-Kernel-Process",3,"ThreadStartStart ",4,72,"System",,,,,,,,,,,,,,,,[],,,,,,,,,12908,18446639081673809920,18446639081673785344,140736917348896,0,1030732029952,9504,1030741819392,1030741803008,140736917348896,,,,,,,,,,,,,,,,,,,,,,,,,,,,,,,,,,,,,,,,,,,,,,,,,,,,,,,,,,,,,,,,,,,,,,,,,,,,,,,,,,,,,,,,,,,,,,,,,,,,,,
"2025-09-02 15:13:23.3536345Z","ETW","Microsoft-Windows-Kernel-Process",3,"ThreadStartStart ",4,72,"System",,,,,,,,,,,,,,,,[],,,,,,,,,10036,18446639081565900800,18446639081565876224,140736917348896,0,807287644160,12920,807291322368,807291318272,140736917348896,,,,,,,,,,,,,,,,,,,,,,,,,,,,,,,,,,,,,,,,,,,,,,,,,,,,,,,,,,,,,,,,,,,,,,,,,,,,,,,,,,,,,,,,,,,,,,,,,,,,,,
"2025-09-02 15:13:23.3536648Z","ETW","Microsoft-Windows-Kernel-Process",3,"ThreadStartStart ",4,72,"System",,,,,,,,,,,,,,,,[],,,,,,,,,504,18446639081566994432,18446639081566969856,140736917348896,0,264449269760,16404,264459255808,264459239424,140736917348896,,,,,,,,,,,,,,,,,,,,,,,,,,,,,,,,,,,,,,,,,,,,,,,,,,,,,,,,,,,,,,,,,,,,,,,,,,,,,,,,,,,,,,,,,,,,,,,,,,,,,,
"2025-09-02 15:13:23.3537039Z","ETW","Microsoft-Windows-Kernel-Process",3,"ThreadStartStart ",4,72,"System",,,,,,,,,,,,,,,,[],,,,,,,,,10772,18446639081566822400,18446639081566797824,140736917348896,0,831748395008,5728,831761940480,831761924096,140736917348896,,,,,,,,,,,,,,,,,,,,,,,,,,,,,,,,,,,,,,,,,,,,,,,,,,,,,,,,,,,,,,,,,,,,,,,,,,,,,,,,,,,,,,,,,,,,,,,,,,,,,,
"2025-09-02 15:13:23.3537431Z","ETW","Microsoft-Windows-Kernel-Process",3,"ThreadStartStart ",4,72,"System",,,,,,,,,,,,,,,,[],,,,,,,,,4960,18446639081567137792,18446639081567113216,140736917348896,0,936505180160,20260,936506818560,936506810368,140736917348896,,,,,,,,,,,,,,,,,,,,,,,,,,,,,,,,,,,,,,,,,,,,,,,,,,,,,,,,,,,,,,,,,,,,,,,,,,,,,,,,,,,,,,,,,,,,,,,,,,,,,,
"2025-09-02 15:13:23.3538195Z","ETW","Microsoft-Windows-Kernel-Process",3,"ThreadStartStart ",4,72,"System",,,,,,,,,,,,,,,,[],,,,,,,,,9620,18446639081566187520,18446639081566162944,140736917348896,0,239973400576,17072,239976054784,239976050688,140736917348896,,,,,,,,,,,,,,,,,,,,,,,,,,,,,,,,,,,,,,,,,,,,,,,,,,,,,,,,,,,,,,,,,,,,,,,,,,,,,,,,,,,,,,,,,,,,,,,,,,,,,,
"2025-09-02 15:13:23.3690610Z","ETW","Microsoft-Windows-Kernel-Process",4,"ThreadStopStop ",18424,6696,"WindowsTerminal.exe",,,,,,,,,,,,,,,,[],,,,,,,,87107400,18424,18446639081567195136,18446639081567170560,140733906489600,0,210395910144,6696,210415648768,210415620096,140733906489600,,,,,,,,,,,,,,,,,,,,,,,,,,,,,,,,,,,,,,,,,,,,,,,,,,,,,,,,,,,,,,,,,,,,,,,,,,,,,,,,,,,,,,,,,,,,,,,,,,,,,,
"2025-09-02 15:13:23.3737823Z","ETW","Microsoft-Windows-Kernel-Process",3,"ThreadStartStart ",4,72,"System",,,,,,,,,,,,,,,,[],,,,,,,,,17880,18446639081566531584,18446639081566507008,140736917348896,0,474550337536,11740,472449548288,472449544192,140736917348896,,,,,,,,,,,,,,,,,,,,,,,,,,,,,,,,,,,,,,,,,,,,,,,,,,,,,,,,,,,,,,,,,,,,,,,,,,,,,,,,,,,,,,,,,,,,,,,,,,,,,,
"2025-09-02 15:13:23.3947384Z","ETW","Microsoft-Windows-Kernel-Network",12,"KERNEL_NETWORK_TASK_TCPIPConnection attempted. ",13192,12920,"WerFault.exe",,,,,,,,,,,,,,,,[],,,,,,,,,,,,,,,,,,,,,,,,,,,,,,,,,,,,,,,,,,,,,,,,,,,,,,,,,,,,,,,,,,,,,,,,,,,,,,,,,,,,,,,,,,,,,,,,,,,,,,,,,,,0,3727550855,47873,251789322,0,0,50916,1460,65535,0,0,0,0,0
"2025-09-02 15:13:23.3968288Z","ETW","Microsoft-Windows-Kernel-Audit-API-Calls",5,"Info ",18424,12888,"WindowsTerminal.exe",,,,,,,,,,,,,,,,[{"addr":140736876152484,"idx":0},{"addr":140736821778159,"idx":1},{"addr":140736821745608,"idx":2},{"addr":140736821744587,"idx":3},{"addr":140736821744388,"idx":4},{"addr":140736821614138,"idx":5},{"addr":140736821614095,"idx":6},{"addr":140736803871124,"idx":7},{"addr":140736803677711,"idx":8},{"addr":140736803677653,"idx":9},{"addr":140736803627401,"idx":10},{"addr":140736803763024,"idx":11},{"addr":140736803701052,"idx":12},{"addr":140736803787642,"idx":13},{"addr":140736803640488,"idx":14},{"addr":140736803677162,"idx":15},{"addr":140736803694685,"idx":16},{"addr":140736803923257,"idx":17},{"addr":140736803923167,"idx":18},{"addr":140736803923092,"idx":19},{"addr":140736803701352,"idx":20},{"addr":140736803638822,"idx":21},{"addr":140736803788644,"idx":22},{"addr":140733906677134,"idx":23},{"addr":140733906675940,"idx":24},{"addr":140733906753700,"idx":25},{"addr":140733906751316,"idx":26},{"addr":140733906891391,"idx":27},{"addr":140733906891316,"idx":28},{"addr":140733906798487,"idx":29},{"addr":140733907055657,"idx":30},{"addr":140733907033044,"idx":31},{"addr":140733906913703,"idx":32},{"addr":140736675142292,"idx":33},{"addr":140736675267069,"idx":34},{"addr":140736675266347,"idx":35},{"addr":140736678122084,"idx":36},{"addr":140736678121595,"idx":37},{"addr":140736678128416,"idx":38},{"addr":140736678126930,"idx":39},{"addr":140736678124396,"idx":40},{"addr":140736677570853,"idx":41},{"addr":140736687453107,"idx":42},{"addr":140736814008341,"idx":43},{"addr":140736813613757,"idx":44},{"addr":140736813610054,"idx":45},{"addr":140736813649205,"idx":46},{"addr":140736813648266,"idx":47},{"addr":140736813625204,"idx":48},{"addr":140736813624077,"idx":49},{"addr":140736813683309,"idx":50},{"addr":140736813684989,"idx":51},{"addr":140736813684120,"idx":52},{"addr":140736813678573,"idx":53},{"addr":140736914162134,"idx":54},{"addr":140736914160220,"idx":55},{"addr":140736914362035,"idx":56},{"addr":140736918218964,"idx":57},{"addr":140736876122820,"idx":58},{"addr":140736914122143,"idx":59},{"addr":140736914122024,"idx":60},{"addr":140702555906384,"idx":61},{"addr":140702555923982,"idx":62},{"addr":140736876328880,"idx":63},{"addr":140736897083607,"idx":64},{"addr":140736916996940,"idx":65}],,,,,,,,,,,,,,,,,,,4096,0,18424,,,,,,,,,,,,,,,,,,,,,,,,,,,,,,,,,,,,,,,,,,,,,,,,,,,,,,,,,,,,,,,,,,,,,,,,,,,,,,,,,,,,,,,,,,,,,,,,,,,
"2025-09-02 15:13:23.4091534Z","ETW","Microsoft-Windows-Kernel-Process",5,"ImageLoadInfo ",13192,16920,"WerFault.exe",,,,"C:\Windows\System32\schannel.dll",,,,,,,,,,,,[{"addr":140736918203828,"idx":0},{"addr":140736917192506,"idx":1},{"addr":140736917191278,"idx":2},{"addr":140736917210764,"idx":3},{"addr":140736917202269,"idx":4},{"addr":140736917259140,"idx":5},{"addr":140736916785248,"idx":6},{"addr":140736916784352,"idx":7},{"addr":140736917101952,"idx":8},{"addr":140736872000198,"idx":9},{"addr":140736851087995,"idx":10},{"addr":140736851098693,"idx":11},{"addr":140736851097608,"idx":12},{"addr":140736851097421,"idx":13},{"addr":140736699382675,"idx":14},{"addr":140736699381834,"idx":15},{"addr":140736699381197,"idx":16},{"addr":140736699369814,"idx":17},{"addr":140736699397616,"idx":18},{"addr":140736699395829,"idx":19},{"addr":140736699395161,"idx":20},{"addr":140736699307733,"idx":21},{"addr":140736699206483,"idx":22},{"addr":140736699465534,"idx":23},{"addr":140736699167335,"idx":24},{"addr":140736872864049,"idx":25},{"addr":140736917272014,"idx":26},{"addr":140736917350302,"idx":27},{"addr":140736897083607,"idx":28},{"addr":140736916996940,"idx":29}],,,,,,,,,13192,,,,,,,,,,,,,,,,,,,,,,,,,,,,,,,,,,,,3991203154,140736846364672,140736846364672,874570,823296,,,,,,,,,,,,,,,,,,,,,,,,,,,,,,,,,,,,,,,,,,,,,,,,,,,,,,,,,,,,,,,,,,,,,,,
"2025-09-02 15:13:23.4179475Z","ETW","Microsoft-Windows-Kernel-Process",4,"ThreadStopStop ",18424,17088,"WindowsTerminal.exe",,,,,,,,,,,,,,,,[],,,,,,,,1272620,18424,18446639081568055296,18446639081568030720,140736660282816,0,210395885568,17088,210412503040,210412494848,140736660282816,,,,,,,,,,,,,,,,,,,,,,,,,,,,,,,,,,,,,,,,,,,,,,,,,,,,,,,,,,,,,,,,,,,,,,,,,,,,,,,,,,,,,,,,,,,,,,,,,,,,,,
"2025-09-02 15:13:23.4203143Z","ETW","Microsoft-Windows-Kernel-Audit-API-Calls",5,"Info ",920,3484,"lsass.exe",,,,,,,,,,,,,,,,[{"addr":140736918203764,"idx":0},{"addr":140736872731894,"idx":1},{"addr":140736846531051,"idx":2},{"addr":140736846523616,"idx":3},{"addr":140736846522986,"idx":4},{"addr":140736861226450,"idx":5},{"addr":140736861224512,"idx":6},{"addr":140736845518471,"idx":7},{"addr":140736882620003,"idx":8},{"addr":140736882628366,"idx":9},{"addr":140736882319852,"idx":10},{"addr":140736882311415,"idx":11},{"addr":140736882088628,"idx":12},{"addr":140736882092744,"idx":13},{"addr":140736882015316,"idx":14},{"addr":140736882081820,"idx":15},{"addr":140736882106396,"idx":16},{"addr":140736882102691,"idx":17},{"addr":140736882098504,"idx":18},{"addr":140736917358174,"idx":19},{"addr":140736917350275,"idx":20},{"addr":140736897083607,"idx":21},{"addr":140736916996940,"idx":22}],,,,,,,,,,,,,,,,,,,4096,0,13192,,,,,,,,,,,,,,,,,,,,,,,,,,,,,,,,,,,,,,,,,,,,,,,,,,,,,,,,,,,,,,,,,,,,,,,,,,,,,,,,,,,,,,,,,,,,,,,,,,,
"2025-09-02 15:13:23.4312465Z","ETW","Microsoft-Windows-Kernel-Process",4,"ThreadStopStop ",18424,12888,"WindowsTerminal.exe",,,,,,,,,,,,,,,,[],,,,,,,,526240720,18424,18446639081568112640,18446639081568088064,140736876328832,0,210395836416,12888,210402017280,210401927168,140736876328832,,,,,,,,,,,,,,,,,,,,,,,,,,,,,,,,,,,,,,,,,,,,,,,,,,,,,,,,,,,,,,,,,,,,,,,,,,,,,,,,,,,,,,,,,,,,,,,,,,,,,,
"2025-09-02 15:13:23.4340303Z","ETW","Microsoft-Windows-Kernel-Process",4,"ThreadStopStop ",18424,4376,"WindowsTerminal.exe",,,,,,,,,,,,,,,,[],,,,,,,,3532106460,18424,18446639081567281152,18446639081567256576,140736917348896,0,210395918336,4376,210416697344,210416676864,140736917348896,,,,,,,,,,,,,,,,,,,,,,,,,,,,,,,,,,,,,,,,,,,,,,,,,,,,,,,,,,,,,,,,,,,,,,,,,,,,,,,,,,,,,,,,,,,,,,,,,,,,,,
"2025-09-02 15:13:23.4347593Z","ETW","Microsoft-Windows-Kernel-Process",3,"ThreadStartStart ",4,72,"System",,,,,,,,,,,,,,,,[],,,,,,,,,3968,18446639081567281152,18446639081567256576,140736917348896,0,275259260928,20740,275261161472,275261128704,140736917348896,,,,,,,,,,,,,,,,,,,,,,,,,,,,,,,,,,,,,,,,,,,,,,,,,,,,,,,,,,,,,,,,,,,,,,,,,,,,,,,,,,,,,,,,,,,,,,,,,,,,,,
"2025-09-02 15:13:23.4386803Z","ETW","Microsoft-Windows-Kernel-Process",3,"ThreadStartStart ",3968,20740,"svchost.exe",,,,,,,,,,,,,,,,[{"addr":140736918216388,"idx":0},{"addr":140736917266341,"idx":1},{"addr":140736917264752,"idx":2},{"addr":140736917350329,"idx":3},{"addr":140736897083607,"idx":4},{"addr":140736916996940,"idx":5}],,,,,,,,,3968,18446639081580871680,18446639081580847104,140736917348896,0,275259269120,480,275261685760,275261652992,140736917348896,,,,,,,,,,,,,,,,,,,,,,,,,,,,,,,,,,,,,,,,,,,,,,,,,,,,,,,,,,,,,,,,,,,,,,,,,,,,,,,,,,,,,,,,,,,,,,,,,,,,,,
"2025-09-02 15:13:23.5604027Z","ETW","Microsoft-Windows-Kernel-Audit-API-Calls",5,"Info ",1912,13536,"MsMpEng.exe",,,,,,,,,,,,,,,,[{"addr":140736918203764,"idx":0},{"addr":140736872731894,"idx":1},{"addr":140733810479103,"idx":2},{"addr":140733810476689,"idx":3},{"addr":140733810472975,"idx":4},{"addr":140733810472117,"idx":5},{"addr":140733810464644,"idx":6},{"addr":140736881050120,"idx":7},{"addr":140736881043887,"idx":8},{"addr":140736881177095,"idx":9},{"addr":140733814724037,"idx":10},{"addr":140733818700047,"idx":11},{"addr":140736897083607,"idx":12},{"addr":140736916996940,"idx":13}],,,,,,,,,,,,,,,,,,,4096,0,19464,,,,,,,,,,,,,,,,,,,,,,,,,,,,,,,,,,,,,,,,,,,,,,,,,,,,,,,,,,,,,,,,,,,,,,,,,,,,,,,,,,,,,,,,,,,,,,,,,,,
"2025-09-02 15:13:23.5605059Z","ETW","Microsoft-Windows-Kernel-Audit-API-Calls",5,"Info ",1912,13536,"MsMpEng.exe",,,,,,,,,,,,,,,,[{"addr":140736918203764,"idx":0},{"addr":140736872731894,"idx":1},{"addr":140733810479103,"idx":2},{"addr":140733810476689,"idx":3},{"addr":140733810472975,"idx":4},{"addr":140733810472117,"idx":5},{"addr":140733810464644,"idx":6},{"addr":140736881050120,"idx":7},{"addr":140736881043887,"idx":8},{"addr":140736881177095,"idx":9},{"addr":140733814724037,"idx":10},{"addr":140733818700047,"idx":11},{"addr":140736897083607,"idx":12},{"addr":140736916996940,"idx":13}],,,,,,,,,,,,,,,,,,,4096,0,19464,,,,,,,,,,,,,,,,,,,,,,,,,,,,,,,,,,,,,,,,,,,,,,,,,,,,,,,,,,,,,,,,,,,,,,,,,,,,,,,,,,,,,,,,,,,,,,,,,,,
"2025-09-02 15:13:23.5605395Z","ETW","Microsoft-Windows-Kernel-Audit-API-Calls",5,"Info ",1912,13536,"MsMpEng.exe",,,,,,,,,,,,,,,,[{"addr":140736918203764,"idx":0},{"addr":140736872731894,"idx":1},{"addr":140733810479103,"idx":2},{"addr":140733810476689,"idx":3},{"addr":140733810472975,"idx":4},{"addr":140733810472117,"idx":5},{"addr":140733810464644,"idx":6},{"addr":140736881050120,"idx":7},{"addr":140736881043887,"idx":8},{"addr":140736881177095,"idx":9},{"addr":140733814724037,"idx":10},{"addr":140733818700047,"idx":11},{"addr":140736897083607,"idx":12},{"addr":140736916996940,"idx":13}],,,,,,,,,,,,,,,,,,,4096,0,19464,,,,,,,,,,,,,,,,,,,,,,,,,,,,,,,,,,,,,,,,,,,,,,,,,,,,,,,,,,,,,,,,,,,,,,,,,,,,,,,,,,,,,,,,,,,,,,,,,,,
"2025-09-02 15:13:23.5605548Z","ETW","Microsoft-Windows-Kernel-Audit-API-Calls",5,"Info ",1912,13536,"MsMpEng.exe",,,,,,,,,,,,,,,,[{"addr":140736918203764,"idx":0},{"addr":140736872731894,"idx":1},{"addr":140733810479103,"idx":2},{"addr":140733810478599,"idx":3},{"addr":140733809630809,"idx":4},{"addr":140733810478009,"idx":5},{"addr":140733810477155,"idx":6},{"addr":140733810473202,"idx":7},{"addr":140733810472117,"idx":8},{"addr":140733810464644,"idx":9},{"addr":140736881050120,"idx":10},{"addr":140736881043887,"idx":11},{"addr":140736881177095,"idx":12},{"addr":140733814724037,"idx":13},{"addr":140733818700047,"idx":14},{"addr":140736897083607,"idx":15},{"addr":140736916996940,"idx":16}],,,,,,,,,,,,,,,,,,,1052672,0,19464,,,,,,,,,,,,,,,,,,,,,,,,,,,,,,,,,,,,,,,,,,,,,,,,,,,,,,,,,,,,,,,,,,,,,,,,,,,,,,,,,,,,,,,,,,,,,,,,,,,
"2025-09-02 15:13:23.5605892Z","ETW","Microsoft-Windows-Kernel-Audit-API-Calls",5,"Info ",1912,13536,"MsMpEng.exe",,,,,,,,,,,,,,,,[{"addr":140736918203764,"idx":0},{"addr":140736872731894,"idx":1},{"addr":140733810479103,"idx":2},{"addr":140733810476689,"idx":3},{"addr":140733810472975,"idx":4},{"addr":140733810472117,"idx":5},{"addr":140733810464644,"idx":6},{"addr":140736881050120,"idx":7},{"addr":140736881043887,"idx":8},{"addr":140736881177095,"idx":9},{"addr":140733814724037,"idx":10},{"addr":140733818700047,"idx":11},{"addr":140736897083607,"idx":12},{"addr":140736916996940,"idx":13}],,,,,,,,,,,,,,,,,,,4096,0,19464,,,,,,,,,,,,,,,,,,,,,,,,,,,,,,,,,,,,,,,,,,,,,,,,,,,,,,,,,,,,,,,,,,,,,,,,,,,,,,,,,,,,,,,,,,,,,,,,,,,
"2025-09-02 15:13:23.5606057Z","ETW","Microsoft-Windows-Kernel-Audit-API-Calls",5,"Info ",1912,13536,"MsMpEng.exe",,,,,,,,,,,,,,,,[{"addr":140736918203764,"idx":0},{"addr":140736872731894,"idx":1},{"addr":140733810479103,"idx":2},{"addr":140733810476689,"idx":3},{"addr":140733810472975,"idx":4},{"addr":140733810472117,"idx":5},{"addr":140733810464644,"idx":6},{"addr":140736881050120,"idx":7},{"addr":140736881043887,"idx":8},{"addr":140736881177095,"idx":9},{"addr":140733814724037,"idx":10},{"addr":140733818700047,"idx":11},{"addr":140736897083607,"idx":12},{"addr":140736916996940,"idx":13}],,,,,,,,,,,,,,,,,,,4096,0,19464,,,,,,,,,,,,,,,,,,,,,,,,,,,,,,,,,,,,,,,,,,,,,,,,,,,,,,,,,,,,,,,,,,,,,,,,,,,,,,,,,,,,,,,,,,,,,,,,,,,
"2025-09-02 15:13:23.5772342Z","ETW","Microsoft-Windows-Kernel-Process",3,"ThreadStartStart ",1168,1720,"dwm.exe",,,,,,,,,,,,,,,,[{"addr":140736918214756,"idx":0},{"addr":140736917356893,"idx":1},{"addr":140736917350035,"idx":2},{"addr":140736897083607,"idx":3},{"addr":140736916996940,"idx":4}],,,,,,,,,1168,18446639081550274560,18446639081550249984,140736917348896,0,717583986688,16040,717595213824,717595205632,140736917348896,,,,,,,,,,,,,,,,,,,,,,,,,,,,,,,,,,,,,,,,,,,,,,,,,,,,,,,,,,,,,,,,,,,,,,,,,,,,,,,,,,,,,,,,,,,,,,,,,,,,,,
"2025-09-02 15:13:23.6561143Z","ETW","Microsoft-Windows-Kernel-Audit-API-Calls",5,"Info ",10464,22004,"copilot-language-server.exe",,,,,,,,,,,,,,,,[{"addr":140736918203764,"idx":0},{"addr":140736872731894,"idx":1},{"addr":140702698444584,"idx":2},{"addr":140702697018348,"idx":3},{"addr":140701097580744,"idx":4},{"addr":140700568323904,"idx":5},{"addr":140700568316064,"idx":6},{"addr":140700566090877,"idx":7},{"addr":140702708515008,"idx":8},{"addr":140702708513979,"idx":9},{"addr":140702707157057,"idx":10},{"addr":140702707155187,"idx":11},{"addr":140702708266044,"idx":12},{"addr":140702698065041,"idx":13},{"addr":140702698537495,"idx":14},{"addr":140702698522991,"idx":15},{"addr":140702698328165,"idx":16},{"addr":140702697182954,"idx":17},{"addr":140702697791677,"idx":18},{"addr":140702697787118,"idx":19},{"addr":140702695670984,"idx":20},{"addr":140702717007636,"idx":21},{"addr":140736897083607,"idx":22},{"addr":140736916996940,"idx":23}],,,,,,,,,,,,,,,,,,,1025,0,10596,,,,,,,,,,,,,,,,,,,,,,,,,,,,,,,,,,,,,,,,,,,,,,,,,,,,,,,,,,,,,,,,,,,,,,,,,,,,,,,,,,,,,,,,,,,,,,,,,,,
"2025-09-02 15:13:23.6764519Z","ETW","Microsoft-Windows-Kernel-Process",5,"ImageLoadInfo ",13192,16920,"WerFault.exe",,,,"C:\Windows\System32\ncrypt.dll",,,,,,,,,,,,[{"addr":140736918203828,"idx":0},{"addr":140736917192506,"idx":1},{"addr":140736917191278,"idx":2},{"addr":140736917210764,"idx":3},{"addr":140736917201516,"idx":4},{"addr":140736917258922,"idx":5},{"addr":140736916785248,"idx":6},{"addr":140736916786774,"idx":7},{"addr":140736917021315,"idx":8},{"addr":140736917023197,"idx":9},{"addr":140736846714930,"idx":10},{"addr":140736846773469,"idx":11},{"addr":140736846535195,"idx":12},{"addr":140736846529815,"idx":13},{"addr":140736846527686,"idx":14},{"addr":140736846526757,"idx":15},{"addr":140736851113017,"idx":16},{"addr":140736851112186,"idx":17},{"addr":140736851091894,"idx":18},{"addr":140736851091536,"idx":19},{"addr":140736699377339,"idx":20},{"addr":140736699369555,"idx":21},{"addr":140736699397616,"idx":22},{"addr":140736699375835,"idx":23},{"addr":140736699164844,"idx":24},{"addr":140736699465534,"idx":25},{"addr":140736699167335,"idx":26},{"addr":140736872864049,"idx":27},{"addr":140736917272014,"idx":28},{"addr":140736917350302,"idx":29},{"addr":140736897083607,"idx":30},{"addr":140736916996940,"idx":31}],,,,,,,,,13192,,,,,,,,,,,,,,,,,,,,,,,,,,,,,,,,,,,,3628477350,140736859209728,140736859209728,213310,196608,,,,,,,,,,,,,,,,,,,,,,,,,,,,,,,,,,,,,,,,,,,,,,,,,,,,,,,,,,,,,,,,,,,,,,,
"2025-09-02 15:13:23.6771227Z","ETW","Microsoft-Windows-Kernel-Process",5,"ImageLoadInfo ",13192,16920,"WerFault.exe",,,,"C:\Windows\System32\ntasn1.dll",,,,,,,,,,,,[{"addr":140736918203828,"idx":0},{"addr":140736917192506,"idx":1},{"addr":140736917191278,"idx":2},{"addr":140736917210764,"idx":3},{"addr":140736917201516,"idx":4},{"addr":140736917258922,"idx":5},{"addr":140736916785248,"idx":6},{"addr":140736916786774,"idx":7},{"addr":140736917021315,"idx":8},{"addr":140736917023197,"idx":9},{"addr":140736859300178,"idx":10},{"addr":140736859314123,"idx":11},{"addr":140736859236184,"idx":12},{"addr":140736859235783,"idx":13},{"addr":140736918195438,"idx":14},{"addr":140736917219838,"idx":15},{"addr":140736917215596,"idx":16},{"addr":140736916995194,"idx":17},{"addr":140736916991491,"idx":18},{"addr":140736916785364,"idx":19},{"addr":140736916786774,"idx":20},{"addr":140736917021315,"idx":21},{"addr":140736917023197,"idx":22},{"addr":140736846714930,"idx":23},{"addr":140736846773469,"idx":24},{"addr":140736846535195,"idx":25},{"addr":140736846529815,"idx":26},{"addr":140736846527686,"idx":27},{"addr":140736846526757,"idx":28},{"addr":140736851113017,"idx":29},{"addr":140736851112186,"idx":30},{"addr":140736851091894,"idx":31},{"addr":140736851091536,"idx":32},{"addr":140736699377339,"idx":33},{"addr":140736699369555,"idx":34},{"addr":140736699397616,"idx":35},{"addr":140736699375835,"idx":36},{"addr":140736699164844,"idx":37},{"addr":140736699465534,"idx":38},{"addr":140736699167335,"idx":39},{"addr":140736872864049,"idx":40},{"addr":140736917272014,"idx":41},{"addr":140736917350302,"idx":42},{"addr":140736897083607,"idx":43},{"addr":140736916996940,"idx":44}],,,,,,,,,13192,,,,,,,,,,,,,,,,,,,,,,,,,,,,,,,,,,,,2667946327,140736858882048,140736858882048,300816,258048,,,,,,,,,,,,,,,,,,,,,,,,,,,,,,,,,,,,,,,,,,,,,,,,,,,,,,,,,,,,,,,,,,,,,,,
"2025-09-02 15:13:23.6777676Z","ETW","Microsoft-Windows-Kernel-Process",5,"ImageLoadInfo ",13192,16920,"WerFault.exe",,,,"C:\Windows\System32\ncryptsslp.dll",,,,,,,,,,,,[{"addr":140736918203828,"idx":0},{"addr":140736917192506,"idx":1},{"addr":140736917191278,"idx":2},{"addr":140736917210764,"idx":3},{"addr":140736917202269,"idx":4},{"addr":140736917259140,"idx":5},{"addr":140736916785248,"idx":6},{"addr":140736916784352,"idx":7},{"addr":140736917101952,"idx":8},{"addr":140736872000198,"idx":9},{"addr":140736859237796,"idx":10},{"addr":140736859240558,"idx":11},{"addr":140736859273376,"idx":12},{"addr":140736846535195,"idx":13},{"addr":140736846529815,"idx":14},{"addr":140736846527686,"idx":15},{"addr":140736846526757,"idx":16},{"addr":140736851113017,"idx":17},{"addr":140736851112186,"idx":18},{"addr":140736851091894,"idx":19},{"addr":140736851091536,"idx":20},{"addr":140736699377339,"idx":21},{"addr":140736699369555,"idx":22},{"addr":140736699397616,"idx":23},{"addr":140736699375835,"idx":24},{"addr":140736699164844,"idx":25},{"addr":140736699465534,"idx":26},{"addr":140736699167335,"idx":27},{"addr":140736872864049,"idx":28},{"addr":140736917272014,"idx":29},{"addr":140736917350302,"idx":30},{"addr":140736897083607,"idx":31},{"addr":140736916996940,"idx":32}],,,,,,,,,13192,,,,,,,,,,,,,,,,,,,,,,,,,,,,,,,,,,,,2890439297,140736697532416,140736697532416,243186,184320,,,,,,,,,,,,,,,,,,,,,,,,,,,,,,,,,,,,,,,,,,,,,,,,,,,,,,,,,,,,,,,,,,,,,,,
"2025-09-02 15:13:23.6787771Z","ETW","Microsoft-Windows-Kernel-Process",5,"ImageLoadInfo ",13192,16920,"WerFault.exe",,,,"C:\Windows\System32\msasn1.dll",,,,,,,,,,,,[{"addr":140736918203828,"idx":0},{"addr":140736917192506,"idx":1},{"addr":140736917191278,"idx":2},{"addr":140736917210764,"idx":3},{"addr":140736917201516,"idx":4},{"addr":140736917258922,"idx":5},{"addr":140736916785248,"idx":6},{"addr":140736916786774,"idx":7},{"addr":140736917021315,"idx":8},{"addr":140736917023197,"idx":9},{"addr":140736879717666,"idx":10},{"addr":140736879856717,"idx":11},{"addr":140736879210794,"idx":12},{"addr":140736879211774,"idx":13},{"addr":140736879427285,"idx":14},{"addr":140736879432445,"idx":15},{"addr":140736879394293,"idx":16},{"addr":140736879586023,"idx":17},{"addr":140736879445958,"idx":18},{"addr":140736846495624,"idx":19},{"addr":140736846501604,"idx":20},{"addr":140736851139278,"idx":21},{"addr":140736851094521,"idx":22},{"addr":140736699447967,"idx":23},{"addr":140736699370205,"idx":24},{"addr":140736699397616,"idx":25},{"addr":140736699375835,"idx":26},{"addr":140736699164844,"idx":27},{"addr":140736699465534,"idx":28},{"addr":140736699167335,"idx":29},{"addr":140736872864049,"idx":30},{"addr":140736917272014,"idx":31},{"addr":140736917350302,"idx":32},{"addr":140736897083607,"idx":33},{"addr":140736916996940,"idx":34}],,,,,,,,,13192,,,,,,,,,,,,,,,,,,,,,,,,,,,,,,,,,,,,1452322974,140736857440256,140736857440256,148181,77824,,,,,,,,,,,,,,,,,,,,,,,,,,,,,,,,,,,,,,,,,,,,,,,,,,,,,,,,,,,,,,,,,,,,,,,
"2025-09-02 15:13:23.6827488Z","ETW","Microsoft-Windows-Kernel-Process",5,"ImageLoadInfo ",13192,16920,"WerFault.exe",,,,"C:\Windows\System32\cryptnet.dll",,,,,,,,,,,,[{"addr":140736918203828,"idx":0},{"addr":140736917192506,"idx":1},{"addr":140736917191278,"idx":2},{"addr":140736917210764,"idx":3},{"addr":140736917201516,"idx":4},{"addr":140736917258922,"idx":5},{"addr":140736916785248,"idx":6},{"addr":140736916784352,"idx":7},{"addr":140736917101952,"idx":8},{"addr":140736872000198,"idx":9},{"addr":140736872927085,"idx":10},{"addr":140736879117855,"idx":11},{"addr":140736879117702,"idx":12},{"addr":140736879123910,"idx":13},{"addr":140736879120335,"idx":14},{"addr":140736879140197,"idx":15},{"addr":140736699451734,"idx":16},{"addr":140736699450844,"idx":17},{"addr":140736699448144,"idx":18},{"addr":140736699370205,"idx":19},{"addr":140736699397616,"idx":20},{"addr":140736699375835,"idx":21},{"addr":140736699164844,"idx":22},{"addr":140736699465534,"idx":23},{"addr":140736699167335,"idx":24},{"addr":140736872864049,"idx":25},{"addr":140736917272014,"idx":26},{"addr":140736917350302,"idx":27},{"addr":140736897083607,"idx":28},{"addr":140736916996940,"idx":29}],,,,,,,,,13192,,,,,,,,,,,,,,,,,,,,,,,,,,,,,,,,,,,,1579831675,140736659390464,140736659390464,270454,241664,,,,,,,,,,,,,,,,,,,,,,,,,,,,,,,,,,,,,,,,,,,,,,,,,,,,,,,,,,,,,,,,,,,,,,,
"2025-09-02 15:13:23.6848318Z","ETW","Microsoft-Windows-Kernel-Process",3,"ThreadStartStart ",1256,6096,"svchost.exe",,,,,,,,,,,,,,,,[{"addr":140736918208964,"idx":0},{"addr":140736872776761,"idx":1},{"addr":140736897102141,"idx":2},{"addr":140736782303675,"idx":3},{"addr":140736782290979,"idx":4},{"addr":140736782286492,"idx":5},{"addr":140736782285924,"idx":6},{"addr":140736882620003,"idx":7},{"addr":140736882628366,"idx":8},{"addr":140736882319852,"idx":9},{"addr":140736882311415,"idx":10},{"addr":140736882088628,"idx":11},{"addr":140736882092744,"idx":12},{"addr":140736882015316,"idx":13},{"addr":140736882081820,"idx":14},{"addr":140736882106396,"idx":15},{"addr":140736882102691,"idx":16},{"addr":140736882098504,"idx":17},{"addr":140736917358174,"idx":18},{"addr":140736917350275,"idx":19},{"addr":140736897083607,"idx":20},{"addr":140736916996940,"idx":21}],,,,,,,,,1256,18446639081662111744,18446639081662087168,140736782288208,38,839797776384,20088,839800324096,839800291328,140736782288208,,,,,,,,,,,,,,,,,,,,,,,,,,,,,,,,,,,,,,,,,,,,,,,,,,,,,,,,,,,,,,,,,,,,,,,,,,,,,,,,,,,,,,,,,,,,,,,,,,,,,,
"2025-09-02 15:13:23.8475407Z","ETW","Microsoft-Windows-Kernel-Process",4,"ThreadStopStop ",13192,13952,"WerFault.exe",,,,,,,,,,,,,,,,[],,,,,,,,647263880,13192,18446639081578397696,18446639081578373120,140736823512992,0,549625044992,13952,549629984768,549629939712,140736823512992,,,,,,,,,,,,,,,,,,,,,,,,,,,,,,,,,,,,,,,,,,,,,,,,,,,,,,,,,,,,,,,,,,,,,,,,,,,,,,,,,,,,,,,,,,,,,,,,,,,,,,
"2025-09-02 15:13:23.8485365Z","ETW","Microsoft-Windows-Kernel-Process",5,"ImageLoadInfo ",13192,1244,"WerFault.exe",,,,"C:\Windows\System32\policymanager.dll",,,,,,,,,,,,[{"addr":140736918203828,"idx":0},{"addr":140736917192506,"idx":1},{"addr":140736917191278,"idx":2},{"addr":140736917210764,"idx":3},{"addr":140736917201516,"idx":4},{"addr":140736917258922,"idx":5},{"addr":140736916785248,"idx":6},{"addr":140736916784352,"idx":7},{"addr":140736917101952,"idx":8},{"addr":140736872000198,"idx":9},{"addr":140736564313215,"idx":10},{"addr":140736564317195,"idx":11},{"addr":140736564310991,"idx":12},{"addr":140736564312326,"idx":13},{"addr":140736564315077,"idx":14},{"addr":140736823462372,"idx":15},{"addr":140736823295874,"idx":16},{"addr":140736823288719,"idx":17},{"addr":140736823282766,"idx":18},{"addr":140736823729257,"idx":19},{"addr":140736823460411,"idx":20},{"addr":140736823674498,"idx":21},{"addr":140736823587658,"idx":22},{"addr":140733981343415,"idx":23},{"addr":140733981360014,"idx":24},{"addr":140733981359838,"idx":25},{"addr":140733981332330,"idx":26},{"addr":140702874837458,"idx":27},{"addr":140702874561549,"idx":28},{"addr":140702874566272,"idx":29},{"addr":140702874543067,"idx":30},{"addr":140736897083607,"idx":31},{"addr":140736916996940,"idx":32}],,,,,,,,,13192,,,,,,,,,,,,,,,,,,,,,,,,,,,,,,,,,,,,2757975175,140736805928960,140736805928960,801211,737280,,,,,,,,,,,,,,,,,,,,,,,,,,,,,,,,,,,,,,,,,,,,,,,,,,,,,,,,,,,,,,,,,,,,,,,
"2025-09-02 15:13:23.8489617Z","ETW","Microsoft-Windows-Kernel-Process",5,"ImageLoadInfo ",13192,21732,"WerFault.exe",,,,"C:\Windows\System32\msvcp110_win.dll",,,,,,,,,,,,[{"addr":140736918203828,"idx":0},{"addr":140736917192506,"idx":1},{"addr":140736917191278,"idx":2},{"addr":140736917210764,"idx":3},{"addr":140736917201516,"idx":4},{"addr":140736917258922,"idx":5},{"addr":140736917255216,"idx":6},{"addr":140736917350945,"idx":7},{"addr":140736897083607,"idx":8},{"addr":140736916996940,"idx":9}],,,,,,,,,13192,,,,,,,,,,,,,,,,,,,,,,,,,,,,,,,,,,,,3464179610,140736793542656,140736793542656,602786,593920,,,,,,,,,,,,,,,,,,,,,,,,,,,,,,,,,,,,,,,,,,,,,,,,,,,,,,,,,,,,,,,,,,,,,,,
"2025-09-02 15:13:23.8496621Z","ETW","Microsoft-Windows-Kernel-Process",6,"ImageUnloadInfo ",13192,1244,"WerFault.exe",,,,"C:\Windows\System32\msvcp110_win.dll",,,,,,,,,,,,[{"addr":140736918203892,"idx":0},{"addr":140736917028534,"idx":1},{"addr":140736916779098,"idx":2},{"addr":140736916769422,"idx":3},{"addr":140736916769266,"idx":4},{"addr":140736916768404,"idx":5},{"addr":140736916773680,"idx":6},{"addr":140736872000489,"idx":7},{"addr":140736564313988,"idx":8},{"addr":140736564317195,"idx":9},{"addr":140736564310991,"idx":10},{"addr":140736564312326,"idx":11},{"addr":140736564315077,"idx":12},{"addr":140736823462372,"idx":13},{"addr":140736823295874,"idx":14},{"addr":140736823288719,"idx":15},{"addr":140736823282766,"idx":16},{"addr":140736823729257,"idx":17},{"addr":140736823460411,"idx":18},{"addr":140736823674498,"idx":19},{"addr":140736823587658,"idx":20},{"addr":140733981343415,"idx":21},{"addr":140733981360014,"idx":22},{"addr":140733981359838,"idx":23},{"addr":140733981332330,"idx":24},{"addr":140702874837458,"idx":25},{"addr":140702874561549,"idx":26},{"addr":140702874566272,"idx":27},{"addr":140702874543067,"idx":28},{"addr":140736897083607,"idx":29},{"addr":140736916996940,"idx":30}],,,,,,,,,13192,,,,,,,,,,,,,,,,,,,,,,,,,,,,,,,,,,,,3464179610,140736793542656,140736793542656,602786,606208,,,,,,,,,,,,,,,,,,,,,,,,,,,,,,,,,,,,,,,,,,,,,,,,,,,,,,,,,,,,,,,,,,,,,,,
"2025-09-02 15:13:23.8497712Z","ETW","Microsoft-Windows-Kernel-Process",6,"ImageUnloadInfo ",13192,1244,"WerFault.exe",,,,"C:\Windows\System32\policymanager.dll",,,,,,,,,,,,[{"addr":140736918203892,"idx":0},{"addr":140736917028534,"idx":1},{"addr":140736916779098,"idx":2},{"addr":140736916773567,"idx":3},{"addr":140736872000489,"idx":4},{"addr":140736564313988,"idx":5},{"addr":140736564317195,"idx":6},{"addr":140736564310991,"idx":7},{"addr":140736564312326,"idx":8},{"addr":140736564315077,"idx":9},{"addr":140736823462372,"idx":10},{"addr":140736823295874,"idx":11},{"addr":140736823288719,"idx":12},{"addr":140736823282766,"idx":13},{"addr":140736823729257,"idx":14},{"addr":140736823460411,"idx":15},{"addr":140736823674498,"idx":16},{"addr":140736823587658,"idx":17},{"addr":140733981343415,"idx":18},{"addr":140733981360014,"idx":19},{"addr":140733981359838,"idx":20},{"addr":140733981332330,"idx":21},{"addr":140702874837458,"idx":22},{"addr":140702874561549,"idx":23},{"addr":140702874566272,"idx":24},{"addr":140702874543067,"idx":25},{"addr":140736897083607,"idx":26},{"addr":140736916996940,"idx":27}],,,,,,,,,13192,,,,,,,,,,,,,,,,,,,,,,,,,,,,,,,,,,,,2757975175,140736805928960,140736805928960,801211,749568,,,,,,,,,,,,,,,,,,,,,,,,,,,,,,,,,,,,,,,,,,,,,,,,,,,,,,,,,,,,,,,,,,,,,,,
"2025-09-02 15:13:23.8513257Z","ETW","Microsoft-Windows-Kernel-File",30,"CreateNewFileInfo ",13192,1244,"WerFault.exe",,,,"C:\ProgramData\Microsoft\Windows\WER\Temp\a293daa3-fe4c-4c90-8fff-9efb586c8cd3",,,,,,,,,,,,[{"addr":140736918205268,"idx":0},{"addr":140736823279700,"idx":1},{"addr":140736823449839,"idx":2},{"addr":140736823711514,"idx":3},{"addr":140736823705915,"idx":4},{"addr":140736823706833,"idx":5},{"addr":140736823729360,"idx":6},{"addr":140736823460411,"idx":7},{"addr":140736823674498,"idx":8},{"addr":140736823587658,"idx":9},{"addr":140733981343415,"idx":10},{"addr":140733981360014,"idx":11},{"addr":140733981359838,"idx":12},{"addr":140733981332330,"idx":13},{"addr":140702874837458,"idx":14},{"addr":140702874561549,"idx":15},{"addr":140702874566272,"idx":16},{"addr":140702874543067,"idx":17},{"addr":140736897083607,"idx":18},{"addr":140736916996940,"idx":19}],128,33558528,18446660011201496544,18446660010862592920,1244,0,,,,,,,,,,,,,,,,,,,,,,,,,,,,,,,,,,,,,,,,,,,,,,,,,,,,,,,,,,,,,,,,,,,,,,,,,,,,,,,,,,,,,,,,,,,,,,,,,,,,,,,,,,,,,,,,,,
"2025-09-02 15:13:23.8513399Z","ETW","Microsoft-Windows-Kernel-File",10,"NameCreateInfo ",13192,1244,"WerFault.exe",,,,"C:\ProgramData\Microsoft\Windows\WER\Temp\a293daa3-fe4c-4c90-8fff-9efb586c8cd3",,,,,,,,,,,,[{"addr":140736918205268,"idx":0},{"addr":140736823279700,"idx":1},{"addr":140736823449839,"idx":2},{"addr":140736823711514,"idx":3},{"addr":140736823705915,"idx":4},{"addr":140736823706833,"idx":5},{"addr":140736823729360,"idx":6},{"addr":140736823460411,"idx":7},{"addr":140736823674498,"idx":8},{"addr":140736823587658,"idx":9},{"addr":140733981343415,"idx":10},{"addr":140733981360014,"idx":11},{"addr":140733981359838,"idx":12},{"addr":140733981332330,"idx":13},{"addr":140702874837458,"idx":14},{"addr":140702874561549,"idx":15},{"addr":140702874566272,"idx":16},{"addr":140702874543067,"idx":17},{"addr":140736897083607,"idx":18},{"addr":140736916996940,"idx":19}],,,,,,,18446708904371133296,,,,,,,,,,,,,,,,,,,,,,,,,,,,,,,,,,,,,,,,,,,,,,,,,,,,,,,,,,,,,,,,,,,,,,,,,,,,,,,,,,,,,,,,,,,,,,,,,,,,,,,,,,,,,,,,,
"2025-09-02 15:13:23.8523304Z","ETW","Microsoft-Windows-Kernel-Process",5,"ImageLoadInfo ",19992,20412,"svchost.exe",,,,"C:\Windows\System32\policymanager.dll",,,,,,,,,,,,[{"addr":140736918203828,"idx":0},{"addr":140736917192506,"idx":1},{"addr":140736917191278,"idx":2},{"addr":140736917210764,"idx":3},{"addr":140736917201516,"idx":4},{"addr":140736917258922,"idx":5},{"addr":140736916785248,"idx":6},{"addr":140736916784352,"idx":7},{"addr":140736917101952,"idx":8},{"addr":140736872000198,"idx":9},{"addr":140736564313215,"idx":10},{"addr":140736564317195,"idx":11},{"addr":140736564310991,"idx":12},{"addr":140736564312326,"idx":13},{"addr":140736564315077,"idx":14},{"addr":140736823462372,"idx":15},{"addr":140736823295874,"idx":16},{"addr":140736823288719,"idx":17},{"addr":140736823283182,"idx":18},{"addr":140736823711170,"idx":19},{"addr":140736823633170,"idx":20},{"addr":140734019745915,"idx":21},{"addr":140734019690696,"idx":22},{"addr":140734019706334,"idx":23},{"addr":140736917282525,"idx":24},{"addr":140736917350969,"idx":25},{"addr":140736897083607,"idx":26},{"addr":140736916996940,"idx":27}],,,,,,,,,19992,,,,,,,,,,,,,,,,,,,,,,,,,,,,,,,,,,,,2757975175,140736805928960,140736805928960,801211,737280,,,,,,,,,,,,,,,,,,,,,,,,,,,,,,,,,,,,,,,,,,,,,,,,,,,,,,,,,,,,,,,,,,,,,,,
"2025-09-02 15:13:23.8524980Z","ETW","Microsoft-Windows-Kernel-Process",5,"ImageLoadInfo ",19992,20412,"svchost.exe",,,,"C:\Windows\System32\msvcrt.dll",,,,,,,,,,,,[{"addr":140736918203828,"idx":0},{"addr":140736917192506,"idx":1},{"addr":140736917191278,"idx":2},{"addr":140736917190209,"idx":3},{"addr":140736916798526,"idx":4},{"addr":140736916790798,"idx":5},{"addr":140736917191656,"idx":6},{"addr":140736917210764,"idx":7},{"addr":140736917201516,"idx":8},{"addr":140736917258922,"idx":9},{"addr":140736916785248,"idx":10},{"addr":140736916784352,"idx":11},{"addr":140736917101952,"idx":12},{"addr":140736872000198,"idx":13},{"addr":140736564313215,"idx":14},{"addr":140736564317195,"idx":15},{"addr":140736564310991,"idx":16},{"addr":140736564312326,"idx":17},{"addr":140736564315077,"idx":18},{"addr":140736823462372,"idx":19},{"addr":140736823295874,"idx":20},{"addr":140736823288719,"idx":21},{"addr":140736823283182,"idx":22},{"addr":140736823711170,"idx":23},{"addr":140736823633170,"idx":24},{"addr":140734019745915,"idx":25},{"addr":140734019690696,"idx":26},{"addr":140734019706334,"idx":27},{"addr":140736917282525,"idx":28},{"addr":140736917350969,"idx":29},{"addr":140736897083607,"idx":30},{"addr":140736916996940,"idx":31}],,,,,,,,,19992,,,,,,,,,,,,,,,,,,,,,,,,,,,,,,,,,,,,2634004398,140736913342464,140736913342464,729924,692224,,,,,,,,,,,,,,,,,,,,,,,,,,,,,,,,,,,,,,,,,,,,,,,,,,,,,,,,,,,,,,,,,,,,,,,
"2025-09-02 15:13:23.8529117Z","ETW","Microsoft-Windows-Kernel-Process",5,"ImageLoadInfo ",19992,13384,"svchost.exe",,,,"C:\Windows\System32\msvcp110_win.dll",,,,,,,,,,,,[{"addr":140736918203828,"idx":0},{"addr":140736917192506,"idx":1},{"addr":140736917191278,"idx":2},{"addr":140736917210764,"idx":3},{"addr":140736917201516,"idx":4},{"addr":140736917258922,"idx":5},{"addr":140736917255216,"idx":6},{"addr":140736917350945,"idx":7},{"addr":140736897083607,"idx":8},{"addr":140736916996940,"idx":9}],,,,,,,,,19992,,,,,,,,,,,,,,,,,,,,,,,,,,,,,,,,,,,,3464179610,140736793542656,140736793542656,602786,593920,,,,,,,,,,,,,,,,,,,,,,,,,,,,,,,,,,,,,,,,,,,,,,,,,,,,,,,,,,,,,,,,,,,,,,,
"2025-09-02 15:13:23.8537031Z","ETW","Microsoft-Windows-Kernel-Process",6,"ImageUnloadInfo ",19992,20412,"svchost.exe",,,,"C:\Windows\System32\msvcp110_win.dll",,,,,,,,,,,,[{"addr":140736918203892,"idx":0},{"addr":140736917028534,"idx":1},{"addr":140736916779098,"idx":2},{"addr":140736916769422,"idx":3},{"addr":140736916769266,"idx":4},{"addr":140736916768404,"idx":5},{"addr":140736916773680,"idx":6},{"addr":140736872000489,"idx":7},{"addr":140736564313988,"idx":8},{"addr":140736564317195,"idx":9},{"addr":140736564310991,"idx":10},{"addr":140736564312326,"idx":11},{"addr":140736564315077,"idx":12},{"addr":140736823462372,"idx":13},{"addr":140736823295874,"idx":14},{"addr":140736823288719,"idx":15},{"addr":140736823283182,"idx":16},{"addr":140736823711170,"idx":17},{"addr":140736823633170,"idx":18},{"addr":140734019745915,"idx":19},{"addr":140734019690696,"idx":20},{"addr":140734019706334,"idx":21},{"addr":140736917282525,"idx":22},{"addr":140736917350969,"idx":23},{"addr":140736897083607,"idx":24},{"addr":140736916996940,"idx":25}],,,,,,,,,19992,,,,,,,,,,,,,,,,,,,,,,,,,,,,,,,,,,,,3464179610,140736793542656,140736793542656,602786,606208,,,,,,,,,,,,,,,,,,,,,,,,,,,,,,,,,,,,,,,,,,,,,,,,,,,,,,,,,,,,,,,,,,,,,,,
"2025-09-02 15:13:23.8538130Z","ETW","Microsoft-Windows-Kernel-Process",6,"ImageUnloadInfo ",19992,20412,"svchost.exe",,,,"C:\Windows\System32\msvcrt.dll",,,,,,,,,,,,[{"addr":140736918203892,"idx":0},{"addr":140736917028534,"idx":1},{"addr":140736916779098,"idx":2},{"addr":140736916769422,"idx":3},{"addr":140736916769266,"idx":4},{"addr":140736916768404,"idx":5},{"addr":140736916773680,"idx":6},{"addr":140736872000489,"idx":7},{"addr":140736564313988,"idx":8},{"addr":140736564317195,"idx":9},{"addr":140736564310991,"idx":10},{"addr":140736564312326,"idx":11},{"addr":140736564315077,"idx":12},{"addr":140736823462372,"idx":13},{"addr":140736823295874,"idx":14},{"addr":140736823288719,"idx":15},{"addr":140736823283182,"idx":16},{"addr":140736823711170,"idx":17},{"addr":140736823633170,"idx":18},{"addr":140734019745915,"idx":19},{"addr":140734019690696,"idx":20},{"addr":140734019706334,"idx":21},{"addr":140736917282525,"idx":22},{"addr":140736917350969,"idx":23},{"addr":140736897083607,"idx":24},{"addr":140736916996940,"idx":25}],,,,,,,,,19992,,,,,,,,,,,,,,,,,,,,,,,,,,,,,,,,,,,,2634004398,140736913342464,140736913342464,729924,704512,,,,,,,,,,,,,,,,,,,,,,,,,,,,,,,,,,,,,,,,,,,,,,,,,,,,,,,,,,,,,,,,,,,,,,,
"2025-09-02 15:13:23.8538689Z","ETW","Microsoft-Windows-Kernel-Process",6,"ImageUnloadInfo ",19992,20412,"svchost.exe",,,,"C:\Windows\System32\policymanager.dll",,,,,,,,,,,,[{"addr":140736918203892,"idx":0},{"addr":140736917028534,"idx":1},{"addr":140736916779098,"idx":2},{"addr":140736916773567,"idx":3},{"addr":140736872000489,"idx":4},{"addr":140736564313988,"idx":5},{"addr":140736564317195,"idx":6},{"addr":140736564310991,"idx":7},{"addr":140736564312326,"idx":8},{"addr":140736564315077,"idx":9},{"addr":140736823462372,"idx":10},{"addr":140736823295874,"idx":11},{"addr":140736823288719,"idx":12},{"addr":140736823283182,"idx":13},{"addr":140736823711170,"idx":14},{"addr":140736823633170,"idx":15},{"addr":140734019745915,"idx":16},{"addr":140734019690696,"idx":17},{"addr":140734019706334,"idx":18},{"addr":140736917282525,"idx":19},{"addr":140736917350969,"idx":20},{"addr":140736897083607,"idx":21},{"addr":140736916996940,"idx":22}],,,,,,,,,19992,,,,,,,,,,,,,,,,,,,,,,,,,,,,,,,,,,,,2757975175,140736805928960,140736805928960,801211,749568,,,,,,,,,,,,,,,,,,,,,,,,,,,,,,,,,,,,,,,,,,,,,,,,,,,,,,,,,,,,,,,,,,,,,,,
"2025-09-02 15:13:23.8556808Z","ETW","Microsoft-Windows-Kernel-File",30,"CreateNewFileInfo ",19992,20412,"svchost.exe",,,,"C:\ProgramData\Microsoft\Windows\WER\Temp\0d0d6ce4-b791-4848-a7da-d0fae2bef97d",,,,,,,,,,,,[{"addr":140736918205268,"idx":0},{"addr":140736823279700,"idx":1},{"addr":140736823449839,"idx":2},{"addr":140736823711222,"idx":3},{"addr":140736823633170,"idx":4},{"addr":140734019745915,"idx":5},{"addr":140734019690696,"idx":6},{"addr":140734019706334,"idx":7},{"addr":140736917282525,"idx":8},{"addr":140736917350969,"idx":9},{"addr":140736897083607,"idx":10},{"addr":140736916996940,"idx":11}],128,33558528,18446660010974100352,18446660011199738104,20412,0,,,,,,,,,,,,,,,,,,,,,,,,,,,,,,,,,,,,,,,,,,,,,,,,,,,,,,,,,,,,,,,,,,,,,,,,,,,,,,,,,,,,,,,,,,,,,,,,,,,,,,,,,,,,,,,,,,
"2025-09-02 15:13:23.8557018Z","ETW","Microsoft-Windows-Kernel-File",10,"NameCreateInfo ",19992,20412,"svchost.exe",,,,"C:\ProgramData\Microsoft\Windows\WER\Temp\0d0d6ce4-b791-4848-a7da-d0fae2bef97d",,,,,,,,,,,,[{"addr":140736918205268,"idx":0},{"addr":140736823279700,"idx":1},{"addr":140736823449839,"idx":2},{"addr":140736823711222,"idx":3},{"addr":140736823633170,"idx":4},{"addr":140734019745915,"idx":5},{"addr":140734019690696,"idx":6},{"addr":140734019706334,"idx":7},{"addr":140736917282525,"idx":8},{"addr":140736917350969,"idx":9},{"addr":140736897083607,"idx":10},{"addr":140736916996940,"idx":11}],,,,,,,18446708904700584304,,,,,,,,,,,,,,,,,,,,,,,,,,,,,,,,,,,,,,,,,,,,,,,,,,,,,,,,,,,,,,,,,,,,,,,,,,,,,,,,,,,,,,,,,,,,,,,,,,,,,,,,,,,,,,,,,
"2025-09-02 15:13:23.8564762Z","ETW","Microsoft-Windows-Kernel-Process",5,"ImageLoadInfo ",19992,20412,"svchost.exe",,,,"C:\Windows\System32\policymanager.dll",,,,,,,,,,,,[{"addr":140736918203828,"idx":0},{"addr":140736917192506,"idx":1},{"addr":140736917191278,"idx":2},{"addr":140736917210764,"idx":3},{"addr":140736917201516,"idx":4},{"addr":140736917258922,"idx":5},{"addr":140736916785248,"idx":6},{"addr":140736916784352,"idx":7},{"addr":140736917101952,"idx":8},{"addr":140736872000198,"idx":9},{"addr":140736564313215,"idx":10},{"addr":140736564317195,"idx":11},{"addr":140736564310991,"idx":12},{"addr":140736564312326,"idx":13},{"addr":140736564315077,"idx":14},{"addr":140736823462372,"idx":15},{"addr":140736823295874,"idx":16},{"addr":140736823288719,"idx":17},{"addr":140736823282766,"idx":18},{"addr":140736823711170,"idx":19},{"addr":140736823633223,"idx":20},{"addr":140734019745915,"idx":21},{"addr":140734019690696,"idx":22},{"addr":140734019706334,"idx":23},{"addr":140736917282525,"idx":24},{"addr":140736917350969,"idx":25},{"addr":140736897083607,"idx":26},{"addr":140736916996940,"idx":27}],,,,,,,,,19992,,,,,,,,,,,,,,,,,,,,,,,,,,,,,,,,,,,,2757975175,140736805928960,140736805928960,801211,737280,,,,,,,,,,,,,,,,,,,,,,,,,,,,,,,,,,,,,,,,,,,,,,,,,,,,,,,,,,,,,,,,,,,,,,,
"2025-09-02 15:13:23.8566178Z","ETW","Microsoft-Windows-Kernel-Process",5,"ImageLoadInfo ",19992,20412,"svchost.exe",,,,"C:\Windows\System32\msvcrt.dll",,,,,,,,,,,,[{"addr":140736918203828,"idx":0},{"addr":140736917192506,"idx":1},{"addr":140736917191278,"idx":2},{"addr":140736917190209,"idx":3},{"addr":140736916798526,"idx":4},{"addr":140736916790798,"idx":5},{"addr":140736917191656,"idx":6},{"addr":140736917210764,"idx":7},{"addr":140736917201516,"idx":8},{"addr":140736917258922,"idx":9},{"addr":140736916785248,"idx":10},{"addr":140736916784352,"idx":11},{"addr":140736917101952,"idx":12},{"addr":140736872000198,"idx":13},{"addr":140736564313215,"idx":14},{"addr":140736564317195,"idx":15},{"addr":140736564310991,"idx":16},{"addr":140736564312326,"idx":17},{"addr":140736564315077,"idx":18},{"addr":140736823462372,"idx":19},{"addr":140736823295874,"idx":20},{"addr":140736823288719,"idx":21},{"addr":140736823282766,"idx":22},{"addr":140736823711170,"idx":23},{"addr":140736823633223,"idx":24},{"addr":140734019745915,"idx":25},{"addr":140734019690696,"idx":26},{"addr":140734019706334,"idx":27},{"addr":140736917282525,"idx":28},{"addr":140736917350969,"idx":29},{"addr":140736897083607,"idx":30},{"addr":140736916996940,"idx":31}],,,,,,,,,19992,,,,,,,,,,,,,,,,,,,,,,,,,,,,,,,,,,,,2634004398,140736913342464,140736913342464,729924,692224,,,,,,,,,,,,,,,,,,,,,,,,,,,,,,,,,,,,,,,,,,,,,,,,,,,,,,,,,,,,,,,,,,,,,,,
"2025-09-02 15:13:23.8569218Z","ETW","Microsoft-Windows-Kernel-Process",5,"ImageLoadInfo ",19992,17792,"svchost.exe",,,,"C:\Windows\System32\msvcp110_win.dll",,,,,,,,,,,,[{"addr":140736918203828,"idx":0},{"addr":140736917192506,"idx":1},{"addr":140736917191278,"idx":2},{"addr":140736917210764,"idx":3},{"addr":140736917201516,"idx":4},{"addr":140736917258922,"idx":5},{"addr":140736917255216,"idx":6},{"addr":140736917350945,"idx":7},{"addr":140736897083607,"idx":8},{"addr":140736916996940,"idx":9}],,,,,,,,,19992,,,,,,,,,,,,,,,,,,,,,,,,,,,,,,,,,,,,3464179610,140736793542656,140736793542656,602786,593920,,,,,,,,,,,,,,,,,,,,,,,,,,,,,,,,,,,,,,,,,,,,,,,,,,,,,,,,,,,,,,,,,,,,,,,
"2025-09-02 15:13:23.8575517Z","ETW","Microsoft-Windows-Kernel-Process",6,"ImageUnloadInfo ",19992,20412,"svchost.exe",,,,"C:\Windows\System32\msvcp110_win.dll",,,,,,,,,,,,[{"addr":140736918203892,"idx":0},{"addr":140736917028534,"idx":1},{"addr":140736916779098,"idx":2},{"addr":140736916769422,"idx":3},{"addr":140736916769266,"idx":4},{"addr":140736916768404,"idx":5},{"addr":140736916773680,"idx":6},{"addr":140736872000489,"idx":7},{"addr":140736564313988,"idx":8},{"addr":140736564317195,"idx":9},{"addr":140736564310991,"idx":10},{"addr":140736564312326,"idx":11},{"addr":140736564315077,"idx":12},{"addr":140736823462372,"idx":13},{"addr":140736823295874,"idx":14},{"addr":140736823288719,"idx":15},{"addr":140736823282766,"idx":16},{"addr":140736823711170,"idx":17},{"addr":140736823633223,"idx":18},{"addr":140734019745915,"idx":19},{"addr":140734019690696,"idx":20},{"addr":140734019706334,"idx":21},{"addr":140736917282525,"idx":22},{"addr":140736917350969,"idx":23},{"addr":140736897083607,"idx":24},{"addr":140736916996940,"idx":25}],,,,,,,,,19992,,,,,,,,,,,,,,,,,,,,,,,,,,,,,,,,,,,,3464179610,140736793542656,140736793542656,602786,606208,,,,,,,,,,,,,,,,,,,,,,,,,,,,,,,,,,,,,,,,,,,,,,,,,,,,,,,,,,,,,,,,,,,,,,,
"2025-09-02 15:13:23.8576494Z","ETW","Microsoft-Windows-Kernel-Process",6,"ImageUnloadInfo ",19992,20412,"svchost.exe",,,,"C:\Windows\System32\msvcrt.dll",,,,,,,,,,,,[{"addr":140736918203892,"idx":0},{"addr":140736917028534,"idx":1},{"addr":140736916779098,"idx":2},{"addr":140736916769422,"idx":3},{"addr":140736916769266,"idx":4},{"addr":140736916768404,"idx":5},{"addr":140736916773680,"idx":6},{"addr":140736872000489,"idx":7},{"addr":140736564313988,"idx":8},{"addr":140736564317195,"idx":9},{"addr":140736564310991,"idx":10},{"addr":140736564312326,"idx":11},{"addr":140736564315077,"idx":12},{"addr":140736823462372,"idx":13},{"addr":140736823295874,"idx":14},{"addr":140736823288719,"idx":15},{"addr":140736823282766,"idx":16},{"addr":140736823711170,"idx":17},{"addr":140736823633223,"idx":18},{"addr":140734019745915,"idx":19},{"addr":140734019690696,"idx":20},{"addr":140734019706334,"idx":21},{"addr":140736917282525,"idx":22},{"addr":140736917350969,"idx":23},{"addr":140736897083607,"idx":24},{"addr":140736916996940,"idx":25}],,,,,,,,,19992,,,,,,,,,,,,,,,,,,,,,,,,,,,,,,,,,,,,2634004398,140736913342464,140736913342464,729924,704512,,,,,,,,,,,,,,,,,,,,,,,,,,,,,,,,,,,,,,,,,,,,,,,,,,,,,,,,,,,,,,,,,,,,,,,
"2025-09-02 15:13:23.8577108Z","ETW","Microsoft-Windows-Kernel-Process",6,"ImageUnloadInfo ",19992,20412,"svchost.exe",,,,"C:\Windows\System32\policymanager.dll",,,,,,,,,,,,[{"addr":140736918203892,"idx":0},{"addr":140736917028534,"idx":1},{"addr":140736916779098,"idx":2},{"addr":140736916773567,"idx":3},{"addr":140736872000489,"idx":4},{"addr":140736564313988,"idx":5},{"addr":140736564317195,"idx":6},{"addr":140736564310991,"idx":7},{"addr":140736564312326,"idx":8},{"addr":140736564315077,"idx":9},{"addr":140736823462372,"idx":10},{"addr":140736823295874,"idx":11},{"addr":140736823288719,"idx":12},{"addr":140736823282766,"idx":13},{"addr":140736823711170,"idx":14},{"addr":140736823633223,"idx":15},{"addr":140734019745915,"idx":16},{"addr":140734019690696,"idx":17},{"addr":140734019706334,"idx":18},{"addr":140736917282525,"idx":19},{"addr":140736917350969,"idx":20},{"addr":140736897083607,"idx":21},{"addr":140736916996940,"idx":22}],,,,,,,,,19992,,,,,,,,,,,,,,,,,,,,,,,,,,,,,,,,,,,,2757975175,140736805928960,140736805928960,801211,749568,,,,,,,,,,,,,,,,,,,,,,,,,,,,,,,,,,,,,,,,,,,,,,,,,,,,,,,,,,,,,,,,,,,,,,,
"2025-09-02 15:13:23.8591578Z","ETW","Microsoft-Windows-Kernel-File",30,"CreateNewFileInfo ",19992,20412,"svchost.exe",,,,"C:\ProgramData\Microsoft\Windows\WER\Temp\04d87b0f-4eef-426e-8f4f-c20408f24f93",,,,,,,,,,,,[{"addr":140736918205268,"idx":0},{"addr":140736823279700,"idx":1},{"addr":140736823449839,"idx":2},{"addr":140736823711222,"idx":3},{"addr":140736823633223,"idx":4},{"addr":140734019745915,"idx":5},{"addr":140734019690696,"idx":6},{"addr":140734019706334,"idx":7},{"addr":140736917282525,"idx":8},{"addr":140736917350969,"idx":9},{"addr":140736897083607,"idx":10},{"addr":140736916996940,"idx":11}],128,33558528,18446660010973919552,18446660011199738104,20412,0,,,,,,,,,,,,,,,,,,,,,,,,,,,,,,,,,,,,,,,,,,,,,,,,,,,,,,,,,,,,,,,,,,,,,,,,,,,,,,,,,,,,,,,,,,,,,,,,,,,,,,,,,,,,,,,,,,
"2025-09-02 15:13:23.8591736Z","ETW","Microsoft-Windows-Kernel-File",10,"NameCreateInfo ",19992,20412,"svchost.exe",,,,"C:\ProgramData\Microsoft\Windows\WER\Temp\04d87b0f-4eef-426e-8f4f-c20408f24f93",,,,,,,,,,,,[{"addr":140736918205268,"idx":0},{"addr":140736823279700,"idx":1},{"addr":140736823449839,"idx":2},{"addr":140736823711222,"idx":3},{"addr":140736823633223,"idx":4},{"addr":140734019745915,"idx":5},{"addr":140734019690696,"idx":6},{"addr":140734019706334,"idx":7},{"addr":140736917282525,"idx":8},{"addr":140736917350969,"idx":9},{"addr":140736897083607,"idx":10},{"addr":140736916996940,"idx":11}],,,,,,,18446708904800141680,,,,,,,,,,,,,,,,,,,,,,,,,,,,,,,,,,,,,,,,,,,,,,,,,,,,,,,,,,,,,,,,,,,,,,,,,,,,,,,,,,,,,,,,,,,,,,,,,,,,,,,,,,,,,,,,,
"2025-09-02 15:13:23.8760503Z","ETW","Microsoft-Windows-Kernel-Process",5,"ImageLoadInfo ",13192,1244,"WerFault.exe",,,,"C:\Windows\System32\rsaenh.dll",,,,,,,,,,,,[{"addr":140736918203828,"idx":0},{"addr":140736917192506,"idx":1},{"addr":140736917191278,"idx":2},{"addr":140736917210764,"idx":3},{"addr":140736917202269,"idx":4},{"addr":140736917259140,"idx":5},{"addr":140736916785248,"idx":6},{"addr":140736916784352,"idx":7},{"addr":140736917101952,"idx":8},{"addr":140736872000198,"idx":9},{"addr":140736872006436,"idx":10},{"addr":140736856997553,"idx":11},{"addr":140736856995692,"idx":12},{"addr":140736823882614,"idx":13},{"addr":140736823687388,"idx":14},{"addr":140736823711925,"idx":15},{"addr":140736823705915,"idx":16},{"addr":140736823706833,"idx":17},{"addr":140736823729360,"idx":18},{"addr":140736823460411,"idx":19},{"addr":140736823674498,"idx":20},{"addr":140736823587658,"idx":21},{"addr":140733981343415,"idx":22},{"addr":140733981360014,"idx":23},{"addr":140733981359838,"idx":24},{"addr":140733981332330,"idx":25},{"addr":140702874837458,"idx":26},{"addr":140702874561549,"idx":27},{"addr":140702874566272,"idx":28},{"addr":140702874543067,"idx":29},{"addr":140736897083607,"idx":30},{"addr":140736916996940,"idx":31}],,,,,,,,,13192,,,,,,,,,,,,,,,,,,,,,,,,,,,,,,,,,,,,1731328438,140736847609856,140736847609856,294011,241664,,,,,,,,,,,,,,,,,,,,,,,,,,,,,,,,,,,,,,,,,,,,,,,,,,,,,,,,,,,,,,,,,,,,,,,
"2025-09-02 15:13:23.8766603Z","ETW","Microsoft-Windows-Kernel-File",30,"CreateNewFileInfo ",13192,1244,"WerFault.exe",,,,"C:\ProgramData\Microsoft\Windows\WER\ReportArchive\AppCrash_Microsoft.Window_e82bfbd3489be79ba29f5035ea4671078aadd_e54bc80b_c780921b-ea29-49a1-81ce-210b5f99b1bc",,,,,,,,,,,,[{"addr":140736918205268,"idx":0},{"addr":140736873137480,"idx":1},{"addr":140736872303362,"idx":2},{"addr":140736823712284,"idx":3},{"addr":140736823705915,"idx":4},{"addr":140736823706833,"idx":5},{"addr":140736823729360,"idx":6},{"addr":140736823460411,"idx":7},{"addr":140736823674498,"idx":8},{"addr":140736823587658,"idx":9},{"addr":140733981343415,"idx":10},{"addr":140733981360014,"idx":11},{"addr":140733981359838,"idx":12},{"addr":140733981332330,"idx":13},{"addr":140702874837458,"idx":14},{"addr":140702874561549,"idx":15},{"addr":140702874566272,"idx":16},{"addr":140702874543067,"idx":17},{"addr":140736897083607,"idx":18},{"addr":140736916996940,"idx":19}],128,35651617,18446660010973901152,18446660011199738104,1244,3,,,,,,,,,,,,,,,,,,,,,,,,,,,,,,,,,,,,,,,,,,,,,,,,,,,,,,,,,,,,,,,,,,,,,,,,,,,,,,,,,,,,,,,,,,,,,,,,,,,,,,,,,,,,,,,,,,
"2025-09-02 15:13:23.8766740Z","ETW","Microsoft-Windows-Kernel-File",10,"NameCreateInfo ",13192,1244,"WerFault.exe",,,,"C:\ProgramData\Microsoft\Windows\WER\ReportArchive\AppCrash_Microsoft.Window_e82bfbd3489be79ba29f5035ea4671078aadd_e54bc80b_c780921b-ea29-49a1-81ce-210b5f99b1bc",,,,,,,,,,,,[{"addr":140736918205268,"idx":0},{"addr":140736873137480,"idx":1},{"addr":140736872303362,"idx":2},{"addr":140736823712284,"idx":3},{"addr":140736823705915,"idx":4},{"addr":140736823706833,"idx":5},{"addr":140736823729360,"idx":6},{"addr":140736823460411,"idx":7},{"addr":140736823674498,"idx":8},{"addr":140736823587658,"idx":9},{"addr":140733981343415,"idx":10},{"addr":140733981360014,"idx":11},{"addr":140733981359838,"idx":12},{"addr":140733981332330,"idx":13},{"addr":140702874837458,"idx":14},{"addr":140702874561549,"idx":15},{"addr":140702874566272,"idx":16},{"addr":140702874543067,"idx":17},{"addr":140736897083607,"idx":18},{"addr":140736916996940,"idx":19}],,,,,,,18446708904577397104,,,,,,,,,,,,,,,,,,,,,,,,,,,,,,,,,,,,,,,,,,,,,,,,,,,,,,,,,,,,,,,,,,,,,,,,,,,,,,,,,,,,,,,,,,,,,,,,,,,,,,,,,,,,,,,,,
"2025-09-02 15:13:23.8771494Z","ETW","Microsoft-Windows-Kernel-File",30,"CreateNewFileInfo ",13192,1244,"WerFault.exe",,,,"C:\ProgramData\Microsoft\Windows\WER\ReportArchive\AppCrash_Microsoft.Window_e82bfbd3489be79ba29f5035ea4671078aadd_e54bc80b_c780921b-ea29-49a1-81ce-210b5f99b1bc\bdbc1606-9f60-455b-b27d-d150e5410e2f",,,,,,,,,,,,[{"addr":140736918205268,"idx":0},{"addr":140736823279700,"idx":1},{"addr":140736823706011,"idx":2},{"addr":140736823706833,"idx":3},{"addr":140736823729360,"idx":4},{"addr":140736823460411,"idx":5},{"addr":140736823674498,"idx":6},{"addr":140736823587658,"idx":7},{"addr":140733981343415,"idx":8},{"addr":140733981360014,"idx":9},{"addr":140733981359838,"idx":10},{"addr":140733981332330,"idx":11},{"addr":140702874837458,"idx":12},{"addr":140702874561549,"idx":13},{"addr":140702874566272,"idx":14},{"addr":140702874543067,"idx":15},{"addr":140736897083607,"idx":16},{"addr":140736916996940,"idx":17}],128,33558528,18446660010973946352,18446660011199738104,1244,0,,,,,,,,,,,,,,,,,,,,,,,,,,,,,,,,,,,,,,,,,,,,,,,,,,,,,,,,,,,,,,,,,,,,,,,,,,,,,,,,,,,,,,,,,,,,,,,,,,,,,,,,,,,,,,,,,,
"2025-09-02 15:13:23.8771600Z","ETW","Microsoft-Windows-Kernel-File",10,"NameCreateInfo ",13192,1244,"WerFault.exe",,,,"C:\ProgramData\Microsoft\Windows\WER\ReportArchive\AppCrash_Microsoft.Window_e82bfbd3489be79ba29f5035ea4671078aadd_e54bc80b_c780921b-ea29-49a1-81ce-210b5f99b1bc\bdbc1606-9f60-455b-b27d-d150e5410e2f",,,,,,,,,,,,[{"addr":140736918205268,"idx":0},{"addr":140736823279700,"idx":1},{"addr":140736823706011,"idx":2},{"addr":140736823706833,"idx":3},{"addr":140736823729360,"idx":4},{"addr":140736823460411,"idx":5},{"addr":140736823674498,"idx":6},{"addr":140736823587658,"idx":7},{"addr":140733981343415,"idx":8},{"addr":140733981360014,"idx":9},{"addr":140733981359838,"idx":10},{"addr":140733981332330,"idx":11},{"addr":140702874837458,"idx":12},{"addr":140702874561549,"idx":13},{"addr":140702874566272,"idx":14},{"addr":140702874543067,"idx":15},{"addr":140736897083607,"idx":16},{"addr":140736916996940,"idx":17}],,,,,,,18446708904371133296,,,,,,,,,,,,,,,,,,,,,,,,,,,,,,,,,,,,,,,,,,,,,,,,,,,,,,,,,,,,,,,,,,,,,,,,,,,,,,,,,,,,,,,,,,,,,,,,,,,,,,,,,,,,,,,,,
"2025-09-02 15:13:23.8784473Z","ETW","Microsoft-Windows-Kernel-Process",5,"ImageLoadInfo ",13192,1244,"WerFault.exe",,,,"C:\Windows\System32\FlightSettings.dll",,,,,,,,,,,,[{"addr":140736918203828,"idx":0},{"addr":140736917192506,"idx":1},{"addr":140736917191278,"idx":2},{"addr":140736917210764,"idx":3},{"addr":140736917202269,"idx":4},{"addr":140736917259140,"idx":5},{"addr":140736916785248,"idx":6},{"addr":140736916784352,"idx":7},{"addr":140736917101952,"idx":8},{"addr":140736872000198,"idx":9},{"addr":140736909363845,"idx":10},{"addr":140736909362547,"idx":11},{"addr":140736909360794,"idx":12},{"addr":140736909561496,"idx":13},{"addr":140736909365281,"idx":14},{"addr":140736909356853,"idx":15},{"addr":140736910270317,"idx":16},{"addr":140736909359719,"idx":17},{"addr":140736909871367,"idx":18},{"addr":140736910338829,"idx":19},{"addr":140736910332465,"idx":20},{"addr":140736910348734,"idx":21},{"addr":140736910270317,"idx":22},{"addr":140736909350430,"idx":23},{"addr":140736910270317,"idx":24},{"addr":140736909553458,"idx":25},{"addr":140736909548907,"idx":26},{"addr":140736909576880,"idx":27},{"addr":140736823887242,"idx":28},{"addr":140736823334871,"idx":29},{"addr":140736823332406,"idx":30},{"addr":140736823697833,"idx":31},{"addr":140736823706172,"idx":32},{"addr":140736823706833,"idx":33},{"addr":140736823729360,"idx":34},{"addr":140736823460411,"idx":35},{"addr":140736823674498,"idx":36},{"addr":140736823587658,"idx":37},{"addr":140733981343415,"idx":38},{"addr":140733981360014,"idx":39},{"addr":140733981359838,"idx":40},{"addr":140733981332330,"idx":41},{"addr":140702874837458,"idx":42},{"addr":140702874561549,"idx":43},{"addr":140702874566272,"idx":44},{"addr":140702874543067,"idx":45},{"addr":140736897083607,"idx":46},{"addr":140736916996940,"idx":47}],,,,,,,,,13192,,,,,,,,,,,,,,,,,,,,,,,,,,,,,,,,,,,,2330176052,140736551714816,140736551714816,1234194,1171456,,,,,,,,,,,,,,,,,,,,,,,,,,,,,,,,,,,,,,,,,,,,,,,,,,,,,,,,,,,,,,,,,,,,,,,
"2025-09-02 15:13:23.8791276Z","ETW","Microsoft-Windows-Kernel-Process",5,"ImageLoadInfo ",13192,1244,"WerFault.exe",,,,"C:\Windows\System32\policymanager.dll",,,,,,,,,,,,[{"addr":140736918203828,"idx":0},{"addr":140736917192506,"idx":1},{"addr":140736917191278,"idx":2},{"addr":140736917210764,"idx":3},{"addr":140736917202269,"idx":4},{"addr":140736917259140,"idx":5},{"addr":140736916785248,"idx":6},{"addr":140736916786774,"idx":7},{"addr":140736917021315,"idx":8},{"addr":140736917023197,"idx":9},{"addr":140736552310578,"idx":10},{"addr":140736551743723,"idx":11},{"addr":140736552248893,"idx":12},{"addr":140736552249084,"idx":13},{"addr":140736552248258,"idx":14},{"addr":140736552249517,"idx":15},{"addr":140736552291077,"idx":16},{"addr":140736823887347,"idx":17},{"addr":140736823334871,"idx":18},{"addr":140736823332406,"idx":19},{"addr":140736823697833,"idx":20},{"addr":140736823706172,"idx":21},{"addr":140736823706833,"idx":22},{"addr":140736823729360,"idx":23},{"addr":140736823460411,"idx":24},{"addr":140736823674498,"idx":25},{"addr":140736823587658,"idx":26},{"addr":140733981343415,"idx":27},{"addr":140733981360014,"idx":28},{"addr":140733981359838,"idx":29},{"addr":140733981332330,"idx":30},{"addr":140702874837458,"idx":31},{"addr":140702874561549,"idx":32},{"addr":140702874566272,"idx":33},{"addr":140702874543067,"idx":34},{"addr":140736897083607,"idx":35},{"addr":140736916996940,"idx":36}],,,,,,,,,13192,,,,,,,,,,,,,,,,,,,,,,,,,,,,,,,,,,,,2757975175,140736805928960,140736805928960,801211,737280,,,,,,,,,,,,,,,,,,,,,,,,,,,,,,,,,,,,,,,,,,,,,,,,,,,,,,,,,,,,,,,,,,,,,,,
"2025-09-02 15:13:23.8796075Z","ETW","Microsoft-Windows-Kernel-Process",5,"ImageLoadInfo ",13192,22064,"WerFault.exe",,,,"C:\Windows\System32\msvcp110_win.dll",,,,,,,,,,,,[{"addr":140736918203828,"idx":0},{"addr":140736917192506,"idx":1},{"addr":140736917191278,"idx":2},{"addr":140736917210764,"idx":3},{"addr":140736917201516,"idx":4},{"addr":140736917258922,"idx":5},{"addr":140736917255216,"idx":6},{"addr":140736917350945,"idx":7},{"addr":140736897083607,"idx":8},{"addr":140736916996940,"idx":9}],,,,,,,,,13192,,,,,,,,,,,,,,,,,,,,,,,,,,,,,,,,,,,,3464179610,140736793542656,140736793542656,602786,593920,,,,,,,,,,,,,,,,,,,,,,,,,,,,,,,,,,,,,,,,,,,,,,,,,,,,,,,,,,,,,,,,,,,,,,,
"2025-09-02 15:13:23.8805059Z","ETW","Microsoft-Windows-Kernel-Process",6,"ImageUnloadInfo ",13192,1244,"WerFault.exe",,,,"C:\Windows\System32\msvcp110_win.dll",,,,,,,,,,,,[{"addr":140736918203892,"idx":0},{"addr":140736917028534,"idx":1},{"addr":140736916779098,"idx":2},{"addr":140736916769422,"idx":3},{"addr":140736916769266,"idx":4},{"addr":140736916769266,"idx":5},{"addr":140736916768404,"idx":6},{"addr":140736916773680,"idx":7},{"addr":140736872000489,"idx":8},{"addr":140736909949854,"idx":9},{"addr":140736909944133,"idx":10},{"addr":140736909367016,"idx":11},{"addr":140736909232512,"idx":12},{"addr":140736909233542,"idx":13},{"addr":140736909233853,"idx":14},{"addr":140736909930487,"idx":15},{"addr":140736823887734,"idx":16},{"addr":140736823334871,"idx":17},{"addr":140736823332406,"idx":18},{"addr":140736823697833,"idx":19},{"addr":140736823706172,"idx":20},{"addr":140736823706833,"idx":21},{"addr":140736823729360,"idx":22},{"addr":140736823460411,"idx":23},{"addr":140736823674498,"idx":24},{"addr":140736823587658,"idx":25},{"addr":140733981343415,"idx":26},{"addr":140733981360014,"idx":27},{"addr":140733981359838,"idx":28},{"addr":140733981332330,"idx":29},{"addr":140702874837458,"idx":30},{"addr":140702874561549,"idx":31},{"addr":140702874566272,"idx":32},{"addr":140702874543067,"idx":33},{"addr":140736897083607,"idx":34},{"addr":140736916996940,"idx":35}],,,,,,,,,13192,,,,,,,,,,,,,,,,,,,,,,,,,,,,,,,,,,,,3464179610,140736793542656,140736793542656,602786,606208,,,,,,,,,,,,,,,,,,,,,,,,,,,,,,,,,,,,,,,,,,,,,,,,,,,,,,,,,,,,,,,,,,,,,,,
"2025-09-02 15:13:23.8805683Z","ETW","Microsoft-Windows-Kernel-Process",6,"ImageUnloadInfo ",13192,1244,"WerFault.exe",,,,"C:\Windows\System32\policymanager.dll",,,,,,,,,,,,[{"addr":140736918203892,"idx":0},{"addr":140736917028534,"idx":1},{"addr":140736916779098,"idx":2},{"addr":140736916769422,"idx":3},{"addr":140736916769266,"idx":4},{"addr":140736916768404,"idx":5},{"addr":140736916773680,"idx":6},{"addr":140736872000489,"idx":7},{"addr":140736909949854,"idx":8},{"addr":140736909944133,"idx":9},{"addr":140736909367016,"idx":10},{"addr":140736909232512,"idx":11},{"addr":140736909233542,"idx":12},{"addr":140736909233853,"idx":13},{"addr":140736909930487,"idx":14},{"addr":140736823887734,"idx":15},{"addr":140736823334871,"idx":16},{"addr":140736823332406,"idx":17},{"addr":140736823697833,"idx":18},{"addr":140736823706172,"idx":19},{"addr":140736823706833,"idx":20},{"addr":140736823729360,"idx":21},{"addr":140736823460411,"idx":22},{"addr":140736823674498,"idx":23},{"addr":140736823587658,"idx":24},{"addr":140733981343415,"idx":25},{"addr":140733981360014,"idx":26},{"addr":140733981359838,"idx":27},{"addr":140733981332330,"idx":28},{"addr":140702874837458,"idx":29},{"addr":140702874561549,"idx":30},{"addr":140702874566272,"idx":31},{"addr":140702874543067,"idx":32},{"addr":140736897083607,"idx":33},{"addr":140736916996940,"idx":34}],,,,,,,,,13192,,,,,,,,,,,,,,,,,,,,,,,,,,,,,,,,,,,,2757975175,140736805928960,140736805928960,801211,749568,,,,,,,,,,,,,,,,,,,,,,,,,,,,,,,,,,,,,,,,,,,,,,,,,,,,,,,,,,,,,,,,,,,,,,,
"2025-09-02 15:13:23.8806351Z","ETW","Microsoft-Windows-Kernel-Process",6,"ImageUnloadInfo ",13192,1244,"WerFault.exe",,,,"C:\Windows\System32\FlightSettings.dll",,,,,,,,,,,,[{"addr":140736918203892,"idx":0},{"addr":140736917028534,"idx":1},{"addr":140736916779098,"idx":2},{"addr":140736916773567,"idx":3},{"addr":140736872000489,"idx":4},{"addr":140736909949854,"idx":5},{"addr":140736909944133,"idx":6},{"addr":140736909367016,"idx":7},{"addr":140736909232512,"idx":8},{"addr":140736909233542,"idx":9},{"addr":140736909233853,"idx":10},{"addr":140736909930487,"idx":11},{"addr":140736823887734,"idx":12},{"addr":140736823334871,"idx":13},{"addr":140736823332406,"idx":14},{"addr":140736823697833,"idx":15},{"addr":140736823706172,"idx":16},{"addr":140736823706833,"idx":17},{"addr":140736823729360,"idx":18},{"addr":140736823460411,"idx":19},{"addr":140736823674498,"idx":20},{"addr":140736823587658,"idx":21},{"addr":140733981343415,"idx":22},{"addr":140733981360014,"idx":23},{"addr":140733981359838,"idx":24},{"addr":140733981332330,"idx":25},{"addr":140702874837458,"idx":26},{"addr":140702874561549,"idx":27},{"addr":140702874566272,"idx":28},{"addr":140702874543067,"idx":29},{"addr":140736897083607,"idx":30},{"addr":140736916996940,"idx":31}],,,,,,,,,13192,,,,,,,,,,,,,,,,,,,,,,,,,,,,,,,,,,,,2330176052,140736551714816,140736551714816,1234194,1183744,,,,,,,,,,,,,,,,,,,,,,,,,,,,,,,,,,,,,,,,,,,,,,,,,,,,,,,,,,,,,,,,,,,,,,,
"2025-09-02 15:13:23.8814821Z","ETW","Microsoft-Windows-Kernel-Process",5,"ImageLoadInfo ",13192,1244,"WerFault.exe",,,,"C:\Windows\System32\FlightSettings.dll",,,,,,,,,,,,[{"addr":140736918203828,"idx":0},{"addr":140736917192506,"idx":1},{"addr":140736917191278,"idx":2},{"addr":140736917210764,"idx":3},{"addr":140736917202269,"idx":4},{"addr":140736917259140,"idx":5},{"addr":140736916785248,"idx":6},{"addr":140736916784352,"idx":7},{"addr":140736917101952,"idx":8},{"addr":140736872000198,"idx":9},{"addr":140736909363845,"idx":10},{"addr":140736909362547,"idx":11},{"addr":140736909360794,"idx":12},{"addr":140736909561496,"idx":13},{"addr":140736909365281,"idx":14},{"addr":140736909356853,"idx":15},{"addr":140736910270317,"idx":16},{"addr":140736909359719,"idx":17},{"addr":140736909871367,"idx":18},{"addr":140736910338829,"idx":19},{"addr":140736910332465,"idx":20},{"addr":140736910348734,"idx":21},{"addr":140736910270317,"idx":22},{"addr":140736909350430,"idx":23},{"addr":140736910270317,"idx":24},{"addr":140736909553458,"idx":25},{"addr":140736909548907,"idx":26},{"addr":140736909576880,"idx":27},{"addr":140736823886551,"idx":28},{"addr":140736823334912,"idx":29},{"addr":140736823332406,"idx":30},{"addr":140736823697833,"idx":31},{"addr":140736823706172,"idx":32},{"addr":140736823706833,"idx":33},{"addr":140736823729360,"idx":34},{"addr":140736823460411,"idx":35},{"addr":140736823674498,"idx":36},{"addr":140736823587658,"idx":37},{"addr":140733981343415,"idx":38},{"addr":140733981360014,"idx":39},{"addr":140733981359838,"idx":40},{"addr":140733981332330,"idx":41},{"addr":140702874837458,"idx":42},{"addr":140702874561549,"idx":43},{"addr":140702874566272,"idx":44},{"addr":140702874543067,"idx":45},{"addr":140736897083607,"idx":46},{"addr":140736916996940,"idx":47}],,,,,,,,,13192,,,,,,,,,,,,,,,,,,,,,,,,,,,,,,,,,,,,2330176052,140736551714816,140736551714816,1234194,1171456,,,,,,,,,,,,,,,,,,,,,,,,,,,,,,,,,,,,,,,,,,,,,,,,,,,,,,,,,,,,,,,,,,,,,,,
"2025-09-02 15:13:23.8918758Z","ETW","Microsoft-Windows-Kernel-Process",5,"ImageLoadInfo ",13192,1244,"WerFault.exe",,,,"C:\Windows\System32\fcon.dll",,,,,,,,,,,,[{"addr":140736918203828,"idx":0},{"addr":140736917192506,"idx":1},{"addr":140736917191278,"idx":2},{"addr":140736917210764,"idx":3},{"addr":140736917202269,"idx":4},{"addr":140736917259140,"idx":5},{"addr":140736916785248,"idx":6},{"addr":140736916784352,"idx":7},{"addr":140736917101952,"idx":8},{"addr":140736872000198,"idx":9},{"addr":140736909363845,"idx":10},{"addr":140736909362547,"idx":11},{"addr":140736909531736,"idx":12},{"addr":140736909521735,"idx":13},{"addr":140736909520558,"idx":14},{"addr":140736909517865,"idx":15},{"addr":140736551837437,"idx":16},{"addr":140736551843973,"idx":17},{"addr":140736551845302,"idx":18},{"addr":140736551787620,"idx":19},{"addr":140736551792080,"idx":20},{"addr":140736823886683,"idx":21},{"addr":140736823334912,"idx":22},{"addr":140736823332406,"idx":23},{"addr":140736823697833,"idx":24},{"addr":140736823706172,"idx":25},{"addr":140736823706833,"idx":26},{"addr":140736823729360,"idx":27},{"addr":140736823460411,"idx":28},{"addr":140736823674498,"idx":29},{"addr":140736823587658,"idx":30},{"addr":140733981343415,"idx":31},{"addr":140733981360014,"idx":32},{"addr":140733981359838,"idx":33},{"addr":140733981332330,"idx":34},{"addr":140702874837458,"idx":35},{"addr":140702874561549,"idx":36},{"addr":140702874566272,"idx":37},{"addr":140702874543067,"idx":38},{"addr":140736897083607,"idx":39},{"addr":140736916996940,"idx":40}],,,,,,,,,13192,,,,,,,,,,,,,,,,,,,,,,,,,,,,,,,,,,,,3641107254,140736550862848,140736550862848,797216,798720,,,,,,,,,,,,,,,,,,,,,,,,,,,,,,,,,,,,,,,,,,,,,,,,,,,,,,,,,,,,,,,,,,,,,,,
"2025-09-02 15:13:23.8945302Z","ETW","Microsoft-Windows-Kernel-Process",6,"ImageUnloadInfo ",13192,1244,"WerFault.exe",,,,"C:\Windows\System32\fcon.dll",,,,,,,,,,,,[{"addr":140736918203892,"idx":0},{"addr":140736917028534,"idx":1},{"addr":140736916779098,"idx":2},{"addr":140736916773567,"idx":3},{"addr":140736872000489,"idx":4},{"addr":140736909949854,"idx":5},{"addr":140736909944133,"idx":6},{"addr":140736909367016,"idx":7},{"addr":140736909232512,"idx":8},{"addr":140736909233542,"idx":9},{"addr":140736909233853,"idx":10},{"addr":140736909930487,"idx":11},{"addr":140736823886994,"idx":12},{"addr":140736823334912,"idx":13},{"addr":140736823332406,"idx":14},{"addr":140736823697833,"idx":15},{"addr":140736823706172,"idx":16},{"addr":140736823706833,"idx":17},{"addr":140736823729360,"idx":18},{"addr":140736823460411,"idx":19},{"addr":140736823674498,"idx":20},{"addr":140736823587658,"idx":21},{"addr":140733981343415,"idx":22},{"addr":140733981360014,"idx":23},{"addr":140733981359838,"idx":24},{"addr":140733981332330,"idx":25},{"addr":140702874837458,"idx":26},{"addr":140702874561549,"idx":27},{"addr":140702874566272,"idx":28},{"addr":140702874543067,"idx":29},{"addr":140736897083607,"idx":30},{"addr":140736916996940,"idx":31}],,,,,,,,,13192,,,,,,,,,,,,,,,,,,,,,,,,,,,,,,,,,,,,3641107254,140736550862848,140736550862848,797216,811008,,,,,,,,,,,,,,,,,,,,,,,,,,,,,,,,,,,,,,,,,,,,,,,,,,,,,,,,,,,,,,,,,,,,,,,
"2025-09-02 15:13:23.8946720Z","ETW","Microsoft-Windows-Kernel-Process",6,"ImageUnloadInfo ",13192,1244,"WerFault.exe",,,,"C:\Windows\System32\FlightSettings.dll",,,,,,,,,,,,[{"addr":140736918203892,"idx":0},{"addr":140736917028534,"idx":1},{"addr":140736916779098,"idx":2},{"addr":140736916773567,"idx":3},{"addr":140736872000489,"idx":4},{"addr":140736909949854,"idx":5},{"addr":140736909944133,"idx":6},{"addr":140736909367016,"idx":7},{"addr":140736909232512,"idx":8},{"addr":140736909233542,"idx":9},{"addr":140736909233853,"idx":10},{"addr":140736909930487,"idx":11},{"addr":140736823886994,"idx":12},{"addr":140736823334912,"idx":13},{"addr":140736823332406,"idx":14},{"addr":140736823697833,"idx":15},{"addr":140736823706172,"idx":16},{"addr":140736823706833,"idx":17},{"addr":140736823729360,"idx":18},{"addr":140736823460411,"idx":19},{"addr":140736823674498,"idx":20},{"addr":140736823587658,"idx":21},{"addr":140733981343415,"idx":22},{"addr":140733981360014,"idx":23},{"addr":140733981359838,"idx":24},{"addr":140733981332330,"idx":25},{"addr":140702874837458,"idx":26},{"addr":140702874561549,"idx":27},{"addr":140702874566272,"idx":28},{"addr":140702874543067,"idx":29},{"addr":140736897083607,"idx":30},{"addr":140736916996940,"idx":31}],,,,,,,,,13192,,,,,,,,,,,,,,,,,,,,,,,,,,,,,,,,,,,,2330176052,140736551714816,140736551714816,1234194,1183744,,,,,,,,,,,,,,,,,,,,,,,,,,,,,,,,,,,,,,,,,,,,,,,,,,,,,,,,,,,,,,,,,,,,,,,
"2025-09-02 15:13:23.8952168Z","ETW","Microsoft-Windows-Kernel-Process",5,"ImageLoadInfo ",13192,1244,"WerFault.exe",,,,"C:\Windows\System32\fcon.dll",,,,,,,,,,,,[{"addr":140736918203828,"idx":0},{"addr":140736917192506,"idx":1},{"addr":140736917191278,"idx":2},{"addr":140736917210764,"idx":3},{"addr":140736917202269,"idx":4},{"addr":140736917259140,"idx":5},{"addr":140736916785248,"idx":6},{"addr":140736916784352,"idx":7},{"addr":140736917101952,"idx":8},{"addr":140736872000198,"idx":9},{"addr":140736909363845,"idx":10},{"addr":140736909362547,"idx":11},{"addr":140736909531736,"idx":12},{"addr":140736909521735,"idx":13},{"addr":140736909520558,"idx":14},{"addr":140736909517865,"idx":15},{"addr":140736823881539,"idx":16},{"addr":140736823486906,"idx":17},{"addr":140736823334942,"idx":18},{"addr":140736823332406,"idx":19},{"addr":140736823697833,"idx":20},{"addr":140736823706172,"idx":21},{"addr":140736823706833,"idx":22},{"addr":140736823729360,"idx":23},{"addr":140736823460411,"idx":24},{"addr":140736823674498,"idx":25},{"addr":140736823587658,"idx":26},{"addr":140733981343415,"idx":27},{"addr":140733981360014,"idx":28},{"addr":140733981359838,"idx":29},{"addr":140733981332330,"idx":30},{"addr":140702874837458,"idx":31},{"addr":140702874561549,"idx":32},{"addr":140702874566272,"idx":33},{"addr":140702874543067,"idx":34},{"addr":140736897083607,"idx":35},{"addr":140736916996940,"idx":36}],,,,,,,,,13192,,,,,,,,,,,,,,,,,,,,,,,,,,,,,,,,,,,,3641107254,140736550862848,140736550862848,797216,798720,,,,,,,,,,,,,,,,,,,,,,,,,,,,,,,,,,,,,,,,,,,,,,,,,,,,,,,,,,,,,,,,,,,,,,,
"2025-09-02 15:13:24.0158091Z","ETW","Microsoft-Windows-Kernel-Process",6,"ImageUnloadInfo ",13192,1244,"WerFault.exe",,,,"C:\Windows\System32\fcon.dll",,,,,,,,,,,,[{"addr":140736918203892,"idx":0},{"addr":140736917028534,"idx":1},{"addr":140736916779098,"idx":2},{"addr":140736916773567,"idx":3},{"addr":140736872000489,"idx":4},{"addr":140736909949854,"idx":5},{"addr":140736909944133,"idx":6},{"addr":140736909367016,"idx":7},{"addr":140736909232512,"idx":8},{"addr":140736909233542,"idx":9},{"addr":140736909233853,"idx":10},{"addr":140736909930487,"idx":11},{"addr":140736909930057,"idx":12},{"addr":140736823487209,"idx":13},{"addr":140736823334942,"idx":14},{"addr":140736823332406,"idx":15},{"addr":140736823697833,"idx":16},{"addr":140736823706172,"idx":17},{"addr":140736823706833,"idx":18},{"addr":140736823729360,"idx":19},{"addr":140736823460411,"idx":20},{"addr":140736823674498,"idx":21},{"addr":140736823587658,"idx":22},{"addr":140733981343415,"idx":23},{"addr":140733981360014,"idx":24},{"addr":140733981359838,"idx":25},{"addr":140733981332330,"idx":26},{"addr":140702874837458,"idx":27},{"addr":140702874561549,"idx":28},{"addr":140702874566272,"idx":29},{"addr":140702874543067,"idx":30},{"addr":140736897083607,"idx":31},{"addr":140736916996940,"idx":32}],,,,,,,,,13192,,,,,,,,,,,,,,,,,,,,,,,,,,,,,,,,,,,,3641107254,140736550862848,140736550862848,797216,811008,,,,,,,,,,,,,,,,,,,,,,,,,,,,,,,,,,,,,,,,,,,,,,,,,,,,,,,,,,,,,,,,,,,,,,,
"2025-09-02 15:13:24.0164961Z","ETW","Microsoft-Windows-Kernel-Process",5,"ImageLoadInfo ",13192,1244,"WerFault.exe",,,,"C:\Windows\System32\twinapi.appcore.dll",,,,,,,,,,,,[{"addr":140736918203828,"idx":0},{"addr":140736917192506,"idx":1},{"addr":140736917191278,"idx":2},{"addr":140736917210764,"idx":3},{"addr":140736917202269,"idx":4},{"addr":140736917259140,"idx":5},{"addr":140736916785248,"idx":6},{"addr":140736916784352,"idx":7},{"addr":140736917101952,"idx":8},{"addr":140736872000198,"idx":9},{"addr":140736909363845,"idx":10},{"addr":140736909362547,"idx":11},{"addr":140736909531736,"idx":12},{"addr":140736909524833,"idx":13},{"addr":140736909523551,"idx":14},{"addr":140736823419438,"idx":15},{"addr":140736823335119,"idx":16},{"addr":140736823332406,"idx":17},{"addr":140736823697833,"idx":18},{"addr":140736823706172,"idx":19},{"addr":140736823706833,"idx":20},{"addr":140736823729360,"idx":21},{"addr":140736823460411,"idx":22},{"addr":140736823674498,"idx":23},{"addr":140736823587658,"idx":24},{"addr":140733981343415,"idx":25},{"addr":140733981360014,"idx":26},{"addr":140733981359838,"idx":27},{"addr":140733981332330,"idx":28},{"addr":140702874837458,"idx":29},{"addr":140702874561549,"idx":30},{"addr":140702874566272,"idx":31},{"addr":140702874543067,"idx":32},{"addr":140736897083607,"idx":33},{"addr":140736916996940,"idx":34}],,,,,,,,,13192,,,,,,,,,,,,,,,,,,,,,,,,,,,,,,,,,,,,2889134449,140736717651968,140736717651968,2408796,2326528,,,,,,,,,,,,,,,,,,,,,,,,,,,,,,,,,,,,,,,,,,,,,,,,,,,,,,,,,,,,,,,,,,,,,,,
"2025-09-02 15:13:24.0173110Z","ETW","Microsoft-Windows-Kernel-Process",5,"ImageLoadInfo ",13192,1244,"WerFault.exe",,,,"C:\Windows\System32\policymanager.dll",,,,,,,,,,,,[{"addr":140736918203828,"idx":0},{"addr":140736917192506,"idx":1},{"addr":140736917191278,"idx":2},{"addr":140736917210764,"idx":3},{"addr":140736917202269,"idx":4},{"addr":140736917259140,"idx":5},{"addr":140736916785248,"idx":6},{"addr":140736916786774,"idx":7},{"addr":140736917021315,"idx":8},{"addr":140736917023197,"idx":9},{"addr":140736718090018,"idx":10},{"addr":140736718350868,"idx":11},{"addr":140736717923752,"idx":12},{"addr":140736823419476,"idx":13},{"addr":140736823335119,"idx":14},{"addr":140736823332406,"idx":15},{"addr":140736823697833,"idx":16},{"addr":140736823706172,"idx":17},{"addr":140736823706833,"idx":18},{"addr":140736823729360,"idx":19},{"addr":140736823460411,"idx":20},{"addr":140736823674498,"idx":21},{"addr":140736823587658,"idx":22},{"addr":140733981343415,"idx":23},{"addr":140733981360014,"idx":24},{"addr":140733981359838,"idx":25},{"addr":140733981332330,"idx":26},{"addr":140702874837458,"idx":27},{"addr":140702874561549,"idx":28},{"addr":140702874566272,"idx":29},{"addr":140702874543067,"idx":30},{"addr":140736897083607,"idx":31},{"addr":140736916996940,"idx":32}],,,,,,,,,13192,,,,,,,,,,,,,,,,,,,,,,,,,,,,,,,,,,,,2757975175,140736805928960,140736805928960,801211,737280,,,,,,,,,,,,,,,,,,,,,,,,,,,,,,,,,,,,,,,,,,,,,,,,,,,,,,,,,,,,,,,,,,,,,,,
"2025-09-02 15:13:24.0177809Z","ETW","Microsoft-Windows-Kernel-Process",5,"ImageLoadInfo ",13192,15480,"WerFault.exe",,,,"C:\Windows\System32\msvcp110_win.dll",,,,,,,,,,,,[{"addr":140736918203828,"idx":0},{"addr":140736917192506,"idx":1},{"addr":140736917191278,"idx":2},{"addr":140736917210764,"idx":3},{"addr":140736917201516,"idx":4},{"addr":140736917258922,"idx":5},{"addr":140736917255216,"idx":6},{"addr":140736917350945,"idx":7},{"addr":140736897083607,"idx":8},{"addr":140736916996940,"idx":9}],,,,,,,,,13192,,,,,,,,,,,,,,,,,,,,,,,,,,,,,,,,,,,,3464179610,140736793542656,140736793542656,602786,593920,,,,,,,,,,,,,,,,,,,,,,,,,,,,,,,,,,,,,,,,,,,,,,,,,,,,,,,,,,,,,,,,,,,,,,,
"2025-09-02 15:13:24.0190204Z","ETW","Microsoft-Windows-Kernel-Process",6,"ImageUnloadInfo ",13192,1244,"WerFault.exe",,,,"C:\Windows\System32\msvcp110_win.dll",,,,,,,,,,,,[{"addr":140736918203892,"idx":0},{"addr":140736917028534,"idx":1},{"addr":140736916779098,"idx":2},{"addr":140736916769422,"idx":3},{"addr":140736916769266,"idx":4},{"addr":140736916769266,"idx":5},{"addr":140736916768404,"idx":6},{"addr":140736916773680,"idx":7},{"addr":140736872000489,"idx":8},{"addr":140736909949854,"idx":9},{"addr":140736909944133,"idx":10},{"addr":140736909367016,"idx":11},{"addr":140736909232512,"idx":12},{"addr":140736909233542,"idx":13},{"addr":140736909233853,"idx":14},{"addr":140736909930487,"idx":15},{"addr":140736909930057,"idx":16},{"addr":140736823419569,"idx":17},{"addr":140736823335119,"idx":18},{"addr":140736823332406,"idx":19},{"addr":140736823697833,"idx":20},{"addr":140736823706172,"idx":21},{"addr":140736823706833,"idx":22},{"addr":140736823729360,"idx":23},{"addr":140736823460411,"idx":24},{"addr":140736823674498,"idx":25},{"addr":140736823587658,"idx":26},{"addr":140733981343415,"idx":27},{"addr":140733981360014,"idx":28},{"addr":140733981359838,"idx":29},{"addr":140733981332330,"idx":30},{"addr":140702874837458,"idx":31},{"addr":140702874561549,"idx":32},{"addr":140702874566272,"idx":33},{"addr":140702874543067,"idx":34},{"addr":140736897083607,"idx":35},{"addr":140736916996940,"idx":36}],,,,,,,,,13192,,,,,,,,,,,,,,,,,,,,,,,,,,,,,,,,,,,,3464179610,140736793542656,140736793542656,602786,606208,,,,,,,,,,,,,,,,,,,,,,,,,,,,,,,,,,,,,,,,,,,,,,,,,,,,,,,,,,,,,,,,,,,,,,,
"2025-09-02 15:13:24.0190753Z","ETW","Microsoft-Windows-Kernel-Process",6,"ImageUnloadInfo ",13192,1244,"WerFault.exe",,,,"C:\Windows\System32\policymanager.dll",,,,,,,,,,,,[{"addr":140736918203892,"idx":0},{"addr":140736917028534,"idx":1},{"addr":140736916779098,"idx":2},{"addr":140736916769422,"idx":3},{"addr":140736916769266,"idx":4},{"addr":140736916768404,"idx":5},{"addr":140736916773680,"idx":6},{"addr":140736872000489,"idx":7},{"addr":140736909949854,"idx":8},{"addr":140736909944133,"idx":9},{"addr":140736909367016,"idx":10},{"addr":140736909232512,"idx":11},{"addr":140736909233542,"idx":12},{"addr":140736909233853,"idx":13},{"addr":140736909930487,"idx":14},{"addr":140736909930057,"idx":15},{"addr":140736823419569,"idx":16},{"addr":140736823335119,"idx":17},{"addr":140736823332406,"idx":18},{"addr":140736823697833,"idx":19},{"addr":140736823706172,"idx":20},{"addr":140736823706833,"idx":21},{"addr":140736823729360,"idx":22},{"addr":140736823460411,"idx":23},{"addr":140736823674498,"idx":24},{"addr":140736823587658,"idx":25},{"addr":140733981343415,"idx":26},{"addr":140733981360014,"idx":27},{"addr":140733981359838,"idx":28},{"addr":140733981332330,"idx":29},{"addr":140702874837458,"idx":30},{"addr":140702874561549,"idx":31},{"addr":140702874566272,"idx":32},{"addr":140702874543067,"idx":33},{"addr":140736897083607,"idx":34},{"addr":140736916996940,"idx":35}],,,,,,,,,13192,,,,,,,,,,,,,,,,,,,,,,,,,,,,,,,,,,,,2757975175,140736805928960,140736805928960,801211,749568,,,,,,,,,,,,,,,,,,,,,,,,,,,,,,,,,,,,,,,,,,,,,,,,,,,,,,,,,,,,,,,,,,,,,,,
"2025-09-02 15:13:24.0191517Z","ETW","Microsoft-Windows-Kernel-Process",6,"ImageUnloadInfo ",13192,1244,"WerFault.exe",,,,"C:\Windows\System32\twinapi.appcore.dll",,,,,,,,,,,,[{"addr":140736918203892,"idx":0},{"addr":140736917028534,"idx":1},{"addr":140736916779098,"idx":2},{"addr":140736916773567,"idx":3},{"addr":140736872000489,"idx":4},{"addr":140736909949854,"idx":5},{"addr":140736909944133,"idx":6},{"addr":140736909367016,"idx":7},{"addr":140736909232512,"idx":8},{"addr":140736909233542,"idx":9},{"addr":140736909233853,"idx":10},{"addr":140736909930487,"idx":11},{"addr":140736909930057,"idx":12},{"addr":140736823419569,"idx":13},{"addr":140736823335119,"idx":14},{"addr":140736823332406,"idx":15},{"addr":140736823697833,"idx":16},{"addr":140736823706172,"idx":17},{"addr":140736823706833,"idx":18},{"addr":140736823729360,"idx":19},{"addr":140736823460411,"idx":20},{"addr":140736823674498,"idx":21},{"addr":140736823587658,"idx":22},{"addr":140733981343415,"idx":23},{"addr":140733981360014,"idx":24},{"addr":140733981359838,"idx":25},{"addr":140733981332330,"idx":26},{"addr":140702874837458,"idx":27},{"addr":140702874561549,"idx":28},{"addr":140702874566272,"idx":29},{"addr":140702874543067,"idx":30},{"addr":140736897083607,"idx":31},{"addr":140736916996940,"idx":32}],,,,,,,,,13192,,,,,,,,,,,,,,,,,,,,,,,,,,,,,,,,,,,,2889134449,140736717651968,140736717651968,2408796,2338816,,,,,,,,,,,,,,,,,,,,,,,,,,,,,,,,,,,,,,,,,,,,,,,,,,,,,,,,,,,,,,,,,,,,,,,
"2025-09-02 15:13:24.0198525Z","ETW","Microsoft-Windows-Kernel-File",30,"CreateNewFileInfo ",13192,1244,"WerFault.exe",,,,"C:\ProgramData\Microsoft\Windows\WER\ReportArchive\AppCrash_Microsoft.Window_e82bfbd3489be79ba29f5035ea4671078aadd_e54bc80b_c780921b-ea29-49a1-81ce-210b5f99b1bc\Report.wer",,,,,,,,,,,,[{"addr":140736918205268,"idx":0},{"addr":140736872716567,"idx":1},{"addr":140736872407957,"idx":2},{"addr":140736823268592,"idx":3},{"addr":140736823698006,"idx":4},{"addr":140736823706172,"idx":5},{"addr":140736823706833,"idx":6},{"addr":140736823729360,"idx":7},{"addr":140736823460411,"idx":8},{"addr":140736823674498,"idx":9},{"addr":140736823587658,"idx":10},{"addr":140733981343415,"idx":11},{"addr":140733981360014,"idx":12},{"addr":140733981359838,"idx":13},{"addr":140733981332330,"idx":14},{"addr":140702874837458,"idx":15},{"addr":140702874561549,"idx":16},{"addr":140702874566272,"idx":17},{"addr":140702874543067,"idx":18},{"addr":140736897083607,"idx":19},{"addr":140736916996940,"idx":20}],128,50331744,18446660010974011952,18446660011199738104,1244,0,,,,,,,,,,,,,,,,,,,,,,,,,,,,,,,,,,,,,,,,,,,,,,,,,,,,,,,,,,,,,,,,,,,,,,,,,,,,,,,,,,,,,,,,,,,,,,,,,,,,,,,,,,,,,,,,,,
"2025-09-02 15:13:24.0198677Z","ETW","Microsoft-Windows-Kernel-File",10,"NameCreateInfo ",13192,1244,"WerFault.exe",,,,"C:\ProgramData\Microsoft\Windows\WER\ReportArchive\AppCrash_Microsoft.Window_e82bfbd3489be79ba29f5035ea4671078aadd_e54bc80b_c780921b-ea29-49a1-81ce-210b5f99b1bc\Report.wer",,,,,,,,,,,,[{"addr":140736918205268,"idx":0},{"addr":140736872716567,"idx":1},{"addr":140736872407957,"idx":2},{"addr":140736823268592,"idx":3},{"addr":140736823698006,"idx":4},{"addr":140736823706172,"idx":5},{"addr":140736823706833,"idx":6},{"addr":140736823729360,"idx":7},{"addr":140736823460411,"idx":8},{"addr":140736823674498,"idx":9},{"addr":140736823587658,"idx":10},{"addr":140733981343415,"idx":11},{"addr":140733981360014,"idx":12},{"addr":140733981359838,"idx":13},{"addr":140733981332330,"idx":14},{"addr":140702874837458,"idx":15},{"addr":140702874561549,"idx":16},{"addr":140702874566272,"idx":17},{"addr":140702874543067,"idx":18},{"addr":140736897083607,"idx":19},{"addr":140736916996940,"idx":20}],,,,,,,18446708904700584304,,,,,,,,,,,,,,,,,,,,,,,,,,,,,,,,,,,,,,,,,,,,,,,,,,,,,,,,,,,,,,,,,,,,,,,,,,,,,,,,,,,,,,,,,,,,,,,,,,,,,,,,,,,,,,,,,
"2025-09-02 15:13:24.0347779Z","ETW","Microsoft-Windows-Kernel-File",30,"CreateNewFileInfo ",13192,1244,"WerFault.exe",,,,"C:\ProgramData\Microsoft\Windows\WER\ReportArchive\AppCrash_Microsoft.Window_e82bfbd3489be79ba29f5035ea4671078aadd_e54bc80b_c780921b-ea29-49a1-81ce-210b5f99b1bc\4e609320-768c-443b-8dbd-bf7441fc1a8a",,,,,,,,,,,,[{"addr":140736918205268,"idx":0},{"addr":140736823279700,"idx":1},{"addr":140736823706900,"idx":2},{"addr":140736823729360,"idx":3},{"addr":140736823460411,"idx":4},{"addr":140736823674498,"idx":5},{"addr":140736823587658,"idx":6},{"addr":140733981343415,"idx":7},{"addr":140733981360014,"idx":8},{"addr":140733981359838,"idx":9},{"addr":140733981332330,"idx":10},{"addr":140702874837458,"idx":11},{"addr":140702874561549,"idx":12},{"addr":140702874566272,"idx":13},{"addr":140702874543067,"idx":14},{"addr":140736897083607,"idx":15},{"addr":140736916996940,"idx":16}],128,33558528,18446660010974066752,18446660011199738104,1244,0,,,,,,,,,,,,,,,,,,,,,,,,,,,,,,,,,,,,,,,,,,,,,,,,,,,,,,,,,,,,,,,,,,,,,,,,,,,,,,,,,,,,,,,,,,,,,,,,,,,,,,,,,,,,,,,,,,
"2025-09-02 15:13:24.0347912Z","ETW","Microsoft-Windows-Kernel-File",10,"NameCreateInfo ",13192,1244,"WerFault.exe",,,,"C:\ProgramData\Microsoft\Windows\WER\ReportArchive\AppCrash_Microsoft.Window_e82bfbd3489be79ba29f5035ea4671078aadd_e54bc80b_c780921b-ea29-49a1-81ce-210b5f99b1bc\4e609320-768c-443b-8dbd-bf7441fc1a8a",,,,,,,,,,,,[{"addr":140736918205268,"idx":0},{"addr":140736823279700,"idx":1},{"addr":140736823706900,"idx":2},{"addr":140736823729360,"idx":3},{"addr":140736823460411,"idx":4},{"addr":140736823674498,"idx":5},{"addr":140736823587658,"idx":6},{"addr":140733981343415,"idx":7},{"addr":140733981360014,"idx":8},{"addr":140733981359838,"idx":9},{"addr":140733981332330,"idx":10},{"addr":140702874837458,"idx":11},{"addr":140702874561549,"idx":12},{"addr":140702874566272,"idx":13},{"addr":140702874543067,"idx":14},{"addr":140736897083607,"idx":15},{"addr":140736916996940,"idx":16}],,,,,,,18446708904371133296,,,,,,,,,,,,,,,,,,,,,,,,,,,,,,,,,,,,,,,,,,,,,,,,,,,,,,,,,,,,,,,,,,,,,,,,,,,,,,,,,,,,,,,,,,,,,,,,,,,,,,,,,,,,,,,,,
"2025-09-02 15:13:24.0379144Z","ETW","Microsoft-Windows-Kernel-Process",4,"ThreadStopStop ",13192,3616,"WerFault.exe",,,,,,,,,,,,,,,,[],,,,,,,,14906260,13192,18446639081578541056,18446639081578516480,140736917348896,0,549625053184,3616,549630509056,549630480384,140736917348896,,,,,,,,,,,,,,,,,,,,,,,,,,,,,,,,,,,,,,,,,,,,,,,,,,,,,,,,,,,,,,,,,,,,,,,,,,,,,,,,,,,,,,,,,,,,,,,,,,,,,,
"2025-09-02 15:13:24.0379345Z","ETW","Microsoft-Windows-Kernel-Process",4,"ThreadStopStop ",13192,12448,"WerFault.exe",,,,,,,,,,,,,,,,[],,,,,,,,9521660,13192,18446639081576185856,18446639081576161280,140736917348896,0,549625036800,12448,549629460480,549629440000,140736917348896,,,,,,,,,,,,,,,,,,,,,,,,,,,,,,,,,,,,,,,,,,,,,,,,,,,,,,,,,,,,,,,,,,,,,,,,,,,,,,,,,,,,,,,,,,,,,,,,,,,,,,
"2025-09-02 15:13:24.0379636Z","ETW","Microsoft-Windows-Kernel-Process",4,"ThreadStopStop ",13192,16920,"WerFault.exe",,,,,,,,,,,,,,,,[],,,,,,,,53040400,13192,18446639081576931328,18446639081576906752,140736917348896,0,549625028608,16920,549628936192,549628911616,140736917348896,,,,,,,,,,,,,,,,,,,,,,,,,,,,,,,,,,,,,,,,,,,,,,,,,,,,,,,,,,,,,,,,,,,,,,,,,,,,,,,,,,,,,,,,,,,,,,,,,,,,,,
"2025-09-02 15:13:24.0380285Z","ETW","Microsoft-Windows-Kernel-Process",4,"ThreadStopStop ",13192,17800,"WerFault.exe",,,,,,,,,,,,,,,,[],,,,,,,,259920,13192,18446639081575813120,18446639081575788544,140736910320112,0,549625020416,17800,549628411904,549628403712,140736910320112,,,,,,,,,,,,,,,,,,,,,,,,,,,,,,,,,,,,,,,,,,,,,,,,,,,,,,,,,,,,,,,,,,,,,,,,,,,,,,,,,,,,,,,,,,,,,,,,,,,,,,
"2025-09-02 15:13:24.0380540Z","ETW","Microsoft-Windows-Kernel-Process",4,"ThreadStopStop ",13192,20204,"WerFault.exe",,,,,,,,,,,,,,,,[],,,,,,,,262580,13192,18446639081576644608,18446639081576620032,140736917348896,0,549625012224,20204,549627887616,549627879424,140736917348896,,,,,,,,,,,,,,,,,,,,,,,,,,,,,,,,,,,,,,,,,,,,,,,,,,,,,,,,,,,,,,,,,,,,,,,,,,,,,,,,,,,,,,,,,,,,,,,,,,,,,,
"2025-09-02 15:13:24.0380655Z","ETW","Microsoft-Windows-Kernel-Process",4,"ThreadStopStop ",13192,22064,"WerFault.exe",,,,,,,,,,,,,,,,[],,,,,,,,26945040,13192,18446639081576013824,18446639081575989248,140736917348896,0,549625004032,22064,549627363328,549627355136,140736917348896,,,,,,,,,,,,,,,,,,,,,,,,,,,,,,,,,,,,,,,,,,,,,,,,,,,,,,,,,,,,,,,,,,,,,,,,,,,,,,,,,,,,,,,,,,,,,,,,,,,,,,
"2025-09-02 15:13:24.0380809Z","ETW","Microsoft-Windows-Kernel-Process",4,"ThreadStopStop ",13192,21732,"WerFault.exe",,,,,,,,,,,,,,,,[],,,,,,,,25557280,13192,18446639081576615936,18446639081576591360,140736917348896,0,549624995840,21732,549626839040,549626830848,140736917348896,,,,,,,,,,,,,,,,,,,,,,,,,,,,,,,,,,,,,,,,,,,,,,,,,,,,,,,,,,,,,,,,,,,,,,,,,,,,,,,,,,,,,,,,,,,,,,,,,,,,,,
"2025-09-02 15:13:24.0381339Z","ETW","Microsoft-Windows-Kernel-Process",4,"ThreadStopStop ",13192,15480,"WerFault.exe",,,,,,,,,,,,,,,,[],,,,,,,,25647340,13192,18446639081576357888,18446639081576333312,140736917348896,0,549624987648,15480,549626314752,549626302464,140736917348896,,,,,,,,,,,,,,,,,,,,,,,,,,,,,,,,,,,,,,,,,,,,,,,,,,,,,,,,,,,,,,,,,,,,,,,,,,,,,,,,,,,,,,,,,,,,,,,,,,,,,,
"2025-09-02 15:13:24.0395941Z","ETW","Microsoft-Windows-Kernel-Process",4,"ThreadStopStop ",13192,1244,"WerFault.exe",,,,,,,,,,,,,,,,[],,,,,,,,1980521620,13192,18446639081576128512,18446639081576103936,140702874543200,0,549624979456,1244,549623431168,549623353344,140702874543200,,,,,,,,,,,,,,,,,,,,,,,,,,,,,,,,,,,,,,,,,,,,,,,,,,,,,,,,,,,,,,,,,,,,,,,,,,,,,,,,,,,,,,,,,,,,,,,,,,,,,,
"2025-09-02 15:13:24.0409672Z","ETW","Microsoft-Windows-Kernel-Process",6,"ImageUnloadInfo ",13192,1244,"WerFault.exe",,,,"C:\Windows\System32\WerFault.exe",,,,,,,,,,,,[],,,,,,,,,13192,,,,,,,,,,,,,,,,,,,,,,,,,,,,,,,,,,,,3409185830,140702874533888,140702874533888,703605,655360,,,,,,,,,,,,,,,,,,,,,,,,,,,,,,,,,,,,,,,,,,,,,,,,,,,,,,,,,,,,,,,,,,,,,,,
"2025-09-02 15:13:24.0409788Z","ETW","Microsoft-Windows-Kernel-Process",6,"ImageUnloadInfo ",13192,1244,"WerFault.exe",,,,"C:\Windows\System32\Faultrep.dll",,,,,,,,,,,,[],,,,,,,,,13192,,,,,,,,,,,,,,,,,,,,,,,,,,,,,,,,,,,,2440977292,140733981261824,140733981261824,551544,540672,,,,,,,,,,,,,,,,,,,,,,,,,,,,,,,,,,,,,,,,,,,,,,,,,,,,,,,,,,,,,,,,,,,,,,,
"2025-09-02 15:13:24.0409928Z","ETW","Microsoft-Windows-Kernel-Process",6,"ImageUnloadInfo ",13192,1244,"WerFault.exe",,,,"C:\Windows\System32\dbgcore.dll",,,,,,,,,,,,[],,,,,,,,,13192,,,,,,,,,,,,,,,,,,,,,,,,,,,,,,,,,,,,280716678,140735244730368,140735244730368,298864,274432,,,,,,,,,,,,,,,,,,,,,,,,,,,,,,,,,,,,,,,,,,,,,,,,,,,,,,,,,,,,,,,,,,,,,,,
"2025-09-02 15:13:24.0410013Z","ETW","Microsoft-Windows-Kernel-Process",6,"ImageUnloadInfo ",13192,1244,"WerFault.exe",,,,"C:\Windows\System32\dbghelp.dll",,,,,,,,,,,,[],,,,,,,,,13192,,,,,,,,,,,,,,,,,,,,,,,,,,,,,,,,,,,,3489723753,140735965233152,140735965233152,2305535,2363392,,,,,,,,,,,,,,,,,,,,,,,,,,,,,,,,,,,,,,,,,,,,,,,,,,,,,,,,,,,,,,,,,,,,,,,
"2025-09-02 15:13:24.0410051Z","ETW","Microsoft-Windows-Kernel-Process",6,"ImageUnloadInfo ",13192,1244,"WerFault.exe",,,,"C:\Windows\WinSxS\amd64_microsoft.windows.common-controls_6595b64144ccf1df_6.0.26100.4768_none_3e0c112ce331287c\comctl32.dll",,,,,,,,,,,,[],,,,,,,,,13192,,,,,,,,,,,,,,,,,,,,,,,,,,,,,,,,,,,,688105963,140736430997504,140736430997504,2751895,2727936,,,,,,,,,,,,,,,,,,,,,,,,,,,,,,,,,,,,,,,,,,,,,,,,,,,,,,,,,,,,,,,,,,,,,,,
"2025-09-02 15:13:24.0410127Z","ETW","Microsoft-Windows-Kernel-Process",6,"ImageUnloadInfo ",13192,1244,"WerFault.exe",,,,"C:\Windows\System32\netapi32.dll",,,,,,,,,,,,[],,,,,,,,,13192,,,,,,,,,,,,,,,,,,,,,,,,,,,,,,,,,,,,2053609766,140736554663936,140736554663936,142018,106496,,,,,,,,,,,,,,,,,,,,,,,,,,,,,,,,,,,,,,,,,,,,,,,,,,,,,,,,,,,,,,,,,,,,,,,
"2025-09-02 15:13:24.0410218Z","ETW","Microsoft-Windows-Kernel-Process",6,"ImageUnloadInfo ",13192,1244,"WerFault.exe",,,,"C:\Windows\System32\CorePrivacySettingsStore.dll",,,,,,,,,,,,[],,,,,,,,,13192,,,,,,,,,,,,,,,,,,,,,,,,,,,,,,,,,,,,2978004593,140736557481984,140736557481984,263379,196608,,,,,,,,,,,,,,,,,,,,,,,,,,,,,,,,,,,,,,,,,,,,,,,,,,,,,,,,,,,,,,,,,,,,,,,
"2025-09-02 15:13:24.0410322Z","ETW","Microsoft-Windows-Kernel-Process",6,"ImageUnloadInfo ",13192,1244,"WerFault.exe",,,,"C:\Windows\System32\DiagnosticDataSettings.dll",,,,,,,,,,,,[],,,,,,,,,13192,,,,,,,,,,,,,,,,,,,,,,,,,,,,,,,,,,,,956088925,140736564297728,140736564297728,74321,61440,,,,,,,,,,,,,,,,,,,,,,,,,,,,,,,,,,,,,,,,,,,,,,,,,,,,,,,,,,,,,,,,,,,,,,,
"2025-09-02 15:13:24.0410399Z","ETW","Microsoft-Windows-Kernel-Process",6,"ImageUnloadInfo ",13192,1244,"WerFault.exe",,,,"C:\Windows\System32\cryptnet.dll",,,,,,,,,,,,[],,,,,,,,,13192,,,,,,,,,,,,,,,,,,,,,,,,,,,,,,,,,,,,1579831675,140736659390464,140736659390464,270454,241664,,,,,,,,,,,,,,,,,,,,,,,,,,,,,,,,,,,,,,,,,,,,,,,,,,,,,,,,,,,,,,,,,,,,,,,
"2025-09-02 15:13:24.0410473Z","ETW","Microsoft-Windows-Kernel-Process",6,"ImageUnloadInfo ",13192,1244,"WerFault.exe",,,,"C:\Windows\System32\xmllite.dll",,,,,,,,,,,,[],,,,,,,,,13192,,,,,,,,,,,,,,,,,,,,,,,,,,,,,,,,,,,,1846490767,140736697008128,140736697008128,345217,315392,,,,,,,,,,,,,,,,,,,,,,,,,,,,,,,,,,,,,,,,,,,,,,,,,,,,,,,,,,,,,,,,,,,,,,,
"2025-09-02 15:13:24.0410609Z","ETW","Microsoft-Windows-Kernel-Process",6,"ImageUnloadInfo ",13192,1244,"WerFault.exe",,,,"C:\Windows\System32\ncryptsslp.dll",,,,,,,,,,,,[],,,,,,,,,13192,,,,,,,,,,,,,,,,,,,,,,,,,,,,,,,,,,,,2890439297,140736697532416,140736697532416,243186,184320,,,,,,,,,,,,,,,,,,,,,,,,,,,,,,,,,,,,,,,,,,,,,,,,,,,,,,,,,,,,,,,,,,,,,,,
"2025-09-02 15:13:24.0410685Z","ETW","Microsoft-Windows-Kernel-Process",6,"ImageUnloadInfo ",13192,1244,"WerFault.exe",,,,"C:\Windows\System32\webio.dll",,,,,,,,,,,,[],,,,,,,,,13192,,,,,,,,,,,,,,,,,,,,,,,,,,,,,,,,,,,,1698214587,140736699105280,140736699105280,843709,798720,,,,,,,,,,,,,,,,,,,,,,,,,,,,,,,,,,,,,,,,,,,,,,,,,,,,,,,,,,,,,,,,,,,,,,,
"2025-09-02 15:13:24.0410763Z","ETW","Microsoft-Windows-Kernel-Process",6,"ImageUnloadInfo ",13192,1244,"WerFault.exe",,,,"C:\Windows\System32\rasadhlp.dll",,,,,,,,,,,,[],,,,,,,,,13192,,,,,,,,,,,,,,,,,,,,,,,,,,,,,,,,,,,,2342346476,140736722829312,140736722829312,106317,45056,,,,,,,,,,,,,,,,,,,,,,,,,,,,,,,,,,,,,,,,,,,,,,,,,,,,,,,,,,,,,,,,,,,,,,,
"2025-09-02 15:13:24.0410842Z","ETW","Microsoft-Windows-Kernel-Process",6,"ImageUnloadInfo ",13192,1244,"WerFault.exe",,,,"C:\Windows\System32\FWPUCLNT.DLL",,,,,,,,,,,,[],,,,,,,,,13192,,,,,,,,,,,,,,,,,,,,,,,,,,,,,,,,,,,,2566326656,140736746815488,140736746815488,555861,548864,,,,,,,,,,,,,,,,,,,,,,,,,,,,,,,,,,,,,,,,,,,,,,,,,,,,,,,,,,,,,,,,,,,,,,,
"2025-09-02 15:13:24.0410928Z","ETW","Microsoft-Windows-Kernel-Process",6,"ImageUnloadInfo ",13192,1244,"WerFault.exe",,,,"C:\Windows\System32\dhcpcsvc.dll",,,,,,,,,,,,[],,,,,,,,,13192,,,,,,,,,,,,,,,,,,,,,,,,,,,,,,,,,,,,2415821048,140736757563392,140736757563392,215583,151552,,,,,,,,,,,,,,,,,,,,,,,,,,,,,,,,,,,,,,,,,,,,,,,,,,,,,,,,,,,,,,,,,,,,,,,
"2025-09-02 15:13:24.0411002Z","ETW","Microsoft-Windows-Kernel-Process",6,"ImageUnloadInfo ",13192,1244,"WerFault.exe",,,,"C:\Windows\System32\dhcpcsvc6.dll",,,,,,,,,,,,[],,,,,,,,,13192,,,,,,,,,,,,,,,,,,,,,,,,,,,,,,,,,,,,698093804,140736757760000,140736757760000,194339,126976,,,,,,,,,,,,,,,,,,,,,,,,,,,,,,,,,,,,,,,,,,,,,,,,,,,,,,,,,,,,,,,,,,,,,,,
"2025-09-02 15:13:24.0411080Z","ETW","Microsoft-Windows-Kernel-Process",6,"ImageUnloadInfo ",13192,1244,"WerFault.exe",,,,"C:\Windows\System32\winhttp.dll",,,,,,,,,,,,[],,,,,,,,,13192,,,,,,,,,,,,,,,,,,,,,,,,,,,,,,,,,,,,549875158,140736759791616,140736759791616,1195912,1171456,,,,,,,,,,,,,,,,,,,,,,,,,,,,,,,,,,,,,,,,,,,,,,,,,,,,,,,,,,,,,,,,,,,,,,,
"2025-09-02 15:13:24.0411193Z","ETW","Microsoft-Windows-Kernel-Process",6,"ImageUnloadInfo ",13192,1244,"WerFault.exe",,,,"C:\Windows\System32\dsreg.dll",,,,,,,,,,,,[],,,,,,,,,13192,,,,,,,,,,,,,,,,,,,,,,,,,,,,,,,,,,,,526746808,140736784695296,140736784695296,1487597,1458176,,,,,,,,,,,,,,,,,,,,,,,,,,,,,,,,,,,,,,,,,,,,,,,,,,,,,,,,,,,,,,,,,,,,,,,
"2025-09-02 15:13:24.0411265Z","ETW","Microsoft-Windows-Kernel-Process",6,"ImageUnloadInfo ",13192,1244,"WerFault.exe",,,,"C:\Windows\System32\winnsi.dll",,,,,,,,,,,,[],,,,,,,,,13192,,,,,,,,,,,,,,,,,,,,,,,,,,,,,,,,,,,,1841202216,140736819232768,140736819232768,82125,61440,,,,,,,,,,,,,,,,,,,,,,,,,,,,,,,,,,,,,,,,,,,,,,,,,,,,,,,,,,,,,,,,,,,,,,,
"2025-09-02 15:13:24.0411338Z","ETW","Microsoft-Windows-Kernel-Process",6,"ImageUnloadInfo ",13192,1244,"WerFault.exe",,,,"C:\Windows\System32\uxtheme.dll",,,,,,,,,,,,[],,,,,,,,,13192,,,,,,,,,,,,,,,,,,,,,,,,,,,,,,,,,,,,1095616687,140736820019200,140736820019200,769574,716800,,,,,,,,,,,,,,,,,,,,,,,,,,,,,,,,,,,,,,,,,,,,,,,,,,,,,,,,,,,,,,,,,,,,,,,
"2025-09-02 15:13:24.0411409Z","ETW","Microsoft-Windows-Kernel-Process",6,"ImageUnloadInfo ",13192,1244,"WerFault.exe",,,,"C:\Windows\System32\wer.dll",,,,,,,,,,,,[],,,,,,,,,13192,,,,,,,,,,,,,,,,,,,,,,,,,,,,,,,,,,,,2310495835,140736823230464,140736823230464,1034785,1007616,,,,,,,,,,,,,,,,,,,,,,,,,,,,,,,,,,,,,,,,,,,,,,,,,,,,,,,,,,,,,,,,,,,,,,,
"2025-09-02 15:13:24.0411502Z","ETW","Microsoft-Windows-Kernel-Process",6,"ImageUnloadInfo ",13192,1244,"WerFault.exe",,,,"C:\Windows\System32\rmclient.dll",,,,,,,,,,,,[],,,,,,,,,13192,,,,,,,,,,,,,,,,,,,,,,,,,,,,,,,,,,,,3900896147,140736825524224,140736825524224,254612,221184,,,,,,,,,,,,,,,,,,,,,,,,,,,,,,,,,,,,,,,,,,,,,,,,,,,,,,,,,,,,,,,,,,,,,,,
"2025-09-02 15:13:24.0411589Z","ETW","Microsoft-Windows-Kernel-Process",6,"ImageUnloadInfo ",13192,1244,"WerFault.exe",,,,"C:\Windows\System32\windows.storage.dll",,,,,,,,,,,,[],,,,,,,,,13192,,,,,,,,,,,,,,,,,,,,,,,,,,,,,,,,,,,,156427775,140736830046208,140736830046208,8870321,8781824,,,,,,,,,,,,,,,,,,,,,,,,,,,,,,,,,,,,,,,,,,,,,,,,,,,,,,,,,,,,,,,,,,,,,,,
"2025-09-02 15:13:24.0411731Z","ETW","Microsoft-Windows-Kernel-Process",6,"ImageUnloadInfo ",13192,1244,"WerFault.exe",,,,"C:\Windows\System32\IPHLPAPI.DLL",,,,,,,,,,,,[],,,,,,,,,13192,,,,,,,,,,,,,,,,,,,,,,,,,,,,,,,,,,,,1152172938,140736842039296,140736842039296,263306,208896,,,,,,,,,,,,,,,,,,,,,,,,,,,,,,,,,,,,,,,,,,,,,,,,,,,,,,,,,,,,,,,,,,,,,,,
"2025-09-02 15:13:24.0411863Z","ETW","Microsoft-Windows-Kernel-Process",6,"ImageUnloadInfo ",13192,1244,"WerFault.exe",,,,"C:\Windows\System32\dnsapi.dll",,,,,,,,,,,,[],,,,,,,,,13192,,,,,,,,,,,,,,,,,,,,,,,,,,,,,,,,,,,,2329249490,140736842301440,140736842301440,1259990,1204224,,,,,,,,,,,,,,,,,,,,,,,,,,,,,,,,,,,,,,,,,,,,,,,,,,,,,,,,,,,,,,,,,,,,,,,
"2025-09-02 15:13:24.0412008Z","ETW","Microsoft-Windows-Kernel-Process",6,"ImageUnloadInfo ",13192,1244,"WerFault.exe",,,,"C:\Windows\System32\schannel.dll",,,,,,,,,,,,[],,,,,,,,,13192,,,,,,,,,,,,,,,,,,,,,,,,,,,,,,,,,,,,3991203154,140736846364672,140736846364672,874570,823296,,,,,,,,,,,,,,,,,,,,,,,,,,,,,,,,,,,,,,,,,,,,,,,,,,,,,,,,,,,,,,,,,,,,,,,
"2025-09-02 15:13:24.0412130Z","ETW","Microsoft-Windows-Kernel-Process",6,"ImageUnloadInfo ",13192,1244,"WerFault.exe",,,,"C:\Windows\System32\rsaenh.dll",,,,,,,,,,,,[],,,,,,,,,13192,,,,,,,,,,,,,,,,,,,,,,,,,,,,,,,,,,,,1731328438,140736847609856,140736847609856,294011,241664,,,,,,,,,,,,,,,,,,,,,,,,,,,,,,,,,,,,,,,,,,,,,,,,,,,,,,,,,,,,,,,,,,,,,,,
"2025-09-02 15:13:24.0412279Z","ETW","Microsoft-Windows-Kernel-Process",6,"ImageUnloadInfo ",13192,1244,"WerFault.exe",,,,"C:\Windows\System32\kernel.appcore.dll",,,,,,,,,,,,[],,,,,,,,,13192,,,,,,,,,,,,,,,,,,,,,,,,,,,,,,,,,,,,4117383687,140736848265216,140736848265216,158572,110592,,,,,,,,,,,,,,,,,,,,,,,,,,,,,,,,,,,,,,,,,,,,,,,,,,,,,,,,,,,,,,,,,,,,,,,
"2025-09-02 15:13:24.0412425Z","ETW","Microsoft-Windows-Kernel-Process",6,"ImageUnloadInfo ",13192,1244,"WerFault.exe",,,,"C:\Windows\System32\ntmarta.dll",,,,,,,,,,,,[],,,,,,,,,13192,,,,,,,,,,,,,,,,,,,,,,,,,,,,,,,,,,,,2803059627,140736849510400,140736849510400,286201,221184,,,,,,,,,,,,,,,,,,,,,,,,,,,,,,,,,,,,,,,,,,,,,,,,,,,,,,,,,,,,,,,,,,,,,,,
"2025-09-02 15:13:24.0412505Z","ETW","Microsoft-Windows-Kernel-Process",6,"ImageUnloadInfo ",13192,1244,"WerFault.exe",,,,"C:\Windows\System32\sspicli.dll",,,,,,,,,,,,[],,,,,,,,,13192,,,,,,,,,,,,,,,,,,,,,,,,,,,,,,,,,,,,100434550,140736851083264,140736851083264,322206,299008,,,,,,,,,,,,,,,,,,,,,,,,,,,,,,,,,,,,,,,,,,,,,,,,,,,,,,,,,,,,,,,,,,,,,,,
"2025-09-02 15:13:24.0412580Z","ETW","Microsoft-Windows-Kernel-Process",6,"ImageUnloadInfo ",13192,1244,"WerFault.exe",,,,"C:\Windows\System32\mswsock.dll",,,,,,,,,,,,[],,,,,,,,,13192,,,,,,,,,,,,,,,,,,,,,,,,,,,,,,,,,,,,2024507737,140736854097920,140736854097920,471620,438272,,,,,,,,,,,,,,,,,,,,,,,,,,,,,,,,,,,,,,,,,,,,,,,,,,,,,,,,,,,,,,,,,,,,,,,
"2025-09-02 15:13:24.0412654Z","ETW","Microsoft-Windows-Kernel-Process",6,"ImageUnloadInfo ",13192,1244,"WerFault.exe",,,,"C:\Windows\System32\userenv.dll",,,,,,,,,,,,[],,,,,,,,,13192,,,,,,,,,,,,,,,,,,,,,,,,,,,,,,,,,,,,4021294584,140736854753280,140736854753280,247163,176128,,,,,,,,,,,,,,,,,,,,,,,,,,,,,,,,,,,,,,,,,,,,,,,,,,,,,,,,,,,,,,,,,,,,,,,
"2025-09-02 15:13:24.0412737Z","ETW","Microsoft-Windows-Kernel-Process",6,"ImageUnloadInfo ",13192,1244,"WerFault.exe",,,,"C:\Windows\System32\cryptsp.dll",,,,,,,,,,,,[],,,,,,,,,13192,,,,,,,,,,,,,,,,,,,,,,,,,,,,,,,,,,,,1637991129,140736856981504,140736856981504,133346,110592,,,,,,,,,,,,,,,,,,,,,,,,,,,,,,,,,,,,,,,,,,,,,,,,,,,,,,,,,,,,,,,,,,,,,,,
"2025-09-02 15:13:24.0412818Z","ETW","Microsoft-Windows-Kernel-Process",6,"ImageUnloadInfo ",13192,1244,"WerFault.exe",,,,"C:\Windows\System32\cryptbase.dll",,,,,,,,,,,,[],,,,,,,,,13192,,,,,,,,,,,,,,,,,,,,,,,,,,,,,,,,,,,,850532204,140736857112576,140736857112576,94938,49152,,,,,,,,,,,,,,,,,,,,,,,,,,,,,,,,,,,,,,,,,,,,,,,,,,,,,,,,,,,,,,,,,,,,,,,
"2025-09-02 15:13:24.0412892Z","ETW","Microsoft-Windows-Kernel-Process",6,"ImageUnloadInfo ",13192,1244,"WerFault.exe",,,,"C:\Windows\System32\msasn1.dll",,,,,,,,,,,,[],,,,,,,,,13192,,,,,,,,,,,,,,,,,,,,,,,,,,,,,,,,,,,,1452322974,140736857440256,140736857440256,148181,77824,,,,,,,,,,,,,,,,,,,,,,,,,,,,,,,,,,,,,,,,,,,,,,,,,,,,,,,,,,,,,,,,,,,,,,,
"2025-09-02 15:13:24.0413014Z","ETW","Microsoft-Windows-Kernel-Process",6,"ImageUnloadInfo ",13192,1244,"WerFault.exe",,,,"C:\Windows\System32\ntasn1.dll",,,,,,,,,,,,[],,,,,,,,,13192,,,,,,,,,,,,,,,,,,,,,,,,,,,,,,,,,,,,2667946327,140736858882048,140736858882048,300816,258048,,,,,,,,,,,,,,,,,,,,,,,,,,,,,,,,,,,,,,,,,,,,,,,,,,,,,,,,,,,,,,,,,,,,,,,
"2025-09-02 15:13:24.0413085Z","ETW","Microsoft-Windows-Kernel-Process",6,"ImageUnloadInfo ",13192,1244,"WerFault.exe",,,,"C:\Windows\System32\ncrypt.dll",,,,,,,,,,,,[],,,,,,,,,13192,,,,,,,,,,,,,,,,,,,,,,,,,,,,,,,,,,,,3628477350,140736859209728,140736859209728,213310,196608,,,,,,,,,,,,,,,,,,,,,,,,,,,,,,,,,,,,,,,,,,,,,,,,,,,,,,,,,,,,,,,,,,,,,,,
"2025-09-02 15:13:24.0413159Z","ETW","Microsoft-Windows-Kernel-Process",6,"ImageUnloadInfo ",13192,1244,"WerFault.exe",,,,"C:\Windows\System32\cfgmgr32.dll",,,,,,,,,,,,[],,,,,,,,,13192,,,,,,,,,,,,,,,,,,,,,,,,,,,,,,,,,,,,836129831,140736862748672,140736862748672,378754,356352,,,,,,,,,,,,,,,,,,,,,,,,,,,,,,,,,,,,,,,,,,,,,,,,,,,,,,,,,,,,,,,,,,,,,,,
"2025-09-02 15:13:24.0413230Z","ETW","Microsoft-Windows-Kernel-Process",6,"ImageUnloadInfo ",13192,1244,"WerFault.exe",,,,"C:\Windows\System32\dpapi.dll",,,,,,,,,,,,[],,,,,,,,,13192,,,,,,,,,,,,,,,,,,,,,,,,,,,,,,,,,,,,2473566603,140736863469568,140736863469568,42814,40960,,,,,,,,,,,,,,,,,,,,,,,,,,,,,,,,,,,,,,,,,,,,,,,,,,,,,,,,,,,,,,,,,,,,,,,
"2025-09-02 15:13:24.0413308Z","ETW","Microsoft-Windows-Kernel-Process",6,"ImageUnloadInfo ",13192,1244,"WerFault.exe",,,,"C:\Windows\System32\umpdc.dll",,,,,,,,,,,,[],,,,,,,,,13192,,,,,,,,,,,,,,,,,,,,,,,,,,,,,,,,,,,,212057710,140736865959936,140736865959936,140109,81920,,,,,,,,,,,,,,,,,,,,,,,,,,,,,,,,,,,,,,,,,,,,,,,,,,,,,,,,,,,,,,,,,,,,,,,
"2025-09-02 15:13:24.0413390Z","ETW","Microsoft-Windows-Kernel-Process",6,"ImageUnloadInfo ",13192,1244,"WerFault.exe",,,,"C:\Windows\System32\powrprof.dll",,,,,,,,,,,,[],,,,,,,,,13192,,,,,,,,,,,,,,,,,,,,,,,,,,,,,,,,,,,,2858637235,140736866091008,140736866091008,457799,385024,,,,,,,,,,,,,,,,,,,,,,,,,,,,,,,,,,,,,,,,,,,,,,,,,,,,,,,,,,,,,,,,,,,,,,,
"2025-09-02 15:13:24.0413476Z","ETW","Microsoft-Windows-Kernel-Process",6,"ImageUnloadInfo ",13192,1244,"WerFault.exe",,,,"C:\Windows\System32\bcrypt.dll",,,,,,,,,,,,[],,,,,,,,,13192,,,,,,,,,,,,,,,,,,,,,,,,,,,,,,,,,,,,3023801214,140736866549760,140736866549760,216761,155648,,,,,,,,,,,,,,,,,,,,,,,,,,,,,,,,,,,,,,,,,,,,,,,,,,,,,,,,,,,,,,,,,,,,,,,
"2025-09-02 15:13:24.0413593Z","ETW","Microsoft-Windows-Kernel-Process",6,"ImageUnloadInfo ",13192,1244,"WerFault.exe",,,,"C:\Windows\System32\profapi.dll",,,,,,,,,,,,[],,,,,,,,,13192,,,,,,,,,,,,,,,,,,,,,,,,,,,,,,,,,,,,2107422311,140736866746368,140736866746368,182967,167936,,,,,,,,,,,,,,,,,,,,,,,,,,,,,,,,,,,,,,,,,,,,,,,,,,,,,,,,,,,,,,,,,,,,,,,
"2025-09-02 15:13:24.0413679Z","ETW","Microsoft-Windows-Kernel-Process",6,"ImageUnloadInfo ",13192,1244,"WerFault.exe",,,,"C:\Windows\System32\bcryptprimitives.dll",,,,,,,,,,,,[],,,,,,,,,13192,,,,,,,,,,,,,,,,,,,,,,,,,,,,,,,,,,,,3318233078,140736867663872,140736867663872,705120,626688,,,,,,,,,,,,,,,,,,,,,,,,,,,,,,,,,,,,,,,,,,,,,,,,,,,,,,,,,,,,,,,,,,,,,,,
"2025-09-02 15:13:24.0413760Z","ETW","Microsoft-Windows-Kernel-Process",6,"ImageUnloadInfo ",13192,1244,"WerFault.exe",,,,"C:\Windows\System32\msvcp_win.dll",,,,,,,,,,,,[],,,,,,,,,13192,,,,,,,,,,,,,,,,,,,,,,,,,,,,,,,,,,,,2240469762,140736868319232,140736868319232,703256,667648,,,,,,,,,,,,,,,,,,,,,,,,,,,,,,,,,,,,,,,,,,,,,,,,,,,,,,,,,,,,,,,,,,,,,,,
"2025-09-02 15:13:24.0413841Z","ETW","Microsoft-Windows-Kernel-Process",6,"ImageUnloadInfo ",13192,1244,"WerFault.exe",,,,"C:\Windows\System32\gdi32full.dll",,,,,,,,,,,,[],,,,,,,,,13192,,,,,,,,,,,,,,,,,,,,,,,,,,,,,,,,,,,,4226913238,140736869040128,140736869040128,1298614,1277952,,,,,,,,,,,,,,,,,,,,,,,,,,,,,,,,,,,,,,,,,,,,,,,,,,,,,,,,,,,,,,,,,,,,,,,
"2025-09-02 15:13:24.0413931Z","ETW","Microsoft-Windows-Kernel-Process",6,"ImageUnloadInfo ",13192,1244,"WerFault.exe",,,,"C:\Windows\System32\KernelBase.dll",,,,,,,,,,,,[],,,,,,,,,13192,,,,,,,,,,,,,,,,,,,,,,,,,,,,,,,,,,,,1916522255,140736871923712,140736871923712,4150506,4128768,,,,,,,,,,,,,,,,,,,,,,,,,,,,,,,,,,,,,,,,,,,,,,,,,,,,,,,,,,,,,,,,,,,,,,,
"2025-09-02 15:13:24.0414007Z","ETW","Microsoft-Windows-Kernel-Process",6,"ImageUnloadInfo ",13192,1244,"WerFault.exe",,,,"C:\Windows\System32\win32u.dll",,,,,,,,,,,,[],,,,,,,,,13192,,,,,,,,,,,,,,,,,,,,,,,,,,,,,,,,,,,,4080079730,140736876118016,140736876118016,179667,159744,,,,,,,,,,,,,,,,,,,,,,,,,,,,,,,,,,,,,,,,,,,,,,,,,,,,,,,,,,,,,,,,,,,,,,,
"2025-09-02 15:13:24.0414071Z","ETW","Microsoft-Windows-Kernel-Process",6,"ImageUnloadInfo ",13192,1244,"WerFault.exe",,,,"C:\Windows\System32\ucrtbase.dll",,,,,,,,,,,,[],,,,,,,,,13192,,,,,,,,,,,,,,,,,,,,,,,,,,,,,,,,,,,,3686092271,140736876314624,140736876314624,1418583,1355776,,,,,,,,,,,,,,,,,,,,,,,,,,,,,,,,,,,,,,,,,,,,,,,,,,,,,,,,,,,,,,,,,,,,,,,
"2025-09-02 15:13:24.0414184Z","ETW","Microsoft-Windows-Kernel-Process",6,"ImageUnloadInfo ",13192,1244,"WerFault.exe",,,,"C:\Windows\System32\crypt32.dll",,,,,,,,,,,,[],,,,,,,,,13192,,,,,,,,,,,,,,,,,,,,,,,,,,,,,,,,,,,,787559986,140736879067136,140736879067136,1546966,1536000,,,,,,,,,,,,,,,,,,,,,,,,,,,,,,,,,,,,,,,,,,,,,,,,,,,,,,,,,,,,,,,,,,,,,,,
"2025-09-02 15:13:24.0414266Z","ETW","Microsoft-Windows-Kernel-Process",6,"ImageUnloadInfo ",13192,1244,"WerFault.exe",,,,"C:\Windows\System32\sechost.dll",,,,,,,,,,,,[],,,,,,,,,13192,,,,,,,,,,,,,,,,,,,,,,,,,,,,,,,,,,,,918957807,140736881033216,140736881033216,733904,679936,,,,,,,,,,,,,,,,,,,,,,,,,,,,,,,,,,,,,,,,,,,,,,,,,,,,,,,,,,,,,,,,,,,,,,,
"2025-09-02 15:13:24.0414344Z","ETW","Microsoft-Windows-Kernel-Process",6,"ImageUnloadInfo ",13192,1244,"WerFault.exe",,,,"C:\Windows\System32\rpcrt4.dll",,,,,,,,,,,,[],,,,,,,,,13192,,,,,,,,,,,,,,,,,,,,,,,,,,,,,,,,,,,,755903142,140736881754112,140736881754112,1201440,1146880,,,,,,,,,,,,,,,,,,,,,,,,,,,,,,,,,,,,,,,,,,,,,,,,,,,,,,,,,,,,,,,,,,,,,,,
"2025-09-02 15:13:24.0414420Z","ETW","Microsoft-Windows-Kernel-Process",6,"ImageUnloadInfo ",13192,1244,"WerFault.exe",,,,"C:\Windows\System32\shlwapi.dll",,,,,,,,,,,,[],,,,,,,,,13192,,,,,,,,,,,,,,,,,,,,,,,,,,,,,,,,,,,,17834217,140736890601472,140736890601472,465141,434176,,,,,,,,,,,,,,,,,,,,,,,,,,,,,,,,,,,,,,,,,,,,,,,,,,,,,,,,,,,,,,,,,,,,,,,
"2025-09-02 15:13:24.0414490Z","ETW","Microsoft-Windows-Kernel-Process",6,"ImageUnloadInfo ",13192,1244,"WerFault.exe",,,,"C:\Windows\System32\nsi.dll",,,,,,,,,,,,[],,,,,,,,,13192,,,,,,,,,,,,,,,,,,,,,,,,,,,,,,,,,,,,1041699878,140736891060224,140736891060224,106241,40960,,,,,,,,,,,,,,,,,,,,,,,,,,,,,,,,,,,,,,,,,,,,,,,,,,,,,,,,,,,,,,,,,,,,,,,
"2025-09-02 15:13:24.0414577Z","ETW","Microsoft-Windows-Kernel-Process",6,"ImageUnloadInfo ",13192,1244,"WerFault.exe",,,,"C:\Windows\System32\clbcatq.dll",,,,,,,,,,,,[],,,,,,,,,13192,,,,,,,,,,,,,,,,,,,,,,,,,,,,,,,,,,,,1600192633,140736892108800,140736892108800,700133,688128,,,,,,,,,,,,,,,,,,,,,,,,,,,,,,,,,,,,,,,,,,,,,,,,,,,,,,,,,,,,,,,,,,,,,,,
"2025-09-02 15:13:24.0414656Z","ETW","Microsoft-Windows-Kernel-Process",6,"ImageUnloadInfo ",13192,1244,"WerFault.exe",,,,"C:\Windows\System32\oleaut32.dll",,,,,,,,,,,,[],,,,,,,,,13192,,,,,,,,,,,,,,,,,,,,,,,,,,,,,,,,,,,,2785821912,140736894861312,140736894861312,927709,917504,,,,,,,,,,,,,,,,,,,,,,,,,,,,,,,,,,,,,,,,,,,,,,,,,,,,,,,,,,,,,,,,,,,,,,,
"2025-09-02 15:13:24.0414734Z","ETW","Microsoft-Windows-Kernel-Process",6,"ImageUnloadInfo ",13192,1244,"WerFault.exe",,,,"C:\Windows\System32\advapi32.dll",,,,,,,,,,,,[],,,,,,,,,13192,,,,,,,,,,,,,,,,,,,,,,,,,,,,,,,,,,,,2886261828,140736895844352,140736895844352,804270,737280,,,,,,,,,,,,,,,,,,,,,,,,,,,,,,,,,,,,,,,,,,,,,,,,,,,,,,,,,,,,,,,,,,,,,,,
"2025-09-02 15:13:24.0414842Z","ETW","Microsoft-Windows-Kernel-Process",6,"ImageUnloadInfo ",13192,1244,"WerFault.exe",,,,"C:\Windows\System32\imm32.dll",,,,,,,,,,,,[],,,,,,,,,13192,,,,,,,,,,,,,,,,,,,,,,,,,,,,,,,,,,,,2763417762,140736896630784,140736896630784,237947,192512,,,,,,,,,,,,,,,,,,,,,,,,,,,,,,,,,,,,,,,,,,,,,,,,,,,,,,,,,,,,,,,,,,,,,,,
"2025-09-02 15:13:24.0414914Z","ETW","Microsoft-Windows-Kernel-Process",6,"ImageUnloadInfo ",13192,1244,"WerFault.exe",,,,"C:\Windows\System32\kernel32.dll",,,,,,,,,,,,[],,,,,,,,,13192,,,,,,,,,,,,,,,,,,,,,,,,,,,,,,,,,,,,2842556120,140736896892928,140736896892928,880212,823296,,,,,,,,,,,,,,,,,,,,,,,,,,,,,,,,,,,,,,,,,,,,,,,,,,,,,,,,,,,,,,,,,,,,,,,
"2025-09-02 15:13:24.0414985Z","ETW","Microsoft-Windows-Kernel-Process",6,"ImageUnloadInfo ",13192,1244,"WerFault.exe",,,,"C:\Windows\System32\msctf.dll",,,,,,,,,,,,[],,,,,,,,,13192,,,,,,,,,,,,,,,,,,,,,,,,,,,,,,,,,,,,2469319063,140736900562944,140736900562944,1473651,1445888,,,,,,,,,,,,,,,,,,,,,,,,,,,,,,,,,,,,,,,,,,,,,,,,,,,,,,,,,,,,,,,,,,,,,,,
"2025-09-02 15:13:24.0415060Z","ETW","Microsoft-Windows-Kernel-Process",6,"ImageUnloadInfo ",13192,1244,"WerFault.exe",,,,"C:\Windows\System32\gdi32.dll",,,,,,,,,,,,[],,,,,,,,,13192,,,,,,,,,,,,,,,,,,,,,,,,,,,,,,,,,,,,226377214,140736902135808,140736902135808,213118,176128,,,,,,,,,,,,,,,,,,,,,,,,,,,,,,,,,,,,,,,,,,,,,,,,,,,,,,,,,,,,,,,,,,,,,,,
"2025-09-02 15:13:24.0415132Z","ETW","Microsoft-Windows-Kernel-Process",6,"ImageUnloadInfo ",13192,1244,"WerFault.exe",,,,"C:\Windows\System32\SHCore.dll",,,,,,,,,,,,[],,,,,,,,,13192,,,,,,,,,,,,,,,,,,,,,,,,,,,,,,,,,,,,742317482,140736902660096,140736902660096,1049363,1003520,,,,,,,,,,,,,,,,,,,,,,,,,,,,,,,,,,,,,,,,,,,,,,,,,,,,,,,,,,,,,,,,,,,,,,,
"2025-09-02 15:13:24.0415212Z","ETW","Microsoft-Windows-Kernel-Process",6,"ImageUnloadInfo ",13192,1244,"WerFault.exe",,,,"C:\Windows\System32\combase.dll",,,,,,,,,,,,[],,,,,,,,,13192,,,,,,,,,,,,,,,,,,,,,,,,,,,,,,,,,,,,670765882,140736909082624,140736909082624,3776119,3690496,,,,,,,,,,,,,,,,,,,,,,,,,,,,,,,,,,,,,,,,,,,,,,,,,,,,,,,,,,,,,,,,,,,,,,,
"2025-09-02 15:13:24.0415277Z","ETW","Microsoft-Windows-Kernel-Process",6,"ImageUnloadInfo ",13192,1244,"WerFault.exe",,,,"C:\Windows\System32\ws2_32.dll",,,,,,,,,,,,[],,,,,,,,,13192,,,,,,,,,,,,,,,,,,,,,,,,,,,,,,,,,,,,350705987,140736912818176,140736912818176,541400,475136,,,,,,,,,,,,,,,,,,,,,,,,,,,,,,,,,,,,,,,,,,,,,,,,,,,,,,,,,,,,,,,,,,,,,,,
"2025-09-02 15:13:24.0415342Z","ETW","Microsoft-Windows-Kernel-Process",6,"ImageUnloadInfo ",13192,1244,"WerFault.exe",,,,"C:\Windows\System32\msvcrt.dll",,,,,,,,,,,,[],,,,,,,,,13192,,,,,,,,,,,,,,,,,,,,,,,,,,,,,,,,,,,,2634004398,140736913342464,140736913342464,729924,692224,,,,,,,,,,,,,,,,,,,,,,,,,,,,,,,,,,,,,,,,,,,,,,,,,,,,,,,,,,,,,,,,,,,,,,,
"2025-09-02 15:13:24.0415450Z","ETW","Microsoft-Windows-Kernel-Process",6,"ImageUnloadInfo ",13192,1244,"WerFault.exe",,,,"C:\Windows\System32\user32.dll",,,,,,,,,,,,[],,,,,,,,,13192,,,,,,,,,,,,,,,,,,,,,,,,,,,,,,,,,,,,3594986103,140736914063360,140736914063360,1919723,1855488,,,,,,,,,,,,,,,,,,,,,,,,,,,,,,,,,,,,,,,,,,,,,,,,,,,,,,,,,,,,,,,,,,,,,,,
"2025-09-02 15:13:24.0415513Z","ETW","Microsoft-Windows-Kernel-Process",6,"ImageUnloadInfo ",13192,1244,"WerFault.exe",,,,"C:\Windows\System32\ntdll.dll",,,,,,,,,,,,[],,,,,,,,,13192,,,,,,,,,,,,,,,,,,,,,,,,,,,,,,,,,,,,2512787800,140736916750336,140736916750336,2531053,2519040,,,,,,,,,,,,,,,,,,,,,,,,,,,,,,,,,,,,,,,,,,,,,,,,,,,,,,,,,,,,,,,,,,,,,,,
"2025-09-02 15:13:24.0415676Z","ETW","Microsoft-Windows-Kernel-Process",2,"ProcessStopStop ",13192,1244,"WerFault.exe",,,,"WerFault.exe",,,,,,,,,,,,[],,,,,,,,,13192,,,,,,,,,,,,,,,,,,,,,,,134012996025309014,,,,,,,,31830,,,,,,,,,,,,,,,,,,,,,,,,,,,,,,,,,,,,,,,,,,,,,,,2791947780,5308416,29364224,0,134012996040408819,207,0,0,0,3,619,95,,,,,,,,,,,,,,,,,,,,,,
"2025-09-02 15:13:24.0416158Z","ETW","Microsoft-Windows-Kernel-Audit-API-Calls",5,"Info ",13192,1244,"WerFault.exe",,,,,,,,,,,,,,,,[],,,,,,,,,,,,,,,,,,,1024,0,13192,,,,,,,,,,,,,,,,,,,,,,,,,,,,,,,,,,,,,,,,,,,,,,,,,,,,,,,,,,,,,,,,,,,,,,,,,,,,,,,,,,,,,,,,,,,,,,,,,,,
"2025-09-02 15:13:24.0416241Z","ETW","Microsoft-Windows-Kernel-Audit-API-Calls",5,"Info ",13192,1244,"WerFault.exe",,,,,,,,,,,,,,,,[],,,,,,,,,,,,,,,,,,,1024,0,13192,,,,,,,,,,,,,,,,,,,,,,,,,,,,,,,,,,,,,,,,,,,,,,,,,,,,,,,,,,,,,,,,,,,,,,,,,,,,,,,,,,,,,,,,,,,,,,,,,,,
"2025-09-02 15:13:24.0427289Z","ETW","Microsoft-Windows-Kernel-Process",3,"ThreadStartStart ",1588,6340,"svchost.exe",,,,,,,,,,,,,,,,[{"addr":140736918216388,"idx":0},{"addr":140736917266341,"idx":1},{"addr":140736917264752,"idx":2},{"addr":140736917350329,"idx":3},{"addr":140736897083607,"idx":4},{"addr":140736916996940,"idx":5}],,,,,,,,,1588,18446639081575813120,18446639081575788544,140736917348896,0,404529782784,14180,404531707904,404531675136,140736917348896,,,,,,,,,,,,,,,,,,,,,,,,,,,,,,,,,,,,,,,,,,,,,,,,,,,,,,,,,,,,,,,,,,,,,,,,,,,,,,,,,,,,,,,,,,,,,,,,,,,,,,
"2025-09-02 15:13:24.0427798Z","ETW","Microsoft-Windows-Kernel-Audit-API-Calls",6,"Info ",1912,8,"MsMpEng.exe",,,,,,,,,,,,,,,,[{"addr":140736918212548,"idx":0},{"addr":140736872857142,"idx":1},{"addr":140736738243895,"idx":2},{"addr":140736738242452,"idx":3},{"addr":140736657604428,"idx":4},{"addr":140736657598535,"idx":5},{"addr":140736657597146,"idx":6},{"addr":140736658259206,"idx":7},{"addr":140736657749938,"idx":8},{"addr":140736657909615,"idx":9},{"addr":140736658079503,"idx":10},{"addr":140736897083607,"idx":11},{"addr":140736916996940,"idx":12}],,,,,,,,,,,,,,,,,,,2097151,0,1912,8,,,,,,,,,,,,,,,,,,,,,,,,,,,,,,,,,,,,,,,,,,,,,,,,,,,,,,,,,,,,,,,,,,,,,,,,,,,,,,,,,,,,,,,,,,,,,,,,,,
"2025-09-02 15:13:24.0452276Z","ETW","Microsoft-Windows-Kernel-File",30,"CreateNewFileInfo ",2544,2728,"svchost.exe",,,,"C:\Windows\Prefetch\WERFAULT.EXE-44194444.pf",,,,,,,,,,,,[{"addr":140736918205268,"idx":0},{"addr":140736872716567,"idx":1},{"addr":140736872407957,"idx":2},{"addr":140736622686411,"idx":3},{"addr":140736622799555,"idx":4},{"addr":140736622805526,"idx":5},{"addr":140736622878872,"idx":6},{"addr":140736622877246,"idx":7},{"addr":140736623007058,"idx":8},{"addr":140736623083887,"idx":9},{"addr":140700308678045,"idx":10},{"addr":140736881194535,"idx":11},{"addr":140736897083607,"idx":12},{"addr":140736916996940,"idx":13}],0,83886176,18446660010973864352,18446660011199738104,2728,0,,,,,,,,,,,,,,,,,,,,,,,,,,,,,,,,,,,,,,,,,,,,,,,,,,,,,,,,,,,,,,,,,,,,,,,,,,,,,,,,,,,,,,,,,,,,,,,,,,,,,,,,,,,,,,,,,,
"2025-09-02 15:13:24.0453746Z","ETW","Microsoft-Windows-Kernel-Audit-API-Calls",6,"Info ",1912,8,"MsMpEng.exe",,,,,,,,,,,,,,,,[{"addr":140736918212548,"idx":0},{"addr":140736872857142,"idx":1},{"addr":140736738243895,"idx":2},{"addr":140736738242452,"idx":3},{"addr":140736657604428,"idx":4},{"addr":140736657598535,"idx":5},{"addr":140736657597146,"idx":6},{"addr":140736658259206,"idx":7},{"addr":140736657749938,"idx":8},{"addr":140736657909615,"idx":9},{"addr":140736658079503,"idx":10},{"addr":140736897083607,"idx":11},{"addr":140736916996940,"idx":12}],,,,,,,,,,,,,,,,,,,2097151,0,1912,8,,,,,,,,,,,,,,,,,,,,,,,,,,,,,,,,,,,,,,,,,,,,,,,,,,,,,,,,,,,,,,,,,,,,,,,,,,,,,,,,,,,,,,,,,,,,,,,,,,
"2025-09-02 15:13:24.0457379Z","ETW","Microsoft-Windows-Kernel-Process",4,"ThreadStopStop ",15112,5500,"Notepad.exe",,,,,,,,,,,,,,,,[],,,,,,,,13045400,15112,18446639081572909056,18446639081572884480,2593504231424,0,1062507950080,5500,1062513672192,1062513655808,2593504231424,,,,,,,,,,,,,,,,,,,,,,,,,,,,,,,,,,,,,,,,,,,,,,,,,,,,,,,,,,,,,,,,,,,,,,,,,,,,,,,,,,,,,,,,,,,,,,,,,,,,,,
"2025-09-02 15:13:24.0462152Z","ETW","Microsoft-Windows-Kernel-Process",6,"ImageUnloadInfo ",15112,5500,"Notepad.exe",,,,"C:\Program Files\WindowsApps\Microsoft.WindowsNotepad_11.2506.35.0_x64__8wekyb3d8bbwe\Notepad\Notepad.exe",,,,,,,,,,,,[],,,,,,,,,15112,,,,,,,,,,,,,,,,,,,,,,,,,,,,,,,,,,,,1753885353,140696712970240,140696712970240,2786650,2744320,,,,,,,,,,,,,,,,,,,,,,,,,,,,,,,,,,,,,,,,,,,,,,,,,,,,,,,,,,,,,,,,,,,,,,,
"2025-09-02 15:13:24.0462211Z","ETW","Microsoft-Windows-Kernel-Process",6,"ImageUnloadInfo ",15112,5500,"Notepad.exe",,,,"C:\Program Files\WindowsApps\Microsoft.WindowsAppRuntime.1.7_7000.522.1444.0_x64__8wekyb3d8bbwe\Microsoft.Internal.FrameworkUdk.dll",,,,,,,,,,,,[],,,,,,,,,15112,,,,,,,,,,,,,,,,,,,,,,,,,,,,,,,,,,,,1717850315,140734016782336,140734016782336,1031287,1019904,,,,,,,,,,,,,,,,,,,,,,,,,,,,,,,,,,,,,,,,,,,,,,,,,,,,,,,,,,,,,,,,,,,,,,,
"2025-09-02 15:13:24.0462251Z","ETW","Microsoft-Windows-Kernel-Process",6,"ImageUnloadInfo ",15112,5500,"Notepad.exe",,,,"C:\Program Files\WindowsApps\Microsoft.WindowsAppRuntime.1.7_7000.522.1444.0_x64__8wekyb3d8bbwe\CoreMessagingXP.dll",,,,,,,,,,,,[],,,,,,,,,15112,,,,,,,,,,,,,,,,,,,,,,,,,,,,,,,,,,,,1993379101,140734017830912,140734017830912,1072872,1036288,,,,,,,,,,,,,,,,,,,,,,,,,,,,,,,,,,,,,,,,,,,,,,,,,,,,,,,,,,,,,,,,,,,,,,,
"2025-09-02 15:13:24.0462287Z","ETW","Microsoft-Windows-Kernel-Process",6,"ImageUnloadInfo ",15112,5500,"Notepad.exe",,,,"C:\Program Files\WindowsApps\Microsoft.WindowsAppRuntime.1.7_7000.522.1444.0_x64__8wekyb3d8bbwe\Microsoft.UI.Windowing.Core.dll",,,,,,,,,,,,[],,,,,,,,,15112,,,,,,,,,,,,,,,,,,,,,,,,,,,,,,,,,,,,973683311,140734019993600,140734019993600,577285,532480,,,,,,,,,,,,,,,,,,,,,,,,,,,,,,,,,,,,,,,,,,,,,,,,,,,,,,,,,,,,,,,,,,,,,,,
"2025-09-02 15:13:24.0462330Z","ETW","Microsoft-Windows-Kernel-Process",6,"ImageUnloadInfo ",15112,5500,"Notepad.exe",,,,"C:\Program Files\WindowsApps\Microsoft.VCLibs.140.00.UWPDesktop_14.0.33728.0_x64__8wekyb3d8bbwe\msvcp140_atomic_wait.dll",,,,,,,,,,,,[],,,,,,,,,15112,,,,,,,,,,,,,,,,,,,,,,,,,,,,,,,,,,,,1625823556,140735837175808,140735837175808,60856,81920,,,,,,,,,,,,,,,,,,,,,,,,,,,,,,,,,,,,,,,,,,,,,,,,,,,,,,,,,,,,,,,,,,,,,,,
"2025-09-02 15:13:24.0462402Z","ETW","Microsoft-Windows-Kernel-Process",6,"ImageUnloadInfo ",15112,5500,"Notepad.exe",,,,"C:\Program Files\WindowsApps\Microsoft.VCLibs.140.00.UWPDesktop_14.0.33728.0_x64__8wekyb3d8bbwe\vcruntime140.dll",,,,,,,,,,,,[],,,,,,,,,15112,,,,,,,,,,,,,,,,,,,,,,,,,,,,,,,,,,,,4092127091,140736314277888,140736314277888,171050,122880,,,,,,,,,,,,,,,,,,,,,,,,,,,,,,,,,,,,,,,,,,,,,,,,,,,,,,,,,,,,,,,,,,,,,,,
"2025-09-02 15:13:24.0462584Z","ETW","Microsoft-Windows-Kernel-Process",6,"ImageUnloadInfo ",15112,5500,"Notepad.exe",,,,"C:\Windows\System32\Microsoft.Internal.FrameworkUdk.System.dll",,,,,,,,,,,,[],,,,,,,,,15112,,,,,,,,,,,,,,,,,,,,,,,,,,,,,,,,,,,,2172863161,140736350388224,140736350388224,784652,737280,,,,,,,,,,,,,,,,,,,,,,,,,,,,,,,,,,,,,,,,,,,,,,,,,,,,,,,,,,,,,,,,,,,,,,,
"2025-09-02 15:13:24.0462677Z","ETW","Microsoft-Windows-Kernel-Process",6,"ImageUnloadInfo ",15112,5500,"Notepad.exe",,,,"C:\Windows\System32\winspool.drv",,,,,,,,,,,,[],,,,,,,,,15112,,,,,,,,,,,,,,,,,,,,,,,,,,,,,,,,,,,,1648259848,140736392724480,140736392724480,776273,749568,,,,,,,,,,,,,,,,,,,,,,,,,,,,,,,,,,,,,,,,,,,,,,,,,,,,,,,,,,,,,,,,,,,,,,,
"2025-09-02 15:13:24.0462708Z","ETW","Microsoft-Windows-Kernel-Process",6,"ImageUnloadInfo ",15112,5500,"Notepad.exe",,,,"C:\Windows\WinSxS\amd64_microsoft.windows.common-controls_6595b64144ccf1df_6.0.26100.4768_none_3e0c112ce331287c\comctl32.dll",,,,,,,,,,,,[],,,,,,,,,15112,,,,,,,,,,,,,,,,,,,,,,,,,,,,,,,,,,,,688105963,140736430997504,140736430997504,2751895,2727936,,,,,,,,,,,,,,,,,,,,,,,,,,,,,,,,,,,,,,,,,,,,,,,,,,,,,,,,,,,,,,,,,,,,,,,
"2025-09-02 15:13:24.0462807Z","ETW","Microsoft-Windows-Kernel-Process",6,"ImageUnloadInfo ",15112,5500,"Notepad.exe",,,,"C:\Windows\System32\container.dll",,,,,,,,,,,,[],,,,,,,,,15112,,,,,,,,,,,,,,,,,,,,,,,,,,,,,,,,,,,,3018652036,140736462848000,140736462848000,343493,335872,,,,,,,,,,,,,,,,,,,,,,,,,,,,,,,,,,,,,,,,,,,,,,,,,,,,,,,,,,,,,,,,,,,,,,,
"2025-09-02 15:13:24.0462884Z","ETW","Microsoft-Windows-Kernel-Process",6,"ImageUnloadInfo ",15112,5500,"Notepad.exe",,,,"C:\Windows\System32\daxexec.dll",,,,,,,,,,,,[],,,,,,,,,15112,,,,,,,,,,,,,,,,,,,,,,,,,,,,,,,,,,,,3297246250,140736463241216,140736463241216,1178528,1167360,,,,,,,,,,,,,,,,,,,,,,,,,,,,,,,,,,,,,,,,,,,,,,,,,,,,,,,,,,,,,,,,,,,,,,,
"2025-09-02 15:13:24.0462953Z","ETW","Microsoft-Windows-Kernel-Process",6,"ImageUnloadInfo ",15112,5500,"Notepad.exe",,,,"C:\Windows\System32\capauthz.dll",,,,,,,,,,,,[],,,,,,,,,15112,,,,,,,,,,,,,,,,,,,,,,,,,,,,,,,,,,,,1605668267,140736472088576,140736472088576,396500,380928,,,,,,,,,,,,,,,,,,,,,,,,,,,,,,,,,,,,,,,,,,,,,,,,,,,,,,,,,,,,,,,,,,,,,,,
"2025-09-02 15:13:24.0463065Z","ETW","Microsoft-Windows-Kernel-Process",6,"ImageUnloadInfo ",15112,5500,"Notepad.exe",,,,"C:\Windows\System32\icu.dll",,,,,,,,,,,,[],,,,,,,,,15112,,,,,,,,,,,,,,,,,,,,,,,,,,,,,,,,,,,,3016574355,140736568950784,140736568950784,2809356,2744320,,,,,,,,,,,,,,,,,,,,,,,,,,,,,,,,,,,,,,,,,,,,,,,,,,,,,,,,,,,,,,,,,,,,,,,
"2025-09-02 15:13:24.0463154Z","ETW","Microsoft-Windows-Kernel-Process",6,"ImageUnloadInfo ",15112,5500,"Notepad.exe",,,,"C:\Windows\System32\Windows.StateRepositoryClient.dll",,,,,,,,,,,,[],,,,,,,,,15112,,,,,,,,,,,,,,,,,,,,,,,,,,,,,,,,,,,,3001738537,140736632520704,140736632520704,374661,327680,,,,,,,,,,,,,,,,,,,,,,,,,,,,,,,,,,,,,,,,,,,,,,,,,,,,,,,,,,,,,,,,,,,,,,,
"2025-09-02 15:13:24.0463222Z","ETW","Microsoft-Windows-Kernel-Process",6,"ImageUnloadInfo ",15112,5500,"Notepad.exe",,,,"C:\Windows\System32\Windows.StateRepositoryCore.dll",,,,,,,,,,,,[],,,,,,,,,15112,,,,,,,,,,,,,,,,,,,,,,,,,,,,,,,,,,,,3847844510,140736632913920,140736632913920,174488,106496,,,,,,,,,,,,,,,,,,,,,,,,,,,,,,,,,,,,,,,,,,,,,,,,,,,,,,,,,,,,,,,,,,,,,,,
"2025-09-02 15:13:24.0463258Z","ETW","Microsoft-Windows-Kernel-Process",6,"ImageUnloadInfo ",15112,5500,"Notepad.exe",,,,"C:\Program Files\WindowsApps\Microsoft.VCLibs.140.00.UWPDesktop_14.0.33728.0_x64__8wekyb3d8bbwe\msvcp140.dll",,,,,,,,,,,,[],,,,,,,,,15112,,,,,,,,,,,,,,,,,,,,,,,,,,,,,,,,,,,,2926311296,140736645562368,140736645562368,603644,577536,,,,,,,,,,,,,,,,,,,,,,,,,,,,,,,,,,,,,,,,,,,,,,,,,,,,,,,,,,,,,,,,,,,,,,,
"2025-09-02 15:13:24.0463348Z","ETW","Microsoft-Windows-Kernel-Process",6,"ImageUnloadInfo ",15112,5500,"Notepad.exe",,,,"C:\Windows\System32\BCP47Langs.dll",,,,,,,,,,,,[],,,,,,,,,15112,,,,,,,,,,,,,,,,,,,,,,,,,,,,,,,,,,,,2655356928,140736705134592,140736705134592,394325,385024,,,,,,,,,,,,,,,,,,,,,,,,,,,,,,,,,,,,,,,,,,,,,,,,,,,,,,,,,,,,,,,,,,,,,,,
"2025-09-02 15:13:24.0463428Z","ETW","Microsoft-Windows-Kernel-Process",6,"ImageUnloadInfo ",15112,5500,"Notepad.exe",,,,"C:\Windows\System32\srvcli.dll",,,,,,,,,,,,[],,,,,,,,,15112,,,,,,,,,,,,,,,,,,,,,,,,,,,,,,,,,,,,239922031,140736732135424,140736732135424,181029,167936,,,,,,,,,,,,,,,,,,,,,,,,,,,,,,,,,,,,,,,,,,,,,,,,,,,,,,,,,,,,,,,,,,,,,,,
"2025-09-02 15:13:24.0463492Z","ETW","Microsoft-Windows-Kernel-Process",6,"ImageUnloadInfo ",15112,5500,"Notepad.exe",,,,"C:\Windows\System32\iertutil.dll",,,,,,,,,,,,[],,,,,,,,,15112,,,,,,,,,,,,,,,,,,,,,,,,,,,,,,,,,,,,4273941920,140736732528640,140736732528640,2989039,2924544,,,,,,,,,,,,,,,,,,,,,,,,,,,,,,,,,,,,,,,,,,,,,,,,,,,,,,,,,,,,,,,,,,,,,,,
"2025-09-02 15:13:24.0463558Z","ETW","Microsoft-Windows-Kernel-Process",6,"ImageUnloadInfo ",15112,5500,"Notepad.exe",,,,"C:\Windows\System32\urlmon.dll",,,,,,,,,,,,[],,,,,,,,,15112,,,,,,,,,,,,,,,,,,,,,,,,,,,,,,,,,,,,4167353037,140736735477760,140736735477760,1997412,1986560,,,,,,,,,,,,,,,,,,,,,,,,,,,,,,,,,,,,,,,,,,,,,,,,,,,,,,,,,,,,,,,,,,,,,,,
"2025-09-02 15:13:24.0463665Z","ETW","Microsoft-Windows-Kernel-Process",6,"ImageUnloadInfo ",15112,5500,"Notepad.exe",,,,"C:\Windows\System32\propsys.dll",,,,,,,,,,,,[],,,,,,,,,15112,,,,,,,,,,,,,,,,,,,,,,,,,,,,,,,,,,,,3411663920,140736783384576,140736783384576,1157670,1101824,,,,,,,,,,,,,,,,,,,,,,,,,,,,,,,,,,,,,,,,,,,,,,,,,,,,,,,,,,,,,,,,,,,,,,,
"2025-09-02 15:13:24.0463744Z","ETW","Microsoft-Windows-Kernel-Process",6,"ImageUnloadInfo ",15112,5500,"Notepad.exe",,,,"C:\Windows\System32\Microsoft.Internal.WarpPal.dll",,,,,,,,,,,,[],,,,,,,,,15112,,,,,,,,,,,,,,,,,,,,,,,,,,,,,,,,,,,,2132685858,140736790986752,140736790986752,167600,102400,,,,,,,,,,,,,,,,,,,,,,,,,,,,,,,,,,,,,,,,,,,,,,,,,,,,,,,,,,,,,,,,,,,,,,,
"2025-09-02 15:13:24.0463815Z","ETW","Microsoft-Windows-Kernel-Process",6,"ImageUnloadInfo ",15112,5500,"Notepad.exe",,,,"C:\Windows\System32\dcomp.dll",,,,,,,,,,,,[],,,,,,,,,15112,,,,,,,,,,,,,,,,,,,,,,,,,,,,,,,,,,,,3115286930,140736806715392,140736806715392,2336173,2269184,,,,,,,,,,,,,,,,,,,,,,,,,,,,,,,,,,,,,,,,,,,,,,,,,,,,,,,,,,,,,,,,,,,,,,,
"2025-09-02 15:13:24.0463890Z","ETW","Microsoft-Windows-Kernel-Process",6,"ImageUnloadInfo ",15112,5500,"Notepad.exe",,,,"C:\Windows\System32\CoreMessaging.dll",,,,,,,,,,,,[],,,,,,,,,15112,,,,,,,,,,,,,,,,,,,,,,,,,,,,,,,,,,,,3802617839,140736813531136,140736813531136,1276090,1200128,,,,,,,,,,,,,,,,,,,,,,,,,,,,,,,,,,,,,,,,,,,,,,,,,,,,,,,,,,,,,,,,,,,,,,,
"2025-09-02 15:13:24.0463924Z","ETW","Microsoft-Windows-Kernel-Process",6,"ImageUnloadInfo ",15112,5500,"Notepad.exe",,,,"C:\Program Files\WindowsApps\Microsoft.VCLibs.140.00.UWPDesktop_14.0.33728.0_x64__8wekyb3d8bbwe\vcruntime140_1.dll",,,,,,,,,,,,[],,,,,,,,,15112,,,,,,,,,,,,,,,,,,,,,,,,,,,,,,,,,,,,1073573567,140736817594368,140736817594368,66730,49152,,,,,,,,,,,,,,,,,,,,,,,,,,,,,,,,,,,,,,,,,,,,,,,,,,,,,,,,,,,,,,,,,,,,,,,
"2025-09-02 15:13:24.0463999Z","ETW","Microsoft-Windows-Kernel-Process",6,"ImageUnloadInfo ",15112,5500,"Notepad.exe",,,,"C:\Windows\System32\uxtheme.dll",,,,,,,,,,,,[],,,,,,,,,15112,,,,,,,,,,,,,,,,,,,,,,,,,,,,,,,,,,,,1095616687,140736820019200,140736820019200,769574,716800,,,,,,,,,,,,,,,,,,,,,,,,,,,,,,,,,,,,,,,,,,,,,,,,,,,,,,,,,,,,,,,,,,,,,,,
"2025-09-02 15:13:24.0464065Z","ETW","Microsoft-Windows-Kernel-Process",6,"ImageUnloadInfo ",15112,5500,"Notepad.exe",,,,"C:\Windows\System32\dwmapi.dll",,,,,,,,,,,,[],,,,,,,,,15112,,,,,,,,,,,,,,,,,,,,,,,,,,,,,,,,,,,,960295296,140736822902784,140736822902784,264900,217088,,,,,,,,,,,,,,,,,,,,,,,,,,,,,,,,,,,,,,,,,,,,,,,,,,,,,,,,,,,,,,,,,,,,,,,
"2025-09-02 15:13:24.0464138Z","ETW","Microsoft-Windows-Kernel-Process",6,"ImageUnloadInfo ",15112,5500,"Notepad.exe",,,,"C:\Windows\System32\windows.storage.dll",,,,,,,,,,,,[],,,,,,,,,15112,,,,,,,,,,,,,,,,,,,,,,,,,,,,,,,,,,,,156427775,140736830046208,140736830046208,8870321,8781824,,,,,,,,,,,,,,,,,,,,,,,,,,,,,,,,,,,,,,,,,,,,,,,,,,,,,,,,,,,,,,,,,,,,,,,
"2025-09-02 15:13:24.0464238Z","ETW","Microsoft-Windows-Kernel-Process",6,"ImageUnloadInfo ",15112,5500,"Notepad.exe",,,,"C:\Windows\System32\netutils.dll",,,,,,,,,,,,[],,,,,,,,,15112,,,,,,,,,,,,,,,,,,,,,,,,,,,,,,,,,,,,865845000,140736841973760,140736841973760,80696,53248,,,,,,,,,,,,,,,,,,,,,,,,,,,,,,,,,,,,,,,,,,,,,,,,,,,,,,,,,,,,,,,,,,,,,,,
"2025-09-02 15:13:24.0464311Z","ETW","Microsoft-Windows-Kernel-Process",6,"ImageUnloadInfo ",15112,5500,"Notepad.exe",,,,"C:\Windows\System32\kernel.appcore.dll",,,,,,,,,,,,[],,,,,,,,,15112,,,,,,,,,,,,,,,,,,,,,,,,,,,,,,,,,,,,4117383687,140736848265216,140736848265216,158572,110592,,,,,,,,,,,,,,,,,,,,,,,,,,,,,,,,,,,,,,,,,,,,,,,,,,,,,,,,,,,,,,,,,,,,,,,
"2025-09-02 15:13:24.0464384Z","ETW","Microsoft-Windows-Kernel-Process",6,"ImageUnloadInfo ",15112,5500,"Notepad.exe",,,,"C:\Windows\System32\ntmarta.dll",,,,,,,,,,,,[],,,,,,,,,15112,,,,,,,,,,,,,,,,,,,,,,,,,,,,,,,,,,,,2803059627,140736849510400,140736849510400,286201,221184,,,,,,,,,,,,,,,,,,,,,,,,,,,,,,,,,,,,,,,,,,,,,,,,,,,,,,,,,,,,,,,,,,,,,,,
"2025-09-02 15:13:24.0464459Z","ETW","Microsoft-Windows-Kernel-Process",6,"ImageUnloadInfo ",15112,5500,"Notepad.exe",,,,"C:\Windows\System32\cfgmgr32.dll",,,,,,,,,,,,[],,,,,,,,,15112,,,,,,,,,,,,,,,,,,,,,,,,,,,,,,,,,,,,836129831,140736862748672,140736862748672,378754,356352,,,,,,,,,,,,,,,,,,,,,,,,,,,,,,,,,,,,,,,,,,,,,,,,,,,,,,,,,,,,,,,,,,,,,,,
"2025-09-02 15:13:24.0464523Z","ETW","Microsoft-Windows-Kernel-Process",6,"ImageUnloadInfo ",15112,5500,"Notepad.exe",,,,"C:\Windows\System32\profapi.dll",,,,,,,,,,,,[],,,,,,,,,15112,,,,,,,,,,,,,,,,,,,,,,,,,,,,,,,,,,,,2107422311,140736866746368,140736866746368,182967,167936,,,,,,,,,,,,,,,,,,,,,,,,,,,,,,,,,,,,,,,,,,,,,,,,,,,,,,,,,,,,,,,,,,,,,,,
"2025-09-02 15:13:24.0464609Z","ETW","Microsoft-Windows-Kernel-Process",6,"ImageUnloadInfo ",15112,5500,"Notepad.exe",,,,"C:\Windows\System32\bcryptprimitives.dll",,,,,,,,,,,,[],,,,,,,,,15112,,,,,,,,,,,,,,,,,,,,,,,,,,,,,,,,,,,,3318233078,140736867663872,140736867663872,705120,626688,,,,,,,,,,,,,,,,,,,,,,,,,,,,,,,,,,,,,,,,,,,,,,,,,,,,,,,,,,,,,,,,,,,,,,,
"2025-09-02 15:13:24.0464686Z","ETW","Microsoft-Windows-Kernel-Process",6,"ImageUnloadInfo ",15112,5500,"Notepad.exe",,,,"C:\Windows\System32\msvcp_win.dll",,,,,,,,,,,,[],,,,,,,,,15112,,,,,,,,,,,,,,,,,,,,,,,,,,,,,,,,,,,,2240469762,140736868319232,140736868319232,703256,667648,,,,,,,,,,,,,,,,,,,,,,,,,,,,,,,,,,,,,,,,,,,,,,,,,,,,,,,,,,,,,,,,,,,,,,,
"2025-09-02 15:13:24.0464759Z","ETW","Microsoft-Windows-Kernel-Process",6,"ImageUnloadInfo ",15112,5500,"Notepad.exe",,,,"C:\Windows\System32\gdi32full.dll",,,,,,,,,,,,[],,,,,,,,,15112,,,,,,,,,,,,,,,,,,,,,,,,,,,,,,,,,,,,4226913238,140736869040128,140736869040128,1298614,1277952,,,,,,,,,,,,,,,,,,,,,,,,,,,,,,,,,,,,,,,,,,,,,,,,,,,,,,,,,,,,,,,,,,,,,,,
"2025-09-02 15:13:24.0464863Z","ETW","Microsoft-Windows-Kernel-Process",6,"ImageUnloadInfo ",15112,5500,"Notepad.exe",,,,"C:\Windows\System32\WinTypes.dll",,,,,,,,,,,,[],,,,,,,,,15112,,,,,,,,,,,,,,,,,,,,,,,,,,,,,,,,,,,,3655579039,140736870350848,140736870350848,1545528,1519616,,,,,,,,,,,,,,,,,,,,,,,,,,,,,,,,,,,,,,,,,,,,,,,,,,,,,,,,,,,,,,,,,,,,,,,
"2025-09-02 15:13:24.0464933Z","ETW","Microsoft-Windows-Kernel-Process",6,"ImageUnloadInfo ",15112,5500,"Notepad.exe",,,,"C:\Windows\System32\KernelBase.dll",,,,,,,,,,,,[],,,,,,,,,15112,,,,,,,,,,,,,,,,,,,,,,,,,,,,,,,,,,,,1916522255,140736871923712,140736871923712,4150506,4128768,,,,,,,,,,,,,,,,,,,,,,,,,,,,,,,,,,,,,,,,,,,,,,,,,,,,,,,,,,,,,,,,,,,,,,,
"2025-09-02 15:13:24.0464997Z","ETW","Microsoft-Windows-Kernel-Process",6,"ImageUnloadInfo ",15112,5500,"Notepad.exe",,,,"C:\Windows\System32\win32u.dll",,,,,,,,,,,,[],,,,,,,,,15112,,,,,,,,,,,,,,,,,,,,,,,,,,,,,,,,,,,,4080079730,140736876118016,140736876118016,179667,159744,,,,,,,,,,,,,,,,,,,,,,,,,,,,,,,,,,,,,,,,,,,,,,,,,,,,,,,,,,,,,,,,,,,,,,,
"2025-09-02 15:13:24.0465054Z","ETW","Microsoft-Windows-Kernel-Process",6,"ImageUnloadInfo ",15112,5500,"Notepad.exe",,,,"C:\Windows\System32\ucrtbase.dll",,,,,,,,,,,,[],,,,,,,,,15112,,,,,,,,,,,,,,,,,,,,,,,,,,,,,,,,,,,,3686092271,140736876314624,140736876314624,1418583,1355776,,,,,,,,,,,,,,,,,,,,,,,,,,,,,,,,,,,,,,,,,,,,,,,,,,,,,,,,,,,,,,,,,,,,,,,
"2025-09-02 15:13:24.0465120Z","ETW","Microsoft-Windows-Kernel-Process",6,"ImageUnloadInfo ",15112,5500,"Notepad.exe",,,,"C:\Windows\System32\crypt32.dll",,,,,,,,,,,,[],,,,,,,,,15112,,,,,,,,,,,,,,,,,,,,,,,,,,,,,,,,,,,,787559986,140736879067136,140736879067136,1546966,1536000,,,,,,,,,,,,,,,,,,,,,,,,,,,,,,,,,,,,,,,,,,,,,,,,,,,,,,,,,,,,,,,,,,,,,,,
"2025-09-02 15:13:24.0465201Z","ETW","Microsoft-Windows-Kernel-Process",6,"ImageUnloadInfo ",15112,5500,"Notepad.exe",,,,"C:\Windows\System32\sechost.dll",,,,,,,,,,,,[],,,,,,,,,15112,,,,,,,,,,,,,,,,,,,,,,,,,,,,,,,,,,,,918957807,140736881033216,140736881033216,733904,679936,,,,,,,,,,,,,,,,,,,,,,,,,,,,,,,,,,,,,,,,,,,,,,,,,,,,,,,,,,,,,,,,,,,,,,,
"2025-09-02 15:13:24.0465268Z","ETW","Microsoft-Windows-Kernel-Process",6,"ImageUnloadInfo ",15112,5500,"Notepad.exe",,,,"C:\Windows\System32\rpcrt4.dll",,,,,,,,,,,,[],,,,,,,,,15112,,,,,,,,,,,,,,,,,,,,,,,,,,,,,,,,,,,,755903142,140736881754112,140736881754112,1201440,1146880,,,,,,,,,,,,,,,,,,,,,,,,,,,,,,,,,,,,,,,,,,,,,,,,,,,,,,,,,,,,,,,,,,,,,,,
"2025-09-02 15:13:24.0465333Z","ETW","Microsoft-Windows-Kernel-Process",6,"ImageUnloadInfo ",15112,5500,"Notepad.exe",,,,"C:\Windows\System32\shell32.dll",,,,,,,,,,,,[],,,,,,,,,15112,,,,,,,,,,,,,,,,,,,,,,,,,,,,,,,,,,,,951285368,140736882933760,140736882933760,7762708,7655424,,,,,,,,,,,,,,,,,,,,,,,,,,,,,,,,,,,,,,,,,,,,,,,,,,,,,,,,,,,,,,,,,,,,,,,
"2025-09-02 15:13:24.0465398Z","ETW","Microsoft-Windows-Kernel-Process",6,"ImageUnloadInfo ",15112,5500,"Notepad.exe",,,,"C:\Windows\System32\shlwapi.dll",,,,,,,,,,,,[],,,,,,,,,15112,,,,,,,,,,,,,,,,,,,,,,,,,,,,,,,,,,,,17834217,140736890601472,140736890601472,465141,434176,,,,,,,,,,,,,,,,,,,,,,,,,,,,,,,,,,,,,,,,,,,,,,,,,,,,,,,,,,,,,,,,,,,,,,,
"2025-09-02 15:13:24.0465502Z","ETW","Microsoft-Windows-Kernel-Process",6,"ImageUnloadInfo ",15112,5500,"Notepad.exe",,,,"C:\Windows\System32\clbcatq.dll",,,,,,,,,,,,[],,,,,,,,,15112,,,,,,,,,,,,,,,,,,,,,,,,,,,,,,,,,,,,1600192633,140736892108800,140736892108800,700133,688128,,,,,,,,,,,,,,,,,,,,,,,,,,,,,,,,,,,,,,,,,,,,,,,,,,,,,,,,,,,,,,,,,,,,,,,
"2025-09-02 15:13:24.0465571Z","ETW","Microsoft-Windows-Kernel-Process",6,"ImageUnloadInfo ",15112,5500,"Notepad.exe",,,,"C:\Windows\System32\oleaut32.dll",,,,,,,,,,,,[],,,,,,,,,15112,,,,,,,,,,,,,,,,,,,,,,,,,,,,,,,,,,,,2785821912,140736894861312,140736894861312,927709,917504,,,,,,,,,,,,,,,,,,,,,,,,,,,,,,,,,,,,,,,,,,,,,,,,,,,,,,,,,,,,,,,,,,,,,,,
"2025-09-02 15:13:24.0465635Z","ETW","Microsoft-Windows-Kernel-Process",6,"ImageUnloadInfo ",15112,5500,"Notepad.exe",,,,"C:\Windows\System32\advapi32.dll",,,,,,,,,,,,[],,,,,,,,,15112,,,,,,,,,,,,,,,,,,,,,,,,,,,,,,,,,,,,2886261828,140736895844352,140736895844352,804270,737280,,,,,,,,,,,,,,,,,,,,,,,,,,,,,,,,,,,,,,,,,,,,,,,,,,,,,,,,,,,,,,,,,,,,,,,
"2025-09-02 15:13:24.0465699Z","ETW","Microsoft-Windows-Kernel-Process",6,"ImageUnloadInfo ",15112,5500,"Notepad.exe",,,,"C:\Windows\System32\imm32.dll",,,,,,,,,,,,[],,,,,,,,,15112,,,,,,,,,,,,,,,,,,,,,,,,,,,,,,,,,,,,2763417762,140736896630784,140736896630784,237947,192512,,,,,,,,,,,,,,,,,,,,,,,,,,,,,,,,,,,,,,,,,,,,,,,,,,,,,,,,,,,,,,,,,,,,,,,
"2025-09-02 15:13:24.0465761Z","ETW","Microsoft-Windows-Kernel-Process",6,"ImageUnloadInfo ",15112,5500,"Notepad.exe",,,,"C:\Windows\System32\kernel32.dll",,,,,,,,,,,,[],,,,,,,,,15112,,,,,,,,,,,,,,,,,,,,,,,,,,,,,,,,,,,,2842556120,140736896892928,140736896892928,880212,823296,,,,,,,,,,,,,,,,,,,,,,,,,,,,,,,,,,,,,,,,,,,,,,,,,,,,,,,,,,,,,,,,,,,,,,,
"2025-09-02 15:13:24.0465833Z","ETW","Microsoft-Windows-Kernel-Process",6,"ImageUnloadInfo ",15112,5500,"Notepad.exe",,,,"C:\Windows\System32\ole32.dll",,,,,,,,,,,,[],,,,,,,,,15112,,,,,,,,,,,,,,,,,,,,,,,,,,,,,,,,,,,,916019586,140736897744896,140736897744896,1774113,1703936,,,,,,,,,,,,,,,,,,,,,,,,,,,,,,,,,,,,,,,,,,,,,,,,,,,,,,,,,,,,,,,,,,,,,,,
"2025-09-02 15:13:24.0465900Z","ETW","Microsoft-Windows-Kernel-Process",6,"ImageUnloadInfo ",15112,5500,"Notepad.exe",,,,"C:\Windows\System32\comdlg32.dll",,,,,,,,,,,,[],,,,,,,,,15112,,,,,,,,,,,,,,,,,,,,,,,,,,,,,,,,,,,,2232847580,140736899514368,140736899514368,1033793,1015808,,,,,,,,,,,,,,,,,,,,,,,,,,,,,,,,,,,,,,,,,,,,,,,,,,,,,,,,,,,,,,,,,,,,,,,
"2025-09-02 15:13:24.0465959Z","ETW","Microsoft-Windows-Kernel-Process",6,"ImageUnloadInfo ",15112,5500,"Notepad.exe",,,,"C:\Windows\System32\gdi32.dll",,,,,,,,,,,,[],,,,,,,,,15112,,,,,,,,,,,,,,,,,,,,,,,,,,,,,,,,,,,,226377214,140736902135808,140736902135808,213118,176128,,,,,,,,,,,,,,,,,,,,,,,,,,,,,,,,,,,,,,,,,,,,,,,,,,,,,,,,,,,,,,,,,,,,,,,
"2025-09-02 15:13:24.0466020Z","ETW","Microsoft-Windows-Kernel-Process",6,"ImageUnloadInfo ",15112,5500,"Notepad.exe",,,,"C:\Windows\System32\SHCore.dll",,,,,,,,,,,,[],,,,,,,,,15112,,,,,,,,,,,,,,,,,,,,,,,,,,,,,,,,,,,,742317482,140736902660096,140736902660096,1049363,1003520,,,,,,,,,,,,,,,,,,,,,,,,,,,,,,,,,,,,,,,,,,,,,,,,,,,,,,,,,,,,,,,,,,,,,,,
"2025-09-02 15:13:24.0466117Z","ETW","Microsoft-Windows-Kernel-Process",6,"ImageUnloadInfo ",15112,5500,"Notepad.exe",,,,"C:\Windows\System32\combase.dll",,,,,,,,,,,,[],,,,,,,,,15112,,,,,,,,,,,,,,,,,,,,,,,,,,,,,,,,,,,,670765882,140736909082624,140736909082624,3776119,3690496,,,,,,,,,,,,,,,,,,,,,,,,,,,,,,,,,,,,,,,,,,,,,,,,,,,,,,,,,,,,,,,,,,,,,,,
"2025-09-02 15:13:24.0466183Z","ETW","Microsoft-Windows-Kernel-Process",6,"ImageUnloadInfo ",15112,5500,"Notepad.exe",,,,"C:\Windows\System32\msvcrt.dll",,,,,,,,,,,,[],,,,,,,,,15112,,,,,,,,,,,,,,,,,,,,,,,,,,,,,,,,,,,,2634004398,140736913342464,140736913342464,729924,692224,,,,,,,,,,,,,,,,,,,,,,,,,,,,,,,,,,,,,,,,,,,,,,,,,,,,,,,,,,,,,,,,,,,,,,,
"2025-09-02 15:13:24.0466248Z","ETW","Microsoft-Windows-Kernel-Process",6,"ImageUnloadInfo ",15112,5500,"Notepad.exe",,,,"C:\Windows\System32\user32.dll",,,,,,,,,,,,[],,,,,,,,,15112,,,,,,,,,,,,,,,,,,,,,,,,,,,,,,,,,,,,3594986103,140736914063360,140736914063360,1919723,1855488,,,,,,,,,,,,,,,,,,,,,,,,,,,,,,,,,,,,,,,,,,,,,,,,,,,,,,,,,,,,,,,,,,,,,,,
"2025-09-02 15:13:24.0466312Z","ETW","Microsoft-Windows-Kernel-Process",6,"ImageUnloadInfo ",15112,5500,"Notepad.exe",,,,"C:\Windows\System32\ntdll.dll",,,,,,,,,,,,[],,,,,,,,,15112,,,,,,,,,,,,,,,,,,,,,,,,,,,,,,,,,,,,2512787800,140736916750336,140736916750336,2531053,2519040,,,,,,,,,,,,,,,,,,,,,,,,,,,,,,,,,,,,,,,,,,,,,,,,,,,,,,,,,,,,,,,,,,,,,,,
"2025-09-02 15:13:24.0466480Z","ETW","Microsoft-Windows-Kernel-Process",2,"ProcessStopStop ",15112,5500,"Notepad.exe",,,,"Notepad.exe",,,,,,,,,,,,[],,,,,,,,,15112,,,,,,,,,,,,,,,,,,,,,,,134012995974371011,,,,,,,,31823,,,,,,,,,,,,,,,,,,,,,,,,,,,,,,,,,,,,,,,,,,,,,,,175700220,3215360,3264512,3221225477,134012996040461525,201,0,0,0,3,0,0,,,,,,,,,,,,,,,,,,,,,,
"2025-09-02 15:13:24.0466992Z","ETW","Microsoft-Windows-Kernel-Audit-API-Calls",5,"Info ",15112,5500,"Notepad.exe",,,,,,,,,,,,,,,,[],,,,,,,,,,,,,,,,,,,1024,0,15112,,,,,,,,,,,,,,,,,,,,,,,,,,,,,,,,,,,,,,,,,,,,,,,,,,,,,,,,,,,,,,,,,,,,,,,,,,,,,,,,,,,,,,,,,,,,,,,,,,,
"2025-09-02 15:13:24.0467059Z","ETW","Microsoft-Windows-Kernel-Audit-API-Calls",5,"Info ",15112,5500,"Notepad.exe",,,,,,,,,,,,,,,,[],,,,,,,,,,,,,,,,,,,1024,0,15112,,,,,,,,,,,,,,,,,,,,,,,,,,,,,,,,,,,,,,,,,,,,,,,,,,,,,,,,,,,,,,,,,,,,,,,,,,,,,,,,,,,,,,,,,,,,,,,,,,,
"2025-09-02 15:13:24.0467430Z","ETW","Microsoft-Antimalware-Engine",26,"Behavior Monitoring BmProcessTerminate",15112,11468,"Notepad.exe",,,,,,,,,,,,,,,,[],,,,,,,,,,,,,,,,,,,,,,,,,,,,,,,,,,,,,,,,,,,,,,,,,,,,,,,,,,,,,,,,,,,,,,,,,,,,,,,,,,,,,,,,,,,,,,,,,,,,,,,,,,,,,,,,,,,,,,,,
"2025-09-02 15:13:24.0467531Z","ETW","Microsoft-Antimalware-Engine",73,"Behavior Monitoring ProcessMonitorFlags",15112,11468,"Notepad.exe",,,,"C:\Program Files\WindowsApps\Microsoft.WindowsNotepad_11.2506.35.0_x64__8wekyb3d8bbwe\Notepad\Notepad.exe",,,,,,,,,,,,[],,,,,,,,,,,,,,,,,,,,,,,,134012995974371011,,,,,,,,,,,,,,,,,,,,,,,,,,,,,,,,,,,,,140733808574464,"Termination","0x400003FF","0x0","0x44","0x0","0x0","0x0",,,,,,,,,,,,,,,,,,,,,,,,,,,,,,,,,,,,,,,,,,,,,,,,,,,,
"2025-09-02 15:13:24.0467952Z","ETW","Microsoft-Windows-Kernel-Audit-API-Calls",5,"Info ",1912,11468,"MsMpEng.exe",,,,,,,,,,,,,,,,[{"addr":140736918203764,"idx":0},{"addr":140736872731894,"idx":1},{"addr":140733810479103,"idx":2},{"addr":140733810478599,"idx":3},{"addr":140733811467421,"idx":4},{"addr":140733811466488,"idx":5},{"addr":140733810455581,"idx":6},{"addr":140733810413765,"idx":7},{"addr":140733810417057,"idx":8},{"addr":140733810415802,"idx":9},{"addr":140733810413462,"idx":10},{"addr":140733810411633,"idx":11},{"addr":140733810411092,"idx":12},{"addr":140733815162932,"idx":13},{"addr":140733815162655,"idx":14},{"addr":140736917255712,"idx":15},{"addr":140736917350945,"idx":16},{"addr":140736897083607,"idx":17},{"addr":140736916996940,"idx":18}],,,,,,,,,,,,,,,,,,,5136,0,15112,,,,,,,,,,,,,,,,,,,,,,,,,,,,,,,,,,,,,,,,,,,,,,,,,,,,,,,,,,,,,,,,,,,,,,,,,,,,,,,,,,,,,,,,,,,,,,,,,,,
"2025-09-02 15:13:24.0471702Z","ETW","Microsoft-Windows-Kernel-Audit-API-Calls",6,"Info ",1912,8,"MsMpEng.exe",,,,,,,,,,,,,,,,[{"addr":140736918212548,"idx":0},{"addr":140736872857142,"idx":1},{"addr":140736738243895,"idx":2},{"addr":140736738242452,"idx":3},{"addr":140736657604428,"idx":4},{"addr":140736657598535,"idx":5},{"addr":140736657597146,"idx":6},{"addr":140736658259206,"idx":7},{"addr":140736657749938,"idx":8},{"addr":140736657909615,"idx":9},{"addr":140736658079503,"idx":10},{"addr":140736897083607,"idx":11},{"addr":140736916996940,"idx":12}],,,,,,,,,,,,,,,,,,,2097151,0,1912,8,,,,,,,,,,,,,,,,,,,,,,,,,,,,,,,,,,,,,,,,,,,,,,,,,,,,,,,,,,,,,,,,,,,,,,,,,,,,,,,,,,,,,,,,,,,,,,,,,,
"2025-09-02 15:13:24.0514873Z","ETW","Microsoft-Windows-Kernel-File",30,"CreateNewFileInfo ",2544,2728,"svchost.exe",,,,"C:\Windows\Prefetch\NOTEPAD.EXE-2BAE6F50.pf",,,,,,,,,,,,[{"addr":140736918205268,"idx":0},{"addr":140736872716567,"idx":1},{"addr":140736872407957,"idx":2},{"addr":140736622686411,"idx":3},{"addr":140736622799555,"idx":4},{"addr":140736622805526,"idx":5},{"addr":140736622878872,"idx":6},{"addr":140736622877246,"idx":7},{"addr":140736623007058,"idx":8},{"addr":140736623083887,"idx":9},{"addr":140700308678045,"idx":10},{"addr":140736881194535,"idx":11},{"addr":140736897083607,"idx":12},{"addr":140736916996940,"idx":13}],0,83886176,18446660011223857680,18446660010821228488,2728,0,,,,,,,,,,,,,,,,,,,,,,,,,,,,,,,,,,,,,,,,,,,,,,,,,,,,,,,,,,,,,,,,,,,,,,,,,,,,,,,,,,,,,,,,,,,,,,,,,,,,,,,,,,,,,,,,,,
"2025-09-02 15:13:24.0516461Z","ETW","Microsoft-Windows-Kernel-Audit-API-Calls",6,"Info ",1912,8,"MsMpEng.exe",,,,,,,,,,,,,,,,[{"addr":140736918212548,"idx":0},{"addr":140736872857142,"idx":1},{"addr":140736738243895,"idx":2},{"addr":140736738242452,"idx":3},{"addr":140736657604428,"idx":4},{"addr":140736657598535,"idx":5},{"addr":140736657597146,"idx":6},{"addr":140736658259206,"idx":7},{"addr":140736657749938,"idx":8},{"addr":140736657909615,"idx":9},{"addr":140736658079503,"idx":10},{"addr":140736897083607,"idx":11},{"addr":140736916996940,"idx":12}],,,,,,,,,,,,,,,,,,,2097151,0,1912,8,,,,,,,,,,,,,,,,,,,,,,,,,,,,,,,,,,,,,,,,,,,,,,,,,,,,,,,,,,,,,,,,,,,,,,,,,,,,,,,,,,,,,,,,,,,,,,,,,,
"2025-09-02 15:13:24.1491701Z","ETW","Microsoft-Windows-Kernel-Process",3,"ThreadStartStart ",10596,13976,"devenv.exe",,,,,,,,,,,,,,,,[{"addr":140736918216388,"idx":0},{"addr":140736917258753,"idx":1},{"addr":140736872809483,"idx":2},{"addr":140736699473328,"idx":3},{"addr":140736917274113,"idx":4},{"addr":140736917350957,"idx":5},{"addr":140736897083607,"idx":6},{"addr":140736916996940,"idx":7}],,,,,,,,,10596,18446639081572909056,18446639081572884480,140736917348896,0,831467651072,9628,831469649920,831469641728,140736917348896,,,,,,,,,,,,,,,,,,,,,,,,,,,,,,,,,,,,,,,,,,,,,,,,,,,,,,,,,,,,,,,,,,,,,,,,,,,,,,,,,,,,,,,,,,,,,,,,,,,,,,
"2025-09-02 15:13:24.1649025Z","ETW","Microsoft-Windows-Kernel-Process",3,"ThreadStartStart ",4,72,"System",,,,,,,,,,,,,,,,[],,,,,,,,,2692,18446639081576128512,18446639081576103936,140736917348896,0,131319324672,18440,131316383744,131316350976,140736917348896,,,,,,,,,,,,,,,,,,,,,,,,,,,,,,,,,,,,,,,,,,,,,,,,,,,,,,,,,,,,,,,,,,,,,,,,,,,,,,,,,,,,,,,,,,,,,,,,,,,,,,
"2025-09-02 15:13:24.2912078Z","ETW","Microsoft-Windows-Kernel-Process",4,"ThreadStopStop ",22040,14852,"vctip.exe",,,,,,,,,,,,,,,,[],,,,,,,,1237660,22040,18446639081656061952,18446639081656037376,140736917348896,0,844693766144,14852,844698222592,844698214400,140736917348896,,,,,,,,,,,,,,,,,,,,,,,,,,,,,,,,,,,,,,,,,,,,,,,,,,,,,,,,,,,,,,,,,,,,,,,,,,,,,,,,,,,,,,,,,,,,,,,,,,,,,,
"2025-09-02 15:13:24.2912467Z","ETW","Microsoft-Windows-Kernel-Process",4,"ThreadStopStop ",22040,4364,"vctip.exe",,,,,,,,,,,,,,,,[],,,,,,,,616740,22040,18446639081643761664,18446639081643737088,140736917348896,0,844693774336,4364,844699271168,844699262976,140736917348896,,,,,,,,,,,,,,,,,,,,,,,,,,,,,,,,,,,,,,,,,,,,,,,,,,,,,,,,,,,,,,,,,,,,,,,,,,,,,,,,,,,,,,,,,,,,,,,,,,,,,,
"2025-09-02 15:13:24.4359243Z","ETW","Microsoft-Windows-Kernel-Audit-API-Calls",5,"Info ",1672,16432,"svchost.exe",,,,,,,,,,,,,,,,[{"addr":140736918206916,"idx":0},{"addr":140736882337646,"idx":1},{"addr":140736910267593,"idx":2},{"addr":140736772574953,"idx":3},{"addr":140736773217717,"idx":4},{"addr":140736882620003,"idx":5},{"addr":140736882628366,"idx":6},{"addr":140736881847376,"idx":7},{"addr":140736909646461,"idx":8},{"addr":140736909646267,"idx":9},{"addr":140736909643574,"idx":10},{"addr":140736909641089,"idx":11},{"addr":140736910206646,"idx":12},{"addr":140736909298250,"idx":13},{"addr":140736909422200,"idx":14},{"addr":140736909684515,"idx":15},{"addr":140736882311415,"idx":16},{"addr":140736882088628,"idx":17},{"addr":140736882092154,"idx":18},{"addr":140736882015316,"idx":19},{"addr":140736882081820,"idx":20},{"addr":140736882106396,"idx":21},{"addr":140736882102691,"idx":22},{"addr":140736882098504,"idx":23},{"addr":140736917358174,"idx":24},{"addr":140736917350275,"idx":25},{"addr":140736897083607,"idx":26},{"addr":140736916996940,"idx":27}],,,,,,,,,,,,,,,,,,,4096,3221225506,4572,,,,,,,,,,,,,,,,,,,,,,,,,,,,,,,,,,,,,,,,,,,,,,,,,,,,,,,,,,,,,,,,,,,,,,,,,,,,,,,,,,,,,,,,,,,,,,,,,,,
"2025-09-02 15:13:24.4360672Z","ETW","Microsoft-Windows-Kernel-Audit-API-Calls",5,"Info ",1672,16432,"svchost.exe",,,,,,,,,,,,,,,,[{"addr":140736918203764,"idx":0},{"addr":140736872731894,"idx":1},{"addr":140736773031598,"idx":2},{"addr":140736772575045,"idx":3},{"addr":140736773217717,"idx":4},{"addr":140736882620003,"idx":5},{"addr":140736882628366,"idx":6},{"addr":140736881847376,"idx":7},{"addr":140736909646461,"idx":8},{"addr":140736909646267,"idx":9},{"addr":140736909643574,"idx":10},{"addr":140736909641089,"idx":11},{"addr":140736910206646,"idx":12},{"addr":140736909298250,"idx":13},{"addr":140736909422200,"idx":14},{"addr":140736909684515,"idx":15},{"addr":140736882311415,"idx":16},{"addr":140736882088628,"idx":17},{"addr":140736882092154,"idx":18},{"addr":140736882015316,"idx":19},{"addr":140736882081820,"idx":20},{"addr":140736882106396,"idx":21},{"addr":140736882102691,"idx":22},{"addr":140736882098504,"idx":23},{"addr":140736917358174,"idx":24},{"addr":140736917350275,"idx":25},{"addr":140736897083607,"idx":26},{"addr":140736916996940,"idx":27}],,,,,,,,,,,,,,,,,,,4096,3221225483,4294967295,,,,,,,,,,,,,,,,,,,,,,,,,,,,,,,,,,,,,,,,,,,,,,,,,,,,,,,,,,,,,,,,,,,,,,,,,,,,,,,,,,,,,,,,,,,,,,,,,,,
"2025-09-02 15:13:24.4816612Z","ETW","Microsoft-Windows-Kernel-Process",4,"ThreadStopStop ",22040,10676,"vctip.exe",,,,,,,,,,,,,,,,[],,,,,,,,24052100,22040,18446639081635520512,18446639081635495936,140736917348896,0,844693602304,10676,844697174016,844697157632,140736917348896,,,,,,,,,,,,,,,,,,,,,,,,,,,,,,,,,,,,,,,,,,,,,,,,,,,,,,,,,,,,,,,,,,,,,,,,,,,,,,,,,,,,,,,,,,,,,,,,,,,,,,
"2025-09-02 15:13:24.5607574Z","ETW","Microsoft-Windows-Kernel-Process",4,"ThreadStopStop ",1436,18204,"svchost.exe",,,,,,,,,,,,,,,,[],,,,,,,,1176100,1436,18446639081656291328,18446639081656266752,140736910320112,197,591019261952,18204,591021473792,591021441024,140736910320112,,,,,,,,,,,,,,,,,,,,,,,,,,,,,,,,,,,,,,,,,,,,,,,,,,,,,,,,,,,,,,,,,,,,,,,,,,,,,,,,,,,,,,,,,,,,,,,,,,,,,,
"2025-09-02 15:13:24.7034315Z","ETW","Microsoft-Windows-Kernel-Process",4,"ThreadStopStop ",8380,11456,"SecurityHealthService.exe",,,,,,,,,,,,,,,,[],,,,,,,,1933440,8380,18446639081671544832,18446639081671520256,140736917348896,0,622358953984,11456,622356463616,622356455424,140736917348896,,,,,,,,,,,,,,,,,,,,,,,,,,,,,,,,,,,,,,,,,,,,,,,,,,,,,,,,,,,,,,,,,,,,,,,,,,,,,,,,,,,,,,,,,,,,,,,,,,,,,,
"2025-09-02 15:13:24.7197156Z","ETW","Microsoft-Windows-Kernel-Audit-API-Calls",6,"Info ",1912,8,"MsMpEng.exe",,,,,,,,,,,,,,,,[{"addr":140736918212548,"idx":0},{"addr":140736872857142,"idx":1},{"addr":140736738243895,"idx":2},{"addr":140736738242452,"idx":3},{"addr":140736657604428,"idx":4},{"addr":140736657598535,"idx":5},{"addr":140736657597146,"idx":6},{"addr":140736658259206,"idx":7},{"addr":140736657749938,"idx":8},{"addr":140736657909615,"idx":9},{"addr":140736658079503,"idx":10},{"addr":140736897083607,"idx":11},{"addr":140736916996940,"idx":12}],,,,,,,,,,,,,,,,,,,2097151,0,1912,8,,,,,,,,,,,,,,,,,,,,,,,,,,,,,,,,,,,,,,,,,,,,,,,,,,,,,,,,,,,,,,,,,,,,,,,,,,,,,,,,,,,,,,,,,,,,,,,,,,
"2025-09-02 15:13:24.7208395Z","ETW","Microsoft-Windows-Kernel-File",30,"CreateNewFileInfo ",2544,2728,"svchost.exe",,,,"C:\Windows\Prefetch\SEARCHPROTOCOLHOST.EXE-C6CFE2A8.pf",,,,,,,,,,,,[{"addr":140736918205268,"idx":0},{"addr":140736872716567,"idx":1},{"addr":140736872407957,"idx":2},{"addr":140736622686411,"idx":3},{"addr":140736622799555,"idx":4},{"addr":140736622805526,"idx":5},{"addr":140736622878872,"idx":6},{"addr":140736622877246,"idx":7},{"addr":140736623007058,"idx":8},{"addr":140736623083887,"idx":9},{"addr":140700308678045,"idx":10},{"addr":140736881194535,"idx":11},{"addr":140736897083607,"idx":12},{"addr":140736916996940,"idx":13}],0,83886176,18446660011201417344,18446660011071530520,2728,0,,,,,,,,,,,,,,,,,,,,,,,,,,,,,,,,,,,,,,,,,,,,,,,,,,,,,,,,,,,,,,,,,,,,,,,,,,,,,,,,,,,,,,,,,,,,,,,,,,,,,,,,,,,,,,,,,,
"2025-09-02 15:13:24.7210295Z","ETW","Microsoft-Windows-Kernel-Audit-API-Calls",6,"Info ",1912,8,"MsMpEng.exe",,,,,,,,,,,,,,,,[{"addr":140736918212548,"idx":0},{"addr":140736872857142,"idx":1},{"addr":140736738243895,"idx":2},{"addr":140736738242452,"idx":3},{"addr":140736657604428,"idx":4},{"addr":140736657598535,"idx":5},{"addr":140736657597146,"idx":6},{"addr":140736658259206,"idx":7},{"addr":140736657749938,"idx":8},{"addr":140736657909615,"idx":9},{"addr":140736658079503,"idx":10},{"addr":140736897083607,"idx":11},{"addr":140736916996940,"idx":12}],,,,,,,,,,,,,,,,,,,2097151,0,1912,8,,,,,,,,,,,,,,,,,,,,,,,,,,,,,,,,,,,,,,,,,,,,,,,,,,,,,,,,,,,,,,,,,,,,,,,,,,,,,,,,,,,,,,,,,,,,,,,,,,
"2025-09-02 15:13:25.0524373Z","ETW","Microsoft-Windows-Kernel-Audit-API-Calls",5,"Info ",1912,13536,"MsMpEng.exe",,,,,,,,,,,,,,,,[{"addr":140736918203764,"idx":0},{"addr":140736872731894,"idx":1},{"addr":140733810479103,"idx":2},{"addr":140733810476689,"idx":3},{"addr":140733810472975,"idx":4},{"addr":140733810472117,"idx":5},{"addr":140733810464644,"idx":6},{"addr":140736881050120,"idx":7},{"addr":140736881043887,"idx":8},{"addr":140736881177095,"idx":9},{"addr":140733814724037,"idx":10},{"addr":140733818700047,"idx":11},{"addr":140736897083607,"idx":12},{"addr":140736916996940,"idx":13}],,,,,,,,,,,,,,,,,,,4096,0,19992,,,,,,,,,,,,,,,,,,,,,,,,,,,,,,,,,,,,,,,,,,,,,,,,,,,,,,,,,,,,,,,,,,,,,,,,,,,,,,,,,,,,,,,,,,,,,,,,,,,
"2025-09-02 15:13:25.1332856Z","ETW","Microsoft-Windows-Kernel-Process",4,"ThreadStopStop ",5380,16236,"explorer.exe",,,,,,,,,,,,,,,,[],,,,,,,,8447400,5380,18446639081561104384,18446639081561079808,140736902700080,0,10366976,16236,100204544,100147200,140736902700080,,,,,,,,,,,,,,,,,,,,,,,,,,,,,,,,,,,,,,,,,,,,,,,,,,,,,,,,,,,,,,,,,,,,,,,,,,,,,,,,,,,,,,,,,,,,,,,,,,,,,,
"2025-09-02 15:13:25.5335040Z","ETW","Microsoft-Windows-Kernel-Audit-API-Calls",5,"Info ",1076,2148,"svchost.exe",,,,,,,,,,,,,,,,[{"addr":140736918203764,"idx":0},{"addr":140736872733451,"idx":1},{"addr":140736825967890,"idx":2},{"addr":140736882620003,"idx":3},{"addr":140736882628366,"idx":4},{"addr":140736882319852,"idx":5},{"addr":140736882311415,"idx":6},{"addr":140736882088628,"idx":7},{"addr":140736882092744,"idx":8},{"addr":140736882015316,"idx":9},{"addr":140736882081820,"idx":10},{"addr":140736882106396,"idx":11},{"addr":140736882102691,"idx":12},{"addr":140736882098504,"idx":13},{"addr":140736917358174,"idx":14},{"addr":140736917350275,"idx":15},{"addr":140736897083607,"idx":16},{"addr":140736916996940,"idx":17}],,,,,,,,,,,,,,,,,,,4096,0,2364,,,,,,,,,,,,,,,,,,,,,,,,,,,,,,,,,,,,,,,,,,,,,,,,,,,,,,,,,,,,,,,,,,,,,,,,,,,,,,,,,,,,,,,,,,,,,,,,,,,
"2025-09-02 15:13:25.5339403Z","ETW","Microsoft-Windows-Kernel-Audit-API-Calls",5,"Info ",1076,2148,"svchost.exe",,,,,,,,,,,,,,,,[{"addr":140736918203764,"idx":0},{"addr":140736872733451,"idx":1},{"addr":140736825967890,"idx":2},{"addr":140736882620003,"idx":3},{"addr":140736882628366,"idx":4},{"addr":140736882319852,"idx":5},{"addr":140736882311415,"idx":6},{"addr":140736882088628,"idx":7},{"addr":140736882092744,"idx":8},{"addr":140736882015316,"idx":9},{"addr":140736882081820,"idx":10},{"addr":140736882106396,"idx":11},{"addr":140736882102691,"idx":12},{"addr":140736882098504,"idx":13},{"addr":140736917358174,"idx":14},{"addr":140736917350275,"idx":15},{"addr":140736897083607,"idx":16},{"addr":140736916996940,"idx":17}],,,,,,,,,,,,,,,,,,,4096,0,2364,,,,,,,,,,,,,,,,,,,,,,,,,,,,,,,,,,,,,,,,,,,,,,,,,,,,,,,,,,,,,,,,,,,,,,,,,,,,,,,,,,,,,,,,,,,,,,,,,,,
"2025-09-02 15:13:25.5349603Z","ETW","Microsoft-Windows-Kernel-Process",3,"ThreadStartStart ",8480,8528,"VBoxTray.exe",,,,,,,,,,,,,,,,[{"addr":140736918208964,"idx":0},{"addr":140736872776761,"idx":1},{"addr":140736897102141,"idx":2},{"addr":140700739562943,"idx":3},{"addr":140700738743563,"idx":4},{"addr":140700738708092,"idx":5},{"addr":140700738524437,"idx":6},{"addr":140700738525031,"idx":7},{"addr":140700738460456,"idx":8},{"addr":140700738707791,"idx":9},{"addr":140700738743372,"idx":10},{"addr":140700739562611,"idx":11},{"addr":140700739562759,"idx":12},{"addr":140736897083607,"idx":13},{"addr":140736916996940,"idx":14}],,,,,,,,,8480,18446639081643761664,18446639081643737088,140700739562632,0,10756096,20004,16318464,16314368,140700739562632,,,,,,,,,,,,,,,,,,,,,,,,,,,,,,,,,,,,,,,,,,,,,,,,,,,,,,,,,,,,,,,,,,,,,,,,,,,,,,,,,,,,,,,,,,,,,,,,,,,,,,
"2025-09-02 15:13:25.5353388Z","ETW","Microsoft-Windows-Kernel-Process",4,"ThreadStopStop ",8480,20004,"VBoxTray.exe",,,,,,,,,,,,,,,,[],,,,,,,,454100,8480,18446639081643761664,18446639081643737088,140700739562632,0,10756096,20004,16318464,16310272,140700739562632,,,,,,,,,,,,,,,,,,,,,,,,,,,,,,,,,,,,,,,,,,,,,,,,,,,,,,,,,,,,,,,,,,,,,,,,,,,,,,,,,,,,,,,,,,,,,,,,,,,,,,
"2025-09-02 15:13:25.7186424Z","ETW","Microsoft-Windows-Kernel-Process",3,"ThreadStartStart ",4,72,"System",,,,,,,,,,,,,,,,[],,,,,,,,,8380,18446639081671544832,18446639081671520256,140736917348896,0,622358978560,15652,622356463616,622356455424,140736917348896,,,,,,,,,,,,,,,,,,,,,,,,,,,,,,,,,,,,,,,,,,,,,,,,,,,,,,,,,,,,,,,,,,,,,,,,,,,,,,,,,,,,,,,,,,,,,,,,,,,,,,
"2025-09-02 15:13:26.1768381Z","ETW","Microsoft-Windows-Kernel-Process",4,"ThreadStopStop ",504,3860,"PerfWatson2.exe",,,,,,,,,,,,,,,,[],,,,,,,,915040,504,18446639081568141312,18446639081568116736,140735664709408,0,264449236992,3860,264509849600,264509833216,140735664709408,,,,,,,,,,,,,,,,,,,,,,,,,,,,,,,,,,,,,,,,,,,,,,,,,,,,,,,,,,,,,,,,,,,,,,,,,,,,,,,,,,,,,,,,,,,,,,,,,,,,,,
"2025-09-02 15:13:26.1768874Z","ETW","Microsoft-Windows-Kernel-Process",4,"ThreadStopStop ",504,12876,"PerfWatson2.exe",,,,,,,,,,,,,,,,[],,,,,,,,5237160,504,18446639081545064448,18446639081545039872,140735664709408,0,264449130496,12876,264526888960,264526872576,140735664709408,,,,,,,,,,,,,,,,,,,,,,,,,,,,,,,,,,,,,,,,,,,,,,,,,,,,,,,,,,,,,,,,,,,,,,,,,,,,,,,,,,,,,,,,,,,,,,,,,,,,,,
"2025-09-02 15:13:26.1924869Z","ETW","Microsoft-Windows-Kernel-Process",4,"ThreadStopStop ",752,6528,"wininit.exe",,,,,,,,,,,,,,,,[],,,,,,,,364040,752,18446639081554411520,18446639081554386944,140736917348896,0,940501352448,6528,940499075072,940499017728,140736917348896,,,,,,,,,,,,,,,,,,,,,,,,,,,,,,,,,,,,,,,,,,,,,,,,,,,,,,,,,,,,,,,,,,,,,,,,,,,,,,,,,,,,,,,,,,,,,,,,,,,,,,
"2025-09-02 15:13:26.1924939Z","ETW","Microsoft-Windows-Kernel-Process",4,"ThreadStopStop ",824,17164,"winlogon.exe",,,,,,,,,,,,,,,,[],,,,,,,,226100,824,18446639081554440192,18446639081554415616,140736917348896,0,851678814208,17164,851681214464,851681157120,140736917348896,,,,,,,,,,,,,,,,,,,,,,,,,,,,,,,,,,,,,,,,,,,,,,,,,,,,,,,,,,,,,,,,,,,,,,,,,,,,,,,,,,,,,,,,,,,,,,,,,,,,,,
"2025-09-02 15:13:26.1924940Z","ETW","Microsoft-Windows-Kernel-Process",4,"ThreadStopStop ",5436,4436,"RuntimeBroker.exe",,,,,,,,,,,,,,,,[],,,,,,,,514520,5436,18446639081554468864,18446639081554444288,140736917348896,0,1014144507904,4436,1014142205952,1014142156800,140736917348896,,,,,,,,,,,,,,,,,,,,,,,,,,,,,,,,,,,,,,,,,,,,,,,,,,,,,,,,,,,,,,,,,,,,,,,,,,,,,,,,,,,,,,,,,,,,,,,,,,,,,,
"2025-09-02 15:13:26.2713536Z","ETW","Microsoft-Windows-Kernel-Process",4,"ThreadStopStop ",504,2892,"PerfWatson2.exe",,,,,,,,,,,,,,,,[],,,,,,,,1557240,504,18446639081565814784,18446639081565790208,140735664709408,0,264449228800,2892,264505655296,264505638912,140735664709408,,,,,,,,,,,,,,,,,,,,,,,,,,,,,,,,,,,,,,,,,,,,,,,,,,,,,,,,,,,,,,,,,,,,,,,,,,,,,,,,,,,,,,,,,,,,,,,,,,,,,,
