timestamp_sys,timestamp_etw,src_type,provider_name,event_id,task_info,process_id,thread_id,ppid,pid,targetpid,targettid,message,filepath,cachename,result,vname,name,sigseq,sigsha,commandline,firstparam,secondparam,allocationtype,baseaddress,callingprocesscreatetime,callingprocessid,callingprocessprotection,callingprocesssectionsignaturelevel,callingprocesssignaturelevel,callingprocessstartkey,callingthreadcreatetime,callingthreadid,protectionmask,targetprocesscreatetime,targetprocessprotection,targetprocesssectionsignaturelevel,targetprocesssignaturelevel,targetprocessstartkey,timestamp_ns,viewsize,stackbase,stacklimit,startaddr,subprocesstag,tebbase,threadid,userstackbase,userstacklimit,win32startaddr,defaultbase,imagebase,imagechecksum,imagesize,timedatestamp,desiredaccess,returncode,operationstatus,targetthreadcreatetime,targetthreadid,cycletime,bytescopied,filekey,createtime,flags,mandatorylabel,packagefullname,packagerelativeappid,parentprocessid,parentprocesssequencenumber,processsequencenumber,processtokenelevationtype,processtokeniselevated,sessionid,linksourcename,linktargetname,lastprotectionmask,originalprocesscreatetime,originalprocessid,originalprocessprotection,originalprocesssectionsignaturelevel,originalprocesssignaturelevel,originalprocessstartkey,regionsize,commitcharge,commitpeak,cpucyclecount,exitcode,exittime,handlecount,hardfaultcount,readoperationcount,readtransferkilobytes,tokenelevationtype,writeoperationcount,writetransferkilobytes,createattributes,createoptions,fileobject,irp,issuingthreadid,shareaccess
"2025-11-10 14:18:25.2756001Z","2025-11-10 14:18:25.2756001Z","ETW-TI","Microsoft-Windows-Threat-Intelligence",23,"KERNEL_THREATINT_TASK_MAPVIEW "," 6812 SearchProtocolHost.exe",664,,," 6812 SearchProtocolHost.exe",,,,,,,,,,,,,0,2005116780544,134050236724864196,4,114,28,30,5066549580791809,134072579052269149,664,"R-X",134072579052269103,0,0,0,5066549580817726,1762784305275600100,8192,,,,,,,,,,,,,,,,,,,,,,,,,,,,,,,,,,,,,,,,,,,,,,,,,,,,,,,,,,,,,
"2025-11-10 14:18:25.4307891Z","2025-11-10 14:18:25.4307891Z","ETW","Microsoft-Windows-Kernel-Process",3,"ThreadStart Start "," 6808 svchost.exe",8532,,," 6808 svchost.exe",,,,,,,,,,,,,,,,,,,,,,,,,,,,,1762784305430789100,,18446606103144103936,18446606103144075264,140737324634384,181,480425320448,5076,480429211648,480429178880,140737324634384,,,,,,,,,,,,,,,,,,,,,,,,,,,,,,,,,,,,,,,,,,,,,,,,,,,,
"2025-11-10 14:18:25.4341244Z","2025-11-10 14:18:25.4341244Z","ETW","Microsoft-Windows-Kernel-Process",5,"ImageLoad Info "," 4612 SearchFilterHost.exe",1960,,," 4612 SearchFilterHost.exe",,,"C:\Windows\System32\imm32.dll",,,,,,,,,,,,,,,,,,,,,,,,,,1762784305434124400,,,,,,,,,,,140737309310976,140737309310976,238320,192512,770155462,,,,,,,,,,,,,,,,,,,,,,,,,,,,,,,,,,,,,,,,,,,,,,,
"2025-11-10 14:18:25.4351377Z","2025-11-10 14:18:25.4351377Z","ETW","Microsoft-Windows-Kernel-Process",5,"ImageLoad Info "," 4612 SearchFilterHost.exe",1960,,," 4612 SearchFilterHost.exe",,,"C:\Windows\System32\kernel.appcore.dll",,,,,,,,,,,,,,,,,,,,,,,,,,1762784305435137700,,,,,,,,,,,140737244561408,140737244561408,122143,73728,1990571354,,,,,,,,,,,,,,,,,,,,,,,,,,,,,,,,,,,,,,,,,,,,,,,
"2025-11-10 14:18:25.4355462Z","2025-11-10 14:18:25.4355462Z","ETW","Microsoft-Windows-Kernel-Process",5,"ImageLoad Info "," 4612 SearchFilterHost.exe",1960,,," 4612 SearchFilterHost.exe",,,"C:\Windows\System32\bcryptprimitives.dll",,,,,,,,,,,,,,,,,,,,,,,,,,1762784305435546200,,,,,,,,,,,140737282572288,140737282572288,531569,532480,3309379821,,,,,,,,,,,,,,,,,,,,,,,,,,,,,,,,,,,,,,,,,,,,,,,
"2025-11-10 14:18:25.4364405Z","2025-11-10 14:18:25.4364405Z","ETW-TI","Microsoft-Windows-Threat-Intelligence",23,"KERNEL_THREATINT_TASK_MAPVIEW "," 4612 SearchFilterHost.exe",1960,,," 4612 SearchFilterHost.exe",,,,,,,,,,,,,0,2546748686336,134050236724864196,4,114,28,30,5066549580791809,134072579053939207,1960,"R-X",134072579053939175,0,0,0,5066549580817727,1762784305436440500,8192,,,,,,,,,,,,,,,,,,,,,,,,,,,,,,,,,,,,,,,,,,,,,,,,,,,,,,,,,,,,,
"2025-11-10 14:18:25.4420159Z","2025-11-10 14:18:25.4420159Z","ETW","Microsoft-Windows-Kernel-Process",5,"ImageLoad Info "," 4612 SearchFilterHost.exe",1960,,," 4612 SearchFilterHost.exe",,,"C:\Windows\System32\clbcatq.dll",,,,,,,,,,,,,,,,,,,,,,,,,,1762784305442015900,,,,,,,,,,,140737306230784,140737306230784,736478,692224,97696835,,,,,,,,,,,,,,,,,,,,,,,,,,,,,,,,,,,,,,,,,,,,,,,
"2025-11-10 14:18:25.4441176Z","2025-11-10 14:18:25.4441176Z","ETW","Microsoft-Windows-Kernel-Process",3,"ThreadStart Start "," 4612 SearchFilterHost.exe",1960,,," 4612 SearchFilterHost.exe",,,,,,,,,,,,,,,,,,,,,,,,,,,,,1762784305444117600,,18446606103144202240,18446606103144173568,140737287943264,0,436453801984,8244,436456128512,436456095744,140737287943264,,,,,,,,,,,,,,,,,,,,,,,,,,,,,,,,,,,,,,,,,,,,,,,,,,,,
"2025-11-10 14:18:25.4474048Z","2025-11-10 14:18:25.4474048Z","ETW","Microsoft-Windows-Kernel-Process",3,"ThreadStart Start ","    4 System",36,,," 4612 SearchFilterHost.exe",,,,,,,,,,,,,,,,,,,,,,,,,,,,,1762784305447404800,,18446606103144136704,18446606103144108032,140737324634384,0,436453810176,4932,436456652800,436456620032,140737324634384,,,,,,,,,,,,,,,,,,,,,,,,,,,,,,,,,,,,,,,,,,,,,,,,,,,,
"2025-11-10 14:18:25.4491420Z","2025-11-10 14:18:25.4491420Z","ETW","Microsoft-Windows-Kernel-Process",3,"ThreadStart Start ","    4 System",36,,," 4612 SearchFilterHost.exe",,,,,,,,,,,,,,,,,,,,,,,,,,,,,1762784305449142000,,18446606103144169472,18446606103144140800,140737324634384,0,436453818368,11964,436457177088,436457144320,140737324634384,,,,,,,,,,,,,,,,,,,,,,,,,,,,,,,,,,,,,,,,,,,,,,,,,,,,
"2025-11-10 14:18:25.4503046Z","2025-11-10 14:18:25.4503046Z","ETW","Microsoft-Windows-Kernel-Process",5,"ImageLoad Info "," 4612 SearchFilterHost.exe",1960,,," 4612 SearchFilterHost.exe",,,"C:\Windows\System32\mssprxy.dll",,,,,,,,,,,,,,,,,,,,,,,,,,1762784305450304600,,,,,,,,,,,140736994934784,140736994934784,156937,163840,68771275,,,,,,,,,,,,,,,,,,,,,,,,,,,,,,,,,,,,,,,,,,,,,,,
"2025-11-10 14:18:25.4581339Z","2025-11-10 14:18:25.4581339Z","ETW","Microsoft-Windows-Kernel-Process",3,"ThreadStart Start "," 6812 SearchProtocolHost.exe",6664,,," 6812 SearchProtocolHost.exe",,,,,,,,,,,,,,,,,,,,,,,,,,,,,1762784305458133900,,18446606103144267776,18446606103144239104,140737287943264,0,231178047488,4408,231182696448,231182663680,140737287943264,,,,,,,,,,,,,,,,,,,,,,,,,,,,,,,,,,,,,,,,,,,,,,,,,,,,
"2025-11-10 14:18:25.4585946Z","2025-11-10 14:18:25.4585946Z","ETW","Microsoft-Windows-Kernel-Process",3,"ThreadStart Start ","    4 System",36,,," 6812 SearchProtocolHost.exe",,,,,,,,,,,,,,,,,,,,,,,,,,,,,1762784305458594600,,18446606103144235008,18446606103144206336,140737324634384,0,231178055680,2216,231183220736,231183187968,140737324634384,,,,,,,,,,,,,,,,,,,,,,,,,,,,,,,,,,,,,,,,,,,,,,,,,,,,
"2025-11-10 14:18:25.4622589Z","2025-11-10 14:18:25.4622589Z","ETW","Microsoft-Windows-Kernel-Process",3,"ThreadStart Start ","    4 System",36,,," 6812 SearchProtocolHost.exe",,,,,,,,,,,,,,,,,,,,,,,,,,,,,1762784305462258900,,18446606103144333312,18446606103144304640,140737324634384,0,231178063872,9920,231183745024,231183712256,140737324634384,,,,,,,,,,,,,,,,,,,,,,,,,,,,,,,,,,,,,,,,,,,,,,,,,,,,
"2025-11-10 14:18:25.4635917Z","2025-11-10 14:18:25.4635917Z","ETW","Microsoft-Windows-Kernel-Process",5,"ImageLoad Info "," 6812 SearchProtocolHost.exe",6664,,," 6812 SearchProtocolHost.exe",,,"C:\Windows\System32\mssprxy.dll",,,,,,,,,,,,,,,,,,,,,,,,,,1762784305463591700,,,,,,,,,,,140736994934784,140736994934784,156937,163840,68771275,,,,,,,,,,,,,,,,,,,,,,,,,,,,,,,,,,,,,,,,,,,,,,,
"2025-11-10 14:18:25.4646624Z","2025-11-10 14:18:25.4646624Z","ETW","Microsoft-Windows-Kernel-Process",3,"ThreadStart Start "," 4612 SearchFilterHost.exe",4932,,," 4612 SearchFilterHost.exe",,,,,,,,,,,,,,,,,,,,,,,,,,,,,1762784305464662400,,18446606103144366080,18446606103144337408,140737324634384,0,436453826560,8436,436457701376,436457668608,140737324634384,,,,,,,,,,,,,,,,,,,,,,,,,,,,,,,,,,,,,,,,,,,,,,,,,,,,
"2025-11-10 14:18:25.4683479Z","2025-11-10 14:18:25.4683479Z","ETW","Microsoft-Windows-Kernel-Process",5,"ImageLoad Info "," 6812 SearchProtocolHost.exe",10796,,," 6812 SearchProtocolHost.exe",,,"C:\Windows\System32\mssph.dll",,,,,,,,,,,,,,,,,,,,,,,,,,1762784305468347900,,,,,,,,,,,140736855605248,140736855605248,250015,237568,3019309855,,,,,,,,,,,,,,,,,,,,,,,,,,,,,,,,,,,,,,,,,,,,,,,
"2025-11-10 14:18:25.4763854Z","2025-11-10 14:18:25.4763854Z","ETW","Microsoft-Windows-Kernel-Process",5,"ImageLoad Info "," 6812 SearchProtocolHost.exe",10796,,," 6812 SearchProtocolHost.exe",,,"C:\Windows\System32\authz.dll",,,,,,,,,,,,,,,,,,,,,,,,,,1762784305476385400,,,,,,,,,,,140737259634688,140737259634688,337180,323584,1503684093,,,,,,,,,,,,,,,,,,,,,,,,,,,,,,,,,,,,,,,,,,,,,,,
"2025-11-10 14:18:25.4776865Z","2025-11-10 14:18:25.4776865Z","ETW","Microsoft-Windows-Kernel-Process",5,"ImageLoad Info "," 6812 SearchProtocolHost.exe",6664,,," 6812 SearchProtocolHost.exe",,,"C:\Windows\System32\ntmarta.dll",,,,,,,,,,,,,,,,,,,,,,,,,,1762784305477686500,,,,,,,,,,,140737265074176,140737265074176,197444,208896,4265087599,,,,,,,,,,,,,,,,,,,,,,,,,,,,,,,,,,,,,,,,,,,,,,,
"2025-11-10 14:18:25.4783967Z","2025-11-10 14:18:25.4783967Z","ETW","Microsoft-Windows-Kernel-Process",5,"ImageLoad Info "," 6812 SearchProtocolHost.exe",6664,,," 6812 SearchProtocolHost.exe",,,"C:\Windows\System32\shlwapi.dll",,,,,,,,,,,,,,,,,,,,,,,,,,1762784305478396700,,,,,,,,,,,140737286504448,140737286504448,402188,372736,2061718160,,,,,,,,,,,,,,,,,,,,,,,,,,,,,,,,,,,,,,,,,,,,,,,
"2025-11-10 14:18:25.4820411Z","2025-11-10 14:18:25.4820411Z","ETW","Microsoft-Windows-Kernel-Process",5,"ImageLoad Info "," 6812 SearchProtocolHost.exe",6664,,," 6812 SearchProtocolHost.exe",,,"C:\Windows\System32\propsys.dll",,,,,,,,,,,,,,,,,,,,,,,,,,1762784305482041100,,,,,,,,,,,140737167818752,140737167818752,1053009,999424,351302805,,,,,,,,,,,,,,,,,,,,,,,,,,,,,,,,,,,,,,,,,,,,,,,
"2025-11-10 14:18:25.4883469Z","2025-11-10 14:18:25.4883469Z","ETW","Microsoft-Windows-Kernel-Process",3,"ThreadStart Start "," 6812 SearchProtocolHost.exe",6664,,," 6812 SearchProtocolHost.exe",,,,,,,,,,,,,,,,,,,,,,,,,,,,,1762784305488346900,,18446606103144398848,18446606103144370176,140737305072496,0,231178072064,10904,231184269312,231184236544,140737305072496,,,,,,,,,,,,,,,,,,,,,,,,,,,,,,,,,,,,,,,,,,,,,,,,,,,,
"2025-11-10 14:18:25.4917215Z","2025-11-10 14:18:25.4917215Z","ETW","Microsoft-Windows-Kernel-Process",5,"ImageLoad Info "," 6812 SearchProtocolHost.exe",10904,,," 6812 SearchProtocolHost.exe",,,"C:\Windows\System32\Windows.StateRepositoryPS.dll",,,,,,,,,,,,,,,,,,,,,,,,,,1762784305491721500,,,,,,,,,,,140736899186688,140736899186688,1371933,1335296,3370718171,,,,,,,,,,,,,,,,,,,,,,,,,,,,,,,,,,,,,,,,,,,,,,,
"2025-11-10 14:18:25.4939369Z","2025-11-10 14:18:25.4939369Z","ETW","Microsoft-Windows-Kernel-Process",5,"ImageLoad Info "," 6812 SearchProtocolHost.exe",6664,,," 6812 SearchProtocolHost.exe",,,"C:\Windows\System32\shell32.dll",,,,,,,,,,,,,,,,,,,,,,,,,,1762784305493936900,,,,,,,,,,,140737294565376,140737294565376,7833200,7798784,2665716595,,,,,,,,,,,,,,,,,,,,,,,,,,,,,,,,,,,,,,,,,,,,,,,
"2025-11-10 14:18:25.4971694Z","2025-11-10 14:18:25.4971694Z","ETW","Microsoft-Windows-Kernel-Process",5,"ImageLoad Info "," 6812 SearchProtocolHost.exe",9920,,," 6812 SearchProtocolHost.exe",,,"C:\Windows\System32\cfgmgr32.dll",,,,,,,,,,,,,,,,,,,,,,,,,,1762784305497169400,,,,,,,,,,,140737285652480,140737285652480,326318,319488,517898589,,,,,,,,,,,,,,,,,,,,,,,,,,,,,,,,,,,,,,,,,,,,,,,
"2025-11-10 14:18:25.4998125Z","2025-11-10 14:18:25.4998125Z","ETW","Microsoft-Windows-Kernel-Process",5,"ImageLoad Info "," 6812 SearchProtocolHost.exe",6664,,," 6812 SearchProtocolHost.exe",,,"C:\Windows\System32\Windows.FileExplorer.Common.dll",,,,,,,,,,,,,,,,,,,,,,,,,,1762784305499812500,,,,,,,,,,,140736735412224,140736735412224,416150,409600,3616691088,,,,,,,,,,,,,,,,,,,,,,,,,,,,,,,,,,,,,,,,,,,,,,,
"2025-11-10 14:18:25.5057115Z","2025-11-10 14:18:25.5057115Z","ETW","Microsoft-Windows-Kernel-Process",5,"ImageLoad Info "," 6812 SearchProtocolHost.exe",6664,,," 6812 SearchProtocolHost.exe",,,"C:\Windows\System32\iertutil.dll",,,,,,,,,,,,,,,,,,,,,,,,,,1762784305505711500,,,,,,,,,,,140737108246528,140737108246528,2885507,2879488,2870402052,,,,,,,,,,,,,,,,,,,,,,,,,,,,,,,,,,,,,,,,,,,,,,,
"2025-11-10 14:18:25.5063078Z","2025-11-10 14:18:25.5063078Z","ETW","Microsoft-Windows-Kernel-Process",5,"ImageLoad Info "," 6812 SearchProtocolHost.exe",6664,,," 6812 SearchProtocolHost.exe",,,"C:\Windows\System32\srvcli.dll",,,,,,,,,,,,,,,,,,,,,,,,,,1762784305506307800,,,,,,,,,,,140737097302016,140737097302016,125534,163840,4149614862,,,,,,,,,,,,,,,,,,,,,,,,,,,,,,,,,,,,,,,,,,,,,,,
"2025-11-10 14:18:25.5063580Z","2025-11-10 14:18:25.5063580Z","ETW","Microsoft-Windows-Kernel-Process",5,"ImageLoad Info "," 6812 SearchProtocolHost.exe",4628,,," 6812 SearchProtocolHost.exe",,,"C:\Windows\System32\netutils.dll",,,,,,,,,,,,,,,,,,,,,,,,,,1762784305506358000,,,,,,,,,,,140737266843648,140737266843648,93665,49152,704877248,,,,,,,,,,,,,,,,,,,,,,,,,,,,,,,,,,,,,,,,,,,,,,,
"2025-11-10 14:18:25.5104974Z","2025-11-10 14:18:25.5104974Z","ETW","Microsoft-Windows-Kernel-Process",5,"ImageLoad Info "," 6812 SearchProtocolHost.exe",6664,,," 6812 SearchProtocolHost.exe",,,"C:\Windows\System32\profapi.dll",,,,,,,,,,,,,,,,,,,,,,,,,,1762784305510497400,,,,,,,,,,,140737278771200,140737278771200,141949,147456,930239144,,,,,,,,,,,,,,,,,,,,,,,,,,,,,,,,,,,,,,,,,,,,,,,
"2025-11-10 14:18:25.5318127Z","2025-11-10 14:18:25.5318127Z","ETW","Microsoft-Windows-Kernel-Process",5,"ImageLoad Info "," 6812 SearchProtocolHost.exe",6664,,," 6812 SearchProtocolHost.exe",,,"C:\Windows\System32\edputil.dll",,,,,,,,,,,,,,,,,,,,,,,,,,1762784305531812700,,,,,,,,,,,140736887324672,140736887324672,128651,147456,2776390581,,,,,,,,,,,,,,,,,,,,,,,,,,,,,,,,,,,,,,,,,,,,,,,
"2025-11-10 14:18:25.5331736Z","2025-11-10 14:18:25.5331736Z","ETW","Microsoft-Windows-Kernel-Process",5,"ImageLoad Info "," 6812 SearchProtocolHost.exe",6664,,," 6812 SearchProtocolHost.exe",,,"C:\Windows\System32\cldapi.dll",,,,,,,,,,,,,,,,,,,,,,,,,,1762784305533173600,,,,,,,,,,,140736917798912,140736917798912,157057,139264,3792442463,,,,,,,,,,,,,,,,,,,,,,,,,,,,,,,,,,,,,,,,,,,,,,,
"2025-11-10 14:18:25.5365861Z","2025-11-10 14:18:25.5365861Z","ETW","Microsoft-Windows-Kernel-Process",5,"ImageLoad Info "," 6812 SearchProtocolHost.exe",6664,,," 6812 SearchProtocolHost.exe",,,"C:\Windows\System32\fltLib.dll",,,,,,,,,,,,,,,,,,,,,,,,,,1762784305536586100,,,,,,,,,,,140737114734592,140737114734592,60918,45056,3709846585,,,,,,,,,,,,,,,,,,,,,,,,,,,,,,,,,,,,,,,,,,,,,,,
"2025-11-10 14:18:25.5380209Z","2025-11-10 14:18:25.5380209Z","ETW","Microsoft-Windows-Kernel-Process",5,"ImageLoad Info "," 6812 SearchProtocolHost.exe",6664,,," 6812 SearchProtocolHost.exe",,,"C:\Windows\System32\sspicli.dll",,,,,,,,,,,,,,,,,,,,,,,,,,1762784305538020900,,,,,,,,,,,140737278443520,140737278443520,202268,204800,1151156676,,,,,,,,,,,,,,,,,,,,,,,,,,,,,,,,,,,,,,,,,,,,,,,
"2025-11-10 14:18:26.2584905Z","2025-11-10 14:18:26.2584905Z","ETW","Microsoft-Windows-Kernel-Audit-API-Calls",6,"PsOpenThread","10364 mintty.exe",5868,,,"10364 mintty.exe",5868,,,,,,,,,,,,,,,,,,,,,,,,,,,,1762784306258490500,,,,,,,,,,,,,,,,1024,0,,,,,,,,,,,,,,,,,,,,,,,,,,,,,,,,,,,,,,,,,,,,,
"2025-11-10 14:18:26.3183050Z","2025-11-10 14:18:26.3183050Z","ETW","Microsoft-Windows-Kernel-Audit-API-Calls",6,"PsOpenThread"," 4936 AggregatorHost.exe",7940,,," 2956 svchost.exe",10880,,,,,,,,,,,,,,,,,,,,,,,,,,,,1762784306318305000,,,,,,,,,,,,,,,,2048,0,,,,,,,,,,,,,,,,,,,,,,,,,,,,,,,,,,,,,,,,,,,,,
"2025-11-10 14:18:26.3188938Z","2025-11-10 14:18:26.3188938Z","ETW","Microsoft-Windows-Kernel-Audit-API-Calls",6,"PsOpenThread"," 4936 AggregatorHost.exe",7940,,," 2956 svchost.exe",10880,,,,,,,,,,,,,,,,,,,,,,,,,,,,1762784306318893800,,,,,,,,,,,,,,,,2048,0,,,,,,,,,,,,,,,,,,,,,,,,,,,,,,,,,,,,,,,,,,,,,
"2025-11-10 14:18:26.3190325Z","2025-11-10 14:18:26.3190325Z","ETW","Microsoft-Windows-Kernel-Audit-API-Calls",6,"PsOpenThread"," 4936 AggregatorHost.exe",7940,,," 2956 svchost.exe",10880,,,,,,,,,,,,,,,,,,,,,,,,,,,,1762784306319032500,,,,,,,,,,,,,,,,2048,0,,,,,,,,,,,,,,,,,,,,,,,,,,,,,,,,,,,,,,,,,,,,,
"2025-11-10 14:18:26.4429803Z","2025-11-10 14:18:26.4429803Z","ETW","Microsoft-Windows-Kernel-Process",3,"ThreadStart Start ","    4 System",36,,," 6808 svchost.exe",,,,,,,,,,,,,,,,,,,,,,,,,,,,,1762784306442980300,,18446606103144431616,18446606103144402944,140737324634384,0,480425328640,8620,480429735936,480429703168,140737324634384,,,,,,,,,,,,,,,,,,,,,,,,,,,,,,,,,,,,,,,,,,,,,,,,,,,,
"2025-11-10 14:18:26.5906832Z","2025-11-10 14:18:26.5906832Z","ETW","Microsoft-Windows-Kernel-Process",3,"ThreadStart Start "," 5452 powershell.exe",7016,,," 5452 powershell.exe",,,,,,,,,,,,,,,,,,,,,,,,,,,,,1762784306590683200,,18446606103144628224,18446606103144599552,140736486858528,0,25191882752,10020,25193611264,25193603072,140736486858528,,,,,,,,,,,,,,,,,,,,,,,,,,,,,,,,,,,,,,,,,,,,,,,,,,,,
"2025-11-10 14:18:26.5907650Z","2025-11-10 14:18:26.5907650Z","ETW","Microsoft-Windows-Kernel-Audit-API-Calls",6,"PsOpenThread"," 5452 powershell.exe",7016,,," 5452 powershell.exe",10020,,,,,,,,,,,,,,,,,,,,,,,,,,,,1762784306590765000,,,,,,,,,,,,,,,,64,0,,,,,,,,,,,,,,,,,,,,,,,,,,,,,,,,,,,,,,,,,,,,,
"2025-11-10 14:18:26.5908377Z","2025-11-10 14:18:26.5908377Z","ETW-TI","Microsoft-Windows-Threat-Intelligence",16,"KERNEL_THREATINT_TASK_SUSPENDRESUME_THREAD "," 5452 powershell.exe",7016,,," 5452 powershell.exe",,,,,,,,,,,,,,,134072361885270226,5452,0,0,0,5066549580816628,134072361912224989,7016,,134072361885270226,0,0,0,5066549580816628,1762784306590837700,,,,,,,,,,,,,,,,,,0,134072579065797487,10020,,,,,,,,,,,,,,,,,,,,,,,,,,,,,,,,,,,,,,,,,,
"2025-11-10 14:18:26.5909159Z","2025-11-10 14:18:26.5909159Z","ETW","Microsoft-Windows-Kernel-Process",3,"ThreadStart Start "," 5452 powershell.exe",7016,,," 5452 powershell.exe",,,,,,,,,,,,,,,,,,,,,,,,,,,,,1762784306590915900,,18446606103144726528,18446606103144697856,140736486305456,0,25191890944,7340,25193873408,25193865216,140736486305456,,,,,,,,,,,,,,,,,,,,,,,,,,,,,,,,,,,,,,,,,,,,,,,,,,,,
"2025-11-10 14:18:26.5909477Z","2025-11-10 14:18:26.5909477Z","ETW","Microsoft-Windows-Kernel-Audit-API-Calls",6,"PsOpenThread"," 5452 powershell.exe",7016,,," 5452 powershell.exe",7340,,,,,,,,,,,,,,,,,,,,,,,,,,,,1762784306590947700,,,,,,,,,,,,,,,,64,0,,,,,,,,,,,,,,,,,,,,,,,,,,,,,,,,,,,,,,,,,,,,,
"2025-11-10 14:18:26.5917625Z","2025-11-10 14:18:26.5917625Z","ETW","Microsoft-Windows-Kernel-Process",3,"ThreadStart Start "," 5452 powershell.exe",10020,,," 5452 powershell.exe",,,,,,,,,,,,,,,,,,,,,,,,,,,,,1762784306591762500,,18446606103144759296,18446606103144730624,140736486858528,0,25191899136,9984,25194397696,25194389504,140736486858528,,,,,,,,,,,,,,,,,,,,,,,,,,,,,,,,,,,,,,,,,,,,,,,,,,,,
"2025-11-10 14:18:26.5918002Z","2025-11-10 14:18:26.5918002Z","ETW","Microsoft-Windows-Kernel-Audit-API-Calls",6,"PsOpenThread"," 5452 powershell.exe",10020,,," 5452 powershell.exe",9984,,,,,,,,,,,,,,,,,,,,,,,,,,,,1762784306591800300,,,,,,,,,,,,,,,,64,0,,,,,,,,,,,,,,,,,,,,,,,,,,,,,,,,,,,,,,,,,,,,,
"2025-11-10 14:18:26.5918393Z","2025-11-10 14:18:26.5918393Z","ETW-TI","Microsoft-Windows-Threat-Intelligence",16,"KERNEL_THREATINT_TASK_SUSPENDRESUME_THREAD "," 5452 powershell.exe",10020,,," 5452 powershell.exe",,,,,,,,,,,,,,,134072361885270226,5452,0,0,0,5066549580816628,134072579065797487,10020,,134072361885270226,0,0,0,5066549580816628,1762784306591839300,,,,,,,,,,,,,,,,,,0,134072579065911509,9984,,,,,,,,,,,,,,,,,,,,,,,,,,,,,,,,,,,,,,,,,,
"2025-11-10 14:18:26.7712406Z","2025-11-10 14:18:26.7712406Z","ETW","Microsoft-Windows-Kernel-Audit-API-Calls",6,"PsOpenThread","  712 services.exe",9316,,," 9812 vmtoolsd.exe",9816,,,,,,,,,,,,,,,,,,,,,,,,,,,,1762784306771240600,,,,,,,,,,,,,,,,2048,0,,,,,,,,,,,,,,,,,,,,,,,,,,,,,,,,,,,,,,,,,,,,,
"2025-11-10 14:18:26.7713796Z","2025-11-10 14:18:26.7713796Z","ETW","Microsoft-Windows-Kernel-Audit-API-Calls",6,"PsOpenThread","  712 services.exe",9316,,," 9812 vmtoolsd.exe",9816,,,,,,,,,,,,,,,,,,,,,,,,,,,,1762784306771379600,,,,,,,,,,,,,,,,2048,0,,,,,,,,,,,,,,,,,,,,,,,,,,,,,,,,,,,,,,,,,,,,,
"2025-11-10 14:18:26.7715910Z","2025-11-10 14:18:26.7715910Z","ETW","Microsoft-Windows-Kernel-Audit-API-Calls",6,"PsOpenThread","  712 services.exe",9316,,," 9812 vmtoolsd.exe",9816,,,,,,,,,,,,,,,,,,,,,,,,,,,,1762784306771591000,,,,,,,,,,,,,,,,2048,0,,,,,,,,,,,,,,,,,,,,,,,,,,,,,,,,,,,,,,,,,,,,,
"2025-11-10 14:18:26.7716815Z","2025-11-10 14:18:26.7716815Z","ETW","Microsoft-Windows-Kernel-Audit-API-Calls",6,"PsOpenThread","  712 services.exe",9316,,," 9812 vmtoolsd.exe",9816,,,,,,,,,,,,,,,,,,,,,,,,,,,,1762784306771681500,,,,,,,,,,,,,,,,2048,0,,,,,,,,,,,,,,,,,,,,,,,,,,,,,,,,,,,,,,,,,,,,,
"2025-11-10 14:18:26.7718847Z","2025-11-10 14:18:26.7718847Z","ETW","Microsoft-Windows-Kernel-Audit-API-Calls",6,"PsOpenThread","  712 services.exe",9316,,," 9812 vmtoolsd.exe",9816,,,,,,,,,,,,,,,,,,,,,,,,,,,,1762784306771884700,,,,,,,,,,,,,,,,2048,0,,,,,,,,,,,,,,,,,,,,,,,,,,,,,,,,,,,,,,,,,,,,,
"2025-11-10 14:18:28.0372443Z","2025-11-10 14:18:28.0372443Z","ETW","Microsoft-Windows-Kernel-Process",4,"ThreadStop Stop "," 6464 explorer.exe",4428,,," 6464 explorer.exe",,,,,,,,,,,,,,,,,,,,,,,,,,,,,1762784308037244300,,18446606103137878016,18446606103137849344,140737305072496,0,14655488,4428,335413248,335355904,140737305072496,,,,,,,,,,,2627826,,,,,,,,,,,,,,,,,,,,,,,,,,,,,,,,,,,,,,,,,
"2025-11-10 14:18:28.4117737Z","2025-11-10 14:18:28.4117737Z","ETW","Microsoft-Windows-Kernel-Process",3,"ThreadStart Start "," 6464 explorer.exe",11356,,," 6464 explorer.exe",,,,,,,,,,,,,,,,,,,,,,,,,,,,,1762784308411773700,,18446606103144792064,18446606103144763392,140737324634384,0,12902400,11812,335413248,335355904,140737324634384,,,,,,,,,,,,,,,,,,,,,,,,,,,,,,,,,,,,,,,,,,,,,,,,,,,,
"2025-11-10 14:18:28.4118099Z","2025-11-10 14:18:28.4118099Z","ETW","Microsoft-Windows-Kernel-Audit-API-Calls",6,"PsOpenThread"," 6464 explorer.exe",11356,,," 6464 explorer.exe",11812,,,,,,,,,,,,,,,,,,,,,,,,,,,,1762784308411809900,,,,,,,,,,,,,,,,64,0,,,,,,,,,,,,,,,,,,,,,,,,,,,,,,,,,,,,,,,,,,,,,
"2025-11-10 14:18:28.4899011Z","2025-11-10 14:18:28.4899011Z","ETW","Microsoft-Windows-Kernel-Audit-API-Calls",6,"PsOpenThread","11936 cywscsvc.exe",9412,,," 2972 cyserver.exe",3844,,,,,,,,,,,,,,,,,,,,,,,,,,,,1762784308489901100,,,,,,,,,,,,,,,,2048,0,,,,,,,,,,,,,,,,,,,,,,,,,,,,,,,,,,,,,,,,,,,,,
"2025-11-10 14:18:28.4905551Z","2025-11-10 14:18:28.4905551Z","ETW","Microsoft-Windows-Kernel-Audit-API-Calls",6,"PsOpenThread","  940 svchost.exe",12140,,,"11936 cywscsvc.exe",8736,,,,,,,,,,,,,,,,,,,,,,,,,,,,1762784308490555100,,,,,,,,,,,,,,,,2048,3221225506,,,,,,,,,,,,,,,,,,,,,,,,,,,,,,,,,,,,,,,,,,,,,
"2025-11-10 14:18:28.4905615Z","2025-11-10 14:18:28.4905615Z","ETW","Microsoft-Windows-Kernel-Audit-API-Calls",6,"PsOpenThread","  940 svchost.exe",12140,,,"11936 cywscsvc.exe",8736,,,,,,,,,,,,,,,,,,,,,,,,,,,,1762784308490561500,,,,,,,,,,,,,,,,2048,3221225637,,,,,,,,,,,,,,,,,,,,,,,,,,,,,,,,,,,,,,,,,,,,,
"2025-11-10 14:18:28.4907080Z","2025-11-10 14:18:28.4907080Z","ETW","Microsoft-Windows-Kernel-Audit-API-Calls",6,"PsOpenThread"," 3804 svchost.exe",5876,,,"11936 cywscsvc.exe",8736,,,,,,,,,,,,,,,,,,,,,,,,,,,,1762784308490708000,,,,,,,,,,,,,,,,2048,3221225506,,,,,,,,,,,,,,,,,,,,,,,,,,,,,,,,,,,,,,,,,,,,,
"2025-11-10 14:18:28.4907153Z","2025-11-10 14:18:28.4907153Z","ETW","Microsoft-Windows-Kernel-Audit-API-Calls",6,"PsOpenThread"," 3804 svchost.exe",5876,,,"11936 cywscsvc.exe",8736,,,,,,,,,,,,,,,,,,,,,,,,,,,,1762784308490715300,,,,,,,,,,,,,,,,2048,0,,,,,,,,,,,,,,,,,,,,,,,,,,,,,,,,,,,,,,,,,,,,,
"2025-11-10 14:18:28.4914245Z","2025-11-10 14:18:28.4914245Z","ETW","Microsoft-Windows-Kernel-Audit-API-Calls",6,"PsOpenThread","11936 cywscsvc.exe",9412,,," 2972 cyserver.exe",3844,,,,,,,,,,,,,,,,,,,,,,,,,,,,1762784308491424500,,,,,,,,,,,,,,,,2048,0,,,,,,,,,,,,,,,,,,,,,,,,,,,,,,,,,,,,,,,,,,,,,
"2025-11-10 14:18:28.4916802Z","2025-11-10 14:18:28.4916802Z","ETW","Microsoft-Windows-Kernel-Audit-API-Calls",6,"PsOpenThread","  940 svchost.exe",12140,,,"11936 cywscsvc.exe",8736,,,,,,,,,,,,,,,,,,,,,,,,,,,,1762784308491680200,,,,,,,,,,,,,,,,2048,3221225506,,,,,,,,,,,,,,,,,,,,,,,,,,,,,,,,,,,,,,,,,,,,,
"2025-11-10 14:18:28.4916849Z","2025-11-10 14:18:28.4916849Z","ETW","Microsoft-Windows-Kernel-Audit-API-Calls",6,"PsOpenThread","  940 svchost.exe",12140,,,"11936 cywscsvc.exe",8736,,,,,,,,,,,,,,,,,,,,,,,,,,,,1762784308491684900,,,,,,,,,,,,,,,,2048,3221225637,,,,,,,,,,,,,,,,,,,,,,,,,,,,,,,,,,,,,,,,,,,,,
"2025-11-10 14:18:28.4917897Z","2025-11-10 14:18:28.4917897Z","ETW","Microsoft-Windows-Kernel-Audit-API-Calls",6,"PsOpenThread"," 3804 svchost.exe",5876,,,"11936 cywscsvc.exe",8736,,,,,,,,,,,,,,,,,,,,,,,,,,,,1762784308491789700,,,,,,,,,,,,,,,,2048,3221225506,,,,,,,,,,,,,,,,,,,,,,,,,,,,,,,,,,,,,,,,,,,,,
"2025-11-10 14:18:28.4917967Z","2025-11-10 14:18:28.4917967Z","ETW","Microsoft-Windows-Kernel-Audit-API-Calls",6,"PsOpenThread"," 3804 svchost.exe",5876,,,"11936 cywscsvc.exe",8736,,,,,,,,,,,,,,,,,,,,,,,,,,,,1762784308491796700,,,,,,,,,,,,,,,,2048,0,,,,,,,,,,,,,,,,,,,,,,,,,,,,,,,,,,,,,,,,,,,,,
"2025-11-10 14:18:28.8657326Z","2025-11-10 14:18:28.8657326Z","ETW","Microsoft-Windows-Kernel-Audit-API-Calls",6,"PsOpenThread","  940 svchost.exe",12140,,," 6464 explorer.exe",12144,,,,,,,,,,,,,,,,,,,,,,,,,,,,1762784308865732600,,,,,,,,,,,,,,,,2048,3221225506,,,,,,,,,,,,,,,,,,,,,,,,,,,,,,,,,,,,,,,,,,,,,
"2025-11-10 14:18:28.8657445Z","2025-11-10 14:18:28.8657445Z","ETW","Microsoft-Windows-Kernel-Audit-API-Calls",6,"PsOpenThread","  940 svchost.exe",12140,,," 6464 explorer.exe",12144,,,,,,,,,,,,,,,,,,,,,,,,,,,,1762784308865744500,,,,,,,,,,,,,,,,2048,0,,,,,,,,,,,,,,,,,,,,,,,,,,,,,,,,,,,,,,,,,,,,,
"2025-11-10 14:18:28.8666476Z","2025-11-10 14:18:28.8666476Z","ETW","Microsoft-Windows-Kernel-Audit-API-Calls",6,"PsOpenThread","  940 svchost.exe",12140,,," 6464 explorer.exe",1860,,,,,,,,,,,,,,,,,,,,,,,,,,,,1762784308866647600,,,,,,,,,,,,,,,,2048,3221225506,,,,,,,,,,,,,,,,,,,,,,,,,,,,,,,,,,,,,,,,,,,,,
"2025-11-10 14:18:28.8666563Z","2025-11-10 14:18:28.8666563Z","ETW","Microsoft-Windows-Kernel-Audit-API-Calls",6,"PsOpenThread","  940 svchost.exe",12140,,," 6464 explorer.exe",1860,,,,,,,,,,,,,,,,,,,,,,,,,,,,1762784308866656300,,,,,,,,,,,,,,,,2048,0,,,,,,,,,,,,,,,,,,,,,,,,,,,,,,,,,,,,,,,,,,,,,
"2025-11-10 14:18:28.8672278Z","2025-11-10 14:18:28.8672278Z","ETW","Microsoft-Windows-Kernel-Audit-API-Calls",6,"PsOpenThread","  940 svchost.exe",12140,,," 6464 explorer.exe",5000,,,,,,,,,,,,,,,,,,,,,,,,,,,,1762784308867227800,,,,,,,,,,,,,,,,2048,3221225506,,,,,,,,,,,,,,,,,,,,,,,,,,,,,,,,,,,,,,,,,,,,,
"2025-11-10 14:18:28.8672352Z","2025-11-10 14:18:28.8672352Z","ETW","Microsoft-Windows-Kernel-Audit-API-Calls",6,"PsOpenThread","  940 svchost.exe",12140,,," 6464 explorer.exe",5000,,,,,,,,,,,,,,,,,,,,,,,,,,,,1762784308867235200,,,,,,,,,,,,,,,,2048,0,,,,,,,,,,,,,,,,,,,,,,,,,,,,,,,,,,,,,,,,,,,,,
"2025-11-10 14:18:28.8677509Z","2025-11-10 14:18:28.8677509Z","ETW","Microsoft-Windows-Kernel-Audit-API-Calls",6,"PsOpenThread","  940 svchost.exe",12140,,," 6464 explorer.exe",11232,,,,,,,,,,,,,,,,,,,,,,,,,,,,1762784308867750900,,,,,,,,,,,,,,,,2048,3221225506,,,,,,,,,,,,,,,,,,,,,,,,,,,,,,,,,,,,,,,,,,,,,
"2025-11-10 14:18:28.8677581Z","2025-11-10 14:18:28.8677581Z","ETW","Microsoft-Windows-Kernel-Audit-API-Calls",6,"PsOpenThread","  940 svchost.exe",12140,,," 6464 explorer.exe",11232,,,,,,,,,,,,,,,,,,,,,,,,,,,,1762784308867758100,,,,,,,,,,,,,,,,2048,0,,,,,,,,,,,,,,,,,,,,,,,,,,,,,,,,,,,,,,,,,,,,,
"2025-11-10 14:18:28.8683035Z","2025-11-10 14:18:28.8683035Z","ETW","Microsoft-Windows-Kernel-Audit-API-Calls",6,"PsOpenThread","  940 svchost.exe",12140,,," 6464 explorer.exe",4300,,,,,,,,,,,,,,,,,,,,,,,,,,,,1762784308868303500,,,,,,,,,,,,,,,,2048,3221225506,,,,,,,,,,,,,,,,,,,,,,,,,,,,,,,,,,,,,,,,,,,,,
"2025-11-10 14:18:28.8683105Z","2025-11-10 14:18:28.8683105Z","ETW","Microsoft-Windows-Kernel-Audit-API-Calls",6,"PsOpenThread","  940 svchost.exe",12140,,," 6464 explorer.exe",4300,,,,,,,,,,,,,,,,,,,,,,,,,,,,1762784308868310500,,,,,,,,,,,,,,,,2048,0,,,,,,,,,,,,,,,,,,,,,,,,,,,,,,,,,,,,,,,,,,,,,
"2025-11-10 14:18:29.3050236Z","2025-11-10 14:18:29.3050236Z","ETW","Microsoft-Windows-Kernel-Audit-API-Calls",6,"PsOpenThread"," 3004 svchost.exe",5376,,," 3156 vmtoolsd.exe",5292,,,,,,,,,,,,,,,,,,,,,,,,,,,,1762784309305023600,,,,,,,,,,,,,,,,2048,0,,,,,,,,,,,,,,,,,,,,,,,,,,,,,,,,,,,,,,,,,,,,,
"2025-11-10 14:18:29.3054442Z","2025-11-10 14:18:29.3054442Z","ETW","Microsoft-Windows-Kernel-Process",3,"ThreadStart Start "," 3004 svchost.exe",5376,,," 3004 svchost.exe",,,,,,,,,,,,,,,,,,,,,,,,,,,,,1762784309305444200,,18446606103144857600,18446606103144828928,140736999905216,242,275881807872,8604,275886637056,275886604288,140736999905216,,,,,,,,,,,,,,,,,,,,,,,,,,,,,,,,,,,,,,,,,,,,,,,,,,,,
"2025-11-10 14:18:29.3055025Z","2025-11-10 14:18:29.3055025Z","ETW","Microsoft-Windows-Kernel-Audit-API-Calls",6,"PsOpenThread"," 3004 svchost.exe",5376,,," 3004 svchost.exe",8604,,,,,,,,,,,,,,,,,,,,,,,,,,,,1762784309305502500,,,,,,,,,,,,,,,,64,0,,,,,,,,,,,,,,,,,,,,,,,,,,,,,,,,,,,,,,,,,,,,,
"2025-11-10 14:18:29.3057497Z","2025-11-10 14:18:29.3057497Z","ETW","Microsoft-Windows-Kernel-Audit-API-Calls",6,"PsOpenThread"," 3004 svchost.exe",5376,,," 3156 vmtoolsd.exe",5292,,,,,,,,,,,,,,,,,,,,,,,,,,,,1762784309305749700,,,,,,,,,,,,,,,,2048,0,,,,,,,,,,,,,,,,,,,,,,,,,,,,,,,,,,,,,,,,,,,,,
"2025-11-10 14:18:29.3058593Z","2025-11-10 14:18:29.3058593Z","ETW","Microsoft-Windows-Kernel-Audit-API-Calls",6,"PsOpenThread"," 3004 svchost.exe",5376,,," 3156 vmtoolsd.exe",5292,,,,,,,,,,,,,,,,,,,,,,,,,,,,1762784309305859300,,,,,,,,,,,,,,,,2048,0,,,,,,,,,,,,,,,,,,,,,,,,,,,,,,,,,,,,,,,,,,,,,
"2025-11-10 14:18:29.3059682Z","2025-11-10 14:18:29.3059682Z","ETW","Microsoft-Windows-Kernel-Audit-API-Calls",6,"PsOpenThread"," 3004 svchost.exe",5376,,," 3156 vmtoolsd.exe",5292,,,,,,,,,,,,,,,,,,,,,,,,,,,,1762784309305968200,,,,,,,,,,,,,,,,2048,0,,,,,,,,,,,,,,,,,,,,,,,,,,,,,,,,,,,,,,,,,,,,,
"2025-11-10 14:18:29.3060397Z","2025-11-10 14:18:29.3060397Z","ETW","Microsoft-Windows-Kernel-Audit-API-Calls",6,"PsOpenThread","  424 WmiPrvSE.exe",10700,,," 3004 svchost.exe",8604,,,,,,,,,,,,,,,,,,,,,,,,,,,,1762784309306039700,,,,,,,,,,,,,,,,2048,3221225506,,,,,,,,,,,,,,,,,,,,,,,,,,,,,,,,,,,,,,,,,,,,,
"2025-11-10 14:18:29.3060459Z","2025-11-10 14:18:29.3060459Z","ETW","Microsoft-Windows-Kernel-Audit-API-Calls",6,"PsOpenThread","  424 WmiPrvSE.exe",10700,,," 3004 svchost.exe",8604,,,,,,,,,,,,,,,,,,,,,,,,,,,,1762784309306045900,,,,,,,,,,,,,,,,2048,3221225637,,,,,,,,,,,,,,,,,,,,,,,,,,,,,,,,,,,,,,,,,,,,,
"2025-11-10 14:18:29.3062073Z","2025-11-10 14:18:29.3062073Z","ETW","Microsoft-Windows-Kernel-Audit-API-Calls",6,"PsOpenThread"," 3004 svchost.exe",8048,,,"  424 WmiPrvSE.exe",10700,,,,,,,,,,,,,,,,,,,,,,,,,,,,1762784309306207300,,,,,,,,,,,,,,,,2048,0,,,,,,,,,,,,,,,,,,,,,,,,,,,,,,,,,,,,,,,,,,,,,
"2025-11-10 14:18:29.3067009Z","2025-11-10 14:18:29.3067009Z","ETW","Microsoft-Windows-Kernel-Audit-API-Calls",6,"PsOpenThread"," 3004 svchost.exe",8604,,," 3004 svchost.exe",3428,,,,,,,,,,,,,,,,,,,,,,,,,,,,1762784309306700900,,,,,,,,,,,,,,,,64,0,,,,,,,,,,,,,,,,,,,,,,,,,,,,,,,,,,,,,,,,,,,,,
"2025-11-10 14:18:29.3072389Z","2025-11-10 14:18:29.3072389Z","ETW","Microsoft-Windows-Kernel-Audit-API-Calls",6,"PsOpenThread","  424 WmiPrvSE.exe",10700,,," 3004 svchost.exe",3428,,,,,,,,,,,,,,,,,,,,,,,,,,,,1762784309307238900,,,,,,,,,,,,,,,,2048,3221225506,,,,,,,,,,,,,,,,,,,,,,,,,,,,,,,,,,,,,,,,,,,,,
"2025-11-10 14:18:29.3072458Z","2025-11-10 14:18:29.3072458Z","ETW","Microsoft-Windows-Kernel-Audit-API-Calls",6,"PsOpenThread","  424 WmiPrvSE.exe",10700,,," 3004 svchost.exe",3428,,,,,,,,,,,,,,,,,,,,,,,,,,,,1762784309307245800,,,,,,,,,,,,,,,,2048,0,,,,,,,,,,,,,,,,,,,,,,,,,,,,,,,,,,,,,,,,,,,,,
"2025-11-10 14:18:29.3075011Z","2025-11-10 14:18:29.3075011Z","ETW","Microsoft-Windows-Kernel-Audit-API-Calls",6,"PsOpenThread","  720 lsass.exe",5732,,,"  424 WmiPrvSE.exe",10700,,,,,,,,,,,,,,,,,,,,,,,,,,,,1762784309307501100,,,,,,,,,,,,,,,,2048,0,,,,,,,,,,,,,,,,,,,,,,,,,,,,,,,,,,,,,,,,,,,,,
"2025-11-10 14:18:29.3076561Z","2025-11-10 14:18:29.3076561Z","ETW","Microsoft-Windows-Kernel-Audit-API-Calls",6,"PsOpenThread","  720 lsass.exe",5732,,,"  424 WmiPrvSE.exe",10700,,,,,,,,,,,,,,,,,,,,,,,,,,,,1762784309307656100,,,,,,,,,,,,,,,,2048,0,,,,,,,,,,,,,,,,,,,,,,,,,,,,,,,,,,,,,,,,,,,,,
"2025-11-10 14:18:29.3077780Z","2025-11-10 14:18:29.3077780Z","ETW","Microsoft-Windows-Kernel-Audit-API-Calls",6,"PsOpenThread","  720 lsass.exe",5732,,,"  424 WmiPrvSE.exe",10700,,,,,,,,,,,,,,,,,,,,,,,,,,,,1762784309307778000,,,,,,,,,,,,,,,,2048,0,,,,,,,,,,,,,,,,,,,,,,,,,,,,,,,,,,,,,,,,,,,,,
"2025-11-10 14:18:29.3079046Z","2025-11-10 14:18:29.3079046Z","ETW-TI","Microsoft-Windows-Threat-Intelligence",14,"KERNEL_THREATINT_TASK_WRITEVM ","  720 lsass.exe",5732,,,"  424 WmiPrvSE.exe",,,,,,,,,,,,,,684413405712,134050236762278731,720,0,0,12,5066549580791820,134072523852639853,5732,,134050236808537651,0,0,0,5066549580791896,1762784309307904700,,,,,,,,,,,,,,,,,,0,,,,8,,,,,,,,,,,,,,,,,,,,,,,,,,,,,,,,,,,,,,,,
"2025-11-10 14:18:29.3079495Z","2025-11-10 14:18:29.3079495Z","ETW","Microsoft-Windows-Kernel-Audit-API-Calls",6,"PsOpenThread","  720 lsass.exe",5732,,,"  424 WmiPrvSE.exe",10700,,,,,,,,,,,,,,,,,,,,,,,,,,,,1762784309307949500,,,,,,,,,,,,,,,,2048,0,,,,,,,,,,,,,,,,,,,,,,,,,,,,,,,,,,,,,,,,,,,,,
"2025-11-10 14:18:29.3102039Z","2025-11-10 14:18:29.3102039Z","ETW","Microsoft-Windows-Kernel-Audit-API-Calls",6,"PsOpenThread"," 3004 svchost.exe",8048,,,"  424 WmiPrvSE.exe",10700,,,,,,,,,,,,,,,,,,,,,,,,,,,,1762784309310203900,,,,,,,,,,,,,,,,2048,0,,,,,,,,,,,,,,,,,,,,,,,,,,,,,,,,,,,,,,,,,,,,,
"2025-11-10 14:18:29.3105694Z","2025-11-10 14:18:29.3105694Z","ETW","Microsoft-Windows-Kernel-Audit-API-Calls",6,"PsOpenThread","  424 WmiPrvSE.exe",8068,,," 3004 svchost.exe",8604,,,,,,,,,,,,,,,,,,,,,,,,,,,,1762784309310569400,,,,,,,,,,,,,,,,2048,3221225506,,,,,,,,,,,,,,,,,,,,,,,,,,,,,,,,,,,,,,,,,,,,,
"2025-11-10 14:18:29.3105751Z","2025-11-10 14:18:29.3105751Z","ETW","Microsoft-Windows-Kernel-Audit-API-Calls",6,"PsOpenThread","  424 WmiPrvSE.exe",8068,,," 3004 svchost.exe",8604,,,,,,,,,,,,,,,,,,,,,,,,,,,,1762784309310575100,,,,,,,,,,,,,,,,2048,3221225637,,,,,,,,,,,,,,,,,,,,,,,,,,,,,,,,,,,,,,,,,,,,,
"2025-11-10 14:18:29.3106947Z","2025-11-10 14:18:29.3106947Z","ETW","Microsoft-Windows-Kernel-Audit-API-Calls",6,"PsOpenThread"," 3004 svchost.exe",8048,,,"  424 WmiPrvSE.exe",10700,,,,,,,,,,,,,,,,,,,,,,,,,,,,1762784309310694700,,,,,,,,,,,,,,,,2048,0,,,,,,,,,,,,,,,,,,,,,,,,,,,,,,,,,,,,,,,,,,,,,
"2025-11-10 14:18:29.3106951Z","2025-11-10 14:18:29.3106951Z","ETW","Microsoft-Windows-Kernel-Audit-API-Calls",6,"PsOpenThread"," 3004 svchost.exe",7248,,,"  424 WmiPrvSE.exe",8068,,,,,,,,,,,,,,,,,,,,,,,,,,,,1762784309310695100,,,,,,,,,,,,,,,,2048,0,,,,,,,,,,,,,,,,,,,,,,,,,,,,,,,,,,,,,,,,,,,,,
"2025-11-10 14:18:29.3108619Z","2025-11-10 14:18:29.3108619Z","ETW","Microsoft-Windows-Kernel-Audit-API-Calls",6,"PsOpenThread"," 3004 svchost.exe",8048,,,"  424 WmiPrvSE.exe",10700,,,,,,,,,,,,,,,,,,,,,,,,,,,,1762784309310861900,,,,,,,,,,,,,,,,2048,0,,,,,,,,,,,,,,,,,,,,,,,,,,,,,,,,,,,,,,,,,,,,,
"2025-11-10 14:18:29.3109912Z","2025-11-10 14:18:29.3109912Z","ETW","Microsoft-Windows-Kernel-Audit-API-Calls",6,"PsOpenThread"," 3004 svchost.exe",8048,,,"  424 WmiPrvSE.exe",10700,,,,,,,,,,,,,,,,,,,,,,,,,,,,1762784309310991200,,,,,,,,,,,,,,,,2048,0,,,,,,,,,,,,,,,,,,,,,,,,,,,,,,,,,,,,,,,,,,,,,
"2025-11-10 14:18:29.3111333Z","2025-11-10 14:18:29.3111333Z","ETW","Microsoft-Windows-Kernel-Process",3,"ThreadStart Start "," 3004 svchost.exe",8604,,," 3004 svchost.exe",,,,,,,,,,,,,,,,,,,,,,,,,,,,,1762784309311133300,,18446606103144955904,18446606103144927232,140736999905216,242,275881824256,11688,275888734208,275888701440,140736999905216,,,,,,,,,,,,,,,,,,,,,,,,,,,,,,,,,,,,,,,,,,,,,,,,,,,,
"2025-11-10 14:18:29.3111589Z","2025-11-10 14:18:29.3111589Z","ETW","Microsoft-Windows-Kernel-Audit-API-Calls",6,"PsOpenThread"," 3004 svchost.exe",8604,,," 3004 svchost.exe",11688,,,,,,,,,,,,,,,,,,,,,,,,,,,,1762784309311158900,,,,,,,,,,,,,,,,64,0,,,,,,,,,,,,,,,,,,,,,,,,,,,,,,,,,,,,,,,,,,,,,
"2025-11-10 14:18:29.3115692Z","2025-11-10 14:18:29.3115692Z","ETW","Microsoft-Windows-Kernel-Audit-API-Calls",6,"PsOpenThread","  424 WmiPrvSE.exe",8068,,," 3004 svchost.exe",11688,,,,,,,,,,,,,,,,,,,,,,,,,,,,1762784309311569200,,,,,,,,,,,,,,,,2048,3221225506,,,,,,,,,,,,,,,,,,,,,,,,,,,,,,,,,,,,,,,,,,,,,
"2025-11-10 14:18:29.3115753Z","2025-11-10 14:18:29.3115753Z","ETW","Microsoft-Windows-Kernel-Audit-API-Calls",6,"PsOpenThread","  424 WmiPrvSE.exe",8068,,," 3004 svchost.exe",11688,,,,,,,,,,,,,,,,,,,,,,,,,,,,1762784309311575300,,,,,,,,,,,,,,,,2048,0,,,,,,,,,,,,,,,,,,,,,,,,,,,,,,,,,,,,,,,,,,,,,
"2025-11-10 14:18:29.3117326Z","2025-11-10 14:18:29.3117326Z","ETW","Microsoft-Windows-Kernel-Audit-API-Calls",6,"PsOpenThread","  720 lsass.exe",5732,,,"  424 WmiPrvSE.exe",8068,,,,,,,,,,,,,,,,,,,,,,,,,,,,1762784309311732700,,,,,,,,,,,,,,,,2048,0,,,,,,,,,,,,,,,,,,,,,,,,,,,,,,,,,,,,,,,,,,,,,
"2025-11-10 14:18:29.3118707Z","2025-11-10 14:18:29.3118707Z","ETW","Microsoft-Windows-Kernel-Audit-API-Calls",6,"PsOpenThread","  720 lsass.exe",5732,,,"  424 WmiPrvSE.exe",8068,,,,,,,,,,,,,,,,,,,,,,,,,,,,1762784309311870700,,,,,,,,,,,,,,,,2048,0,,,,,,,,,,,,,,,,,,,,,,,,,,,,,,,,,,,,,,,,,,,,,
"2025-11-10 14:18:29.3119420Z","2025-11-10 14:18:29.3119420Z","ETW","Microsoft-Windows-Kernel-Audit-API-Calls",5,"PsOpenProcess","  720 lsass.exe",5732,,,"  424 WmiPrvSE.exe",,,,,,,,,,,,,,,,,,,,,,,,,,,,,1762784309311942000,,,,,,,,,,,,,,,,4096,0,,,,,,,,,,,,,,,,,,,,,,,,,,,,,,,,,,,,,,,,,,,,,
"2025-11-10 14:18:29.3120904Z","2025-11-10 14:18:29.3120904Z","ETW","Microsoft-Windows-Kernel-Audit-API-Calls",6,"PsOpenThread","  720 lsass.exe",5732,,,"  424 WmiPrvSE.exe",8068,,,,,,,,,,,,,,,,,,,,,,,,,,,,1762784309312090400,,,,,,,,,,,,,,,,2048,0,,,,,,,,,,,,,,,,,,,,,,,,,,,,,,,,,,,,,,,,,,,,,
"2025-11-10 14:18:29.3121539Z","2025-11-10 14:18:29.3121539Z","ETW","Microsoft-Windows-Kernel-Audit-API-Calls",6,"PsOpenThread","  720 lsass.exe",5732,,,"  424 WmiPrvSE.exe",8068,,,,,,,,,,,,,,,,,,,,,,,,,,,,1762784309312153900,,,,,,,,,,,,,,,,2048,0,,,,,,,,,,,,,,,,,,,,,,,,,,,,,,,,,,,,,,,,,,,,,
"2025-11-10 14:18:29.3193099Z","2025-11-10 14:18:29.3193099Z","ETW","Microsoft-Windows-Kernel-Audit-API-Calls",6,"PsOpenThread"," 3004 svchost.exe",7248,,,"  424 WmiPrvSE.exe",8068,,,,,,,,,,,,,,,,,,,,,,,,,,,,1762784309319309900,,,,,,,,,,,,,,,,2048,0,,,,,,,,,,,,,,,,,,,,,,,,,,,,,,,,,,,,,,,,,,,,,
"2025-11-10 14:18:29.3195924Z","2025-11-10 14:18:29.3195924Z","ETW","Microsoft-Windows-Kernel-Audit-API-Calls",6,"PsOpenThread"," 3004 svchost.exe",7248,,,"  424 WmiPrvSE.exe",10700,,,,,,,,,,,,,,,,,,,,,,,,,,,,1762784309319592400,,,,,,,,,,,,,,,,2048,0,,,,,,,,,,,,,,,,,,,,,,,,,,,,,,,,,,,,,,,,,,,,,
"2025-11-10 14:18:29.3196223Z","2025-11-10 14:18:29.3196223Z","ETW","Microsoft-Windows-Kernel-Audit-API-Calls",6,"PsOpenThread"," 3004 svchost.exe",4036,,,"  424 WmiPrvSE.exe",8068,,,,,,,,,,,,,,,,,,,,,,,,,,,,1762784309319622400,,,,,,,,,,,,,,,,2048,0,,,,,,,,,,,,,,,,,,,,,,,,,,,,,,,,,,,,,,,,,,,,,
"2025-11-10 14:18:29.3201268Z","2025-11-10 14:18:29.3201268Z","ETW","Microsoft-Windows-Kernel-Audit-API-Calls",6,"PsOpenThread"," 3004 svchost.exe",4036,,,"  424 WmiPrvSE.exe",10700,,,,,,,,,,,,,,,,,,,,,,,,,,,,1762784309320126800,,,,,,,,,,,,,,,,2048,0,,,,,,,,,,,,,,,,,,,,,,,,,,,,,,,,,,,,,,,,,,,,,
"2025-11-10 14:18:29.3202400Z","2025-11-10 14:18:29.3202400Z","ETW","Microsoft-Windows-Kernel-Audit-API-Calls",6,"PsOpenThread"," 3004 svchost.exe",7248,,,"  424 WmiPrvSE.exe",10700,,,,,,,,,,,,,,,,,,,,,,,,,,,,1762784309320240000,,,,,,,,,,,,,,,,2048,0,,,,,,,,,,,,,,,,,,,,,,,,,,,,,,,,,,,,,,,,,,,,,
"2025-11-10 14:18:29.3203272Z","2025-11-10 14:18:29.3203272Z","ETW","Microsoft-Windows-Kernel-Audit-API-Calls",6,"PsOpenThread"," 3004 svchost.exe",4036,,,"  424 WmiPrvSE.exe",10700,,,,,,,,,,,,,,,,,,,,,,,,,,,,1762784309320327200,,,,,,,,,,,,,,,,2048,0,,,,,,,,,,,,,,,,,,,,,,,,,,,,,,,,,,,,,,,,,,,,,
"2025-11-10 14:18:29.3203642Z","2025-11-10 14:18:29.3203642Z","ETW","Microsoft-Windows-Kernel-Audit-API-Calls",6,"PsOpenThread"," 3004 svchost.exe",8048,,,"  424 WmiPrvSE.exe",8068,,,,,,,,,,,,,,,,,,,,,,,,,,,,1762784309320364200,,,,,,,,,,,,,,,,2048,0,,,,,,,,,,,,,,,,,,,,,,,,,,,,,,,,,,,,,,,,,,,,,
"2025-11-10 14:18:29.3204099Z","2025-11-10 14:18:29.3204099Z","ETW","Microsoft-Windows-Kernel-Audit-API-Calls",6,"PsOpenThread"," 3004 svchost.exe",7248,,,"  424 WmiPrvSE.exe",10700,,,,,,,,,,,,,,,,,,,,,,,,,,,,1762784309320410000,,,,,,,,,,,,,,,,2048,0,,,,,,,,,,,,,,,,,,,,,,,,,,,,,,,,,,,,,,,,,,,,,
"2025-11-10 14:18:29.3204904Z","2025-11-10 14:18:29.3204904Z","ETW","Microsoft-Windows-Kernel-Audit-API-Calls",6,"PsOpenThread"," 3004 svchost.exe",4036,,,"  424 WmiPrvSE.exe",10700,,,,,,,,,,,,,,,,,,,,,,,,,,,,1762784309320490400,,,,,,,,,,,,,,,,2048,0,,,,,,,,,,,,,,,,,,,,,,,,,,,,,,,,,,,,,,,,,,,,,
"2025-11-10 14:18:29.3205681Z","2025-11-10 14:18:29.3205681Z","ETW","Microsoft-Windows-Kernel-Audit-API-Calls",6,"PsOpenThread"," 3004 svchost.exe",7248,,,"  424 WmiPrvSE.exe",10700,,,,,,,,,,,,,,,,,,,,,,,,,,,,1762784309320568100,,,,,,,,,,,,,,,,2048,0,,,,,,,,,,,,,,,,,,,,,,,,,,,,,,,,,,,,,,,,,,,,,
"2025-11-10 14:18:29.3206700Z","2025-11-10 14:18:29.3206700Z","ETW","Microsoft-Windows-Kernel-Audit-API-Calls",6,"PsOpenThread"," 3004 svchost.exe",4036,,,"  424 WmiPrvSE.exe",10700,,,,,,,,,,,,,,,,,,,,,,,,,,,,1762784309320670000,,,,,,,,,,,,,,,,2048,0,,,,,,,,,,,,,,,,,,,,,,,,,,,,,,,,,,,,,,,,,,,,,
"2025-11-10 14:18:29.3207725Z","2025-11-10 14:18:29.3207725Z","ETW","Microsoft-Windows-Kernel-Audit-API-Calls",6,"PsOpenThread"," 3004 svchost.exe",7248,,,"  424 WmiPrvSE.exe",10700,,,,,,,,,,,,,,,,,,,,,,,,,,,,1762784309320772500,,,,,,,,,,,,,,,,2048,0,,,,,,,,,,,,,,,,,,,,,,,,,,,,,,,,,,,,,,,,,,,,,
"2025-11-10 14:18:29.3209792Z","2025-11-10 14:18:29.3209792Z","ETW","Microsoft-Windows-Kernel-Audit-API-Calls",6,"PsOpenThread"," 3004 svchost.exe",4036,,,"  424 WmiPrvSE.exe",10700,,,,,,,,,,,,,,,,,,,,,,,,,,,,1762784309320979200,,,,,,,,,,,,,,,,2048,0,,,,,,,,,,,,,,,,,,,,,,,,,,,,,,,,,,,,,,,,,,,,,
"2025-11-10 14:18:29.3210968Z","2025-11-10 14:18:29.3210968Z","ETW","Microsoft-Windows-Kernel-Audit-API-Calls",6,"PsOpenThread"," 3004 svchost.exe",8048,,,"  424 WmiPrvSE.exe",10700,,,,,,,,,,,,,,,,,,,,,,,,,,,,1762784309321096800,,,,,,,,,,,,,,,,2048,0,,,,,,,,,,,,,,,,,,,,,,,,,,,,,,,,,,,,,,,,,,,,,
"2025-11-10 14:18:29.3211134Z","2025-11-10 14:18:29.3211134Z","ETW","Microsoft-Windows-Kernel-Audit-API-Calls",6,"PsOpenThread"," 3004 svchost.exe",10604,,,"  424 WmiPrvSE.exe",8068,,,,,,,,,,,,,,,,,,,,,,,,,,,,1762784309321113400,,,,,,,,,,,,,,,,2048,0,,,,,,,,,,,,,,,,,,,,,,,,,,,,,,,,,,,,,,,,,,,,,
"2025-11-10 14:18:29.3211955Z","2025-11-10 14:18:29.3211955Z","ETW","Microsoft-Windows-Kernel-Audit-API-Calls",6,"PsOpenThread"," 3004 svchost.exe",7248,,,"  424 WmiPrvSE.exe",10700,,,,,,,,,,,,,,,,,,,,,,,,,,,,1762784309321195500,,,,,,,,,,,,,,,,2048,0,,,,,,,,,,,,,,,,,,,,,,,,,,,,,,,,,,,,,,,,,,,,,
"2025-11-10 14:18:29.3212880Z","2025-11-10 14:18:29.3212880Z","ETW","Microsoft-Windows-Kernel-Audit-API-Calls",6,"PsOpenThread"," 3004 svchost.exe",4036,,,"  424 WmiPrvSE.exe",10700,,,,,,,,,,,,,,,,,,,,,,,,,,,,1762784309321288000,,,,,,,,,,,,,,,,2048,0,,,,,,,,,,,,,,,,,,,,,,,,,,,,,,,,,,,,,,,,,,,,,
"2025-11-10 14:18:29.3213837Z","2025-11-10 14:18:29.3213837Z","ETW","Microsoft-Windows-Kernel-Audit-API-Calls",6,"PsOpenThread"," 3004 svchost.exe",8048,,,"  424 WmiPrvSE.exe",10700,,,,,,,,,,,,,,,,,,,,,,,,,,,,1762784309321383700,,,,,,,,,,,,,,,,2048,0,,,,,,,,,,,,,,,,,,,,,,,,,,,,,,,,,,,,,,,,,,,,,
"2025-11-10 14:18:29.3214727Z","2025-11-10 14:18:29.3214727Z","ETW","Microsoft-Windows-Kernel-Audit-API-Calls",6,"PsOpenThread"," 3004 svchost.exe",7248,,,"  424 WmiPrvSE.exe",10700,,,,,,,,,,,,,,,,,,,,,,,,,,,,1762784309321472700,,,,,,,,,,,,,,,,2048,0,,,,,,,,,,,,,,,,,,,,,,,,,,,,,,,,,,,,,,,,,,,,,
"2025-11-10 14:18:29.3215629Z","2025-11-10 14:18:29.3215629Z","ETW","Microsoft-Windows-Kernel-Audit-API-Calls",6,"PsOpenThread"," 3004 svchost.exe",4036,,,"  424 WmiPrvSE.exe",10700,,,,,,,,,,,,,,,,,,,,,,,,,,,,1762784309321562900,,,,,,,,,,,,,,,,2048,0,,,,,,,,,,,,,,,,,,,,,,,,,,,,,,,,,,,,,,,,,,,,,
"2025-11-10 14:18:29.3216601Z","2025-11-10 14:18:29.3216601Z","ETW","Microsoft-Windows-Kernel-Audit-API-Calls",6,"PsOpenThread"," 3004 svchost.exe",8048,,,"  424 WmiPrvSE.exe",10700,,,,,,,,,,,,,,,,,,,,,,,,,,,,1762784309321660100,,,,,,,,,,,,,,,,2048,0,,,,,,,,,,,,,,,,,,,,,,,,,,,,,,,,,,,,,,,,,,,,,
"2025-11-10 14:18:29.3217514Z","2025-11-10 14:18:29.3217514Z","ETW","Microsoft-Windows-Kernel-Audit-API-Calls",6,"PsOpenThread"," 3004 svchost.exe",7248,,,"  424 WmiPrvSE.exe",10700,,,,,,,,,,,,,,,,,,,,,,,,,,,,1762784309321751400,,,,,,,,,,,,,,,,2048,0,,,,,,,,,,,,,,,,,,,,,,,,,,,,,,,,,,,,,,,,,,,,,
"2025-11-10 14:18:29.3218195Z","2025-11-10 14:18:29.3218195Z","ETW","Microsoft-Windows-Kernel-Audit-API-Calls",6,"PsOpenThread"," 3004 svchost.exe",10604,,,"  424 WmiPrvSE.exe",8068,,,,,,,,,,,,,,,,,,,,,,,,,,,,1762784309321819500,,,,,,,,,,,,,,,,2048,0,,,,,,,,,,,,,,,,,,,,,,,,,,,,,,,,,,,,,,,,,,,,,
"2025-11-10 14:18:29.3218415Z","2025-11-10 14:18:29.3218415Z","ETW","Microsoft-Windows-Kernel-Audit-API-Calls",6,"PsOpenThread"," 3004 svchost.exe",4036,,,"  424 WmiPrvSE.exe",10700,,,,,,,,,,,,,,,,,,,,,,,,,,,,1762784309321841500,,,,,,,,,,,,,,,,2048,0,,,,,,,,,,,,,,,,,,,,,,,,,,,,,,,,,,,,,,,,,,,,,
"2025-11-10 14:18:29.3219311Z","2025-11-10 14:18:29.3219311Z","ETW","Microsoft-Windows-Kernel-Audit-API-Calls",6,"PsOpenThread"," 3004 svchost.exe",8048,,,"  424 WmiPrvSE.exe",10700,,,,,,,,,,,,,,,,,,,,,,,,,,,,1762784309321931200,,,,,,,,,,,,,,,,2048,0,,,,,,,,,,,,,,,,,,,,,,,,,,,,,,,,,,,,,,,,,,,,,
"2025-11-10 14:18:29.3220236Z","2025-11-10 14:18:29.3220236Z","ETW","Microsoft-Windows-Kernel-Audit-API-Calls",6,"PsOpenThread"," 3004 svchost.exe",7248,,,"  424 WmiPrvSE.exe",10700,,,,,,,,,,,,,,,,,,,,,,,,,,,,1762784309322023600,,,,,,,,,,,,,,,,2048,0,,,,,,,,,,,,,,,,,,,,,,,,,,,,,,,,,,,,,,,,,,,,,
"2025-11-10 14:18:29.3221148Z","2025-11-10 14:18:29.3221148Z","ETW","Microsoft-Windows-Kernel-Audit-API-Calls",6,"PsOpenThread"," 3004 svchost.exe",4036,,,"  424 WmiPrvSE.exe",10700,,,,,,,,,,,,,,,,,,,,,,,,,,,,1762784309322114800,,,,,,,,,,,,,,,,2048,0,,,,,,,,,,,,,,,,,,,,,,,,,,,,,,,,,,,,,,,,,,,,,
"2025-11-10 14:18:29.3222037Z","2025-11-10 14:18:29.3222037Z","ETW","Microsoft-Windows-Kernel-Audit-API-Calls",6,"PsOpenThread"," 3004 svchost.exe",8048,,,"  424 WmiPrvSE.exe",10700,,,,,,,,,,,,,,,,,,,,,,,,,,,,1762784309322203700,,,,,,,,,,,,,,,,2048,0,,,,,,,,,,,,,,,,,,,,,,,,,,,,,,,,,,,,,,,,,,,,,
"2025-11-10 14:18:29.3222976Z","2025-11-10 14:18:29.3222976Z","ETW","Microsoft-Windows-Kernel-Audit-API-Calls",6,"PsOpenThread"," 3004 svchost.exe",10604,,,"  424 WmiPrvSE.exe",10700,,,,,,,,,,,,,,,,,,,,,,,,,,,,1762784309322297600,,,,,,,,,,,,,,,,2048,0,,,,,,,,,,,,,,,,,,,,,,,,,,,,,,,,,,,,,,,,,,,,,
"2025-11-10 14:18:29.3223873Z","2025-11-10 14:18:29.3223873Z","ETW","Microsoft-Windows-Kernel-Audit-API-Calls",6,"PsOpenThread"," 3004 svchost.exe",7248,,,"  424 WmiPrvSE.exe",10700,,,,,,,,,,,,,,,,,,,,,,,,,,,,1762784309322387300,,,,,,,,,,,,,,,,2048,0,,,,,,,,,,,,,,,,,,,,,,,,,,,,,,,,,,,,,,,,,,,,,
"2025-11-10 14:18:29.3224759Z","2025-11-10 14:18:29.3224759Z","ETW","Microsoft-Windows-Kernel-Audit-API-Calls",6,"PsOpenThread"," 3004 svchost.exe",7248,,,"  424 WmiPrvSE.exe",8068,,,,,,,,,,,,,,,,,,,,,,,,,,,,1762784309322475900,,,,,,,,,,,,,,,,2048,0,,,,,,,,,,,,,,,,,,,,,,,,,,,,,,,,,,,,,,,,,,,,,
"2025-11-10 14:18:29.3224804Z","2025-11-10 14:18:29.3224804Z","ETW","Microsoft-Windows-Kernel-Audit-API-Calls",6,"PsOpenThread"," 3004 svchost.exe",4036,,,"  424 WmiPrvSE.exe",10700,,,,,,,,,,,,,,,,,,,,,,,,,,,,1762784309322480400,,,,,,,,,,,,,,,,2048,0,,,,,,,,,,,,,,,,,,,,,,,,,,,,,,,,,,,,,,,,,,,,,
"2025-11-10 14:18:29.3225734Z","2025-11-10 14:18:29.3225734Z","ETW","Microsoft-Windows-Kernel-Audit-API-Calls",6,"PsOpenThread"," 3004 svchost.exe",4036,,,"  424 WmiPrvSE.exe",10700,,,,,,,,,,,,,,,,,,,,,,,,,,,,1762784309322573400,,,,,,,,,,,,,,,,2048,0,,,,,,,,,,,,,,,,,,,,,,,,,,,,,,,,,,,,,,,,,,,,,
"2025-11-10 14:18:29.3226616Z","2025-11-10 14:18:29.3226616Z","ETW","Microsoft-Windows-Kernel-Audit-API-Calls",6,"PsOpenThread"," 3004 svchost.exe",4036,,,"  424 WmiPrvSE.exe",10700,,,,,,,,,,,,,,,,,,,,,,,,,,,,1762784309322661600,,,,,,,,,,,,,,,,2048,0,,,,,,,,,,,,,,,,,,,,,,,,,,,,,,,,,,,,,,,,,,,,,
"2025-11-10 14:18:29.3227490Z","2025-11-10 14:18:29.3227490Z","ETW","Microsoft-Windows-Kernel-Audit-API-Calls",6,"PsOpenThread"," 3004 svchost.exe",4036,,,"  424 WmiPrvSE.exe",10700,,,,,,,,,,,,,,,,,,,,,,,,,,,,1762784309322749000,,,,,,,,,,,,,,,,2048,0,,,,,,,,,,,,,,,,,,,,,,,,,,,,,,,,,,,,,,,,,,,,,
"2025-11-10 14:18:29.3228352Z","2025-11-10 14:18:29.3228352Z","ETW","Microsoft-Windows-Kernel-Audit-API-Calls",6,"PsOpenThread"," 3004 svchost.exe",4036,,,"  424 WmiPrvSE.exe",10700,,,,,,,,,,,,,,,,,,,,,,,,,,,,1762784309322835200,,,,,,,,,,,,,,,,2048,0,,,,,,,,,,,,,,,,,,,,,,,,,,,,,,,,,,,,,,,,,,,,,
"2025-11-10 14:18:29.3229262Z","2025-11-10 14:18:29.3229262Z","ETW","Microsoft-Windows-Kernel-Audit-API-Calls",6,"PsOpenThread"," 3004 svchost.exe",4036,,,"  424 WmiPrvSE.exe",10700,,,,,,,,,,,,,,,,,,,,,,,,,,,,1762784309322926200,,,,,,,,,,,,,,,,2048,0,,,,,,,,,,,,,,,,,,,,,,,,,,,,,,,,,,,,,,,,,,,,,
"2025-11-10 14:18:29.3230142Z","2025-11-10 14:18:29.3230142Z","ETW","Microsoft-Windows-Kernel-Audit-API-Calls",6,"PsOpenThread"," 3004 svchost.exe",4036,,,"  424 WmiPrvSE.exe",10700,,,,,,,,,,,,,,,,,,,,,,,,,,,,1762784309323014300,,,,,,,,,,,,,,,,2048,0,,,,,,,,,,,,,,,,,,,,,,,,,,,,,,,,,,,,,,,,,,,,,
"2025-11-10 14:18:29.3230570Z","2025-11-10 14:18:29.3230570Z","ETW","Microsoft-Windows-Kernel-Audit-API-Calls",6,"PsOpenThread","  720 lsass.exe",5732,,,"  424 WmiPrvSE.exe",8068,,,,,,,,,,,,,,,,,,,,,,,,,,,,1762784309323057000,,,,,,,,,,,,,,,,2048,0,,,,,,,,,,,,,,,,,,,,,,,,,,,,,,,,,,,,,,,,,,,,,
"2025-11-10 14:18:29.3231238Z","2025-11-10 14:18:29.3231238Z","ETW","Microsoft-Windows-Kernel-Audit-API-Calls",6,"PsOpenThread"," 3004 svchost.exe",4036,,,"  424 WmiPrvSE.exe",10700,,,,,,,,,,,,,,,,,,,,,,,,,,,,1762784309323123800,,,,,,,,,,,,,,,,2048,0,,,,,,,,,,,,,,,,,,,,,,,,,,,,,,,,,,,,,,,,,,,,,
"2025-11-10 14:18:29.3232205Z","2025-11-10 14:18:29.3232205Z","ETW","Microsoft-Windows-Kernel-Audit-API-Calls",6,"PsOpenThread"," 3004 svchost.exe",7248,,,"  424 WmiPrvSE.exe",10700,,,,,,,,,,,,,,,,,,,,,,,,,,,,1762784309323220500,,,,,,,,,,,,,,,,2048,0,,,,,,,,,,,,,,,,,,,,,,,,,,,,,,,,,,,,,,,,,,,,,
"2025-11-10 14:18:29.3232265Z","2025-11-10 14:18:29.3232265Z","ETW","Microsoft-Windows-Kernel-Audit-API-Calls",6,"PsOpenThread"," 3004 svchost.exe",4036,,,"  424 WmiPrvSE.exe",8068,,,,,,,,,,,,,,,,,,,,,,,,,,,,1762784309323226500,,,,,,,,,,,,,,,,2048,0,,,,,,,,,,,,,,,,,,,,,,,,,,,,,,,,,,,,,,,,,,,,,
"2025-11-10 14:18:29.3233143Z","2025-11-10 14:18:29.3233143Z","ETW","Microsoft-Windows-Kernel-Audit-API-Calls",6,"PsOpenThread"," 3004 svchost.exe",7248,,,"  424 WmiPrvSE.exe",10700,,,,,,,,,,,,,,,,,,,,,,,,,,,,1762784309323314300,,,,,,,,,,,,,,,,2048,0,,,,,,,,,,,,,,,,,,,,,,,,,,,,,,,,,,,,,,,,,,,,,
"2025-11-10 14:18:29.3234018Z","2025-11-10 14:18:29.3234018Z","ETW","Microsoft-Windows-Kernel-Audit-API-Calls",6,"PsOpenThread"," 3004 svchost.exe",7248,,,"  424 WmiPrvSE.exe",10700,,,,,,,,,,,,,,,,,,,,,,,,,,,,1762784309323401800,,,,,,,,,,,,,,,,2048,0,,,,,,,,,,,,,,,,,,,,,,,,,,,,,,,,,,,,,,,,,,,,,
"2025-11-10 14:18:29.3235158Z","2025-11-10 14:18:29.3235158Z","ETW","Microsoft-Windows-Kernel-Audit-API-Calls",6,"PsOpenThread"," 3004 svchost.exe",4036,,,"  424 WmiPrvSE.exe",10700,,,,,,,,,,,,,,,,,,,,,,,,,,,,1762784309323515800,,,,,,,,,,,,,,,,2048,0,,,,,,,,,,,,,,,,,,,,,,,,,,,,,,,,,,,,,,,,,,,,,
"2025-11-10 14:18:29.3235327Z","2025-11-10 14:18:29.3235327Z","ETW","Microsoft-Windows-Kernel-Audit-API-Calls",6,"PsOpenThread"," 3004 svchost.exe",10604,,,"  424 WmiPrvSE.exe",8068,,,,,,,,,,,,,,,,,,,,,,,,,,,,1762784309323532700,,,,,,,,,,,,,,,,2048,0,,,,,,,,,,,,,,,,,,,,,,,,,,,,,,,,,,,,,,,,,,,,,
"2025-11-10 14:18:29.3236123Z","2025-11-10 14:18:29.3236123Z","ETW","Microsoft-Windows-Kernel-Audit-API-Calls",6,"PsOpenThread"," 3004 svchost.exe",7248,,,"  424 WmiPrvSE.exe",10700,,,,,,,,,,,,,,,,,,,,,,,,,,,,1762784309323612300,,,,,,,,,,,,,,,,2048,0,,,,,,,,,,,,,,,,,,,,,,,,,,,,,,,,,,,,,,,,,,,,,
"2025-11-10 14:18:29.3236510Z","2025-11-10 14:18:29.3236510Z","ETW","Microsoft-Windows-Kernel-Audit-API-Calls",6,"PsOpenThread"," 3004 svchost.exe",8048,,,"  424 WmiPrvSE.exe",8068,,,,,,,,,,,,,,,,,,,,,,,,,,,,1762784309323651000,,,,,,,,,,,,,,,,2048,0,,,,,,,,,,,,,,,,,,,,,,,,,,,,,,,,,,,,,,,,,,,,,
"2025-11-10 14:18:29.3237108Z","2025-11-10 14:18:29.3237108Z","ETW","Microsoft-Windows-Kernel-Audit-API-Calls",6,"PsOpenThread"," 3004 svchost.exe",4036,,,"  424 WmiPrvSE.exe",10700,,,,,,,,,,,,,,,,,,,,,,,,,,,,1762784309323710800,,,,,,,,,,,,,,,,2048,0,,,,,,,,,,,,,,,,,,,,,,,,,,,,,,,,,,,,,,,,,,,,,
"2025-11-10 14:18:29.3238032Z","2025-11-10 14:18:29.3238032Z","ETW","Microsoft-Windows-Kernel-Audit-API-Calls",6,"PsOpenThread"," 3004 svchost.exe",10604,,,"  424 WmiPrvSE.exe",10700,,,,,,,,,,,,,,,,,,,,,,,,,,,,1762784309323803200,,,,,,,,,,,,,,,,2048,0,,,,,,,,,,,,,,,,,,,,,,,,,,,,,,,,,,,,,,,,,,,,,
"2025-11-10 14:18:29.3238920Z","2025-11-10 14:18:29.3238920Z","ETW","Microsoft-Windows-Kernel-Audit-API-Calls",6,"PsOpenThread"," 3004 svchost.exe",4036,,,"  424 WmiPrvSE.exe",10700,,,,,,,,,,,,,,,,,,,,,,,,,,,,1762784309323892000,,,,,,,,,,,,,,,,2048,0,,,,,,,,,,,,,,,,,,,,,,,,,,,,,,,,,,,,,,,,,,,,,
"2025-11-10 14:18:29.3240290Z","2025-11-10 14:18:29.3240290Z","ETW","Microsoft-Windows-Kernel-Audit-API-Calls",6,"PsOpenThread"," 3004 svchost.exe",4036,,,"  424 WmiPrvSE.exe",10700,,,,,,,,,,,,,,,,,,,,,,,,,,,,1762784309324029000,,,,,,,,,,,,,,,,2048,0,,,,,,,,,,,,,,,,,,,,,,,,,,,,,,,,,,,,,,,,,,,,,
"2025-11-10 14:18:29.3242860Z","2025-11-10 14:18:29.3242860Z","ETW","Microsoft-Windows-Kernel-Audit-API-Calls",6,"PsOpenThread"," 3004 svchost.exe",4036,,,"  424 WmiPrvSE.exe",10700,,,,,,,,,,,,,,,,,,,,,,,,,,,,1762784309324286000,,,,,,,,,,,,,,,,2048,0,,,,,,,,,,,,,,,,,,,,,,,,,,,,,,,,,,,,,,,,,,,,,
"2025-11-10 14:18:29.3243835Z","2025-11-10 14:18:29.3243835Z","ETW","Microsoft-Windows-Kernel-Audit-API-Calls",6,"PsOpenThread"," 3004 svchost.exe",4036,,,"  424 WmiPrvSE.exe",10700,,,,,,,,,,,,,,,,,,,,,,,,,,,,1762784309324383500,,,,,,,,,,,,,,,,2048,0,,,,,,,,,,,,,,,,,,,,,,,,,,,,,,,,,,,,,,,,,,,,,
"2025-11-10 14:18:29.3245947Z","2025-11-10 14:18:29.3245947Z","ETW","Microsoft-Windows-Kernel-Audit-API-Calls",6,"PsOpenThread"," 3004 svchost.exe",4036,,,"  424 WmiPrvSE.exe",10700,,,,,,,,,,,,,,,,,,,,,,,,,,,,1762784309324594700,,,,,,,,,,,,,,,,2048,0,,,,,,,,,,,,,,,,,,,,,,,,,,,,,,,,,,,,,,,,,,,,,
"2025-11-10 14:18:29.3247126Z","2025-11-10 14:18:29.3247126Z","ETW","Microsoft-Windows-Kernel-Audit-API-Calls",6,"PsOpenThread"," 3004 svchost.exe",4036,,,"  424 WmiPrvSE.exe",10700,,,,,,,,,,,,,,,,,,,,,,,,,,,,1762784309324712600,,,,,,,,,,,,,,,,2048,0,,,,,,,,,,,,,,,,,,,,,,,,,,,,,,,,,,,,,,,,,,,,,
"2025-11-10 14:18:29.3248468Z","2025-11-10 14:18:29.3248468Z","ETW","Microsoft-Windows-Kernel-Audit-API-Calls",6,"PsOpenThread"," 3004 svchost.exe",4036,,,"  424 WmiPrvSE.exe",10700,,,,,,,,,,,,,,,,,,,,,,,,,,,,1762784309324846800,,,,,,,,,,,,,,,,2048,0,,,,,,,,,,,,,,,,,,,,,,,,,,,,,,,,,,,,,,,,,,,,,
"2025-11-10 14:18:29.3249464Z","2025-11-10 14:18:29.3249464Z","ETW","Microsoft-Windows-Kernel-Audit-API-Calls",6,"PsOpenThread"," 3004 svchost.exe",4036,,,"  424 WmiPrvSE.exe",10700,,,,,,,,,,,,,,,,,,,,,,,,,,,,1762784309324946400,,,,,,,,,,,,,,,,2048,0,,,,,,,,,,,,,,,,,,,,,,,,,,,,,,,,,,,,,,,,,,,,,
"2025-11-10 14:18:29.3250338Z","2025-11-10 14:18:29.3250338Z","ETW","Microsoft-Windows-Kernel-Audit-API-Calls",6,"PsOpenThread"," 3004 svchost.exe",4036,,,"  424 WmiPrvSE.exe",10700,,,,,,,,,,,,,,,,,,,,,,,,,,,,1762784309325033800,,,,,,,,,,,,,,,,2048,0,,,,,,,,,,,,,,,,,,,,,,,,,,,,,,,,,,,,,,,,,,,,,
"2025-11-10 14:18:29.3251192Z","2025-11-10 14:18:29.3251192Z","ETW","Microsoft-Windows-Kernel-Audit-API-Calls",6,"PsOpenThread"," 3004 svchost.exe",4036,,,"  424 WmiPrvSE.exe",10700,,,,,,,,,,,,,,,,,,,,,,,,,,,,1762784309325119200,,,,,,,,,,,,,,,,2048,0,,,,,,,,,,,,,,,,,,,,,,,,,,,,,,,,,,,,,,,,,,,,,
"2025-11-10 14:18:29.3252026Z","2025-11-10 14:18:29.3252026Z","ETW","Microsoft-Windows-Kernel-Audit-API-Calls",6,"PsOpenThread"," 3004 svchost.exe",4036,,,"  424 WmiPrvSE.exe",10700,,,,,,,,,,,,,,,,,,,,,,,,,,,,1762784309325202600,,,,,,,,,,,,,,,,2048,0,,,,,,,,,,,,,,,,,,,,,,,,,,,,,,,,,,,,,,,,,,,,,
"2025-11-10 14:18:29.3252884Z","2025-11-10 14:18:29.3252884Z","ETW","Microsoft-Windows-Kernel-Audit-API-Calls",6,"PsOpenThread"," 3004 svchost.exe",4036,,,"  424 WmiPrvSE.exe",10700,,,,,,,,,,,,,,,,,,,,,,,,,,,,1762784309325288400,,,,,,,,,,,,,,,,2048,0,,,,,,,,,,,,,,,,,,,,,,,,,,,,,,,,,,,,,,,,,,,,,
"2025-11-10 14:18:29.3253731Z","2025-11-10 14:18:29.3253731Z","ETW","Microsoft-Windows-Kernel-Audit-API-Calls",6,"PsOpenThread"," 3004 svchost.exe",4036,,,"  424 WmiPrvSE.exe",10700,,,,,,,,,,,,,,,,,,,,,,,,,,,,1762784309325373200,,,,,,,,,,,,,,,,2048,0,,,,,,,,,,,,,,,,,,,,,,,,,,,,,,,,,,,,,,,,,,,,,
"2025-11-10 14:18:29.3254569Z","2025-11-10 14:18:29.3254569Z","ETW","Microsoft-Windows-Kernel-Audit-API-Calls",6,"PsOpenThread"," 3004 svchost.exe",4036,,,"  424 WmiPrvSE.exe",10700,,,,,,,,,,,,,,,,,,,,,,,,,,,,1762784309325456900,,,,,,,,,,,,,,,,2048,0,,,,,,,,,,,,,,,,,,,,,,,,,,,,,,,,,,,,,,,,,,,,,
"2025-11-10 14:18:29.3255406Z","2025-11-10 14:18:29.3255406Z","ETW","Microsoft-Windows-Kernel-Audit-API-Calls",6,"PsOpenThread"," 3004 svchost.exe",4036,,,"  424 WmiPrvSE.exe",10700,,,,,,,,,,,,,,,,,,,,,,,,,,,,1762784309325540600,,,,,,,,,,,,,,,,2048,0,,,,,,,,,,,,,,,,,,,,,,,,,,,,,,,,,,,,,,,,,,,,,
"2025-11-10 14:18:29.3256235Z","2025-11-10 14:18:29.3256235Z","ETW","Microsoft-Windows-Kernel-Audit-API-Calls",6,"PsOpenThread"," 3004 svchost.exe",4036,,,"  424 WmiPrvSE.exe",10700,,,,,,,,,,,,,,,,,,,,,,,,,,,,1762784309325623500,,,,,,,,,,,,,,,,2048,0,,,,,,,,,,,,,,,,,,,,,,,,,,,,,,,,,,,,,,,,,,,,,
"2025-11-10 14:18:29.3257069Z","2025-11-10 14:18:29.3257069Z","ETW","Microsoft-Windows-Kernel-Audit-API-Calls",6,"PsOpenThread"," 3004 svchost.exe",4036,,,"  424 WmiPrvSE.exe",10700,,,,,,,,,,,,,,,,,,,,,,,,,,,,1762784309325706900,,,,,,,,,,,,,,,,2048,0,,,,,,,,,,,,,,,,,,,,,,,,,,,,,,,,,,,,,,,,,,,,,
"2025-11-10 14:18:29.3257914Z","2025-11-10 14:18:29.3257914Z","ETW","Microsoft-Windows-Kernel-Audit-API-Calls",6,"PsOpenThread"," 3004 svchost.exe",4036,,,"  424 WmiPrvSE.exe",10700,,,,,,,,,,,,,,,,,,,,,,,,,,,,1762784309325791400,,,,,,,,,,,,,,,,2048,0,,,,,,,,,,,,,,,,,,,,,,,,,,,,,,,,,,,,,,,,,,,,,
"2025-11-10 14:18:29.3258750Z","2025-11-10 14:18:29.3258750Z","ETW","Microsoft-Windows-Kernel-Audit-API-Calls",6,"PsOpenThread"," 3004 svchost.exe",4036,,,"  424 WmiPrvSE.exe",10700,,,,,,,,,,,,,,,,,,,,,,,,,,,,1762784309325875000,,,,,,,,,,,,,,,,2048,0,,,,,,,,,,,,,,,,,,,,,,,,,,,,,,,,,,,,,,,,,,,,,
"2025-11-10 14:18:29.3259589Z","2025-11-10 14:18:29.3259589Z","ETW","Microsoft-Windows-Kernel-Audit-API-Calls",6,"PsOpenThread"," 3004 svchost.exe",4036,,,"  424 WmiPrvSE.exe",10700,,,,,,,,,,,,,,,,,,,,,,,,,,,,1762784309325958900,,,,,,,,,,,,,,,,2048,0,,,,,,,,,,,,,,,,,,,,,,,,,,,,,,,,,,,,,,,,,,,,,
"2025-11-10 14:18:29.3260421Z","2025-11-10 14:18:29.3260421Z","ETW","Microsoft-Windows-Kernel-Audit-API-Calls",6,"PsOpenThread"," 3004 svchost.exe",4036,,,"  424 WmiPrvSE.exe",10700,,,,,,,,,,,,,,,,,,,,,,,,,,,,1762784309326042100,,,,,,,,,,,,,,,,2048,0,,,,,,,,,,,,,,,,,,,,,,,,,,,,,,,,,,,,,,,,,,,,,
"2025-11-10 14:18:29.3261262Z","2025-11-10 14:18:29.3261262Z","ETW","Microsoft-Windows-Kernel-Audit-API-Calls",6,"PsOpenThread"," 3004 svchost.exe",4036,,,"  424 WmiPrvSE.exe",10700,,,,,,,,,,,,,,,,,,,,,,,,,,,,1762784309326126200,,,,,,,,,,,,,,,,2048,0,,,,,,,,,,,,,,,,,,,,,,,,,,,,,,,,,,,,,,,,,,,,,
"2025-11-10 14:18:29.3262267Z","2025-11-10 14:18:29.3262267Z","ETW","Microsoft-Windows-Kernel-Audit-API-Calls",6,"PsOpenThread"," 3004 svchost.exe",4036,,,"  424 WmiPrvSE.exe",10700,,,,,,,,,,,,,,,,,,,,,,,,,,,,1762784309326226700,,,,,,,,,,,,,,,,2048,0,,,,,,,,,,,,,,,,,,,,,,,,,,,,,,,,,,,,,,,,,,,,,
"2025-11-10 14:18:29.3263409Z","2025-11-10 14:18:29.3263409Z","ETW","Microsoft-Windows-Kernel-Audit-API-Calls",6,"PsOpenThread"," 3004 svchost.exe",4036,,,"  424 WmiPrvSE.exe",10700,,,,,,,,,,,,,,,,,,,,,,,,,,,,1762784309326340900,,,,,,,,,,,,,,,,2048,0,,,,,,,,,,,,,,,,,,,,,,,,,,,,,,,,,,,,,,,,,,,,,
"2025-11-10 14:18:29.3264535Z","2025-11-10 14:18:29.3264535Z","ETW","Microsoft-Windows-Kernel-Audit-API-Calls",6,"PsOpenThread"," 3004 svchost.exe",4036,,,"  424 WmiPrvSE.exe",10700,,,,,,,,,,,,,,,,,,,,,,,,,,,,1762784309326453500,,,,,,,,,,,,,,,,2048,0,,,,,,,,,,,,,,,,,,,,,,,,,,,,,,,,,,,,,,,,,,,,,
"2025-11-10 14:18:29.3265413Z","2025-11-10 14:18:29.3265413Z","ETW","Microsoft-Windows-Kernel-Audit-API-Calls",6,"PsOpenThread"," 3004 svchost.exe",4036,,,"  424 WmiPrvSE.exe",10700,,,,,,,,,,,,,,,,,,,,,,,,,,,,1762784309326541300,,,,,,,,,,,,,,,,2048,0,,,,,,,,,,,,,,,,,,,,,,,,,,,,,,,,,,,,,,,,,,,,,
"2025-11-10 14:18:29.3266244Z","2025-11-10 14:18:29.3266244Z","ETW","Microsoft-Windows-Kernel-Audit-API-Calls",6,"PsOpenThread"," 3004 svchost.exe",4036,,,"  424 WmiPrvSE.exe",10700,,,,,,,,,,,,,,,,,,,,,,,,,,,,1762784309326624400,,,,,,,,,,,,,,,,2048,0,,,,,,,,,,,,,,,,,,,,,,,,,,,,,,,,,,,,,,,,,,,,,
"2025-11-10 14:18:29.3267257Z","2025-11-10 14:18:29.3267257Z","ETW","Microsoft-Windows-Kernel-Audit-API-Calls",6,"PsOpenThread"," 3004 svchost.exe",4036,,,"  424 WmiPrvSE.exe",10700,,,,,,,,,,,,,,,,,,,,,,,,,,,,1762784309326725700,,,,,,,,,,,,,,,,2048,0,,,,,,,,,,,,,,,,,,,,,,,,,,,,,,,,,,,,,,,,,,,,,
"2025-11-10 14:18:29.3268731Z","2025-11-10 14:18:29.3268731Z","ETW","Microsoft-Windows-Kernel-Audit-API-Calls",6,"PsOpenThread"," 3004 svchost.exe",4036,,,"  424 WmiPrvSE.exe",10700,,,,,,,,,,,,,,,,,,,,,,,,,,,,1762784309326873100,,,,,,,,,,,,,,,,2048,0,,,,,,,,,,,,,,,,,,,,,,,,,,,,,,,,,,,,,,,,,,,,,
"2025-11-10 14:18:29.3269723Z","2025-11-10 14:18:29.3269723Z","ETW","Microsoft-Windows-Kernel-Audit-API-Calls",6,"PsOpenThread"," 3004 svchost.exe",4036,,,"  424 WmiPrvSE.exe",10700,,,,,,,,,,,,,,,,,,,,,,,,,,,,1762784309326972300,,,,,,,,,,,,,,,,2048,0,,,,,,,,,,,,,,,,,,,,,,,,,,,,,,,,,,,,,,,,,,,,,
"2025-11-10 14:18:29.3270590Z","2025-11-10 14:18:29.3270590Z","ETW","Microsoft-Windows-Kernel-Audit-API-Calls",6,"PsOpenThread"," 3004 svchost.exe",4036,,,"  424 WmiPrvSE.exe",10700,,,,,,,,,,,,,,,,,,,,,,,,,,,,1762784309327059000,,,,,,,,,,,,,,,,2048,0,,,,,,,,,,,,,,,,,,,,,,,,,,,,,,,,,,,,,,,,,,,,,
"2025-11-10 14:18:29.3271440Z","2025-11-10 14:18:29.3271440Z","ETW","Microsoft-Windows-Kernel-Audit-API-Calls",6,"PsOpenThread"," 3004 svchost.exe",4036,,,"  424 WmiPrvSE.exe",10700,,,,,,,,,,,,,,,,,,,,,,,,,,,,1762784309327144000,,,,,,,,,,,,,,,,2048,0,,,,,,,,,,,,,,,,,,,,,,,,,,,,,,,,,,,,,,,,,,,,,
"2025-11-10 14:18:29.3272283Z","2025-11-10 14:18:29.3272283Z","ETW","Microsoft-Windows-Kernel-Audit-API-Calls",6,"PsOpenThread"," 3004 svchost.exe",4036,,,"  424 WmiPrvSE.exe",10700,,,,,,,,,,,,,,,,,,,,,,,,,,,,1762784309327228300,,,,,,,,,,,,,,,,2048,0,,,,,,,,,,,,,,,,,,,,,,,,,,,,,,,,,,,,,,,,,,,,,
"2025-11-10 14:18:29.3273151Z","2025-11-10 14:18:29.3273151Z","ETW","Microsoft-Windows-Kernel-Audit-API-Calls",6,"PsOpenThread"," 3004 svchost.exe",4036,,,"  424 WmiPrvSE.exe",10700,,,,,,,,,,,,,,,,,,,,,,,,,,,,1762784309327315200,,,,,,,,,,,,,,,,2048,0,,,,,,,,,,,,,,,,,,,,,,,,,,,,,,,,,,,,,,,,,,,,,
"2025-11-10 14:18:29.3273986Z","2025-11-10 14:18:29.3273986Z","ETW","Microsoft-Windows-Kernel-Audit-API-Calls",6,"PsOpenThread"," 3004 svchost.exe",4036,,,"  424 WmiPrvSE.exe",10700,,,,,,,,,,,,,,,,,,,,,,,,,,,,1762784309327398600,,,,,,,,,,,,,,,,2048,0,,,,,,,,,,,,,,,,,,,,,,,,,,,,,,,,,,,,,,,,,,,,,
"2025-11-10 14:18:29.3274822Z","2025-11-10 14:18:29.3274822Z","ETW","Microsoft-Windows-Kernel-Audit-API-Calls",6,"PsOpenThread"," 3004 svchost.exe",4036,,,"  424 WmiPrvSE.exe",10700,,,,,,,,,,,,,,,,,,,,,,,,,,,,1762784309327482200,,,,,,,,,,,,,,,,2048,0,,,,,,,,,,,,,,,,,,,,,,,,,,,,,,,,,,,,,,,,,,,,,
"2025-11-10 14:18:29.3275671Z","2025-11-10 14:18:29.3275671Z","ETW","Microsoft-Windows-Kernel-Audit-API-Calls",6,"PsOpenThread"," 3004 svchost.exe",4036,,,"  424 WmiPrvSE.exe",10700,,,,,,,,,,,,,,,,,,,,,,,,,,,,1762784309327567100,,,,,,,,,,,,,,,,2048,0,,,,,,,,,,,,,,,,,,,,,,,,,,,,,,,,,,,,,,,,,,,,,
"2025-11-10 14:18:29.3276492Z","2025-11-10 14:18:29.3276492Z","ETW","Microsoft-Windows-Kernel-Audit-API-Calls",6,"PsOpenThread"," 3004 svchost.exe",4036,,,"  424 WmiPrvSE.exe",10700,,,,,,,,,,,,,,,,,,,,,,,,,,,,1762784309327649300,,,,,,,,,,,,,,,,2048,0,,,,,,,,,,,,,,,,,,,,,,,,,,,,,,,,,,,,,,,,,,,,,
"2025-11-10 14:18:29.3277417Z","2025-11-10 14:18:29.3277417Z","ETW","Microsoft-Windows-Kernel-Audit-API-Calls",6,"PsOpenThread"," 3004 svchost.exe",4036,,,"  424 WmiPrvSE.exe",10700,,,,,,,,,,,,,,,,,,,,,,,,,,,,1762784309327741700,,,,,,,,,,,,,,,,2048,0,,,,,,,,,,,,,,,,,,,,,,,,,,,,,,,,,,,,,,,,,,,,,
"2025-11-10 14:18:29.3278264Z","2025-11-10 14:18:29.3278264Z","ETW","Microsoft-Windows-Kernel-Audit-API-Calls",6,"PsOpenThread"," 3004 svchost.exe",4036,,,"  424 WmiPrvSE.exe",10700,,,,,,,,,,,,,,,,,,,,,,,,,,,,1762784309327826400,,,,,,,,,,,,,,,,2048,0,,,,,,,,,,,,,,,,,,,,,,,,,,,,,,,,,,,,,,,,,,,,,
"2025-11-10 14:18:29.3279106Z","2025-11-10 14:18:29.3279106Z","ETW","Microsoft-Windows-Kernel-Audit-API-Calls",6,"PsOpenThread"," 3004 svchost.exe",4036,,,"  424 WmiPrvSE.exe",10700,,,,,,,,,,,,,,,,,,,,,,,,,,,,1762784309327910600,,,,,,,,,,,,,,,,2048,0,,,,,,,,,,,,,,,,,,,,,,,,,,,,,,,,,,,,,,,,,,,,,
"2025-11-10 14:18:29.3279961Z","2025-11-10 14:18:29.3279961Z","ETW","Microsoft-Windows-Kernel-Audit-API-Calls",6,"PsOpenThread"," 3004 svchost.exe",4036,,,"  424 WmiPrvSE.exe",10700,,,,,,,,,,,,,,,,,,,,,,,,,,,,1762784309327996100,,,,,,,,,,,,,,,,2048,0,,,,,,,,,,,,,,,,,,,,,,,,,,,,,,,,,,,,,,,,,,,,,
"2025-11-10 14:18:29.3280796Z","2025-11-10 14:18:29.3280796Z","ETW","Microsoft-Windows-Kernel-Audit-API-Calls",6,"PsOpenThread"," 3004 svchost.exe",4036,,,"  424 WmiPrvSE.exe",10700,,,,,,,,,,,,,,,,,,,,,,,,,,,,1762784309328079600,,,,,,,,,,,,,,,,2048,0,,,,,,,,,,,,,,,,,,,,,,,,,,,,,,,,,,,,,,,,,,,,,
"2025-11-10 14:18:29.3281620Z","2025-11-10 14:18:29.3281620Z","ETW","Microsoft-Windows-Kernel-Audit-API-Calls",6,"PsOpenThread"," 3004 svchost.exe",4036,,,"  424 WmiPrvSE.exe",10700,,,,,,,,,,,,,,,,,,,,,,,,,,,,1762784309328162000,,,,,,,,,,,,,,,,2048,0,,,,,,,,,,,,,,,,,,,,,,,,,,,,,,,,,,,,,,,,,,,,,
"2025-11-10 14:18:29.3282437Z","2025-11-10 14:18:29.3282437Z","ETW","Microsoft-Windows-Kernel-Audit-API-Calls",6,"PsOpenThread"," 3004 svchost.exe",4036,,,"  424 WmiPrvSE.exe",10700,,,,,,,,,,,,,,,,,,,,,,,,,,,,1762784309328243800,,,,,,,,,,,,,,,,2048,0,,,,,,,,,,,,,,,,,,,,,,,,,,,,,,,,,,,,,,,,,,,,,
"2025-11-10 14:18:29.3283387Z","2025-11-10 14:18:29.3283387Z","ETW","Microsoft-Windows-Kernel-Audit-API-Calls",6,"PsOpenThread"," 3004 svchost.exe",4036,,,"  424 WmiPrvSE.exe",10700,,,,,,,,,,,,,,,,,,,,,,,,,,,,1762784309328338700,,,,,,,,,,,,,,,,2048,0,,,,,,,,,,,,,,,,,,,,,,,,,,,,,,,,,,,,,,,,,,,,,
"2025-11-10 14:18:29.3285548Z","2025-11-10 14:18:29.3285548Z","ETW","Microsoft-Windows-Kernel-Audit-API-Calls",6,"PsOpenThread"," 3004 svchost.exe",4036,,,"  424 WmiPrvSE.exe",10700,,,,,,,,,,,,,,,,,,,,,,,,,,,,1762784309328554800,,,,,,,,,,,,,,,,2048,0,,,,,,,,,,,,,,,,,,,,,,,,,,,,,,,,,,,,,,,,,,,,,
"2025-11-10 14:18:29.3287084Z","2025-11-10 14:18:29.3287084Z","ETW","Microsoft-Windows-Kernel-Audit-API-Calls",6,"PsOpenThread"," 3004 svchost.exe",4036,,,"  424 WmiPrvSE.exe",10700,,,,,,,,,,,,,,,,,,,,,,,,,,,,1762784309328708400,,,,,,,,,,,,,,,,2048,0,,,,,,,,,,,,,,,,,,,,,,,,,,,,,,,,,,,,,,,,,,,,,
"2025-11-10 14:18:29.3288939Z","2025-11-10 14:18:29.3288939Z","ETW","Microsoft-Windows-Kernel-Audit-API-Calls",6,"PsOpenThread"," 3004 svchost.exe",4036,,,"  424 WmiPrvSE.exe",10700,,,,,,,,,,,,,,,,,,,,,,,,,,,,1762784309328893900,,,,,,,,,,,,,,,,2048,0,,,,,,,,,,,,,,,,,,,,,,,,,,,,,,,,,,,,,,,,,,,,,
"2025-11-10 14:18:29.3293513Z","2025-11-10 14:18:29.3293513Z","ETW","Microsoft-Windows-Kernel-Audit-API-Calls",6,"PsOpenThread"," 3004 svchost.exe",4036,,,"  424 WmiPrvSE.exe",10700,,,,,,,,,,,,,,,,,,,,,,,,,,,,1762784309329351300,,,,,,,,,,,,,,,,2048,0,,,,,,,,,,,,,,,,,,,,,,,,,,,,,,,,,,,,,,,,,,,,,
"2025-11-10 14:18:29.3294776Z","2025-11-10 14:18:29.3294776Z","ETW","Microsoft-Windows-Kernel-Audit-API-Calls",6,"PsOpenThread"," 3004 svchost.exe",4036,,,"  424 WmiPrvSE.exe",10700,,,,,,,,,,,,,,,,,,,,,,,,,,,,1762784309329477600,,,,,,,,,,,,,,,,2048,0,,,,,,,,,,,,,,,,,,,,,,,,,,,,,,,,,,,,,,,,,,,,,
"2025-11-10 14:18:29.3295871Z","2025-11-10 14:18:29.3295871Z","ETW","Microsoft-Windows-Kernel-Audit-API-Calls",6,"PsOpenThread"," 3004 svchost.exe",4036,,,"  424 WmiPrvSE.exe",10700,,,,,,,,,,,,,,,,,,,,,,,,,,,,1762784309329587100,,,,,,,,,,,,,,,,2048,0,,,,,,,,,,,,,,,,,,,,,,,,,,,,,,,,,,,,,,,,,,,,,
"2025-11-10 14:18:29.3296738Z","2025-11-10 14:18:29.3296738Z","ETW","Microsoft-Windows-Kernel-Audit-API-Calls",6,"PsOpenThread"," 3004 svchost.exe",4036,,,"  424 WmiPrvSE.exe",10700,,,,,,,,,,,,,,,,,,,,,,,,,,,,1762784309329673800,,,,,,,,,,,,,,,,2048,0,,,,,,,,,,,,,,,,,,,,,,,,,,,,,,,,,,,,,,,,,,,,,
"2025-11-10 14:18:29.3297591Z","2025-11-10 14:18:29.3297591Z","ETW","Microsoft-Windows-Kernel-Audit-API-Calls",6,"PsOpenThread"," 3004 svchost.exe",4036,,,"  424 WmiPrvSE.exe",10700,,,,,,,,,,,,,,,,,,,,,,,,,,,,1762784309329759200,,,,,,,,,,,,,,,,2048,0,,,,,,,,,,,,,,,,,,,,,,,,,,,,,,,,,,,,,,,,,,,,,
"2025-11-10 14:18:29.3298421Z","2025-11-10 14:18:29.3298421Z","ETW","Microsoft-Windows-Kernel-Audit-API-Calls",6,"PsOpenThread"," 3004 svchost.exe",4036,,,"  424 WmiPrvSE.exe",10700,,,,,,,,,,,,,,,,,,,,,,,,,,,,1762784309329842100,,,,,,,,,,,,,,,,2048,0,,,,,,,,,,,,,,,,,,,,,,,,,,,,,,,,,,,,,,,,,,,,,
"2025-11-10 14:18:29.3299244Z","2025-11-10 14:18:29.3299244Z","ETW","Microsoft-Windows-Kernel-Audit-API-Calls",6,"PsOpenThread"," 3004 svchost.exe",4036,,,"  424 WmiPrvSE.exe",10700,,,,,,,,,,,,,,,,,,,,,,,,,,,,1762784309329924400,,,,,,,,,,,,,,,,2048,0,,,,,,,,,,,,,,,,,,,,,,,,,,,,,,,,,,,,,,,,,,,,,
"2025-11-10 14:18:29.3300076Z","2025-11-10 14:18:29.3300076Z","ETW","Microsoft-Windows-Kernel-Audit-API-Calls",6,"PsOpenThread"," 3004 svchost.exe",4036,,,"  424 WmiPrvSE.exe",10700,,,,,,,,,,,,,,,,,,,,,,,,,,,,1762784309330007600,,,,,,,,,,,,,,,,2048,0,,,,,,,,,,,,,,,,,,,,,,,,,,,,,,,,,,,,,,,,,,,,,
"2025-11-10 14:18:29.3300908Z","2025-11-10 14:18:29.3300908Z","ETW","Microsoft-Windows-Kernel-Audit-API-Calls",6,"PsOpenThread"," 3004 svchost.exe",4036,,,"  424 WmiPrvSE.exe",10700,,,,,,,,,,,,,,,,,,,,,,,,,,,,1762784309330090800,,,,,,,,,,,,,,,,2048,0,,,,,,,,,,,,,,,,,,,,,,,,,,,,,,,,,,,,,,,,,,,,,
"2025-11-10 14:18:29.3301747Z","2025-11-10 14:18:29.3301747Z","ETW","Microsoft-Windows-Kernel-Audit-API-Calls",6,"PsOpenThread"," 3004 svchost.exe",4036,,,"  424 WmiPrvSE.exe",10700,,,,,,,,,,,,,,,,,,,,,,,,,,,,1762784309330174700,,,,,,,,,,,,,,,,2048,0,,,,,,,,,,,,,,,,,,,,,,,,,,,,,,,,,,,,,,,,,,,,,
"2025-11-10 14:18:29.3302745Z","2025-11-10 14:18:29.3302745Z","ETW","Microsoft-Windows-Kernel-Audit-API-Calls",6,"PsOpenThread"," 3004 svchost.exe",4036,,,"  424 WmiPrvSE.exe",10700,,,,,,,,,,,,,,,,,,,,,,,,,,,,1762784309330274600,,,,,,,,,,,,,,,,2048,0,,,,,,,,,,,,,,,,,,,,,,,,,,,,,,,,,,,,,,,,,,,,,
"2025-11-10 14:18:29.3303611Z","2025-11-10 14:18:29.3303611Z","ETW","Microsoft-Windows-Kernel-Audit-API-Calls",6,"PsOpenThread"," 3004 svchost.exe",4036,,,"  424 WmiPrvSE.exe",10700,,,,,,,,,,,,,,,,,,,,,,,,,,,,1762784309330361100,,,,,,,,,,,,,,,,2048,0,,,,,,,,,,,,,,,,,,,,,,,,,,,,,,,,,,,,,,,,,,,,,
"2025-11-10 14:18:29.3304663Z","2025-11-10 14:18:29.3304663Z","ETW","Microsoft-Windows-Kernel-Audit-API-Calls",6,"PsOpenThread"," 3004 svchost.exe",4036,,,"  424 WmiPrvSE.exe",10700,,,,,,,,,,,,,,,,,,,,,,,,,,,,1762784309330466300,,,,,,,,,,,,,,,,2048,0,,,,,,,,,,,,,,,,,,,,,,,,,,,,,,,,,,,,,,,,,,,,,
"2025-11-10 14:18:29.3306364Z","2025-11-10 14:18:29.3306364Z","ETW","Microsoft-Windows-Kernel-Audit-API-Calls",6,"PsOpenThread"," 3004 svchost.exe",4036,,,"  424 WmiPrvSE.exe",10700,,,,,,,,,,,,,,,,,,,,,,,,,,,,1762784309330636400,,,,,,,,,,,,,,,,2048,0,,,,,,,,,,,,,,,,,,,,,,,,,,,,,,,,,,,,,,,,,,,,,
"2025-11-10 14:18:29.3307560Z","2025-11-10 14:18:29.3307560Z","ETW","Microsoft-Windows-Kernel-Audit-API-Calls",6,"PsOpenThread"," 3004 svchost.exe",4036,,,"  424 WmiPrvSE.exe",10700,,,,,,,,,,,,,,,,,,,,,,,,,,,,1762784309330756000,,,,,,,,,,,,,,,,2048,0,,,,,,,,,,,,,,,,,,,,,,,,,,,,,,,,,,,,,,,,,,,,,
"2025-11-10 14:18:29.3308609Z","2025-11-10 14:18:29.3308609Z","ETW","Microsoft-Windows-Kernel-Audit-API-Calls",6,"PsOpenThread"," 3004 svchost.exe",4036,,,"  424 WmiPrvSE.exe",10700,,,,,,,,,,,,,,,,,,,,,,,,,,,,1762784309330860900,,,,,,,,,,,,,,,,2048,0,,,,,,,,,,,,,,,,,,,,,,,,,,,,,,,,,,,,,,,,,,,,,
"2025-11-10 14:18:29.3309534Z","2025-11-10 14:18:29.3309534Z","ETW","Microsoft-Windows-Kernel-Audit-API-Calls",6,"PsOpenThread"," 3004 svchost.exe",4036,,,"  424 WmiPrvSE.exe",10700,,,,,,,,,,,,,,,,,,,,,,,,,,,,1762784309330953400,,,,,,,,,,,,,,,,2048,0,,,,,,,,,,,,,,,,,,,,,,,,,,,,,,,,,,,,,,,,,,,,,
"2025-11-10 14:18:29.3310389Z","2025-11-10 14:18:29.3310389Z","ETW","Microsoft-Windows-Kernel-Audit-API-Calls",6,"PsOpenThread"," 3004 svchost.exe",4036,,,"  424 WmiPrvSE.exe",10700,,,,,,,,,,,,,,,,,,,,,,,,,,,,1762784309331038900,,,,,,,,,,,,,,,,2048,0,,,,,,,,,,,,,,,,,,,,,,,,,,,,,,,,,,,,,,,,,,,,,
"2025-11-10 14:18:29.3311402Z","2025-11-10 14:18:29.3311402Z","ETW","Microsoft-Windows-Kernel-Audit-API-Calls",6,"PsOpenThread"," 3004 svchost.exe",4036,,,"  424 WmiPrvSE.exe",10700,,,,,,,,,,,,,,,,,,,,,,,,,,,,1762784309331140200,,,,,,,,,,,,,,,,2048,0,,,,,,,,,,,,,,,,,,,,,,,,,,,,,,,,,,,,,,,,,,,,,
"2025-11-10 14:18:29.3312262Z","2025-11-10 14:18:29.3312262Z","ETW","Microsoft-Windows-Kernel-Audit-API-Calls",6,"PsOpenThread"," 3004 svchost.exe",4036,,,"  424 WmiPrvSE.exe",10700,,,,,,,,,,,,,,,,,,,,,,,,,,,,1762784309331226200,,,,,,,,,,,,,,,,2048,0,,,,,,,,,,,,,,,,,,,,,,,,,,,,,,,,,,,,,,,,,,,,,
"2025-11-10 14:18:29.3313104Z","2025-11-10 14:18:29.3313104Z","ETW","Microsoft-Windows-Kernel-Audit-API-Calls",6,"PsOpenThread"," 3004 svchost.exe",4036,,,"  424 WmiPrvSE.exe",10700,,,,,,,,,,,,,,,,,,,,,,,,,,,,1762784309331310400,,,,,,,,,,,,,,,,2048,0,,,,,,,,,,,,,,,,,,,,,,,,,,,,,,,,,,,,,,,,,,,,,
"2025-11-10 14:18:29.3313942Z","2025-11-10 14:18:29.3313942Z","ETW","Microsoft-Windows-Kernel-Audit-API-Calls",6,"PsOpenThread"," 3004 svchost.exe",4036,,,"  424 WmiPrvSE.exe",10700,,,,,,,,,,,,,,,,,,,,,,,,,,,,1762784309331394300,,,,,,,,,,,,,,,,2048,0,,,,,,,,,,,,,,,,,,,,,,,,,,,,,,,,,,,,,,,,,,,,,
"2025-11-10 14:18:29.3314796Z","2025-11-10 14:18:29.3314796Z","ETW","Microsoft-Windows-Kernel-Audit-API-Calls",6,"PsOpenThread"," 3004 svchost.exe",4036,,,"  424 WmiPrvSE.exe",10700,,,,,,,,,,,,,,,,,,,,,,,,,,,,1762784309331479600,,,,,,,,,,,,,,,,2048,0,,,,,,,,,,,,,,,,,,,,,,,,,,,,,,,,,,,,,,,,,,,,,
"2025-11-10 14:18:29.3315631Z","2025-11-10 14:18:29.3315631Z","ETW","Microsoft-Windows-Kernel-Audit-API-Calls",6,"PsOpenThread"," 3004 svchost.exe",4036,,,"  424 WmiPrvSE.exe",10700,,,,,,,,,,,,,,,,,,,,,,,,,,,,1762784309331563100,,,,,,,,,,,,,,,,2048,0,,,,,,,,,,,,,,,,,,,,,,,,,,,,,,,,,,,,,,,,,,,,,
"2025-11-10 14:18:29.3316451Z","2025-11-10 14:18:29.3316451Z","ETW","Microsoft-Windows-Kernel-Audit-API-Calls",6,"PsOpenThread"," 3004 svchost.exe",4036,,,"  424 WmiPrvSE.exe",10700,,,,,,,,,,,,,,,,,,,,,,,,,,,,1762784309331645100,,,,,,,,,,,,,,,,2048,0,,,,,,,,,,,,,,,,,,,,,,,,,,,,,,,,,,,,,,,,,,,,,
"2025-11-10 14:18:29.3317292Z","2025-11-10 14:18:29.3317292Z","ETW","Microsoft-Windows-Kernel-Audit-API-Calls",6,"PsOpenThread"," 3004 svchost.exe",4036,,,"  424 WmiPrvSE.exe",10700,,,,,,,,,,,,,,,,,,,,,,,,,,,,1762784309331729200,,,,,,,,,,,,,,,,2048,0,,,,,,,,,,,,,,,,,,,,,,,,,,,,,,,,,,,,,,,,,,,,,
"2025-11-10 14:18:29.3318130Z","2025-11-10 14:18:29.3318130Z","ETW","Microsoft-Windows-Kernel-Audit-API-Calls",6,"PsOpenThread"," 3004 svchost.exe",4036,,,"  424 WmiPrvSE.exe",10700,,,,,,,,,,,,,,,,,,,,,,,,,,,,1762784309331813000,,,,,,,,,,,,,,,,2048,0,,,,,,,,,,,,,,,,,,,,,,,,,,,,,,,,,,,,,,,,,,,,,
"2025-11-10 14:18:29.3318953Z","2025-11-10 14:18:29.3318953Z","ETW","Microsoft-Windows-Kernel-Audit-API-Calls",6,"PsOpenThread"," 3004 svchost.exe",4036,,,"  424 WmiPrvSE.exe",10700,,,,,,,,,,,,,,,,,,,,,,,,,,,,1762784309331895300,,,,,,,,,,,,,,,,2048,0,,,,,,,,,,,,,,,,,,,,,,,,,,,,,,,,,,,,,,,,,,,,,
"2025-11-10 14:18:29.3319798Z","2025-11-10 14:18:29.3319798Z","ETW","Microsoft-Windows-Kernel-Audit-API-Calls",6,"PsOpenThread"," 3004 svchost.exe",4036,,,"  424 WmiPrvSE.exe",10700,,,,,,,,,,,,,,,,,,,,,,,,,,,,1762784309331979800,,,,,,,,,,,,,,,,2048,0,,,,,,,,,,,,,,,,,,,,,,,,,,,,,,,,,,,,,,,,,,,,,
"2025-11-10 14:18:29.3320640Z","2025-11-10 14:18:29.3320640Z","ETW","Microsoft-Windows-Kernel-Audit-API-Calls",6,"PsOpenThread"," 3004 svchost.exe",4036,,,"  424 WmiPrvSE.exe",10700,,,,,,,,,,,,,,,,,,,,,,,,,,,,1762784309332064100,,,,,,,,,,,,,,,,2048,0,,,,,,,,,,,,,,,,,,,,,,,,,,,,,,,,,,,,,,,,,,,,,
"2025-11-10 14:18:29.3321465Z","2025-11-10 14:18:29.3321465Z","ETW","Microsoft-Windows-Kernel-Audit-API-Calls",6,"PsOpenThread"," 3004 svchost.exe",4036,,,"  424 WmiPrvSE.exe",10700,,,,,,,,,,,,,,,,,,,,,,,,,,,,1762784309332146500,,,,,,,,,,,,,,,,2048,0,,,,,,,,,,,,,,,,,,,,,,,,,,,,,,,,,,,,,,,,,,,,,
"2025-11-10 14:18:29.3322332Z","2025-11-10 14:18:29.3322332Z","ETW","Microsoft-Windows-Kernel-Audit-API-Calls",6,"PsOpenThread"," 3004 svchost.exe",4036,,,"  424 WmiPrvSE.exe",10700,,,,,,,,,,,,,,,,,,,,,,,,,,,,1762784309332233200,,,,,,,,,,,,,,,,2048,0,,,,,,,,,,,,,,,,,,,,,,,,,,,,,,,,,,,,,,,,,,,,,
"2025-11-10 14:18:29.3323161Z","2025-11-10 14:18:29.3323161Z","ETW","Microsoft-Windows-Kernel-Audit-API-Calls",6,"PsOpenThread"," 3004 svchost.exe",4036,,,"  424 WmiPrvSE.exe",10700,,,,,,,,,,,,,,,,,,,,,,,,,,,,1762784309332316100,,,,,,,,,,,,,,,,2048,0,,,,,,,,,,,,,,,,,,,,,,,,,,,,,,,,,,,,,,,,,,,,,
"2025-11-10 14:18:29.3324021Z","2025-11-10 14:18:29.3324021Z","ETW","Microsoft-Windows-Kernel-Audit-API-Calls",6,"PsOpenThread"," 3004 svchost.exe",4036,,,"  424 WmiPrvSE.exe",10700,,,,,,,,,,,,,,,,,,,,,,,,,,,,1762784309332402100,,,,,,,,,,,,,,,,2048,0,,,,,,,,,,,,,,,,,,,,,,,,,,,,,,,,,,,,,,,,,,,,,
"2025-11-10 14:18:29.3324846Z","2025-11-10 14:18:29.3324846Z","ETW","Microsoft-Windows-Kernel-Audit-API-Calls",6,"PsOpenThread"," 3004 svchost.exe",4036,,,"  424 WmiPrvSE.exe",10700,,,,,,,,,,,,,,,,,,,,,,,,,,,,1762784309332484600,,,,,,,,,,,,,,,,2048,0,,,,,,,,,,,,,,,,,,,,,,,,,,,,,,,,,,,,,,,,,,,,,
"2025-11-10 14:18:29.3325845Z","2025-11-10 14:18:29.3325845Z","ETW","Microsoft-Windows-Kernel-Audit-API-Calls",6,"PsOpenThread"," 3004 svchost.exe",4036,,,"  424 WmiPrvSE.exe",10700,,,,,,,,,,,,,,,,,,,,,,,,,,,,1762784309332584500,,,,,,,,,,,,,,,,2048,0,,,,,,,,,,,,,,,,,,,,,,,,,,,,,,,,,,,,,,,,,,,,,
"2025-11-10 14:18:29.3326694Z","2025-11-10 14:18:29.3326694Z","ETW","Microsoft-Windows-Kernel-Audit-API-Calls",6,"PsOpenThread"," 3004 svchost.exe",4036,,,"  424 WmiPrvSE.exe",10700,,,,,,,,,,,,,,,,,,,,,,,,,,,,1762784309332669400,,,,,,,,,,,,,,,,2048,0,,,,,,,,,,,,,,,,,,,,,,,,,,,,,,,,,,,,,,,,,,,,,
"2025-11-10 14:18:29.3327539Z","2025-11-10 14:18:29.3327539Z","ETW","Microsoft-Windows-Kernel-Audit-API-Calls",6,"PsOpenThread"," 3004 svchost.exe",4036,,,"  424 WmiPrvSE.exe",10700,,,,,,,,,,,,,,,,,,,,,,,,,,,,1762784309332753900,,,,,,,,,,,,,,,,2048,0,,,,,,,,,,,,,,,,,,,,,,,,,,,,,,,,,,,,,,,,,,,,,
"2025-11-10 14:18:29.3328357Z","2025-11-10 14:18:29.3328357Z","ETW","Microsoft-Windows-Kernel-Audit-API-Calls",6,"PsOpenThread"," 3004 svchost.exe",4036,,,"  424 WmiPrvSE.exe",10700,,,,,,,,,,,,,,,,,,,,,,,,,,,,1762784309332835700,,,,,,,,,,,,,,,,2048,0,,,,,,,,,,,,,,,,,,,,,,,,,,,,,,,,,,,,,,,,,,,,,
"2025-11-10 14:18:29.3329197Z","2025-11-10 14:18:29.3329197Z","ETW","Microsoft-Windows-Kernel-Audit-API-Calls",6,"PsOpenThread"," 3004 svchost.exe",4036,,,"  424 WmiPrvSE.exe",10700,,,,,,,,,,,,,,,,,,,,,,,,,,,,1762784309332919700,,,,,,,,,,,,,,,,2048,0,,,,,,,,,,,,,,,,,,,,,,,,,,,,,,,,,,,,,,,,,,,,,
"2025-11-10 14:18:29.3330017Z","2025-11-10 14:18:29.3330017Z","ETW","Microsoft-Windows-Kernel-Audit-API-Calls",6,"PsOpenThread"," 3004 svchost.exe",4036,,,"  424 WmiPrvSE.exe",10700,,,,,,,,,,,,,,,,,,,,,,,,,,,,1762784309333001700,,,,,,,,,,,,,,,,2048,0,,,,,,,,,,,,,,,,,,,,,,,,,,,,,,,,,,,,,,,,,,,,,
"2025-11-10 14:18:29.3330992Z","2025-11-10 14:18:29.3330992Z","ETW","Microsoft-Windows-Kernel-Audit-API-Calls",6,"PsOpenThread"," 3004 svchost.exe",4036,,,"  424 WmiPrvSE.exe",10700,,,,,,,,,,,,,,,,,,,,,,,,,,,,1762784309333099200,,,,,,,,,,,,,,,,2048,0,,,,,,,,,,,,,,,,,,,,,,,,,,,,,,,,,,,,,,,,,,,,,
"2025-11-10 14:18:29.3331845Z","2025-11-10 14:18:29.3331845Z","ETW","Microsoft-Windows-Kernel-Audit-API-Calls",6,"PsOpenThread"," 3004 svchost.exe",4036,,,"  424 WmiPrvSE.exe",10700,,,,,,,,,,,,,,,,,,,,,,,,,,,,1762784309333184500,,,,,,,,,,,,,,,,2048,0,,,,,,,,,,,,,,,,,,,,,,,,,,,,,,,,,,,,,,,,,,,,,
"2025-11-10 14:18:29.3332672Z","2025-11-10 14:18:29.3332672Z","ETW","Microsoft-Windows-Kernel-Audit-API-Calls",6,"PsOpenThread"," 3004 svchost.exe",4036,,,"  424 WmiPrvSE.exe",10700,,,,,,,,,,,,,,,,,,,,,,,,,,,,1762784309333267200,,,,,,,,,,,,,,,,2048,0,,,,,,,,,,,,,,,,,,,,,,,,,,,,,,,,,,,,,,,,,,,,,
"2025-11-10 14:18:29.3333500Z","2025-11-10 14:18:29.3333500Z","ETW","Microsoft-Windows-Kernel-Audit-API-Calls",6,"PsOpenThread"," 3004 svchost.exe",4036,,,"  424 WmiPrvSE.exe",10700,,,,,,,,,,,,,,,,,,,,,,,,,,,,1762784309333350000,,,,,,,,,,,,,,,,2048,0,,,,,,,,,,,,,,,,,,,,,,,,,,,,,,,,,,,,,,,,,,,,,
"2025-11-10 14:18:29.3334506Z","2025-11-10 14:18:29.3334506Z","ETW","Microsoft-Windows-Kernel-Audit-API-Calls",6,"PsOpenThread"," 3004 svchost.exe",4036,,,"  424 WmiPrvSE.exe",10700,,,,,,,,,,,,,,,,,,,,,,,,,,,,1762784309333450600,,,,,,,,,,,,,,,,2048,0,,,,,,,,,,,,,,,,,,,,,,,,,,,,,,,,,,,,,,,,,,,,,
"2025-11-10 14:18:29.3335349Z","2025-11-10 14:18:29.3335349Z","ETW","Microsoft-Windows-Kernel-Audit-API-Calls",6,"PsOpenThread"," 3004 svchost.exe",4036,,,"  424 WmiPrvSE.exe",10700,,,,,,,,,,,,,,,,,,,,,,,,,,,,1762784309333534900,,,,,,,,,,,,,,,,2048,0,,,,,,,,,,,,,,,,,,,,,,,,,,,,,,,,,,,,,,,,,,,,,
"2025-11-10 14:18:29.3336172Z","2025-11-10 14:18:29.3336172Z","ETW","Microsoft-Windows-Kernel-Audit-API-Calls",6,"PsOpenThread"," 3004 svchost.exe",4036,,,"  424 WmiPrvSE.exe",10700,,,,,,,,,,,,,,,,,,,,,,,,,,,,1762784309333617200,,,,,,,,,,,,,,,,2048,0,,,,,,,,,,,,,,,,,,,,,,,,,,,,,,,,,,,,,,,,,,,,,
"2025-11-10 14:18:29.3340519Z","2025-11-10 14:18:29.3340519Z","ETW","Microsoft-Windows-Kernel-Process",4,"ThreadStop Stop "," 1192 svchost.exe",8232,,," 1192 svchost.exe",,,,,,,,,,,,,,,,,,,,,,,,,,,,,1762784309334051900,,18446606103140237312,18446606103140208640,140737324634384,0,296173150208,8232,296177106944,296177074176,140737324634384,,,,,,,,,,,609640,,,,,,,,,,,,,,,,,,,,,,,,,,,,,,,,,,,,,,,,,
"2025-11-10 14:18:29.3340801Z","2025-11-10 14:18:29.3340801Z","ETW","Microsoft-Windows-Kernel-Process",4,"ThreadStop Stop "," 1400 svchost.exe",6404,,," 1400 svchost.exe",,,,,,,,,,,,,,,,,,,,,,,,,,,,,1762784309334080100,,18446606103133913088,18446606103133884416,140737324634384,0,1079472050176,6404,1079475961856,1079475929088,140737324634384,,,,,,,,,,,106442,,,,,,,,,,,,,,,,,,,,,,,,,,,,,,,,,,,,,,,,,
"2025-11-10 14:18:29.3341437Z","2025-11-10 14:18:29.3341437Z","ETW","Microsoft-Windows-Kernel-Process",4,"ThreadStop Stop "," 1432 svchost.exe",2248,,," 1432 svchost.exe",,,,,,,,,,,,,,,,,,,,,,,,,,,,,1762784309334143700,,18446606103142465536,18446606103142436864,140737324634384,0,1063825842176,2248,1063824195584,1063824162816,140737324634384,,,,,,,,,,,222688,,,,,,,,,,,,,,,,,,,,,,,,,,,,,,,,,,,,,,,,,
"2025-11-10 14:18:29.3341989Z","2025-11-10 14:18:29.3341989Z","ETW","Microsoft-Windows-Kernel-Process",4,"ThreadStop Stop "," 2944 svchost.exe",8032,,," 2944 svchost.exe",,,,,,,,,,,,,,,,,,,,,,,,,,,,,1762784309334198900,,18446606103138304000,18446606103138275328,140737324634384,0,484988092416,8032,484994187264,484994154496,140737324634384,,,,,,,,,,,479634,,,,,,,,,,,,,,,,,,,,,,,,,,,,,,,,,,,,,,,,,
"2025-11-10 14:18:29.3342018Z","2025-11-10 14:18:29.3342018Z","ETW","Microsoft-Windows-Kernel-Process",4,"ThreadStop Stop "," 1668 svchost.exe",7120,,," 1668 svchost.exe",,,,,,,,,,,,,,,,,,,,,,,,,,,,,1762784309334201800,,18446606103137091584,18446606103137062912,140737324634384,0,587438620672,7120,587449499648,587449466880,140737324634384,,,,,,,,,,,364634,,,,,,,,,,,,,,,,,,,,,,,,,,,,,,,,,,,,,,,,,
"2025-11-10 14:18:29.3342595Z","2025-11-10 14:18:29.3342595Z","ETW","Microsoft-Windows-Kernel-Process",4,"ThreadStop Stop "," 2956 svchost.exe",3144,,," 2956 svchost.exe",,,,,,,,,,,,,,,,,,,,,,,,,,,,,1762784309334259500,,18446606103099998208,18446606103099969536,140737324634384,0,154534313984,3144,154532380672,154532347904,140737324634384,,,,,,,,,,,1569131,,,,,,,,,,,,,,,,,,,,,,,,,,,,,,,,,,,,,,,,,
"2025-11-10 14:18:29.3343454Z","2025-11-10 14:18:29.3343454Z","ETW","Microsoft-Windows-Kernel-Audit-API-Calls",5,"PsOpenProcess","  828 svchost.exe",5984,,," 1668 svchost.exe",,,,,,,,,,,,,,,,,,,,,,,,,,,,,1762784309334345400,,,,,,,,,,,,,,,,4096,0,,,,,,,,,,,,,,,,,,,,,,,,,,,,,,,,,,,,,,,,,,,,,
"2025-11-10 14:18:29.3344320Z","2025-11-10 14:18:29.3344320Z","ETW","Microsoft-Windows-Kernel-Audit-API-Calls",5,"PsOpenProcess","  828 svchost.exe",5984,,," 1668 svchost.exe",,,,,,,,,,,,,,,,,,,,,,,,,,,,,1762784309334432000,,,,,,,,,,,,,,,,4096,0,,,,,,,,,,,,,,,,,,,,,,,,,,,,,,,,,,,,,,,,,,,,,
"2025-11-10 14:18:29.3344652Z","2025-11-10 14:18:29.3344652Z","ETW","Microsoft-Windows-Kernel-Process",4,"ThreadStop Stop "," 3284 svchost.exe",11840,,," 3284 svchost.exe",,,,,,,,,,,,,,,,,,,,,,,,,,,,,1762784309334465200,,18446606103120379904,18446606103120351232,140737324634384,0,793361178624,11840,793371475968,793371443200,140737324634384,,,,,,,,,,,101724,,,,,,,,,,,,,,,,,,,,,,,,,,,,,,,,,,,,,,,,,
"2025-11-10 14:18:29.3344806Z","2025-11-10 14:18:29.3344806Z","ETW","Microsoft-Windows-Kernel-Process",4,"ThreadStop Stop "," 7376 svchost.exe",4424,,," 7376 svchost.exe",,,,,,,,,,,,,,,,,,,,,,,,,,,,,1762784309334480600,,18446606103130451968,18446606103130423296,140737324634384,0,1061012881408,4424,1061019451392,1061019418624,140737324634384,,,,,,,,,,,115330,,,,,,,,,,,,,,,,,,,,,,,,,,,,,,,,,,,,,,,,,
"2025-11-10 14:18:29.3345306Z","2025-11-10 14:18:29.3345306Z","ETW","Microsoft-Windows-Kernel-Audit-API-Calls",6,"PsOpenThread"," 3004 svchost.exe",4036,,,"  424 WmiPrvSE.exe",10700,,,,,,,,,,,,,,,,,,,,,,,,,,,,1762784309334530600,,,,,,,,,,,,,,,,2048,0,,,,,,,,,,,,,,,,,,,,,,,,,,,,,,,,,,,,,,,,,,,,,
"2025-11-10 14:18:29.3348274Z","2025-11-10 14:18:29.3348274Z","ETW","Microsoft-Windows-Kernel-Audit-API-Calls",6,"PsOpenThread"," 3004 svchost.exe",4036,,,"  424 WmiPrvSE.exe",10700,,,,,,,,,,,,,,,,,,,,,,,,,,,,1762784309334827400,,,,,,,,,,,,,,,,2048,0,,,,,,,,,,,,,,,,,,,,,,,,,,,,,,,,,,,,,,,,,,,,,
"2025-11-10 14:18:29.3349613Z","2025-11-10 14:18:29.3349613Z","ETW","Microsoft-Windows-Kernel-Audit-API-Calls",6,"PsOpenThread"," 3004 svchost.exe",4036,,,"  424 WmiPrvSE.exe",10700,,,,,,,,,,,,,,,,,,,,,,,,,,,,1762784309334961300,,,,,,,,,,,,,,,,2048,0,,,,,,,,,,,,,,,,,,,,,,,,,,,,,,,,,,,,,,,,,,,,,
"2025-11-10 14:18:29.3350719Z","2025-11-10 14:18:29.3350719Z","ETW","Microsoft-Windows-Kernel-Audit-API-Calls",6,"PsOpenThread"," 3004 svchost.exe",4036,,,"  424 WmiPrvSE.exe",10700,,,,,,,,,,,,,,,,,,,,,,,,,,,,1762784309335071900,,,,,,,,,,,,,,,,2048,0,,,,,,,,,,,,,,,,,,,,,,,,,,,,,,,,,,,,,,,,,,,,,
"2025-11-10 14:18:29.3351581Z","2025-11-10 14:18:29.3351581Z","ETW","Microsoft-Windows-Kernel-Audit-API-Calls",6,"PsOpenThread"," 3004 svchost.exe",4036,,,"  424 WmiPrvSE.exe",10700,,,,,,,,,,,,,,,,,,,,,,,,,,,,1762784309335158100,,,,,,,,,,,,,,,,2048,0,,,,,,,,,,,,,,,,,,,,,,,,,,,,,,,,,,,,,,,,,,,,,
"2025-11-10 14:18:29.3352439Z","2025-11-10 14:18:29.3352439Z","ETW","Microsoft-Windows-Kernel-Audit-API-Calls",6,"PsOpenThread"," 3004 svchost.exe",4036,,,"  424 WmiPrvSE.exe",10700,,,,,,,,,,,,,,,,,,,,,,,,,,,,1762784309335243900,,,,,,,,,,,,,,,,2048,0,,,,,,,,,,,,,,,,,,,,,,,,,,,,,,,,,,,,,,,,,,,,,
"2025-11-10 14:18:29.3353302Z","2025-11-10 14:18:29.3353302Z","ETW","Microsoft-Windows-Kernel-Audit-API-Calls",6,"PsOpenThread"," 3004 svchost.exe",4036,,,"  424 WmiPrvSE.exe",10700,,,,,,,,,,,,,,,,,,,,,,,,,,,,1762784309335330200,,,,,,,,,,,,,,,,2048,0,,,,,,,,,,,,,,,,,,,,,,,,,,,,,,,,,,,,,,,,,,,,,
"2025-11-10 14:18:29.3355353Z","2025-11-10 14:18:29.3355353Z","ETW","Microsoft-Windows-Kernel-Audit-API-Calls",6,"PsOpenThread"," 3004 svchost.exe",4036,,,"  424 WmiPrvSE.exe",10700,,,,,,,,,,,,,,,,,,,,,,,,,,,,1762784309335535300,,,,,,,,,,,,,,,,2048,0,,,,,,,,,,,,,,,,,,,,,,,,,,,,,,,,,,,,,,,,,,,,,
"2025-11-10 14:18:29.3357404Z","2025-11-10 14:18:29.3357404Z","ETW","Microsoft-Windows-Kernel-Audit-API-Calls",6,"PsOpenThread"," 3004 svchost.exe",4036,,,"  424 WmiPrvSE.exe",10700,,,,,,,,,,,,,,,,,,,,,,,,,,,,1762784309335740400,,,,,,,,,,,,,,,,2048,0,,,,,,,,,,,,,,,,,,,,,,,,,,,,,,,,,,,,,,,,,,,,,
"2025-11-10 14:18:29.3358530Z","2025-11-10 14:18:29.3358530Z","ETW","Microsoft-Windows-Kernel-Audit-API-Calls",6,"PsOpenThread"," 3004 svchost.exe",4036,,,"  424 WmiPrvSE.exe",10700,,,,,,,,,,,,,,,,,,,,,,,,,,,,1762784309335853000,,,,,,,,,,,,,,,,2048,0,,,,,,,,,,,,,,,,,,,,,,,,,,,,,,,,,,,,,,,,,,,,,
"2025-11-10 14:18:29.3359428Z","2025-11-10 14:18:29.3359428Z","ETW","Microsoft-Windows-Kernel-Audit-API-Calls",6,"PsOpenThread"," 3004 svchost.exe",4036,,,"  424 WmiPrvSE.exe",10700,,,,,,,,,,,,,,,,,,,,,,,,,,,,1762784309335942800,,,,,,,,,,,,,,,,2048,0,,,,,,,,,,,,,,,,,,,,,,,,,,,,,,,,,,,,,,,,,,,,,
"2025-11-10 14:18:29.3360464Z","2025-11-10 14:18:29.3360464Z","ETW","Microsoft-Windows-Kernel-Audit-API-Calls",6,"PsOpenThread"," 3004 svchost.exe",4036,,,"  424 WmiPrvSE.exe",10700,,,,,,,,,,,,,,,,,,,,,,,,,,,,1762784309336046400,,,,,,,,,,,,,,,,2048,0,,,,,,,,,,,,,,,,,,,,,,,,,,,,,,,,,,,,,,,,,,,,,
"2025-11-10 14:18:29.3361334Z","2025-11-10 14:18:29.3361334Z","ETW","Microsoft-Windows-Kernel-Audit-API-Calls",6,"PsOpenThread"," 3004 svchost.exe",4036,,,"  424 WmiPrvSE.exe",10700,,,,,,,,,,,,,,,,,,,,,,,,,,,,1762784309336133400,,,,,,,,,,,,,,,,2048,0,,,,,,,,,,,,,,,,,,,,,,,,,,,,,,,,,,,,,,,,,,,,,
"2025-11-10 14:18:29.3362194Z","2025-11-10 14:18:29.3362194Z","ETW","Microsoft-Windows-Kernel-Audit-API-Calls",6,"PsOpenThread"," 3004 svchost.exe",4036,,,"  424 WmiPrvSE.exe",10700,,,,,,,,,,,,,,,,,,,,,,,,,,,,1762784309336219400,,,,,,,,,,,,,,,,2048,0,,,,,,,,,,,,,,,,,,,,,,,,,,,,,,,,,,,,,,,,,,,,,
"2025-11-10 14:18:29.3363032Z","2025-11-10 14:18:29.3363032Z","ETW","Microsoft-Windows-Kernel-Audit-API-Calls",6,"PsOpenThread"," 3004 svchost.exe",4036,,,"  424 WmiPrvSE.exe",10700,,,,,,,,,,,,,,,,,,,,,,,,,,,,1762784309336303200,,,,,,,,,,,,,,,,2048,0,,,,,,,,,,,,,,,,,,,,,,,,,,,,,,,,,,,,,,,,,,,,,
"2025-11-10 14:18:29.3363863Z","2025-11-10 14:18:29.3363863Z","ETW","Microsoft-Windows-Kernel-Audit-API-Calls",6,"PsOpenThread"," 3004 svchost.exe",4036,,,"  424 WmiPrvSE.exe",10700,,,,,,,,,,,,,,,,,,,,,,,,,,,,1762784309336386400,,,,,,,,,,,,,,,,2048,0,,,,,,,,,,,,,,,,,,,,,,,,,,,,,,,,,,,,,,,,,,,,,
"2025-11-10 14:18:29.3364712Z","2025-11-10 14:18:29.3364712Z","ETW","Microsoft-Windows-Kernel-Audit-API-Calls",6,"PsOpenThread"," 3004 svchost.exe",4036,,,"  424 WmiPrvSE.exe",10700,,,,,,,,,,,,,,,,,,,,,,,,,,,,1762784309336471300,,,,,,,,,,,,,,,,2048,0,,,,,,,,,,,,,,,,,,,,,,,,,,,,,,,,,,,,,,,,,,,,,
"2025-11-10 14:18:29.3365572Z","2025-11-10 14:18:29.3365572Z","ETW","Microsoft-Windows-Kernel-Audit-API-Calls",6,"PsOpenThread"," 3004 svchost.exe",4036,,,"  424 WmiPrvSE.exe",10700,,,,,,,,,,,,,,,,,,,,,,,,,,,,1762784309336557200,,,,,,,,,,,,,,,,2048,0,,,,,,,,,,,,,,,,,,,,,,,,,,,,,,,,,,,,,,,,,,,,,
"2025-11-10 14:18:29.3366407Z","2025-11-10 14:18:29.3366407Z","ETW","Microsoft-Windows-Kernel-Audit-API-Calls",6,"PsOpenThread"," 3004 svchost.exe",4036,,,"  424 WmiPrvSE.exe",10700,,,,,,,,,,,,,,,,,,,,,,,,,,,,1762784309336640700,,,,,,,,,,,,,,,,2048,0,,,,,,,,,,,,,,,,,,,,,,,,,,,,,,,,,,,,,,,,,,,,,
"2025-11-10 14:18:29.3367235Z","2025-11-10 14:18:29.3367235Z","ETW","Microsoft-Windows-Kernel-Audit-API-Calls",6,"PsOpenThread"," 3004 svchost.exe",4036,,,"  424 WmiPrvSE.exe",10700,,,,,,,,,,,,,,,,,,,,,,,,,,,,1762784309336723500,,,,,,,,,,,,,,,,2048,0,,,,,,,,,,,,,,,,,,,,,,,,,,,,,,,,,,,,,,,,,,,,,
"2025-11-10 14:18:29.3368067Z","2025-11-10 14:18:29.3368067Z","ETW","Microsoft-Windows-Kernel-Audit-API-Calls",6,"PsOpenThread"," 3004 svchost.exe",4036,,,"  424 WmiPrvSE.exe",10700,,,,,,,,,,,,,,,,,,,,,,,,,,,,1762784309336806700,,,,,,,,,,,,,,,,2048,0,,,,,,,,,,,,,,,,,,,,,,,,,,,,,,,,,,,,,,,,,,,,,
"2025-11-10 14:18:29.3368902Z","2025-11-10 14:18:29.3368902Z","ETW","Microsoft-Windows-Kernel-Audit-API-Calls",6,"PsOpenThread"," 3004 svchost.exe",4036,,,"  424 WmiPrvSE.exe",10700,,,,,,,,,,,,,,,,,,,,,,,,,,,,1762784309336890300,,,,,,,,,,,,,,,,2048,0,,,,,,,,,,,,,,,,,,,,,,,,,,,,,,,,,,,,,,,,,,,,,
"2025-11-10 14:18:29.3369724Z","2025-11-10 14:18:29.3369724Z","ETW","Microsoft-Windows-Kernel-Audit-API-Calls",6,"PsOpenThread"," 3004 svchost.exe",4036,,,"  424 WmiPrvSE.exe",10700,,,,,,,,,,,,,,,,,,,,,,,,,,,,1762784309336972400,,,,,,,,,,,,,,,,2048,0,,,,,,,,,,,,,,,,,,,,,,,,,,,,,,,,,,,,,,,,,,,,,
"2025-11-10 14:18:29.3370539Z","2025-11-10 14:18:29.3370539Z","ETW","Microsoft-Windows-Kernel-Audit-API-Calls",6,"PsOpenThread"," 3004 svchost.exe",4036,,,"  424 WmiPrvSE.exe",10700,,,,,,,,,,,,,,,,,,,,,,,,,,,,1762784309337053900,,,,,,,,,,,,,,,,2048,0,,,,,,,,,,,,,,,,,,,,,,,,,,,,,,,,,,,,,,,,,,,,,
"2025-11-10 14:18:29.3371376Z","2025-11-10 14:18:29.3371376Z","ETW","Microsoft-Windows-Kernel-Audit-API-Calls",6,"PsOpenThread"," 3004 svchost.exe",4036,,,"  424 WmiPrvSE.exe",10700,,,,,,,,,,,,,,,,,,,,,,,,,,,,1762784309337137600,,,,,,,,,,,,,,,,2048,0,,,,,,,,,,,,,,,,,,,,,,,,,,,,,,,,,,,,,,,,,,,,,
"2025-11-10 14:18:29.3372392Z","2025-11-10 14:18:29.3372392Z","ETW","Microsoft-Windows-Kernel-Audit-API-Calls",6,"PsOpenThread"," 3004 svchost.exe",4036,,,"  424 WmiPrvSE.exe",10700,,,,,,,,,,,,,,,,,,,,,,,,,,,,1762784309337239200,,,,,,,,,,,,,,,,2048,0,,,,,,,,,,,,,,,,,,,,,,,,,,,,,,,,,,,,,,,,,,,,,
"2025-11-10 14:18:29.3374601Z","2025-11-10 14:18:29.3374601Z","ETW","Microsoft-Windows-Kernel-Audit-API-Calls",6,"PsOpenThread"," 3004 svchost.exe",4036,,,"  424 WmiPrvSE.exe",10700,,,,,,,,,,,,,,,,,,,,,,,,,,,,1762784309337460100,,,,,,,,,,,,,,,,2048,0,,,,,,,,,,,,,,,,,,,,,,,,,,,,,,,,,,,,,,,,,,,,,
"2025-11-10 14:18:29.3375612Z","2025-11-10 14:18:29.3375612Z","ETW","Microsoft-Windows-Kernel-Audit-API-Calls",6,"PsOpenThread"," 3004 svchost.exe",4036,,,"  424 WmiPrvSE.exe",10700,,,,,,,,,,,,,,,,,,,,,,,,,,,,1762784309337561200,,,,,,,,,,,,,,,,2048,0,,,,,,,,,,,,,,,,,,,,,,,,,,,,,,,,,,,,,,,,,,,,,
"2025-11-10 14:18:29.3376455Z","2025-11-10 14:18:29.3376455Z","ETW","Microsoft-Windows-Kernel-Audit-API-Calls",6,"PsOpenThread"," 3004 svchost.exe",4036,,,"  424 WmiPrvSE.exe",10700,,,,,,,,,,,,,,,,,,,,,,,,,,,,1762784309337645500,,,,,,,,,,,,,,,,2048,0,,,,,,,,,,,,,,,,,,,,,,,,,,,,,,,,,,,,,,,,,,,,,
"2025-11-10 14:18:29.3377307Z","2025-11-10 14:18:29.3377307Z","ETW","Microsoft-Windows-Kernel-Audit-API-Calls",6,"PsOpenThread"," 3004 svchost.exe",4036,,,"  424 WmiPrvSE.exe",10700,,,,,,,,,,,,,,,,,,,,,,,,,,,,1762784309337730700,,,,,,,,,,,,,,,,2048,0,,,,,,,,,,,,,,,,,,,,,,,,,,,,,,,,,,,,,,,,,,,,,
"2025-11-10 14:18:29.3378486Z","2025-11-10 14:18:29.3378486Z","ETW","Microsoft-Windows-Kernel-Audit-API-Calls",6,"PsOpenThread"," 3004 svchost.exe",4036,,,"  424 WmiPrvSE.exe",10700,,,,,,,,,,,,,,,,,,,,,,,,,,,,1762784309337848600,,,,,,,,,,,,,,,,2048,0,,,,,,,,,,,,,,,,,,,,,,,,,,,,,,,,,,,,,,,,,,,,,
"2025-11-10 14:18:29.3379350Z","2025-11-10 14:18:29.3379350Z","ETW","Microsoft-Windows-Kernel-Audit-API-Calls",6,"PsOpenThread"," 3004 svchost.exe",4036,,,"  424 WmiPrvSE.exe",10700,,,,,,,,,,,,,,,,,,,,,,,,,,,,1762784309337935000,,,,,,,,,,,,,,,,2048,0,,,,,,,,,,,,,,,,,,,,,,,,,,,,,,,,,,,,,,,,,,,,,
"2025-11-10 14:18:29.3380317Z","2025-11-10 14:18:29.3380317Z","ETW","Microsoft-Windows-Kernel-Audit-API-Calls",6,"PsOpenThread"," 3004 svchost.exe",4036,,,"  424 WmiPrvSE.exe",10700,,,,,,,,,,,,,,,,,,,,,,,,,,,,1762784309338031700,,,,,,,,,,,,,,,,2048,0,,,,,,,,,,,,,,,,,,,,,,,,,,,,,,,,,,,,,,,,,,,,,
"2025-11-10 14:18:29.3381218Z","2025-11-10 14:18:29.3381218Z","ETW","Microsoft-Windows-Kernel-Audit-API-Calls",6,"PsOpenThread"," 3004 svchost.exe",4036,,,"  424 WmiPrvSE.exe",10700,,,,,,,,,,,,,,,,,,,,,,,,,,,,1762784309338121900,,,,,,,,,,,,,,,,2048,0,,,,,,,,,,,,,,,,,,,,,,,,,,,,,,,,,,,,,,,,,,,,,
"2025-11-10 14:18:29.3381996Z","2025-11-10 14:18:29.3381996Z","ETW","Microsoft-Windows-Kernel-Audit-API-Calls",6,"PsOpenThread"," 3004 svchost.exe",4036,,,"  424 WmiPrvSE.exe",10700,,,,,,,,,,,,,,,,,,,,,,,,,,,,1762784309338199600,,,,,,,,,,,,,,,,2048,0,,,,,,,,,,,,,,,,,,,,,,,,,,,,,,,,,,,,,,,,,,,,,
"2025-11-10 14:18:29.3415435Z","2025-11-10 14:18:29.3415435Z","ETW","Microsoft-Windows-Kernel-Audit-API-Calls",6,"PsOpenThread","  720 lsass.exe",5732,,," 2572 svchost.exe",2632,,,,,,,,,,,,,,,,,,,,,,,,,,,,1762784309341543500,,,,,,,,,,,,,,,,2048,0,,,,,,,,,,,,,,,,,,,,,,,,,,,,,,,,,,,,,,,,,,,,,
"2025-11-10 14:18:29.3427603Z","2025-11-10 14:18:29.3427603Z","ETW","Microsoft-Windows-Kernel-Audit-API-Calls",6,"PsOpenThread","  720 lsass.exe",5732,,,"  424 WmiPrvSE.exe",10700,,,,,,,,,,,,,,,,,,,,,,,,,,,,1762784309342760300,,,,,,,,,,,,,,,,2048,0,,,,,,,,,,,,,,,,,,,,,,,,,,,,,,,,,,,,,,,,,,,,,
"2025-11-10 14:18:29.3429137Z","2025-11-10 14:18:29.3429137Z","ETW","Microsoft-Windows-Kernel-Audit-API-Calls",6,"PsOpenThread"," 3004 svchost.exe",4036,,,"  424 WmiPrvSE.exe",10700,,,,,,,,,,,,,,,,,,,,,,,,,,,,1762784309342913700,,,,,,,,,,,,,,,,2048,0,,,,,,,,,,,,,,,,,,,,,,,,,,,,,,,,,,,,,,,,,,,,,
"2025-11-10 14:18:29.3431413Z","2025-11-10 14:18:29.3431413Z","ETW","Microsoft-Windows-Kernel-Audit-API-Calls",6,"PsOpenThread"," 3004 svchost.exe",4036,,,"  424 WmiPrvSE.exe",10700,,,,,,,,,,,,,,,,,,,,,,,,,,,,1762784309343141300,,,,,,,,,,,,,,,,2048,0,,,,,,,,,,,,,,,,,,,,,,,,,,,,,,,,,,,,,,,,,,,,,
"2025-11-10 14:18:29.3432591Z","2025-11-10 14:18:29.3432591Z","ETW","Microsoft-Windows-Kernel-Audit-API-Calls",6,"PsOpenThread"," 3004 svchost.exe",4036,,,"  424 WmiPrvSE.exe",10700,,,,,,,,,,,,,,,,,,,,,,,,,,,,1762784309343259100,,,,,,,,,,,,,,,,2048,0,,,,,,,,,,,,,,,,,,,,,,,,,,,,,,,,,,,,,,,,,,,,,
"2025-11-10 14:18:29.3435956Z","2025-11-10 14:18:29.3435956Z","ETW","Microsoft-Windows-Kernel-Audit-API-Calls",6,"PsOpenThread"," 3004 svchost.exe",4036,,," 3156 vmtoolsd.exe",5292,,,,,,,,,,,,,,,,,,,,,,,,,,,,1762784309343595600,,,,,,,,,,,,,,,,2048,0,,,,,,,,,,,,,,,,,,,,,,,,,,,,,,,,,,,,,,,,,,,,,
"2025-11-10 14:18:29.3436833Z","2025-11-10 14:18:29.3436833Z","ETW","Microsoft-Windows-Kernel-Audit-API-Calls",6,"PsOpenThread"," 3004 svchost.exe",4036,,," 3156 vmtoolsd.exe",5292,,,,,,,,,,,,,,,,,,,,,,,,,,,,1762784309343683400,,,,,,,,,,,,,,,,2048,0,,,,,,,,,,,,,,,,,,,,,,,,,,,,,,,,,,,,,,,,,,,,,
"2025-11-10 14:18:29.3437393Z","2025-11-10 14:18:29.3437393Z","ETW","Microsoft-Windows-Kernel-Audit-API-Calls",6,"PsOpenThread"," 3004 svchost.exe",4036,,," 3156 vmtoolsd.exe",5292,,,,,,,,,,,,,,,,,,,,,,,,,,,,1762784309343739400,,,,,,,,,,,,,,,,2048,0,,,,,,,,,,,,,,,,,,,,,,,,,,,,,,,,,,,,,,,,,,,,,
"2025-11-10 14:18:29.3439073Z","2025-11-10 14:18:29.3439073Z","ETW","Microsoft-Windows-Kernel-Audit-API-Calls",6,"PsOpenThread"," 3004 svchost.exe",4036,,," 3156 vmtoolsd.exe",5292,,,,,,,,,,,,,,,,,,,,,,,,,,,,1762784309343907300,,,,,,,,,,,,,,,,2048,0,,,,,,,,,,,,,,,,,,,,,,,,,,,,,,,,,,,,,,,,,,,,,
"2025-11-10 14:18:29.3441390Z","2025-11-10 14:18:29.3441390Z","ETW","Microsoft-Windows-Kernel-Audit-API-Calls",6,"PsOpenThread"," 3004 svchost.exe",4036,,," 3156 vmtoolsd.exe",5292,,,,,,,,,,,,,,,,,,,,,,,,,,,,1762784309344139100,,,,,,,,,,,,,,,,2048,0,,,,,,,,,,,,,,,,,,,,,,,,,,,,,,,,,,,,,,,,,,,,,
"2025-11-10 14:18:29.3442049Z","2025-11-10 14:18:29.3442049Z","ETW","Microsoft-Windows-Kernel-Audit-API-Calls",6,"PsOpenThread"," 3004 svchost.exe",4036,,," 3156 vmtoolsd.exe",5292,,,,,,,,,,,,,,,,,,,,,,,,,,,,1762784309344204900,,,,,,,,,,,,,,,,2048,0,,,,,,,,,,,,,,,,,,,,,,,,,,,,,,,,,,,,,,,,,,,,,
"2025-11-10 14:18:29.3442852Z","2025-11-10 14:18:29.3442852Z","ETW","Microsoft-Windows-Kernel-Audit-API-Calls",6,"PsOpenThread"," 3004 svchost.exe",4036,,," 3156 vmtoolsd.exe",5292,,,,,,,,,,,,,,,,,,,,,,,,,,,,1762784309344285200,,,,,,,,,,,,,,,,2048,0,,,,,,,,,,,,,,,,,,,,,,,,,,,,,,,,,,,,,,,,,,,,,
"2025-11-10 14:18:29.3445741Z","2025-11-10 14:18:29.3445741Z","ETW","Microsoft-Windows-Kernel-Audit-API-Calls",6,"PsOpenThread","  424 WmiPrvSE.exe",10700,,," 3004 svchost.exe",3428,,,,,,,,,,,,,,,,,,,,,,,,,,,,1762784309344574100,,,,,,,,,,,,,,,,2048,3221225506,,,,,,,,,,,,,,,,,,,,,,,,,,,,,,,,,,,,,,,,,,,,,
"2025-11-10 14:18:29.3445793Z","2025-11-10 14:18:29.3445793Z","ETW","Microsoft-Windows-Kernel-Audit-API-Calls",6,"PsOpenThread","  424 WmiPrvSE.exe",10700,,," 3004 svchost.exe",3428,,,,,,,,,,,,,,,,,,,,,,,,,,,,1762784309344579300,,,,,,,,,,,,,,,,2048,3221225637,,,,,,,,,,,,,,,,,,,,,,,,,,,,,,,,,,,,,,,,,,,,,
"2025-11-10 14:18:29.3447043Z","2025-11-10 14:18:29.3447043Z","ETW","Microsoft-Windows-Kernel-Audit-API-Calls",6,"PsOpenThread"," 3004 svchost.exe",5376,,,"  424 WmiPrvSE.exe",10700,,,,,,,,,,,,,,,,,,,,,,,,,,,,1762784309344704300,,,,,,,,,,,,,,,,2048,0,,,,,,,,,,,,,,,,,,,,,,,,,,,,,,,,,,,,,,,,,,,,,
"2025-11-10 14:18:29.3453756Z","2025-11-10 14:18:29.3453756Z","ETW","Microsoft-Windows-Kernel-Audit-API-Calls",6,"PsOpenThread","  424 WmiPrvSE.exe",10700,,," 3004 svchost.exe",8604,,,,,,,,,,,,,,,,,,,,,,,,,,,,1762784309345375600,,,,,,,,,,,,,,,,2048,3221225506,,,,,,,,,,,,,,,,,,,,,,,,,,,,,,,,,,,,,,,,,,,,,
"2025-11-10 14:18:29.3453832Z","2025-11-10 14:18:29.3453832Z","ETW","Microsoft-Windows-Kernel-Audit-API-Calls",6,"PsOpenThread","  424 WmiPrvSE.exe",10700,,," 3004 svchost.exe",8604,,,,,,,,,,,,,,,,,,,,,,,,,,,,1762784309345383200,,,,,,,,,,,,,,,,2048,0,,,,,,,,,,,,,,,,,,,,,,,,,,,,,,,,,,,,,,,,,,,,,
"2025-11-10 14:18:29.3455153Z","2025-11-10 14:18:29.3455153Z","ETW","Microsoft-Windows-Kernel-Audit-API-Calls",6,"PsOpenThread","  720 lsass.exe",5732,,,"  424 WmiPrvSE.exe",10700,,,,,,,,,,,,,,,,,,,,,,,,,,,,1762784309345515400,,,,,,,,,,,,,,,,2048,0,,,,,,,,,,,,,,,,,,,,,,,,,,,,,,,,,,,,,,,,,,,,,
"2025-11-10 14:18:29.3458197Z","2025-11-10 14:18:29.3458197Z","ETW","Microsoft-Windows-Kernel-Audit-API-Calls",6,"PsOpenThread"," 3004 svchost.exe",5376,,,"  424 WmiPrvSE.exe",10700,,,,,,,,,,,,,,,,,,,,,,,,,,,,1762784309345819700,,,,,,,,,,,,,,,,2048,0,,,,,,,,,,,,,,,,,,,,,,,,,,,,,,,,,,,,,,,,,,,,,
"2025-11-10 14:18:29.3460243Z","2025-11-10 14:18:29.3460243Z","ETW","Microsoft-Windows-Kernel-Audit-API-Calls",6,"PsOpenThread","  940 svchost.exe",12140,,," 3004 svchost.exe",5376,,,,,,,,,,,,,,,,,,,,,,,,,,,,1762784309346024300,,,,,,,,,,,,,,,,2048,3221225506,,,,,,,,,,,,,,,,,,,,,,,,,,,,,,,,,,,,,,,,,,,,,
"2025-11-10 14:18:29.3460308Z","2025-11-10 14:18:29.3460308Z","ETW","Microsoft-Windows-Kernel-Audit-API-Calls",6,"PsOpenThread","  940 svchost.exe",12140,,," 3004 svchost.exe",5376,,,,,,,,,,,,,,,,,,,,,,,,,,,,1762784309346030900,,,,,,,,,,,,,,,,2048,0,,,,,,,,,,,,,,,,,,,,,,,,,,,,,,,,,,,,,,,,,,,,,
"2025-11-10 14:18:29.3461559Z","2025-11-10 14:18:29.3461559Z","ETW","Microsoft-Windows-Kernel-Audit-API-Calls",6,"PsOpenThread","  424 WmiPrvSE.exe",8068,,," 3004 svchost.exe",3428,,,,,,,,,,,,,,,,,,,,,,,,,,,,1762784309346155900,,,,,,,,,,,,,,,,2048,3221225506,,,,,,,,,,,,,,,,,,,,,,,,,,,,,,,,,,,,,,,,,,,,,
"2025-11-10 14:18:29.3461605Z","2025-11-10 14:18:29.3461605Z","ETW","Microsoft-Windows-Kernel-Audit-API-Calls",6,"PsOpenThread","  424 WmiPrvSE.exe",8068,,," 3004 svchost.exe",3428,,,,,,,,,,,,,,,,,,,,,,,,,,,,1762784309346160500,,,,,,,,,,,,,,,,2048,3221225637,,,,,,,,,,,,,,,,,,,,,,,,,,,,,,,,,,,,,,,,,,,,,
"2025-11-10 14:18:29.3462390Z","2025-11-10 14:18:29.3462390Z","ETW","Microsoft-Windows-Kernel-Audit-API-Calls",6,"PsOpenThread"," 3004 svchost.exe",5376,,,"  424 WmiPrvSE.exe",10700,,,,,,,,,,,,,,,,,,,,,,,,,,,,1762784309346239000,,,,,,,,,,,,,,,,2048,0,,,,,,,,,,,,,,,,,,,,,,,,,,,,,,,,,,,,,,,,,,,,,
"2025-11-10 14:18:29.3462526Z","2025-11-10 14:18:29.3462526Z","ETW","Microsoft-Windows-Kernel-Audit-API-Calls",6,"PsOpenThread"," 3004 svchost.exe",10604,,,"  424 WmiPrvSE.exe",8068,,,,,,,,,,,,,,,,,,,,,,,,,,,,1762784309346252600,,,,,,,,,,,,,,,,2048,0,,,,,,,,,,,,,,,,,,,,,,,,,,,,,,,,,,,,,,,,,,,,,
"2025-11-10 14:18:29.3463346Z","2025-11-10 14:18:29.3463346Z","ETW","Microsoft-Windows-Kernel-Audit-API-Calls",6,"PsOpenThread"," 3004 svchost.exe",10604,,,"  424 WmiPrvSE.exe",10700,,,,,,,,,,,,,,,,,,,,,,,,,,,,1762784309346334600,,,,,,,,,,,,,,,,2048,0,,,,,,,,,,,,,,,,,,,,,,,,,,,,,,,,,,,,,,,,,,,,,
"2025-11-10 14:18:29.3464490Z","2025-11-10 14:18:29.3464490Z","ETW","Microsoft-Windows-Kernel-Audit-API-Calls",6,"PsOpenThread"," 3004 svchost.exe",10604,,,"  424 WmiPrvSE.exe",10700,,,,,,,,,,,,,,,,,,,,,,,,,,,,1762784309346449000,,,,,,,,,,,,,,,,2048,0,,,,,,,,,,,,,,,,,,,,,,,,,,,,,,,,,,,,,,,,,,,,,
"2025-11-10 14:18:29.3470558Z","2025-11-10 14:18:29.3470558Z","ETW","Microsoft-Windows-Kernel-Process",3,"ThreadStart Start "," 3004 svchost.exe",3428,,," 3004 svchost.exe",,,,,,,,,,,,,,,,,,,,,,,,,,,,,1762784309347055800,,18446606103130451968,18446606103130423296,140736999905216,242,275881832448,5464,275892928512,275892895744,140736999905216,,,,,,,,,,,,,,,,,,,,,,,,,,,,,,,,,,,,,,,,,,,,,,,,,,,,
"2025-11-10 14:18:29.3470844Z","2025-11-10 14:18:29.3470844Z","ETW","Microsoft-Windows-Kernel-Audit-API-Calls",6,"PsOpenThread"," 3004 svchost.exe",3428,,," 3004 svchost.exe",5464,,,,,,,,,,,,,,,,,,,,,,,,,,,,1762784309347084400,,,,,,,,,,,,,,,,64,0,,,,,,,,,,,,,,,,,,,,,,,,,,,,,,,,,,,,,,,,,,,,,
"2025-11-10 14:18:29.3472787Z","2025-11-10 14:18:29.3472787Z","ETW","Microsoft-Windows-Kernel-Audit-API-Calls",6,"PsOpenThread","  424 WmiPrvSE.exe",8068,,," 3004 svchost.exe",3428,,,,,,,,,,,,,,,,,,,,,,,,,,,,1762784309347278700,,,,,,,,,,,,,,,,2048,3221225506,,,,,,,,,,,,,,,,,,,,,,,,,,,,,,,,,,,,,,,,,,,,,
"2025-11-10 14:18:29.3472842Z","2025-11-10 14:18:29.3472842Z","ETW","Microsoft-Windows-Kernel-Audit-API-Calls",6,"PsOpenThread","  424 WmiPrvSE.exe",8068,,," 3004 svchost.exe",3428,,,,,,,,,,,,,,,,,,,,,,,,,,,,1762784309347284200,,,,,,,,,,,,,,,,2048,0,,,,,,,,,,,,,,,,,,,,,,,,,,,,,,,,,,,,,,,,,,,,,
"2025-11-10 14:18:29.3473836Z","2025-11-10 14:18:29.3473836Z","ETW","Microsoft-Windows-Kernel-Audit-API-Calls",6,"PsOpenThread","  424 WmiPrvSE.exe",8640,,," 3004 svchost.exe",11688,,,,,,,,,,,,,,,,,,,,,,,,,,,,1762784309347383600,,,,,,,,,,,,,,,,2048,3221225506,,,,,,,,,,,,,,,,,,,,,,,,,,,,,,,,,,,,,,,,,,,,,
"2025-11-10 14:18:29.3473897Z","2025-11-10 14:18:29.3473897Z","ETW","Microsoft-Windows-Kernel-Audit-API-Calls",6,"PsOpenThread","  424 WmiPrvSE.exe",8640,,," 3004 svchost.exe",11688,,,,,,,,,,,,,,,,,,,,,,,,,,,,1762784309347389700,,,,,,,,,,,,,,,,2048,0,,,,,,,,,,,,,,,,,,,,,,,,,,,,,,,,,,,,,,,,,,,,,
"2025-11-10 14:18:29.3474253Z","2025-11-10 14:18:29.3474253Z","ETW","Microsoft-Windows-Kernel-Audit-API-Calls",6,"PsOpenThread","  720 lsass.exe",5732,,,"  424 WmiPrvSE.exe",8068,,,,,,,,,,,,,,,,,,,,,,,,,,,,1762784309347425300,,,,,,,,,,,,,,,,2048,0,,,,,,,,,,,,,,,,,,,,,,,,,,,,,,,,,,,,,,,,,,,,,
"2025-11-10 14:18:29.3475469Z","2025-11-10 14:18:29.3475469Z","ETW","Microsoft-Windows-Kernel-Audit-API-Calls",6,"PsOpenThread","  720 lsass.exe",5732,,,"  424 WmiPrvSE.exe",8640,,,,,,,,,,,,,,,,,,,,,,,,,,,,1762784309347546900,,,,,,,,,,,,,,,,2048,0,,,,,,,,,,,,,,,,,,,,,,,,,,,,,,,,,,,,,,,,,,,,,
"2025-11-10 14:18:29.3476657Z","2025-11-10 14:18:29.3476657Z","ETW","Microsoft-Windows-Kernel-Audit-API-Calls",6,"PsOpenThread","  720 lsass.exe",5732,,,"  424 WmiPrvSE.exe",8640,,,,,,,,,,,,,,,,,,,,,,,,,,,,1762784309347665700,,,,,,,,,,,,,,,,2048,0,,,,,,,,,,,,,,,,,,,,,,,,,,,,,,,,,,,,,,,,,,,,,
"2025-11-10 14:18:29.3477368Z","2025-11-10 14:18:29.3477368Z","ETW","Microsoft-Windows-Kernel-Audit-API-Calls",5,"PsOpenProcess","  720 lsass.exe",5732,,,"  424 WmiPrvSE.exe",,,,,,,,,,,,,,,,,,,,,,,,,,,,,1762784309347736800,,,,,,,,,,,,,,,,4096,0,,,,,,,,,,,,,,,,,,,,,,,,,,,,,,,,,,,,,,,,,,,,,
"2025-11-10 14:18:29.3478535Z","2025-11-10 14:18:29.3478535Z","ETW","Microsoft-Windows-Kernel-Audit-API-Calls",6,"PsOpenThread","  720 lsass.exe",5732,,,"  424 WmiPrvSE.exe",8640,,,,,,,,,,,,,,,,,,,,,,,,,,,,1762784309347853500,,,,,,,,,,,,,,,,2048,0,,,,,,,,,,,,,,,,,,,,,,,,,,,,,,,,,,,,,,,,,,,,,
"2025-11-10 14:18:29.3479169Z","2025-11-10 14:18:29.3479169Z","ETW","Microsoft-Windows-Kernel-Audit-API-Calls",6,"PsOpenThread","  720 lsass.exe",5732,,,"  424 WmiPrvSE.exe",8640,,,,,,,,,,,,,,,,,,,,,,,,,,,,1762784309347917000,,,,,,,,,,,,,,,,2048,0,,,,,,,,,,,,,,,,,,,,,,,,,,,,,,,,,,,,,,,,,,,,,
"2025-11-10 14:18:29.3480920Z","2025-11-10 14:18:29.3480920Z","ETW","Microsoft-Windows-Kernel-File",10,"NameCreate Info ","  424 WmiPrvSE.exe",8068,,,,,,"C:\Windows\System32\imaadp32.acm",,,,,,,,,,,,,,,,,,,,,,,,,,1762784309348092000,,,,,,,,,,,,,,,,,,,,,,,18446714997541089648,,,,,,,,,,,,,,,,,,,,,,,,,,,,,,,,,,,,,,,
"2025-11-10 14:18:29.3484949Z","2025-11-10 14:18:29.3484949Z","ETW","Microsoft-Windows-Kernel-Audit-API-Calls",6,"PsOpenThread","  720 lsass.exe",5732,,,"  424 WmiPrvSE.exe",8640,,,,,,,,,,,,,,,,,,,,,,,,,,,,1762784309348494900,,,,,,,,,,,,,,,,2048,0,,,,,,,,,,,,,,,,,,,,,,,,,,,,,,,,,,,,,,,,,,,,,
"2025-11-10 14:18:29.3485716Z","2025-11-10 14:18:29.3485716Z","ETW","Microsoft-Windows-Kernel-Audit-API-Calls",6,"PsOpenThread","  720 lsass.exe",1688,,,"  424 WmiPrvSE.exe",8068,,,,,,,,,,,,,,,,,,,,,,,,,,,,1762784309348571600,,,,,,,,,,,,,,,,2048,0,,,,,,,,,,,,,,,,,,,,,,,,,,,,,,,,,,,,,,,,,,,,,
"2025-11-10 14:18:29.3486395Z","2025-11-10 14:18:29.3486395Z","ETW","Microsoft-Windows-Kernel-Audit-API-Calls",6,"PsOpenThread"," 3004 svchost.exe",5376,,,"  424 WmiPrvSE.exe",8640,,,,,,,,,,,,,,,,,,,,,,,,,,,,1762784309348639500,,,,,,,,,,,,,,,,2048,0,,,,,,,,,,,,,,,,,,,,,,,,,,,,,,,,,,,,,,,,,,,,,
"2025-11-10 14:18:29.3487288Z","2025-11-10 14:18:29.3487288Z","ETW","Microsoft-Windows-Kernel-Audit-API-Calls",6,"PsOpenThread"," 3004 svchost.exe",7248,,,"  424 WmiPrvSE.exe",8068,,,,,,,,,,,,,,,,,,,,,,,,,,,,1762784309348728800,,,,,,,,,,,,,,,,2048,0,,,,,,,,,,,,,,,,,,,,,,,,,,,,,,,,,,,,,,,,,,,,,
"2025-11-10 14:18:29.3488264Z","2025-11-10 14:18:29.3488264Z","ETW","Microsoft-Windows-Kernel-Audit-API-Calls",6,"PsOpenThread"," 3004 svchost.exe",8048,,,"  424 WmiPrvSE.exe",8640,,,,,,,,,,,,,,,,,,,,,,,,,,,,1762784309348826400,,,,,,,,,,,,,,,,2048,0,,,,,,,,,,,,,,,,,,,,,,,,,,,,,,,,,,,,,,,,,,,,,
"2025-11-10 14:18:29.3489239Z","2025-11-10 14:18:29.3489239Z","ETW","Microsoft-Windows-Kernel-Audit-API-Calls",6,"PsOpenThread"," 3004 svchost.exe",5376,,,"  424 WmiPrvSE.exe",8068,,,,,,,,,,,,,,,,,,,,,,,,,,,,1762784309348923900,,,,,,,,,,,,,,,,2048,0,,,,,,,,,,,,,,,,,,,,,,,,,,,,,,,,,,,,,,,,,,,,,
"2025-11-10 14:18:29.3489457Z","2025-11-10 14:18:29.3489457Z","ETW","Microsoft-Windows-Kernel-Audit-API-Calls",6,"PsOpenThread"," 3004 svchost.exe",11504,,,"  424 WmiPrvSE.exe",8640,,,,,,,,,,,,,,,,,,,,,,,,,,,,1762784309348945700,,,,,,,,,,,,,,,,2048,0,,,,,,,,,,,,,,,,,,,,,,,,,,,,,,,,,,,,,,,,,,,,,
"2025-11-10 14:18:29.3491047Z","2025-11-10 14:18:29.3491047Z","ETW","Microsoft-Windows-Kernel-Audit-API-Calls",6,"PsOpenThread"," 3004 svchost.exe",5376,,,"  424 WmiPrvSE.exe",8068,,,,,,,,,,,,,,,,,,,,,,,,,,,,1762784309349104700,,,,,,,,,,,,,,,,2048,0,,,,,,,,,,,,,,,,,,,,,,,,,,,,,,,,,,,,,,,,,,,,,
"2025-11-10 14:18:29.3491745Z","2025-11-10 14:18:29.3491745Z","ETW","Microsoft-Windows-Kernel-Process",3,"ThreadStart Start "," 3004 svchost.exe",11688,,," 3004 svchost.exe",,,,,,,,,,,,,,,,,,,,,,,,,,,,,1762784309349174500,,18446606103120379904,18446606103120351232,140736999905216,242,275881840640,4544,275899744256,275899711488,140736999905216,,,,,,,,,,,,,,,,,,,,,,,,,,,,,,,,,,,,,,,,,,,,,,,,,,,,
"2025-11-10 14:18:29.3492067Z","2025-11-10 14:18:29.3492067Z","ETW","Microsoft-Windows-Kernel-Audit-API-Calls",6,"PsOpenThread"," 3004 svchost.exe",11688,,," 3004 svchost.exe",4544,,,,,,,,,,,,,,,,,,,,,,,,,,,,1762784309349206700,,,,,,,,,,,,,,,,64,0,,,,,,,,,,,,,,,,,,,,,,,,,,,,,,,,,,,,,,,,,,,,,
"2025-11-10 14:18:29.3492154Z","2025-11-10 14:18:29.3492154Z","ETW","Microsoft-Windows-Kernel-Audit-API-Calls",6,"PsOpenThread"," 3004 svchost.exe",5376,,,"  424 WmiPrvSE.exe",8068,,,,,,,,,,,,,,,,,,,,,,,,,,,,1762784309349215400,,,,,,,,,,,,,,,,2048,0,,,,,,,,,,,,,,,,,,,,,,,,,,,,,,,,,,,,,,,,,,,,,
"2025-11-10 14:18:29.3495063Z","2025-11-10 14:18:29.3495063Z","ETW","Microsoft-Windows-Kernel-Audit-API-Calls",6,"PsOpenThread","  424 WmiPrvSE.exe",8640,,," 3004 svchost.exe",11688,,,,,,,,,,,,,,,,,,,,,,,,,,,,1762784309349506300,,,,,,,,,,,,,,,,2048,3221225506,,,,,,,,,,,,,,,,,,,,,,,,,,,,,,,,,,,,,,,,,,,,,
"2025-11-10 14:18:29.3495127Z","2025-11-10 14:18:29.3495127Z","ETW","Microsoft-Windows-Kernel-Audit-API-Calls",6,"PsOpenThread","  424 WmiPrvSE.exe",8640,,," 3004 svchost.exe",11688,,,,,,,,,,,,,,,,,,,,,,,,,,,,1762784309349512700,,,,,,,,,,,,,,,,2048,0,,,,,,,,,,,,,,,,,,,,,,,,,,,,,,,,,,,,,,,,,,,,,
"2025-11-10 14:18:29.3495924Z","2025-11-10 14:18:29.3495924Z","ETW","Microsoft-Windows-Kernel-Audit-API-Calls",6,"PsOpenThread","  424 WmiPrvSE.exe",8068,,," 3004 svchost.exe",5464,,,,,,,,,,,,,,,,,,,,,,,,,,,,1762784309349592500,,,,,,,,,,,,,,,,2048,3221225506,,,,,,,,,,,,,,,,,,,,,,,,,,,,,,,,,,,,,,,,,,,,,
"2025-11-10 14:18:29.3495986Z","2025-11-10 14:18:29.3495986Z","ETW","Microsoft-Windows-Kernel-Audit-API-Calls",6,"PsOpenThread","  424 WmiPrvSE.exe",8068,,," 3004 svchost.exe",5464,,,,,,,,,,,,,,,,,,,,,,,,,,,,1762784309349598600,,,,,,,,,,,,,,,,2048,0,,,,,,,,,,,,,,,,,,,,,,,,,,,,,,,,,,,,,,,,,,,,,
"2025-11-10 14:18:29.3497303Z","2025-11-10 14:18:29.3497303Z","ETW","Microsoft-Windows-Kernel-Audit-API-Calls",6,"PsOpenThread","  720 lsass.exe",1688,,,"  424 WmiPrvSE.exe",8068,,,,,,,,,,,,,,,,,,,,,,,,,,,,1762784309349730300,,,,,,,,,,,,,,,,2048,0,,,,,,,,,,,,,,,,,,,,,,,,,,,,,,,,,,,,,,,,,,,,,
"2025-11-10 14:18:29.3498886Z","2025-11-10 14:18:29.3498886Z","ETW","Microsoft-Windows-Kernel-Audit-API-Calls",6,"PsOpenThread","  720 lsass.exe",1688,,,"  424 WmiPrvSE.exe",8068,,,,,,,,,,,,,,,,,,,,,,,,,,,,1762784309349888600,,,,,,,,,,,,,,,,2048,0,,,,,,,,,,,,,,,,,,,,,,,,,,,,,,,,,,,,,,,,,,,,,
"2025-11-10 14:18:29.3499709Z","2025-11-10 14:18:29.3499709Z","ETW","Microsoft-Windows-Kernel-Audit-API-Calls",6,"PsOpenThread"," 3004 svchost.exe",7248,,,"  424 WmiPrvSE.exe",8068,,,,,,,,,,,,,,,,,,,,,,,,,,,,1762784309349971000,,,,,,,,,,,,,,,,2048,0,,,,,,,,,,,,,,,,,,,,,,,,,,,,,,,,,,,,,,,,,,,,,
"2025-11-10 14:18:29.3500441Z","2025-11-10 14:18:29.3500441Z","ETW","Microsoft-Windows-Kernel-Process",3,"ThreadStart Start ","  424 WmiPrvSE.exe",3248,,,"  424 WmiPrvSE.exe",,,,,,,,,,,,,,,,,,,,,,,,,,,,,1762784309350044100,,18446606103137091584,18446606103137062912,140737324634384,0,684409716736,10284,684411846656,684411781120,140737324634384,,,,,,,,,,,,,,,,,,,,,,,,,,,,,,,,,,,,,,,,,,,,,,,,,,,,
"2025-11-10 14:18:29.3500661Z","2025-11-10 14:18:29.3500661Z","ETW","Microsoft-Windows-Kernel-Audit-API-Calls",6,"PsOpenThread"," 3004 svchost.exe",7248,,,"  424 WmiPrvSE.exe",8068,,,,,,,,,,,,,,,,,,,,,,,,,,,,1762784309350066100,,,,,,,,,,,,,,,,2048,0,,,,,,,,,,,,,,,,,,,,,,,,,,,,,,,,,,,,,,,,,,,,,
"2025-11-10 14:18:29.3500672Z","2025-11-10 14:18:29.3500672Z","ETW","Microsoft-Windows-Kernel-Audit-API-Calls",6,"PsOpenThread","  424 WmiPrvSE.exe",3248,,,"  424 WmiPrvSE.exe",10284,,,,,,,,,,,,,,,,,,,,,,,,,,,,1762784309350067200,,,,,,,,,,,,,,,,64,0,,,,,,,,,,,,,,,,,,,,,,,,,,,,,,,,,,,,,,,,,,,,,
"2025-11-10 14:18:29.3501068Z","2025-11-10 14:18:29.3501068Z","ETW","Microsoft-Windows-Kernel-Audit-API-Calls",6,"PsOpenThread","  424 WmiPrvSE.exe",3248,,," 3004 svchost.exe",3428,,,,,,,,,,,,,,,,,,,,,,,,,,,,1762784309350106800,,,,,,,,,,,,,,,,2048,3221225506,,,,,,,,,,,,,,,,,,,,,,,,,,,,,,,,,,,,,,,,,,,,,
"2025-11-10 14:18:29.3501123Z","2025-11-10 14:18:29.3501123Z","ETW","Microsoft-Windows-Kernel-Audit-API-Calls",6,"PsOpenThread","  424 WmiPrvSE.exe",3248,,," 3004 svchost.exe",3428,,,,,,,,,,,,,,,,,,,,,,,,,,,,1762784309350112300,,,,,,,,,,,,,,,,2048,0,,,,,,,,,,,,,,,,,,,,,,,,,,,,,,,,,,,,,,,,,,,,,
"2025-11-10 14:18:29.3502482Z","2025-11-10 14:18:29.3502482Z","ETW","Microsoft-Windows-Kernel-Audit-API-Calls",6,"PsOpenThread"," 1192 svchost.exe",11692,,,"  424 WmiPrvSE.exe",8640,,,,,,,,,,,,,,,,,,,,,,,,,,,,1762784309350248200,,,,,,,,,,,,,,,,2048,3221225506,,,,,,,,,,,,,,,,,,,,,,,,,,,,,,,,,,,,,,,,,,,,,
"2025-11-10 14:18:29.3502536Z","2025-11-10 14:18:29.3502536Z","ETW","Microsoft-Windows-Kernel-Audit-API-Calls",6,"PsOpenThread"," 1192 svchost.exe",11692,,,"  424 WmiPrvSE.exe",8640,,,,,,,,,,,,,,,,,,,,,,,,,,,,1762784309350253600,,,,,,,,,,,,,,,,2048,0,,,,,,,,,,,,,,,,,,,,,,,,,,,,,,,,,,,,,,,,,,,,,
"2025-11-10 14:18:29.3502610Z","2025-11-10 14:18:29.3502610Z","ETW","Microsoft-Windows-Kernel-Audit-API-Calls",6,"PsOpenThread","  720 lsass.exe",1688,,,"  424 WmiPrvSE.exe",3248,,,,,,,,,,,,,,,,,,,,,,,,,,,,1762784309350261000,,,,,,,,,,,,,,,,2048,0,,,,,,,,,,,,,,,,,,,,,,,,,,,,,,,,,,,,,,,,,,,,,
"2025-11-10 14:18:29.3504075Z","2025-11-10 14:18:29.3504075Z","ETW","Microsoft-Windows-Kernel-Audit-API-Calls",6,"PsOpenThread","  720 lsass.exe",1688,,,"  424 WmiPrvSE.exe",3248,,,,,,,,,,,,,,,,,,,,,,,,,,,,1762784309350407500,,,,,,,,,,,,,,,,2048,0,,,,,,,,,,,,,,,,,,,,,,,,,,,,,,,,,,,,,,,,,,,,,
"2025-11-10 14:18:29.3504721Z","2025-11-10 14:18:29.3504721Z","ETW","Microsoft-Windows-Kernel-Audit-API-Calls",5,"PsOpenProcess","  720 lsass.exe",1688,,,"  424 WmiPrvSE.exe",,,,,,,,,,,,,,,,,,,,,,,,,,,,,1762784309350472100,,,,,,,,,,,,,,,,4096,0,,,,,,,,,,,,,,,,,,,,,,,,,,,,,,,,,,,,,,,,,,,,,
"2025-11-10 14:18:29.3505737Z","2025-11-10 14:18:29.3505737Z","ETW","Microsoft-Windows-Kernel-Audit-API-Calls",6,"PsOpenThread","  720 lsass.exe",1688,,,"  424 WmiPrvSE.exe",3248,,,,,,,,,,,,,,,,,,,,,,,,,,,,1762784309350573700,,,,,,,,,,,,,,,,2048,0,,,,,,,,,,,,,,,,,,,,,,,,,,,,,,,,,,,,,,,,,,,,,
"2025-11-10 14:18:29.3506307Z","2025-11-10 14:18:29.3506307Z","ETW","Microsoft-Windows-Kernel-Audit-API-Calls",6,"PsOpenThread","  720 lsass.exe",1688,,,"  424 WmiPrvSE.exe",3248,,,,,,,,,,,,,,,,,,,,,,,,,,,,1762784309350630700,,,,,,,,,,,,,,,,2048,0,,,,,,,,,,,,,,,,,,,,,,,,,,,,,,,,,,,,,,,,,,,,,
"2025-11-10 14:18:29.3510844Z","2025-11-10 14:18:29.3510844Z","ETW","Microsoft-Windows-Kernel-Audit-API-Calls",6,"PsOpenThread","  720 lsass.exe",1688,,,"  424 WmiPrvSE.exe",3248,,,,,,,,,,,,,,,,,,,,,,,,,,,,1762784309351084400,,,,,,,,,,,,,,,,2048,0,,,,,,,,,,,,,,,,,,,,,,,,,,,,,,,,,,,,,,,,,,,,,
"2025-11-10 14:18:29.3511967Z","2025-11-10 14:18:29.3511967Z","ETW","Microsoft-Windows-Kernel-Audit-API-Calls",6,"PsOpenThread"," 3004 svchost.exe",7248,,,"  424 WmiPrvSE.exe",3248,,,,,,,,,,,,,,,,,,,,,,,,,,,,1762784309351196800,,,,,,,,,,,,,,,,2048,0,,,,,,,,,,,,,,,,,,,,,,,,,,,,,,,,,,,,,,,,,,,,,
"2025-11-10 14:18:29.3513036Z","2025-11-10 14:18:29.3513036Z","ETW","Microsoft-Windows-Kernel-Audit-API-Calls",6,"PsOpenThread"," 3004 svchost.exe",7248,,,"  424 WmiPrvSE.exe",3248,,,,,,,,,,,,,,,,,,,,,,,,,,,,1762784309351303600,,,,,,,,,,,,,,,,2048,0,,,,,,,,,,,,,,,,,,,,,,,,,,,,,,,,,,,,,,,,,,,,,
"2025-11-10 14:18:29.3514735Z","2025-11-10 14:18:29.3514735Z","ETW","Microsoft-Windows-Kernel-Audit-API-Calls",6,"PsOpenThread"," 1192 svchost.exe",11692,,,"  424 WmiPrvSE.exe",8640,,,,,,,,,,,,,,,,,,,,,,,,,,,,1762784309351473500,,,,,,,,,,,,,,,,2048,3221225506,,,,,,,,,,,,,,,,,,,,,,,,,,,,,,,,,,,,,,,,,,,,,
"2025-11-10 14:18:29.3514801Z","2025-11-10 14:18:29.3514801Z","ETW","Microsoft-Windows-Kernel-Audit-API-Calls",6,"PsOpenThread"," 1192 svchost.exe",11692,,,"  424 WmiPrvSE.exe",8640,,,,,,,,,,,,,,,,,,,,,,,,,,,,1762784309351480100,,,,,,,,,,,,,,,,2048,0,,,,,,,,,,,,,,,,,,,,,,,,,,,,,,,,,,,,,,,,,,,,,
"2025-11-10 14:18:29.3518988Z","2025-11-10 14:18:29.3518988Z","ETW","Microsoft-Windows-Kernel-Audit-API-Calls",6,"PsOpenThread"," 1192 svchost.exe",11692,,,"  424 WmiPrvSE.exe",8640,,,,,,,,,,,,,,,,,,,,,,,,,,,,1762784309351898800,,,,,,,,,,,,,,,,2048,3221225506,,,,,,,,,,,,,,,,,,,,,,,,,,,,,,,,,,,,,,,,,,,,,
"2025-11-10 14:18:29.3519051Z","2025-11-10 14:18:29.3519051Z","ETW","Microsoft-Windows-Kernel-Audit-API-Calls",6,"PsOpenThread"," 1192 svchost.exe",11692,,,"  424 WmiPrvSE.exe",8640,,,,,,,,,,,,,,,,,,,,,,,,,,,,1762784309351905100,,,,,,,,,,,,,,,,2048,0,,,,,,,,,,,,,,,,,,,,,,,,,,,,,,,,,,,,,,,,,,,,,
"2025-11-10 14:18:29.3519909Z","2025-11-10 14:18:29.3519909Z","ETW","Microsoft-Windows-Kernel-Audit-API-Calls",6,"PsOpenThread"," 1192 svchost.exe",11692,,,"  424 WmiPrvSE.exe",8640,,,,,,,,,,,,,,,,,,,,,,,,,,,,1762784309351990900,,,,,,,,,,,,,,,,2048,3221225506,,,,,,,,,,,,,,,,,,,,,,,,,,,,,,,,,,,,,,,,,,,,,
"2025-11-10 14:18:29.3519958Z","2025-11-10 14:18:29.3519958Z","ETW","Microsoft-Windows-Kernel-Audit-API-Calls",6,"PsOpenThread"," 1192 svchost.exe",11692,,,"  424 WmiPrvSE.exe",8640,,,,,,,,,,,,,,,,,,,,,,,,,,,,1762784309351995800,,,,,,,,,,,,,,,,2048,0,,,,,,,,,,,,,,,,,,,,,,,,,,,,,,,,,,,,,,,,,,,,,
"2025-11-10 14:18:29.3521238Z","2025-11-10 14:18:29.3521238Z","ETW","Microsoft-Windows-Kernel-Audit-API-Calls",6,"PsOpenThread"," 1192 svchost.exe",11692,,,"  424 WmiPrvSE.exe",8640,,,,,,,,,,,,,,,,,,,,,,,,,,,,1762784309352123800,,,,,,,,,,,,,,,,2048,3221225506,,,,,,,,,,,,,,,,,,,,,,,,,,,,,,,,,,,,,,,,,,,,,
"2025-11-10 14:18:29.3521290Z","2025-11-10 14:18:29.3521290Z","ETW","Microsoft-Windows-Kernel-Audit-API-Calls",6,"PsOpenThread"," 1192 svchost.exe",11692,,,"  424 WmiPrvSE.exe",8640,,,,,,,,,,,,,,,,,,,,,,,,,,,,1762784309352129100,,,,,,,,,,,,,,,,2048,0,,,,,,,,,,,,,,,,,,,,,,,,,,,,,,,,,,,,,,,,,,,,,
"2025-11-10 14:18:29.3528052Z","2025-11-10 14:18:29.3528052Z","ETW","Microsoft-Windows-Kernel-Audit-API-Calls",6,"PsOpenThread"," 1192 svchost.exe",11692,,,"  424 WmiPrvSE.exe",8640,,,,,,,,,,,,,,,,,,,,,,,,,,,,1762784309352805200,,,,,,,,,,,,,,,,2048,3221225506,,,,,,,,,,,,,,,,,,,,,,,,,,,,,,,,,,,,,,,,,,,,,
"2025-11-10 14:18:29.3528107Z","2025-11-10 14:18:29.3528107Z","ETW","Microsoft-Windows-Kernel-Audit-API-Calls",6,"PsOpenThread"," 1192 svchost.exe",11692,,,"  424 WmiPrvSE.exe",8640,,,,,,,,,,,,,,,,,,,,,,,,,,,,1762784309352810700,,,,,,,,,,,,,,,,2048,0,,,,,,,,,,,,,,,,,,,,,,,,,,,,,,,,,,,,,,,,,,,,,
"2025-11-10 14:18:29.3529770Z","2025-11-10 14:18:29.3529770Z","ETW","Microsoft-Windows-Kernel-Audit-API-Calls",6,"PsOpenThread"," 1192 svchost.exe",11692,,,"  424 WmiPrvSE.exe",8640,,,,,,,,,,,,,,,,,,,,,,,,,,,,1762784309352977000,,,,,,,,,,,,,,,,2048,3221225506,,,,,,,,,,,,,,,,,,,,,,,,,,,,,,,,,,,,,,,,,,,,,
"2025-11-10 14:18:29.3529821Z","2025-11-10 14:18:29.3529821Z","ETW","Microsoft-Windows-Kernel-Audit-API-Calls",6,"PsOpenThread"," 1192 svchost.exe",11692,,,"  424 WmiPrvSE.exe",8640,,,,,,,,,,,,,,,,,,,,,,,,,,,,1762784309352982100,,,,,,,,,,,,,,,,2048,0,,,,,,,,,,,,,,,,,,,,,,,,,,,,,,,,,,,,,,,,,,,,,
"2025-11-10 14:18:29.3530578Z","2025-11-10 14:18:29.3530578Z","ETW","Microsoft-Windows-Kernel-Audit-API-Calls",6,"PsOpenThread"," 1192 svchost.exe",11692,,,"  424 WmiPrvSE.exe",8640,,,,,,,,,,,,,,,,,,,,,,,,,,,,1762784309353057800,,,,,,,,,,,,,,,,2048,3221225506,,,,,,,,,,,,,,,,,,,,,,,,,,,,,,,,,,,,,,,,,,,,,
"2025-11-10 14:18:29.3530625Z","2025-11-10 14:18:29.3530625Z","ETW","Microsoft-Windows-Kernel-Audit-API-Calls",6,"PsOpenThread"," 1192 svchost.exe",11692,,,"  424 WmiPrvSE.exe",8640,,,,,,,,,,,,,,,,,,,,,,,,,,,,1762784309353062500,,,,,,,,,,,,,,,,2048,0,,,,,,,,,,,,,,,,,,,,,,,,,,,,,,,,,,,,,,,,,,,,,
"2025-11-10 14:18:29.3531230Z","2025-11-10 14:18:29.3531230Z","ETW","Microsoft-Windows-Kernel-Audit-API-Calls",6,"PsOpenThread"," 1192 svchost.exe",11692,,,"  424 WmiPrvSE.exe",8640,,,,,,,,,,,,,,,,,,,,,,,,,,,,1762784309353123000,,,,,,,,,,,,,,,,2048,3221225506,,,,,,,,,,,,,,,,,,,,,,,,,,,,,,,,,,,,,,,,,,,,,
"2025-11-10 14:18:29.3531277Z","2025-11-10 14:18:29.3531277Z","ETW","Microsoft-Windows-Kernel-Audit-API-Calls",6,"PsOpenThread"," 1192 svchost.exe",11692,,,"  424 WmiPrvSE.exe",8640,,,,,,,,,,,,,,,,,,,,,,,,,,,,1762784309353127700,,,,,,,,,,,,,,,,2048,0,,,,,,,,,,,,,,,,,,,,,,,,,,,,,,,,,,,,,,,,,,,,,
"2025-11-10 14:18:29.3534370Z","2025-11-10 14:18:29.3534370Z","ETW","Microsoft-Windows-Kernel-Audit-API-Calls",6,"PsOpenThread","  720 lsass.exe",1688,,," 1192 svchost.exe",11692,,,,,,,,,,,,,,,,,,,,,,,,,,,,1762784309353437000,,,,,,,,,,,,,,,,2048,0,,,,,,,,,,,,,,,,,,,,,,,,,,,,,,,,,,,,,,,,,,,,,
"2025-11-10 14:18:29.3535049Z","2025-11-10 14:18:29.3535049Z","ETW","Microsoft-Windows-Kernel-Audit-API-Calls",6,"PsOpenThread","  720 lsass.exe",1688,,," 1192 svchost.exe",11692,,,,,,,,,,,,,,,,,,,,,,,,,,,,1762784309353504900,,,,,,,,,,,,,,,,2048,0,,,,,,,,,,,,,,,,,,,,,,,,,,,,,,,,,,,,,,,,,,,,,
"2025-11-10 14:18:29.3535598Z","2025-11-10 14:18:29.3535598Z","ETW","Microsoft-Windows-Kernel-Audit-API-Calls",6,"PsOpenThread","  720 lsass.exe",1688,,," 1192 svchost.exe",11692,,,,,,,,,,,,,,,,,,,,,,,,,,,,1762784309353559800,,,,,,,,,,,,,,,,2048,0,,,,,,,,,,,,,,,,,,,,,,,,,,,,,,,,,,,,,,,,,,,,,
"2025-11-10 14:18:29.3536087Z","2025-11-10 14:18:29.3536087Z","ETW","Microsoft-Windows-Kernel-Audit-API-Calls",6,"PsOpenThread","  720 lsass.exe",1688,,," 1192 svchost.exe",11692,,,,,,,,,,,,,,,,,,,,,,,,,,,,1762784309353608700,,,,,,,,,,,,,,,,2048,0,,,,,,,,,,,,,,,,,,,,,,,,,,,,,,,,,,,,,,,,,,,,,
"2025-11-10 14:18:29.3539616Z","2025-11-10 14:18:29.3539616Z","ETW","Microsoft-Windows-Kernel-Audit-API-Calls",6,"PsOpenThread"," 1192 svchost.exe",11692,,,"  424 WmiPrvSE.exe",8640,,,,,,,,,,,,,,,,,,,,,,,,,,,,1762784309353961600,,,,,,,,,,,,,,,,2048,3221225506,,,,,,,,,,,,,,,,,,,,,,,,,,,,,,,,,,,,,,,,,,,,,
"2025-11-10 14:18:29.3539668Z","2025-11-10 14:18:29.3539668Z","ETW","Microsoft-Windows-Kernel-Audit-API-Calls",6,"PsOpenThread"," 1192 svchost.exe",11692,,,"  424 WmiPrvSE.exe",8640,,,,,,,,,,,,,,,,,,,,,,,,,,,,1762784309353966900,,,,,,,,,,,,,,,,2048,0,,,,,,,,,,,,,,,,,,,,,,,,,,,,,,,,,,,,,,,,,,,,,
"2025-11-10 14:18:29.3541228Z","2025-11-10 14:18:29.3541228Z","ETW","Microsoft-Windows-Kernel-Audit-API-Calls",6,"PsOpenThread"," 1192 svchost.exe",11692,,,"  424 WmiPrvSE.exe",8640,,,,,,,,,,,,,,,,,,,,,,,,,,,,1762784309354122800,,,,,,,,,,,,,,,,2048,3221225506,,,,,,,,,,,,,,,,,,,,,,,,,,,,,,,,,,,,,,,,,,,,,
"2025-11-10 14:18:29.3541279Z","2025-11-10 14:18:29.3541279Z","ETW","Microsoft-Windows-Kernel-Audit-API-Calls",6,"PsOpenThread"," 1192 svchost.exe",11692,,,"  424 WmiPrvSE.exe",8640,,,,,,,,,,,,,,,,,,,,,,,,,,,,1762784309354127900,,,,,,,,,,,,,,,,2048,0,,,,,,,,,,,,,,,,,,,,,,,,,,,,,,,,,,,,,,,,,,,,,
"2025-11-10 14:18:29.3541972Z","2025-11-10 14:18:29.3541972Z","ETW","Microsoft-Windows-Kernel-Audit-API-Calls",6,"PsOpenThread"," 1192 svchost.exe",11692,,,"  424 WmiPrvSE.exe",8640,,,,,,,,,,,,,,,,,,,,,,,,,,,,1762784309354197200,,,,,,,,,,,,,,,,2048,3221225506,,,,,,,,,,,,,,,,,,,,,,,,,,,,,,,,,,,,,,,,,,,,,
"2025-11-10 14:18:29.3542020Z","2025-11-10 14:18:29.3542020Z","ETW","Microsoft-Windows-Kernel-Audit-API-Calls",6,"PsOpenThread"," 1192 svchost.exe",11692,,,"  424 WmiPrvSE.exe",8640,,,,,,,,,,,,,,,,,,,,,,,,,,,,1762784309354202000,,,,,,,,,,,,,,,,2048,0,,,,,,,,,,,,,,,,,,,,,,,,,,,,,,,,,,,,,,,,,,,,,
"2025-11-10 14:18:29.3542617Z","2025-11-10 14:18:29.3542617Z","ETW","Microsoft-Windows-Kernel-Audit-API-Calls",6,"PsOpenThread"," 1192 svchost.exe",11692,,,"  424 WmiPrvSE.exe",8640,,,,,,,,,,,,,,,,,,,,,,,,,,,,1762784309354261700,,,,,,,,,,,,,,,,2048,3221225506,,,,,,,,,,,,,,,,,,,,,,,,,,,,,,,,,,,,,,,,,,,,,
"2025-11-10 14:18:29.3542666Z","2025-11-10 14:18:29.3542666Z","ETW","Microsoft-Windows-Kernel-Audit-API-Calls",6,"PsOpenThread"," 1192 svchost.exe",11692,,,"  424 WmiPrvSE.exe",8640,,,,,,,,,,,,,,,,,,,,,,,,,,,,1762784309354266600,,,,,,,,,,,,,,,,2048,0,,,,,,,,,,,,,,,,,,,,,,,,,,,,,,,,,,,,,,,,,,,,,
"2025-11-10 14:18:29.3548894Z","2025-11-10 14:18:29.3548894Z","ETW","Microsoft-Windows-Kernel-Audit-API-Calls",6,"PsOpenThread"," 1192 svchost.exe",11692,,,"  424 WmiPrvSE.exe",8640,,,,,,,,,,,,,,,,,,,,,,,,,,,,1762784309354889400,,,,,,,,,,,,,,,,2048,3221225506,,,,,,,,,,,,,,,,,,,,,,,,,,,,,,,,,,,,,,,,,,,,,
"2025-11-10 14:18:29.3548947Z","2025-11-10 14:18:29.3548947Z","ETW","Microsoft-Windows-Kernel-Audit-API-Calls",6,"PsOpenThread"," 1192 svchost.exe",11692,,,"  424 WmiPrvSE.exe",8640,,,,,,,,,,,,,,,,,,,,,,,,,,,,1762784309354894700,,,,,,,,,,,,,,,,2048,0,,,,,,,,,,,,,,,,,,,,,,,,,,,,,,,,,,,,,,,,,,,,,
"2025-11-10 14:18:29.3550700Z","2025-11-10 14:18:29.3550700Z","ETW","Microsoft-Windows-Kernel-Audit-API-Calls",6,"PsOpenThread"," 1192 svchost.exe",11692,,,"  424 WmiPrvSE.exe",8640,,,,,,,,,,,,,,,,,,,,,,,,,,,,1762784309355070000,,,,,,,,,,,,,,,,2048,3221225506,,,,,,,,,,,,,,,,,,,,,,,,,,,,,,,,,,,,,,,,,,,,,
"2025-11-10 14:18:29.3550755Z","2025-11-10 14:18:29.3550755Z","ETW","Microsoft-Windows-Kernel-Audit-API-Calls",6,"PsOpenThread"," 1192 svchost.exe",11692,,,"  424 WmiPrvSE.exe",8640,,,,,,,,,,,,,,,,,,,,,,,,,,,,1762784309355075500,,,,,,,,,,,,,,,,2048,0,,,,,,,,,,,,,,,,,,,,,,,,,,,,,,,,,,,,,,,,,,,,,
"2025-11-10 14:18:29.3551450Z","2025-11-10 14:18:29.3551450Z","ETW","Microsoft-Windows-Kernel-Audit-API-Calls",6,"PsOpenThread"," 1192 svchost.exe",11692,,,"  424 WmiPrvSE.exe",8640,,,,,,,,,,,,,,,,,,,,,,,,,,,,1762784309355145000,,,,,,,,,,,,,,,,2048,3221225506,,,,,,,,,,,,,,,,,,,,,,,,,,,,,,,,,,,,,,,,,,,,,
"2025-11-10 14:18:29.3551498Z","2025-11-10 14:18:29.3551498Z","ETW","Microsoft-Windows-Kernel-Audit-API-Calls",6,"PsOpenThread"," 1192 svchost.exe",11692,,,"  424 WmiPrvSE.exe",8640,,,,,,,,,,,,,,,,,,,,,,,,,,,,1762784309355149800,,,,,,,,,,,,,,,,2048,0,,,,,,,,,,,,,,,,,,,,,,,,,,,,,,,,,,,,,,,,,,,,,
"2025-11-10 14:18:29.3552099Z","2025-11-10 14:18:29.3552099Z","ETW","Microsoft-Windows-Kernel-Audit-API-Calls",6,"PsOpenThread"," 1192 svchost.exe",11692,,,"  424 WmiPrvSE.exe",8640,,,,,,,,,,,,,,,,,,,,,,,,,,,,1762784309355209900,,,,,,,,,,,,,,,,2048,3221225506,,,,,,,,,,,,,,,,,,,,,,,,,,,,,,,,,,,,,,,,,,,,,
"2025-11-10 14:18:29.3552147Z","2025-11-10 14:18:29.3552147Z","ETW","Microsoft-Windows-Kernel-Audit-API-Calls",6,"PsOpenThread"," 1192 svchost.exe",11692,,,"  424 WmiPrvSE.exe",8640,,,,,,,,,,,,,,,,,,,,,,,,,,,,1762784309355214700,,,,,,,,,,,,,,,,2048,0,,,,,,,,,,,,,,,,,,,,,,,,,,,,,,,,,,,,,,,,,,,,,
"2025-11-10 14:18:29.3558432Z","2025-11-10 14:18:29.3558432Z","ETW","Microsoft-Windows-Kernel-Audit-API-Calls",6,"PsOpenThread"," 1192 svchost.exe",11692,,,"  424 WmiPrvSE.exe",8640,,,,,,,,,,,,,,,,,,,,,,,,,,,,1762784309355843300,,,,,,,,,,,,,,,,2048,3221225506,,,,,,,,,,,,,,,,,,,,,,,,,,,,,,,,,,,,,,,,,,,,,
"2025-11-10 14:18:29.3558486Z","2025-11-10 14:18:29.3558486Z","ETW","Microsoft-Windows-Kernel-Audit-API-Calls",6,"PsOpenThread"," 1192 svchost.exe",11692,,,"  424 WmiPrvSE.exe",8640,,,,,,,,,,,,,,,,,,,,,,,,,,,,1762784309355848600,,,,,,,,,,,,,,,,2048,0,,,,,,,,,,,,,,,,,,,,,,,,,,,,,,,,,,,,,,,,,,,,,
"2025-11-10 14:18:29.3560006Z","2025-11-10 14:18:29.3560006Z","ETW","Microsoft-Windows-Kernel-Audit-API-Calls",6,"PsOpenThread"," 1192 svchost.exe",11692,,,"  424 WmiPrvSE.exe",8640,,,,,,,,,,,,,,,,,,,,,,,,,,,,1762784309356000600,,,,,,,,,,,,,,,,2048,3221225506,,,,,,,,,,,,,,,,,,,,,,,,,,,,,,,,,,,,,,,,,,,,,
"2025-11-10 14:18:29.3560058Z","2025-11-10 14:18:29.3560058Z","ETW","Microsoft-Windows-Kernel-Audit-API-Calls",6,"PsOpenThread"," 1192 svchost.exe",11692,,,"  424 WmiPrvSE.exe",8640,,,,,,,,,,,,,,,,,,,,,,,,,,,,1762784309356005800,,,,,,,,,,,,,,,,2048,0,,,,,,,,,,,,,,,,,,,,,,,,,,,,,,,,,,,,,,,,,,,,,
"2025-11-10 14:18:29.3560690Z","2025-11-10 14:18:29.3560690Z","ETW","Microsoft-Windows-Kernel-Audit-API-Calls",6,"PsOpenThread"," 1192 svchost.exe",11692,,,"  424 WmiPrvSE.exe",8640,,,,,,,,,,,,,,,,,,,,,,,,,,,,1762784309356069000,,,,,,,,,,,,,,,,2048,3221225506,,,,,,,,,,,,,,,,,,,,,,,,,,,,,,,,,,,,,,,,,,,,,
"2025-11-10 14:18:29.3560738Z","2025-11-10 14:18:29.3560738Z","ETW","Microsoft-Windows-Kernel-Audit-API-Calls",6,"PsOpenThread"," 1192 svchost.exe",11692,,,"  424 WmiPrvSE.exe",8640,,,,,,,,,,,,,,,,,,,,,,,,,,,,1762784309356073800,,,,,,,,,,,,,,,,2048,0,,,,,,,,,,,,,,,,,,,,,,,,,,,,,,,,,,,,,,,,,,,,,
"2025-11-10 14:18:29.3561326Z","2025-11-10 14:18:29.3561326Z","ETW","Microsoft-Windows-Kernel-Audit-API-Calls",6,"PsOpenThread"," 1192 svchost.exe",11692,,,"  424 WmiPrvSE.exe",8640,,,,,,,,,,,,,,,,,,,,,,,,,,,,1762784309356132600,,,,,,,,,,,,,,,,2048,3221225506,,,,,,,,,,,,,,,,,,,,,,,,,,,,,,,,,,,,,,,,,,,,,
"2025-11-10 14:18:29.3561376Z","2025-11-10 14:18:29.3561376Z","ETW","Microsoft-Windows-Kernel-Audit-API-Calls",6,"PsOpenThread"," 1192 svchost.exe",11692,,,"  424 WmiPrvSE.exe",8640,,,,,,,,,,,,,,,,,,,,,,,,,,,,1762784309356137600,,,,,,,,,,,,,,,,2048,0,,,,,,,,,,,,,,,,,,,,,,,,,,,,,,,,,,,,,,,,,,,,,
"2025-11-10 14:18:29.3567555Z","2025-11-10 14:18:29.3567555Z","ETW","Microsoft-Windows-Kernel-Audit-API-Calls",6,"PsOpenThread"," 1192 svchost.exe",11692,,,"  424 WmiPrvSE.exe",8640,,,,,,,,,,,,,,,,,,,,,,,,,,,,1762784309356755500,,,,,,,,,,,,,,,,2048,3221225506,,,,,,,,,,,,,,,,,,,,,,,,,,,,,,,,,,,,,,,,,,,,,
"2025-11-10 14:18:29.3567609Z","2025-11-10 14:18:29.3567609Z","ETW","Microsoft-Windows-Kernel-Audit-API-Calls",6,"PsOpenThread"," 1192 svchost.exe",11692,,,"  424 WmiPrvSE.exe",8640,,,,,,,,,,,,,,,,,,,,,,,,,,,,1762784309356760900,,,,,,,,,,,,,,,,2048,0,,,,,,,,,,,,,,,,,,,,,,,,,,,,,,,,,,,,,,,,,,,,,
"2025-11-10 14:18:29.3569260Z","2025-11-10 14:18:29.3569260Z","ETW","Microsoft-Windows-Kernel-Audit-API-Calls",6,"PsOpenThread"," 1192 svchost.exe",11692,,,"  424 WmiPrvSE.exe",8640,,,,,,,,,,,,,,,,,,,,,,,,,,,,1762784309356926000,,,,,,,,,,,,,,,,2048,3221225506,,,,,,,,,,,,,,,,,,,,,,,,,,,,,,,,,,,,,,,,,,,,,
"2025-11-10 14:18:29.3569311Z","2025-11-10 14:18:29.3569311Z","ETW","Microsoft-Windows-Kernel-Audit-API-Calls",6,"PsOpenThread"," 1192 svchost.exe",11692,,,"  424 WmiPrvSE.exe",8640,,,,,,,,,,,,,,,,,,,,,,,,,,,,1762784309356931100,,,,,,,,,,,,,,,,2048,0,,,,,,,,,,,,,,,,,,,,,,,,,,,,,,,,,,,,,,,,,,,,,
"2025-11-10 14:18:29.3569995Z","2025-11-10 14:18:29.3569995Z","ETW","Microsoft-Windows-Kernel-Audit-API-Calls",6,"PsOpenThread"," 1192 svchost.exe",11692,,,"  424 WmiPrvSE.exe",8640,,,,,,,,,,,,,,,,,,,,,,,,,,,,1762784309356999600,,,,,,,,,,,,,,,,2048,3221225506,,,,,,,,,,,,,,,,,,,,,,,,,,,,,,,,,,,,,,,,,,,,,
"2025-11-10 14:18:29.3570043Z","2025-11-10 14:18:29.3570043Z","ETW","Microsoft-Windows-Kernel-Audit-API-Calls",6,"PsOpenThread"," 1192 svchost.exe",11692,,,"  424 WmiPrvSE.exe",8640,,,,,,,,,,,,,,,,,,,,,,,,,,,,1762784309357004300,,,,,,,,,,,,,,,,2048,0,,,,,,,,,,,,,,,,,,,,,,,,,,,,,,,,,,,,,,,,,,,,,
"2025-11-10 14:18:29.3570651Z","2025-11-10 14:18:29.3570651Z","ETW","Microsoft-Windows-Kernel-Audit-API-Calls",6,"PsOpenThread"," 1192 svchost.exe",11692,,,"  424 WmiPrvSE.exe",8640,,,,,,,,,,,,,,,,,,,,,,,,,,,,1762784309357065100,,,,,,,,,,,,,,,,2048,3221225506,,,,,,,,,,,,,,,,,,,,,,,,,,,,,,,,,,,,,,,,,,,,,
"2025-11-10 14:18:29.3570699Z","2025-11-10 14:18:29.3570699Z","ETW","Microsoft-Windows-Kernel-Audit-API-Calls",6,"PsOpenThread"," 1192 svchost.exe",11692,,,"  424 WmiPrvSE.exe",8640,,,,,,,,,,,,,,,,,,,,,,,,,,,,1762784309357069900,,,,,,,,,,,,,,,,2048,0,,,,,,,,,,,,,,,,,,,,,,,,,,,,,,,,,,,,,,,,,,,,,
"2025-11-10 14:18:29.3575346Z","2025-11-10 14:18:29.3575346Z","ETW","Microsoft-Windows-Kernel-Audit-API-Calls",6,"PsOpenThread"," 1192 svchost.exe",11692,,,"  424 WmiPrvSE.exe",8640,,,,,,,,,,,,,,,,,,,,,,,,,,,,1762784309357534600,,,,,,,,,,,,,,,,2048,3221225506,,,,,,,,,,,,,,,,,,,,,,,,,,,,,,,,,,,,,,,,,,,,,
"2025-11-10 14:18:29.3575416Z","2025-11-10 14:18:29.3575416Z","ETW","Microsoft-Windows-Kernel-Audit-API-Calls",6,"PsOpenThread"," 1192 svchost.exe",11692,,,"  424 WmiPrvSE.exe",8640,,,,,,,,,,,,,,,,,,,,,,,,,,,,1762784309357541600,,,,,,,,,,,,,,,,2048,0,,,,,,,,,,,,,,,,,,,,,,,,,,,,,,,,,,,,,,,,,,,,,
"2025-11-10 14:18:29.3577117Z","2025-11-10 14:18:29.3577117Z","ETW","Microsoft-Windows-Kernel-Audit-API-Calls",6,"PsOpenThread"," 1192 svchost.exe",11692,,,"  424 WmiPrvSE.exe",8640,,,,,,,,,,,,,,,,,,,,,,,,,,,,1762784309357711700,,,,,,,,,,,,,,,,2048,3221225506,,,,,,,,,,,,,,,,,,,,,,,,,,,,,,,,,,,,,,,,,,,,,
"2025-11-10 14:18:29.3577170Z","2025-11-10 14:18:29.3577170Z","ETW","Microsoft-Windows-Kernel-Audit-API-Calls",6,"PsOpenThread"," 1192 svchost.exe",11692,,,"  424 WmiPrvSE.exe",8640,,,,,,,,,,,,,,,,,,,,,,,,,,,,1762784309357717000,,,,,,,,,,,,,,,,2048,0,,,,,,,,,,,,,,,,,,,,,,,,,,,,,,,,,,,,,,,,,,,,,
"2025-11-10 14:18:29.3577795Z","2025-11-10 14:18:29.3577795Z","ETW","Microsoft-Windows-Kernel-Audit-API-Calls",6,"PsOpenThread"," 1192 svchost.exe",11692,,,"  424 WmiPrvSE.exe",8640,,,,,,,,,,,,,,,,,,,,,,,,,,,,1762784309357779600,,,,,,,,,,,,,,,,2048,3221225506,,,,,,,,,,,,,,,,,,,,,,,,,,,,,,,,,,,,,,,,,,,,,
"2025-11-10 14:18:29.3577845Z","2025-11-10 14:18:29.3577845Z","ETW","Microsoft-Windows-Kernel-Audit-API-Calls",6,"PsOpenThread"," 1192 svchost.exe",11692,,,"  424 WmiPrvSE.exe",8640,,,,,,,,,,,,,,,,,,,,,,,,,,,,1762784309357784500,,,,,,,,,,,,,,,,2048,0,,,,,,,,,,,,,,,,,,,,,,,,,,,,,,,,,,,,,,,,,,,,,
"2025-11-10 14:18:29.3578484Z","2025-11-10 14:18:29.3578484Z","ETW","Microsoft-Windows-Kernel-Audit-API-Calls",6,"PsOpenThread"," 1192 svchost.exe",11692,,,"  424 WmiPrvSE.exe",8640,,,,,,,,,,,,,,,,,,,,,,,,,,,,1762784309357848400,,,,,,,,,,,,,,,,2048,3221225506,,,,,,,,,,,,,,,,,,,,,,,,,,,,,,,,,,,,,,,,,,,,,
"2025-11-10 14:18:29.3578532Z","2025-11-10 14:18:29.3578532Z","ETW","Microsoft-Windows-Kernel-Audit-API-Calls",6,"PsOpenThread"," 1192 svchost.exe",11692,,,"  424 WmiPrvSE.exe",8640,,,,,,,,,,,,,,,,,,,,,,,,,,,,1762784309357853200,,,,,,,,,,,,,,,,2048,0,,,,,,,,,,,,,,,,,,,,,,,,,,,,,,,,,,,,,,,,,,,,,
"2025-11-10 14:18:29.3585918Z","2025-11-10 14:18:29.3585918Z","ETW","Microsoft-Windows-Kernel-Audit-API-Calls",6,"PsOpenThread"," 1192 svchost.exe",11692,,,"  424 WmiPrvSE.exe",8640,,,,,,,,,,,,,,,,,,,,,,,,,,,,1762784309358591800,,,,,,,,,,,,,,,,2048,3221225506,,,,,,,,,,,,,,,,,,,,,,,,,,,,,,,,,,,,,,,,,,,,,
"2025-11-10 14:18:29.3586008Z","2025-11-10 14:18:29.3586008Z","ETW","Microsoft-Windows-Kernel-Audit-API-Calls",6,"PsOpenThread"," 1192 svchost.exe",11692,,,"  424 WmiPrvSE.exe",8640,,,,,,,,,,,,,,,,,,,,,,,,,,,,1762784309358600800,,,,,,,,,,,,,,,,2048,0,,,,,,,,,,,,,,,,,,,,,,,,,,,,,,,,,,,,,,,,,,,,,
"2025-11-10 14:18:29.3589100Z","2025-11-10 14:18:29.3589100Z","ETW","Microsoft-Windows-Kernel-Audit-API-Calls",6,"PsOpenThread"," 1192 svchost.exe",11692,,,"  424 WmiPrvSE.exe",8640,,,,,,,,,,,,,,,,,,,,,,,,,,,,1762784309358910000,,,,,,,,,,,,,,,,2048,3221225506,,,,,,,,,,,,,,,,,,,,,,,,,,,,,,,,,,,,,,,,,,,,,
"2025-11-10 14:18:29.3589154Z","2025-11-10 14:18:29.3589154Z","ETW","Microsoft-Windows-Kernel-Audit-API-Calls",6,"PsOpenThread"," 1192 svchost.exe",11692,,,"  424 WmiPrvSE.exe",8640,,,,,,,,,,,,,,,,,,,,,,,,,,,,1762784309358915400,,,,,,,,,,,,,,,,2048,0,,,,,,,,,,,,,,,,,,,,,,,,,,,,,,,,,,,,,,,,,,,,,
"2025-11-10 14:18:29.3590000Z","2025-11-10 14:18:29.3590000Z","ETW","Microsoft-Windows-Kernel-Audit-API-Calls",6,"PsOpenThread"," 1192 svchost.exe",11692,,,"  424 WmiPrvSE.exe",8640,,,,,,,,,,,,,,,,,,,,,,,,,,,,1762784309359000000,,,,,,,,,,,,,,,,2048,3221225506,,,,,,,,,,,,,,,,,,,,,,,,,,,,,,,,,,,,,,,,,,,,,
"2025-11-10 14:18:29.3590050Z","2025-11-10 14:18:29.3590050Z","ETW","Microsoft-Windows-Kernel-Audit-API-Calls",6,"PsOpenThread"," 1192 svchost.exe",11692,,,"  424 WmiPrvSE.exe",8640,,,,,,,,,,,,,,,,,,,,,,,,,,,,1762784309359005000,,,,,,,,,,,,,,,,2048,0,,,,,,,,,,,,,,,,,,,,,,,,,,,,,,,,,,,,,,,,,,,,,
"2025-11-10 14:18:29.3590654Z","2025-11-10 14:18:29.3590654Z","ETW","Microsoft-Windows-Kernel-Audit-API-Calls",6,"PsOpenThread"," 1192 svchost.exe",11692,,,"  424 WmiPrvSE.exe",8640,,,,,,,,,,,,,,,,,,,,,,,,,,,,1762784309359065400,,,,,,,,,,,,,,,,2048,3221225506,,,,,,,,,,,,,,,,,,,,,,,,,,,,,,,,,,,,,,,,,,,,,
"2025-11-10 14:18:29.3590701Z","2025-11-10 14:18:29.3590701Z","ETW","Microsoft-Windows-Kernel-Audit-API-Calls",6,"PsOpenThread"," 1192 svchost.exe",11692,,,"  424 WmiPrvSE.exe",8640,,,,,,,,,,,,,,,,,,,,,,,,,,,,1762784309359070100,,,,,,,,,,,,,,,,2048,0,,,,,,,,,,,,,,,,,,,,,,,,,,,,,,,,,,,,,,,,,,,,,
"2025-11-10 14:18:29.3605046Z","2025-11-10 14:18:29.3605046Z","ETW","Microsoft-Windows-Kernel-Audit-API-Calls",6,"PsOpenThread"," 1192 svchost.exe",11692,,,"  424 WmiPrvSE.exe",8640,,,,,,,,,,,,,,,,,,,,,,,,,,,,1762784309360504600,,,,,,,,,,,,,,,,2048,3221225506,,,,,,,,,,,,,,,,,,,,,,,,,,,,,,,,,,,,,,,,,,,,,
"2025-11-10 14:18:29.3605103Z","2025-11-10 14:18:29.3605103Z","ETW","Microsoft-Windows-Kernel-Audit-API-Calls",6,"PsOpenThread"," 1192 svchost.exe",11692,,,"  424 WmiPrvSE.exe",8640,,,,,,,,,,,,,,,,,,,,,,,,,,,,1762784309360510300,,,,,,,,,,,,,,,,2048,0,,,,,,,,,,,,,,,,,,,,,,,,,,,,,,,,,,,,,,,,,,,,,
"2025-11-10 14:18:29.3606680Z","2025-11-10 14:18:29.3606680Z","ETW","Microsoft-Windows-Kernel-Audit-API-Calls",6,"PsOpenThread"," 1192 svchost.exe",11692,,,"  424 WmiPrvSE.exe",8640,,,,,,,,,,,,,,,,,,,,,,,,,,,,1762784309360668000,,,,,,,,,,,,,,,,2048,3221225506,,,,,,,,,,,,,,,,,,,,,,,,,,,,,,,,,,,,,,,,,,,,,
"2025-11-10 14:18:29.3606820Z","2025-11-10 14:18:29.3606820Z","ETW","Microsoft-Windows-Kernel-Audit-API-Calls",6,"PsOpenThread"," 1192 svchost.exe",11692,,,"  424 WmiPrvSE.exe",8640,,,,,,,,,,,,,,,,,,,,,,,,,,,,1762784309360682000,,,,,,,,,,,,,,,,2048,0,,,,,,,,,,,,,,,,,,,,,,,,,,,,,,,,,,,,,,,,,,,,,
"2025-11-10 14:18:29.3607463Z","2025-11-10 14:18:29.3607463Z","ETW","Microsoft-Windows-Kernel-Audit-API-Calls",6,"PsOpenThread"," 1192 svchost.exe",11692,,,"  424 WmiPrvSE.exe",8640,,,,,,,,,,,,,,,,,,,,,,,,,,,,1762784309360746300,,,,,,,,,,,,,,,,2048,3221225506,,,,,,,,,,,,,,,,,,,,,,,,,,,,,,,,,,,,,,,,,,,,,
"2025-11-10 14:18:29.3607513Z","2025-11-10 14:18:29.3607513Z","ETW","Microsoft-Windows-Kernel-Audit-API-Calls",6,"PsOpenThread"," 1192 svchost.exe",11692,,,"  424 WmiPrvSE.exe",8640,,,,,,,,,,,,,,,,,,,,,,,,,,,,1762784309360751300,,,,,,,,,,,,,,,,2048,0,,,,,,,,,,,,,,,,,,,,,,,,,,,,,,,,,,,,,,,,,,,,,
"2025-11-10 14:18:29.3609211Z","2025-11-10 14:18:29.3609211Z","ETW","Microsoft-Windows-Kernel-Audit-API-Calls",6,"PsOpenThread"," 1192 svchost.exe",11692,,,"  424 WmiPrvSE.exe",8640,,,,,,,,,,,,,,,,,,,,,,,,,,,,1762784309360921100,,,,,,,,,,,,,,,,2048,3221225506,,,,,,,,,,,,,,,,,,,,,,,,,,,,,,,,,,,,,,,,,,,,,
"2025-11-10 14:18:29.3609263Z","2025-11-10 14:18:29.3609263Z","ETW","Microsoft-Windows-Kernel-Audit-API-Calls",6,"PsOpenThread"," 1192 svchost.exe",11692,,,"  424 WmiPrvSE.exe",8640,,,,,,,,,,,,,,,,,,,,,,,,,,,,1762784309360926300,,,,,,,,,,,,,,,,2048,0,,,,,,,,,,,,,,,,,,,,,,,,,,,,,,,,,,,,,,,,,,,,,
"2025-11-10 14:18:29.3615548Z","2025-11-10 14:18:29.3615548Z","ETW","Microsoft-Windows-Kernel-Audit-API-Calls",6,"PsOpenThread"," 1192 svchost.exe",11692,,,"  424 WmiPrvSE.exe",8640,,,,,,,,,,,,,,,,,,,,,,,,,,,,1762784309361554800,,,,,,,,,,,,,,,,2048,3221225506,,,,,,,,,,,,,,,,,,,,,,,,,,,,,,,,,,,,,,,,,,,,,
"2025-11-10 14:18:29.3615601Z","2025-11-10 14:18:29.3615601Z","ETW","Microsoft-Windows-Kernel-Audit-API-Calls",6,"PsOpenThread"," 1192 svchost.exe",11692,,,"  424 WmiPrvSE.exe",8640,,,,,,,,,,,,,,,,,,,,,,,,,,,,1762784309361560100,,,,,,,,,,,,,,,,2048,0,,,,,,,,,,,,,,,,,,,,,,,,,,,,,,,,,,,,,,,,,,,,,
"2025-11-10 14:18:29.3617111Z","2025-11-10 14:18:29.3617111Z","ETW","Microsoft-Windows-Kernel-Audit-API-Calls",6,"PsOpenThread"," 1192 svchost.exe",11692,,,"  424 WmiPrvSE.exe",8640,,,,,,,,,,,,,,,,,,,,,,,,,,,,1762784309361711100,,,,,,,,,,,,,,,,2048,3221225506,,,,,,,,,,,,,,,,,,,,,,,,,,,,,,,,,,,,,,,,,,,,,
"2025-11-10 14:18:29.3617164Z","2025-11-10 14:18:29.3617164Z","ETW","Microsoft-Windows-Kernel-Audit-API-Calls",6,"PsOpenThread"," 1192 svchost.exe",11692,,,"  424 WmiPrvSE.exe",8640,,,,,,,,,,,,,,,,,,,,,,,,,,,,1762784309361716400,,,,,,,,,,,,,,,,2048,0,,,,,,,,,,,,,,,,,,,,,,,,,,,,,,,,,,,,,,,,,,,,,
"2025-11-10 14:18:29.3617791Z","2025-11-10 14:18:29.3617791Z","ETW","Microsoft-Windows-Kernel-Audit-API-Calls",6,"PsOpenThread"," 1192 svchost.exe",11692,,,"  424 WmiPrvSE.exe",8640,,,,,,,,,,,,,,,,,,,,,,,,,,,,1762784309361779100,,,,,,,,,,,,,,,,2048,3221225506,,,,,,,,,,,,,,,,,,,,,,,,,,,,,,,,,,,,,,,,,,,,,
"2025-11-10 14:18:29.3617838Z","2025-11-10 14:18:29.3617838Z","ETW","Microsoft-Windows-Kernel-Audit-API-Calls",6,"PsOpenThread"," 1192 svchost.exe",11692,,,"  424 WmiPrvSE.exe",8640,,,,,,,,,,,,,,,,,,,,,,,,,,,,1762784309361783800,,,,,,,,,,,,,,,,2048,0,,,,,,,,,,,,,,,,,,,,,,,,,,,,,,,,,,,,,,,,,,,,,
"2025-11-10 14:18:29.3619106Z","2025-11-10 14:18:29.3619106Z","ETW","Microsoft-Windows-Kernel-Audit-API-Calls",6,"PsOpenThread"," 3004 svchost.exe",7248,,,"  424 WmiPrvSE.exe",8640,,,,,,,,,,,,,,,,,,,,,,,,,,,,1762784309361910700,,,,,,,,,,,,,,,,2048,0,,,,,,,,,,,,,,,,,,,,,,,,,,,,,,,,,,,,,,,,,,,,,
"2025-11-10 14:18:29.3621838Z","2025-11-10 14:18:29.3621838Z","ETW","Microsoft-Windows-Kernel-Audit-API-Calls",6,"PsOpenThread"," 3004 svchost.exe",7248,,,"  424 WmiPrvSE.exe",8640,,,,,,,,,,,,,,,,,,,,,,,,,,,,1762784309362183800,,,,,,,,,,,,,,,,2048,0,,,,,,,,,,,,,,,,,,,,,,,,,,,,,,,,,,,,,,,,,,,,,
"2025-11-10 14:18:29.3625108Z","2025-11-10 14:18:29.3625108Z","ETW","Microsoft-Windows-Kernel-Audit-API-Calls",6,"PsOpenThread"," 3004 svchost.exe",5376,,,"  424 WmiPrvSE.exe",8640,,,,,,,,,,,,,,,,,,,,,,,,,,,,1762784309362510800,,,,,,,,,,,,,,,,2048,0,,,,,,,,,,,,,,,,,,,,,,,,,,,,,,,,,,,,,,,,,,,,,
"2025-11-10 14:18:29.3626364Z","2025-11-10 14:18:29.3626364Z","ETW","Microsoft-Windows-Kernel-Audit-API-Calls",6,"PsOpenThread"," 3004 svchost.exe",5376,,,"  424 WmiPrvSE.exe",8640,,,,,,,,,,,,,,,,,,,,,,,,,,,,1762784309362636500,,,,,,,,,,,,,,,,2048,0,,,,,,,,,,,,,,,,,,,,,,,,,,,,,,,,,,,,,,,,,,,,,
"2025-11-10 14:18:29.3629803Z","2025-11-10 14:18:29.3629803Z","ETW","Microsoft-Windows-Kernel-Audit-API-Calls",6,"PsOpenThread"," 3004 svchost.exe",10604,,,"  424 WmiPrvSE.exe",10700,,,,,,,,,,,,,,,,,,,,,,,,,,,,1762784309362980300,,,,,,,,,,,,,,,,2048,0,,,,,,,,,,,,,,,,,,,,,,,,,,,,,,,,,,,,,,,,,,,,,
"2025-11-10 14:18:29.3630686Z","2025-11-10 14:18:29.3630686Z","ETW","Microsoft-Windows-Kernel-Audit-API-Calls",6,"PsOpenThread"," 3004 svchost.exe",10604,,,"  424 WmiPrvSE.exe",10700,,,,,,,,,,,,,,,,,,,,,,,,,,,,1762784309363068600,,,,,,,,,,,,,,,,2048,0,,,,,,,,,,,,,,,,,,,,,,,,,,,,,,,,,,,,,,,,,,,,,
"2025-11-10 14:18:29.3631334Z","2025-11-10 14:18:29.3631334Z","ETW","Microsoft-Windows-Kernel-Audit-API-Calls",6,"PsOpenThread"," 3004 svchost.exe",10604,,,"  424 WmiPrvSE.exe",10700,,,,,,,,,,,,,,,,,,,,,,,,,,,,1762784309363133400,,,,,,,,,,,,,,,,2048,0,,,,,,,,,,,,,,,,,,,,,,,,,,,,,,,,,,,,,,,,,,,,,
"2025-11-10 14:18:29.3633804Z","2025-11-10 14:18:29.3633804Z","ETW","Microsoft-Windows-Kernel-Audit-API-Calls",6,"PsOpenThread","  720 lsass.exe",1688,,,"  424 WmiPrvSE.exe",10700,,,,,,,,,,,,,,,,,,,,,,,,,,,,1762784309363380400,,,,,,,,,,,,,,,,2048,0,,,,,,,,,,,,,,,,,,,,,,,,,,,,,,,,,,,,,,,,,,,,,
"2025-11-10 14:18:29.3634912Z","2025-11-10 14:18:29.3634912Z","ETW","Microsoft-Windows-Kernel-Audit-API-Calls",6,"PsOpenThread"," 3004 svchost.exe",10604,,,"  424 WmiPrvSE.exe",10700,,,,,,,,,,,,,,,,,,,,,,,,,,,,1762784309363491200,,,,,,,,,,,,,,,,2048,0,,,,,,,,,,,,,,,,,,,,,,,,,,,,,,,,,,,,,,,,,,,,,
"2025-11-10 14:18:29.3635966Z","2025-11-10 14:18:29.3635966Z","ETW","Microsoft-Windows-Kernel-Audit-API-Calls",6,"PsOpenThread"," 3004 svchost.exe",10604,,,"  424 WmiPrvSE.exe",10700,,,,,,,,,,,,,,,,,,,,,,,,,,,,1762784309363596600,,,,,,,,,,,,,,,,2048,0,,,,,,,,,,,,,,,,,,,,,,,,,,,,,,,,,,,,,,,,,,,,,
"2025-11-10 14:18:29.3636844Z","2025-11-10 14:18:29.3636844Z","ETW","Microsoft-Windows-Kernel-Audit-API-Calls",6,"PsOpenThread"," 3004 svchost.exe",10604,,,"  424 WmiPrvSE.exe",10700,,,,,,,,,,,,,,,,,,,,,,,,,,,,1762784309363684400,,,,,,,,,,,,,,,,2048,0,,,,,,,,,,,,,,,,,,,,,,,,,,,,,,,,,,,,,,,,,,,,,
"2025-11-10 14:18:29.3639114Z","2025-11-10 14:18:29.3639114Z","ETW","Microsoft-Windows-Kernel-Audit-API-Calls",6,"PsOpenThread"," 3004 svchost.exe",4036,,," 3156 vmtoolsd.exe",5292,,,,,,,,,,,,,,,,,,,,,,,,,,,,1762784309363911400,,,,,,,,,,,,,,,,2048,0,,,,,,,,,,,,,,,,,,,,,,,,,,,,,,,,,,,,,,,,,,,,,
"2025-11-10 14:18:29.3640029Z","2025-11-10 14:18:29.3640029Z","ETW","Microsoft-Windows-Kernel-Audit-API-Calls",6,"PsOpenThread"," 3004 svchost.exe",4036,,," 3156 vmtoolsd.exe",5292,,,,,,,,,,,,,,,,,,,,,,,,,,,,1762784309364002900,,,,,,,,,,,,,,,,2048,0,,,,,,,,,,,,,,,,,,,,,,,,,,,,,,,,,,,,,,,,,,,,,
"2025-11-10 14:18:29.3640679Z","2025-11-10 14:18:29.3640679Z","ETW","Microsoft-Windows-Kernel-Audit-API-Calls",6,"PsOpenThread"," 3004 svchost.exe",4036,,," 3156 vmtoolsd.exe",5292,,,,,,,,,,,,,,,,,,,,,,,,,,,,1762784309364067900,,,,,,,,,,,,,,,,2048,0,,,,,,,,,,,,,,,,,,,,,,,,,,,,,,,,,,,,,,,,,,,,,
"2025-11-10 14:18:29.3642553Z","2025-11-10 14:18:29.3642553Z","ETW","Microsoft-Windows-Kernel-Audit-API-Calls",6,"PsOpenThread"," 3004 svchost.exe",4036,,," 3156 vmtoolsd.exe",5292,,,,,,,,,,,,,,,,,,,,,,,,,,,,1762784309364255300,,,,,,,,,,,,,,,,2048,0,,,,,,,,,,,,,,,,,,,,,,,,,,,,,,,,,,,,,,,,,,,,,
"2025-11-10 14:18:29.3645302Z","2025-11-10 14:18:29.3645302Z","ETW","Microsoft-Windows-Kernel-Audit-API-Calls",6,"PsOpenThread"," 3004 svchost.exe",4036,,," 3156 vmtoolsd.exe",5292,,,,,,,,,,,,,,,,,,,,,,,,,,,,1762784309364530200,,,,,,,,,,,,,,,,2048,0,,,,,,,,,,,,,,,,,,,,,,,,,,,,,,,,,,,,,,,,,,,,,
"2025-11-10 14:18:29.3646061Z","2025-11-10 14:18:29.3646061Z","ETW","Microsoft-Windows-Kernel-Audit-API-Calls",6,"PsOpenThread"," 3004 svchost.exe",4036,,," 3156 vmtoolsd.exe",5292,,,,,,,,,,,,,,,,,,,,,,,,,,,,1762784309364606100,,,,,,,,,,,,,,,,2048,0,,,,,,,,,,,,,,,,,,,,,,,,,,,,,,,,,,,,,,,,,,,,,
"2025-11-10 14:18:29.3647151Z","2025-11-10 14:18:29.3647151Z","ETW","Microsoft-Windows-Kernel-Audit-API-Calls",6,"PsOpenThread"," 3004 svchost.exe",4036,,," 3156 vmtoolsd.exe",5292,,,,,,,,,,,,,,,,,,,,,,,,,,,,1762784309364715100,,,,,,,,,,,,,,,,2048,0,,,,,,,,,,,,,,,,,,,,,,,,,,,,,,,,,,,,,,,,,,,,,
"2025-11-10 14:18:29.3647812Z","2025-11-10 14:18:29.3647812Z","ETW","Microsoft-Windows-Kernel-Audit-API-Calls",6,"PsOpenThread","  424 WmiPrvSE.exe",10700,,," 3004 svchost.exe",8604,,,,,,,,,,,,,,,,,,,,,,,,,,,,1762784309364781200,,,,,,,,,,,,,,,,2048,3221225506,,,,,,,,,,,,,,,,,,,,,,,,,,,,,,,,,,,,,,,,,,,,,
"2025-11-10 14:18:29.3647866Z","2025-11-10 14:18:29.3647866Z","ETW","Microsoft-Windows-Kernel-Audit-API-Calls",6,"PsOpenThread","  424 WmiPrvSE.exe",10700,,," 3004 svchost.exe",8604,,,,,,,,,,,,,,,,,,,,,,,,,,,,1762784309364786600,,,,,,,,,,,,,,,,2048,3221225637,,,,,,,,,,,,,,,,,,,,,,,,,,,,,,,,,,,,,,,,,,,,,
"2025-11-10 14:18:29.3649843Z","2025-11-10 14:18:29.3649843Z","ETW","Microsoft-Windows-Kernel-Audit-API-Calls",6,"PsOpenThread"," 3004 svchost.exe",7248,,,"  424 WmiPrvSE.exe",10700,,,,,,,,,,,,,,,,,,,,,,,,,,,,1762784309364984300,,,,,,,,,,,,,,,,2048,0,,,,,,,,,,,,,,,,,,,,,,,,,,,,,,,,,,,,,,,,,,,,,
"2025-11-10 14:18:29.3664563Z","2025-11-10 14:18:29.3664563Z","ETW","Microsoft-Windows-Kernel-Audit-API-Calls",6,"PsOpenThread","  424 WmiPrvSE.exe",10700,,," 3004 svchost.exe",3428,,,,,,,,,,,,,,,,,,,,,,,,,,,,1762784309366456300,,,,,,,,,,,,,,,,2048,3221225506,,,,,,,,,,,,,,,,,,,,,,,,,,,,,,,,,,,,,,,,,,,,,
"2025-11-10 14:18:29.3664631Z","2025-11-10 14:18:29.3664631Z","ETW","Microsoft-Windows-Kernel-Audit-API-Calls",6,"PsOpenThread","  424 WmiPrvSE.exe",10700,,," 3004 svchost.exe",3428,,,,,,,,,,,,,,,,,,,,,,,,,,,,1762784309366463100,,,,,,,,,,,,,,,,2048,0,,,,,,,,,,,,,,,,,,,,,,,,,,,,,,,,,,,,,,,,,,,,,
"2025-11-10 14:18:29.3665992Z","2025-11-10 14:18:29.3665992Z","ETW","Microsoft-Windows-Kernel-Audit-API-Calls",6,"PsOpenThread","  720 lsass.exe",1688,,,"  424 WmiPrvSE.exe",10700,,,,,,,,,,,,,,,,,,,,,,,,,,,,1762784309366599200,,,,,,,,,,,,,,,,2048,0,,,,,,,,,,,,,,,,,,,,,,,,,,,,,,,,,,,,,,,,,,,,,
"2025-11-10 14:18:29.3667924Z","2025-11-10 14:18:29.3667924Z","ETW","Microsoft-Windows-Kernel-Audit-API-Calls",6,"PsOpenThread","  720 lsass.exe",1688,,,"  424 WmiPrvSE.exe",10700,,,,,,,,,,,,,,,,,,,,,,,,,,,,1762784309366792400,,,,,,,,,,,,,,,,2048,0,,,,,,,,,,,,,,,,,,,,,,,,,,,,,,,,,,,,,,,,,,,,,
"2025-11-10 14:18:29.3668866Z","2025-11-10 14:18:29.3668866Z","ETW","Microsoft-Windows-Kernel-Audit-API-Calls",6,"PsOpenThread"," 3004 svchost.exe",7248,,,"  424 WmiPrvSE.exe",10700,,,,,,,,,,,,,,,,,,,,,,,,,,,,1762784309366886600,,,,,,,,,,,,,,,,2048,0,,,,,,,,,,,,,,,,,,,,,,,,,,,,,,,,,,,,,,,,,,,,,
"2025-11-10 14:18:29.3669945Z","2025-11-10 14:18:29.3669945Z","ETW","Microsoft-Windows-Kernel-Audit-API-Calls",6,"PsOpenThread"," 3004 svchost.exe",7248,,,"  424 WmiPrvSE.exe",10700,,,,,,,,,,,,,,,,,,,,,,,,,,,,1762784309366994500,,,,,,,,,,,,,,,,2048,0,,,,,,,,,,,,,,,,,,,,,,,,,,,,,,,,,,,,,,,,,,,,,
"2025-11-10 14:18:29.3671540Z","2025-11-10 14:18:29.3671540Z","ETW","Microsoft-Windows-Kernel-Audit-API-Calls",6,"PsOpenThread"," 3004 svchost.exe",4036,,," 3156 vmtoolsd.exe",5292,,,,,,,,,,,,,,,,,,,,,,,,,,,,1762784309367154000,,,,,,,,,,,,,,,,2048,0,,,,,,,,,,,,,,,,,,,,,,,,,,,,,,,,,,,,,,,,,,,,,
"2025-11-10 14:18:29.3672181Z","2025-11-10 14:18:29.3672181Z","ETW","Microsoft-Windows-Kernel-Audit-API-Calls",6,"PsOpenThread"," 3004 svchost.exe",4036,,," 3156 vmtoolsd.exe",5292,,,,,,,,,,,,,,,,,,,,,,,,,,,,1762784309367218100,,,,,,,,,,,,,,,,2048,0,,,,,,,,,,,,,,,,,,,,,,,,,,,,,,,,,,,,,,,,,,,,,
"2025-11-10 14:18:29.6056181Z","2025-11-10 14:18:29.6056181Z","ETW","Microsoft-Windows-Kernel-Process",4,"ThreadStop Stop "," 5452 powershell.exe",7340,,," 5452 powershell.exe",,,,,,,,,,,,,,,,,,,,,,,,,,,,,1762784309605618100,,18446606103144726528,18446606103144697856,140736486305456,0,25191890944,7340,25193873408,25193865216,140736486305456,,,,,,,,,,,1031886,,,,,,,,,,,,,,,,,,,,,,,,,,,,,,,,,,,,,,,,,
"2025-11-10 14:18:29.6969017Z","2025-11-10 14:18:29.6969017Z","ETW","Microsoft-Windows-Kernel-Audit-API-Calls",5,"PsOpenProcess"," 6464 explorer.exe",6100,,," 6464 explorer.exe",,,,,,,,,,,,,,,,,,,,,,,,,,,,,1762784309696901700,,,,,,,,,,,,,,,,1040,0,,,,,,,,,,,,,,,,,,,,,,,,,,,,,,,,,,,,,,,,,,,,,
"2025-11-10 14:18:29.6970681Z","2025-11-10 14:18:29.6970681Z","ETW","Microsoft-Windows-Kernel-Audit-API-Calls",5,"PsOpenProcess"," 6464 explorer.exe",6100,,," 6464 explorer.exe",,,,,,,,,,,,,,,,,,,,,,,,,,,,,1762784309697068100,,,,,,,,,,,,,,,,4096,0,,,,,,,,,,,,,,,,,,,,,,,,,,,,,,,,,,,,,,,,,,,,,
"2025-11-10 14:18:29.7713329Z","2025-11-10 14:18:29.7713329Z","ETW","Microsoft-Windows-Kernel-Audit-API-Calls",5,"PsOpenProcess"," 6464 explorer.exe",6100,,,"10364 mintty.exe",,,,,,,,,,,,,,,,,,,,,,,,,,,,,1762784309771332900,,,,,,,,,,,,,,,,1040,0,,,,,,,,,,,,,,,,,,,,,,,,,,,,,,,,,,,,,,,,,,,,,
"2025-11-10 14:18:29.7724701Z","2025-11-10 14:18:29.7724701Z","ETW","Microsoft-Windows-Kernel-Audit-API-Calls",5,"PsOpenProcess"," 6464 explorer.exe",6100,,,"10364 mintty.exe",,,,,,,,,,,,,,,,,,,,,,,,,,,,,1762784309772470100,,,,,,,,,,,,,,,,4096,0,,,,,,,,,,,,,,,,,,,,,,,,,,,,,,,,,,,,,,,,,,,,,
"2025-11-10 14:18:29.7749730Z","2025-11-10 14:18:29.7749730Z","ETW","Microsoft-Windows-Kernel-Audit-API-Calls",5,"PsOpenProcess"," 5824 ctfmon.exe",9904,,,"10364 mintty.exe",,,,,,,,,,,,,,,,,,,,,,,,,,,,,1762784309774973000,,,,,,,,,,,,,,,,4096,0,,,,,,,,,,,,,,,,,,,,,,,,,,,,,,,,,,,,,,,,,,,,,
"2025-11-10 14:18:29.7752698Z","2025-11-10 14:18:29.7752698Z","ETW","Microsoft-Windows-Kernel-Audit-API-Calls",6,"PsOpenThread","10364 mintty.exe",5868,,,"10364 mintty.exe",5868,,,,,,,,,,,,,,,,,,,,,,,,,,,,1762784309775269800,,,,,,,,,,,,,,,,1024,0,,,,,,,,,,,,,,,,,,,,,,,,,,,,,,,,,,,,,,,,,,,,,
"2025-11-10 14:18:29.7752878Z","2025-11-10 14:18:29.7752878Z","ETW","Microsoft-Windows-Kernel-Audit-API-Calls",6,"PsOpenThread"," 5824 ctfmon.exe",9904,,,"10364 mintty.exe",3580,,,,,,,,,,,,,,,,,,,,,,,,,,,,1762784309775287800,,,,,,,,,,,,,,,,2048,0,,,,,,,,,,,,,,,,,,,,,,,,,,,,,,,,,,,,,,,,,,,,,
"2025-11-10 14:18:29.7753659Z","2025-11-10 14:18:29.7753659Z","ETW","Microsoft-Windows-Kernel-Audit-API-Calls",6,"PsOpenThread","10364 mintty.exe",5868,,,"10364 mintty.exe",5868,,,,,,,,,,,,,,,,,,,,,,,,,,,,1762784309775365900,,,,,,,,,,,,,,,,1024,0,,,,,,,,,,,,,,,,,,,,,,,,,,,,,,,,,,,,,,,,,,,,,
"2025-11-10 14:18:29.7756371Z","2025-11-10 14:18:29.7756371Z","ETW","Microsoft-Windows-Kernel-Audit-API-Calls",6,"PsOpenThread"," 5824 ctfmon.exe",9904,,,"10364 mintty.exe",3580,,,,,,,,,,,,,,,,,,,,,,,,,,,,1762784309775637100,,,,,,,,,,,,,,,,2048,0,,,,,,,,,,,,,,,,,,,,,,,,,,,,,,,,,,,,,,,,,,,,,
"2025-11-10 14:18:29.7768459Z","2025-11-10 14:18:29.7768459Z","ETW","Microsoft-Windows-Kernel-Audit-API-Calls",5,"PsOpenProcess"," 6464 explorer.exe",4280,,,"10364 mintty.exe",,,,,,,,,,,,,,,,,,,,,,,,,,,,,1762784309776845900,,,,,,,,,,,,,,,,4096,0,,,,,,,,,,,,,,,,,,,,,,,,,,,,,,,,,,,,,,,,,,,,,
"2025-11-10 14:18:29.7769467Z","2025-11-10 14:18:29.7769467Z","ETW","Microsoft-Windows-Kernel-Audit-API-Calls",5,"PsOpenProcess"," 6464 explorer.exe",4280,,,"10364 mintty.exe",,,,,,,,,,,,,,,,,,,,,,,,,,,,,1762784309776946700,,,,,,,,,,,,,,,,8192,0,,,,,,,,,,,,,,,,,,,,,,,,,,,,,,,,,,,,,,,,,,,,,
"2025-11-10 14:18:29.7777595Z","2025-11-10 14:18:29.7777595Z","ETW","Microsoft-Windows-Kernel-Audit-API-Calls",5,"PsOpenProcess"," 6464 explorer.exe",4280,,," 6860 TextInputHost.exe",,,,,,,,,,,,,,,,,,,,,,,,,,,,,1762784309777759500,,,,,,,,,,,,,,,,8192,0,,,,,,,,,,,,,,,,,,,,,,,,,,,,,,,,,,,,,,,,,,,,,
"2025-11-10 14:18:29.7777698Z","2025-11-10 14:18:29.7777698Z","ETW","Microsoft-Windows-Kernel-Audit-API-Calls",5,"PsOpenProcess"," 6464 explorer.exe",4280,,," 6464 explorer.exe",,,,,,,,,,,,,,,,,,,,,,,,,,,,,1762784309777769800,,,,,,,,,,,,,,,,8192,0,,,,,,,,,,,,,,,,,,,,,,,,,,,,,,,,,,,,,,,,,,,,,
"2025-11-10 14:18:29.7777819Z","2025-11-10 14:18:29.7777819Z","ETW","Microsoft-Windows-Kernel-Audit-API-Calls",5,"PsOpenProcess"," 6464 explorer.exe",4280,,," 8724 LockApp.exe",,,,,,,,,,,,,,,,,,,,,,,,,,,,,1762784309777781900,,,,,,,,,,,,,,,,8192,0,,,,,,,,,,,,,,,,,,,,,,,,,,,,,,,,,,,,,,,,,,,,,
"2025-11-10 14:18:29.7777945Z","2025-11-10 14:18:29.7777945Z","ETW","Microsoft-Windows-Kernel-Audit-API-Calls",5,"PsOpenProcess"," 6464 explorer.exe",4280,,," 3460 cyrprtui.exe",,,,,,,,,,,,,,,,,,,,,,,,,,,,,1762784309777794500,,,,,,,,,,,,,,,,8192,0,,,,,,,,,,,,,,,,,,,,,,,,,,,,,,,,,,,,,,,,,,,,,
"2025-11-10 14:18:29.7778053Z","2025-11-10 14:18:29.7778053Z","ETW","Microsoft-Windows-Kernel-Audit-API-Calls",5,"PsOpenProcess"," 6464 explorer.exe",4280,,," 6820 ShellExperienceHost.exe",,,,,,,,,,,,,,,,,,,,,,,,,,,,,1762784309777805300,,,,,,,,,,,,,,,,8192,0,,,,,,,,,,,,,,,,,,,,,,,,,,,,,,,,,,,,,,,,,,,,,
"2025-11-10 14:18:29.7778186Z","2025-11-10 14:18:29.7778186Z","ETW","Microsoft-Windows-Kernel-Audit-API-Calls",5,"PsOpenProcess"," 6464 explorer.exe",4280,,," 1556 SearchApp.exe",,,,,,,,,,,,,,,,,,,,,,,,,,,,,1762784309777818600,,,,,,,,,,,,,,,,8192,0,,,,,,,,,,,,,,,,,,,,,,,,,,,,,,,,,,,,,,,,,,,,,
"2025-11-10 14:18:29.7778287Z","2025-11-10 14:18:29.7778287Z","ETW","Microsoft-Windows-Kernel-Audit-API-Calls",5,"PsOpenProcess"," 6464 explorer.exe",4280,,," 8112 SearchApp.exe",,,,,,,,,,,,,,,,,,,,,,,,,,,,,1762784309777828700,,,,,,,,,,,,,,,,8192,0,,,,,,,,,,,,,,,,,,,,,,,,,,,,,,,,,,,,,,,,,,,,,
"2025-11-10 14:18:29.7778408Z","2025-11-10 14:18:29.7778408Z","ETW","Microsoft-Windows-Kernel-Audit-API-Calls",5,"PsOpenProcess"," 6464 explorer.exe",4280,,," 5564 StartMenuExperienceHost.exe",,,,,,,,,,,,,,,,,,,,,,,,,,,,,1762784309777840800,,,,,,,,,,,,,,,,8192,0,,,,,,,,,,,,,,,,,,,,,,,,,,,,,,,,,,,,,,,,,,,,,
"2025-11-10 14:18:29.7778452Z","2025-11-10 14:18:29.7778452Z","ETW","Microsoft-Windows-Kernel-Audit-API-Calls",5,"PsOpenProcess"," 6464 explorer.exe",4280,,,"  472 dwm.exe",,,,,,,,,,,,,,,,,,,,,,,,,,,,,1762784309777845200,,,,,,,,,,,,,,,,8192,3221225506,,,,,,,,,,,,,,,,,,,,,,,,,,,,,,,,,,,,,,,,,,,,,
"2025-11-10 14:18:29.7778572Z","2025-11-10 14:18:29.7778572Z","ETW","Microsoft-Windows-Kernel-Audit-API-Calls",5,"PsOpenProcess"," 6464 explorer.exe",4280,,," 1764 cyrprtui.exe",,,,,,,,,,,,,,,,,,,,,,,,,,,,,1762784309777857200,,,,,,,,,,,,,,,,8192,0,,,,,,,,,,,,,,,,,,,,,,,,,,,,,,,,,,,,,,,,,,,,,
"2025-11-10 14:18:29.7778687Z","2025-11-10 14:18:29.7778687Z","ETW","Microsoft-Windows-Kernel-Audit-API-Calls",5,"PsOpenProcess"," 6464 explorer.exe",4280,,," 1396 cyrprtui.exe",,,,,,,,,,,,,,,,,,,,,,,,,,,,,1762784309777868700,,,,,,,,,,,,,,,,8192,0,,,,,,,,,,,,,,,,,,,,,,,,,,,,,,,,,,,,,,,,,,,,,
"2025-11-10 14:18:29.7778783Z","2025-11-10 14:18:29.7778783Z","ETW","Microsoft-Windows-Kernel-Audit-API-Calls",5,"PsOpenProcess"," 6464 explorer.exe",4280,,,"10364 mintty.exe",,,,,,,,,,,,,,,,,,,,,,,,,,,,,1762784309777878300,,,,,,,,,,,,,,,,8192,0,,,,,,,,,,,,,,,,,,,,,,,,,,,,,,,,,,,,,,,,,,,,,
"2025-11-10 14:18:29.7778829Z","2025-11-10 14:18:29.7778829Z","ETW","Microsoft-Windows-Kernel-Audit-API-Calls",5,"PsOpenProcess"," 6464 explorer.exe",4280,,," 5452 powershell.exe",,,,,,,,,,,,,,,,,,,,,,,,,,,,,1762784309777882900,,,,,,,,,,,,,,,,8192,3221225506,,,,,,,,,,,,,,,,,,,,,,,,,,,,,,,,,,,,,,,,,,,,,
"2025-11-10 14:18:29.7778954Z","2025-11-10 14:18:29.7778954Z","ETW","Microsoft-Windows-Kernel-Audit-API-Calls",5,"PsOpenProcess"," 6464 explorer.exe",4280,,,"  476 firefox.exe",,,,,,,,,,,,,,,,,,,,,,,,,,,,,1762784309777895400,,,,,,,,,,,,,,,,8192,0,,,,,,,,,,,,,,,,,,,,,,,,,,,,,,,,,,,,,,,,,,,,,
"2025-11-10 14:18:29.7779076Z","2025-11-10 14:18:29.7779076Z","ETW","Microsoft-Windows-Kernel-Audit-API-Calls",5,"PsOpenProcess"," 6464 explorer.exe",4280,,," 9872 SystemSettings.exe",,,,,,,,,,,,,,,,,,,,,,,,,,,,,1762784309777907600,,,,,,,,,,,,,,,,8192,0,,,,,,,,,,,,,,,,,,,,,,,,,,,,,,,,,,,,,,,,,,,,,
"2025-11-10 14:18:29.7779186Z","2025-11-10 14:18:29.7779186Z","ETW","Microsoft-Windows-Kernel-Audit-API-Calls",5,"PsOpenProcess"," 6464 explorer.exe",4280,,," 9632 ApplicationFrameHost.exe",,,,,,,,,,,,,,,,,,,,,,,,,,,,,1762784309777918600,,,,,,,,,,,,,,,,8192,0,,,,,,,,,,,,,,,,,,,,,,,,,,,,,,,,,,,,,,,,,,,,,
"2025-11-10 14:18:29.7782500Z","2025-11-10 14:18:29.7782500Z","ETW","Microsoft-Windows-Kernel-Audit-API-Calls",6,"PsOpenThread","10364 mintty.exe",5868,,,"10364 mintty.exe",5868,,,,,,,,,,,,,,,,,,,,,,,,,,,,1762784309778250100,,,,,,,,,,,,,,,,1024,0,,,,,,,,,,,,,,,,,,,,,,,,,,,,,,,,,,,,,,,,,,,,,
"2025-11-10 14:18:29.7784360Z","2025-11-10 14:18:29.7784360Z","ETW","Microsoft-Windows-Kernel-Audit-API-Calls",5,"PsOpenProcess","  828 svchost.exe",5984,,,"10364 mintty.exe",,,,,,,,,,,,,,,,,,,,,,,,,,,,,1762784309778436000,,,,,,,,,,,,,,,,8192,0,,,,,,,,,,,,,,,,,,,,,,,,,,,,,,,,,,,,,,,,,,,,,
"2025-11-10 14:18:29.7800248Z","2025-11-10 14:18:29.7800248Z","ETW","Microsoft-Windows-Kernel-Audit-API-Calls",6,"PsOpenThread"," 2420 svchost.exe",6120,,," 5948 svchost.exe",11992,,,,,,,,,,,,,,,,,,,,,,,,,,,,1762784309780024800,,,,,,,,,,,,,,,,2048,0,,,,,,,,,,,,,,,,,,,,,,,,,,,,,,,,,,,,,,,,,,,,,
"2025-11-10 14:18:29.7807486Z","2025-11-10 14:18:29.7807486Z","ETW","Microsoft-Windows-Kernel-Audit-API-Calls",6,"PsOpenThread","  940 svchost.exe",12140,,," 6464 explorer.exe",11052,,,,,,,,,,,,,,,,,,,,,,,,,,,,1762784309780748600,,,,,,,,,,,,,,,,2048,3221225506,,,,,,,,,,,,,,,,,,,,,,,,,,,,,,,,,,,,,,,,,,,,,
"2025-11-10 14:18:29.7807564Z","2025-11-10 14:18:29.7807564Z","ETW","Microsoft-Windows-Kernel-Audit-API-Calls",6,"PsOpenThread","  940 svchost.exe",12140,,," 6464 explorer.exe",11052,,,,,,,,,,,,,,,,,,,,,,,,,,,,1762784309780756400,,,,,,,,,,,,,,,,2048,0,,,,,,,,,,,,,,,,,,,,,,,,,,,,,,,,,,,,,,,,,,,,,
"2025-11-10 14:18:29.7809506Z","2025-11-10 14:18:29.7809506Z","ETW","Microsoft-Windows-Kernel-Audit-API-Calls",6,"PsOpenThread","  940 svchost.exe",12140,,," 6464 explorer.exe",11084,,,,,,,,,,,,,,,,,,,,,,,,,,,,1762784309780950600,,,,,,,,,,,,,,,,2048,3221225506,,,,,,,,,,,,,,,,,,,,,,,,,,,,,,,,,,,,,,,,,,,,,
"2025-11-10 14:18:29.7809563Z","2025-11-10 14:18:29.7809563Z","ETW","Microsoft-Windows-Kernel-Audit-API-Calls",6,"PsOpenThread","  940 svchost.exe",12140,,," 6464 explorer.exe",11084,,,,,,,,,,,,,,,,,,,,,,,,,,,,1762784309780956300,,,,,,,,,,,,,,,,2048,0,,,,,,,,,,,,,,,,,,,,,,,,,,,,,,,,,,,,,,,,,,,,,
"2025-11-10 14:18:29.7810948Z","2025-11-10 14:18:29.7810948Z","ETW","Microsoft-Windows-Kernel-Audit-API-Calls",5,"PsOpenProcess"," 6464 explorer.exe",11468,,,"10364 mintty.exe",,,,,,,,,,,,,,,,,,,,,,,,,,,,,1762784309781094800,,,,,,,,,,,,,,,,4096,0,,,,,,,,,,,,,,,,,,,,,,,,,,,,,,,,,,,,,,,,,,,,,
"2025-11-10 14:18:29.7812917Z","2025-11-10 14:18:29.7812917Z","ETW","Microsoft-Windows-Kernel-Audit-API-Calls",6,"PsOpenThread","  940 svchost.exe",12140,,," 6464 explorer.exe",11052,,,,,,,,,,,,,,,,,,,,,,,,,,,,1762784309781291700,,,,,,,,,,,,,,,,2048,3221225506,,,,,,,,,,,,,,,,,,,,,,,,,,,,,,,,,,,,,,,,,,,,,
"2025-11-10 14:18:29.7812971Z","2025-11-10 14:18:29.7812971Z","ETW","Microsoft-Windows-Kernel-Audit-API-Calls",6,"PsOpenThread","  940 svchost.exe",12140,,," 6464 explorer.exe",11052,,,,,,,,,,,,,,,,,,,,,,,,,,,,1762784309781297100,,,,,,,,,,,,,,,,2048,0,,,,,,,,,,,,,,,,,,,,,,,,,,,,,,,,,,,,,,,,,,,,,
"2025-11-10 14:18:29.7814139Z","2025-11-10 14:18:29.7814139Z","ETW","Microsoft-Windows-Kernel-Audit-API-Calls",6,"PsOpenThread","  940 svchost.exe",12140,,," 6464 explorer.exe",11084,,,,,,,,,,,,,,,,,,,,,,,,,,,,1762784309781413900,,,,,,,,,,,,,,,,2048,3221225506,,,,,,,,,,,,,,,,,,,,,,,,,,,,,,,,,,,,,,,,,,,,,
"2025-11-10 14:18:29.7814191Z","2025-11-10 14:18:29.7814191Z","ETW","Microsoft-Windows-Kernel-Audit-API-Calls",6,"PsOpenThread","  940 svchost.exe",12140,,," 6464 explorer.exe",11084,,,,,,,,,,,,,,,,,,,,,,,,,,,,1762784309781419100,,,,,,,,,,,,,,,,2048,0,,,,,,,,,,,,,,,,,,,,,,,,,,,,,,,,,,,,,,,,,,,,,
"2025-11-10 14:18:29.7814837Z","2025-11-10 14:18:29.7814837Z","ETW","Microsoft-Windows-Kernel-Audit-API-Calls",6,"PsOpenThread","  940 svchost.exe",12140,,," 6464 explorer.exe",11084,,,,,,,,,,,,,,,,,,,,,,,,,,,,1762784309781483700,,,,,,,,,,,,,,,,2048,3221225506,,,,,,,,,,,,,,,,,,,,,,,,,,,,,,,,,,,,,,,,,,,,,
"2025-11-10 14:18:29.7814889Z","2025-11-10 14:18:29.7814889Z","ETW","Microsoft-Windows-Kernel-Audit-API-Calls",6,"PsOpenThread","  940 svchost.exe",12140,,," 6464 explorer.exe",11084,,,,,,,,,,,,,,,,,,,,,,,,,,,,1762784309781488900,,,,,,,,,,,,,,,,2048,0,,,,,,,,,,,,,,,,,,,,,,,,,,,,,,,,,,,,,,,,,,,,,
"2025-11-10 14:18:29.7816173Z","2025-11-10 14:18:29.7816173Z","ETW","Microsoft-Windows-Kernel-Audit-API-Calls",6,"PsOpenThread","  940 svchost.exe",12140,,," 6464 explorer.exe",11084,,,,,,,,,,,,,,,,,,,,,,,,,,,,1762784309781617300,,,,,,,,,,,,,,,,2048,3221225506,,,,,,,,,,,,,,,,,,,,,,,,,,,,,,,,,,,,,,,,,,,,,
"2025-11-10 14:18:29.7816220Z","2025-11-10 14:18:29.7816220Z","ETW","Microsoft-Windows-Kernel-Audit-API-Calls",6,"PsOpenThread","  940 svchost.exe",12140,,," 6464 explorer.exe",11084,,,,,,,,,,,,,,,,,,,,,,,,,,,,1762784309781622000,,,,,,,,,,,,,,,,2048,0,,,,,,,,,,,,,,,,,,,,,,,,,,,,,,,,,,,,,,,,,,,,,
"2025-11-10 14:18:29.7821941Z","2025-11-10 14:18:29.7821941Z","ETW","Microsoft-Windows-Kernel-Audit-API-Calls",6,"PsOpenThread"," 2420 svchost.exe",6120,,," 5948 svchost.exe",11992,,,,,,,,,,,,,,,,,,,,,,,,,,,,1762784309782194100,,,,,,,,,,,,,,,,2048,0,,,,,,,,,,,,,,,,,,,,,,,,,,,,,,,,,,,,,,,,,,,,,
"2025-11-10 14:18:29.7823588Z","2025-11-10 14:18:29.7823588Z","ETW","Microsoft-Windows-Kernel-Audit-API-Calls",6,"PsOpenThread"," 2420 svchost.exe",6120,,," 5948 svchost.exe",11992,,,,,,,,,,,,,,,,,,,,,,,,,,,,1762784309782358800,,,,,,,,,,,,,,,,2048,0,,,,,,,,,,,,,,,,,,,,,,,,,,,,,,,,,,,,,,,,,,,,,
"2025-11-10 14:18:29.7837674Z","2025-11-10 14:18:29.7837674Z","ETW","Microsoft-Windows-Kernel-Audit-API-Calls",5,"PsOpenProcess"," 6464 explorer.exe",4488,,,"10364 mintty.exe",,,,,,,,,,,,,,,,,,,,,,,,,,,,,1762784309783767500,,,,,,,,,,,,,,,,4096,0,,,,,,,,,,,,,,,,,,,,,,,,,,,,,,,,,,,,,,,,,,,,,
"2025-11-10 14:18:29.7839810Z","2025-11-10 14:18:29.7839810Z","ETW","Microsoft-Windows-Kernel-Audit-API-Calls",6,"PsOpenThread","  940 svchost.exe",12140,,," 6464 explorer.exe",5132,,,,,,,,,,,,,,,,,,,,,,,,,,,,1762784309783981000,,,,,,,,,,,,,,,,2048,3221225506,,,,,,,,,,,,,,,,,,,,,,,,,,,,,,,,,,,,,,,,,,,,,
"2025-11-10 14:18:29.7839877Z","2025-11-10 14:18:29.7839877Z","ETW","Microsoft-Windows-Kernel-Audit-API-Calls",6,"PsOpenThread","  940 svchost.exe",12140,,," 6464 explorer.exe",5132,,,,,,,,,,,,,,,,,,,,,,,,,,,,1762784309783987700,,,,,,,,,,,,,,,,2048,0,,,,,,,,,,,,,,,,,,,,,,,,,,,,,,,,,,,,,,,,,,,,,
"2025-11-10 14:18:29.7842305Z","2025-11-10 14:18:29.7842305Z","ETW","Microsoft-Windows-Kernel-Audit-API-Calls",6,"PsOpenThread","  940 svchost.exe",12140,,," 6464 explorer.exe",4488,,,,,,,,,,,,,,,,,,,,,,,,,,,,1762784309784230500,,,,,,,,,,,,,,,,2048,3221225506,,,,,,,,,,,,,,,,,,,,,,,,,,,,,,,,,,,,,,,,,,,,,
"2025-11-10 14:18:29.7842365Z","2025-11-10 14:18:29.7842365Z","ETW","Microsoft-Windows-Kernel-Audit-API-Calls",6,"PsOpenThread","  940 svchost.exe",12140,,," 6464 explorer.exe",4488,,,,,,,,,,,,,,,,,,,,,,,,,,,,1762784309784236500,,,,,,,,,,,,,,,,2048,0,,,,,,,,,,,,,,,,,,,,,,,,,,,,,,,,,,,,,,,,,,,,,
"2025-11-10 14:18:29.7846940Z","2025-11-10 14:18:29.7846940Z","ETW","Microsoft-Windows-Kernel-Audit-API-Calls",6,"PsOpenThread","  940 svchost.exe",12140,,," 6464 explorer.exe",4488,,,,,,,,,,,,,,,,,,,,,,,,,,,,1762784309784694000,,,,,,,,,,,,,,,,2048,3221225506,,,,,,,,,,,,,,,,,,,,,,,,,,,,,,,,,,,,,,,,,,,,,
"2025-11-10 14:18:29.7847009Z","2025-11-10 14:18:29.7847009Z","ETW","Microsoft-Windows-Kernel-Audit-API-Calls",6,"PsOpenThread","  940 svchost.exe",12140,,," 6464 explorer.exe",4488,,,,,,,,,,,,,,,,,,,,,,,,,,,,1762784309784700900,,,,,,,,,,,,,,,,2048,0,,,,,,,,,,,,,,,,,,,,,,,,,,,,,,,,,,,,,,,,,,,,,
"2025-11-10 14:18:29.7848821Z","2025-11-10 14:18:29.7848821Z","ETW","Microsoft-Windows-Kernel-Audit-API-Calls",6,"PsOpenThread","  940 svchost.exe",12140,,," 6464 explorer.exe",4488,,,,,,,,,,,,,,,,,,,,,,,,,,,,1762784309784882100,,,,,,,,,,,,,,,,2048,3221225506,,,,,,,,,,,,,,,,,,,,,,,,,,,,,,,,,,,,,,,,,,,,,
"2025-11-10 14:18:29.7848877Z","2025-11-10 14:18:29.7848877Z","ETW","Microsoft-Windows-Kernel-Audit-API-Calls",6,"PsOpenThread","  940 svchost.exe",12140,,," 6464 explorer.exe",4488,,,,,,,,,,,,,,,,,,,,,,,,,,,,1762784309784887700,,,,,,,,,,,,,,,,2048,0,,,,,,,,,,,,,,,,,,,,,,,,,,,,,,,,,,,,,,,,,,,,,
"2025-11-10 14:18:29.7850104Z","2025-11-10 14:18:29.7850104Z","ETW","Microsoft-Windows-Kernel-Audit-API-Calls",6,"PsOpenThread","  940 svchost.exe",12140,,," 6464 explorer.exe",4488,,,,,,,,,,,,,,,,,,,,,,,,,,,,1762784309785010400,,,,,,,,,,,,,,,,2048,3221225506,,,,,,,,,,,,,,,,,,,,,,,,,,,,,,,,,,,,,,,,,,,,,
"2025-11-10 14:18:29.7850156Z","2025-11-10 14:18:29.7850156Z","ETW","Microsoft-Windows-Kernel-Audit-API-Calls",6,"PsOpenThread","  940 svchost.exe",12140,,," 6464 explorer.exe",4488,,,,,,,,,,,,,,,,,,,,,,,,,,,,1762784309785015600,,,,,,,,,,,,,,,,2048,0,,,,,,,,,,,,,,,,,,,,,,,,,,,,,,,,,,,,,,,,,,,,,
"2025-11-10 14:18:29.7856822Z","2025-11-10 14:18:29.7856822Z","ETW","Microsoft-Windows-Kernel-Audit-API-Calls",6,"PsOpenThread"," 2420 svchost.exe",6120,,," 5948 svchost.exe",11992,,,,,,,,,,,,,,,,,,,,,,,,,,,,1762784309785682200,,,,,,,,,,,,,,,,2048,0,,,,,,,,,,,,,,,,,,,,,,,,,,,,,,,,,,,,,,,,,,,,,
"2025-11-10 14:18:29.7862197Z","2025-11-10 14:18:29.7862197Z","ETW","Microsoft-Windows-Kernel-Audit-API-Calls",6,"PsOpenThread"," 2420 svchost.exe",6120,,," 6464 explorer.exe",11084,,,,,,,,,,,,,,,,,,,,,,,,,,,,1762784309786219700,,,,,,,,,,,,,,,,2048,0,,,,,,,,,,,,,,,,,,,,,,,,,,,,,,,,,,,,,,,,,,,,,
"2025-11-10 14:18:29.7864506Z","2025-11-10 14:18:29.7864506Z","ETW","Microsoft-Windows-Kernel-Audit-API-Calls",6,"PsOpenThread","  940 svchost.exe",12140,,," 6464 explorer.exe",11084,,,,,,,,,,,,,,,,,,,,,,,,,,,,1762784309786450700,,,,,,,,,,,,,,,,2048,3221225506,,,,,,,,,,,,,,,,,,,,,,,,,,,,,,,,,,,,,,,,,,,,,
"2025-11-10 14:18:29.7864567Z","2025-11-10 14:18:29.7864567Z","ETW","Microsoft-Windows-Kernel-Audit-API-Calls",6,"PsOpenThread","  940 svchost.exe",12140,,," 6464 explorer.exe",11084,,,,,,,,,,,,,,,,,,,,,,,,,,,,1762784309786456700,,,,,,,,,,,,,,,,2048,0,,,,,,,,,,,,,,,,,,,,,,,,,,,,,,,,,,,,,,,,,,,,,
"2025-11-10 14:18:29.7867440Z","2025-11-10 14:18:29.7867440Z","ETW","Microsoft-Windows-Kernel-Audit-API-Calls",6,"PsOpenThread","10364 mintty.exe",5868,,,"10364 mintty.exe",5868,,,,,,,,,,,,,,,,,,,,,,,,,,,,1762784309786744000,,,,,,,,,,,,,,,,1024,0,,,,,,,,,,,,,,,,,,,,,,,,,,,,,,,,,,,,,,,,,,,,,
"2025-11-10 14:18:29.7873038Z","2025-11-10 14:18:29.7873038Z","ETW","Microsoft-Windows-Kernel-Audit-API-Calls",6,"PsOpenThread"," 2420 svchost.exe",6120,,,"  940 svchost.exe",12140,,,,,,,,,,,,,,,,,,,,,,,,,,,,1762784309787303800,,,,,,,,,,,,,,,,2048,0,,,,,,,,,,,,,,,,,,,,,,,,,,,,,,,,,,,,,,,,,,,,,
"2025-11-10 14:18:29.7874523Z","2025-11-10 14:18:29.7874523Z","ETW","Microsoft-Windows-Kernel-Audit-API-Calls",6,"PsOpenThread"," 2420 svchost.exe",6120,,,"  940 svchost.exe",12140,,,,,,,,,,,,,,,,,,,,,,,,,,,,1762784309787452300,,,,,,,,,,,,,,,,2048,0,,,,,,,,,,,,,,,,,,,,,,,,,,,,,,,,,,,,,,,,,,,,,
"2025-11-10 14:18:29.7886301Z","2025-11-10 14:18:29.7886301Z","ETW","Microsoft-Windows-Kernel-Audit-API-Calls",6,"PsOpenThread"," 2420 svchost.exe",4980,,," 5948 svchost.exe",11992,,,,,,,,,,,,,,,,,,,,,,,,,,,,1762784309788630200,,,,,,,,,,,,,,,,2048,0,,,,,,,,,,,,,,,,,,,,,,,,,,,,,,,,,,,,,,,,,,,,,
"2025-11-10 14:18:29.7888031Z","2025-11-10 14:18:29.7888031Z","ETW","Microsoft-Windows-Kernel-Audit-API-Calls",6,"PsOpenThread"," 2420 svchost.exe",9712,,," 5948 svchost.exe",7068,,,,,,,,,,,,,,,,,,,,,,,,,,,,1762784309788803100,,,,,,,,,,,,,,,,2048,0,,,,,,,,,,,,,,,,,,,,,,,,,,,,,,,,,,,,,,,,,,,,,
"2025-11-10 14:18:29.7893280Z","2025-11-10 14:18:29.7893280Z","ETW","Microsoft-Windows-Kernel-Audit-API-Calls",6,"PsOpenThread"," 4656 SearchIndexer.exe",1612,,," 6464 explorer.exe",11084,,,,,,,,,,,,,,,,,,,,,,,,,,,,1762784309789328000,,,,,,,,,,,,,,,,2048,0,,,,,,,,,,,,,,,,,,,,,,,,,,,,,,,,,,,,,,,,,,,,,
"2025-11-10 14:18:29.7896869Z","2025-11-10 14:18:29.7896869Z","ETW","Microsoft-Windows-Kernel-Audit-API-Calls",6,"PsOpenThread"," 2420 svchost.exe",9712,,," 6464 explorer.exe",11084,,,,,,,,,,,,,,,,,,,,,,,,,,,,1762784309789686900,,,,,,,,,,,,,,,,2048,0,,,,,,,,,,,,,,,,,,,,,,,,,,,,,,,,,,,,,,,,,,,,,
"2025-11-10 14:18:29.7898874Z","2025-11-10 14:18:29.7898874Z","ETW","Microsoft-Windows-Kernel-Audit-API-Calls",6,"PsOpenThread","  940 svchost.exe",12140,,," 6464 explorer.exe",11084,,,,,,,,,,,,,,,,,,,,,,,,,,,,1762784309789887400,,,,,,,,,,,,,,,,2048,3221225506,,,,,,,,,,,,,,,,,,,,,,,,,,,,,,,,,,,,,,,,,,,,,
"2025-11-10 14:18:29.7898931Z","2025-11-10 14:18:29.7898931Z","ETW","Microsoft-Windows-Kernel-Audit-API-Calls",6,"PsOpenThread","  940 svchost.exe",12140,,," 6464 explorer.exe",11084,,,,,,,,,,,,,,,,,,,,,,,,,,,,1762784309789893100,,,,,,,,,,,,,,,,2048,0,,,,,,,,,,,,,,,,,,,,,,,,,,,,,,,,,,,,,,,,,,,,,
"2025-11-10 14:18:29.7900072Z","2025-11-10 14:18:29.7900072Z","ETW","Microsoft-Windows-Kernel-Audit-API-Calls",6,"PsOpenThread"," 2420 svchost.exe",9712,,,"  940 svchost.exe",12140,,,,,,,,,,,,,,,,,,,,,,,,,,,,1762784309790007200,,,,,,,,,,,,,,,,2048,0,,,,,,,,,,,,,,,,,,,,,,,,,,,,,,,,,,,,,,,,,,,,,
"2025-11-10 14:18:29.7901281Z","2025-11-10 14:18:29.7901281Z","ETW","Microsoft-Windows-Kernel-Audit-API-Calls",6,"PsOpenThread"," 2420 svchost.exe",9712,,,"  940 svchost.exe",12140,,,,,,,,,,,,,,,,,,,,,,,,,,,,1762784309790128100,,,,,,,,,,,,,,,,2048,0,,,,,,,,,,,,,,,,,,,,,,,,,,,,,,,,,,,,,,,,,,,,,
"2025-11-10 14:18:29.7908268Z","2025-11-10 14:18:29.7908268Z","ETW","Microsoft-Windows-Kernel-Audit-API-Calls",6,"PsOpenThread"," 2420 svchost.exe",4980,,," 5948 svchost.exe",11992,,,,,,,,,,,,,,,,,,,,,,,,,,,,1762784309790826800,,,,,,,,,,,,,,,,2048,0,,,,,,,,,,,,,,,,,,,,,,,,,,,,,,,,,,,,,,,,,,,,,
"2025-11-10 14:18:29.7914921Z","2025-11-10 14:18:29.7914921Z","ETW","Microsoft-Windows-Kernel-Audit-API-Calls",6,"PsOpenThread","10364 mintty.exe",5868,,,"10364 mintty.exe",5868,,,,,,,,,,,,,,,,,,,,,,,,,,,,1762784309791492100,,,,,,,,,,,,,,,,1024,0,,,,,,,,,,,,,,,,,,,,,,,,,,,,,,,,,,,,,,,,,,,,,
"2025-11-10 14:18:29.7919212Z","2025-11-10 14:18:29.7919212Z","ETW","Microsoft-Windows-Kernel-Audit-API-Calls",6,"PsOpenThread"," 4656 SearchIndexer.exe",1612,,," 6464 explorer.exe",11084,,,,,,,,,,,,,,,,,,,,,,,,,,,,1762784309791921200,,,,,,,,,,,,,,,,2048,0,,,,,,,,,,,,,,,,,,,,,,,,,,,,,,,,,,,,,,,,,,,,,
"2025-11-10 14:18:29.7923344Z","2025-11-10 14:18:29.7923344Z","ETW","Microsoft-Windows-Kernel-Audit-API-Calls",6,"PsOpenThread"," 2420 svchost.exe",4980,,," 6464 explorer.exe",11084,,,,,,,,,,,,,,,,,,,,,,,,,,,,1762784309792334400,,,,,,,,,,,,,,,,2048,0,,,,,,,,,,,,,,,,,,,,,,,,,,,,,,,,,,,,,,,,,,,,,
"2025-11-10 14:18:29.7925656Z","2025-11-10 14:18:29.7925656Z","ETW","Microsoft-Windows-Kernel-Audit-API-Calls",6,"PsOpenThread","  940 svchost.exe",12140,,," 6464 explorer.exe",11084,,,,,,,,,,,,,,,,,,,,,,,,,,,,1762784309792565600,,,,,,,,,,,,,,,,2048,3221225506,,,,,,,,,,,,,,,,,,,,,,,,,,,,,,,,,,,,,,,,,,,,,
"2025-11-10 14:18:29.7925726Z","2025-11-10 14:18:29.7925726Z","ETW","Microsoft-Windows-Kernel-Audit-API-Calls",6,"PsOpenThread","  940 svchost.exe",12140,,," 6464 explorer.exe",11084,,,,,,,,,,,,,,,,,,,,,,,,,,,,1762784309792572600,,,,,,,,,,,,,,,,2048,0,,,,,,,,,,,,,,,,,,,,,,,,,,,,,,,,,,,,,,,,,,,,,
"2025-11-10 14:18:29.7927014Z","2025-11-10 14:18:29.7927014Z","ETW","Microsoft-Windows-Kernel-Audit-API-Calls",6,"PsOpenThread"," 2420 svchost.exe",4980,,,"  940 svchost.exe",12140,,,,,,,,,,,,,,,,,,,,,,,,,,,,1762784309792701500,,,,,,,,,,,,,,,,2048,0,,,,,,,,,,,,,,,,,,,,,,,,,,,,,,,,,,,,,,,,,,,,,
"2025-11-10 14:18:29.7927889Z","2025-11-10 14:18:29.7927889Z","ETW","Microsoft-Windows-Kernel-Audit-API-Calls",6,"PsOpenThread"," 2420 svchost.exe",4980,,,"  940 svchost.exe",12140,,,,,,,,,,,,,,,,,,,,,,,,,,,,1762784309792788900,,,,,,,,,,,,,,,,2048,0,,,,,,,,,,,,,,,,,,,,,,,,,,,,,,,,,,,,,,,,,,,,,
"2025-11-10 14:18:29.7935774Z","2025-11-10 14:18:29.7935774Z","ETW","Microsoft-Windows-Kernel-Audit-API-Calls",6,"PsOpenThread"," 2420 svchost.exe",4980,,," 5948 svchost.exe",11992,,,,,,,,,,,,,,,,,,,,,,,,,,,,1762784309793577400,,,,,,,,,,,,,,,,2048,0,,,,,,,,,,,,,,,,,,,,,,,,,,,,,,,,,,,,,,,,,,,,,
"2025-11-10 14:18:29.8804995Z","2025-11-10 14:18:29.8804995Z","ETW","Microsoft-Windows-Kernel-Audit-API-Calls",6,"PsOpenThread","10364 mintty.exe",5868,,,"10364 mintty.exe",5868,,,,,,,,,,,,,,,,,,,,,,,,,,,,1762784309880499500,,,,,,,,,,,,,,,,1024,0,,,,,,,,,,,,,,,,,,,,,,,,,,,,,,,,,,,,,,,,,,,,,
"2025-11-10 14:18:30.0837358Z","2025-11-10 14:18:30.0837358Z","ETW","Microsoft-Windows-Kernel-Audit-API-Calls",6,"PsOpenThread","10364 mintty.exe",5868,,,"10364 mintty.exe",5868,,,,,,,,,,,,,,,,,,,,,,,,,,,,1762784310083735800,,,,,,,,,,,,,,,,1024,0,,,,,,,,,,,,,,,,,,,,,,,,,,,,,,,,,,,,,,,,,,,,,
"2025-11-10 14:18:30.2049398Z","2025-11-10 14:18:30.2049398Z","ETW","Microsoft-Windows-Kernel-Audit-API-Calls",5,"PsOpenProcess","11216 cortex-xdr-payload.exe",3984,,," 2972 cyserver.exe",,,,,,,,,,,,,,,,,,,,,,,,,,,,,1762784310204939800,,,,,,,,,,,,,,,,4096,0,,,,,,,,,,,,,,,,,,,,,,,,,,,,,,,,,,,,,,,,,,,,,
"2025-11-10 14:18:30.2049979Z","2025-11-10 14:18:30.2049979Z","ETW","Microsoft-Windows-Kernel-Audit-API-Calls",5,"PsOpenProcess","11216 cortex-xdr-payload.exe",3984,,," 2972 cyserver.exe",,,,,,,,,,,,,,,,,,,,,,,,,,,,,1762784310204997900,,,,,,,,,,,,,,,,4096,0,,,,,,,,,,,,,,,,,,,,,,,,,,,,,,,,,,,,,,,,,,,,,
"2025-11-10 14:18:30.2052219Z","2025-11-10 14:18:30.2052219Z","ETW","Microsoft-Windows-Kernel-Process",3,"ThreadStart Start ","11216 cortex-xdr-payload.exe",3984,,,"11216 cortex-xdr-payload.exe",,,,,,,,,,,,,,,,,,,,,,,,,,,,,1762784310205221900,,18446606103140237312,18446606103140208640,140736168151468,0,381918294016,9156,381930831872,381930766336,140736168151468,,,,,,,,,,,,,,,,,,,,,,,,,,,,,,,,,,,,,,,,,,,,,,,,,,,,
"2025-11-10 14:18:30.2052510Z","2025-11-10 14:18:30.2052510Z","ETW","Microsoft-Windows-Kernel-Audit-API-Calls",6,"PsOpenThread","11216 cortex-xdr-payload.exe",3984,,,"11216 cortex-xdr-payload.exe",9156,,,,,,,,,,,,,,,,,,,,,,,,,,,,1762784310205251000,,,,,,,,,,,,,,,,64,0,,,,,,,,,,,,,,,,,,,,,,,,,,,,,,,,,,,,,,,,,,,,,
"2025-11-10 14:18:30.2067516Z","2025-11-10 14:18:30.2067516Z","ETW","Microsoft-Windows-Kernel-Audit-API-Calls",6,"PsOpenThread","  712 services.exe",9316,,,"11216 cortex-xdr-payload.exe",3984,,,,,,,,,,,,,,,,,,,,,,,,,,,,1762784310206751600,,,,,,,,,,,,,,,,2048,0,,,,,,,,,,,,,,,,,,,,,,,,,,,,,,,,,,,,,,,,,,,,,
"2025-11-10 14:18:30.2068943Z","2025-11-10 14:18:30.2068943Z","ETW","Microsoft-Windows-Kernel-Audit-API-Calls",6,"PsOpenThread","  712 services.exe",9316,,,"11216 cortex-xdr-payload.exe",3984,,,,,,,,,,,,,,,,,,,,,,,,,,,,1762784310206894300,,,,,,,,,,,,,,,,2048,0,,,,,,,,,,,,,,,,,,,,,,,,,,,,,,,,,,,,,,,,,,,,,
"2025-11-10 14:18:30.2070018Z","2025-11-10 14:18:30.2070018Z","ETW","Microsoft-Windows-Kernel-Audit-API-Calls",6,"PsOpenThread","  712 services.exe",9316,,,"11216 cortex-xdr-payload.exe",3984,,,,,,,,,,,,,,,,,,,,,,,,,,,,1762784310207001800,,,,,,,,,,,,,,,,2048,0,,,,,,,,,,,,,,,,,,,,,,,,,,,,,,,,,,,,,,,,,,,,,
"2025-11-10 14:18:30.2070495Z","2025-11-10 14:18:30.2070495Z","ETW","Microsoft-Windows-Kernel-Audit-API-Calls",6,"PsOpenThread","  712 services.exe",9316,,,"11216 cortex-xdr-payload.exe",3984,,,,,,,,,,,,,,,,,,,,,,,,,,,,1762784310207049500,,,,,,,,,,,,,,,,2048,0,,,,,,,,,,,,,,,,,,,,,,,,,,,,,,,,,,,,,,,,,,,,,
"2025-11-10 14:18:30.2071008Z","2025-11-10 14:18:30.2071008Z","ETW","Microsoft-Windows-Kernel-Audit-API-Calls",6,"PsOpenThread","  712 services.exe",9316,,,"11216 cortex-xdr-payload.exe",3984,,,,,,,,,,,,,,,,,,,,,,,,,,,,1762784310207100800,,,,,,,,,,,,,,,,2048,0,,,,,,,,,,,,,,,,,,,,,,,,,,,,,,,,,,,,,,,,,,,,,
"2025-11-10 14:18:30.2079873Z","2025-11-10 14:18:30.2079873Z","ETW","Microsoft-Windows-Kernel-Process",4,"ThreadStop Stop ","11216 cortex-xdr-payload.exe",9156,,,"11216 cortex-xdr-payload.exe",,,,,,,,,,,,,,,,,,,,,,,,,,,,,1762784310207987300,,18446606103140237312,18446606103140208640,140736168151468,0,381918294016,9156,381930831872,381930766336,140736168151468,,,,,,,,,,,566942,,,,,,,,,,,,,,,,,,,,,,,,,,,,,,,,,,,,,,,,,
"2025-11-10 14:18:30.3047348Z","2025-11-10 14:18:30.3047348Z","ETW","Microsoft-Windows-Kernel-Audit-API-Calls",6,"PsOpenThread","10364 mintty.exe",5868,,,"10364 mintty.exe",5868,,,,,,,,,,,,,,,,,,,,,,,,,,,,1762784310304734900,,,,,,,,,,,,,,,,1024,0,,,,,,,,,,,,,,,,,,,,,,,,,,,,,,,,,,,,,,,,,,,,,
"2025-11-10 14:18:30.3337255Z","2025-11-10 14:18:30.3337255Z","ETW","Microsoft-Windows-Kernel-Audit-API-Calls",6,"PsOpenThread","10364 mintty.exe",5868,,,"10364 mintty.exe",5868,,,,,,,,,,,,,,,,,,,,,,,,,,,,1762784310333725500,,,,,,,,,,,,,,,,1024,0,,,,,,,,,,,,,,,,,,,,,,,,,,,,,,,,,,,,,,,,,,,,,
"2025-11-10 14:18:30.4617596Z","2025-11-10 14:18:30.4617596Z","ETW","Microsoft-Windows-Kernel-Audit-API-Calls",6,"PsOpenThread","10364 mintty.exe",5868,,,"10364 mintty.exe",5868,,,,,,,,,,,,,,,,,,,,,,,,,,,,1762784310461759600,,,,,,,,,,,,,,,,1024,0,,,,,,,,,,,,,,,,,,,,,,,,,,,,,,,,,,,,,,,,,,,,,
"2025-11-10 14:18:30.4689606Z","2025-11-10 14:18:30.4689606Z","ETW","Microsoft-Windows-Kernel-Audit-API-Calls",6,"PsOpenThread","10364 mintty.exe",5868,,,"10364 mintty.exe",5868,,,,,,,,,,,,,,,,,,,,,,,,,,,,1762784310468960600,,,,,,,,,,,,,,,,1024,0,,,,,,,,,,,,,,,,,,,,,,,,,,,,,,,,,,,,,,,,,,,,,
"2025-11-10 14:18:30.4761626Z","2025-11-10 14:18:30.4761626Z","ETW","Microsoft-Windows-Kernel-Audit-API-Calls",6,"PsOpenThread","10364 mintty.exe",5868,,,"10364 mintty.exe",5868,,,,,,,,,,,,,,,,,,,,,,,,,,,,1762784310476162600,,,,,,,,,,,,,,,,1024,0,,,,,,,,,,,,,,,,,,,,,,,,,,,,,,,,,,,,,,,,,,,,,
"2025-11-10 14:18:30.4841069Z","2025-11-10 14:18:30.4841069Z","ETW","Microsoft-Windows-Kernel-Audit-API-Calls",6,"PsOpenThread","10364 mintty.exe",5868,,,"10364 mintty.exe",5868,,,,,,,,,,,,,,,,,,,,,,,,,,,,1762784310484106900,,,,,,,,,,,,,,,,1024,0,,,,,,,,,,,,,,,,,,,,,,,,,,,,,,,,,,,,,,,,,,,,,
"2025-11-10 14:18:30.4901445Z","2025-11-10 14:18:30.4901445Z","ETW","Microsoft-Windows-Kernel-Process",4,"ThreadStop Stop "," 5036 sihost.exe",5820,,," 5036 sihost.exe",,,,,,,,,,,,,,,,,,,,,,,,,,,,,1762784310490144500,,18446606103131537408,18446606103131508736,140737324634384,0,615932837888,5820,615936688128,615936667648,140737324634384,,,,,,,,,,,2730814,,,,,,,,,,,,,,,,,,,,,,,,,,,,,,,,,,,,,,,,,
"2025-11-10 14:18:30.4908363Z","2025-11-10 14:18:30.4908363Z","ETW","Microsoft-Windows-Kernel-Audit-API-Calls",6,"PsOpenThread","10364 mintty.exe",5868,,,"10364 mintty.exe",5868,,,,,,,,,,,,,,,,,,,,,,,,,,,,1762784310490836300,,,,,,,,,,,,,,,,1024,0,,,,,,,,,,,,,,,,,,,,,,,,,,,,,,,,,,,,,,,,,,,,,
"2025-11-10 14:18:30.4988899Z","2025-11-10 14:18:30.4988899Z","ETW","Microsoft-Windows-Kernel-Audit-API-Calls",6,"PsOpenThread","10364 mintty.exe",5868,,,"10364 mintty.exe",5868,,,,,,,,,,,,,,,,,,,,,,,,,,,,1762784310498889900,,,,,,,,,,,,,,,,1024,0,,,,,,,,,,,,,,,,,,,,,,,,,,,,,,,,,,,,,,,,,,,,,
"2025-11-10 14:18:30.5059972Z","2025-11-10 14:18:30.5059972Z","ETW","Microsoft-Windows-Kernel-Audit-API-Calls",6,"PsOpenThread","10364 mintty.exe",5868,,,"10364 mintty.exe",5868,,,,,,,,,,,,,,,,,,,,,,,,,,,,1762784310505997200,,,,,,,,,,,,,,,,1024,0,,,,,,,,,,,,,,,,,,,,,,,,,,,,,,,,,,,,,,,,,,,,,
"2025-11-10 14:18:30.5139471Z","2025-11-10 14:18:30.5139471Z","ETW","Microsoft-Windows-Kernel-Audit-API-Calls",6,"PsOpenThread","10364 mintty.exe",5868,,,"10364 mintty.exe",5868,,,,,,,,,,,,,,,,,,,,,,,,,,,,1762784310513947100,,,,,,,,,,,,,,,,1024,0,,,,,,,,,,,,,,,,,,,,,,,,,,,,,,,,,,,,,,,,,,,,,
"2025-11-10 14:18:30.5220000Z","2025-11-10 14:18:30.5220000Z","ETW","Microsoft-Windows-Kernel-Audit-API-Calls",6,"PsOpenThread","10364 mintty.exe",5868,,,"10364 mintty.exe",5868,,,,,,,,,,,,,,,,,,,,,,,,,,,,1762784310522000000,,,,,,,,,,,,,,,,1024,0,,,,,,,,,,,,,,,,,,,,,,,,,,,,,,,,,,,,,,,,,,,,,
"2025-11-10 14:18:30.5291624Z","2025-11-10 14:18:30.5291624Z","ETW","Microsoft-Windows-Kernel-Audit-API-Calls",6,"PsOpenThread","10364 mintty.exe",5868,,,"10364 mintty.exe",5868,,,,,,,,,,,,,,,,,,,,,,,,,,,,1762784310529162400,,,,,,,,,,,,,,,,1024,0,,,,,,,,,,,,,,,,,,,,,,,,,,,,,,,,,,,,,,,,,,,,,
"2025-11-10 14:18:30.5361728Z","2025-11-10 14:18:30.5361728Z","ETW","Microsoft-Windows-Kernel-Audit-API-Calls",6,"PsOpenThread","10364 mintty.exe",5868,,,"10364 mintty.exe",5868,,,,,,,,,,,,,,,,,,,,,,,,,,,,1762784310536172800,,,,,,,,,,,,,,,,1024,0,,,,,,,,,,,,,,,,,,,,,,,,,,,,,,,,,,,,,,,,,,,,,
"2025-11-10 14:18:30.5445626Z","2025-11-10 14:18:30.5445626Z","ETW","Microsoft-Windows-Kernel-Audit-API-Calls",6,"PsOpenThread","10364 mintty.exe",5868,,,"10364 mintty.exe",5868,,,,,,,,,,,,,,,,,,,,,,,,,,,,1762784310544562600,,,,,,,,,,,,,,,,1024,0,,,,,,,,,,,,,,,,,,,,,,,,,,,,,,,,,,,,,,,,,,,,,
"2025-11-10 14:18:30.5510095Z","2025-11-10 14:18:30.5510095Z","ETW","Microsoft-Windows-Kernel-Audit-API-Calls",6,"PsOpenThread","10364 mintty.exe",5868,,,"10364 mintty.exe",5868,,,,,,,,,,,,,,,,,,,,,,,,,,,,1762784310551009500,,,,,,,,,,,,,,,,1024,0,,,,,,,,,,,,,,,,,,,,,,,,,,,,,,,,,,,,,,,,,,,,,
"2025-11-10 14:18:30.5589544Z","2025-11-10 14:18:30.5589544Z","ETW","Microsoft-Windows-Kernel-Audit-API-Calls",6,"PsOpenThread","10364 mintty.exe",5868,,,"10364 mintty.exe",5868,,,,,,,,,,,,,,,,,,,,,,,,,,,,1762784310558954400,,,,,,,,,,,,,,,,1024,0,,,,,,,,,,,,,,,,,,,,,,,,,,,,,,,,,,,,,,,,,,,,,
"2025-11-10 14:18:30.5658428Z","2025-11-10 14:18:30.5658428Z","ETW","Microsoft-Windows-Kernel-Audit-API-Calls",6,"PsOpenThread","10364 mintty.exe",5868,,,"10364 mintty.exe",5868,,,,,,,,,,,,,,,,,,,,,,,,,,,,1762784310565842800,,,,,,,,,,,,,,,,1024,0,,,,,,,,,,,,,,,,,,,,,,,,,,,,,,,,,,,,,,,,,,,,,
"2025-11-10 14:18:30.5738690Z","2025-11-10 14:18:30.5738690Z","ETW","Microsoft-Windows-Kernel-Audit-API-Calls",6,"PsOpenThread","10364 mintty.exe",5868,,,"10364 mintty.exe",5868,,,,,,,,,,,,,,,,,,,,,,,,,,,,1762784310573869000,,,,,,,,,,,,,,,,1024,0,,,,,,,,,,,,,,,,,,,,,,,,,,,,,,,,,,,,,,,,,,,,,
"2025-11-10 14:18:30.5812098Z","2025-11-10 14:18:30.5812098Z","ETW","Microsoft-Windows-Kernel-Audit-API-Calls",6,"PsOpenThread","10364 mintty.exe",5868,,,"10364 mintty.exe",5868,,,,,,,,,,,,,,,,,,,,,,,,,,,,1762784310581209800,,,,,,,,,,,,,,,,1024,0,,,,,,,,,,,,,,,,,,,,,,,,,,,,,,,,,,,,,,,,,,,,,
"2025-11-10 14:18:30.5889238Z","2025-11-10 14:18:30.5889238Z","ETW","Microsoft-Windows-Kernel-Audit-API-Calls",6,"PsOpenThread","10364 mintty.exe",5868,,,"10364 mintty.exe",5868,,,,,,,,,,,,,,,,,,,,,,,,,,,,1762784310588923800,,,,,,,,,,,,,,,,1024,0,,,,,,,,,,,,,,,,,,,,,,,,,,,,,,,,,,,,,,,,,,,,,
"2025-11-10 14:18:30.5958667Z","2025-11-10 14:18:30.5958667Z","ETW","Microsoft-Windows-Kernel-Audit-API-Calls",6,"PsOpenThread","10364 mintty.exe",5868,,,"10364 mintty.exe",5868,,,,,,,,,,,,,,,,,,,,,,,,,,,,1762784310595866700,,,,,,,,,,,,,,,,1024,0,,,,,,,,,,,,,,,,,,,,,,,,,,,,,,,,,,,,,,,,,,,,,
"2025-11-10 14:18:30.6042208Z","2025-11-10 14:18:30.6042208Z","ETW","Microsoft-Windows-Kernel-Audit-API-Calls",6,"PsOpenThread","10364 mintty.exe",5868,,,"10364 mintty.exe",5868,,,,,,,,,,,,,,,,,,,,,,,,,,,,1762784310604220900,,,,,,,,,,,,,,,,1024,0,,,,,,,,,,,,,,,,,,,,,,,,,,,,,,,,,,,,,,,,,,,,,
"2025-11-10 14:18:30.6108673Z","2025-11-10 14:18:30.6108673Z","ETW","Microsoft-Windows-Kernel-Audit-API-Calls",6,"PsOpenThread","10364 mintty.exe",5868,,,"10364 mintty.exe",5868,,,,,,,,,,,,,,,,,,,,,,,,,,,,1762784310610867300,,,,,,,,,,,,,,,,1024,0,,,,,,,,,,,,,,,,,,,,,,,,,,,,,,,,,,,,,,,,,,,,,
"2025-11-10 14:18:30.6188655Z","2025-11-10 14:18:30.6188655Z","ETW","Microsoft-Windows-Kernel-Audit-API-Calls",6,"PsOpenThread","10364 mintty.exe",5868,,,"10364 mintty.exe",5868,,,,,,,,,,,,,,,,,,,,,,,,,,,,1762784310618865500,,,,,,,,,,,,,,,,1024,0,,,,,,,,,,,,,,,,,,,,,,,,,,,,,,,,,,,,,,,,,,,,,
"2025-11-10 14:18:30.6263063Z","2025-11-10 14:18:30.6263063Z","ETW","Microsoft-Windows-Kernel-Audit-API-Calls",6,"PsOpenThread","10364 mintty.exe",5868,,,"10364 mintty.exe",5868,,,,,,,,,,,,,,,,,,,,,,,,,,,,1762784310626306300,,,,,,,,,,,,,,,,1024,0,,,,,,,,,,,,,,,,,,,,,,,,,,,,,,,,,,,,,,,,,,,,,
"2025-11-10 14:18:30.8363009Z","2025-11-10 14:18:30.8363009Z","ETW","Microsoft-Windows-Kernel-Audit-API-Calls",6,"PsOpenThread","10364 mintty.exe",5868,,,"10364 mintty.exe",5868,,,,,,,,,,,,,,,,,,,,,,,,,,,,1762784310836300900,,,,,,,,,,,,,,,,1024,0,,,,,,,,,,,,,,,,,,,,,,,,,,,,,,,,,,,,,,,,,,,,,
"2025-11-10 14:18:30.8651058Z","2025-11-10 14:18:30.8651058Z","ETW","Microsoft-Windows-Kernel-Audit-API-Calls",6,"PsOpenThread","10364 mintty.exe",5868,,,"10364 mintty.exe",5868,,,,,,,,,,,,,,,,,,,,,,,,,,,,1762784310865105800,,,,,,,,,,,,,,,,1024,0,,,,,,,,,,,,,,,,,,,,,,,,,,,,,,,,,,,,,,,,,,,,,
"2025-11-10 14:18:31.0687387Z","2025-11-10 14:18:31.0687387Z","ETW","Microsoft-Windows-Kernel-Audit-API-Calls",6,"PsOpenThread"," 4936 AggregatorHost.exe",7940,,," 2956 svchost.exe",10880,,,,,,,,,,,,,,,,,,,,,,,,,,,,1762784311068738700,,,,,,,,,,,,,,,,2048,0,,,,,,,,,,,,,,,,,,,,,,,,,,,,,,,,,,,,,,,,,,,,,
"2025-11-10 14:18:31.1053340Z","2025-11-10 14:18:31.1053340Z","ETW","Microsoft-Windows-Kernel-Audit-API-Calls",5,"PsOpenProcess","10364 mintty.exe",3580,,," 2392 bash.exe",,,,,,,,,,,,,,,,,,,,,,,,,,,,,1762784311105334000,,,,,,,,,,,,,,,,4096,0,,,,,,,,,,,,,,,,,,,,,,,,,,,,,,,,,,,,,,,,,,,,,
"2025-11-10 14:18:31.1055900Z","2025-11-10 14:18:31.1055900Z","ETW","Microsoft-Windows-Kernel-Audit-API-Calls",6,"PsOpenThread","10364 mintty.exe",5868,,,"10364 mintty.exe",5868,,,,,,,,,,,,,,,,,,,,,,,,,,,,1762784311105590000,,,,,,,,,,,,,,,,1024,0,,,,,,,,,,,,,,,,,,,,,,,,,,,,,,,,,,,,,,,,,,,,,
"2025-11-10 14:18:31.1153439Z","2025-11-10 14:18:31.1153439Z","ETW","Microsoft-Windows-Kernel-Audit-API-Calls",6,"PsOpenThread"," 2392 bash.exe",5764,,," 2392 bash.exe",5764,,,,,,,,,,,,,,,,,,,,,,,,,,,,1762784311115343900,,,,,,,,,,,,,,,,1024,0,,,,,,,,,,,,,,,,,,,,,,,,,,,,,,,,,,,,,,,,,,,,,
"2025-11-10 14:18:31.1333740Z","2025-11-10 14:18:31.1333740Z","ETW","Microsoft-Windows-Kernel-Audit-API-Calls",6,"PsOpenThread","10364 mintty.exe",5868,,,"10364 mintty.exe",5868,,,,,,,,,,,,,,,,,,,,,,,,,,,,1762784311133374000,,,,,,,,,,,,,,,,1024,0,,,,,,,,,,,,,,,,,,,,,,,,,,,,,,,,,,,,,,,,,,,,,
"2025-11-10 14:18:31.1799414Z","2025-11-10 14:18:31.1799414Z","ETW","Microsoft-Windows-Kernel-Audit-API-Calls",6,"PsOpenThread","10364 mintty.exe",5868,,,"10364 mintty.exe",5868,,,,,,,,,,,,,,,,,,,,,,,,,,,,1762784311179941400,,,,,,,,,,,,,,,,1024,0,,,,,,,,,,,,,,,,,,,,,,,,,,,,,,,,,,,,,,,,,,,,,
"2025-11-10 14:18:31.2029864Z","2025-11-10 14:18:31.2029864Z","ETW","Microsoft-Windows-Kernel-Audit-API-Calls",5,"PsOpenProcess","10364 mintty.exe",3580,,," 2392 bash.exe",,,,,,,,,,,,,,,,,,,,,,,,,,,,,1762784311202986400,,,,,,,,,,,,,,,,4096,0,,,,,,,,,,,,,,,,,,,,,,,,,,,,,,,,,,,,,,,,,,,,,
"2025-11-10 14:18:31.2032122Z","2025-11-10 14:18:31.2032122Z","ETW","Microsoft-Windows-Kernel-Audit-API-Calls",6,"PsOpenThread","10364 mintty.exe",5868,,,"10364 mintty.exe",5868,,,,,,,,,,,,,,,,,,,,,,,,,,,,1762784311203212200,,,,,,,,,,,,,,,,1024,0,,,,,,,,,,,,,,,,,,,,,,,,,,,,,,,,,,,,,,,,,,,,,
"2025-11-10 14:18:31.2086886Z","2025-11-10 14:18:31.2086886Z","ETW","Microsoft-Windows-Kernel-Audit-API-Calls",6,"PsOpenThread"," 2392 bash.exe",5764,,," 2392 bash.exe",5764,,,,,,,,,,,,,,,,,,,,,,,,,,,,1762784311208688600,,,,,,,,,,,,,,,,1024,0,,,,,,,,,,,,,,,,,,,,,,,,,,,,,,,,,,,,,,,,,,,,,
"2025-11-10 14:18:31.2267693Z","2025-11-10 14:18:31.2267693Z","ETW","Microsoft-Windows-Kernel-Audit-API-Calls",6,"PsOpenThread","10364 mintty.exe",5868,,,"10364 mintty.exe",5868,,,,,,,,,,,,,,,,,,,,,,,,,,,,1762784311226769300,,,,,,,,,,,,,,,,1024,0,,,,,,,,,,,,,,,,,,,,,,,,,,,,,,,,,,,,,,,,,,,,,
"2025-11-10 14:18:31.2401267Z","2025-11-10 14:18:31.2401267Z","ETW","Microsoft-Windows-Kernel-Audit-API-Calls",6,"PsOpenThread","10364 mintty.exe",5868,,,"10364 mintty.exe",5868,,,,,,,,,,,,,,,,,,,,,,,,,,,,1762784311240126700,,,,,,,,,,,,,,,,1024,0,,,,,,,,,,,,,,,,,,,,,,,,,,,,,,,,,,,,,,,,,,,,,
"2025-11-10 14:18:31.2600682Z","2025-11-10 14:18:31.2600682Z","ETW","Microsoft-Windows-Kernel-Audit-API-Calls",6,"PsOpenThread","10364 mintty.exe",5868,,,"10364 mintty.exe",5868,,,,,,,,,,,,,,,,,,,,,,,,,,,,1762784311260068200,,,,,,,,,,,,,,,,1024,0,,,,,,,,,,,,,,,,,,,,,,,,,,,,,,,,,,,,,,,,,,,,,
"2025-11-10 14:18:31.2822878Z","2025-11-10 14:18:31.2822878Z","ETW","Microsoft-Windows-Kernel-Audit-API-Calls",5,"PsOpenProcess","10364 mintty.exe",3580,,," 2392 bash.exe",,,,,,,,,,,,,,,,,,,,,,,,,,,,,1762784311282287800,,,,,,,,,,,,,,,,4096,0,,,,,,,,,,,,,,,,,,,,,,,,,,,,,,,,,,,,,,,,,,,,,
"2025-11-10 14:18:31.2825134Z","2025-11-10 14:18:31.2825134Z","ETW","Microsoft-Windows-Kernel-Audit-API-Calls",6,"PsOpenThread","10364 mintty.exe",5868,,,"10364 mintty.exe",5868,,,,,,,,,,,,,,,,,,,,,,,,,,,,1762784311282513500,,,,,,,,,,,,,,,,1024,0,,,,,,,,,,,,,,,,,,,,,,,,,,,,,,,,,,,,,,,,,,,,,
"2025-11-10 14:18:31.2868946Z","2025-11-10 14:18:31.2868946Z","ETW","Microsoft-Windows-Kernel-Audit-API-Calls",6,"PsOpenThread"," 2392 bash.exe",5764,,," 2392 bash.exe",5764,,,,,,,,,,,,,,,,,,,,,,,,,,,,1762784311286894600,,,,,,,,,,,,,,,,1024,0,,,,,,,,,,,,,,,,,,,,,,,,,,,,,,,,,,,,,,,,,,,,,
"2025-11-10 14:18:31.3052496Z","2025-11-10 14:18:31.3052496Z","ETW","Microsoft-Windows-Kernel-Audit-API-Calls",6,"PsOpenThread","10364 mintty.exe",5868,,,"10364 mintty.exe",5868,,,,,,,,,,,,,,,,,,,,,,,,,,,,1762784311305249600,,,,,,,,,,,,,,,,1024,0,,,,,,,,,,,,,,,,,,,,,,,,,,,,,,,,,,,,,,,,,,,,,
"2025-11-10 14:18:31.3619100Z","2025-11-10 14:18:31.3619100Z","ETW","Microsoft-Windows-Kernel-Audit-API-Calls",6,"PsOpenThread","10364 mintty.exe",5868,,,"10364 mintty.exe",5868,,,,,,,,,,,,,,,,,,,,,,,,,,,,1762784311361910000,,,,,,,,,,,,,,,,1024,0,,,,,,,,,,,,,,,,,,,,,,,,,,,,,,,,,,,,,,,,,,,,,
"2025-11-10 14:18:31.3841052Z","2025-11-10 14:18:31.3841052Z","ETW","Microsoft-Windows-Kernel-Audit-API-Calls",5,"PsOpenProcess","10364 mintty.exe",3580,,," 2392 bash.exe",,,,,,,,,,,,,,,,,,,,,,,,,,,,,1762784311384105200,,,,,,,,,,,,,,,,4096,0,,,,,,,,,,,,,,,,,,,,,,,,,,,,,,,,,,,,,,,,,,,,,
"2025-11-10 14:18:31.3843132Z","2025-11-10 14:18:31.3843132Z","ETW","Microsoft-Windows-Kernel-Audit-API-Calls",6,"PsOpenThread","10364 mintty.exe",5868,,,"10364 mintty.exe",5868,,,,,,,,,,,,,,,,,,,,,,,,,,,,1762784311384313200,,,,,,,,,,,,,,,,1024,0,,,,,,,,,,,,,,,,,,,,,,,,,,,,,,,,,,,,,,,,,,,,,
"2025-11-10 14:18:31.3962284Z","2025-11-10 14:18:31.3962284Z","ETW","Microsoft-Windows-Kernel-Audit-API-Calls",6,"PsOpenThread"," 2392 bash.exe",5764,,," 2392 bash.exe",5764,,,,,,,,,,,,,,,,,,,,,,,,,,,,1762784311396228400,,,,,,,,,,,,,,,,1024,0,,,,,,,,,,,,,,,,,,,,,,,,,,,,,,,,,,,,,,,,,,,,,
"2025-11-10 14:18:31.4204099Z","2025-11-10 14:18:31.4204099Z","ETW","Microsoft-Windows-Kernel-Audit-API-Calls",6,"PsOpenThread","10364 mintty.exe",5868,,,"10364 mintty.exe",5868,,,,,,,,,,,,,,,,,,,,,,,,,,,,1762784311420409900,,,,,,,,,,,,,,,,1024,0,,,,,,,,,,,,,,,,,,,,,,,,,,,,,,,,,,,,,,,,,,,,,
"2025-11-10 14:18:31.4418138Z","2025-11-10 14:18:31.4418138Z","ETW","Microsoft-Windows-Kernel-Audit-API-Calls",6,"PsOpenThread","10364 mintty.exe",5868,,,"10364 mintty.exe",5868,,,,,,,,,,,,,,,,,,,,,,,,,,,,1762784311441813800,,,,,,,,,,,,,,,,1024,0,,,,,,,,,,,,,,,,,,,,,,,,,,,,,,,,,,,,,,,,,,,,,
"2025-11-10 14:18:31.5661675Z","2025-11-10 14:18:31.5661675Z","ETW","Microsoft-Windows-Kernel-Audit-API-Calls",5,"PsOpenProcess","10364 mintty.exe",3580,,," 2392 bash.exe",,,,,,,,,,,,,,,,,,,,,,,,,,,,,1762784311566167500,,,,,,,,,,,,,,,,4096,0,,,,,,,,,,,,,,,,,,,,,,,,,,,,,,,,,,,,,,,,,,,,,
"2025-11-10 14:18:31.5663835Z","2025-11-10 14:18:31.5663835Z","ETW","Microsoft-Windows-Kernel-Audit-API-Calls",6,"PsOpenThread","10364 mintty.exe",5868,,,"10364 mintty.exe",5868,,,,,,,,,,,,,,,,,,,,,,,,,,,,1762784311566383500,,,,,,,,,,,,,,,,1024,0,,,,,,,,,,,,,,,,,,,,,,,,,,,,,,,,,,,,,,,,,,,,,
"2025-11-10 14:18:31.5681685Z","2025-11-10 14:18:31.5681685Z","ETW","Microsoft-Windows-Kernel-Audit-API-Calls",6,"PsOpenThread"," 2392 bash.exe",5764,,," 2392 bash.exe",5764,,,,,,,,,,,,,,,,,,,,,,,,,,,,1762784311568168500,,,,,,,,,,,,,,,,1024,0,,,,,,,,,,,,,,,,,,,,,,,,,,,,,,,,,,,,,,,,,,,,,
"2025-11-10 14:18:31.5862892Z","2025-11-10 14:18:31.5862892Z","ETW","Microsoft-Windows-Kernel-Audit-API-Calls",6,"PsOpenThread","10364 mintty.exe",5868,,,"10364 mintty.exe",5868,,,,,,,,,,,,,,,,,,,,,,,,,,,,1762784311586289200,,,,,,,,,,,,,,,,1024,0,,,,,,,,,,,,,,,,,,,,,,,,,,,,,,,,,,,,,,,,,,,,,
"2025-11-10 14:18:31.6466200Z","2025-11-10 14:18:31.6466200Z","ETW","Microsoft-Windows-Kernel-Audit-API-Calls",5,"PsOpenProcess","10364 mintty.exe",3580,,," 2392 bash.exe",,,,,,,,,,,,,,,,,,,,,,,,,,,,,1762784311646620000,,,,,,,,,,,,,,,,4096,0,,,,,,,,,,,,,,,,,,,,,,,,,,,,,,,,,,,,,,,,,,,,,
"2025-11-10 14:18:31.6469709Z","2025-11-10 14:18:31.6469709Z","ETW","Microsoft-Windows-Kernel-Audit-API-Calls",6,"PsOpenThread","10364 mintty.exe",5868,,,"10364 mintty.exe",5868,,,,,,,,,,,,,,,,,,,,,,,,,,,,1762784311646970900,,,,,,,,,,,,,,,,1024,0,,,,,,,,,,,,,,,,,,,,,,,,,,,,,,,,,,,,,,,,,,,,,
"2025-11-10 14:18:31.6620235Z","2025-11-10 14:18:31.6620235Z","ETW","Microsoft-Windows-Kernel-Audit-API-Calls",6,"PsOpenThread"," 2392 bash.exe",5764,,," 2392 bash.exe",5764,,,,,,,,,,,,,,,,,,,,,,,,,,,,1762784311662023500,,,,,,,,,,,,,,,,1024,0,,,,,,,,,,,,,,,,,,,,,,,,,,,,,,,,,,,,,,,,,,,,,
"2025-11-10 14:18:31.6802909Z","2025-11-10 14:18:31.6802909Z","ETW","Microsoft-Windows-Kernel-Audit-API-Calls",6,"PsOpenThread","10364 mintty.exe",5868,,,"10364 mintty.exe",5868,,,,,,,,,,,,,,,,,,,,,,,,,,,,1762784311680290900,,,,,,,,,,,,,,,,1024,0,,,,,,,,,,,,,,,,,,,,,,,,,,,,,,,,,,,,,,,,,,,,,
"2025-11-10 14:18:31.7039530Z","2025-11-10 14:18:31.7039530Z","ETW","Microsoft-Windows-Kernel-Audit-API-Calls",6,"PsOpenThread","10364 mintty.exe",5868,,,"10364 mintty.exe",5868,,,,,,,,,,,,,,,,,,,,,,,,,,,,1762784311703953000,,,,,,,,,,,,,,,,1024,0,,,,,,,,,,,,,,,,,,,,,,,,,,,,,,,,,,,,,,,,,,,,,
"2025-11-10 14:18:31.7089440Z","2025-11-10 14:18:31.7089440Z","ETW","Microsoft-Windows-Kernel-Audit-API-Calls",6,"PsOpenThread"," 1580 svchost.exe",8600,,," 3156 vmtoolsd.exe",3508,,,,,,,,,,,,,,,,,,,,,,,,,,,,1762784311708944000,,,,,,,,,,,,,,,,2048,3221225506,,,,,,,,,,,,,,,,,,,,,,,,,,,,,,,,,,,,,,,,,,,,,
"2025-11-10 14:18:31.7089536Z","2025-11-10 14:18:31.7089536Z","ETW","Microsoft-Windows-Kernel-Audit-API-Calls",6,"PsOpenThread"," 1580 svchost.exe",8600,,," 3156 vmtoolsd.exe",3508,,,,,,,,,,,,,,,,,,,,,,,,,,,,1762784311708953600,,,,,,,,,,,,,,,,2048,0,,,,,,,,,,,,,,,,,,,,,,,,,,,,,,,,,,,,,,,,,,,,,
"2025-11-10 14:18:31.7093075Z","2025-11-10 14:18:31.7093075Z","ETW","Microsoft-Windows-Kernel-Audit-API-Calls",6,"PsOpenThread"," 1580 svchost.exe",8600,,," 3156 vmtoolsd.exe",3508,,,,,,,,,,,,,,,,,,,,,,,,,,,,1762784311709307500,,,,,,,,,,,,,,,,2048,3221225506,,,,,,,,,,,,,,,,,,,,,,,,,,,,,,,,,,,,,,,,,,,,,
"2025-11-10 14:18:31.7093170Z","2025-11-10 14:18:31.7093170Z","ETW","Microsoft-Windows-Kernel-Audit-API-Calls",6,"PsOpenThread"," 1580 svchost.exe",8600,,," 3156 vmtoolsd.exe",3508,,,,,,,,,,,,,,,,,,,,,,,,,,,,1762784311709317000,,,,,,,,,,,,,,,,2048,0,,,,,,,,,,,,,,,,,,,,,,,,,,,,,,,,,,,,,,,,,,,,,
"2025-11-10 14:18:31.7094694Z","2025-11-10 14:18:31.7094694Z","ETW","Microsoft-Windows-Kernel-Audit-API-Calls",6,"PsOpenThread"," 1580 svchost.exe",8600,,," 3156 vmtoolsd.exe",3508,,,,,,,,,,,,,,,,,,,,,,,,,,,,1762784311709469400,,,,,,,,,,,,,,,,2048,3221225506,,,,,,,,,,,,,,,,,,,,,,,,,,,,,,,,,,,,,,,,,,,,,
"2025-11-10 14:18:31.7094768Z","2025-11-10 14:18:31.7094768Z","ETW","Microsoft-Windows-Kernel-Audit-API-Calls",6,"PsOpenThread"," 1580 svchost.exe",8600,,," 3156 vmtoolsd.exe",3508,,,,,,,,,,,,,,,,,,,,,,,,,,,,1762784311709476800,,,,,,,,,,,,,,,,2048,0,,,,,,,,,,,,,,,,,,,,,,,,,,,,,,,,,,,,,,,,,,,,,
"2025-11-10 14:18:31.7099153Z","2025-11-10 14:18:31.7099153Z","ETW","Microsoft-Windows-Kernel-Audit-API-Calls",6,"PsOpenThread"," 2016 svchost.exe",8296,,," 3156 vmtoolsd.exe",3508,,,,,,,,,,,,,,,,,,,,,,,,,,,,1762784311709915300,,,,,,,,,,,,,,,,2048,3221225506,,,,,,,,,,,,,,,,,,,,,,,,,,,,,,,,,,,,,,,,,,,,,
"2025-11-10 14:18:31.7099343Z","2025-11-10 14:18:31.7099343Z","ETW","Microsoft-Windows-Kernel-Audit-API-Calls",6,"PsOpenThread"," 2016 svchost.exe",8296,,," 3156 vmtoolsd.exe",3508,,,,,,,,,,,,,,,,,,,,,,,,,,,,1762784311709934300,,,,,,,,,,,,,,,,2048,3221225637,,,,,,,,,,,,,,,,,,,,,,,,,,,,,,,,,,,,,,,,,,,,,
"2025-11-10 14:18:31.7862142Z","2025-11-10 14:18:31.7862142Z","ETW","Microsoft-Windows-Kernel-Audit-API-Calls",5,"PsOpenProcess","10364 mintty.exe",3580,,," 2392 bash.exe",,,,,,,,,,,,,,,,,,,,,,,,,,,,,1762784311786214200,,,,,,,,,,,,,,,,4096,0,,,,,,,,,,,,,,,,,,,,,,,,,,,,,,,,,,,,,,,,,,,,,
"2025-11-10 14:18:31.7865122Z","2025-11-10 14:18:31.7865122Z","ETW","Microsoft-Windows-Kernel-Audit-API-Calls",6,"PsOpenThread","10364 mintty.exe",5868,,,"10364 mintty.exe",5868,,,,,,,,,,,,,,,,,,,,,,,,,,,,1762784311786512200,,,,,,,,,,,,,,,,1024,0,,,,,,,,,,,,,,,,,,,,,,,,,,,,,,,,,,,,,,,,,,,,,
"2025-11-10 14:18:31.7867778Z","2025-11-10 14:18:31.7867778Z","ETW","Microsoft-Windows-Kernel-Audit-API-Calls",6,"PsOpenThread"," 2392 bash.exe",5764,,," 2392 bash.exe",5764,,,,,,,,,,,,,,,,,,,,,,,,,,,,1762784311786777800,,,,,,,,,,,,,,,,1024,0,,,,,,,,,,,,,,,,,,,,,,,,,,,,,,,,,,,,,,,,,,,,,
"2025-11-10 14:18:31.7868345Z","2025-11-10 14:18:31.7868345Z","ETW","Microsoft-Windows-Kernel-Audit-API-Calls",6,"PsOpenThread","  712 services.exe",9316,,," 9812 vmtoolsd.exe",9816,,,,,,,,,,,,,,,,,,,,,,,,,,,,1762784311786834500,,,,,,,,,,,,,,,,2048,0,,,,,,,,,,,,,,,,,,,,,,,,,,,,,,,,,,,,,,,,,,,,,
"2025-11-10 14:18:31.7869426Z","2025-11-10 14:18:31.7869426Z","ETW","Microsoft-Windows-Kernel-Audit-API-Calls",6,"PsOpenThread","  712 services.exe",9316,,," 9812 vmtoolsd.exe",9816,,,,,,,,,,,,,,,,,,,,,,,,,,,,1762784311786942600,,,,,,,,,,,,,,,,2048,0,,,,,,,,,,,,,,,,,,,,,,,,,,,,,,,,,,,,,,,,,,,,,
"2025-11-10 14:18:31.7870853Z","2025-11-10 14:18:31.7870853Z","ETW","Microsoft-Windows-Kernel-Audit-API-Calls",6,"PsOpenThread","  712 services.exe",9316,,," 9812 vmtoolsd.exe",9816,,,,,,,,,,,,,,,,,,,,,,,,,,,,1762784311787085300,,,,,,,,,,,,,,,,2048,0,,,,,,,,,,,,,,,,,,,,,,,,,,,,,,,,,,,,,,,,,,,,,
"2025-11-10 14:18:31.7871314Z","2025-11-10 14:18:31.7871314Z","ETW","Microsoft-Windows-Kernel-Audit-API-Calls",6,"PsOpenThread","  712 services.exe",9316,,," 9812 vmtoolsd.exe",9816,,,,,,,,,,,,,,,,,,,,,,,,,,,,1762784311787131400,,,,,,,,,,,,,,,,2048,0,,,,,,,,,,,,,,,,,,,,,,,,,,,,,,,,,,,,,,,,,,,,,
"2025-11-10 14:18:31.7871896Z","2025-11-10 14:18:31.7871896Z","ETW","Microsoft-Windows-Kernel-Audit-API-Calls",6,"PsOpenThread","  712 services.exe",9316,,," 9812 vmtoolsd.exe",9816,,,,,,,,,,,,,,,,,,,,,,,,,,,,1762784311787189600,,,,,,,,,,,,,,,,2048,0,,,,,,,,,,,,,,,,,,,,,,,,,,,,,,,,,,,,,,,,,,,,,
"2025-11-10 14:18:31.8048402Z","2025-11-10 14:18:31.8048402Z","ETW","Microsoft-Windows-Kernel-Audit-API-Calls",6,"PsOpenThread","10364 mintty.exe",5868,,,"10364 mintty.exe",5868,,,,,,,,,,,,,,,,,,,,,,,,,,,,1762784311804840200,,,,,,,,,,,,,,,,1024,0,,,,,,,,,,,,,,,,,,,,,,,,,,,,,,,,,,,,,,,,,,,,,
"2025-11-10 14:18:31.8053992Z","2025-11-10 14:18:31.8053992Z","ETW","Microsoft-Windows-Kernel-Audit-API-Calls",6,"PsOpenThread","10364 mintty.exe",5868,,,"10364 mintty.exe",5868,,,,,,,,,,,,,,,,,,,,,,,,,,,,1762784311805399200,,,,,,,,,,,,,,,,1024,0,,,,,,,,,,,,,,,,,,,,,,,,,,,,,,,,,,,,,,,,,,,,,
"2025-11-10 14:18:31.8680326Z","2025-11-10 14:18:31.8680326Z","ETW","Microsoft-Windows-Kernel-Audit-API-Calls",5,"PsOpenProcess","10364 mintty.exe",3580,,," 2392 bash.exe",,,,,,,,,,,,,,,,,,,,,,,,,,,,,1762784311868032600,,,,,,,,,,,,,,,,4096,0,,,,,,,,,,,,,,,,,,,,,,,,,,,,,,,,,,,,,,,,,,,,,
"2025-11-10 14:18:31.8682535Z","2025-11-10 14:18:31.8682535Z","ETW","Microsoft-Windows-Kernel-Audit-API-Calls",6,"PsOpenThread","10364 mintty.exe",5868,,,"10364 mintty.exe",5868,,,,,,,,,,,,,,,,,,,,,,,,,,,,1762784311868253500,,,,,,,,,,,,,,,,1024,0,,,,,,,,,,,,,,,,,,,,,,,,,,,,,,,,,,,,,,,,,,,,,
"2025-11-10 14:18:31.8810928Z","2025-11-10 14:18:31.8810928Z","ETW","Microsoft-Windows-Kernel-Audit-API-Calls",6,"PsOpenThread"," 2392 bash.exe",5764,,," 2392 bash.exe",5764,,,,,,,,,,,,,,,,,,,,,,,,,,,,1762784311881092800,,,,,,,,,,,,,,,,1024,0,,,,,,,,,,,,,,,,,,,,,,,,,,,,,,,,,,,,,,,,,,,,,
"2025-11-10 14:18:31.8988762Z","2025-11-10 14:18:31.8988762Z","ETW","Microsoft-Windows-Kernel-Audit-API-Calls",6,"PsOpenThread","10364 mintty.exe",5868,,,"10364 mintty.exe",5868,,,,,,,,,,,,,,,,,,,,,,,,,,,,1762784311898876200,,,,,,,,,,,,,,,,1024,0,,,,,,,,,,,,,,,,,,,,,,,,,,,,,,,,,,,,,,,,,,,,,
"2025-11-10 14:18:31.9460129Z","2025-11-10 14:18:31.9460129Z","ETW","Microsoft-Windows-Kernel-Audit-API-Calls",6,"PsOpenThread","10364 mintty.exe",5868,,,"10364 mintty.exe",5868,,,,,,,,,,,,,,,,,,,,,,,,,,,,1762784311946012900,,,,,,,,,,,,,,,,1024,0,,,,,,,,,,,,,,,,,,,,,,,,,,,,,,,,,,,,,,,,,,,,,
"2025-11-10 14:18:32.0459986Z","2025-11-10 14:18:32.0459986Z","ETW","Microsoft-Windows-Kernel-Audit-API-Calls",6,"PsOpenThread","10364 mintty.exe",5868,,,"10364 mintty.exe",5868,,,,,,,,,,,,,,,,,,,,,,,,,,,,1762784312045998600,,,,,,,,,,,,,,,,1024,0,,,,,,,,,,,,,,,,,,,,,,,,,,,,,,,,,,,,,,,,,,,,,
"2025-11-10 14:18:32.0685537Z","2025-11-10 14:18:32.0685537Z","ETW","Microsoft-Windows-Kernel-Audit-API-Calls",5,"PsOpenProcess","10364 mintty.exe",3580,,," 2392 bash.exe",,,,,,,,,,,,,,,,,,,,,,,,,,,,,1762784312068553700,,,,,,,,,,,,,,,,4096,0,,,,,,,,,,,,,,,,,,,,,,,,,,,,,,,,,,,,,,,,,,,,,
"2025-11-10 14:18:32.0690476Z","2025-11-10 14:18:32.0690476Z","ETW","Microsoft-Windows-Kernel-Audit-API-Calls",6,"PsOpenThread","10364 mintty.exe",5868,,,"10364 mintty.exe",5868,,,,,,,,,,,,,,,,,,,,,,,,,,,,1762784312069047600,,,,,,,,,,,,,,,,1024,0,,,,,,,,,,,,,,,,,,,,,,,,,,,,,,,,,,,,,,,,,,,,,
"2025-11-10 14:18:32.0838159Z","2025-11-10 14:18:32.0838159Z","ETW","Microsoft-Windows-Kernel-Audit-API-Calls",6,"PsOpenThread"," 2392 bash.exe",5764,,," 2392 bash.exe",5764,,,,,,,,,,,,,,,,,,,,,,,,,,,,1762784312083815900,,,,,,,,,,,,,,,,1024,0,,,,,,,,,,,,,,,,,,,,,,,,,,,,,,,,,,,,,,,,,,,,,
"2025-11-10 14:18:32.1019134Z","2025-11-10 14:18:32.1019134Z","ETW","Microsoft-Windows-Kernel-Audit-API-Calls",6,"PsOpenThread","10364 mintty.exe",5868,,,"10364 mintty.exe",5868,,,,,,,,,,,,,,,,,,,,,,,,,,,,1762784312101913400,,,,,,,,,,,,,,,,1024,0,,,,,,,,,,,,,,,,,,,,,,,,,,,,,,,,,,,,,,,,,,,,,
"2025-11-10 14:18:32.1660857Z","2025-11-10 14:18:32.1660857Z","ETW","Microsoft-Windows-Kernel-Audit-API-Calls",6,"PsOpenThread","10364 mintty.exe",5868,,,"10364 mintty.exe",5868,,,,,,,,,,,,,,,,,,,,,,,,,,,,1762784312166085700,,,,,,,,,,,,,,,,1024,0,,,,,,,,,,,,,,,,,,,,,,,,,,,,,,,,,,,,,,,,,,,,,
"2025-11-10 14:18:32.2313669Z","2025-11-10 14:18:32.2313669Z","ETW","Microsoft-Windows-Kernel-Audit-API-Calls",5,"PsOpenProcess","10364 mintty.exe",3580,,," 2392 bash.exe",,,,,,,,,,,,,,,,,,,,,,,,,,,,,1762784312231366900,,,,,,,,,,,,,,,,4096,0,,,,,,,,,,,,,,,,,,,,,,,,,,,,,,,,,,,,,,,,,,,,,
"2025-11-10 14:18:32.2315881Z","2025-11-10 14:18:32.2315881Z","ETW","Microsoft-Windows-Kernel-Audit-API-Calls",6,"PsOpenThread","10364 mintty.exe",5868,,,"10364 mintty.exe",5868,,,,,,,,,,,,,,,,,,,,,,,,,,,,1762784312231588100,,,,,,,,,,,,,,,,1024,0,,,,,,,,,,,,,,,,,,,,,,,,,,,,,,,,,,,,,,,,,,,,,
"2025-11-10 14:18:32.2401496Z","2025-11-10 14:18:32.2401496Z","ETW","Microsoft-Windows-Kernel-Audit-API-Calls",6,"PsOpenThread"," 2392 bash.exe",5764,,," 2392 bash.exe",5764,,,,,,,,,,,,,,,,,,,,,,,,,,,,1762784312240149600,,,,,,,,,,,,,,,,1024,0,,,,,,,,,,,,,,,,,,,,,,,,,,,,,,,,,,,,,,,,,,,,,
"2025-11-10 14:18:32.2580567Z","2025-11-10 14:18:32.2580567Z","ETW","Microsoft-Windows-Kernel-Audit-API-Calls",6,"PsOpenThread","10364 mintty.exe",5868,,,"10364 mintty.exe",5868,,,,,,,,,,,,,,,,,,,,,,,,,,,,1762784312258056800,,,,,,,,,,,,,,,,1024,0,,,,,,,,,,,,,,,,,,,,,,,,,,,,,,,,,,,,,,,,,,,,,
"2025-11-10 14:18:32.3119025Z","2025-11-10 14:18:32.3119025Z","ETW","Microsoft-Windows-Kernel-Audit-API-Calls",6,"PsOpenThread","10364 mintty.exe",5868,,,"10364 mintty.exe",5868,,,,,,,,,,,,,,,,,,,,,,,,,,,,1762784312311902600,,,,,,,,,,,,,,,,1024,0,,,,,,,,,,,,,,,,,,,,,,,,,,,,,,,,,,,,,,,,,,,,,
"2025-11-10 14:18:32.6268587Z","2025-11-10 14:18:32.6268587Z","ETW","Microsoft-Windows-Kernel-Audit-API-Calls",5,"PsOpenProcess","10364 mintty.exe",3580,,," 2392 bash.exe",,,,,,,,,,,,,,,,,,,,,,,,,,,,,1762784312626858700,,,,,,,,,,,,,,,,4096,0,,,,,,,,,,,,,,,,,,,,,,,,,,,,,,,,,,,,,,,,,,,,,
"2025-11-10 14:18:32.6271409Z","2025-11-10 14:18:32.6271409Z","ETW","Microsoft-Windows-Kernel-Audit-API-Calls",6,"PsOpenThread","10364 mintty.exe",5868,,,"10364 mintty.exe",5868,,,,,,,,,,,,,,,,,,,,,,,,,,,,1762784312627141000,,,,,,,,,,,,,,,,1024,0,,,,,,,,,,,,,,,,,,,,,,,,,,,,,,,,,,,,,,,,,,,,,
"2025-11-10 14:18:32.6323590Z","2025-11-10 14:18:32.6323590Z","ETW","Microsoft-Windows-Kernel-Process",1,"ProcessStart Start "," 2392 bash.exe",4224,,,"11580 bash.exe",,,"C:\Program Files\Git\usr\bin\bash.exe",,,,,,,,,,,,,,,,,,,,,,,,,,1762784312632359100,,,,,,,,,,,,,2616686,,1727168884,,,,,,,,,134072579126323012,0,"0x","","",2392,24871,25920,3,0,1,,,,,,,,,,,,,,,,,,,,,,,,,,,,
"2025-11-10 14:18:32.6325843Z","2025-11-10 14:18:32.6325843Z","ETW","Microsoft-Windows-Kernel-Audit-API-Calls",6,"PsOpenThread"," 2972 cyserver.exe",7160,,," 2392 bash.exe",4224,,,,,,,,,,,,,,,,,,,,,,,,,,,,1762784312632584300,,,,,,,,,,,,,,,,64,0,,,,,,,,,,,,,,,,,,,,,,,,,,,,,,,,,,,,,,,,,,,,,
"2025-11-10 14:18:32.6325961Z","2025-11-10 14:18:32.6325961Z","ETW","Microsoft-Windows-Kernel-Audit-API-Calls",5,"PsOpenProcess"," 2972 cyserver.exe",7160,,," 2392 bash.exe",,,,,,,,,,,,,,,,,,,,,,,,,,,,,1762784312632596100,,,,,,,,,,,,,,,,1024,0,,,,,,,,,,,,,,,,,,,,,,,,,,,,,,,,,,,,,,,,,,,,,
"2025-11-10 14:18:32.6339517Z","2025-11-10 14:18:32.6339517Z","ETW","Microsoft-Windows-Kernel-Audit-API-Calls",6,"PsOpenThread"," 2972 cyserver.exe",7532,,," 2392 bash.exe",4224,,,,,,,,,,,,,,,,,,,,,,,,,,,,1762784312633951700,,,,,,,,,,,,,,,,64,0,,,,,,,,,,,,,,,,,,,,,,,,,,,,,,,,,,,,,,,,,,,,,
"2025-11-10 14:18:32.6339617Z","2025-11-10 14:18:32.6339617Z","ETW","Microsoft-Windows-Kernel-Audit-API-Calls",5,"PsOpenProcess"," 2972 cyserver.exe",7532,,," 2392 bash.exe",,,,,,,,,,,,,,,,,,,,,,,,,,,,,1762784312633961700,,,,,,,,,,,,,,,,1024,0,,,,,,,,,,,,,,,,,,,,,,,,,,,,,,,,,,,,,,,,,,,,,
"2025-11-10 14:18:32.6371737Z","2025-11-10 14:18:32.6371737Z","ETW","Microsoft-Windows-Kernel-Audit-API-Calls",5,"PsOpenProcess"," 2972 cyserver.exe",7532,,,"11580 bash.exe",,,,,,,,,,,,,,,,,,,,,,,,,,,,,1762784312637173700,,,,,,,,,,,,,,,,2147483648,0,,,,,,,,,,,,,,,,,,,,,,,,,,,,,,,,,,,,,,,,,,,,,
"2025-11-10 14:18:32.6445219Z","2025-11-10 14:18:32.6445219Z","ETW","Microsoft-Windows-Kernel-Process",3,"ThreadStart Start "," 2392 bash.exe",4224,,,"11580 bash.exe",,,,,,,,,,,,,,,,,,,,,,,,,,,,,1762784312644521900,,18446606103133913088,18446606103133884416,4299165696,0,2269184,12016,6291456,6287360,4299165696,,,,,,,,,,,,,,,,,,,,,,,,,,,,,,,,,,,,,,,,,,,,,,,,,,,,
"2025-11-10 14:18:32.6445402Z","2025-11-10 14:18:32.6445402Z","ETW","Microsoft-Windows-Kernel-Audit-API-Calls",6,"PsOpenThread"," 2392 bash.exe",4224,,,"11580 bash.exe",12016,,,,,,,,,,,,,,,,,,,,,,,,,,,,1762784312644540200,,,,,,,,,,,,,,,,64,0,,,,,,,,,,,,,,,,,,,,,,,,,,,,,,,,,,,,,,,,,,,,,
"2025-11-10 14:18:32.6450550Z","2025-11-10 14:18:32.6450550Z","ETW","Microsoft-Windows-Kernel-Audit-API-Calls",5,"PsOpenProcess","  576 csrss.exe",688,,,"11580 bash.exe",,,,,,,,,,,,,,,,,,,,,,,,,,,,,1762784312645055000,,,,,,,,,,,,,,,,2097151,0,,,,,,,,,,,,,,,,,,,,,,,,,,,,,,,,,,,,,,,,,,,,,
"2025-11-10 14:18:32.6450671Z","2025-11-10 14:18:32.6450671Z","ETW","Microsoft-Windows-Kernel-Audit-API-Calls",6,"PsOpenThread","  576 csrss.exe",688,,,"11580 bash.exe",12016,,,,,,,,,,,,,,,,,,,,,,,,,,,,1762784312645067100,,,,,,,,,,,,,,,,2097151,0,,,,,,,,,,,,,,,,,,,,,,,,,,,,,,,,,,,,,,,,,,,,,
"2025-11-10 14:18:32.6538581Z","2025-11-10 14:18:32.6538581Z","ETW","Microsoft-Windows-Kernel-Audit-API-Calls",6,"PsOpenThread","10364 mintty.exe",5868,,,"10364 mintty.exe",5868,,,,,,,,,,,,,,,,,,,,,,,,,,,,1762784312653858200,,,,,,,,,,,,,,,,1024,0,,,,,,,,,,,,,,,,,,,,,,,,,,,,,,,,,,,,,,,,,,,,,
"2025-11-10 14:18:32.6563179Z","2025-11-10 14:18:32.6563179Z","ETW","Microsoft-Windows-Kernel-Process",5,"ImageLoad Info ","11580 bash.exe",12016,,,"11580 bash.exe",,,"C:\Program Files\Git\usr\bin\bash.exe",,,,,,,,,,,,,,,,,,,,,,,,,,1762784312656317900,,,,,,,,,,,4299161600,4299161600,2616686,2617344,1727168884,,,,,,,,,,,,,,,,,,,,,,,,,,,,,,,,,,,,,,,,,,,,,,,
"2025-11-10 14:18:32.6565297Z","2025-11-10 14:18:32.6565297Z","ETW","Microsoft-Windows-Kernel-Process",5,"ImageLoad Info ","11580 bash.exe",12016,,,"11580 bash.exe",,,"C:\Windows\System32\ntdll.dll",,,,,,,,,,,,,,,,,,,,,,,,,,1762784312656529700,,,,,,,,,,,140737324318720,140737324318720,2048895,2064384,2127151453,,,,,,,,,,,,,,,,,,,,,,,,,,,,,,,,,,,,,,,,,,,,,,,
"2025-11-10 14:18:32.6606065Z","2025-11-10 14:18:32.6606065Z","ETW","Microsoft-Windows-Kernel-Process",5,"ImageLoad Info ","11580 bash.exe",12016,,,"11580 bash.exe",,,"C:\Windows\System32\kernel32.dll",,,,,,,,,,,,,,,,,,,,,,,,,,1762784312660606500,,,,,,,,,,,140737321435136,140737321435136,801304,794624,4007722010,,,,,,,,,,,,,,,,,,,,,,,,,,,,,,,,,,,,,,,,,,,,,,,
"2025-11-10 14:18:32.6609027Z","2025-11-10 14:18:32.6609027Z","ETW","Microsoft-Windows-Kernel-Process",5,"ImageLoad Info ","11580 bash.exe",12016,,,"11580 bash.exe",,,"C:\Windows\System32\KernelBase.dll",,,,,,,,,,,,,,,,,,,,,,,,,,1762784312660902700,,,,,,,,,,,140737318289408,140737318289408,3171178,3104768,1448155220,,,,,,,,,,,,,,,,,,,,,,,,,,,,,,,,,,,,,,,,,,,,,,,
"2025-11-10 14:18:32.6620108Z","2025-11-10 14:18:32.6620108Z","ETW","Microsoft-Windows-Kernel-Audit-API-Calls",5,"PsOpenProcess"," 3032 conhost.exe",5540,,,"11580 bash.exe",,,,,,,,,,,,,,,,,,,,,,,,,,,,,1762784312662010800,,,,,,,,,,,,,,,,33554432,0,,,,,,,,,,,,,,,,,,,,,,,,,,,,,,,,,,,,,,,,,,,,,
"2025-11-10 14:18:32.6630452Z","2025-11-10 14:18:32.6630452Z","ETW","Microsoft-Windows-Kernel-Process",3,"ThreadStart Start ","11580 bash.exe",12016,,,"11580 bash.exe",,,,,,,,,,,,,,,,,,,,,,,,,,,,,1762784312663045200,,18446606103138304000,18446606103138275328,140737324634384,0,2277376,8228,9240576,9236480,140737324634384,,,,,,,,,,,,,,,,,,,,,,,,,,,,,,,,,,,,,,,,,,,,,,,,,,,,
"2025-11-10 14:18:32.6630646Z","2025-11-10 14:18:32.6630646Z","ETW","Microsoft-Windows-Kernel-Audit-API-Calls",6,"PsOpenThread","11580 bash.exe",12016,,,"11580 bash.exe",8228,,,,,,,,,,,,,,,,,,,,,,,,,,,,1762784312663064700,,,,,,,,,,,,,,,,64,0,,,,,,,,,,,,,,,,,,,,,,,,,,,,,,,,,,,,,,,,,,,,,
"2025-11-10 14:18:32.6631365Z","2025-11-10 14:18:32.6631365Z","ETW","Microsoft-Windows-Kernel-Process",5,"ImageLoad Info ","11580 bash.exe",12016,,,"11580 bash.exe",,,"C:\Windows\System32\user32.dll",,,,,,,,,,,,,,,,,,,,,,,,,,1762784312663136500,,,,,,,,,,,140737322287104,140737322287104,1767867,1708032,1351922499,,,,,,,,,,,,,,,,,,,,,,,,,,,,,,,,,,,,,,,,,,,,,,,
"2025-11-10 14:18:32.6634766Z","2025-11-10 14:18:32.6634766Z","ETW","Microsoft-Windows-Kernel-Process",5,"ImageLoad Info ","11580 bash.exe",12016,,,"11580 bash.exe",,,"C:\Windows\System32\win32u.dll",,,,,,,,,,,,,,,,,,,,,,,,,,1762784312663476600,,,,,,,,,,,140737281196032,140737281196032,183095,139264,3760910660,,,,,,,,,,,,,,,,,,,,,,,,,,,,,,,,,,,,,,,,,,,,,,,
"2025-11-10 14:18:32.6636654Z","2025-11-10 14:18:32.6636654Z","ETW","Microsoft-Windows-Kernel-Process",5,"ImageLoad Info ","11580 bash.exe",12016,,,"11580 bash.exe",,,"C:\Windows\System32\gdi32.dll",,,,,,,,,,,,,,,,,,,,,,,,,,1762784312663665400,,,,,,,,,,,140737309507584,140737309507584,210990,176128,2413768611,,,,,,,,,,,,,,,,,,,,,,,,,,,,,,,,,,,,,,,,,,,,,,,
"2025-11-10 14:18:32.6638540Z","2025-11-10 14:18:32.6638540Z","ETW","Microsoft-Windows-Kernel-Process",5,"ImageLoad Info ","11580 bash.exe",12016,,,"11580 bash.exe",,,"C:\Windows\System32\gdi32full.dll",,,,,,,,,,,,,,,,,,,,,,,,,,1762784312663854000,,,,,,,,,,,140737281392640,140737281392640,1167211,1150976,1288019395,,,,,,,,,,,,,,,,,,,,,,,,,,,,,,,,,,,,,,,,,,,,,,,
"2025-11-10 14:18:32.6640393Z","2025-11-10 14:18:32.6640393Z","ETW","Microsoft-Windows-Kernel-Process",5,"ImageLoad Info ","11580 bash.exe",12016,,,"11580 bash.exe",,,"C:\Windows\System32\msvcp_win.dll",,,,,,,,,,,,,,,,,,,,,,,,,,1762784312664039300,,,,,,,,,,,140737279819776,140737279819776,659111,643072,958749903,,,,,,,,,,,,,,,,,,,,,,,,,,,,,,,,,,,,,,,,,,,,,,,
"2025-11-10 14:18:32.6642134Z","2025-11-10 14:18:32.6642134Z","ETW","Microsoft-Windows-Kernel-Process",5,"ImageLoad Info ","11580 bash.exe",12016,,,"11580 bash.exe",,,"C:\Windows\System32\ucrtbase.dll",,,,,,,,,,,,,,,,,,,,,,,,,,1762784312664213400,,,,,,,,,,,140737283162112,140737283162112,1076532,1048576,2177850761,,,,,,,,,,,,,,,,,,,,,,,,,,,,,,,,,,,,,,,,,,,,,,,
"2025-11-10 14:18:32.6647777Z","2025-11-10 14:18:32.6647777Z","ETW","Microsoft-Windows-Kernel-Process",5,"ImageLoad Info ","11580 bash.exe",12016,,,"11580 bash.exe",,,"C:\Program Files\Git\usr\bin\msys-2.0.dll",,,,,,,,,,,,,,,,,,,,,,,,,,1762784312664777700,,,,,,,,,,,8858632192,8858632192,3356844,3530752,1752689865,,,,,,,,,,,,,,,,,,,,,,,,,,,,,,,,,,,,,,,,,,,,,,,
"2025-11-10 14:18:32.6648515Z","2025-11-10 14:18:32.6648515Z","ETW","Microsoft-Windows-Kernel-Audit-API-Calls",6,"PsOpenThread"," 2972 cyserver.exe",10288,,,"11580 bash.exe",12016,,,,,,,,,,,,,,,,,,,,,,,,,,,,1762784312664851500,,,,,,,,,,,,,,,,64,0,,,,,,,,,,,,,,,,,,,,,,,,,,,,,,,,,,,,,,,,,,,,,
"2025-11-10 14:18:32.6648625Z","2025-11-10 14:18:32.6648625Z","ETW","Microsoft-Windows-Kernel-Audit-API-Calls",5,"PsOpenProcess"," 2972 cyserver.exe",10288,,,"11580 bash.exe",,,,,,,,,,,,,,,,,,,,,,,,,,,,,1762784312664862500,,,,,,,,,,,,,,,,1024,0,,,,,,,,,,,,,,,,,,,,,,,,,,,,,,,,,,,,,,,,,,,,,
"2025-11-10 14:18:32.6652010Z","2025-11-10 14:18:32.6652010Z","ETW","Microsoft-Windows-Kernel-Process",3,"ThreadStart Start ","11580 bash.exe",8228,,,"11580 bash.exe",,,,,,,,,,,,,,,,,,,,,,,,,,,,,1762784312665201000,,18446606103144988672,18446606103144960000,140737324634384,0,2285568,11832,11337728,11333632,140737324634384,,,,,,,,,,,,,,,,,,,,,,,,,,,,,,,,,,,,,,,,,,,,,,,,,,,,
"2025-11-10 14:18:32.6652228Z","2025-11-10 14:18:32.6652228Z","ETW","Microsoft-Windows-Kernel-Audit-API-Calls",6,"PsOpenThread","11580 bash.exe",8228,,,"11580 bash.exe",11832,,,,,,,,,,,,,,,,,,,,,,,,,,,,1762784312665222800,,,,,,,,,,,,,,,,64,0,,,,,,,,,,,,,,,,,,,,,,,,,,,,,,,,,,,,,,,,,,,,,
"2025-11-10 14:18:32.6679673Z","2025-11-10 14:18:32.6679673Z","ETW","Microsoft-Windows-Kernel-Process",5,"ImageLoad Info ","11580 bash.exe",12016,,,"11580 bash.exe",,,"C:\Windows\System32\advapi32.dll",,,,,,,,,,,,,,,,,,,,,,,,,,1762784312667967300,,,,,,,,,,,140737306951680,140737306951680,744837,724992,4166620877,,,,,,,,,,,,,,,,,,,,,,,,,,,,,,,,,,,,,,,,,,,,,,,
"2025-11-10 14:18:32.6682107Z","2025-11-10 14:18:32.6682107Z","ETW","Microsoft-Windows-Kernel-Process",5,"ImageLoad Info ","11580 bash.exe",12016,,,"11580 bash.exe",,,"C:\Windows\System32\msvcrt.dll",,,,,,,,,,,,,,,,,,,,,,,,,,1762784312668210700,,,,,,,,,,,140737314357248,140737314357248,681663,647168,2616593924,,,,,,,,,,,,,,,,,,,,,,,,,,,,,,,,,,,,,,,,,,,,,,,
"2025-11-10 14:18:32.6684509Z","2025-11-10 14:18:32.6684509Z","ETW","Microsoft-Windows-Kernel-Process",5,"ImageLoad Info ","11580 bash.exe",12016,,,"11580 bash.exe",,,"C:\Windows\System32\sechost.dll",,,,,,,,,,,,,,,,,,,,,,,,,,1762784312668450900,,,,,,,,,,,140737308262400,140737308262400,647124,651264,2117042745,,,,,,,,,,,,,,,,,,,,,,,,,,,,,,,,,,,,,,,,,,,,,,,
"2025-11-10 14:18:32.6686549Z","2025-11-10 14:18:32.6686549Z","ETW","Microsoft-Windows-Kernel-Process",5,"ImageLoad Info ","11580 bash.exe",12016,,,"11580 bash.exe",,,"C:\Windows\System32\rpcrt4.dll",,,,,,,,,,,,,,,,,,,,,,,,,,1762784312668654900,,,,,,,,,,,140737317109760,140737317109760,1217917,1179648,2756017066,,,,,,,,,,,,,,,,,,,,,,,,,,,,,,,,,,,,,,,,,,,,,,,
"2025-11-10 14:18:32.6690189Z","2025-11-10 14:18:32.6690189Z","ETW","Microsoft-Windows-Kernel-Process",5,"ImageLoad Info ","11580 bash.exe",12016,,,"11580 bash.exe",,,"C:\Windows\System32\bcrypt.dll",,,,,,,,,,,,,,,,,,,,,,,,,,1762784312669018900,,,,,,,,,,,140737279623168,140737279623168,171668,159744,2220160889,,,,,,,,,,,,,,,,,,,,,,,,,,,,,,,,,,,,,,,,,,,,,,,
"2025-11-10 14:18:32.6705792Z","2025-11-10 14:18:32.6705792Z","ETW","Microsoft-Windows-Kernel-Process",5,"ImageLoad Info ","11580 bash.exe",12016,,,"11580 bash.exe",,,"C:\Windows\System32\cryptbase.dll",,,,,,,,,,,,,,,,,,,,,,,,,,1762784312670579200,,,,,,,,,,,140737272020992,140737272020992,66383,49152,1678623338,,,,,,,,,,,,,,,,,,,,,,,,,,,,,,,,,,,,,,,,,,,,,,,
"2025-11-10 14:18:32.6794490Z","2025-11-10 14:18:32.6794490Z","ETW","Microsoft-Windows-Kernel-Process",5,"ImageLoad Info ","11580 bash.exe",12016,,,"11580 bash.exe",,,"C:\Windows\System32\bcryptprimitives.dll",,,,,,,,,,,,,,,,,,,,,,,,,,1762784312679449000,,,,,,,,,,,140737282572288,140737282572288,531569,532480,3309379821,,,,,,,,,,,,,,,,,,,,,,,,,,,,,,,,,,,,,,,,,,,,,,,
"2025-11-10 14:18:32.6806308Z","2025-11-10 14:18:32.6806308Z","ETW","Microsoft-Windows-Kernel-Audit-API-Calls",3,"NtCreateSymbolicLinkObject","11580 bash.exe",12016,,,,,,,,,,,,,,,,,,,,,,,,,,,,,,,,1762784312680630800,,,,,,,,,,,,,,,,983041,0,,,,,,,,,,,,,,,,,,"winpid.11580","1091",,,,,,,,,,,,,,,,,,,,,,,,,,
"2025-11-10 14:18:32.6821421Z","2025-11-10 14:18:32.6821421Z","ETW-TI","Microsoft-Windows-Threat-Intelligence",7,"KERNEL_THREATINT_TASK_PROTECTVM ","11580 bash.exe",12016,,,"11580 bash.exe",,,,,,,,,,,,,,4301500416,134072579126323012,11580,0,0,0,5066549580817728,134072579126323042,12016,"RWX",134072579126323012,0,0,0,5066549580817728,1762784312682142100,,,,,,,,,,,,,,,,,,,,,,,,,,,,,,,,,,,,,"R--",134072579126323012,11580,0,0,0,5066549580817728,110592,,,,,,,,,,,,,,,,,,
"2025-11-10 14:18:32.6821559Z","2025-11-10 14:18:32.6821559Z","ETW-TI","Microsoft-Windows-Threat-Intelligence",7,"KERNEL_THREATINT_TASK_PROTECTVM ","11580 bash.exe",12016,,,"11580 bash.exe",,,,,,,,,,,,,,4301500416,134072579126323012,11580,0,0,0,5066549580817728,134072579126323042,12016,"R--",134072579126323012,0,0,0,5066549580817728,1762784312682155900,,,,,,,,,,,,,,,,,,,,,,,,,,,,,,,,,,,,,"RWX",134072579126323012,11580,0,0,0,5066549580817728,110592,,,,,,,,,,,,,,,,,,
"2025-11-10 14:18:32.6833730Z","2025-11-10 14:18:32.6833730Z","ETW","Microsoft-Windows-Kernel-Process",5,"ImageLoad Info ","11580 bash.exe",12016,,,"11580 bash.exe",,,"C:\Windows\System32\imm32.dll",,,,,,,,,,,,,,,,,,,,,,,,,,1762784312683373000,,,,,,,,,,,140737309310976,140737309310976,238320,192512,770155462,,,,,,,,,,,,,,,,,,,,,,,,,,,,,,,,,,,,,,,,,,,,,,,
"2025-11-10 14:18:32.6847055Z","2025-11-10 14:18:32.6847055Z","ETW","Microsoft-Windows-Kernel-Process",3,"ThreadStart Start ","11580 bash.exe",12016,,,"11580 bash.exe",,,,,,,,,,,,,,,,,,,,,,,,,,,,,1762784312684705500,,18446606103145054208,18446606103145025536,8858653840,0,2293760,9116,38600704,38596608,8858653840,,,,,,,,,,,,,,,,,,,,,,,,,,,,,,,,,,,,,,,,,,,,,,,,,,,,
"2025-11-10 14:18:32.6847258Z","2025-11-10 14:18:32.6847258Z","ETW","Microsoft-Windows-Kernel-Audit-API-Calls",6,"PsOpenThread","11580 bash.exe",12016,,,"11580 bash.exe",9116,,,,,,,,,,,,,,,,,,,,,,,,,,,,1762784312684725800,,,,,,,,,,,,,,,,64,0,,,,,,,,,,,,,,,,,,,,,,,,,,,,,,,,,,,,,,,,,,,,,
"2025-11-10 14:18:32.6848860Z","2025-11-10 14:18:32.6848860Z","ETW","Microsoft-Windows-Kernel-Audit-API-Calls",6,"PsOpenThread","11580 bash.exe",9116,,,"11580 bash.exe",9116,,,,,,,,,,,,,,,,,,,,,,,,,,,,1762784312684886000,,,,,,,,,,,,,,,,1024,0,,,,,,,,,,,,,,,,,,,,,,,,,,,,,,,,,,,,,,,,,,,,,
"2025-11-10 14:18:32.6855886Z","2025-11-10 14:18:32.6855886Z","ETW","Microsoft-Windows-Kernel-Audit-API-Calls",5,"PsOpenProcess"," 2392 bash.exe",4224,,,"11580 bash.exe",,,,,,,,,,,,,,,,,,,,,,,,,,,,,1762784312685588600,,,,,,,,,,,,,,,,4096,0,,,,,,,,,,,,,,,,,,,,,,,,,,,,,,,,,,,,,,,,,,,,,
"2025-11-10 14:18:32.6856192Z","2025-11-10 14:18:32.6856192Z","ETW","Microsoft-Windows-Kernel-Audit-API-Calls",5,"PsOpenProcess"," 2392 bash.exe",4224,,,"10364 mintty.exe",,,,,,,,,,,,,,,,,,,,,,,,,,,,,1762784312685619200,,,,,,,,,,,,,,,,4096,0,,,,,,,,,,,,,,,,,,,,,,,,,,,,,,,,,,,,,,,,,,,,,
"2025-11-10 14:18:32.6857180Z","2025-11-10 14:18:32.6857180Z","ETW","Microsoft-Windows-Kernel-Audit-API-Calls",5,"PsOpenProcess"," 2392 bash.exe",4224,,,"11580 bash.exe",,,,,,,,,,,,,,,,,,,,,,,,,,,,,1762784312685718000,,,,,,,,,,,,,,,,4096,0,,,,,,,,,,,,,,,,,,,,,,,,,,,,,,,,,,,,,,,,,,,,,
"2025-11-10 14:18:32.6857299Z","2025-11-10 14:18:32.6857299Z","ETW","Microsoft-Windows-Kernel-Audit-API-Calls",6,"PsOpenThread"," 2392 bash.exe",5764,,," 2392 bash.exe",5764,,,,,,,,,,,,,,,,,,,,,,,,,,,,1762784312685730000,,,,,,,,,,,,,,,,1024,0,,,,,,,,,,,,,,,,,,,,,,,,,,,,,,,,,,,,,,,,,,,,,
"2025-11-10 14:18:32.6857417Z","2025-11-10 14:18:32.6857417Z","ETW","Microsoft-Windows-Kernel-Audit-API-Calls",5,"PsOpenProcess"," 2392 bash.exe",4224,,,"10364 mintty.exe",,,,,,,,,,,,,,,,,,,,,,,,,,,,,1762784312685741700,,,,,,,,,,,,,,,,4096,0,,,,,,,,,,,,,,,,,,,,,,,,,,,,,,,,,,,,,,,,,,,,,
"2025-11-10 14:18:32.6859693Z","2025-11-10 14:18:32.6859693Z","ETW","Microsoft-Windows-Kernel-Audit-API-Calls",5,"PsOpenProcess","11580 bash.exe",12016,,,"10364 mintty.exe",,,,,,,,,,,,,,,,,,,,,,,,,,,,,1762784312685969300,,,,,,,,,,,,,,,,4096,0,,,,,,,,,,,,,,,,,,,,,,,,,,,,,,,,,,,,,,,,,,,,,
"2025-11-10 14:18:32.6860016Z","2025-11-10 14:18:32.6860016Z","ETW","Microsoft-Windows-Kernel-Audit-API-Calls",5,"PsOpenProcess","11580 bash.exe",12016,,," 2392 bash.exe",,,,,,,,,,,,,,,,,,,,,,,,,,,,,1762784312686001600,,,,,,,,,,,,,,,,4096,0,,,,,,,,,,,,,,,,,,,,,,,,,,,,,,,,,,,,,,,,,,,,,
"2025-11-10 14:18:32.6861303Z","2025-11-10 14:18:32.6861303Z","ETW","Microsoft-Windows-Kernel-Audit-API-Calls",5,"PsOpenProcess","11580 bash.exe",12016,,,"10364 mintty.exe",,,,,,,,,,,,,,,,,,,,,,,,,,,,,1762784312686130300,,,,,,,,,,,,,,,,4096,0,,,,,,,,,,,,,,,,,,,,,,,,,,,,,,,,,,,,,,,,,,,,,
"2025-11-10 14:18:32.6861534Z","2025-11-10 14:18:32.6861534Z","ETW","Microsoft-Windows-Kernel-Audit-API-Calls",5,"PsOpenProcess","11580 bash.exe",12016,,," 2392 bash.exe",,,,,,,,,,,,,,,,,,,,,,,,,,,,,1762784312686153400,,,,,,,,,,,,,,,,4096,0,,,,,,,,,,,,,,,,,,,,,,,,,,,,,,,,,,,,,,,,,,,,,
"2025-11-10 14:18:32.6932315Z","2025-11-10 14:18:32.6932315Z","ETW","Microsoft-Windows-Kernel-Process",1,"ProcessStart Start ","11580 bash.exe",12016,,," 5232 conhost.exe",,,"C:\Windows\System32\conhost.exe",,,,,,,,,,,,,,,,,,,,,,,,,,1762784312693231500,,,,,,,,,,,,,907531,,2536827738,,,,,,,,,134072579126931630,0,"0x","","",11580,25920,25921,3,0,1,,,,,,,,,,,,,,,,,,,,,,,,,,,,
"2025-11-10 14:18:32.6934897Z","2025-11-10 14:18:32.6934897Z","ETW","Microsoft-Windows-Kernel-Audit-API-Calls",6,"PsOpenThread"," 2972 cyserver.exe",7728,,,"11580 bash.exe",12016,,,,,,,,,,,,,,,,,,,,,,,,,,,,1762784312693489700,,,,,,,,,,,,,,,,64,0,,,,,,,,,,,,,,,,,,,,,,,,,,,,,,,,,,,,,,,,,,,,,
"2025-11-10 14:18:32.6935011Z","2025-11-10 14:18:32.6935011Z","ETW","Microsoft-Windows-Kernel-Audit-API-Calls",5,"PsOpenProcess"," 2972 cyserver.exe",7728,,,"11580 bash.exe",,,,,,,,,,,,,,,,,,,,,,,,,,,,,1762784312693501100,,,,,,,,,,,,,,,,1024,0,,,,,,,,,,,,,,,,,,,,,,,,,,,,,,,,,,,,,,,,,,,,,
"2025-11-10 14:18:32.6944278Z","2025-11-10 14:18:32.6944278Z","ETW","Microsoft-Windows-Kernel-Audit-API-Calls",6,"PsOpenThread"," 2972 cyserver.exe",7160,,,"11580 bash.exe",12016,,,,,,,,,,,,,,,,,,,,,,,,,,,,1762784312694427800,,,,,,,,,,,,,,,,64,0,,,,,,,,,,,,,,,,,,,,,,,,,,,,,,,,,,,,,,,,,,,,,
"2025-11-10 14:18:32.6944371Z","2025-11-10 14:18:32.6944371Z","ETW","Microsoft-Windows-Kernel-Audit-API-Calls",5,"PsOpenProcess"," 2972 cyserver.exe",7160,,,"11580 bash.exe",,,,,,,,,,,,,,,,,,,,,,,,,,,,,1762784312694437100,,,,,,,,,,,,,,,,1024,0,,,,,,,,,,,,,,,,,,,,,,,,,,,,,,,,,,,,,,,,,,,,,
"2025-11-10 14:18:32.6974134Z","2025-11-10 14:18:32.6974134Z","ETW","Microsoft-Windows-Kernel-Audit-API-Calls",5,"PsOpenProcess"," 2972 cyserver.exe",7160,,," 5232 conhost.exe",,,,,,,,,,,,,,,,,,,,,,,,,,,,,1762784312697413400,,,,,,,,,,,,,,,,2147483648,0,,,,,,,,,,,,,,,,,,,,,,,,,,,,,,,,,,,,,,,,,,,,,
"2025-11-10 14:18:32.7056843Z","2025-11-10 14:18:32.7056843Z","ETW","Microsoft-Windows-Kernel-Process",3,"ThreadStart Start ","11580 bash.exe",12016,,," 5232 conhost.exe",,,,,,,,,,,,,,,,,,,,,,,,,,,,,1762784312705684300,,18446606103145086976,18446606103145058304,140700242212704,0,404144345088,10596,404142948352,404142940160,140700242212704,,,,,,,,,,,,,,,,,,,,,,,,,,,,,,,,,,,,,,,,,,,,,,,,,,,,
"2025-11-10 14:18:32.7057060Z","2025-11-10 14:18:32.7057060Z","ETW","Microsoft-Windows-Kernel-Audit-API-Calls",6,"PsOpenThread","11580 bash.exe",12016,,," 5232 conhost.exe",10596,,,,,,,,,,,,,,,,,,,,,,,,,,,,1762784312705706000,,,,,,,,,,,,,,,,64,0,,,,,,,,,,,,,,,,,,,,,,,,,,,,,,,,,,,,,,,,,,,,,
"2025-11-10 14:18:32.7067651Z","2025-11-10 14:18:32.7067651Z","ETW","Microsoft-Windows-Kernel-Audit-API-Calls",5,"PsOpenProcess","  576 csrss.exe",592,,," 5232 conhost.exe",,,,,,,,,,,,,,,,,,,,,,,,,,,,,1762784312706765100,,,,,,,,,,,,,,,,2097151,0,,,,,,,,,,,,,,,,,,,,,,,,,,,,,,,,,,,,,,,,,,,,,
"2025-11-10 14:18:32.7067773Z","2025-11-10 14:18:32.7067773Z","ETW","Microsoft-Windows-Kernel-Audit-API-Calls",6,"PsOpenThread","  576 csrss.exe",592,,," 5232 conhost.exe",10596,,,,,,,,,,,,,,,,,,,,,,,,,,,,1762784312706777300,,,,,,,,,,,,,,,,2097151,0,,,,,,,,,,,,,,,,,,,,,,,,,,,,,,,,,,,,,,,,,,,,,
"2025-11-10 14:18:32.7083150Z","2025-11-10 14:18:32.7083150Z","ETW","Microsoft-Windows-Kernel-Process",1,"ProcessStart Start ","11580 bash.exe",12016,,,"11140 cygwin-console-helper.exe",,,"C:\Program Files\Git\usr\bin\cygwin-console-helper.exe",,,,,,,,,,,,,,,,,,,,,,,,,,1762784312708315000,,,,,,,,,,,,,49333,,1752689865,,,,,,,,,134072579127082517,0,"0x","","",11580,25920,25922,3,0,1,,,,,,,,,,,,,,,,,,,,,,,,,,,,
"2025-11-10 14:18:32.7112110Z","2025-11-10 14:18:32.7112110Z","ETW","Microsoft-Windows-Kernel-Audit-API-Calls",6,"PsOpenThread"," 2972 cyserver.exe",7532,,,"11580 bash.exe",12016,,,,,,,,,,,,,,,,,,,,,,,,,,,,1762784312711211000,,,,,,,,,,,,,,,,64,0,,,,,,,,,,,,,,,,,,,,,,,,,,,,,,,,,,,,,,,,,,,,,
"2025-11-10 14:18:32.7112262Z","2025-11-10 14:18:32.7112262Z","ETW","Microsoft-Windows-Kernel-Audit-API-Calls",5,"PsOpenProcess"," 2972 cyserver.exe",7532,,,"11580 bash.exe",,,,,,,,,,,,,,,,,,,,,,,,,,,,,1762784312711226200,,,,,,,,,,,,,,,,1024,0,,,,,,,,,,,,,,,,,,,,,,,,,,,,,,,,,,,,,,,,,,,,,
"2025-11-10 14:18:32.7122917Z","2025-11-10 14:18:32.7122917Z","ETW","Microsoft-Windows-Kernel-Audit-API-Calls",6,"PsOpenThread"," 2972 cyserver.exe",10288,,,"11580 bash.exe",12016,,,,,,,,,,,,,,,,,,,,,,,,,,,,1762784312712291700,,,,,,,,,,,,,,,,64,0,,,,,,,,,,,,,,,,,,,,,,,,,,,,,,,,,,,,,,,,,,,,,
"2025-11-10 14:18:32.7123038Z","2025-11-10 14:18:32.7123038Z","ETW","Microsoft-Windows-Kernel-Audit-API-Calls",5,"PsOpenProcess"," 2972 cyserver.exe",10288,,,"11580 bash.exe",,,,,,,,,,,,,,,,,,,,,,,,,,,,,1762784312712303800,,,,,,,,,,,,,,,,1024,0,,,,,,,,,,,,,,,,,,,,,,,,,,,,,,,,,,,,,,,,,,,,,
"2025-11-10 14:18:32.7152307Z","2025-11-10 14:18:32.7152307Z","ETW","Microsoft-Windows-Kernel-Audit-API-Calls",5,"PsOpenProcess"," 2972 cyserver.exe",10288,,,"11140 cygwin-console-helper.exe",,,,,,,,,,,,,,,,,,,,,,,,,,,,,1762784312715230700,,,,,,,,,,,,,,,,2147483648,0,,,,,,,,,,,,,,,,,,,,,,,,,,,,,,,,,,,,,,,,,,,,,
"2025-11-10 14:18:32.7173855Z","2025-11-10 14:18:32.7173855Z","ETW","Microsoft-Windows-Kernel-Process",5,"ImageLoad Info "," 5232 conhost.exe",10596,,," 5232 conhost.exe",,,"C:\Windows\System32\conhost.exe",,,,,,,,,,,,,,,,,,,,,,,,,,1762784312717385500,,,,,,,,,,,140700242083840,140700242083840,907531,897024,2536827738,,,,,,,,,,,,,,,,,,,,,,,,,,,,,,,,,,,,,,,,,,,,,,,
"2025-11-10 14:18:32.7175618Z","2025-11-10 14:18:32.7175618Z","ETW","Microsoft-Windows-Kernel-Process",5,"ImageLoad Info "," 5232 conhost.exe",10596,,," 5232 conhost.exe",,,"C:\Windows\System32\ntdll.dll",,,,,,,,,,,,,,,,,,,,,,,,,,1762784312717561800,,,,,,,,,,,140737324318720,140737324318720,2048895,2064384,2127151453,,,,,,,,,,,,,,,,,,,,,,,,,,,,,,,,,,,,,,,,,,,,,,,
"2025-11-10 14:18:32.7257052Z","2025-11-10 14:18:32.7257052Z","ETW","Microsoft-Windows-Kernel-Process",5,"ImageLoad Info "," 5232 conhost.exe",10596,,," 5232 conhost.exe",,,"C:\Windows\System32\kernel32.dll",,,,,,,,,,,,,,,,,,,,,,,,,,1762784312725705200,,,,,,,,,,,140737321435136,140737321435136,801304,794624,4007722010,,,,,,,,,,,,,,,,,,,,,,,,,,,,,,,,,,,,,,,,,,,,,,,
"2025-11-10 14:18:32.7260332Z","2025-11-10 14:18:32.7260332Z","ETW","Microsoft-Windows-Kernel-Process",5,"ImageLoad Info "," 5232 conhost.exe",10596,,," 5232 conhost.exe",,,"C:\Windows\System32\KernelBase.dll",,,,,,,,,,,,,,,,,,,,,,,,,,1762784312726033200,,,,,,,,,,,140737318289408,140737318289408,3171178,3104768,1448155220,,,,,,,,,,,,,,,,,,,,,,,,,,,,,,,,,,,,,,,,,,,,,,,
"2025-11-10 14:18:32.7275064Z","2025-11-10 14:18:32.7275064Z","ETW","Microsoft-Windows-Kernel-Process",3,"ThreadStart Start ","11580 bash.exe",12016,,,"11140 cygwin-console-helper.exe",,,,,,,,,,,,,,,,,,,,,,,,,,,,,1762784312727506500,,18446606103145119744,18446606103145091072,140700799865856,0,507319164928,10668,507322040320,507322036224,140700799865856,,,,,,,,,,,,,,,,,,,,,,,,,,,,,,,,,,,,,,,,,,,,,,,,,,,,
"2025-11-10 14:18:32.7275249Z","2025-11-10 14:18:32.7275249Z","ETW","Microsoft-Windows-Kernel-Audit-API-Calls",6,"PsOpenThread","11580 bash.exe",12016,,,"11140 cygwin-console-helper.exe",10668,,,,,,,,,,,,,,,,,,,,,,,,,,,,1762784312727524900,,,,,,,,,,,,,,,,64,0,,,,,,,,,,,,,,,,,,,,,,,,,,,,,,,,,,,,,,,,,,,,,
"2025-11-10 14:18:32.7277182Z","2025-11-10 14:18:32.7277182Z","ETW","Microsoft-Windows-Kernel-Process",5,"ImageLoad Info "," 5232 conhost.exe",10596,,," 5232 conhost.exe",,,"C:\Windows\System32\msvcp_win.dll",,,,,,,,,,,,,,,,,,,,,,,,,,1762784312727718200,,,,,,,,,,,140737279819776,140737279819776,659111,643072,958749903,,,,,,,,,,,,,,,,,,,,,,,,,,,,,,,,,,,,,,,,,,,,,,,
"2025-11-10 14:18:32.7279883Z","2025-11-10 14:18:32.7279883Z","ETW","Microsoft-Windows-Kernel-Process",5,"ImageLoad Info "," 5232 conhost.exe",10596,,," 5232 conhost.exe",,,"C:\Windows\System32\ucrtbase.dll",,,,,,,,,,,,,,,,,,,,,,,,,,1762784312727988300,,,,,,,,,,,140737283162112,140737283162112,1076532,1048576,2177850761,,,,,,,,,,,,,,,,,,,,,,,,,,,,,,,,,,,,,,,,,,,,,,,
"2025-11-10 14:18:32.7282210Z","2025-11-10 14:18:32.7282210Z","ETW","Microsoft-Windows-Kernel-Process",3,"ThreadStart Start "," 5232 conhost.exe",10596,,," 5232 conhost.exe",,,,,,,,,,,,,,,,,,,,,,,,,,,,,1762784312728221000,,18446606103145152512,18446606103145123840,140737324634384,0,404144353280,6796,404143472640,404143464448,140737324634384,,,,,,,,,,,,,,,,,,,,,,,,,,,,,,,,,,,,,,,,,,,,,,,,,,,,
"2025-11-10 14:18:32.7282398Z","2025-11-10 14:18:32.7282398Z","ETW","Microsoft-Windows-Kernel-Audit-API-Calls",6,"PsOpenThread"," 5232 conhost.exe",10596,,," 5232 conhost.exe",6796,,,,,,,,,,,,,,,,,,,,,,,,,,,,1762784312728239800,,,,,,,,,,,,,,,,64,0,,,,,,,,,,,,,,,,,,,,,,,,,,,,,,,,,,,,,,,,,,,,,
"2025-11-10 14:18:32.7283350Z","2025-11-10 14:18:32.7283350Z","ETW","Microsoft-Windows-Kernel-Process",5,"ImageLoad Info "," 5232 conhost.exe",10596,,," 5232 conhost.exe",,,"C:\Windows\System32\SHCore.dll",,,,,,,,,,,,,,,,,,,,,,,,,,1762784312728335000,,,,,,,,,,,140737304985600,140737304985600,705789,708608,3896055862,,,,,,,,,,,,,,,,,,,,,,,,,,,,,,,,,,,,,,,,,,,,,,,
"2025-11-10 14:18:32.7285528Z","2025-11-10 14:18:32.7285528Z","ETW","Microsoft-Windows-Kernel-Process",5,"ImageLoad Info "," 5232 conhost.exe",10596,,," 5232 conhost.exe",,,"C:\Windows\System32\msvcrt.dll",,,,,,,,,,,,,,,,,,,,,,,,,,1762784312728552900,,,,,,,,,,,140737314357248,140737314357248,681663,647168,2616593924,,,,,,,,,,,,,,,,,,,,,,,,,,,,,,,,,,,,,,,,,,,,,,,
"2025-11-10 14:18:32.7287898Z","2025-11-10 14:18:32.7287898Z","ETW","Microsoft-Windows-Kernel-Process",5,"ImageLoad Info "," 5232 conhost.exe",10596,,," 5232 conhost.exe",,,"C:\Windows\System32\combase.dll",,,,,,,,,,,,,,,,,,,,,,,,,,1762784312728789800,,,,,,,,,,,140737287094272,140737287094272,3535278,3489792,144435709,,,,,,,,,,,,,,,,,,,,,,,,,,,,,,,,,,,,,,,,,,,,,,,
"2025-11-10 14:18:32.7291076Z","2025-11-10 14:18:32.7291076Z","ETW","Microsoft-Windows-Kernel-Process",5,"ImageLoad Info "," 5232 conhost.exe",10596,,," 5232 conhost.exe",,,"C:\Windows\System32\rpcrt4.dll",,,,,,,,,,,,,,,,,,,,,,,,,,1762784312729107600,,,,,,,,,,,140737317109760,140737317109760,1217917,1179648,2756017066,,,,,,,,,,,,,,,,,,,,,,,,,,,,,,,,,,,,,,,,,,,,,,,
"2025-11-10 14:18:32.7291334Z","2025-11-10 14:18:32.7291334Z","ETW","Microsoft-Windows-Kernel-Audit-API-Calls",5,"PsOpenProcess","  576 csrss.exe",3336,,,"11140 cygwin-console-helper.exe",,,,,,,,,,,,,,,,,,,,,,,,,,,,,1762784312729133400,,,,,,,,,,,,,,,,2097151,0,,,,,,,,,,,,,,,,,,,,,,,,,,,,,,,,,,,,,,,,,,,,,
"2025-11-10 14:18:32.7291457Z","2025-11-10 14:18:32.7291457Z","ETW","Microsoft-Windows-Kernel-Audit-API-Calls",6,"PsOpenThread","  576 csrss.exe",3336,,,"11140 cygwin-console-helper.exe",10668,,,,,,,,,,,,,,,,,,,,,,,,,,,,1762784312729145700,,,,,,,,,,,,,,,,2097151,0,,,,,,,,,,,,,,,,,,,,,,,,,,,,,,,,,,,,,,,,,,,,,
"2025-11-10 14:18:32.7293937Z","2025-11-10 14:18:32.7293937Z","ETW","Microsoft-Windows-Kernel-Process",5,"ImageLoad Info "," 5232 conhost.exe",10596,,," 5232 conhost.exe",,,"C:\Windows\System32\advapi32.dll",,,,,,,,,,,,,,,,,,,,,,,,,,1762784312729393700,,,,,,,,,,,140737306951680,140737306951680,744837,724992,4166620877,,,,,,,,,,,,,,,,,,,,,,,,,,,,,,,,,,,,,,,,,,,,,,,
"2025-11-10 14:18:32.7296048Z","2025-11-10 14:18:32.7296048Z","ETW","Microsoft-Windows-Kernel-Process",5,"ImageLoad Info "," 5232 conhost.exe",10596,,," 5232 conhost.exe",,,"C:\Windows\System32\sechost.dll",,,,,,,,,,,,,,,,,,,,,,,,,,1762784312729604800,,,,,,,,,,,140737308262400,140737308262400,647124,651264,2117042745,,,,,,,,,,,,,,,,,,,,,,,,,,,,,,,,,,,,,,,,,,,,,,,
"2025-11-10 14:18:32.7298326Z","2025-11-10 14:18:32.7298326Z","ETW","Microsoft-Windows-Kernel-Process",5,"ImageLoad Info "," 5232 conhost.exe",10596,,," 5232 conhost.exe",,,"C:\Windows\System32\bcrypt.dll",,,,,,,,,,,,,,,,,,,,,,,,,,1762784312729832600,,,,,,,,,,,140737279623168,140737279623168,171668,159744,2220160889,,,,,,,,,,,,,,,,,,,,,,,,,,,,,,,,,,,,,,,,,,,,,,,
"2025-11-10 14:18:32.7330934Z","2025-11-10 14:18:32.7330934Z","ETW","Microsoft-Windows-Kernel-Process",3,"ThreadStart Start "," 5232 conhost.exe",10596,,," 5232 conhost.exe",,,,,,,,,,,,,,,,,,,,,,,,,,,,,1762784312733093400,,18446606103145218048,18446606103145189376,140700242153168,0,404144361472,4400,404143996928,404143988736,140700242153168,,,,,,,,,,,,,,,,,,,,,,,,,,,,,,,,,,,,,,,,,,,,,,,,,,,,
"2025-11-10 14:18:32.7331120Z","2025-11-10 14:18:32.7331120Z","ETW","Microsoft-Windows-Kernel-Audit-API-Calls",6,"PsOpenThread"," 5232 conhost.exe",10596,,," 5232 conhost.exe",4400,,,,,,,,,,,,,,,,,,,,,,,,,,,,1762784312733112000,,,,,,,,,,,,,,,,64,0,,,,,,,,,,,,,,,,,,,,,,,,,,,,,,,,,,,,,,,,,,,,,
"2025-11-10 14:18:32.7331852Z","2025-11-10 14:18:32.7331852Z","ETW","Microsoft-Windows-Kernel-Process",3,"ThreadStart Start "," 5232 conhost.exe",10596,,," 5232 conhost.exe",,,,,,,,,,,,,,,,,,,,,,,,,,,,,1762784312733185200,,18446606103145250816,18446606103145222144,140700242381968,0,404144369664,11148,404146880512,404146872320,140700242381968,,,,,,,,,,,,,,,,,,,,,,,,,,,,,,,,,,,,,,,,,,,,,,,,,,,,
"2025-11-10 14:18:32.7331959Z","2025-11-10 14:18:32.7331959Z","ETW","Microsoft-Windows-Kernel-Audit-API-Calls",6,"PsOpenThread"," 5232 conhost.exe",10596,,," 5232 conhost.exe",11148,,,,,,,,,,,,,,,,,,,,,,,,,,,,1762784312733195900,,,,,,,,,,,,,,,,64,0,,,,,,,,,,,,,,,,,,,,,,,,,,,,,,,,,,,,,,,,,,,,,
"2025-11-10 14:18:32.7332562Z","2025-11-10 14:18:32.7332562Z","ETW","Microsoft-Windows-Kernel-Process",4,"ThreadStop Stop "," 5232 conhost.exe",10596,,," 5232 conhost.exe",,,,,,,,,,,,,,,,,,,,,,,,,,,,,1762784312733256200,,18446606103145086976,18446606103145058304,140700242212704,0,404144345088,10596,404142948352,404142936064,140700242212704,,,,,,,,,,,26128894,,,,,,,,,,,,,,,,,,,,,,,,,,,,,,,,,,,,,,,,,
"2025-11-10 14:18:32.7349565Z","2025-11-10 14:18:32.7349565Z","ETW","Microsoft-Windows-Kernel-Process",5,"ImageLoad Info ","11140 cygwin-console-helper.exe",10668,,,"11140 cygwin-console-helper.exe",,,"C:\Program Files\Git\usr\bin\cygwin-console-helper.exe",,,,,,,,,,,,,,,,,,,,,,,,,,1762784312734956500,,,,,,,,,,,140700799860736,140700799860736,49333,73728,1752689865,,,,,,,,,,,,,,,,,,,,,,,,,,,,,,,,,,,,,,,,,,,,,,,
"2025-11-10 14:18:32.7350956Z","2025-11-10 14:18:32.7350956Z","ETW","Microsoft-Windows-Kernel-Process",5,"ImageLoad Info ","11140 cygwin-console-helper.exe",10668,,,"11140 cygwin-console-helper.exe",,,"C:\Windows\System32\ntdll.dll",,,,,,,,,,,,,,,,,,,,,,,,,,1762784312735095600,,,,,,,,,,,140737324318720,140737324318720,2048895,2064384,2127151453,,,,,,,,,,,,,,,,,,,,,,,,,,,,,,,,,,,,,,,,,,,,,,,
"2025-11-10 14:18:32.7354465Z","2025-11-10 14:18:32.7354465Z","ETW","Microsoft-Windows-Kernel-Process",3,"ThreadStart Start "," 5232 conhost.exe",6796,,," 5232 conhost.exe",,,,,,,,,,,,,,,,,,,,,,,,,,,,,1762784312735446600,,18446606103145086976,18446606103145058304,140737324634384,0,404144377856,11816,404142948352,404142940160,140737324634384,,,,,,,,,,,,,,,,,,,,,,,,,,,,,,,,,,,,,,,,,,,,,,,,,,,,
"2025-11-10 14:18:32.7354743Z","2025-11-10 14:18:32.7354743Z","ETW","Microsoft-Windows-Kernel-Audit-API-Calls",6,"PsOpenThread"," 5232 conhost.exe",6796,,," 5232 conhost.exe",11816,,,,,,,,,,,,,,,,,,,,,,,,,,,,1762784312735474300,,,,,,,,,,,,,,,,64,0,,,,,,,,,,,,,,,,,,,,,,,,,,,,,,,,,,,,,,,,,,,,,
"2025-11-10 14:18:32.7398953Z","2025-11-10 14:18:32.7398953Z","ETW","Microsoft-Windows-Kernel-Process",5,"ImageLoad Info ","11140 cygwin-console-helper.exe",10668,,,"11140 cygwin-console-helper.exe",,,"C:\Windows\System32\kernel32.dll",,,,,,,,,,,,,,,,,,,,,,,,,,1762784312739895300,,,,,,,,,,,140737321435136,140737321435136,801304,794624,4007722010,,,,,,,,,,,,,,,,,,,,,,,,,,,,,,,,,,,,,,,,,,,,,,,
"2025-11-10 14:18:32.7401708Z","2025-11-10 14:18:32.7401708Z","ETW","Microsoft-Windows-Kernel-Process",5,"ImageLoad Info ","11140 cygwin-console-helper.exe",10668,,,"11140 cygwin-console-helper.exe",,,"C:\Windows\System32\KernelBase.dll",,,,,,,,,,,,,,,,,,,,,,,,,,1762784312740170800,,,,,,,,,,,140737318289408,140737318289408,3171178,3104768,1448155220,,,,,,,,,,,,,,,,,,,,,,,,,,,,,,,,,,,,,,,,,,,,,,,
"2025-11-10 14:18:32.7412350Z","2025-11-10 14:18:32.7412350Z","ETW","Microsoft-Windows-Kernel-Audit-API-Calls",5,"PsOpenProcess"," 5232 conhost.exe",4400,,,"11140 cygwin-console-helper.exe",,,,,,,,,,,,,,,,,,,,,,,,,,,,,1762784312741235000,,,,,,,,,,,,,,,,33554432,0,,,,,,,,,,,,,,,,,,,,,,,,,,,,,,,,,,,,,,,,,,,,,
"2025-11-10 14:18:32.7413248Z","2025-11-10 14:18:32.7413248Z","ETW","Microsoft-Windows-Kernel-Process",5,"ImageLoad Info "," 5232 conhost.exe",4400,,," 5232 conhost.exe",,,"C:\Windows\System32\user32.dll",,,,,,,,,,,,,,,,,,,,,,,,,,1762784312741324800,,,,,,,,,,,140737322287104,140737322287104,1767867,1708032,1351922499,,,,,,,,,,,,,,,,,,,,,,,,,,,,,,,,,,,,,,,,,,,,,,,
"2025-11-10 14:18:32.7415722Z","2025-11-10 14:18:32.7415722Z","ETW","Microsoft-Windows-Kernel-Process",5,"ImageLoad Info "," 5232 conhost.exe",4400,,," 5232 conhost.exe",,,"C:\Windows\System32\win32u.dll",,,,,,,,,,,,,,,,,,,,,,,,,,1762784312741572200,,,,,,,,,,,140737281196032,140737281196032,183095,139264,3760910660,,,,,,,,,,,,,,,,,,,,,,,,,,,,,,,,,,,,,,,,,,,,,,,
"2025-11-10 14:18:32.7417999Z","2025-11-10 14:18:32.7417999Z","ETW","Microsoft-Windows-Kernel-Process",5,"ImageLoad Info "," 5232 conhost.exe",4400,,," 5232 conhost.exe",,,"C:\Windows\System32\gdi32.dll",,,,,,,,,,,,,,,,,,,,,,,,,,1762784312741799900,,,,,,,,,,,140737309507584,140737309507584,210990,176128,2413768611,,,,,,,,,,,,,,,,,,,,,,,,,,,,,,,,,,,,,,,,,,,,,,,
"2025-11-10 14:18:32.7420082Z","2025-11-10 14:18:32.7420082Z","ETW","Microsoft-Windows-Kernel-Process",5,"ImageLoad Info "," 5232 conhost.exe",4400,,," 5232 conhost.exe",,,"C:\Windows\System32\gdi32full.dll",,,,,,,,,,,,,,,,,,,,,,,,,,1762784312742008200,,,,,,,,,,,140737281392640,140737281392640,1167211,1150976,1288019395,,,,,,,,,,,,,,,,,,,,,,,,,,,,,,,,,,,,,,,,,,,,,,,
"2025-11-10 14:18:32.7426080Z","2025-11-10 14:18:32.7426080Z","ETW","Microsoft-Windows-Kernel-Audit-API-Calls",6,"PsOpenThread","  576 csrss.exe",3336,,," 5232 conhost.exe",4400,,,,,,,,,,,,,,,,,,,,,,,,,,,,1762784312742608000,,,,,,,,,,,,,,,,2097151,0,,,,,,,,,,,,,,,,,,,,,,,,,,,,,,,,,,,,,,,,,,,,,
"2025-11-10 14:18:32.7429662Z","2025-11-10 14:18:32.7429662Z","ETW","Microsoft-Windows-Kernel-Process",5,"ImageLoad Info "," 5232 conhost.exe",4400,,," 5232 conhost.exe",,,"C:\Windows\System32\imm32.dll",,,,,,,,,,,,,,,,,,,,,,,,,,1762784312742966200,,,,,,,,,,,140737309310976,140737309310976,238320,192512,770155462,,,,,,,,,,,,,,,,,,,,,,,,,,,,,,,,,,,,,,,,,,,,,,,
"2025-11-10 14:18:32.7459285Z","2025-11-10 14:18:32.7459285Z","ETW","Microsoft-Windows-Kernel-Process",3,"ThreadStart Start "," 5232 conhost.exe",4400,,," 5232 conhost.exe",,,,,,,,,,,,,,,,,,,,,,,,,,,,,1762784312745928500,,18446606103145283584,18446606103145254912,140700242196320,0,404144386048,9796,404147404800,404147396608,140700242196320,,,,,,,,,,,,,,,,,,,,,,,,,,,,,,,,,,,,,,,,,,,,,,,,,,,,
"2025-11-10 14:18:32.7459462Z","2025-11-10 14:18:32.7459462Z","ETW","Microsoft-Windows-Kernel-Audit-API-Calls",6,"PsOpenThread"," 5232 conhost.exe",4400,,," 5232 conhost.exe",9796,,,,,,,,,,,,,,,,,,,,,,,,,,,,1762784312745946300,,,,,,,,,,,,,,,,64,0,,,,,,,,,,,,,,,,,,,,,,,,,,,,,,,,,,,,,,,,,,,,,
"2025-11-10 14:18:32.7459980Z","2025-11-10 14:18:32.7459980Z","ETW","Microsoft-Windows-Kernel-Process",3,"ThreadStart Start "," 5232 conhost.exe",4400,,," 5232 conhost.exe",,,,,,,,,,,,,,,,,,,,,,,,,,,,,1762784312745998000,,18446606103145316352,18446606103145287680,140700242095872,0,404144394240,3576,404147929088,404147920896,140700242095872,,,,,,,,,,,,,,,,,,,,,,,,,,,,,,,,,,,,,,,,,,,,,,,,,,,,
"2025-11-10 14:18:32.7460076Z","2025-11-10 14:18:32.7460076Z","ETW","Microsoft-Windows-Kernel-Audit-API-Calls",6,"PsOpenThread"," 5232 conhost.exe",4400,,," 5232 conhost.exe",3576,,,,,,,,,,,,,,,,,,,,,,,,,,,,1762784312746007600,,,,,,,,,,,,,,,,64,0,,,,,,,,,,,,,,,,,,,,,,,,,,,,,,,,,,,,,,,,,,,,,
"2025-11-10 14:18:32.7470477Z","2025-11-10 14:18:32.7470477Z","ETW","Microsoft-Windows-Kernel-Process",5,"ImageLoad Info "," 5232 conhost.exe",3576,,," 5232 conhost.exe",,,"C:\Windows\System32\uxtheme.dll",,,,,,,,,,,,,,,,,,,,,,,,,,1762784312747047700,,,,,,,,,,,140737239515136,140737239515136,640454,647168,3697381598,,,,,,,,,,,,,,,,,,,,,,,,,,,,,,,,,,,,,,,,,,,,,,,
"2025-11-10 14:18:32.7476699Z","2025-11-10 14:18:32.7476699Z","ETW","Microsoft-Windows-Kernel-Audit-API-Calls",5,"PsOpenProcess"," 1400 svchost.exe",1528,,," 5232 conhost.exe",,,,,,,,,,,,,,,,,,,,,,,,,,,,,1762784312747669900,,,,,,,,,,,,,,,,5240,0,,,,,,,,,,,,,,,,,,,,,,,,,,,,,,,,,,,,,,,,,,,,,
"2025-11-10 14:18:32.7477677Z","2025-11-10 14:18:32.7477677Z","ETW","Microsoft-Windows-Kernel-Audit-API-Calls",6,"PsOpenThread"," 1400 svchost.exe",6992,,," 5232 conhost.exe",3576,,,,,,,,,,,,,,,,,,,,,,,,,,,,1762784312747767700,,,,,,,,,,,,,,,,64,0,,,,,,,,,,,,,,,,,,,,,,,,,,,,,,,,,,,,,,,,,,,,,
"2025-11-10 14:18:32.7478152Z","2025-11-10 14:18:32.7478152Z","ETW","Microsoft-Windows-Kernel-Audit-API-Calls",5,"PsOpenProcess"," 1400 svchost.exe",6992,,," 5232 conhost.exe",,,,,,,,,,,,,,,,,,,,,,,,,,,,,1762784312747815200,,,,,,,,,,,,,,,,1024,0,,,,,,,,,,,,,,,,,,,,,,,,,,,,,,,,,,,,,,,,,,,,,
"2025-11-10 14:18:32.7485730Z","2025-11-10 14:18:32.7485730Z","ETW","Microsoft-Windows-Kernel-Process",5,"ImageLoad Info "," 5232 conhost.exe",3576,,," 5232 conhost.exe",,,"C:\Windows\System32\msctf.dll",,,,,,,,,,,,,,,,,,,,,,,,,,1762784312748573000,,,,,,,,,,,140737291616256,140737291616256,1159359,1134592,3815625169,,,,,,,,,,,,,,,,,,,,,,,,,,,,,,,,,,,,,,,,,,,,,,,
"2025-11-10 14:18:32.7489228Z","2025-11-10 14:18:32.7489228Z","ETW","Microsoft-Windows-Kernel-Process",5,"ImageLoad Info "," 5232 conhost.exe",3576,,," 5232 conhost.exe",,,"C:\Windows\System32\oleaut32.dll",,,,,,,,,,,,,,,,,,,,,,,,,,1762784312748922800,,,,,,,,,,,140737315012608,140737315012608,849765,839680,3559841777,,,,,,,,,,,,,,,,,,,,,,,,,,,,,,,,,,,,,,,,,,,,,,,
"2025-11-10 14:18:32.7505039Z","2025-11-10 14:18:32.7505039Z","ETW","Microsoft-Windows-Kernel-Audit-API-Calls",5,"PsOpenProcess"," 6464 explorer.exe",4280,,," 5232 conhost.exe",,,,,,,,,,,,,,,,,,,,,,,,,,,,,1762784312750504000,,,,,,,,,,,,,,,,4096,0,,,,,,,,,,,,,,,,,,,,,,,,,,,,,,,,,,,,,,,,,,,,,
"2025-11-10 14:18:32.7505392Z","2025-11-10 14:18:32.7505392Z","ETW","Microsoft-Windows-Kernel-Audit-API-Calls",6,"PsOpenThread","  576 csrss.exe",6036,,," 5232 conhost.exe",3576,,,,,,,,,,,,,,,,,,,,,,,,,,,,1762784312750539200,,,,,,,,,,,,,,,,2097151,0,,,,,,,,,,,,,,,,,,,,,,,,,,,,,,,,,,,,,,,,,,,,,
"2025-11-10 14:18:32.7518234Z","2025-11-10 14:18:32.7518234Z","ETW","Microsoft-Windows-Kernel-Audit-API-Calls",5,"PsOpenProcess"," 6464 explorer.exe",4280,,," 5232 conhost.exe",,,,,,,,,,,,,,,,,,,,,,,,,,,,,1762784312751823400,,,,,,,,,,,,,,,,4096,0,,,,,,,,,,,,,,,,,,,,,,,,,,,,,,,,,,,,,,,,,,,,,
"2025-11-10 14:18:32.7554200Z","2025-11-10 14:18:32.7554200Z","ETW","Microsoft-Windows-Kernel-Audit-API-Calls",5,"PsOpenProcess","10364 mintty.exe",3580,,,"10364 mintty.exe",,,,,,,,,,,,,,,,,,,,,,,,,,,,,1762784312755420000,,,,,,,,,,,,,,,,64,0,,,,,,,,,,,,,,,,,,,,,,,,,,,,,,,,,,,,,,,,,,,,,
"2025-11-10 14:18:32.7554475Z","2025-11-10 14:18:32.7554475Z","ETW","Microsoft-Windows-Kernel-Process",3,"ThreadStart Start "," 5232 conhost.exe",4400,,," 5232 conhost.exe",,,,,,,,,,,,,,,,,,,,,,,,,,,,,1762784312755447500,,18446606103145349120,18446606103145320448,140700242380928,0,404144402432,6076,404148453376,404148445184,140700242380928,,,,,,,,,,,,,,,,,,,,,,,,,,,,,,,,,,,,,,,,,,,,,,,,,,,,
"2025-11-10 14:18:32.7554689Z","2025-11-10 14:18:32.7554689Z","ETW","Microsoft-Windows-Kernel-Audit-API-Calls",6,"PsOpenThread"," 5232 conhost.exe",4400,,," 5232 conhost.exe",6076,,,,,,,,,,,,,,,,,,,,,,,,,,,,1762784312755469000,,,,,,,,,,,,,,,,64,0,,,,,,,,,,,,,,,,,,,,,,,,,,,,,,,,,,,,,,,,,,,,,
"2025-11-10 14:18:32.7555307Z","2025-11-10 14:18:32.7555307Z","ETW","Microsoft-Windows-Kernel-Audit-API-Calls",6,"PsOpenThread","10364 mintty.exe",5868,,,"10364 mintty.exe",5868,,,,,,,,,,,,,,,,,,,,,,,,,,,,1762784312755530700,,,,,,,,,,,,,,,,1024,0,,,,,,,,,,,,,,,,,,,,,,,,,,,,,,,,,,,,,,,,,,,,,
"2025-11-10 14:18:32.7566174Z","2025-11-10 14:18:32.7566174Z","ETW","Microsoft-Windows-Kernel-Process",5,"ImageLoad Info ","11140 cygwin-console-helper.exe",10668,,,"11140 cygwin-console-helper.exe",,,"C:\Windows\System32\msvcrt.dll",,,,,,,,,,,,,,,,,,,,,,,,,,1762784312756617400,,,,,,,,,,,140737314357248,140737314357248,681663,647168,2616593924,,,,,,,,,,,,,,,,,,,,,,,,,,,,,,,,,,,,,,,,,,,,,,,
"2025-11-10 14:18:32.7568653Z","2025-11-10 14:18:32.7568653Z","ETW","Microsoft-Windows-Kernel-Process",3,"ThreadStart Start ","11140 cygwin-console-helper.exe",10668,,,"11140 cygwin-console-helper.exe",,,,,,,,,,,,,,,,,,,,,,,,,,,,,1762784312756865300,,18446606103145381888,18446606103145353216,140737324634384,0,507319173120,8456,507324137472,507324133376,140737324634384,,,,,,,,,,,,,,,,,,,,,,,,,,,,,,,,,,,,,,,,,,,,,,,,,,,,
"2025-11-10 14:18:32.7568831Z","2025-11-10 14:18:32.7568831Z","ETW","Microsoft-Windows-Kernel-Audit-API-Calls",6,"PsOpenThread","11140 cygwin-console-helper.exe",10668,,,"11140 cygwin-console-helper.exe",8456,,,,,,,,,,,,,,,,,,,,,,,,,,,,1762784312756883100,,,,,,,,,,,,,,,,64,0,,,,,,,,,,,,,,,,,,,,,,,,,,,,,,,,,,,,,,,,,,,,,
"2025-11-10 14:18:32.7572108Z","2025-11-10 14:18:32.7572108Z","ETW","Microsoft-Windows-Kernel-Process",4,"ThreadStop Stop "," 4436 firefox.exe",4640,,," 4436 firefox.exe",,,,,,,,,,,,,,,,,,,,,,,,,,,,,1762784312757210800,,18446606103121494016,18446606103121465344,1534659664752,0,428031033344,4640,428030099456,428030087168,1534659664752,,,,,,,,,,,5261865,,,,,,,,,,,,,,,,,,,,,,,,,,,,,,,,,,,,,,,,,
"2025-11-10 14:18:32.7575575Z","2025-11-10 14:18:32.7575575Z","ETW","Microsoft-Windows-Kernel-Audit-API-Calls",5,"PsOpenProcess","11580 bash.exe",12016,,,"11140 cygwin-console-helper.exe",,,,,,,,,,,,,,,,,,,,,,,,,,,,,1762784312757557500,,,,,,,,,,,,,,,,4096,0,,,,,,,,,,,,,,,,,,,,,,,,,,,,,,,,,,,,,,,,,,,,,
"2025-11-10 14:18:32.7576408Z","2025-11-10 14:18:32.7576408Z","ETW","Microsoft-Windows-Kernel-Audit-API-Calls",5,"PsOpenProcess"," 5232 conhost.exe",4400,,,"11580 bash.exe",,,,,,,,,,,,,,,,,,,,,,,,,,,,,1762784312757640900,,,,,,,,,,,,,,,,33554432,0,,,,,,,,,,,,,,,,,,,,,,,,,,,,,,,,,,,,,,,,,,,,,
"2025-11-10 14:18:32.7578190Z","2025-11-10 14:18:32.7578190Z","ETW","Microsoft-Windows-Kernel-Process",4,"ThreadStop Stop ","11140 cygwin-console-helper.exe",10668,,,"11140 cygwin-console-helper.exe",,,,,,,,,,,,,,,,,,,,,,,,,,,,,1762784312757819000,,18446606103145119744,18446606103145091072,140700799865856,0,507319164928,10668,507322040320,507322028032,140700799865856,,,,,,,,,,,11029472,,,,,,,,,,,,,,,,,,,,,,,,,,,,,,,,,,,,,,,,,
"2025-11-10 14:18:32.7579603Z","2025-11-10 14:18:32.7579603Z","ETW","Microsoft-Windows-Kernel-Process",4,"ThreadStop Stop ","11140 cygwin-console-helper.exe",8456,,,"11140 cygwin-console-helper.exe",,,,,,,,,,,,,,,,,,,,,,,,,,,,,1762784312757960300,,18446606103145381888,18446606103145353216,140737324634384,0,507319173120,8456,507324137472,507324133376,140737324634384,,,,,,,,,,,62786,,,,,,,,,,,,,,,,,,,,,,,,,,,,,,,,,,,,,,,,,
"2025-11-10 14:18:32.7581056Z","2025-11-10 14:18:32.7581056Z","ETW","Microsoft-Windows-Kernel-Process",6,"ImageUnload Info ","11140 cygwin-console-helper.exe",8456,,,"11140 cygwin-console-helper.exe",,,"C:\Program Files\Git\usr\bin\cygwin-console-helper.exe",,,,,,,,,,,,,,,,,,,,,,,,,,1762784312758105600,,,,,,,,,,,140700799860736,140700799860736,49333,73728,1752689865,,,,,,,,,,,,,,,,,,,,,,,,,,,,,,,,,,,,,,,,,,,,,,,
"2025-11-10 14:18:32.7581281Z","2025-11-10 14:18:32.7581281Z","ETW","Microsoft-Windows-Kernel-Process",6,"ImageUnload Info ","11140 cygwin-console-helper.exe",8456,,,"11140 cygwin-console-helper.exe",,,"C:\Windows\System32\msvcrt.dll",,,,,,,,,,,,,,,,,,,,,,,,,,1762784312758128100,,,,,,,,,,,140737314357248,140737314357248,681663,647168,2616593924,,,,,,,,,,,,,,,,,,,,,,,,,,,,,,,,,,,,,,,,,,,,,,,
"2025-11-10 14:18:32.7581410Z","2025-11-10 14:18:32.7581410Z","ETW","Microsoft-Windows-Kernel-Process",6,"ImageUnload Info ","11140 cygwin-console-helper.exe",8456,,,"11140 cygwin-console-helper.exe",,,"C:\Windows\System32\KernelBase.dll",,,,,,,,,,,,,,,,,,,,,,,,,,1762784312758141000,,,,,,,,,,,140737318289408,140737318289408,3171178,3104768,1448155220,,,,,,,,,,,,,,,,,,,,,,,,,,,,,,,,,,,,,,,,,,,,,,,
"2025-11-10 14:18:32.7581519Z","2025-11-10 14:18:32.7581519Z","ETW","Microsoft-Windows-Kernel-Process",6,"ImageUnload Info ","11140 cygwin-console-helper.exe",8456,,,"11140 cygwin-console-helper.exe",,,"C:\Windows\System32\kernel32.dll",,,,,,,,,,,,,,,,,,,,,,,,,,1762784312758151900,,,,,,,,,,,140737321435136,140737321435136,801304,794624,4007722010,,,,,,,,,,,,,,,,,,,,,,,,,,,,,,,,,,,,,,,,,,,,,,,
"2025-11-10 14:18:32.7581628Z","2025-11-10 14:18:32.7581628Z","ETW","Microsoft-Windows-Kernel-Process",6,"ImageUnload Info ","11140 cygwin-console-helper.exe",8456,,,"11140 cygwin-console-helper.exe",,,"C:\Windows\System32\ntdll.dll",,,,,,,,,,,,,,,,,,,,,,,,,,1762784312758162800,,,,,,,,,,,140737324318720,140737324318720,2048895,2064384,2127151453,,,,,,,,,,,,,,,,,,,,,,,,,,,,,,,,,,,,,,,,,,,,,,,
"2025-11-10 14:18:32.7582130Z","2025-11-10 14:18:32.7582130Z","ETW","Microsoft-Windows-Kernel-Process",2,"ProcessStop Stop ","11140 cygwin-console-helper.exe",8456,,,"11140 cygwin-console-helper.exe",,,"cygwin-console",,,,,,,,,,,,,,,,,,,,,,,,,,1762784312758213000,,,,,,,,,,,,,,,,,,,,,,,,134072579127082517,,,,,,,25922,,,,,,,,,,,,,,516096,516096,11711492,0,134072579127580488,37,0,1,1,3,1,0,,,,,,
"2025-11-10 14:18:32.7590160Z","2025-11-10 14:18:32.7590160Z","ETW","Microsoft-Windows-Kernel-Audit-API-Calls",5,"PsOpenProcess","11580 bash.exe",12016,,,"11580 bash.exe",,,,,,,,,,,,,,,,,,,,,,,,,,,,,1762784312759016000,,,,,,,,,,,,,,,,4096,0,,,,,,,,,,,,,,,,,,,,,,,,,,,,,,,,,,,,,,,,,,,,,
"2025-11-10 14:18:32.7598063Z","2025-11-10 14:18:32.7598063Z","ETW","Microsoft-Windows-Kernel-Process",1,"ProcessStart Start ","11580 bash.exe",12016,,,"10860 git.exe",,,"C:\Program Files\Git\mingw64\bin\git.exe",,,,,,,,,,,,,,,,,,,,,,,,,,1762784312759806300,,,,,,,,,,,,,4315928,,1759182642,,,,,,,,,134072579127597618,0,"0x","","",11580,25920,25923,3,0,1,,,,,,,,,,,,,,,,,,,,,,,,,,,,
"2025-11-10 14:18:32.7602338Z","2025-11-10 14:18:32.7602338Z","ETW","Microsoft-Windows-Kernel-File",30,"CreateNewFile Info "," 1380 svchost.exe",1468,,,,,,"C:\Windows\Prefetch\CYGWIN-CONSOLE-HELPER.EXE-789B8AA4.pf",,,,,,,,,,,,,,,,,,,,,,,,,,1762784312760233800,,,,,,,,,,,,,,,,,,,,,,,,,,,,,,,,,,,,,,,,,,,,,,,,,,,,,,,,,0,83886176,18446690209782485744,18446690209774144264,1468,0
"2025-11-10 14:18:32.7605643Z","2025-11-10 14:18:32.7605643Z","ETW","Microsoft-Windows-Kernel-Audit-API-Calls",6,"PsOpenThread"," 2972 cyserver.exe",7728,,,"11580 bash.exe",12016,,,,,,,,,,,,,,,,,,,,,,,,,,,,1762784312760564300,,,,,,,,,,,,,,,,64,0,,,,,,,,,,,,,,,,,,,,,,,,,,,,,,,,,,,,,,,,,,,,,
"2025-11-10 14:18:32.7605745Z","2025-11-10 14:18:32.7605745Z","ETW","Microsoft-Windows-Kernel-Audit-API-Calls",5,"PsOpenProcess"," 2972 cyserver.exe",7728,,,"11580 bash.exe",,,,,,,,,,,,,,,,,,,,,,,,,,,,,1762784312760574500,,,,,,,,,,,,,,,,1024,0,,,,,,,,,,,,,,,,,,,,,,,,,,,,,,,,,,,,,,,,,,,,,
"2025-11-10 14:18:32.7617278Z","2025-11-10 14:18:32.7617278Z","ETW","Microsoft-Windows-Kernel-Audit-API-Calls",6,"PsOpenThread"," 2972 cyserver.exe",7160,,,"11580 bash.exe",12016,,,,,,,,,,,,,,,,,,,,,,,,,,,,1762784312761727800,,,,,,,,,,,,,,,,64,0,,,,,,,,,,,,,,,,,,,,,,,,,,,,,,,,,,,,,,,,,,,,,
"2025-11-10 14:18:32.7617363Z","2025-11-10 14:18:32.7617363Z","ETW","Microsoft-Windows-Kernel-Audit-API-Calls",5,"PsOpenProcess"," 2972 cyserver.exe",7160,,,"11580 bash.exe",,,,,,,,,,,,,,,,,,,,,,,,,,,,,1762784312761736300,,,,,,,,,,,,,,,,1024,0,,,,,,,,,,,,,,,,,,,,,,,,,,,,,,,,,,,,,,,,,,,,,
"2025-11-10 14:18:32.7646344Z","2025-11-10 14:18:32.7646344Z","ETW","Microsoft-Windows-Kernel-Audit-API-Calls",5,"PsOpenProcess"," 2972 cyserver.exe",7160,,,"10860 git.exe",,,,,,,,,,,,,,,,,,,,,,,,,,,,,1762784312764634400,,,,,,,,,,,,,,,,2147483648,0,,,,,,,,,,,,,,,,,,,,,,,,,,,,,,,,,,,,,,,,,,,,,
"2025-11-10 14:18:32.7710913Z","2025-11-10 14:18:32.7710913Z","ETW","Microsoft-Windows-Kernel-Audit-API-Calls",6,"PsOpenThread","10364 mintty.exe",5868,,,"10364 mintty.exe",5868,,,,,,,,,,,,,,,,,,,,,,,,,,,,1762784312771091300,,,,,,,,,,,,,,,,1024,0,,,,,,,,,,,,,,,,,,,,,,,,,,,,,,,,,,,,,,,,,,,,,
"2025-11-10 14:18:32.7715201Z","2025-11-10 14:18:32.7715201Z","ETW","Microsoft-Windows-Kernel-Process",3,"ThreadStart Start ","11580 bash.exe",12016,,,"10860 git.exe",,,,,,,,,,,,,,,,,,,,,,,,,,,,,1762784312771520100,,18446606103145381888,18446606103145353216,140702939157504,0,216690110464,6116,216692424704,216692420608,140702939157504,,,,,,,,,,,,,,,,,,,,,,,,,,,,,,,,,,,,,,,,,,,,,,,,,,,,
"2025-11-10 14:18:32.7715365Z","2025-11-10 14:18:32.7715365Z","ETW","Microsoft-Windows-Kernel-Audit-API-Calls",6,"PsOpenThread","11580 bash.exe",12016,,,"10860 git.exe",6116,,,,,,,,,,,,,,,,,,,,,,,,,,,,1762784312771536500,,,,,,,,,,,,,,,,64,0,,,,,,,,,,,,,,,,,,,,,,,,,,,,,,,,,,,,,,,,,,,,,
"2025-11-10 14:18:32.7719688Z","2025-11-10 14:18:32.7719688Z","ETW","Microsoft-Windows-Kernel-Audit-API-Calls",5,"PsOpenProcess","  576 csrss.exe",592,,,"10860 git.exe",,,,,,,,,,,,,,,,,,,,,,,,,,,,,1762784312771968800,,,,,,,,,,,,,,,,2097151,0,,,,,,,,,,,,,,,,,,,,,,,,,,,,,,,,,,,,,,,,,,,,,
"2025-11-10 14:18:32.7719802Z","2025-11-10 14:18:32.7719802Z","ETW","Microsoft-Windows-Kernel-Audit-API-Calls",6,"PsOpenThread","  576 csrss.exe",592,,,"10860 git.exe",6116,,,,,,,,,,,,,,,,,,,,,,,,,,,,1762784312771980300,,,,,,,,,,,,,,,,2097151,0,,,,,,,,,,,,,,,,,,,,,,,,,,,,,,,,,,,,,,,,,,,,,
"2025-11-10 14:18:32.7725174Z","2025-11-10 14:18:32.7725174Z","ETW","Microsoft-Windows-Kernel-Audit-API-Calls",3,"NtCreateSymbolicLinkObject","11580 bash.exe",12016,,,,,,,,,,,,,,,,,,,,,,,,,,,,,,,,1762784312772517400,,,,,,,,,,,,,,,,983041,0,,,,,,,,,,,,,,,,,,"winpid.10860","1091",,,,,,,,,,,,,,,,,,,,,,,,,,
"2025-11-10 14:18:32.7750429Z","2025-11-10 14:18:32.7750429Z","ETW","Microsoft-Windows-Kernel-Process",5,"ImageLoad Info ","10860 git.exe",6116,,,"10860 git.exe",,,"C:\Program Files\Git\mingw64\bin\git.exe",,,,,,,,,,,,,,,,,,,,,,,,,,1762784312775042900,,,,,,,,,,,140702939152384,140702939152384,4315928,4505600,1759182642,,,,,,,,,,,,,,,,,,,,,,,,,,,,,,,,,,,,,,,,,,,,,,,
"2025-11-10 14:18:32.7752249Z","2025-11-10 14:18:32.7752249Z","ETW","Microsoft-Windows-Kernel-Process",5,"ImageLoad Info ","10860 git.exe",6116,,,"10860 git.exe",,,"C:\Windows\System32\ntdll.dll",,,,,,,,,,,,,,,,,,,,,,,,,,1762784312775224900,,,,,,,,,,,140737324318720,140737324318720,2048895,2064384,2127151453,,,,,,,,,,,,,,,,,,,,,,,,,,,,,,,,,,,,,,,,,,,,,,,
"2025-11-10 14:18:32.7838564Z","2025-11-10 14:18:32.7838564Z","ETW","Microsoft-Windows-Kernel-Audit-API-Calls",6,"PsOpenThread","10364 mintty.exe",5868,,,"10364 mintty.exe",5868,,,,,,,,,,,,,,,,,,,,,,,,,,,,1762784312783856400,,,,,,,,,,,,,,,,1024,0,,,,,,,,,,,,,,,,,,,,,,,,,,,,,,,,,,,,,,,,,,,,,
"2025-11-10 14:18:32.7839696Z","2025-11-10 14:18:32.7839696Z","ETW","Microsoft-Windows-Kernel-Process",5,"ImageLoad Info ","10860 git.exe",6116,,,"10860 git.exe",,,"C:\Windows\System32\kernel32.dll",,,,,,,,,,,,,,,,,,,,,,,,,,1762784312783969600,,,,,,,,,,,140737321435136,140737321435136,801304,794624,4007722010,,,,,,,,,,,,,,,,,,,,,,,,,,,,,,,,,,,,,,,,,,,,,,,
"2025-11-10 14:18:32.7842769Z","2025-11-10 14:18:32.7842769Z","ETW","Microsoft-Windows-Kernel-Process",5,"ImageLoad Info ","10860 git.exe",6116,,,"10860 git.exe",,,"C:\Windows\System32\KernelBase.dll",,,,,,,,,,,,,,,,,,,,,,,,,,1762784312784276900,,,,,,,,,,,140737318289408,140737318289408,3171178,3104768,1448155220,,,,,,,,,,,,,,,,,,,,,,,,,,,,,,,,,,,,,,,,,,,,,,,
"2025-11-10 14:18:32.7851844Z","2025-11-10 14:18:32.7851844Z","ETW","Microsoft-Windows-Kernel-Audit-API-Calls",5,"PsOpenProcess"," 5232 conhost.exe",4400,,,"10860 git.exe",,,,,,,,,,,,,,,,,,,,,,,,,,,,,1762784312785184400,,,,,,,,,,,,,,,,33554432,0,,,,,,,,,,,,,,,,,,,,,,,,,,,,,,,,,,,,,,,,,,,,,
"2025-11-10 14:18:32.7864116Z","2025-11-10 14:18:32.7864116Z","ETW","Microsoft-Windows-Kernel-Process",5,"ImageLoad Info ","10860 git.exe",6116,,,"10860 git.exe",,,"C:\Windows\System32\advapi32.dll",,,,,,,,,,,,,,,,,,,,,,,,,,1762784312786411600,,,,,,,,,,,140737306951680,140737306951680,744837,724992,4166620877,,,,,,,,,,,,,,,,,,,,,,,,,,,,,,,,,,,,,,,,,,,,,,,
"2025-11-10 14:18:32.7872814Z","2025-11-10 14:18:32.7872814Z","ETW","Microsoft-Windows-Kernel-Process",5,"ImageLoad Info ","10860 git.exe",6116,,,"10860 git.exe",,,"C:\Windows\System32\msvcrt.dll",,,,,,,,,,,,,,,,,,,,,,,,,,1762784312787281400,,,,,,,,,,,140737314357248,140737314357248,681663,647168,2616593924,,,,,,,,,,,,,,,,,,,,,,,,,,,,,,,,,,,,,,,,,,,,,,,
"2025-11-10 14:18:32.7875153Z","2025-11-10 14:18:32.7875153Z","ETW","Microsoft-Windows-Kernel-Process",3,"ThreadStart Start ","10860 git.exe",6116,,,"10860 git.exe",,,,,,,,,,,,,,,,,,,,,,,,,,,,,1762784312787515300,,18446606103145119744,18446606103145091072,140737324634384,0,216690118656,10656,216694521856,216694517760,140737324634384,,,,,,,,,,,,,,,,,,,,,,,,,,,,,,,,,,,,,,,,,,,,,,,,,,,,
"2025-11-10 14:18:32.7875343Z","2025-11-10 14:18:32.7875343Z","ETW","Microsoft-Windows-Kernel-Audit-API-Calls",6,"PsOpenThread","10860 git.exe",6116,,,"10860 git.exe",10656,,,,,,,,,,,,,,,,,,,,,,,,,,,,1762784312787534300,,,,,,,,,,,,,,,,64,0,,,,,,,,,,,,,,,,,,,,,,,,,,,,,,,,,,,,,,,,,,,,,
"2025-11-10 14:18:32.7876077Z","2025-11-10 14:18:32.7876077Z","ETW","Microsoft-Windows-Kernel-Process",5,"ImageLoad Info ","10860 git.exe",6116,,,"10860 git.exe",,,"C:\Windows\System32\sechost.dll",,,,,,,,,,,,,,,,,,,,,,,,,,1762784312787607700,,,,,,,,,,,140737308262400,140737308262400,647124,651264,2117042745,,,,,,,,,,,,,,,,,,,,,,,,,,,,,,,,,,,,,,,,,,,,,,,
"2025-11-10 14:18:32.7877988Z","2025-11-10 14:18:32.7877988Z","ETW","Microsoft-Windows-Kernel-Process",5,"ImageLoad Info ","10860 git.exe",6116,,,"10860 git.exe",,,"C:\Windows\System32\rpcrt4.dll",,,,,,,,,,,,,,,,,,,,,,,,,,1762784312787798800,,,,,,,,,,,140737317109760,140737317109760,1217917,1179648,2756017066,,,,,,,,,,,,,,,,,,,,,,,,,,,,,,,,,,,,,,,,,,,,,,,
"2025-11-10 14:18:32.7879931Z","2025-11-10 14:18:32.7879931Z","ETW","Microsoft-Windows-Kernel-Process",5,"ImageLoad Info ","10860 git.exe",6116,,,"10860 git.exe",,,"C:\Windows\System32\bcrypt.dll",,,,,,,,,,,,,,,,,,,,,,,,,,1762784312787993200,,,,,,,,,,,140737279623168,140737279623168,171668,159744,2220160889,,,,,,,,,,,,,,,,,,,,,,,,,,,,,,,,,,,,,,,,,,,,,,,
"2025-11-10 14:18:32.7882957Z","2025-11-10 14:18:32.7882957Z","ETW","Microsoft-Windows-Kernel-Process",5,"ImageLoad Info ","10860 git.exe",6116,,,"10860 git.exe",,,"C:\Windows\System32\user32.dll",,,,,,,,,,,,,,,,,,,,,,,,,,1762784312788295700,,,,,,,,,,,140737322287104,140737322287104,1767867,1708032,1351922499,,,,,,,,,,,,,,,,,,,,,,,,,,,,,,,,,,,,,,,,,,,,,,,
"2025-11-10 14:18:32.7884835Z","2025-11-10 14:18:32.7884835Z","ETW","Microsoft-Windows-Kernel-Process",5,"ImageLoad Info ","10860 git.exe",6116,,,"10860 git.exe",,,"C:\Windows\System32\win32u.dll",,,,,,,,,,,,,,,,,,,,,,,,,,1762784312788483500,,,,,,,,,,,140737281196032,140737281196032,183095,139264,3760910660,,,,,,,,,,,,,,,,,,,,,,,,,,,,,,,,,,,,,,,,,,,,,,,
"2025-11-10 14:18:32.7886469Z","2025-11-10 14:18:32.7886469Z","ETW","Microsoft-Windows-Kernel-Process",5,"ImageLoad Info ","10860 git.exe",6116,,,"10860 git.exe",,,"C:\Windows\System32\gdi32.dll",,,,,,,,,,,,,,,,,,,,,,,,,,1762784312788646900,,,,,,,,,,,140737309507584,140737309507584,210990,176128,2413768611,,,,,,,,,,,,,,,,,,,,,,,,,,,,,,,,,,,,,,,,,,,,,,,
"2025-11-10 14:18:32.7888168Z","2025-11-10 14:18:32.7888168Z","ETW","Microsoft-Windows-Kernel-Audit-API-Calls",6,"PsOpenThread","10364 mintty.exe",5868,,,"10364 mintty.exe",5868,,,,,,,,,,,,,,,,,,,,,,,,,,,,1762784312788816800,,,,,,,,,,,,,,,,1024,0,,,,,,,,,,,,,,,,,,,,,,,,,,,,,,,,,,,,,,,,,,,,,
"2025-11-10 14:18:32.7888706Z","2025-11-10 14:18:32.7888706Z","ETW","Microsoft-Windows-Kernel-Process",5,"ImageLoad Info ","10860 git.exe",6116,,,"10860 git.exe",,,"C:\Windows\System32\gdi32full.dll",,,,,,,,,,,,,,,,,,,,,,,,,,1762784312788870600,,,,,,,,,,,140737281392640,140737281392640,1167211,1150976,1288019395,,,,,,,,,,,,,,,,,,,,,,,,,,,,,,,,,,,,,,,,,,,,,,,
"2025-11-10 14:18:32.7891545Z","2025-11-10 14:18:32.7891545Z","ETW","Microsoft-Windows-Kernel-Process",5,"ImageLoad Info ","10860 git.exe",6116,,,"10860 git.exe",,,"C:\Windows\System32\msvcp_win.dll",,,,,,,,,,,,,,,,,,,,,,,,,,1762784312789154500,,,,,,,,,,,140737279819776,140737279819776,659111,643072,958749903,,,,,,,,,,,,,,,,,,,,,,,,,,,,,,,,,,,,,,,,,,,,,,,
"2025-11-10 14:18:32.7894076Z","2025-11-10 14:18:32.7894076Z","ETW","Microsoft-Windows-Kernel-Process",5,"ImageLoad Info ","10860 git.exe",6116,,,"10860 git.exe",,,"C:\Windows\System32\ucrtbase.dll",,,,,,,,,,,,,,,,,,,,,,,,,,1762784312789407600,,,,,,,,,,,140737283162112,140737283162112,1076532,1048576,2177850761,,,,,,,,,,,,,,,,,,,,,,,,,,,,,,,,,,,,,,,,,,,,,,,
"2025-11-10 14:18:32.7897106Z","2025-11-10 14:18:32.7897106Z","ETW","Microsoft-Windows-Kernel-Process",5,"ImageLoad Info ","10860 git.exe",6116,,,"10860 git.exe",,,"C:\Windows\System32\ws2_32.dll",,,,,,,,,,,,,,,,,,,,,,,,,,1762784312789710600,,,,,,,,,,,140737305772032,140737305772032,489137,438272,2047685052,,,,,,,,,,,,,,,,,,,,,,,,,,,,,,,,,,,,,,,,,,,,,,,
"2025-11-10 14:18:32.7908020Z","2025-11-10 14:18:32.7908020Z","ETW","Microsoft-Windows-Kernel-Process",5,"ImageLoad Info ","10860 git.exe",6116,,,"10860 git.exe",,,"C:\Program Files\Git\mingw64\bin\libiconv-2.dll",,,,,,,,,,,,,,,,,,,,,,,,,,1762784312790802000,,,,,,,,,,,140736814907392,140736814907392,1196713,1171456,1734459032,,,,,,,,,,,,,,,,,,,,,,,,,,,,,,,,,,,,,,,,,,,,,,,
"2025-11-10 14:18:32.7908859Z","2025-11-10 14:18:32.7908859Z","ETW","Microsoft-Windows-Kernel-Audit-API-Calls",6,"PsOpenThread"," 2972 cyserver.exe",7532,,,"10860 git.exe",6116,,,,,,,,,,,,,,,,,,,,,,,,,,,,1762784312790885900,,,,,,,,,,,,,,,,64,0,,,,,,,,,,,,,,,,,,,,,,,,,,,,,,,,,,,,,,,,,,,,,
"2025-11-10 14:18:32.7908978Z","2025-11-10 14:18:32.7908978Z","ETW","Microsoft-Windows-Kernel-Audit-API-Calls",5,"PsOpenProcess"," 2972 cyserver.exe",7532,,,"10860 git.exe",,,,,,,,,,,,,,,,,,,,,,,,,,,,,1762784312790897800,,,,,,,,,,,,,,,,1024,0,,,,,,,,,,,,,,,,,,,,,,,,,,,,,,,,,,,,,,,,,,,,,
"2025-11-10 14:18:32.7919883Z","2025-11-10 14:18:32.7919883Z","ETW","Microsoft-Windows-Kernel-Process",3,"ThreadStart Start ","10860 git.exe",10656,,,"10860 git.exe",,,,,,,,,,,,,,,,,,,,,,,,,,,,,1762784312791988300,,18446606103121494016,18446606103121465344,140737324634384,0,216690126848,10712,216696619008,216696614912,140737324634384,,,,,,,,,,,,,,,,,,,,,,,,,,,,,,,,,,,,,,,,,,,,,,,,,,,,
"2025-11-10 14:18:32.7920078Z","2025-11-10 14:18:32.7920078Z","ETW","Microsoft-Windows-Kernel-Audit-API-Calls",6,"PsOpenThread","10860 git.exe",10656,,,"10860 git.exe",10712,,,,,,,,,,,,,,,,,,,,,,,,,,,,1762784312792007800,,,,,,,,,,,,,,,,64,0,,,,,,,,,,,,,,,,,,,,,,,,,,,,,,,,,,,,,,,,,,,,,
"2025-11-10 14:18:32.7922329Z","2025-11-10 14:18:32.7922329Z","ETW","Microsoft-Windows-Kernel-Process",5,"ImageLoad Info ","10860 git.exe",10656,,,"10860 git.exe",,,"C:\Program Files\Git\mingw64\bin\libintl-8.dll",,,,,,,,,,,,,,,,,,,,,,,,,,1762784312792232900,,,,,,,,,,,140736852000768,140736852000768,317681,335872,1753251091,,,,,,,,,,,,,,,,,,,,,,,,,,,,,,,,,,,,,,,,,,,,,,,
"2025-11-10 14:18:32.7922844Z","2025-11-10 14:18:32.7922844Z","ETW","Microsoft-Windows-Kernel-Audit-API-Calls",6,"PsOpenThread"," 2972 cyserver.exe",10288,,,"10860 git.exe",10656,,,,,,,,,,,,,,,,,,,,,,,,,,,,1762784312792284500,,,,,,,,,,,,,,,,64,0,,,,,,,,,,,,,,,,,,,,,,,,,,,,,,,,,,,,,,,,,,,,,
"2025-11-10 14:18:32.7922948Z","2025-11-10 14:18:32.7922948Z","ETW","Microsoft-Windows-Kernel-Audit-API-Calls",5,"PsOpenProcess"," 2972 cyserver.exe",10288,,,"10860 git.exe",,,,,,,,,,,,,,,,,,,,,,,,,,,,,1762784312792294800,,,,,,,,,,,,,,,,1024,0,,,,,,,,,,,,,,,,,,,,,,,,,,,,,,,,,,,,,,,,,,,,,
"2025-11-10 14:18:32.7928892Z","2025-11-10 14:18:32.7928892Z","ETW","Microsoft-Windows-Kernel-Process",3,"ThreadStart Start ","10860 git.exe",10712,,,"10860 git.exe",,,,,,,,,,,,,,,,,,,,,,,,,,,,,1762784312792889200,,18446606103145414656,18446606103145385984,140737324634384,0,216690135040,10172,216698716160,216698712064,140737324634384,,,,,,,,,,,,,,,,,,,,,,,,,,,,,,,,,,,,,,,,,,,,,,,,,,,,
"2025-11-10 14:18:32.7929048Z","2025-11-10 14:18:32.7929048Z","ETW","Microsoft-Windows-Kernel-Audit-API-Calls",6,"PsOpenThread","10860 git.exe",10712,,,"10860 git.exe",10172,,,,,,,,,,,,,,,,,,,,,,,,,,,,1762784312792904800,,,,,,,,,,,,,,,,64,0,,,,,,,,,,,,,,,,,,,,,,,,,,,,,,,,,,,,,,,,,,,,,
"2025-11-10 14:18:32.7931357Z","2025-11-10 14:18:32.7931357Z","ETW","Microsoft-Windows-Kernel-Process",5,"ImageLoad Info ","10860 git.exe",10712,,,"10860 git.exe",,,"C:\Program Files\Git\mingw64\bin\libpcre2-8-0.dll",,,,,,,,,,,,,,,,,,,,,,,,,,1762784312793135800,,,,,,,,,,,140736842039296,140736842039296,736699,733184,1756356616,,,,,,,,,,,,,,,,,,,,,,,,,,,,,,,,,,,,,,,,,,,,,,,
"2025-11-10 14:18:32.7931883Z","2025-11-10 14:18:32.7931883Z","ETW","Microsoft-Windows-Kernel-Audit-API-Calls",6,"PsOpenThread"," 2972 cyserver.exe",7728,,,"10860 git.exe",10712,,,,,,,,,,,,,,,,,,,,,,,,,,,,1762784312793188300,,,,,,,,,,,,,,,,64,0,,,,,,,,,,,,,,,,,,,,,,,,,,,,,,,,,,,,,,,,,,,,,
"2025-11-10 14:18:32.7931982Z","2025-11-10 14:18:32.7931982Z","ETW","Microsoft-Windows-Kernel-Audit-API-Calls",5,"PsOpenProcess"," 2972 cyserver.exe",7728,,,"10860 git.exe",,,,,,,,,,,,,,,,,,,,,,,,,,,,,1762784312793198200,,,,,,,,,,,,,,,,1024,0,,,,,,,,,,,,,,,,,,,,,,,,,,,,,,,,,,,,,,,,,,,,,
"2025-11-10 14:18:32.7945259Z","2025-11-10 14:18:32.7945259Z","ETW","Microsoft-Windows-Kernel-Process",5,"ImageLoad Info ","10860 git.exe",10172,,,"10860 git.exe",,,"C:\Program Files\Git\mingw64\bin\libwinpthread-1.dll",,,,,,,,,,,,,,,,,,,,,,,,,,1762784312794525900,,,,,,,,,,,140736863469568,140736863469568,77046,90112,1758466668,,,,,,,,,,,,,,,,,,,,,,,,,,,,,,,,,,,,,,,,,,,,,,,
"2025-11-10 14:18:32.7945721Z","2025-11-10 14:18:32.7945721Z","ETW","Microsoft-Windows-Kernel-Audit-API-Calls",6,"PsOpenThread"," 2972 cyserver.exe",7160,,,"10860 git.exe",10172,,,,,,,,,,,,,,,,,,,,,,,,,,,,1762784312794572100,,,,,,,,,,,,,,,,64,0,,,,,,,,,,,,,,,,,,,,,,,,,,,,,,,,,,,,,,,,,,,,,
"2025-11-10 14:18:32.7945814Z","2025-11-10 14:18:32.7945814Z","ETW","Microsoft-Windows-Kernel-Audit-API-Calls",5,"PsOpenProcess"," 2972 cyserver.exe",7160,,,"10860 git.exe",,,,,,,,,,,,,,,,,,,,,,,,,,,,,1762784312794581400,,,,,,,,,,,,,,,,1024,0,,,,,,,,,,,,,,,,,,,,,,,,,,,,,,,,,,,,,,,,,,,,,
"2025-11-10 14:18:32.7968973Z","2025-11-10 14:18:32.7968973Z","ETW","Microsoft-Windows-Kernel-Process",5,"ImageLoad Info ","10860 git.exe",10712,,,"10860 git.exe",,,"C:\Program Files\Git\mingw64\bin\zlib1.dll",,,,,,,,,,,,,,,,,,,,,,,,,,1762784312796897300,,,,,,,,,,,140736855408640,140736855408640,173920,147456,1705996161,,,,,,,,,,,,,,,,,,,,,,,,,,,,,,,,,,,,,,,,,,,,,,,
"2025-11-10 14:18:32.7969503Z","2025-11-10 14:18:32.7969503Z","ETW","Microsoft-Windows-Kernel-Audit-API-Calls",6,"PsOpenThread"," 2972 cyserver.exe",10288,,,"10860 git.exe",10712,,,,,,,,,,,,,,,,,,,,,,,,,,,,1762784312796950400,,,,,,,,,,,,,,,,64,0,,,,,,,,,,,,,,,,,,,,,,,,,,,,,,,,,,,,,,,,,,,,,
"2025-11-10 14:18:32.7969614Z","2025-11-10 14:18:32.7969614Z","ETW","Microsoft-Windows-Kernel-Audit-API-Calls",5,"PsOpenProcess"," 2972 cyserver.exe",10288,,,"10860 git.exe",,,,,,,,,,,,,,,,,,,,,,,,,,,,,1762784312796961400,,,,,,,,,,,,,,,,1024,0,,,,,,,,,,,,,,,,,,,,,,,,,,,,,,,,,,,,,,,,,,,,,
"2025-11-10 14:18:32.7973089Z","2025-11-10 14:18:32.7973089Z","ETW","Microsoft-Windows-Kernel-Process",5,"ImageLoad Info ","10860 git.exe",10656,,,"10860 git.exe",,,"C:\Program Files\Git\mingw64\bin\libiconv-2.dll",,,,,,,,,,,,,,,,,,,,,,,,,,1762784312797308900,,,,,,,,,,,1372564750336,1372564750336,1196713,1171456,1734459032,,,,,,,,,,,,,,,,,,,,,,,,,,,,,,,,,,,,,,,,,,,,,,,
"2025-11-10 14:18:32.7973586Z","2025-11-10 14:18:32.7973586Z","ETW","Microsoft-Windows-Kernel-Audit-API-Calls",6,"PsOpenThread"," 2972 cyserver.exe",7728,,,"10860 git.exe",10656,,,,,,,,,,,,,,,,,,,,,,,,,,,,1762784312797358600,,,,,,,,,,,,,,,,64,0,,,,,,,,,,,,,,,,,,,,,,,,,,,,,,,,,,,,,,,,,,,,,
"2025-11-10 14:18:32.7973697Z","2025-11-10 14:18:32.7973697Z","ETW","Microsoft-Windows-Kernel-Audit-API-Calls",5,"PsOpenProcess"," 2972 cyserver.exe",7728,,,"10860 git.exe",,,,,,,,,,,,,,,,,,,,,,,,,,,,,1762784312797369700,,,,,,,,,,,,,,,,1024,0,,,,,,,,,,,,,,,,,,,,,,,,,,,,,,,,,,,,,,,,,,,,,
"2025-11-10 14:18:32.8020707Z","2025-11-10 14:18:32.8020707Z","ETW","Microsoft-Windows-Kernel-Process",6,"ImageUnload Info ","10860 git.exe",10656,,,"10860 git.exe",,,"C:\Program Files\Git\mingw64\bin\libiconv-2.dll",,,,,,,,,,,,,,,,,,,,,,,,,,1762784312802070700,,,,,,,,,,,1372564750336,1372564750336,1196713,1171456,1734459032,,,,,,,,,,,,,,,,,,,,,,,,,,,,,,,,,,,,,,,,,,,,,,,
"2025-11-10 14:18:32.8023426Z","2025-11-10 14:18:32.8023426Z","ETW","Microsoft-Windows-Kernel-Audit-API-Calls",6,"PsOpenThread","10364 mintty.exe",5868,,,"10364 mintty.exe",5868,,,,,,,,,,,,,,,,,,,,,,,,,,,,1762784312802342600,,,,,,,,,,,,,,,,1024,0,,,,,,,,,,,,,,,,,,,,,,,,,,,,,,,,,,,,,,,,,,,,,
"2025-11-10 14:18:32.8027030Z","2025-11-10 14:18:32.8027030Z","ETW","Microsoft-Windows-Kernel-Process",5,"ImageLoad Info ","10860 git.exe",6116,,,"10860 git.exe",,,"C:\Windows\System32\cryptbase.dll",,,,,,,,,,,,,,,,,,,,,,,,,,1762784312802703000,,,,,,,,,,,140737272020992,140737272020992,66383,49152,1678623338,,,,,,,,,,,,,,,,,,,,,,,,,,,,,,,,,,,,,,,,,,,,,,,
"2025-11-10 14:18:32.8038580Z","2025-11-10 14:18:32.8038580Z","ETW","Microsoft-Windows-Kernel-Process",5,"ImageLoad Info ","10860 git.exe",6116,,,"10860 git.exe",,,"C:\Windows\System32\bcryptprimitives.dll",,,,,,,,,,,,,,,,,,,,,,,,,,1762784312803858000,,,,,,,,,,,140737282572288,140737282572288,531569,532480,3309379821,,,,,,,,,,,,,,,,,,,,,,,,,,,,,,,,,,,,,,,,,,,,,,,
"2025-11-10 14:18:32.8051712Z","2025-11-10 14:18:32.8051712Z","ETW","Microsoft-Windows-Kernel-Process",5,"ImageLoad Info ","10860 git.exe",6116,,,"10860 git.exe",,,"C:\Windows\System32\imm32.dll",,,,,,,,,,,,,,,,,,,,,,,,,,1762784312805171200,,,,,,,,,,,140737309310976,140737309310976,238320,192512,770155462,,,,,,,,,,,,,,,,,,,,,,,,,,,,,,,,,,,,,,,,,,,,,,,
"2025-11-10 14:18:32.8301171Z","2025-11-10 14:18:32.8301171Z","ETW","Microsoft-Windows-Kernel-Process",5,"ImageLoad Info ","10860 git.exe",6116,,,"10860 git.exe",,,"C:\Windows\System32\ntmarta.dll",,,,,,,,,,,,,,,,,,,,,,,,,,1762784312830117100,,,,,,,,,,,140737265074176,140737265074176,197444,208896,4265087599,,,,,,,,,,,,,,,,,,,,,,,,,,,,,,,,,,,,,,,,,,,,,,,
"2025-11-10 14:18:32.8351297Z","2025-11-10 14:18:32.8351297Z","ETW","Microsoft-Windows-Kernel-Process",3,"ThreadStart Start ","10860 git.exe",6116,,,"10860 git.exe",,,,,,,,,,,,,,,,,,,,,,,,,,,,,1762784312835129700,,18446606103145447424,18446606103145418752,140737314598832,0,216690143232,7956,216700813312,216700809216,140737314598832,,,,,,,,,,,,,,,,,,,,,,,,,,,,,,,,,,,,,,,,,,,,,,,,,,,,
"2025-11-10 14:18:32.8351567Z","2025-11-10 14:18:32.8351567Z","ETW","Microsoft-Windows-Kernel-Audit-API-Calls",6,"PsOpenThread","10860 git.exe",6116,,,"10860 git.exe",7956,,,,,,,,,,,,,,,,,,,,,,,,,,,,1762784312835156700,,,,,,,,,,,,,,,,64,0,,,,,,,,,,,,,,,,,,,,,,,,,,,,,,,,,,,,,,,,,,,,,
"2025-11-10 14:18:32.8543408Z","2025-11-10 14:18:32.8543408Z","ETW","Microsoft-Windows-Kernel-Process",4,"ThreadStop Stop ","10860 git.exe",7956,,,"10860 git.exe",,,,,,,,,,,,,,,,,,,,,,,,,,,,,1762784312854340800,,18446606103145447424,18446606103145418752,140737314598832,0,216690143232,7956,216700813312,216700805120,140737314598832,,,,,,,,,,,232461,,,,,,,,,,,,,,,,,,,,,,,,,,,,,,,,,,,,,,,,,
"2025-11-10 14:18:32.8552249Z","2025-11-10 14:18:32.8552249Z","ETW","Microsoft-Windows-Kernel-File",30,"CreateNewFile Info ","10860 git.exe",6116,,,,,,"C:\Users\admin\Desktop\EDR-Introspection\.git\index.lock",,,,,,,,,,,,,,,,,,,,,,,,,,1762784312855224900,,,,,,,,,,,,,,,,,,,,,,,,,,,,,,,,,,,,,,,,,,,,,,,,,,,,,,,,,128,33554528,18446690209782490944,18446690209762957000,6116,3
"2025-11-10 14:18:32.8552370Z","2025-11-10 14:18:32.8552370Z","ETW","Microsoft-Windows-Kernel-File",10,"NameCreate Info ","10860 git.exe",6116,,,,,,"C:\Users\admin\Desktop\EDR-Introspection\.git\index.lock",,,,,,,,,,,,,,,,,,,,,,,,,,1762784312855237000,,,,,,,,,,,,,,,,,,,,,,,18446714997261711488,,,,,,,,,,,,,,,,,,,,,,,,,,,,,,,,,,,,,,,
"2025-11-10 14:18:32.8637298Z","2025-11-10 14:18:32.8637298Z","ETW","Microsoft-Windows-Kernel-File",10,"NameCreate Info ","10860 git.exe",6116,,,,,,"C:\Users\admin\Desktop\EDR-Introspection\.git\index",,,,,,,,,,,,,,,,,,,,,,,,,,1762784312863729800,,,,,,,,,,,,,,,,,,,,,,,18446714997261711488,,,,,,,,,,,,,,,,,,,,,,,,,,,,,,,,,,,,,,,
"2025-11-10 14:18:32.8648213Z","2025-11-10 14:18:32.8648213Z","ETW","Microsoft-Windows-Kernel-Audit-API-Calls",6,"PsOpenThread","10364 mintty.exe",5868,,,"10364 mintty.exe",5868,,,,,,,,,,,,,,,,,,,,,,,,,,,,1762784312864821300,,,,,,,,,,,,,,,,1024,0,,,,,,,,,,,,,,,,,,,,,,,,,,,,,,,,,,,,,,,,,,,,,
"2025-11-10 14:18:32.8680756Z","2025-11-10 14:18:32.8680756Z","ETW","Microsoft-Windows-Kernel-Process",4,"ThreadStop Stop ","10860 git.exe",10172,,,"10860 git.exe",,,,,,,,,,,,,,,,,,,,,,,,,,,,,1762784312868075600,,18446606103145414656,18446606103145385984,140737324634384,0,216690135040,10172,216698716160,216698707968,140737324634384,,,,,,,,,,,1576977,,,,,,,,,,,,,,,,,,,,,,,,,,,,,,,,,,,,,,,,,
"2025-11-10 14:18:32.8681515Z","2025-11-10 14:18:32.8681515Z","ETW","Microsoft-Windows-Kernel-Process",4,"ThreadStop Stop ","10860 git.exe",10712,,,"10860 git.exe",,,,,,,,,,,,,,,,,,,,,,,,,,,,,1762784312868151500,,18446606103121494016,18446606103121465344,140737324634384,0,216690126848,10712,216696619008,216696610816,140737324634384,,,,,,,,,,,2966757,,,,,,,,,,,,,,,,,,,,,,,,,,,,,,,,,,,,,,,,,
"2025-11-10 14:18:32.8682129Z","2025-11-10 14:18:32.8682129Z","ETW","Microsoft-Windows-Kernel-Process",4,"ThreadStop Stop ","10860 git.exe",10656,,,"10860 git.exe",,,,,,,,,,,,,,,,,,,,,,,,,,,,,1762784312868212900,,18446606103145119744,18446606103145091072,140737324634384,0,216690118656,10656,216694521856,216694513664,140737324634384,,,,,,,,,,,4434995,,,,,,,,,,,,,,,,,,,,,,,,,,,,,,,,,,,,,,,,,
"2025-11-10 14:18:32.8684719Z","2025-11-10 14:18:32.8684719Z","ETW","Microsoft-Windows-Kernel-Process",4,"ThreadStop Stop ","10860 git.exe",6116,,,"10860 git.exe",,,,,,,,,,,,,,,,,,,,,,,,,,,,,1762784312868471900,,18446606103145381888,18446606103145353216,140702939157504,0,216690110464,6116,216692424704,216692273152,140702939157504,,,,,,,,,,,200349501,,,,,,,,,,,,,,,,,,,,,,,,,,,,,,,,,,,,,,,,,
"2025-11-10 14:18:32.8688212Z","2025-11-10 14:18:32.8688212Z","ETW","Microsoft-Windows-Kernel-Process",6,"ImageUnload Info ","10860 git.exe",6116,,,"10860 git.exe",,,"C:\Program Files\Git\mingw64\bin\git.exe",,,,,,,,,,,,,,,,,,,,,,,,,,1762784312868821200,,,,,,,,,,,140702939152384,140702939152384,4315928,4505600,1759182642,,,,,,,,,,,,,,,,,,,,,,,,,,,,,,,,,,,,,,,,,,,,,,,
"2025-11-10 14:18:32.8688267Z","2025-11-10 14:18:32.8688267Z","ETW","Microsoft-Windows-Kernel-Process",6,"ImageUnload Info ","10860 git.exe",6116,,,"10860 git.exe",,,"C:\Program Files\Git\mingw64\bin\libiconv-2.dll",,,,,,,,,,,,,,,,,,,,,,,,,,1762784312868826700,,,,,,,,,,,140736814907392,140736814907392,1196713,1171456,1734459032,,,,,,,,,,,,,,,,,,,,,,,,,,,,,,,,,,,,,,,,,,,,,,,
"2025-11-10 14:18:32.8688309Z","2025-11-10 14:18:32.8688309Z","ETW","Microsoft-Windows-Kernel-Process",6,"ImageUnload Info ","10860 git.exe",6116,,,"10860 git.exe",,,"C:\Program Files\Git\mingw64\bin\libpcre2-8-0.dll",,,,,,,,,,,,,,,,,,,,,,,,,,1762784312868830900,,,,,,,,,,,140736842039296,140736842039296,736699,733184,1756356616,,,,,,,,,,,,,,,,,,,,,,,,,,,,,,,,,,,,,,,,,,,,,,,
"2025-11-10 14:18:32.8688342Z","2025-11-10 14:18:32.8688342Z","ETW","Microsoft-Windows-Kernel-Process",6,"ImageUnload Info ","10860 git.exe",6116,,,"10860 git.exe",,,"C:\Program Files\Git\mingw64\bin\libintl-8.dll",,,,,,,,,,,,,,,,,,,,,,,,,,1762784312868834200,,,,,,,,,,,140736852000768,140736852000768,317681,335872,1753251091,,,,,,,,,,,,,,,,,,,,,,,,,,,,,,,,,,,,,,,,,,,,,,,
"2025-11-10 14:18:32.8688380Z","2025-11-10 14:18:32.8688380Z","ETW","Microsoft-Windows-Kernel-Process",6,"ImageUnload Info ","10860 git.exe",6116,,,"10860 git.exe",,,"C:\Program Files\Git\mingw64\bin\zlib1.dll",,,,,,,,,,,,,,,,,,,,,,,,,,1762784312868838000,,,,,,,,,,,140736855408640,140736855408640,173920,147456,1705996161,,,,,,,,,,,,,,,,,,,,,,,,,,,,,,,,,,,,,,,,,,,,,,,
"2025-11-10 14:18:32.8688429Z","2025-11-10 14:18:32.8688429Z","ETW","Microsoft-Windows-Kernel-Process",6,"ImageUnload Info ","10860 git.exe",6116,,,"10860 git.exe",,,"C:\Program Files\Git\mingw64\bin\libwinpthread-1.dll",,,,,,,,,,,,,,,,,,,,,,,,,,1762784312868842900,,,,,,,,,,,140736863469568,140736863469568,77046,90112,1758466668,,,,,,,,,,,,,,,,,,,,,,,,,,,,,,,,,,,,,,,,,,,,,,,
"2025-11-10 14:18:32.8688721Z","2025-11-10 14:18:32.8688721Z","ETW","Microsoft-Windows-Kernel-Process",6,"ImageUnload Info ","10860 git.exe",6116,,,"10860 git.exe",,,"C:\Windows\System32\ntmarta.dll",,,,,,,,,,,,,,,,,,,,,,,,,,1762784312868872100,,,,,,,,,,,140737265074176,140737265074176,197444,208896,4265087599,,,,,,,,,,,,,,,,,,,,,,,,,,,,,,,,,,,,,,,,,,,,,,,
"2025-11-10 14:18:32.8688858Z","2025-11-10 14:18:32.8688858Z","ETW","Microsoft-Windows-Kernel-Process",6,"ImageUnload Info ","10860 git.exe",6116,,,"10860 git.exe",,,"C:\Windows\System32\cryptbase.dll",,,,,,,,,,,,,,,,,,,,,,,,,,1762784312868885800,,,,,,,,,,,140737272020992,140737272020992,66383,49152,1678623338,,,,,,,,,,,,,,,,,,,,,,,,,,,,,,,,,,,,,,,,,,,,,,,
"2025-11-10 14:18:32.8688966Z","2025-11-10 14:18:32.8688966Z","ETW","Microsoft-Windows-Kernel-Process",6,"ImageUnload Info ","10860 git.exe",6116,,,"10860 git.exe",,,"C:\Windows\System32\bcrypt.dll",,,,,,,,,,,,,,,,,,,,,,,,,,1762784312868896600,,,,,,,,,,,140737279623168,140737279623168,171668,159744,2220160889,,,,,,,,,,,,,,,,,,,,,,,,,,,,,,,,,,,,,,,,,,,,,,,
"2025-11-10 14:18:32.8689078Z","2025-11-10 14:18:32.8689078Z","ETW","Microsoft-Windows-Kernel-Process",6,"ImageUnload Info ","10860 git.exe",6116,,,"10860 git.exe",,,"C:\Windows\System32\msvcp_win.dll",,,,,,,,,,,,,,,,,,,,,,,,,,1762784312868907800,,,,,,,,,,,140737279819776,140737279819776,659111,643072,958749903,,,,,,,,,,,,,,,,,,,,,,,,,,,,,,,,,,,,,,,,,,,,,,,
"2025-11-10 14:18:32.8689192Z","2025-11-10 14:18:32.8689192Z","ETW","Microsoft-Windows-Kernel-Process",6,"ImageUnload Info ","10860 git.exe",6116,,,"10860 git.exe",,,"C:\Windows\System32\win32u.dll",,,,,,,,,,,,,,,,,,,,,,,,,,1762784312868919200,,,,,,,,,,,140737281196032,140737281196032,183095,139264,3760910660,,,,,,,,,,,,,,,,,,,,,,,,,,,,,,,,,,,,,,,,,,,,,,,
"2025-11-10 14:18:32.8689299Z","2025-11-10 14:18:32.8689299Z","ETW","Microsoft-Windows-Kernel-Process",6,"ImageUnload Info ","10860 git.exe",6116,,,"10860 git.exe",,,"C:\Windows\System32\gdi32full.dll",,,,,,,,,,,,,,,,,,,,,,,,,,1762784312868929900,,,,,,,,,,,140737281392640,140737281392640,1167211,1150976,1288019395,,,,,,,,,,,,,,,,,,,,,,,,,,,,,,,,,,,,,,,,,,,,,,,
"2025-11-10 14:18:32.8689410Z","2025-11-10 14:18:32.8689410Z","ETW","Microsoft-Windows-Kernel-Process",6,"ImageUnload Info ","10860 git.exe",6116,,,"10860 git.exe",,,"C:\Windows\System32\bcryptprimitives.dll",,,,,,,,,,,,,,,,,,,,,,,,,,1762784312868941000,,,,,,,,,,,140737282572288,140737282572288,531569,532480,3309379821,,,,,,,,,,,,,,,,,,,,,,,,,,,,,,,,,,,,,,,,,,,,,,,
"2025-11-10 14:18:32.8689518Z","2025-11-10 14:18:32.8689518Z","ETW","Microsoft-Windows-Kernel-Process",6,"ImageUnload Info ","10860 git.exe",6116,,,"10860 git.exe",,,"C:\Windows\System32\ucrtbase.dll",,,,,,,,,,,,,,,,,,,,,,,,,,1762784312868951800,,,,,,,,,,,140737283162112,140737283162112,1076532,1048576,2177850761,,,,,,,,,,,,,,,,,,,,,,,,,,,,,,,,,,,,,,,,,,,,,,,
"2025-11-10 14:18:32.8689619Z","2025-11-10 14:18:32.8689619Z","ETW","Microsoft-Windows-Kernel-Process",6,"ImageUnload Info ","10860 git.exe",6116,,,"10860 git.exe",,,"C:\Windows\System32\ws2_32.dll",,,,,,,,,,,,,,,,,,,,,,,,,,1762784312868961900,,,,,,,,,,,140737305772032,140737305772032,489137,438272,2047685052,,,,,,,,,,,,,,,,,,,,,,,,,,,,,,,,,,,,,,,,,,,,,,,
"2025-11-10 14:18:32.8689719Z","2025-11-10 14:18:32.8689719Z","ETW","Microsoft-Windows-Kernel-Process",6,"ImageUnload Info ","10860 git.exe",6116,,,"10860 git.exe",,,"C:\Windows\System32\advapi32.dll",,,,,,,,,,,,,,,,,,,,,,,,,,1762784312868971900,,,,,,,,,,,140737306951680,140737306951680,744837,724992,4166620877,,,,,,,,,,,,,,,,,,,,,,,,,,,,,,,,,,,,,,,,,,,,,,,
"2025-11-10 14:18:32.8689826Z","2025-11-10 14:18:32.8689826Z","ETW","Microsoft-Windows-Kernel-Process",6,"ImageUnload Info ","10860 git.exe",6116,,,"10860 git.exe",,,"C:\Windows\System32\sechost.dll",,,,,,,,,,,,,,,,,,,,,,,,,,1762784312868982600,,,,,,,,,,,140737308262400,140737308262400,647124,651264,2117042745,,,,,,,,,,,,,,,,,,,,,,,,,,,,,,,,,,,,,,,,,,,,,,,
"2025-11-10 14:18:32.8689924Z","2025-11-10 14:18:32.8689924Z","ETW","Microsoft-Windows-Kernel-Process",6,"ImageUnload Info ","10860 git.exe",6116,,,"10860 git.exe",,,"C:\Windows\System32\imm32.dll",,,,,,,,,,,,,,,,,,,,,,,,,,1762784312868992400,,,,,,,,,,,140737309310976,140737309310976,238320,192512,770155462,,,,,,,,,,,,,,,,,,,,,,,,,,,,,,,,,,,,,,,,,,,,,,,
"2025-11-10 14:18:32.8690028Z","2025-11-10 14:18:32.8690028Z","ETW","Microsoft-Windows-Kernel-Process",6,"ImageUnload Info ","10860 git.exe",6116,,,"10860 git.exe",,,"C:\Windows\System32\gdi32.dll",,,,,,,,,,,,,,,,,,,,,,,,,,1762784312869002800,,,,,,,,,,,140737309507584,140737309507584,210990,176128,2413768611,,,,,,,,,,,,,,,,,,,,,,,,,,,,,,,,,,,,,,,,,,,,,,,
"2025-11-10 14:18:32.8690125Z","2025-11-10 14:18:32.8690125Z","ETW","Microsoft-Windows-Kernel-Process",6,"ImageUnload Info ","10860 git.exe",6116,,,"10860 git.exe",,,"C:\Windows\System32\msvcrt.dll",,,,,,,,,,,,,,,,,,,,,,,,,,1762784312869012500,,,,,,,,,,,140737314357248,140737314357248,681663,647168,2616593924,,,,,,,,,,,,,,,,,,,,,,,,,,,,,,,,,,,,,,,,,,,,,,,
"2025-11-10 14:18:32.8690227Z","2025-11-10 14:18:32.8690227Z","ETW","Microsoft-Windows-Kernel-Process",6,"ImageUnload Info ","10860 git.exe",6116,,,"10860 git.exe",,,"C:\Windows\System32\rpcrt4.dll",,,,,,,,,,,,,,,,,,,,,,,,,,1762784312869022700,,,,,,,,,,,140737317109760,140737317109760,1217917,1179648,2756017066,,,,,,,,,,,,,,,,,,,,,,,,,,,,,,,,,,,,,,,,,,,,,,,
"2025-11-10 14:18:32.8690332Z","2025-11-10 14:18:32.8690332Z","ETW","Microsoft-Windows-Kernel-Process",6,"ImageUnload Info ","10860 git.exe",6116,,,"10860 git.exe",,,"C:\Windows\System32\KernelBase.dll",,,,,,,,,,,,,,,,,,,,,,,,,,1762784312869033200,,,,,,,,,,,140737318289408,140737318289408,3171178,3104768,1448155220,,,,,,,,,,,,,,,,,,,,,,,,,,,,,,,,,,,,,,,,,,,,,,,
"2025-11-10 14:18:32.8690439Z","2025-11-10 14:18:32.8690439Z","ETW","Microsoft-Windows-Kernel-Process",6,"ImageUnload Info ","10860 git.exe",6116,,,"10860 git.exe",,,"C:\Windows\System32\kernel32.dll",,,,,,,,,,,,,,,,,,,,,,,,,,1762784312869043900,,,,,,,,,,,140737321435136,140737321435136,801304,794624,4007722010,,,,,,,,,,,,,,,,,,,,,,,,,,,,,,,,,,,,,,,,,,,,,,,
"2025-11-10 14:18:32.8690542Z","2025-11-10 14:18:32.8690542Z","ETW","Microsoft-Windows-Kernel-Process",6,"ImageUnload Info ","10860 git.exe",6116,,,"10860 git.exe",,,"C:\Windows\System32\user32.dll",,,,,,,,,,,,,,,,,,,,,,,,,,1762784312869054200,,,,,,,,,,,140737322287104,140737322287104,1767867,1708032,1351922499,,,,,,,,,,,,,,,,,,,,,,,,,,,,,,,,,,,,,,,,,,,,,,,
"2025-11-10 14:18:32.8690644Z","2025-11-10 14:18:32.8690644Z","ETW","Microsoft-Windows-Kernel-Process",6,"ImageUnload Info ","10860 git.exe",6116,,,"10860 git.exe",,,"C:\Windows\System32\ntdll.dll",,,,,,,,,,,,,,,,,,,,,,,,,,1762784312869064400,,,,,,,,,,,140737324318720,140737324318720,2048895,2064384,2127151453,,,,,,,,,,,,,,,,,,,,,,,,,,,,,,,,,,,,,,,,,,,,,,,
"2025-11-10 14:18:32.8690718Z","2025-11-10 14:18:32.8690718Z","ETW","Microsoft-Windows-Kernel-Process",2,"ProcessStop Stop ","10860 git.exe",6116,,,"10860 git.exe",,,"git.exe",,,,,,,,,,,,,,,,,,,,,,,,,,1762784312869071800,,,,,,,,,,,,,,,,,,,,,,,,134072579127597618,,,,,,,25923,,,,,,,,,,,,,,5632000,35446784,210752275,0,134072579128687824,72,13,52,44,3,31,75,,,,,,
"2025-11-10 14:18:32.8714083Z","2025-11-10 14:18:32.8714083Z","ETW","Microsoft-Windows-Kernel-File",30,"CreateNewFile Info "," 1380 svchost.exe",1468,,,,,,"C:\Windows\Prefetch\GIT.EXE-49C87D8C.pf",,,,,,,,,,,,,,,,,,,,,,,,,,1762784312871408300,,,,,,,,,,,,,,,,,,,,,,,,,,,,,,,,,,,,,,,,,,,,,,,,,,,,,,,,,0,83886176,18446690209782488544,18446690209762278152,1468,0
"2025-11-10 14:18:32.8804972Z","2025-11-10 14:18:32.8804972Z","ETW","Microsoft-Windows-Kernel-Audit-API-Calls",6,"PsOpenThread","10364 mintty.exe",5868,,,"10364 mintty.exe",5868,,,,,,,,,,,,,,,,,,,,,,,,,,,,1762784312880497200,,,,,,,,,,,,,,,,1024,0,,,,,,,,,,,,,,,,,,,,,,,,,,,,,,,,,,,,,,,,,,,,,
"2025-11-10 14:18:32.8807107Z","2025-11-10 14:18:32.8807107Z","ETW","Microsoft-Windows-Kernel-Audit-API-Calls",6,"PsOpenThread","10364 mintty.exe",5868,,,"10364 mintty.exe",5868,,,,,,,,,,,,,,,,,,,,,,,,,,,,1762784312880710700,,,,,,,,,,,,,,,,1024,0,,,,,,,,,,,,,,,,,,,,,,,,,,,,,,,,,,,,,,,,,,,,,
"2025-11-10 14:18:32.9029242Z","2025-11-10 14:18:32.9029242Z","ETW","Microsoft-Windows-Kernel-Audit-API-Calls",6,"PsOpenThread","10364 mintty.exe",5868,,,"10364 mintty.exe",5868,,,,,,,,,,,,,,,,,,,,,,,,,,,,1762784312902924200,,,,,,,,,,,,,,,,1024,0,,,,,,,,,,,,,,,,,,,,,,,,,,,,,,,,,,,,,,,,,,,,,
"2025-11-10 14:18:32.9118285Z","2025-11-10 14:18:32.9118285Z","ETW","Microsoft-Windows-Kernel-Audit-API-Calls",6,"PsOpenThread","10364 mintty.exe",5868,,,"10364 mintty.exe",5868,,,,,,,,,,,,,,,,,,,,,,,,,,,,1762784312911828500,,,,,,,,,,,,,,,,1024,0,,,,,,,,,,,,,,,,,,,,,,,,,,,,,,,,,,,,,,,,,,,,,
"2025-11-10 14:18:32.9278615Z","2025-11-10 14:18:32.9278615Z","ETW","Microsoft-Windows-Kernel-Audit-API-Calls",5,"PsOpenProcess","11580 bash.exe",12016,,,"10364 mintty.exe",,,,,,,,,,,,,,,,,,,,,,,,,,,,,1762784312927861500,,,,,,,,,,,,,,,,64,0,,,,,,,,,,,,,,,,,,,,,,,,,,,,,,,,,,,,,,,,,,,,,
"2025-11-10 14:18:32.9283636Z","2025-11-10 14:18:32.9283636Z","ETW","Microsoft-Windows-Kernel-Audit-API-Calls",5,"PsOpenProcess","11580 bash.exe",12016,,," 2392 bash.exe",,,,,,,,,,,,,,,,,,,,,,,,,,,,,1762784312928363600,,,,,,,,,,,,,,,,4096,0,,,,,,,,,,,,,,,,,,,,,,,,,,,,,,,,,,,,,,,,,,,,,
"2025-11-10 14:18:32.9284758Z","2025-11-10 14:18:32.9284758Z","ETW","Microsoft-Windows-Kernel-Audit-API-Calls",5,"PsOpenProcess"," 3032 conhost.exe",5540,,,"11580 bash.exe",,,,,,,,,,,,,,,,,,,,,,,,,,,,,1762784312928475800,,,,,,,,,,,,,,,,33554432,0,,,,,,,,,,,,,,,,,,,,,,,,,,,,,,,,,,,,,,,,,,,,,
"2025-11-10 14:18:32.9287032Z","2025-11-10 14:18:32.9287032Z","ETW","Microsoft-Windows-Kernel-Process",4,"ThreadStop Stop "," 5232 conhost.exe",11148,,," 5232 conhost.exe",,,,,,,,,,,,,,,,,,,,,,,,,,,,,1762784312928703200,,18446606103145250816,18446606103145222144,140700242381968,0,404144369664,11148,404146880512,404146872320,140700242381968,,,,,,,,,,,97755,,,,,,,,,,,,,,,,,,,,,,,,,,,,,,,,,,,,,,,,,
"2025-11-10 14:18:32.9287186Z","2025-11-10 14:18:32.9287186Z","ETW","Microsoft-Windows-Kernel-Process",4,"ThreadStop Stop "," 5232 conhost.exe",6076,,," 5232 conhost.exe",,,,,,,,,,,,,,,,,,,,,,,,,,,,,1762784312928718600,,18446606103145349120,18446606103145320448,140700242380928,0,404144402432,6076,404148453376,404148445184,140700242380928,,,,,,,,,,,112260,,,,,,,,,,,,,,,,,,,,,,,,,,,,,,,,,,,,,,,,,
"2025-11-10 14:18:32.9287862Z","2025-11-10 14:18:32.9287862Z","ETW","Microsoft-Windows-Kernel-Process",4,"ThreadStop Stop "," 5232 conhost.exe",3576,,," 5232 conhost.exe",,,,,,,,,,,,,,,,,,,,,,,,,,,,,1762784312928786200,,18446606103145250816,18446606103145222144,140700242095872,0,404144394240,3576,404147929088,404147912704,140700242095872,,,,,,,,,,,13000442,,,,,,,,,,,,,,,,,,,,,,,,,,,,,,,,,,,,,,,,,
"2025-11-10 14:18:32.9287991Z","2025-11-10 14:18:32.9287991Z","ETW","Microsoft-Windows-Kernel-Process",4,"ThreadStop Stop "," 5232 conhost.exe",9796,,," 5232 conhost.exe",,,,,,,,,,,,,,,,,,,,,,,,,,,,,1762784312928799100,,18446606103145283584,18446606103145254912,140700242196320,0,404144386048,9796,404147404800,404147396608,140700242196320,,,,,,,,,,,1183630,,,,,,,,,,,,,,,,,,,,,,,,,,,,,,,,,,,,,,,,,
"2025-11-10 14:18:32.9288375Z","2025-11-10 14:18:32.9288375Z","ETW","Microsoft-Windows-Kernel-Process",4,"ThreadStop Stop "," 5232 conhost.exe",11816,,," 5232 conhost.exe",,,,,,,,,,,,,,,,,,,,,,,,,,,,,1762784312928837500,,18446606103145086976,18446606103145058304,140737324634384,0,404144377856,11816,404142948352,404142940160,140737324634384,,,,,,,,,,,79690,,,,,,,,,,,,,,,,,,,,,,,,,,,,,,,,,,,,,,,,,
"2025-11-10 14:18:32.9288646Z","2025-11-10 14:18:32.9288646Z","ETW","Microsoft-Windows-Kernel-Process",4,"ThreadStop Stop "," 5232 conhost.exe",4400,,," 5232 conhost.exe",,,,,,,,,,,,,,,,,,,,,,,,,,,,,1762784312928864600,,18446606103145218048,18446606103145189376,140700242153168,0,404144361472,4400,404143996928,404143980544,140700242153168,,,,,,,,,,,17751442,,,,,,,,,,,,,,,,,,,,,,,,,,,,,,,,,,,,,,,,,
"2025-11-10 14:18:32.9288936Z","2025-11-10 14:18:32.9288936Z","ETW","Microsoft-Windows-Kernel-Process",4,"ThreadStop Stop "," 5232 conhost.exe",6796,,," 5232 conhost.exe",,,,,,,,,,,,,,,,,,,,,,,,,,,,,1762784312928893600,,18446606103145152512,18446606103145123840,140737324634384,0,404144353280,6796,404143472640,404143464448,140737324634384,,,,,,,,,,,739547,,,,,,,,,,,,,,,,,,,,,,,,,,,,,,,,,,,,,,,,,
"2025-11-10 14:18:32.9307301Z","2025-11-10 14:18:32.9307301Z","ETW","Microsoft-Windows-Kernel-Process",6,"ImageUnload Info "," 5232 conhost.exe",6796,,," 5232 conhost.exe",,,"C:\Windows\System32\conhost.exe",,,,,,,,,,,,,,,,,,,,,,,,,,1762784312930730100,,,,,,,,,,,140700242083840,140700242083840,907531,897024,2536827738,,,,,,,,,,,,,,,,,,,,,,,,,,,,,,,,,,,,,,,,,,,,,,,
"2025-11-10 14:18:32.9307439Z","2025-11-10 14:18:32.9307439Z","ETW","Microsoft-Windows-Kernel-Process",6,"ImageUnload Info "," 5232 conhost.exe",6796,,," 5232 conhost.exe",,,"C:\Windows\System32\uxtheme.dll",,,,,,,,,,,,,,,,,,,,,,,,,,1762784312930743900,,,,,,,,,,,140737239515136,140737239515136,640454,647168,3697381598,,,,,,,,,,,,,,,,,,,,,,,,,,,,,,,,,,,,,,,,,,,,,,,
"2025-11-10 14:18:32.9307562Z","2025-11-10 14:18:32.9307562Z","ETW","Microsoft-Windows-Kernel-Process",6,"ImageUnload Info "," 5232 conhost.exe",6796,,," 5232 conhost.exe",,,"C:\Windows\System32\bcrypt.dll",,,,,,,,,,,,,,,,,,,,,,,,,,1762784312930756200,,,,,,,,,,,140737279623168,140737279623168,171668,159744,2220160889,,,,,,,,,,,,,,,,,,,,,,,,,,,,,,,,,,,,,,,,,,,,,,,
"2025-11-10 14:18:32.9307672Z","2025-11-10 14:18:32.9307672Z","ETW","Microsoft-Windows-Kernel-Process",6,"ImageUnload Info "," 5232 conhost.exe",6796,,," 5232 conhost.exe",,,"C:\Windows\System32\msvcp_win.dll",,,,,,,,,,,,,,,,,,,,,,,,,,1762784312930767200,,,,,,,,,,,140737279819776,140737279819776,659111,643072,958749903,,,,,,,,,,,,,,,,,,,,,,,,,,,,,,,,,,,,,,,,,,,,,,,
"2025-11-10 14:18:32.9307785Z","2025-11-10 14:18:32.9307785Z","ETW","Microsoft-Windows-Kernel-Process",6,"ImageUnload Info "," 5232 conhost.exe",6796,,," 5232 conhost.exe",,,"C:\Windows\System32\win32u.dll",,,,,,,,,,,,,,,,,,,,,,,,,,1762784312930778500,,,,,,,,,,,140737281196032,140737281196032,183095,139264,3760910660,,,,,,,,,,,,,,,,,,,,,,,,,,,,,,,,,,,,,,,,,,,,,,,
"2025-11-10 14:18:32.9307897Z","2025-11-10 14:18:32.9307897Z","ETW","Microsoft-Windows-Kernel-Process",6,"ImageUnload Info "," 5232 conhost.exe",6796,,," 5232 conhost.exe",,,"C:\Windows\System32\gdi32full.dll",,,,,,,,,,,,,,,,,,,,,,,,,,1762784312930789700,,,,,,,,,,,140737281392640,140737281392640,1167211,1150976,1288019395,,,,,,,,,,,,,,,,,,,,,,,,,,,,,,,,,,,,,,,,,,,,,,,
"2025-11-10 14:18:32.9308001Z","2025-11-10 14:18:32.9308001Z","ETW","Microsoft-Windows-Kernel-Process",6,"ImageUnload Info "," 5232 conhost.exe",6796,,," 5232 conhost.exe",,,"C:\Windows\System32\ucrtbase.dll",,,,,,,,,,,,,,,,,,,,,,,,,,1762784312930800100,,,,,,,,,,,140737283162112,140737283162112,1076532,1048576,2177850761,,,,,,,,,,,,,,,,,,,,,,,,,,,,,,,,,,,,,,,,,,,,,,,
"2025-11-10 14:18:32.9308520Z","2025-11-10 14:18:32.9308520Z","ETW","Microsoft-Windows-Kernel-Process",6,"ImageUnload Info "," 5232 conhost.exe",6796,,," 5232 conhost.exe",,,"C:\Windows\System32\combase.dll",,,,,,,,,,,,,,,,,,,,,,,,,,1762784312930852000,,,,,,,,,,,140737287094272,140737287094272,3535278,3489792,144435709,,,,,,,,,,,,,,,,,,,,,,,,,,,,,,,,,,,,,,,,,,,,,,,
"2025-11-10 14:18:32.9308656Z","2025-11-10 14:18:32.9308656Z","ETW","Microsoft-Windows-Kernel-Process",6,"ImageUnload Info "," 5232 conhost.exe",6796,,," 5232 conhost.exe",,,"C:\Windows\System32\msctf.dll",,,,,,,,,,,,,,,,,,,,,,,,,,1762784312930865600,,,,,,,,,,,140737291616256,140737291616256,1159359,1134592,3815625169,,,,,,,,,,,,,,,,,,,,,,,,,,,,,,,,,,,,,,,,,,,,,,,
"2025-11-10 14:18:32.9308767Z","2025-11-10 14:18:32.9308767Z","ETW","Microsoft-Windows-Kernel-Process",6,"ImageUnload Info "," 5232 conhost.exe",6796,,," 5232 conhost.exe",,,"C:\Windows\System32\SHCore.dll",,,,,,,,,,,,,,,,,,,,,,,,,,1762784312930876700,,,,,,,,,,,140737304985600,140737304985600,705789,708608,3896055862,,,,,,,,,,,,,,,,,,,,,,,,,,,,,,,,,,,,,,,,,,,,,,,
"2025-11-10 14:18:32.9308887Z","2025-11-10 14:18:32.9308887Z","ETW","Microsoft-Windows-Kernel-Process",6,"ImageUnload Info "," 5232 conhost.exe",6796,,," 5232 conhost.exe",,,"C:\Windows\System32\advapi32.dll",,,,,,,,,,,,,,,,,,,,,,,,,,1762784312930888700,,,,,,,,,,,140737306951680,140737306951680,744837,724992,4166620877,,,,,,,,,,,,,,,,,,,,,,,,,,,,,,,,,,,,,,,,,,,,,,,
"2025-11-10 14:18:32.9309000Z","2025-11-10 14:18:32.9309000Z","ETW","Microsoft-Windows-Kernel-Process",6,"ImageUnload Info "," 5232 conhost.exe",6796,,," 5232 conhost.exe",,,"C:\Windows\System32\sechost.dll",,,,,,,,,,,,,,,,,,,,,,,,,,1762784312930900000,,,,,,,,,,,140737308262400,140737308262400,647124,651264,2117042745,,,,,,,,,,,,,,,,,,,,,,,,,,,,,,,,,,,,,,,,,,,,,,,
"2025-11-10 14:18:32.9309103Z","2025-11-10 14:18:32.9309103Z","ETW","Microsoft-Windows-Kernel-Process",6,"ImageUnload Info "," 5232 conhost.exe",6796,,," 5232 conhost.exe",,,"C:\Windows\System32\imm32.dll",,,,,,,,,,,,,,,,,,,,,,,,,,1762784312930910300,,,,,,,,,,,140737309310976,140737309310976,238320,192512,770155462,,,,,,,,,,,,,,,,,,,,,,,,,,,,,,,,,,,,,,,,,,,,,,,
"2025-11-10 14:18:32.9309213Z","2025-11-10 14:18:32.9309213Z","ETW","Microsoft-Windows-Kernel-Process",6,"ImageUnload Info "," 5232 conhost.exe",6796,,," 5232 conhost.exe",,,"C:\Windows\System32\gdi32.dll",,,,,,,,,,,,,,,,,,,,,,,,,,1762784312930921300,,,,,,,,,,,140737309507584,140737309507584,210990,176128,2413768611,,,,,,,,,,,,,,,,,,,,,,,,,,,,,,,,,,,,,,,,,,,,,,,
"2025-11-10 14:18:32.9309323Z","2025-11-10 14:18:32.9309323Z","ETW","Microsoft-Windows-Kernel-Process",6,"ImageUnload Info "," 5232 conhost.exe",6796,,," 5232 conhost.exe",,,"C:\Windows\System32\msvcrt.dll",,,,,,,,,,,,,,,,,,,,,,,,,,1762784312930932300,,,,,,,,,,,140737314357248,140737314357248,681663,647168,2616593924,,,,,,,,,,,,,,,,,,,,,,,,,,,,,,,,,,,,,,,,,,,,,,,
"2025-11-10 14:18:32.9309438Z","2025-11-10 14:18:32.9309438Z","ETW","Microsoft-Windows-Kernel-Process",6,"ImageUnload Info "," 5232 conhost.exe",6796,,," 5232 conhost.exe",,,"C:\Windows\System32\oleaut32.dll",,,,,,,,,,,,,,,,,,,,,,,,,,1762784312930943800,,,,,,,,,,,140737315012608,140737315012608,849765,839680,3559841777,,,,,,,,,,,,,,,,,,,,,,,,,,,,,,,,,,,,,,,,,,,,,,,
"2025-11-10 14:18:32.9309540Z","2025-11-10 14:18:32.9309540Z","ETW","Microsoft-Windows-Kernel-Process",6,"ImageUnload Info "," 5232 conhost.exe",6796,,," 5232 conhost.exe",,,"C:\Windows\System32\rpcrt4.dll",,,,,,,,,,,,,,,,,,,,,,,,,,1762784312930954000,,,,,,,,,,,140737317109760,140737317109760,1217917,1179648,2756017066,,,,,,,,,,,,,,,,,,,,,,,,,,,,,,,,,,,,,,,,,,,,,,,
"2025-11-10 14:18:32.9309653Z","2025-11-10 14:18:32.9309653Z","ETW","Microsoft-Windows-Kernel-Process",6,"ImageUnload Info "," 5232 conhost.exe",6796,,," 5232 conhost.exe",,,"C:\Windows\System32\KernelBase.dll",,,,,,,,,,,,,,,,,,,,,,,,,,1762784312930965300,,,,,,,,,,,140737318289408,140737318289408,3171178,3104768,1448155220,,,,,,,,,,,,,,,,,,,,,,,,,,,,,,,,,,,,,,,,,,,,,,,
"2025-11-10 14:18:32.9309761Z","2025-11-10 14:18:32.9309761Z","ETW","Microsoft-Windows-Kernel-Process",6,"ImageUnload Info "," 5232 conhost.exe",6796,,," 5232 conhost.exe",,,"C:\Windows\System32\kernel32.dll",,,,,,,,,,,,,,,,,,,,,,,,,,1762784312930976100,,,,,,,,,,,140737321435136,140737321435136,801304,794624,4007722010,,,,,,,,,,,,,,,,,,,,,,,,,,,,,,,,,,,,,,,,,,,,,,,
"2025-11-10 14:18:32.9309866Z","2025-11-10 14:18:32.9309866Z","ETW","Microsoft-Windows-Kernel-Process",6,"ImageUnload Info "," 5232 conhost.exe",6796,,," 5232 conhost.exe",,,"C:\Windows\System32\user32.dll",,,,,,,,,,,,,,,,,,,,,,,,,,1762784312930986600,,,,,,,,,,,140737322287104,140737322287104,1767867,1708032,1351922499,,,,,,,,,,,,,,,,,,,,,,,,,,,,,,,,,,,,,,,,,,,,,,,
"2025-11-10 14:18:32.9309971Z","2025-11-10 14:18:32.9309971Z","ETW","Microsoft-Windows-Kernel-Process",6,"ImageUnload Info "," 5232 conhost.exe",6796,,," 5232 conhost.exe",,,"C:\Windows\System32\ntdll.dll",,,,,,,,,,,,,,,,,,,,,,,,,,1762784312930997100,,,,,,,,,,,140737324318720,140737324318720,2048895,2064384,2127151453,,,,,,,,,,,,,,,,,,,,,,,,,,,,,,,,,,,,,,,,,,,,,,,
"2025-11-10 14:18:32.9310077Z","2025-11-10 14:18:32.9310077Z","ETW","Microsoft-Windows-Kernel-Process",2,"ProcessStop Stop "," 5232 conhost.exe",6796,,," 5232 conhost.exe",,,"conhost.exe",,,,,,,,,,,,,,,,,,,,,,,,,,1762784312931007700,,,,,,,,,,,,,,,,,,,,,,,,134072579126931630,,,,,,,25921,,,,,,,,,,,,,,1372160,1409024,62377765,0,134072579129306409,101,4,4,8,3,16,0,,,,,,
"2025-11-10 14:18:32.9330034Z","2025-11-10 14:18:32.9330034Z","ETW","Microsoft-Windows-Kernel-Process",4,"ThreadStop Stop ","11580 bash.exe",9116,,,"11580 bash.exe",,,,,,,,,,,,,,,,,,,,,,,,,,,,,1762784312933003400,,18446606103145054208,18446606103145025536,8858653840,0,2293760,9116,38600704,38580224,8858653840,,,,,,,,,,,436191,,,,,,,,,,,,,,,,,,,,,,,,,,,,,,,,,,,,,,,,,
"2025-11-10 14:18:32.9330206Z","2025-11-10 14:18:32.9330206Z","ETW","Microsoft-Windows-Kernel-Process",4,"ThreadStop Stop ","11580 bash.exe",12016,,,"11580 bash.exe",,,,,,,,,,,,,,,,,,,,,,,,,,,,,1762784312933020600,,18446606103133913088,18446606103133884416,4299165696,0,2269184,12016,34359738368,34359672832,4299165696,,,,,,,,,,,95921228,,,,,,,,,,,,,,,,,,,,,,,,,,,,,,,,,,,,,,,,,
"2025-11-10 14:18:32.9331659Z","2025-11-10 14:18:32.9331659Z","ETW","Microsoft-Windows-Kernel-Process",4,"ThreadStop Stop ","11580 bash.exe",11832,,,"11580 bash.exe",,,,,,,,,,,,,,,,,,,,,,,,,,,,,1762784312933165900,,18446606103144988672,18446606103144960000,140737324634384,0,2285568,11832,11337728,11333632,140737324634384,,,,,,,,,,,1184565,,,,,,,,,,,,,,,,,,,,,,,,,,,,,,,,,,,,,,,,,
"2025-11-10 14:18:32.9332091Z","2025-11-10 14:18:32.9332091Z","ETW","Microsoft-Windows-Kernel-Process",4,"ThreadStop Stop ","11580 bash.exe",8228,,,"11580 bash.exe",,,,,,,,,,,,,,,,,,,,,,,,,,,,,1762784312933209100,,18446606103138304000,18446606103138275328,140737324634384,0,2277376,8228,9240576,9236480,140737324634384,,,,,,,,,,,569596,,,,,,,,,,,,,,,,,,,,,,,,,,,,,,,,,,,,,,,,,
"2025-11-10 14:18:32.9333838Z","2025-11-10 14:18:32.9333838Z","ETW","Microsoft-Windows-Kernel-Process",6,"ImageUnload Info ","11580 bash.exe",8228,,,"11580 bash.exe",,,"C:\Program Files\Git\usr\bin\bash.exe",,,,,,,,,,,,,,,,,,,,,,,,,,1762784312933383800,,,,,,,,,,,4299161600,4299161600,2616686,2617344,1727168884,,,,,,,,,,,,,,,,,,,,,,,,,,,,,,,,,,,,,,,,,,,,,,,
"2025-11-10 14:18:32.9333915Z","2025-11-10 14:18:32.9333915Z","ETW","Microsoft-Windows-Kernel-Process",6,"ImageUnload Info ","11580 bash.exe",8228,,,"11580 bash.exe",,,"C:\Program Files\Git\usr\bin\msys-2.0.dll",,,,,,,,,,,,,,,,,,,,,,,,,,1762784312933391500,,,,,,,,,,,8858632192,8858632192,3356844,3530752,1752689865,,,,,,,,,,,,,,,,,,,,,,,,,,,,,,,,,,,,,,,,,,,,,,,
"2025-11-10 14:18:32.9334202Z","2025-11-10 14:18:32.9334202Z","ETW","Microsoft-Windows-Kernel-Process",6,"ImageUnload Info ","11580 bash.exe",8228,,,"11580 bash.exe",,,"C:\Windows\System32\cryptbase.dll",,,,,,,,,,,,,,,,,,,,,,,,,,1762784312933420200,,,,,,,,,,,140737272020992,140737272020992,66383,49152,1678623338,,,,,,,,,,,,,,,,,,,,,,,,,,,,,,,,,,,,,,,,,,,,,,,
"2025-11-10 14:18:32.9334319Z","2025-11-10 14:18:32.9334319Z","ETW","Microsoft-Windows-Kernel-Process",6,"ImageUnload Info ","11580 bash.exe",8228,,,"11580 bash.exe",,,"C:\Windows\System32\bcrypt.dll",,,,,,,,,,,,,,,,,,,,,,,,,,1762784312933431900,,,,,,,,,,,140737279623168,140737279623168,171668,159744,2220160889,,,,,,,,,,,,,,,,,,,,,,,,,,,,,,,,,,,,,,,,,,,,,,,
"2025-11-10 14:18:32.9334434Z","2025-11-10 14:18:32.9334434Z","ETW","Microsoft-Windows-Kernel-Process",6,"ImageUnload Info ","11580 bash.exe",8228,,,"11580 bash.exe",,,"C:\Windows\System32\msvcp_win.dll",,,,,,,,,,,,,,,,,,,,,,,,,,1762784312933443400,,,,,,,,,,,140737279819776,140737279819776,659111,643072,958749903,,,,,,,,,,,,,,,,,,,,,,,,,,,,,,,,,,,,,,,,,,,,,,,
"2025-11-10 14:18:32.9334549Z","2025-11-10 14:18:32.9334549Z","ETW","Microsoft-Windows-Kernel-Process",6,"ImageUnload Info ","11580 bash.exe",8228,,,"11580 bash.exe",,,"C:\Windows\System32\win32u.dll",,,,,,,,,,,,,,,,,,,,,,,,,,1762784312933454900,,,,,,,,,,,140737281196032,140737281196032,183095,139264,3760910660,,,,,,,,,,,,,,,,,,,,,,,,,,,,,,,,,,,,,,,,,,,,,,,
"2025-11-10 14:18:32.9334652Z","2025-11-10 14:18:32.9334652Z","ETW","Microsoft-Windows-Kernel-Process",6,"ImageUnload Info ","11580 bash.exe",8228,,,"11580 bash.exe",,,"C:\Windows\System32\gdi32full.dll",,,,,,,,,,,,,,,,,,,,,,,,,,1762784312933465200,,,,,,,,,,,140737281392640,140737281392640,1167211,1150976,1288019395,,,,,,,,,,,,,,,,,,,,,,,,,,,,,,,,,,,,,,,,,,,,,,,
"2025-11-10 14:18:32.9334765Z","2025-11-10 14:18:32.9334765Z","ETW","Microsoft-Windows-Kernel-Process",6,"ImageUnload Info ","11580 bash.exe",8228,,,"11580 bash.exe",,,"C:\Windows\System32\bcryptprimitives.dll",,,,,,,,,,,,,,,,,,,,,,,,,,1762784312933476500,,,,,,,,,,,140737282572288,140737282572288,531569,532480,3309379821,,,,,,,,,,,,,,,,,,,,,,,,,,,,,,,,,,,,,,,,,,,,,,,
"2025-11-10 14:18:32.9334867Z","2025-11-10 14:18:32.9334867Z","ETW","Microsoft-Windows-Kernel-Process",6,"ImageUnload Info ","11580 bash.exe",8228,,,"11580 bash.exe",,,"C:\Windows\System32\ucrtbase.dll",,,,,,,,,,,,,,,,,,,,,,,,,,1762784312933486700,,,,,,,,,,,140737283162112,140737283162112,1076532,1048576,2177850761,,,,,,,,,,,,,,,,,,,,,,,,,,,,,,,,,,,,,,,,,,,,,,,
"2025-11-10 14:18:32.9334980Z","2025-11-10 14:18:32.9334980Z","ETW","Microsoft-Windows-Kernel-Process",6,"ImageUnload Info ","11580 bash.exe",8228,,,"11580 bash.exe",,,"C:\Windows\System32\advapi32.dll",,,,,,,,,,,,,,,,,,,,,,,,,,1762784312933498000,,,,,,,,,,,140737306951680,140737306951680,744837,724992,4166620877,,,,,,,,,,,,,,,,,,,,,,,,,,,,,,,,,,,,,,,,,,,,,,,
"2025-11-10 14:18:32.9335087Z","2025-11-10 14:18:32.9335087Z","ETW","Microsoft-Windows-Kernel-Process",6,"ImageUnload Info ","11580 bash.exe",8228,,,"11580 bash.exe",,,"C:\Windows\System32\sechost.dll",,,,,,,,,,,,,,,,,,,,,,,,,,1762784312933508700,,,,,,,,,,,140737308262400,140737308262400,647124,651264,2117042745,,,,,,,,,,,,,,,,,,,,,,,,,,,,,,,,,,,,,,,,,,,,,,,
"2025-11-10 14:18:32.9335234Z","2025-11-10 14:18:32.9335234Z","ETW","Microsoft-Windows-Kernel-Process",6,"ImageUnload Info ","11580 bash.exe",8228,,,"11580 bash.exe",,,"C:\Windows\System32\imm32.dll",,,,,,,,,,,,,,,,,,,,,,,,,,1762784312933523400,,,,,,,,,,,140737309310976,140737309310976,238320,192512,770155462,,,,,,,,,,,,,,,,,,,,,,,,,,,,,,,,,,,,,,,,,,,,,,,
"2025-11-10 14:18:32.9335336Z","2025-11-10 14:18:32.9335336Z","ETW","Microsoft-Windows-Kernel-Process",6,"ImageUnload Info ","11580 bash.exe",8228,,,"11580 bash.exe",,,"C:\Windows\System32\gdi32.dll",,,,,,,,,,,,,,,,,,,,,,,,,,1762784312933533600,,,,,,,,,,,140737309507584,140737309507584,210990,176128,2413768611,,,,,,,,,,,,,,,,,,,,,,,,,,,,,,,,,,,,,,,,,,,,,,,
"2025-11-10 14:18:32.9335440Z","2025-11-10 14:18:32.9335440Z","ETW","Microsoft-Windows-Kernel-Process",6,"ImageUnload Info ","11580 bash.exe",8228,,,"11580 bash.exe",,,"C:\Windows\System32\msvcrt.dll",,,,,,,,,,,,,,,,,,,,,,,,,,1762784312933544000,,,,,,,,,,,140737314357248,140737314357248,681663,647168,2616593924,,,,,,,,,,,,,,,,,,,,,,,,,,,,,,,,,,,,,,,,,,,,,,,
"2025-11-10 14:18:32.9335542Z","2025-11-10 14:18:32.9335542Z","ETW","Microsoft-Windows-Kernel-Process",6,"ImageUnload Info ","11580 bash.exe",8228,,,"11580 bash.exe",,,"C:\Windows\System32\rpcrt4.dll",,,,,,,,,,,,,,,,,,,,,,,,,,1762784312933554200,,,,,,,,,,,140737317109760,140737317109760,1217917,1179648,2756017066,,,,,,,,,,,,,,,,,,,,,,,,,,,,,,,,,,,,,,,,,,,,,,,
"2025-11-10 14:18:32.9335643Z","2025-11-10 14:18:32.9335643Z","ETW","Microsoft-Windows-Kernel-Process",6,"ImageUnload Info ","11580 bash.exe",8228,,,"11580 bash.exe",,,"C:\Windows\System32\KernelBase.dll",,,,,,,,,,,,,,,,,,,,,,,,,,1762784312933564300,,,,,,,,,,,140737318289408,140737318289408,3171178,3104768,1448155220,,,,,,,,,,,,,,,,,,,,,,,,,,,,,,,,,,,,,,,,,,,,,,,
"2025-11-10 14:18:32.9335747Z","2025-11-10 14:18:32.9335747Z","ETW","Microsoft-Windows-Kernel-Process",6,"ImageUnload Info ","11580 bash.exe",8228,,,"11580 bash.exe",,,"C:\Windows\System32\kernel32.dll",,,,,,,,,,,,,,,,,,,,,,,,,,1762784312933574700,,,,,,,,,,,140737321435136,140737321435136,801304,794624,4007722010,,,,,,,,,,,,,,,,,,,,,,,,,,,,,,,,,,,,,,,,,,,,,,,
"2025-11-10 14:18:32.9335845Z","2025-11-10 14:18:32.9335845Z","ETW","Microsoft-Windows-Kernel-Process",6,"ImageUnload Info ","11580 bash.exe",8228,,,"11580 bash.exe",,,"C:\Windows\System32\user32.dll",,,,,,,,,,,,,,,,,,,,,,,,,,1762784312933584500,,,,,,,,,,,140737322287104,140737322287104,1767867,1708032,1351922499,,,,,,,,,,,,,,,,,,,,,,,,,,,,,,,,,,,,,,,,,,,,,,,
"2025-11-10 14:18:32.9335956Z","2025-11-10 14:18:32.9335956Z","ETW","Microsoft-Windows-Kernel-Process",6,"ImageUnload Info ","11580 bash.exe",8228,,,"11580 bash.exe",,,"C:\Windows\System32\ntdll.dll",,,,,,,,,,,,,,,,,,,,,,,,,,1762784312933595600,,,,,,,,,,,140737324318720,140737324318720,2048895,2064384,2127151453,,,,,,,,,,,,,,,,,,,,,,,,,,,,,,,,,,,,,,,,,,,,,,,
"2025-11-10 14:18:32.9336026Z","2025-11-10 14:18:32.9336026Z","ETW","Microsoft-Windows-Kernel-Process",2,"ProcessStop Stop ","11580 bash.exe",8228,,,"11580 bash.exe",,,"bash.exe",,,,,,,,,,,,,,,,,,,,,,,,,,1762784312933602600,,,,,,,,,,,,,,,,,,,,,,,,134072579126323012,,,,,,,25920,,,,,,,,,,,,,,7634944,7684096,98971006,0,134072579129333476,148,2,4,7,3,0,0,,,,,,
"2025-11-10 14:18:32.9346279Z","2025-11-10 14:18:32.9346279Z","ETW","Microsoft-Windows-Kernel-Audit-API-Calls",5,"PsOpenProcess"," 2392 bash.exe",4224,,,"10364 mintty.exe",,,,,,,,,,,,,,,,,,,,,,,,,,,,,1762784312934627900,,,,,,,,,,,,,,,,4096,0,,,,,,,,,,,,,,,,,,,,,,,,,,,,,,,,,,,,,,,,,,,,,
"2025-11-10 14:18:32.9347222Z","2025-11-10 14:18:32.9347222Z","ETW","Microsoft-Windows-Kernel-Audit-API-Calls",5,"PsOpenProcess"," 2392 bash.exe",4224,,,"10364 mintty.exe",,,,,,,,,,,,,,,,,,,,,,,,,,,,,1762784312934722200,,,,,,,,,,,,,,,,4096,0,,,,,,,,,,,,,,,,,,,,,,,,,,,,,,,,,,,,,,,,,,,,,
"2025-11-10 14:18:32.9382958Z","2025-11-10 14:18:32.9382958Z","ETW","Microsoft-Windows-Kernel-Process",1,"ProcessStart Start "," 2392 bash.exe",4224,,," 6768 bash.exe",,,"C:\Program Files\Git\usr\bin\bash.exe",,,,,,,,,,,,,,,,,,,,,,,,,,1762784312938295800,,,,,,,,,,,,,2616686,,1727168884,,,,,,,,,134072579129382497,0,"0x","","",2392,24871,25924,3,0,1,,,,,,,,,,,,,,,,,,,,,,,,,,,,
"2025-11-10 14:18:32.9384332Z","2025-11-10 14:18:32.9384332Z","ETW","Microsoft-Windows-Kernel-Audit-API-Calls",6,"PsOpenThread"," 2972 cyserver.exe",7160,,," 2392 bash.exe",4224,,,,,,,,,,,,,,,,,,,,,,,,,,,,1762784312938433200,,,,,,,,,,,,,,,,64,0,,,,,,,,,,,,,,,,,,,,,,,,,,,,,,,,,,,,,,,,,,,,,
"2025-11-10 14:18:32.9384443Z","2025-11-10 14:18:32.9384443Z","ETW","Microsoft-Windows-Kernel-Audit-API-Calls",5,"PsOpenProcess"," 2972 cyserver.exe",7160,,," 2392 bash.exe",,,,,,,,,,,,,,,,,,,,,,,,,,,,,1762784312938444300,,,,,,,,,,,,,,,,1024,0,,,,,,,,,,,,,,,,,,,,,,,,,,,,,,,,,,,,,,,,,,,,,
"2025-11-10 14:18:32.9395887Z","2025-11-10 14:18:32.9395887Z","ETW","Microsoft-Windows-Kernel-Audit-API-Calls",6,"PsOpenThread"," 2972 cyserver.exe",10288,,," 2392 bash.exe",4224,,,,,,,,,,,,,,,,,,,,,,,,,,,,1762784312939588700,,,,,,,,,,,,,,,,64,0,,,,,,,,,,,,,,,,,,,,,,,,,,,,,,,,,,,,,,,,,,,,,
"2025-11-10 14:18:32.9395984Z","2025-11-10 14:18:32.9395984Z","ETW","Microsoft-Windows-Kernel-Audit-API-Calls",5,"PsOpenProcess"," 2972 cyserver.exe",10288,,," 2392 bash.exe",,,,,,,,,,,,,,,,,,,,,,,,,,,,,1762784312939598400,,,,,,,,,,,,,,,,1024,0,,,,,,,,,,,,,,,,,,,,,,,,,,,,,,,,,,,,,,,,,,,,,
"2025-11-10 14:18:32.9431538Z","2025-11-10 14:18:32.9431538Z","ETW","Microsoft-Windows-Kernel-Audit-API-Calls",5,"PsOpenProcess"," 2972 cyserver.exe",10288,,," 6768 bash.exe",,,,,,,,,,,,,,,,,,,,,,,,,,,,,1762784312943153800,,,,,,,,,,,,,,,,2147483648,0,,,,,,,,,,,,,,,,,,,,,,,,,,,,,,,,,,,,,,,,,,,,,
"2025-11-10 14:18:32.9463451Z","2025-11-10 14:18:32.9463451Z","ETW","Microsoft-Windows-Kernel-File",30,"CreateNewFile Info "," 1380 svchost.exe",1468,,,,,,"C:\Windows\Prefetch\CONHOST.EXE-0C6456FB.pf",,,,,,,,,,,,,,,,,,,,,,,,,,1762784312946345100,,,,,,,,,,,,,,,,,,,,,,,,,,,,,,,,,,,,,,,,,,,,,,,,,,,,,,,,,0,83886176,18446690209782469344,18446690209735952520,1468,0
"2025-11-10 14:18:32.9491366Z","2025-11-10 14:18:32.9491366Z","ETW","Microsoft-Windows-Kernel-File",30,"CreateNewFile Info "," 1380 svchost.exe",1468,,,,,,"C:\Windows\Prefetch\BASH.EXE-0E4A06BC.pf",,,,,,,,,,,,,,,,,,,,,,,,,,1762784312949136600,,,,,,,,,,,,,,,,,,,,,,,,,,,,,,,,,,,,,,,,,,,,,,,,,,,,,,,,,0,83886176,18446690209782481344,18446690209762278152,1468,0
"2025-11-10 14:18:32.9554787Z","2025-11-10 14:18:32.9554787Z","ETW","Microsoft-Windows-Kernel-Process",3,"ThreadStart Start "," 2392 bash.exe",4224,,," 6768 bash.exe",,,,,,,,,,,,,,,,,,,,,,,,,,,,,1762784312955478700,,18446606103138304000,18446606103138275328,4299165696,0,3166208,1908,6291456,6287360,4299165696,,,,,,,,,,,,,,,,,,,,,,,,,,,,,,,,,,,,,,,,,,,,,,,,,,,,
"2025-11-10 14:18:32.9554985Z","2025-11-10 14:18:32.9554985Z","ETW","Microsoft-Windows-Kernel-Audit-API-Calls",6,"PsOpenThread"," 2392 bash.exe",4224,,," 6768 bash.exe",1908,,,,,,,,,,,,,,,,,,,,,,,,,,,,1762784312955498500,,,,,,,,,,,,,,,,64,0,,,,,,,,,,,,,,,,,,,,,,,,,,,,,,,,,,,,,,,,,,,,,
"2025-11-10 14:18:32.9560052Z","2025-11-10 14:18:32.9560052Z","ETW","Microsoft-Windows-Kernel-Audit-API-Calls",5,"PsOpenProcess","  576 csrss.exe",6036,,," 6768 bash.exe",,,,,,,,,,,,,,,,,,,,,,,,,,,,,1762784312956005200,,,,,,,,,,,,,,,,2097151,0,,,,,,,,,,,,,,,,,,,,,,,,,,,,,,,,,,,,,,,,,,,,,
"2025-11-10 14:18:32.9560174Z","2025-11-10 14:18:32.9560174Z","ETW","Microsoft-Windows-Kernel-Audit-API-Calls",6,"PsOpenThread","  576 csrss.exe",6036,,," 6768 bash.exe",1908,,,,,,,,,,,,,,,,,,,,,,,,,,,,1762784312956017400,,,,,,,,,,,,,,,,2097151,0,,,,,,,,,,,,,,,,,,,,,,,,,,,,,,,,,,,,,,,,,,,,,
"2025-11-10 14:18:32.9635079Z","2025-11-10 14:18:32.9635079Z","ETW","Microsoft-Windows-Kernel-Process",5,"ImageLoad Info "," 6768 bash.exe",1908,,," 6768 bash.exe",,,"C:\Program Files\Git\usr\bin\bash.exe",,,,,,,,,,,,,,,,,,,,,,,,,,1762784312963507900,,,,,,,,,,,4299161600,4299161600,2616686,2617344,1727168884,,,,,,,,,,,,,,,,,,,,,,,,,,,,,,,,,,,,,,,,,,,,,,,
"2025-11-10 14:18:32.9637143Z","2025-11-10 14:18:32.9637143Z","ETW","Microsoft-Windows-Kernel-Process",5,"ImageLoad Info "," 6768 bash.exe",1908,,," 6768 bash.exe",,,"C:\Windows\System32\ntdll.dll",,,,,,,,,,,,,,,,,,,,,,,,,,1762784312963714300,,,,,,,,,,,140737324318720,140737324318720,2048895,2064384,2127151453,,,,,,,,,,,,,,,,,,,,,,,,,,,,,,,,,,,,,,,,,,,,,,,
"2025-11-10 14:18:32.9644950Z","2025-11-10 14:18:32.9644950Z","ETW","Microsoft-Windows-Kernel-Process",5,"ImageLoad Info "," 6768 bash.exe",1908,,," 6768 bash.exe",,,"C:\Windows\System32\kernel32.dll",,,,,,,,,,,,,,,,,,,,,,,,,,1762784312964495000,,,,,,,,,,,140737321435136,140737321435136,801304,794624,4007722010,,,,,,,,,,,,,,,,,,,,,,,,,,,,,,,,,,,,,,,,,,,,,,,
"2025-11-10 14:18:32.9647368Z","2025-11-10 14:18:32.9647368Z","ETW","Microsoft-Windows-Kernel-Process",5,"ImageLoad Info "," 6768 bash.exe",1908,,," 6768 bash.exe",,,"C:\Windows\System32\KernelBase.dll",,,,,,,,,,,,,,,,,,,,,,,,,,1762784312964736800,,,,,,,,,,,140737318289408,140737318289408,3171178,3104768,1448155220,,,,,,,,,,,,,,,,,,,,,,,,,,,,,,,,,,,,,,,,,,,,,,,
"2025-11-10 14:18:32.9667869Z","2025-11-10 14:18:32.9667869Z","ETW","Microsoft-Windows-Kernel-Audit-API-Calls",5,"PsOpenProcess"," 3032 conhost.exe",5540,,," 6768 bash.exe",,,,,,,,,,,,,,,,,,,,,,,,,,,,,1762784312966786900,,,,,,,,,,,,,,,,33554432,0,,,,,,,,,,,,,,,,,,,,,,,,,,,,,,,,,,,,,,,,,,,,,
"2025-11-10 14:18:32.9677825Z","2025-11-10 14:18:32.9677825Z","ETW","Microsoft-Windows-Kernel-Process",3,"ThreadStart Start "," 6768 bash.exe",1908,,," 6768 bash.exe",,,,,,,,,,,,,,,,,,,,,,,,,,,,,1762784312967782500,,18446606103133913088,18446606103133884416,140737324634384,0,3174400,6200,9240576,9236480,140737324634384,,,,,,,,,,,,,,,,,,,,,,,,,,,,,,,,,,,,,,,,,,,,,,,,,,,,
"2025-11-10 14:18:32.9678090Z","2025-11-10 14:18:32.9678090Z","ETW","Microsoft-Windows-Kernel-Audit-API-Calls",6,"PsOpenThread"," 6768 bash.exe",1908,,," 6768 bash.exe",6200,,,,,,,,,,,,,,,,,,,,,,,,,,,,1762784312967809000,,,,,,,,,,,,,,,,64,0,,,,,,,,,,,,,,,,,,,,,,,,,,,,,,,,,,,,,,,,,,,,,
"2025-11-10 14:18:32.9679055Z","2025-11-10 14:18:32.9679055Z","ETW","Microsoft-Windows-Kernel-Process",5,"ImageLoad Info "," 6768 bash.exe",1908,,," 6768 bash.exe",,,"C:\Windows\System32\user32.dll",,,,,,,,,,,,,,,,,,,,,,,,,,1762784312967905500,,,,,,,,,,,140737322287104,140737322287104,1767867,1708032,1351922499,,,,,,,,,,,,,,,,,,,,,,,,,,,,,,,,,,,,,,,,,,,,,,,
"2025-11-10 14:18:32.9681603Z","2025-11-10 14:18:32.9681603Z","ETW","Microsoft-Windows-Kernel-Process",5,"ImageLoad Info "," 6768 bash.exe",1908,,," 6768 bash.exe",,,"C:\Windows\System32\win32u.dll",,,,,,,,,,,,,,,,,,,,,,,,,,1762784312968160300,,,,,,,,,,,140737281196032,140737281196032,183095,139264,3760910660,,,,,,,,,,,,,,,,,,,,,,,,,,,,,,,,,,,,,,,,,,,,,,,
"2025-11-10 14:18:32.9683506Z","2025-11-10 14:18:32.9683506Z","ETW","Microsoft-Windows-Kernel-Process",5,"ImageLoad Info "," 6768 bash.exe",1908,,," 6768 bash.exe",,,"C:\Windows\System32\gdi32.dll",,,,,,,,,,,,,,,,,,,,,,,,,,1762784312968350600,,,,,,,,,,,140737309507584,140737309507584,210990,176128,2413768611,,,,,,,,,,,,,,,,,,,,,,,,,,,,,,,,,,,,,,,,,,,,,,,
"2025-11-10 14:18:32.9685399Z","2025-11-10 14:18:32.9685399Z","ETW","Microsoft-Windows-Kernel-Process",5,"ImageLoad Info "," 6768 bash.exe",1908,,," 6768 bash.exe",,,"C:\Windows\System32\gdi32full.dll",,,,,,,,,,,,,,,,,,,,,,,,,,1762784312968539900,,,,,,,,,,,140737281392640,140737281392640,1167211,1150976,1288019395,,,,,,,,,,,,,,,,,,,,,,,,,,,,,,,,,,,,,,,,,,,,,,,
"2025-11-10 14:18:32.9687152Z","2025-11-10 14:18:32.9687152Z","ETW","Microsoft-Windows-Kernel-Process",5,"ImageLoad Info "," 6768 bash.exe",1908,,," 6768 bash.exe",,,"C:\Windows\System32\msvcp_win.dll",,,,,,,,,,,,,,,,,,,,,,,,,,1762784312968715200,,,,,,,,,,,140737279819776,140737279819776,659111,643072,958749903,,,,,,,,,,,,,,,,,,,,,,,,,,,,,,,,,,,,,,,,,,,,,,,
"2025-11-10 14:18:32.9688865Z","2025-11-10 14:18:32.9688865Z","ETW","Microsoft-Windows-Kernel-Process",5,"ImageLoad Info "," 6768 bash.exe",1908,,," 6768 bash.exe",,,"C:\Windows\System32\ucrtbase.dll",,,,,,,,,,,,,,,,,,,,,,,,,,1762784312968886500,,,,,,,,,,,140737283162112,140737283162112,1076532,1048576,2177850761,,,,,,,,,,,,,,,,,,,,,,,,,,,,,,,,,,,,,,,,,,,,,,,
"2025-11-10 14:18:32.9694361Z","2025-11-10 14:18:32.9694361Z","ETW","Microsoft-Windows-Kernel-Process",5,"ImageLoad Info "," 6768 bash.exe",1908,,," 6768 bash.exe",,,"C:\Program Files\Git\usr\bin\msys-2.0.dll",,,,,,,,,,,,,,,,,,,,,,,,,,1762784312969436100,,,,,,,,,,,8858632192,8858632192,3356844,3530752,1752689865,,,,,,,,,,,,,,,,,,,,,,,,,,,,,,,,,,,,,,,,,,,,,,,
"2025-11-10 14:18:32.9695042Z","2025-11-10 14:18:32.9695042Z","ETW","Microsoft-Windows-Kernel-Audit-API-Calls",6,"PsOpenThread"," 2972 cyserver.exe",7532,,," 6768 bash.exe",1908,,,,,,,,,,,,,,,,,,,,,,,,,,,,1762784312969504200,,,,,,,,,,,,,,,,64,0,,,,,,,,,,,,,,,,,,,,,,,,,,,,,,,,,,,,,,,,,,,,,
"2025-11-10 14:18:32.9695150Z","2025-11-10 14:18:32.9695150Z","ETW","Microsoft-Windows-Kernel-Audit-API-Calls",5,"PsOpenProcess"," 2972 cyserver.exe",7532,,," 6768 bash.exe",,,,,,,,,,,,,,,,,,,,,,,,,,,,,1762784312969515000,,,,,,,,,,,,,,,,1024,0,,,,,,,,,,,,,,,,,,,,,,,,,,,,,,,,,,,,,,,,,,,,,
"2025-11-10 14:18:32.9700281Z","2025-11-10 14:18:32.9700281Z","ETW","Microsoft-Windows-Kernel-Process",3,"ThreadStart Start "," 6768 bash.exe",6200,,," 6768 bash.exe",,,,,,,,,,,,,,,,,,,,,,,,,,,,,1762784312970028100,,18446606103144988672,18446606103144960000,140737324634384,0,3182592,9640,11337728,11333632,140737324634384,,,,,,,,,,,,,,,,,,,,,,,,,,,,,,,,,,,,,,,,,,,,,,,,,,,,
"2025-11-10 14:18:32.9700535Z","2025-11-10 14:18:32.9700535Z","ETW","Microsoft-Windows-Kernel-Audit-API-Calls",6,"PsOpenThread"," 6768 bash.exe",6200,,," 6768 bash.exe",9640,,,,,,,,,,,,,,,,,,,,,,,,,,,,1762784312970053500,,,,,,,,,,,,,,,,64,0,,,,,,,,,,,,,,,,,,,,,,,,,,,,,,,,,,,,,,,,,,,,,
"2025-11-10 14:18:32.9727483Z","2025-11-10 14:18:32.9727483Z","ETW","Microsoft-Windows-Kernel-Process",5,"ImageLoad Info "," 6768 bash.exe",1908,,," 6768 bash.exe",,,"C:\Windows\System32\advapi32.dll",,,,,,,,,,,,,,,,,,,,,,,,,,1762784312972748300,,,,,,,,,,,140737306951680,140737306951680,744837,724992,4166620877,,,,,,,,,,,,,,,,,,,,,,,,,,,,,,,,,,,,,,,,,,,,,,,
"2025-11-10 14:18:32.9729690Z","2025-11-10 14:18:32.9729690Z","ETW","Microsoft-Windows-Kernel-Process",5,"ImageLoad Info "," 6768 bash.exe",1908,,," 6768 bash.exe",,,"C:\Windows\System32\msvcrt.dll",,,,,,,,,,,,,,,,,,,,,,,,,,1762784312972969000,,,,,,,,,,,140737314357248,140737314357248,681663,647168,2616593924,,,,,,,,,,,,,,,,,,,,,,,,,,,,,,,,,,,,,,,,,,,,,,,
"2025-11-10 14:18:32.9731518Z","2025-11-10 14:18:32.9731518Z","ETW","Microsoft-Windows-Kernel-Process",5,"ImageLoad Info "," 6768 bash.exe",1908,,," 6768 bash.exe",,,"C:\Windows\System32\sechost.dll",,,,,,,,,,,,,,,,,,,,,,,,,,1762784312973151800,,,,,,,,,,,140737308262400,140737308262400,647124,651264,2117042745,,,,,,,,,,,,,,,,,,,,,,,,,,,,,,,,,,,,,,,,,,,,,,,
"2025-11-10 14:18:32.9733197Z","2025-11-10 14:18:32.9733197Z","ETW","Microsoft-Windows-Kernel-Process",5,"ImageLoad Info "," 6768 bash.exe",1908,,," 6768 bash.exe",,,"C:\Windows\System32\rpcrt4.dll",,,,,,,,,,,,,,,,,,,,,,,,,,1762784312973319700,,,,,,,,,,,140737317109760,140737317109760,1217917,1179648,2756017066,,,,,,,,,,,,,,,,,,,,,,,,,,,,,,,,,,,,,,,,,,,,,,,
"2025-11-10 14:18:32.9735151Z","2025-11-10 14:18:32.9735151Z","ETW","Microsoft-Windows-Kernel-Process",5,"ImageLoad Info "," 6768 bash.exe",1908,,," 6768 bash.exe",,,"C:\Windows\System32\bcrypt.dll",,,,,,,,,,,,,,,,,,,,,,,,,,1762784312973515100,,,,,,,,,,,140737279623168,140737279623168,171668,159744,2220160889,,,,,,,,,,,,,,,,,,,,,,,,,,,,,,,,,,,,,,,,,,,,,,,
"2025-11-10 14:18:32.9750232Z","2025-11-10 14:18:32.9750232Z","ETW","Microsoft-Windows-Kernel-Process",5,"ImageLoad Info "," 6768 bash.exe",1908,,," 6768 bash.exe",,,"C:\Windows\System32\cryptbase.dll",,,,,,,,,,,,,,,,,,,,,,,,,,1762784312975023200,,,,,,,,,,,140737272020992,140737272020992,66383,49152,1678623338,,,,,,,,,,,,,,,,,,,,,,,,,,,,,,,,,,,,,,,,,,,,,,,
"2025-11-10 14:18:32.9753418Z","2025-11-10 14:18:32.9753418Z","ETW","Microsoft-Windows-Kernel-Process",5,"ImageLoad Info "," 6768 bash.exe",1908,,," 6768 bash.exe",,,"C:\Windows\System32\bcryptprimitives.dll",,,,,,,,,,,,,,,,,,,,,,,,,,1762784312975341800,,,,,,,,,,,140737282572288,140737282572288,531569,532480,3309379821,,,,,,,,,,,,,,,,,,,,,,,,,,,,,,,,,,,,,,,,,,,,,,,
"2025-11-10 14:18:32.9763135Z","2025-11-10 14:18:32.9763135Z","ETW","Microsoft-Windows-Kernel-Audit-API-Calls",3,"NtCreateSymbolicLinkObject"," 6768 bash.exe",1908,,,,,,,,,,,,,,,,,,,,,,,,,,,,,,,,1762784312976313500,,,,,,,,,,,,,,,,983041,0,,,,,,,,,,,,,,,,,,"winpid.6768","1092",,,,,,,,,,,,,,,,,,,,,,,,,,
"2025-11-10 14:18:32.9775312Z","2025-11-10 14:18:32.9775312Z","ETW-TI","Microsoft-Windows-Threat-Intelligence",7,"KERNEL_THREATINT_TASK_PROTECTVM "," 6768 bash.exe",1908,,," 6768 bash.exe",,,,,,,,,,,,,,4301500416,134072579129382497,6768,0,0,0,5066549580817732,134072579129382520,1908,"RWX",134072579129382497,0,0,0,5066549580817732,1762784312977531200,,,,,,,,,,,,,,,,,,,,,,,,,,,,,,,,,,,,,"R--",134072579129382497,6768,0,0,0,5066549580817732,110592,,,,,,,,,,,,,,,,,,
"2025-11-10 14:18:32.9775440Z","2025-11-10 14:18:32.9775440Z","ETW-TI","Microsoft-Windows-Threat-Intelligence",7,"KERNEL_THREATINT_TASK_PROTECTVM "," 6768 bash.exe",1908,,," 6768 bash.exe",,,,,,,,,,,,,,4301500416,134072579129382497,6768,0,0,0,5066549580817732,134072579129382520,1908,"R--",134072579129382497,0,0,0,5066549580817732,1762784312977544000,,,,,,,,,,,,,,,,,,,,,,,,,,,,,,,,,,,,,"RWX",134072579129382497,6768,0,0,0,5066549580817732,110592,,,,,,,,,,,,,,,,,,
"2025-11-10 14:18:32.9787203Z","2025-11-10 14:18:32.9787203Z","ETW","Microsoft-Windows-Kernel-Process",5,"ImageLoad Info "," 6768 bash.exe",1908,,," 6768 bash.exe",,,"C:\Windows\System32\imm32.dll",,,,,,,,,,,,,,,,,,,,,,,,,,1762784312978720300,,,,,,,,,,,140737309310976,140737309310976,238320,192512,770155462,,,,,,,,,,,,,,,,,,,,,,,,,,,,,,,,,,,,,,,,,,,,,,,
"2025-11-10 14:18:32.9799187Z","2025-11-10 14:18:32.9799187Z","ETW","Microsoft-Windows-Kernel-Process",3,"ThreadStart Start "," 6768 bash.exe",1908,,," 6768 bash.exe",,,,,,,,,,,,,,,,,,,,,,,,,,,,,1762784312979918700,,18446606103145054208,18446606103145025536,8858653840,0,3190784,9416,38928384,38924288,8858653840,,,,,,,,,,,,,,,,,,,,,,,,,,,,,,,,,,,,,,,,,,,,,,,,,,,,
"2025-11-10 14:18:32.9799374Z","2025-11-10 14:18:32.9799374Z","ETW","Microsoft-Windows-Kernel-Audit-API-Calls",6,"PsOpenThread"," 6768 bash.exe",1908,,," 6768 bash.exe",9416,,,,,,,,,,,,,,,,,,,,,,,,,,,,1762784312979937400,,,,,,,,,,,,,,,,64,0,,,,,,,,,,,,,,,,,,,,,,,,,,,,,,,,,,,,,,,,,,,,,
"2025-11-10 14:18:32.9800937Z","2025-11-10 14:18:32.9800937Z","ETW","Microsoft-Windows-Kernel-Audit-API-Calls",6,"PsOpenThread"," 6768 bash.exe",9416,,," 6768 bash.exe",9416,,,,,,,,,,,,,,,,,,,,,,,,,,,,1762784312980093700,,,,,,,,,,,,,,,,1024,0,,,,,,,,,,,,,,,,,,,,,,,,,,,,,,,,,,,,,,,,,,,,,
"2025-11-10 14:18:32.9806827Z","2025-11-10 14:18:32.9806827Z","ETW","Microsoft-Windows-Kernel-Audit-API-Calls",6,"PsOpenThread"," 2392 bash.exe",5764,,," 2392 bash.exe",5764,,,,,,,,,,,,,,,,,,,,,,,,,,,,1762784312980682700,,,,,,,,,,,,,,,,1024,0,,,,,,,,,,,,,,,,,,,,,,,,,,,,,,,,,,,,,,,,,,,,,
"2025-11-10 14:18:32.9829732Z","2025-11-10 14:18:32.9829732Z","ETW","Microsoft-Windows-Kernel-Process",1,"ProcessStart Start "," 6768 bash.exe",1908,,," 4532 bash.exe",,,"C:\Program Files\Git\usr\bin\bash.exe",,,,,,,,,,,,,,,,,,,,,,,,,,1762784312982973200,,,,,,,,,,,,,2616686,,1727168884,,,,,,,,,134072579129829196,0,"0x","","",6768,25924,25925,3,0,1,,,,,,,,,,,,,,,,,,,,,,,,,,,,
"2025-11-10 14:18:32.9831120Z","2025-11-10 14:18:32.9831120Z","ETW","Microsoft-Windows-Kernel-Audit-API-Calls",6,"PsOpenThread"," 2972 cyserver.exe",7728,,," 6768 bash.exe",1908,,,,,,,,,,,,,,,,,,,,,,,,,,,,1762784312983112000,,,,,,,,,,,,,,,,64,0,,,,,,,,,,,,,,,,,,,,,,,,,,,,,,,,,,,,,,,,,,,,,
"2025-11-10 14:18:32.9831232Z","2025-11-10 14:18:32.9831232Z","ETW","Microsoft-Windows-Kernel-Audit-API-Calls",5,"PsOpenProcess"," 2972 cyserver.exe",7728,,," 6768 bash.exe",,,,,,,,,,,,,,,,,,,,,,,,,,,,,1762784312983123200,,,,,,,,,,,,,,,,1024,0,,,,,,,,,,,,,,,,,,,,,,,,,,,,,,,,,,,,,,,,,,,,,
"2025-11-10 14:18:32.9841066Z","2025-11-10 14:18:32.9841066Z","ETW","Microsoft-Windows-Kernel-Audit-API-Calls",6,"PsOpenThread"," 2972 cyserver.exe",7160,,," 6768 bash.exe",1908,,,,,,,,,,,,,,,,,,,,,,,,,,,,1762784312984106600,,,,,,,,,,,,,,,,64,0,,,,,,,,,,,,,,,,,,,,,,,,,,,,,,,,,,,,,,,,,,,,,
"2025-11-10 14:18:32.9841160Z","2025-11-10 14:18:32.9841160Z","ETW","Microsoft-Windows-Kernel-Audit-API-Calls",5,"PsOpenProcess"," 2972 cyserver.exe",7160,,," 6768 bash.exe",,,,,,,,,,,,,,,,,,,,,,,,,,,,,1762784312984116000,,,,,,,,,,,,,,,,1024,0,,,,,,,,,,,,,,,,,,,,,,,,,,,,,,,,,,,,,,,,,,,,,
"2025-11-10 14:18:32.9870547Z","2025-11-10 14:18:32.9870547Z","ETW","Microsoft-Windows-Kernel-Audit-API-Calls",5,"PsOpenProcess"," 2972 cyserver.exe",7160,,," 4532 bash.exe",,,,,,,,,,,,,,,,,,,,,,,,,,,,,1762784312987054700,,,,,,,,,,,,,,,,2147483648,0,,,,,,,,,,,,,,,,,,,,,,,,,,,,,,,,,,,,,,,,,,,,,
"2025-11-10 14:18:32.9941667Z","2025-11-10 14:18:32.9941667Z","ETW","Microsoft-Windows-Kernel-Process",3,"ThreadStart Start "," 6768 bash.exe",1908,,," 4532 bash.exe",,,,,,,,,,,,,,,,,,,,,,,,,,,,,1762784312994166700,,18446606103145152512,18446606103145123840,4299165696,0,3801088,5496,6291456,6287360,4299165696,,,,,,,,,,,,,,,,,,,,,,,,,,,,,,,,,,,,,,,,,,,,,,,,,,,,
"2025-11-10 14:18:32.9941854Z","2025-11-10 14:18:32.9941854Z","ETW","Microsoft-Windows-Kernel-Audit-API-Calls",6,"PsOpenThread"," 6768 bash.exe",1908,,," 4532 bash.exe",5496,,,,,,,,,,,,,,,,,,,,,,,,,,,,1762784312994185400,,,,,,,,,,,,,,,,64,0,,,,,,,,,,,,,,,,,,,,,,,,,,,,,,,,,,,,,,,,,,,,,
"2025-11-10 14:18:32.9951217Z","2025-11-10 14:18:32.9951217Z","ETW","Microsoft-Windows-Kernel-Audit-API-Calls",5,"PsOpenProcess","  576 csrss.exe",3336,,," 4532 bash.exe",,,,,,,,,,,,,,,,,,,,,,,,,,,,,1762784312995121700,,,,,,,,,,,,,,,,2097151,0,,,,,,,,,,,,,,,,,,,,,,,,,,,,,,,,,,,,,,,,,,,,,
"2025-11-10 14:18:32.9951332Z","2025-11-10 14:18:32.9951332Z","ETW","Microsoft-Windows-Kernel-Audit-API-Calls",6,"PsOpenThread","  576 csrss.exe",3336,,," 4532 bash.exe",5496,,,,,,,,,,,,,,,,,,,,,,,,,,,,1762784312995133200,,,,,,,,,,,,,,,,2097151,0,,,,,,,,,,,,,,,,,,,,,,,,,,,,,,,,,,,,,,,,,,,,,
"2025-11-10 14:18:33.0094934Z","2025-11-10 14:18:33.0094934Z","ETW","Microsoft-Windows-Kernel-Process",5,"ImageLoad Info "," 4532 bash.exe",5496,,," 4532 bash.exe",,,"C:\Program Files\Git\usr\bin\bash.exe",,,,,,,,,,,,,,,,,,,,,,,,,,1762784313009493400,,,,,,,,,,,4299161600,4299161600,2616686,2617344,1727168884,,,,,,,,,,,,,,,,,,,,,,,,,,,,,,,,,,,,,,,,,,,,,,,
"2025-11-10 14:18:33.0097158Z","2025-11-10 14:18:33.0097158Z","ETW","Microsoft-Windows-Kernel-Process",5,"ImageLoad Info "," 4532 bash.exe",5496,,," 4532 bash.exe",,,"C:\Windows\System32\ntdll.dll",,,,,,,,,,,,,,,,,,,,,,,,,,1762784313009715800,,,,,,,,,,,140737324318720,140737324318720,2048895,2064384,2127151453,,,,,,,,,,,,,,,,,,,,,,,,,,,,,,,,,,,,,,,,,,,,,,,
"2025-11-10 14:18:33.0105117Z","2025-11-10 14:18:33.0105117Z","ETW","Microsoft-Windows-Kernel-Process",5,"ImageLoad Info "," 4532 bash.exe",5496,,," 4532 bash.exe",,,"C:\Windows\System32\kernel32.dll",,,,,,,,,,,,,,,,,,,,,,,,,,1762784313010511700,,,,,,,,,,,140737321435136,140737321435136,801304,794624,4007722010,,,,,,,,,,,,,,,,,,,,,,,,,,,,,,,,,,,,,,,,,,,,,,,
"2025-11-10 14:18:33.0107589Z","2025-11-10 14:18:33.0107589Z","ETW","Microsoft-Windows-Kernel-Process",5,"ImageLoad Info "," 4532 bash.exe",5496,,," 4532 bash.exe",,,"C:\Windows\System32\KernelBase.dll",,,,,,,,,,,,,,,,,,,,,,,,,,1762784313010758900,,,,,,,,,,,140737318289408,140737318289408,3171178,3104768,1448155220,,,,,,,,,,,,,,,,,,,,,,,,,,,,,,,,,,,,,,,,,,,,,,,
"2025-11-10 14:18:33.0145527Z","2025-11-10 14:18:33.0145527Z","ETW","Microsoft-Windows-Kernel-Audit-API-Calls",5,"PsOpenProcess"," 3032 conhost.exe",5540,,," 4532 bash.exe",,,,,,,,,,,,,,,,,,,,,,,,,,,,,1762784313014552700,,,,,,,,,,,,,,,,33554432,0,,,,,,,,,,,,,,,,,,,,,,,,,,,,,,,,,,,,,,,,,,,,,
"2025-11-10 14:18:33.0155618Z","2025-11-10 14:18:33.0155618Z","ETW","Microsoft-Windows-Kernel-Process",3,"ThreadStart Start "," 4532 bash.exe",5496,,," 4532 bash.exe",,,,,,,,,,,,,,,,,,,,,,,,,,,,,1762784313015561800,,18446606103145218048,18446606103145189376,140737324634384,0,3809280,6772,9240576,9236480,140737324634384,,,,,,,,,,,,,,,,,,,,,,,,,,,,,,,,,,,,,,,,,,,,,,,,,,,,
"2025-11-10 14:18:33.0155839Z","2025-11-10 14:18:33.0155839Z","ETW","Microsoft-Windows-Kernel-Audit-API-Calls",6,"PsOpenThread"," 4532 bash.exe",5496,,," 4532 bash.exe",6772,,,,,,,,,,,,,,,,,,,,,,,,,,,,1762784313015583900,,,,,,,,,,,,,,,,64,0,,,,,,,,,,,,,,,,,,,,,,,,,,,,,,,,,,,,,,,,,,,,,
"2025-11-10 14:18:33.0156631Z","2025-11-10 14:18:33.0156631Z","ETW","Microsoft-Windows-Kernel-Process",5,"ImageLoad Info "," 4532 bash.exe",5496,,," 4532 bash.exe",,,"C:\Windows\System32\user32.dll",,,,,,,,,,,,,,,,,,,,,,,,,,1762784313015663100,,,,,,,,,,,140737322287104,140737322287104,1767867,1708032,1351922499,,,,,,,,,,,,,,,,,,,,,,,,,,,,,,,,,,,,,,,,,,,,,,,
"2025-11-10 14:18:33.0159050Z","2025-11-10 14:18:33.0159050Z","ETW","Microsoft-Windows-Kernel-Process",5,"ImageLoad Info "," 4532 bash.exe",5496,,," 4532 bash.exe",,,"C:\Windows\System32\win32u.dll",,,,,,,,,,,,,,,,,,,,,,,,,,1762784313015905100,,,,,,,,,,,140737281196032,140737281196032,183095,139264,3760910660,,,,,,,,,,,,,,,,,,,,,,,,,,,,,,,,,,,,,,,,,,,,,,,
"2025-11-10 14:18:33.0161746Z","2025-11-10 14:18:33.0161746Z","ETW","Microsoft-Windows-Kernel-Process",5,"ImageLoad Info "," 4532 bash.exe",5496,,," 4532 bash.exe",,,"C:\Windows\System32\gdi32.dll",,,,,,,,,,,,,,,,,,,,,,,,,,1762784313016174600,,,,,,,,,,,140737309507584,140737309507584,210990,176128,2413768611,,,,,,,,,,,,,,,,,,,,,,,,,,,,,,,,,,,,,,,,,,,,,,,
"2025-11-10 14:18:33.0164406Z","2025-11-10 14:18:33.0164406Z","ETW","Microsoft-Windows-Kernel-Process",5,"ImageLoad Info "," 4532 bash.exe",5496,,," 4532 bash.exe",,,"C:\Windows\System32\gdi32full.dll",,,,,,,,,,,,,,,,,,,,,,,,,,1762784313016440600,,,,,,,,,,,140737281392640,140737281392640,1167211,1150976,1288019395,,,,,,,,,,,,,,,,,,,,,,,,,,,,,,,,,,,,,,,,,,,,,,,
"2025-11-10 14:18:33.0166351Z","2025-11-10 14:18:33.0166351Z","ETW","Microsoft-Windows-Kernel-Process",5,"ImageLoad Info "," 4532 bash.exe",5496,,," 4532 bash.exe",,,"C:\Windows\System32\msvcp_win.dll",,,,,,,,,,,,,,,,,,,,,,,,,,1762784313016635100,,,,,,,,,,,140737279819776,140737279819776,659111,643072,958749903,,,,,,,,,,,,,,,,,,,,,,,,,,,,,,,,,,,,,,,,,,,,,,,
"2025-11-10 14:18:33.0168333Z","2025-11-10 14:18:33.0168333Z","ETW","Microsoft-Windows-Kernel-Process",5,"ImageLoad Info "," 4532 bash.exe",5496,,," 4532 bash.exe",,,"C:\Windows\System32\ucrtbase.dll",,,,,,,,,,,,,,,,,,,,,,,,,,1762784313016833300,,,,,,,,,,,140737283162112,140737283162112,1076532,1048576,2177850761,,,,,,,,,,,,,,,,,,,,,,,,,,,,,,,,,,,,,,,,,,,,,,,
"2025-11-10 14:18:33.0174154Z","2025-11-10 14:18:33.0174154Z","ETW","Microsoft-Windows-Kernel-Process",5,"ImageLoad Info "," 4532 bash.exe",5496,,," 4532 bash.exe",,,"C:\Program Files\Git\usr\bin\msys-2.0.dll",,,,,,,,,,,,,,,,,,,,,,,,,,1762784313017415400,,,,,,,,,,,8858632192,8858632192,3356844,3530752,1752689865,,,,,,,,,,,,,,,,,,,,,,,,,,,,,,,,,,,,,,,,,,,,,,,
"2025-11-10 14:18:33.0174875Z","2025-11-10 14:18:33.0174875Z","ETW","Microsoft-Windows-Kernel-Audit-API-Calls",6,"PsOpenThread"," 2972 cyserver.exe",10288,,," 4532 bash.exe",5496,,,,,,,,,,,,,,,,,,,,,,,,,,,,1762784313017487500,,,,,,,,,,,,,,,,64,0,,,,,,,,,,,,,,,,,,,,,,,,,,,,,,,,,,,,,,,,,,,,,
"2025-11-10 14:18:33.0174985Z","2025-11-10 14:18:33.0174985Z","ETW","Microsoft-Windows-Kernel-Audit-API-Calls",5,"PsOpenProcess"," 2972 cyserver.exe",10288,,," 4532 bash.exe",,,,,,,,,,,,,,,,,,,,,,,,,,,,,1762784313017498500,,,,,,,,,,,,,,,,1024,0,,,,,,,,,,,,,,,,,,,,,,,,,,,,,,,,,,,,,,,,,,,,,
"2025-11-10 14:18:33.0186852Z","2025-11-10 14:18:33.0186852Z","ETW","Microsoft-Windows-Kernel-Process",3,"ThreadStart Start "," 4532 bash.exe",6772,,," 4532 bash.exe",,,,,,,,,,,,,,,,,,,,,,,,,,,,,1762784313018685200,,18446606103145316352,18446606103145287680,140737324634384,0,3817472,4976,11337728,11333632,140737324634384,,,,,,,,,,,,,,,,,,,,,,,,,,,,,,,,,,,,,,,,,,,,,,,,,,,,
"2025-11-10 14:18:33.0187072Z","2025-11-10 14:18:33.0187072Z","ETW","Microsoft-Windows-Kernel-Audit-API-Calls",6,"PsOpenThread"," 4532 bash.exe",6772,,," 4532 bash.exe",4976,,,,,,,,,,,,,,,,,,,,,,,,,,,,1762784313018707200,,,,,,,,,,,,,,,,64,0,,,,,,,,,,,,,,,,,,,,,,,,,,,,,,,,,,,,,,,,,,,,,
"2025-11-10 14:18:33.0204921Z","2025-11-10 14:18:33.0204921Z","ETW","Microsoft-Windows-Kernel-Process",5,"ImageLoad Info "," 4532 bash.exe",5496,,," 4532 bash.exe",,,"C:\Windows\System32\advapi32.dll",,,,,,,,,,,,,,,,,,,,,,,,,,1762784313020492100,,,,,,,,,,,140737306951680,140737306951680,744837,724992,4166620877,,,,,,,,,,,,,,,,,,,,,,,,,,,,,,,,,,,,,,,,,,,,,,,
"2025-11-10 14:18:33.0206998Z","2025-11-10 14:18:33.0206998Z","ETW","Microsoft-Windows-Kernel-Process",5,"ImageLoad Info "," 4532 bash.exe",5496,,," 4532 bash.exe",,,"C:\Windows\System32\msvcrt.dll",,,,,,,,,,,,,,,,,,,,,,,,,,1762784313020699800,,,,,,,,,,,140737314357248,140737314357248,681663,647168,2616593924,,,,,,,,,,,,,,,,,,,,,,,,,,,,,,,,,,,,,,,,,,,,,,,
"2025-11-10 14:18:33.0210635Z","2025-11-10 14:18:33.0210635Z","ETW","Microsoft-Windows-Kernel-Process",5,"ImageLoad Info "," 4532 bash.exe",5496,,," 4532 bash.exe",,,"C:\Windows\System32\sechost.dll",,,,,,,,,,,,,,,,,,,,,,,,,,1762784313021063600,,,,,,,,,,,140737308262400,140737308262400,647124,651264,2117042745,,,,,,,,,,,,,,,,,,,,,,,,,,,,,,,,,,,,,,,,,,,,,,,
"2025-11-10 14:18:33.0212671Z","2025-11-10 14:18:33.0212671Z","ETW","Microsoft-Windows-Kernel-Process",5,"ImageLoad Info "," 4532 bash.exe",5496,,," 4532 bash.exe",,,"C:\Windows\System32\rpcrt4.dll",,,,,,,,,,,,,,,,,,,,,,,,,,1762784313021267100,,,,,,,,,,,140737317109760,140737317109760,1217917,1179648,2756017066,,,,,,,,,,,,,,,,,,,,,,,,,,,,,,,,,,,,,,,,,,,,,,,
"2025-11-10 14:18:33.0214706Z","2025-11-10 14:18:33.0214706Z","ETW","Microsoft-Windows-Kernel-Process",5,"ImageLoad Info "," 4532 bash.exe",5496,,," 4532 bash.exe",,,"C:\Windows\System32\bcrypt.dll",,,,,,,,,,,,,,,,,,,,,,,,,,1762784313021470600,,,,,,,,,,,140737279623168,140737279623168,171668,159744,2220160889,,,,,,,,,,,,,,,,,,,,,,,,,,,,,,,,,,,,,,,,,,,,,,,
"2025-11-10 14:18:33.0227815Z","2025-11-10 14:18:33.0227815Z","ETW","Microsoft-Windows-Kernel-Process",5,"ImageLoad Info "," 4532 bash.exe",5496,,," 4532 bash.exe",,,"C:\Windows\System32\cryptbase.dll",,,,,,,,,,,,,,,,,,,,,,,,,,1762784313022781500,,,,,,,,,,,140737272020992,140737272020992,66383,49152,1678623338,,,,,,,,,,,,,,,,,,,,,,,,,,,,,,,,,,,,,,,,,,,,,,,
"2025-11-10 14:18:33.0230932Z","2025-11-10 14:18:33.0230932Z","ETW","Microsoft-Windows-Kernel-Process",5,"ImageLoad Info "," 4532 bash.exe",5496,,," 4532 bash.exe",,,"C:\Windows\System32\bcryptprimitives.dll",,,,,,,,,,,,,,,,,,,,,,,,,,1762784313023093200,,,,,,,,,,,140737282572288,140737282572288,531569,532480,3309379821,,,,,,,,,,,,,,,,,,,,,,,,,,,,,,,,,,,,,,,,,,,,,,,
"2025-11-10 14:18:33.0241147Z","2025-11-10 14:18:33.0241147Z","ETW","Microsoft-Windows-Kernel-Audit-API-Calls",3,"NtCreateSymbolicLinkObject"," 4532 bash.exe",5496,,,,,,,,,,,,,,,,,,,,,,,,,,,,,,,,1762784313024114700,,,,,,,,,,,,,,,,983041,0,,,,,,,,,,,,,,,,,,"winpid.4532","1093",,,,,,,,,,,,,,,,,,,,,,,,,,
"2025-11-10 14:18:33.0254817Z","2025-11-10 14:18:33.0254817Z","ETW-TI","Microsoft-Windows-Threat-Intelligence",7,"KERNEL_THREATINT_TASK_PROTECTVM "," 4532 bash.exe",5496,,," 4532 bash.exe",,,,,,,,,,,,,,4301500416,134072579129829196,4532,0,0,0,5066549580817733,134072579129829263,5496,"RWX",134072579129829196,0,0,0,5066549580817733,1762784313025481700,,,,,,,,,,,,,,,,,,,,,,,,,,,,,,,,,,,,,"R--",134072579129829196,4532,0,0,0,5066549580817733,110592,,,,,,,,,,,,,,,,,,
"2025-11-10 14:18:33.0254946Z","2025-11-10 14:18:33.0254946Z","ETW-TI","Microsoft-Windows-Threat-Intelligence",7,"KERNEL_THREATINT_TASK_PROTECTVM "," 4532 bash.exe",5496,,," 4532 bash.exe",,,,,,,,,,,,,,4301500416,134072579129829196,4532,0,0,0,5066549580817733,134072579129829263,5496,"R--",134072579129829196,0,0,0,5066549580817733,1762784313025494600,,,,,,,,,,,,,,,,,,,,,,,,,,,,,,,,,,,,,"RWX",134072579129829196,4532,0,0,0,5066549580817733,110592,,,,,,,,,,,,,,,,,,
"2025-11-10 14:18:33.0266445Z","2025-11-10 14:18:33.0266445Z","ETW","Microsoft-Windows-Kernel-Process",5,"ImageLoad Info "," 4532 bash.exe",5496,,," 4532 bash.exe",,,"C:\Windows\System32\imm32.dll",,,,,,,,,,,,,,,,,,,,,,,,,,1762784313026644500,,,,,,,,,,,140737309310976,140737309310976,238320,192512,770155462,,,,,,,,,,,,,,,,,,,,,,,,,,,,,,,,,,,,,,,,,,,,,,,
"2025-11-10 14:18:33.0278577Z","2025-11-10 14:18:33.0278577Z","ETW","Microsoft-Windows-Kernel-Process",3,"ThreadStart Start "," 4532 bash.exe",5496,,," 4532 bash.exe",,,,,,,,,,,,,,,,,,,,,,,,,,,,,1762784313027857700,,18446606103145250816,18446606103145222144,8858653840,0,3825664,6460,38338560,38334464,8858653840,,,,,,,,,,,,,,,,,,,,,,,,,,,,,,,,,,,,,,,,,,,,,,,,,,,,
"2025-11-10 14:18:33.0278775Z","2025-11-10 14:18:33.0278775Z","ETW","Microsoft-Windows-Kernel-Audit-API-Calls",6,"PsOpenThread"," 4532 bash.exe",5496,,," 4532 bash.exe",6460,,,,,,,,,,,,,,,,,,,,,,,,,,,,1762784313027877500,,,,,,,,,,,,,,,,64,0,,,,,,,,,,,,,,,,,,,,,,,,,,,,,,,,,,,,,,,,,,,,,
"2025-11-10 14:18:33.0280242Z","2025-11-10 14:18:33.0280242Z","ETW","Microsoft-Windows-Kernel-Audit-API-Calls",6,"PsOpenThread"," 4532 bash.exe",6460,,," 4532 bash.exe",6460,,,,,,,,,,,,,,,,,,,,,,,,,,,,1762784313028024200,,,,,,,,,,,,,,,,1024,0,,,,,,,,,,,,,,,,,,,,,,,,,,,,,,,,,,,,,,,,,,,,,
"2025-11-10 14:18:33.0285290Z","2025-11-10 14:18:33.0285290Z","ETW","Microsoft-Windows-Kernel-Process",3,"ThreadStart Start "," 6768 bash.exe",1908,,," 6768 bash.exe",,,,,,,,,,,,,,,,,,,,,,,,,,,,,1762784313028529000,,18446606103145086976,18446606103145058304,8858653840,0,3198976,8284,47841280,47837184,8858653840,,,,,,,,,,,,,,,,,,,,,,,,,,,,,,,,,,,,,,,,,,,,,,,,,,,,
"2025-11-10 14:18:33.0285498Z","2025-11-10 14:18:33.0285498Z","ETW","Microsoft-Windows-Kernel-Audit-API-Calls",6,"PsOpenThread"," 6768 bash.exe",1908,,," 6768 bash.exe",8284,,,,,,,,,,,,,,,,,,,,,,,,,,,,1762784313028549800,,,,,,,,,,,,,,,,64,0,,,,,,,,,,,,,,,,,,,,,,,,,,,,,,,,,,,,,,,,,,,,,
"2025-11-10 14:18:33.0301483Z","2025-11-10 14:18:33.0301483Z","ETW","Microsoft-Windows-Kernel-Process",1,"ProcessStart Start "," 4532 bash.exe",5496,,," 6932 bash.exe",,,"C:\Program Files\Git\usr\bin\bash.exe",,,,,,,,,,,,,,,,,,,,,,,,,,1762784313030148300,,,,,,,,,,,,,2616686,,1727168884,,,,,,,,,134072579130300987,0,"0x","","",4532,25925,25926,3,0,1,,,,,,,,,,,,,,,,,,,,,,,,,,,,
"2025-11-10 14:18:33.0301747Z","2025-11-10 14:18:33.0301747Z","ETW","Microsoft-Windows-Kernel-Audit-API-Calls",6,"PsOpenThread"," 6768 bash.exe",8284,,," 6768 bash.exe",8284,,,,,,,,,,,,,,,,,,,,,,,,,,,,1762784313030174700,,,,,,,,,,,,,,,,1024,0,,,,,,,,,,,,,,,,,,,,,,,,,,,,,,,,,,,,,,,,,,,,,
"2025-11-10 14:18:33.0302923Z","2025-11-10 14:18:33.0302923Z","ETW","Microsoft-Windows-Kernel-Audit-API-Calls",6,"PsOpenThread"," 2972 cyserver.exe",7532,,," 4532 bash.exe",5496,,,,,,,,,,,,,,,,,,,,,,,,,,,,1762784313030292300,,,,,,,,,,,,,,,,64,0,,,,,,,,,,,,,,,,,,,,,,,,,,,,,,,,,,,,,,,,,,,,,
"2025-11-10 14:18:33.0303033Z","2025-11-10 14:18:33.0303033Z","ETW","Microsoft-Windows-Kernel-Audit-API-Calls",5,"PsOpenProcess"," 2972 cyserver.exe",7532,,," 4532 bash.exe",,,,,,,,,,,,,,,,,,,,,,,,,,,,,1762784313030303300,,,,,,,,,,,,,,,,1024,0,,,,,,,,,,,,,,,,,,,,,,,,,,,,,,,,,,,,,,,,,,,,,
"2025-11-10 14:18:33.0312952Z","2025-11-10 14:18:33.0312952Z","ETW","Microsoft-Windows-Kernel-Audit-API-Calls",6,"PsOpenThread"," 2972 cyserver.exe",7728,,," 4532 bash.exe",5496,,,,,,,,,,,,,,,,,,,,,,,,,,,,1762784313031295200,,,,,,,,,,,,,,,,64,0,,,,,,,,,,,,,,,,,,,,,,,,,,,,,,,,,,,,,,,,,,,,,
"2025-11-10 14:18:33.0313039Z","2025-11-10 14:18:33.0313039Z","ETW","Microsoft-Windows-Kernel-Audit-API-Calls",5,"PsOpenProcess"," 2972 cyserver.exe",7728,,," 4532 bash.exe",,,,,,,,,,,,,,,,,,,,,,,,,,,,,1762784313031303900,,,,,,,,,,,,,,,,1024,0,,,,,,,,,,,,,,,,,,,,,,,,,,,,,,,,,,,,,,,,,,,,,
"2025-11-10 14:18:33.0343023Z","2025-11-10 14:18:33.0343023Z","ETW","Microsoft-Windows-Kernel-Audit-API-Calls",5,"PsOpenProcess"," 2972 cyserver.exe",7728,,," 6932 bash.exe",,,,,,,,,,,,,,,,,,,,,,,,,,,,,1762784313034302400,,,,,,,,,,,,,,,,2147483648,0,,,,,,,,,,,,,,,,,,,,,,,,,,,,,,,,,,,,,,,,,,,,,
"2025-11-10 14:18:33.0415115Z","2025-11-10 14:18:33.0415115Z","ETW","Microsoft-Windows-Kernel-Process",3,"ThreadStart Start "," 4532 bash.exe",5496,,," 6932 bash.exe",,,,,,,,,,,,,,,,,,,,,,,,,,,,,1762784313041511500,,18446606103145283584,18446606103145254912,4299165696,0,2367488,4772,6291456,6287360,4299165696,,,,,,,,,,,,,,,,,,,,,,,,,,,,,,,,,,,,,,,,,,,,,,,,,,,,
"2025-11-10 14:18:33.0415296Z","2025-11-10 14:18:33.0415296Z","ETW","Microsoft-Windows-Kernel-Audit-API-Calls",6,"PsOpenThread"," 4532 bash.exe",5496,,," 6932 bash.exe",4772,,,,,,,,,,,,,,,,,,,,,,,,,,,,1762784313041529600,,,,,,,,,,,,,,,,64,0,,,,,,,,,,,,,,,,,,,,,,,,,,,,,,,,,,,,,,,,,,,,,
"2025-11-10 14:18:33.0425126Z","2025-11-10 14:18:33.0425126Z","ETW","Microsoft-Windows-Kernel-Audit-API-Calls",5,"PsOpenProcess","  576 csrss.exe",688,,," 6932 bash.exe",,,,,,,,,,,,,,,,,,,,,,,,,,,,,1762784313042512600,,,,,,,,,,,,,,,,2097151,0,,,,,,,,,,,,,,,,,,,,,,,,,,,,,,,,,,,,,,,,,,,,,
"2025-11-10 14:18:33.0425242Z","2025-11-10 14:18:33.0425242Z","ETW","Microsoft-Windows-Kernel-Audit-API-Calls",6,"PsOpenThread","  576 csrss.exe",688,,," 6932 bash.exe",4772,,,,,,,,,,,,,,,,,,,,,,,,,,,,1762784313042524200,,,,,,,,,,,,,,,,2097151,0,,,,,,,,,,,,,,,,,,,,,,,,,,,,,,,,,,,,,,,,,,,,,
"2025-11-10 14:18:33.0454959Z","2025-11-10 14:18:33.0454959Z","ETW","Microsoft-Windows-Kernel-Process",5,"ImageLoad Info "," 6932 bash.exe",4772,,," 6932 bash.exe",,,"C:\Program Files\Git\usr\bin\bash.exe",,,,,,,,,,,,,,,,,,,,,,,,,,1762784313045495900,,,,,,,,,,,4299161600,4299161600,2616686,2617344,1727168884,,,,,,,,,,,,,,,,,,,,,,,,,,,,,,,,,,,,,,,,,,,,,,,
"2025-11-10 14:18:33.0456636Z","2025-11-10 14:18:33.0456636Z","ETW","Microsoft-Windows-Kernel-Process",5,"ImageLoad Info "," 6932 bash.exe",4772,,," 6932 bash.exe",,,"C:\Windows\System32\ntdll.dll",,,,,,,,,,,,,,,,,,,,,,,,,,1762784313045663600,,,,,,,,,,,140737324318720,140737324318720,2048895,2064384,2127151453,,,,,,,,,,,,,,,,,,,,,,,,,,,,,,,,,,,,,,,,,,,,,,,
"2025-11-10 14:18:33.0463981Z","2025-11-10 14:18:33.0463981Z","ETW","Microsoft-Windows-Kernel-Process",5,"ImageLoad Info "," 6932 bash.exe",4772,,," 6932 bash.exe",,,"C:\Windows\System32\kernel32.dll",,,,,,,,,,,,,,,,,,,,,,,,,,1762784313046398100,,,,,,,,,,,140737321435136,140737321435136,801304,794624,4007722010,,,,,,,,,,,,,,,,,,,,,,,,,,,,,,,,,,,,,,,,,,,,,,,
"2025-11-10 14:18:33.0466341Z","2025-11-10 14:18:33.0466341Z","ETW","Microsoft-Windows-Kernel-Process",5,"ImageLoad Info "," 6932 bash.exe",4772,,," 6932 bash.exe",,,"C:\Windows\System32\KernelBase.dll",,,,,,,,,,,,,,,,,,,,,,,,,,1762784313046634100,,,,,,,,,,,140737318289408,140737318289408,3171178,3104768,1448155220,,,,,,,,,,,,,,,,,,,,,,,,,,,,,,,,,,,,,,,,,,,,,,,
"2025-11-10 14:18:33.0484530Z","2025-11-10 14:18:33.0484530Z","ETW","Microsoft-Windows-Kernel-Audit-API-Calls",5,"PsOpenProcess"," 3032 conhost.exe",5540,,," 6932 bash.exe",,,,,,,,,,,,,,,,,,,,,,,,,,,,,1762784313048453000,,,,,,,,,,,,,,,,33554432,0,,,,,,,,,,,,,,,,,,,,,,,,,,,,,,,,,,,,,,,,,,,,,
"2025-11-10 14:18:33.0494080Z","2025-11-10 14:18:33.0494080Z","ETW","Microsoft-Windows-Kernel-Process",3,"ThreadStart Start "," 6932 bash.exe",4772,,," 6932 bash.exe",,,,,,,,,,,,,,,,,,,,,,,,,,,,,1762784313049408000,,18446606103145381888,18446606103145353216,140737324634384,0,2375680,5308,10289152,10285056,140737324634384,,,,,,,,,,,,,,,,,,,,,,,,,,,,,,,,,,,,,,,,,,,,,,,,,,,,
"2025-11-10 14:18:33.0494281Z","2025-11-10 14:18:33.0494281Z","ETW","Microsoft-Windows-Kernel-Audit-API-Calls",6,"PsOpenThread"," 6932 bash.exe",4772,,," 6932 bash.exe",5308,,,,,,,,,,,,,,,,,,,,,,,,,,,,1762784313049428100,,,,,,,,,,,,,,,,64,0,,,,,,,,,,,,,,,,,,,,,,,,,,,,,,,,,,,,,,,,,,,,,
"2025-11-10 14:18:33.0494971Z","2025-11-10 14:18:33.0494971Z","ETW","Microsoft-Windows-Kernel-Process",5,"ImageLoad Info "," 6932 bash.exe",4772,,," 6932 bash.exe",,,"C:\Windows\System32\user32.dll",,,,,,,,,,,,,,,,,,,,,,,,,,1762784313049497100,,,,,,,,,,,140737322287104,140737322287104,1767867,1708032,1351922499,,,,,,,,,,,,,,,,,,,,,,,,,,,,,,,,,,,,,,,,,,,,,,,
"2025-11-10 14:18:33.0497341Z","2025-11-10 14:18:33.0497341Z","ETW","Microsoft-Windows-Kernel-Process",5,"ImageLoad Info "," 6932 bash.exe",4772,,," 6932 bash.exe",,,"C:\Windows\System32\win32u.dll",,,,,,,,,,,,,,,,,,,,,,,,,,1762784313049734100,,,,,,,,,,,140737281196032,140737281196032,183095,139264,3760910660,,,,,,,,,,,,,,,,,,,,,,,,,,,,,,,,,,,,,,,,,,,,,,,
"2025-11-10 14:18:33.0499126Z","2025-11-10 14:18:33.0499126Z","ETW","Microsoft-Windows-Kernel-Process",5,"ImageLoad Info "," 6932 bash.exe",4772,,," 6932 bash.exe",,,"C:\Windows\System32\gdi32.dll",,,,,,,,,,,,,,,,,,,,,,,,,,1762784313049912600,,,,,,,,,,,140737309507584,140737309507584,210990,176128,2413768611,,,,,,,,,,,,,,,,,,,,,,,,,,,,,,,,,,,,,,,,,,,,,,,
"2025-11-10 14:18:33.0500814Z","2025-11-10 14:18:33.0500814Z","ETW","Microsoft-Windows-Kernel-Process",5,"ImageLoad Info "," 6932 bash.exe",4772,,," 6932 bash.exe",,,"C:\Windows\System32\gdi32full.dll",,,,,,,,,,,,,,,,,,,,,,,,,,1762784313050081400,,,,,,,,,,,140737281392640,140737281392640,1167211,1150976,1288019395,,,,,,,,,,,,,,,,,,,,,,,,,,,,,,,,,,,,,,,,,,,,,,,
"2025-11-10 14:18:33.0502544Z","2025-11-10 14:18:33.0502544Z","ETW","Microsoft-Windows-Kernel-Process",5,"ImageLoad Info "," 6932 bash.exe",4772,,," 6932 bash.exe",,,"C:\Windows\System32\msvcp_win.dll",,,,,,,,,,,,,,,,,,,,,,,,,,1762784313050254400,,,,,,,,,,,140737279819776,140737279819776,659111,643072,958749903,,,,,,,,,,,,,,,,,,,,,,,,,,,,,,,,,,,,,,,,,,,,,,,
"2025-11-10 14:18:33.0504342Z","2025-11-10 14:18:33.0504342Z","ETW","Microsoft-Windows-Kernel-Process",5,"ImageLoad Info "," 6932 bash.exe",4772,,," 6932 bash.exe",,,"C:\Windows\System32\ucrtbase.dll",,,,,,,,,,,,,,,,,,,,,,,,,,1762784313050434200,,,,,,,,,,,140737283162112,140737283162112,1076532,1048576,2177850761,,,,,,,,,,,,,,,,,,,,,,,,,,,,,,,,,,,,,,,,,,,,,,,
"2025-11-10 14:18:33.0509421Z","2025-11-10 14:18:33.0509421Z","ETW","Microsoft-Windows-Kernel-Process",5,"ImageLoad Info "," 6932 bash.exe",4772,,," 6932 bash.exe",,,"C:\Program Files\Git\usr\bin\msys-2.0.dll",,,,,,,,,,,,,,,,,,,,,,,,,,1762784313050942100,,,,,,,,,,,8858632192,8858632192,3356844,3530752,1752689865,,,,,,,,,,,,,,,,,,,,,,,,,,,,,,,,,,,,,,,,,,,,,,,
"2025-11-10 14:18:33.0510079Z","2025-11-10 14:18:33.0510079Z","ETW","Microsoft-Windows-Kernel-Audit-API-Calls",6,"PsOpenThread"," 2972 cyserver.exe",7160,,," 6932 bash.exe",4772,,,,,,,,,,,,,,,,,,,,,,,,,,,,1762784313051007900,,,,,,,,,,,,,,,,64,0,,,,,,,,,,,,,,,,,,,,,,,,,,,,,,,,,,,,,,,,,,,,,
"2025-11-10 14:18:33.0510186Z","2025-11-10 14:18:33.0510186Z","ETW","Microsoft-Windows-Kernel-Audit-API-Calls",5,"PsOpenProcess"," 2972 cyserver.exe",7160,,," 6932 bash.exe",,,,,,,,,,,,,,,,,,,,,,,,,,,,,1762784313051018600,,,,,,,,,,,,,,,,1024,0,,,,,,,,,,,,,,,,,,,,,,,,,,,,,,,,,,,,,,,,,,,,,
"2025-11-10 14:18:33.0546310Z","2025-11-10 14:18:33.0546310Z","ETW","Microsoft-Windows-Kernel-Process",3,"ThreadStart Start "," 6932 bash.exe",5308,,," 6932 bash.exe",,,,,,,,,,,,,,,,,,,,,,,,,,,,,1762784313054631000,,18446606103145119744,18446606103145091072,140737324634384,0,2383872,11132,12386304,12382208,140737324634384,,,,,,,,,,,,,,,,,,,,,,,,,,,,,,,,,,,,,,,,,,,,,,,,,,,,
"2025-11-10 14:18:33.0547727Z","2025-11-10 14:18:33.0547727Z","ETW","Microsoft-Windows-Kernel-Audit-API-Calls",6,"PsOpenThread"," 6932 bash.exe",5308,,," 6932 bash.exe",11132,,,,,,,,,,,,,,,,,,,,,,,,,,,,1762784313054772700,,,,,,,,,,,,,,,,64,0,,,,,,,,,,,,,,,,,,,,,,,,,,,,,,,,,,,,,,,,,,,,,
"2025-11-10 14:18:33.0557070Z","2025-11-10 14:18:33.0557070Z","ETW","Microsoft-Windows-Kernel-Process",5,"ImageLoad Info "," 6932 bash.exe",4772,,," 6932 bash.exe",,,"C:\Windows\System32\advapi32.dll",,,,,,,,,,,,,,,,,,,,,,,,,,1762784313055707000,,,,,,,,,,,140737306951680,140737306951680,744837,724992,4166620877,,,,,,,,,,,,,,,,,,,,,,,,,,,,,,,,,,,,,,,,,,,,,,,
"2025-11-10 14:18:33.0559399Z","2025-11-10 14:18:33.0559399Z","ETW","Microsoft-Windows-Kernel-Process",5,"ImageLoad Info "," 6932 bash.exe",4772,,," 6932 bash.exe",,,"C:\Windows\System32\msvcrt.dll",,,,,,,,,,,,,,,,,,,,,,,,,,1762784313055939900,,,,,,,,,,,140737314357248,140737314357248,681663,647168,2616593924,,,,,,,,,,,,,,,,,,,,,,,,,,,,,,,,,,,,,,,,,,,,,,,
"2025-11-10 14:18:33.0561322Z","2025-11-10 14:18:33.0561322Z","ETW","Microsoft-Windows-Kernel-Process",5,"ImageLoad Info "," 6932 bash.exe",4772,,," 6932 bash.exe",,,"C:\Windows\System32\sechost.dll",,,,,,,,,,,,,,,,,,,,,,,,,,1762784313056132200,,,,,,,,,,,140737308262400,140737308262400,647124,651264,2117042745,,,,,,,,,,,,,,,,,,,,,,,,,,,,,,,,,,,,,,,,,,,,,,,
"2025-11-10 14:18:33.0563081Z","2025-11-10 14:18:33.0563081Z","ETW","Microsoft-Windows-Kernel-Process",5,"ImageLoad Info "," 6932 bash.exe",4772,,," 6932 bash.exe",,,"C:\Windows\System32\rpcrt4.dll",,,,,,,,,,,,,,,,,,,,,,,,,,1762784313056308100,,,,,,,,,,,140737317109760,140737317109760,1217917,1179648,2756017066,,,,,,,,,,,,,,,,,,,,,,,,,,,,,,,,,,,,,,,,,,,,,,,
"2025-11-10 14:18:33.0565204Z","2025-11-10 14:18:33.0565204Z","ETW","Microsoft-Windows-Kernel-Process",5,"ImageLoad Info "," 6932 bash.exe",4772,,," 6932 bash.exe",,,"C:\Windows\System32\bcrypt.dll",,,,,,,,,,,,,,,,,,,,,,,,,,1762784313056520400,,,,,,,,,,,140737279623168,140737279623168,171668,159744,2220160889,,,,,,,,,,,,,,,,,,,,,,,,,,,,,,,,,,,,,,,,,,,,,,,
"2025-11-10 14:18:33.0578334Z","2025-11-10 14:18:33.0578334Z","ETW","Microsoft-Windows-Kernel-Process",5,"ImageLoad Info "," 6932 bash.exe",4772,,," 6932 bash.exe",,,"C:\Windows\System32\cryptbase.dll",,,,,,,,,,,,,,,,,,,,,,,,,,1762784313057833400,,,,,,,,,,,140737272020992,140737272020992,66383,49152,1678623338,,,,,,,,,,,,,,,,,,,,,,,,,,,,,,,,,,,,,,,,,,,,,,,
"2025-11-10 14:18:33.0581579Z","2025-11-10 14:18:33.0581579Z","ETW","Microsoft-Windows-Kernel-Process",5,"ImageLoad Info "," 6932 bash.exe",4772,,," 6932 bash.exe",,,"C:\Windows\System32\bcryptprimitives.dll",,,,,,,,,,,,,,,,,,,,,,,,,,1762784313058157900,,,,,,,,,,,140737282572288,140737282572288,531569,532480,3309379821,,,,,,,,,,,,,,,,,,,,,,,,,,,,,,,,,,,,,,,,,,,,,,,
"2025-11-10 14:18:33.0591317Z","2025-11-10 14:18:33.0591317Z","ETW","Microsoft-Windows-Kernel-Audit-API-Calls",3,"NtCreateSymbolicLinkObject"," 6932 bash.exe",4772,,,,,,,,,,,,,,,,,,,,,,,,,,,,,,,,1762784313059131700,,,,,,,,,,,,,,,,983041,0,,,,,,,,,,,,,,,,,,"winpid.6932","1094",,,,,,,,,,,,,,,,,,,,,,,,,,
"2025-11-10 14:18:33.0605607Z","2025-11-10 14:18:33.0605607Z","ETW-TI","Microsoft-Windows-Threat-Intelligence",7,"KERNEL_THREATINT_TASK_PROTECTVM "," 6932 bash.exe",4772,,," 6932 bash.exe",,,,,,,,,,,,,,4301500416,134072579130300987,6932,0,0,0,5066549580817734,134072579130301010,4772,"RWX",134072579130300987,0,0,0,5066549580817734,1762784313060560700,,,,,,,,,,,,,,,,,,,,,,,,,,,,,,,,,,,,,"R--",134072579130300987,6932,0,0,0,5066549580817734,110592,,,,,,,,,,,,,,,,,,
"2025-11-10 14:18:33.0605743Z","2025-11-10 14:18:33.0605743Z","ETW-TI","Microsoft-Windows-Threat-Intelligence",7,"KERNEL_THREATINT_TASK_PROTECTVM "," 6932 bash.exe",4772,,," 6932 bash.exe",,,,,,,,,,,,,,4301500416,134072579130300987,6932,0,0,0,5066549580817734,134072579130301010,4772,"R--",134072579130300987,0,0,0,5066549580817734,1762784313060574300,,,,,,,,,,,,,,,,,,,,,,,,,,,,,,,,,,,,,"RWX",134072579130300987,6932,0,0,0,5066549580817734,110592,,,,,,,,,,,,,,,,,,
"2025-11-10 14:18:33.0617563Z","2025-11-10 14:18:33.0617563Z","ETW","Microsoft-Windows-Kernel-Process",5,"ImageLoad Info "," 6932 bash.exe",4772,,," 6932 bash.exe",,,"C:\Windows\System32\imm32.dll",,,,,,,,,,,,,,,,,,,,,,,,,,1762784313061756300,,,,,,,,,,,140737309310976,140737309310976,238320,192512,770155462,,,,,,,,,,,,,,,,,,,,,,,,,,,,,,,,,,,,,,,,,,,,,,,
"2025-11-10 14:18:33.0629429Z","2025-11-10 14:18:33.0629429Z","ETW","Microsoft-Windows-Kernel-Process",3,"ThreadStart Start "," 6932 bash.exe",4772,,," 6932 bash.exe",,,,,,,,,,,,,,,,,,,,,,,,,,,,,1762784313062942900,,18446606103121494016,18446606103121465344,8858653840,0,2392064,12160,39256064,39251968,8858653840,,,,,,,,,,,,,,,,,,,,,,,,,,,,,,,,,,,,,,,,,,,,,,,,,,,,
"2025-11-10 14:18:33.0629620Z","2025-11-10 14:18:33.0629620Z","ETW","Microsoft-Windows-Kernel-Audit-API-Calls",6,"PsOpenThread"," 6932 bash.exe",4772,,," 6932 bash.exe",12160,,,,,,,,,,,,,,,,,,,,,,,,,,,,1762784313062962100,,,,,,,,,,,,,,,,64,0,,,,,,,,,,,,,,,,,,,,,,,,,,,,,,,,,,,,,,,,,,,,,
"2025-11-10 14:18:33.0631059Z","2025-11-10 14:18:33.0631059Z","ETW","Microsoft-Windows-Kernel-Audit-API-Calls",6,"PsOpenThread"," 6932 bash.exe",12160,,," 6932 bash.exe",12160,,,,,,,,,,,,,,,,,,,,,,,,,,,,1762784313063105900,,,,,,,,,,,,,,,,1024,0,,,,,,,,,,,,,,,,,,,,,,,,,,,,,,,,,,,,,,,,,,,,,
"2025-11-10 14:18:33.0637181Z","2025-11-10 14:18:33.0637181Z","ETW","Microsoft-Windows-Kernel-Process",3,"ThreadStart Start "," 4532 bash.exe",5496,,," 4532 bash.exe",,,,,,,,,,,,,,,,,,,,,,,,,,,,,1762784313063718100,,18446606103145414656,18446606103145385984,8858653840,0,3833856,3836,45875200,45871104,8858653840,,,,,,,,,,,,,,,,,,,,,,,,,,,,,,,,,,,,,,,,,,,,,,,,,,,,
"2025-11-10 14:18:33.0637368Z","2025-11-10 14:18:33.0637368Z","ETW","Microsoft-Windows-Kernel-Audit-API-Calls",6,"PsOpenThread"," 4532 bash.exe",5496,,," 4532 bash.exe",3836,,,,,,,,,,,,,,,,,,,,,,,,,,,,1762784313063736800,,,,,,,,,,,,,,,,64,0,,,,,,,,,,,,,,,,,,,,,,,,,,,,,,,,,,,,,,,,,,,,,
"2025-11-10 14:18:33.0642510Z","2025-11-10 14:18:33.0642510Z","ETW","Microsoft-Windows-Kernel-Audit-API-Calls",6,"PsOpenThread"," 4532 bash.exe",3836,,," 4532 bash.exe",3836,,,,,,,,,,,,,,,,,,,,,,,,,,,,1762784313064251000,,,,,,,,,,,,,,,,1024,0,,,,,,,,,,,,,,,,,,,,,,,,,,,,,,,,,,,,,,,,,,,,,
"2025-11-10 14:18:33.0724943Z","2025-11-10 14:18:33.0724943Z","ETW","Microsoft-Windows-Kernel-Process",1,"ProcessStart Start "," 6932 bash.exe",4772,,," 8060 conhost.exe",,,"C:\Windows\System32\conhost.exe",,,,,,,,,,,,,,,,,,,,,,,,,,1762784313072494300,,,,,,,,,,,,,907531,,2536827738,,,,,,,,,134072579130724222,0,"0x","","",6932,25926,25927,3,0,1,,,,,,,,,,,,,,,,,,,,,,,,,,,,
"2025-11-10 14:18:33.0727390Z","2025-11-10 14:18:33.0727390Z","ETW","Microsoft-Windows-Kernel-Audit-API-Calls",6,"PsOpenThread"," 2972 cyserver.exe",10288,,," 6932 bash.exe",4772,,,,,,,,,,,,,,,,,,,,,,,,,,,,1762784313072739000,,,,,,,,,,,,,,,,64,0,,,,,,,,,,,,,,,,,,,,,,,,,,,,,,,,,,,,,,,,,,,,,
"2025-11-10 14:18:33.0727518Z","2025-11-10 14:18:33.0727518Z","ETW","Microsoft-Windows-Kernel-Audit-API-Calls",5,"PsOpenProcess"," 2972 cyserver.exe",10288,,," 6932 bash.exe",,,,,,,,,,,,,,,,,,,,,,,,,,,,,1762784313072751800,,,,,,,,,,,,,,,,1024,0,,,,,,,,,,,,,,,,,,,,,,,,,,,,,,,,,,,,,,,,,,,,,
"2025-11-10 14:18:33.0737501Z","2025-11-10 14:18:33.0737501Z","ETW","Microsoft-Windows-Kernel-Audit-API-Calls",6,"PsOpenThread"," 2972 cyserver.exe",7532,,," 6932 bash.exe",4772,,,,,,,,,,,,,,,,,,,,,,,,,,,,1762784313073750100,,,,,,,,,,,,,,,,64,0,,,,,,,,,,,,,,,,,,,,,,,,,,,,,,,,,,,,,,,,,,,,,
"2025-11-10 14:18:33.0737601Z","2025-11-10 14:18:33.0737601Z","ETW","Microsoft-Windows-Kernel-Audit-API-Calls",5,"PsOpenProcess"," 2972 cyserver.exe",7532,,," 6932 bash.exe",,,,,,,,,,,,,,,,,,,,,,,,,,,,,1762784313073760100,,,,,,,,,,,,,,,,1024,0,,,,,,,,,,,,,,,,,,,,,,,,,,,,,,,,,,,,,,,,,,,,,
"2025-11-10 14:18:33.0767868Z","2025-11-10 14:18:33.0767868Z","ETW","Microsoft-Windows-Kernel-Audit-API-Calls",5,"PsOpenProcess"," 2972 cyserver.exe",7532,,," 8060 conhost.exe",,,,,,,,,,,,,,,,,,,,,,,,,,,,,1762784313076786800,,,,,,,,,,,,,,,,2147483648,0,,,,,,,,,,,,,,,,,,,,,,,,,,,,,,,,,,,,,,,,,,,,,
"2025-11-10 14:18:33.0847475Z","2025-11-10 14:18:33.0847475Z","ETW","Microsoft-Windows-Kernel-Process",3,"ThreadStart Start "," 6932 bash.exe",4772,,," 8060 conhost.exe",,,,,,,,,,,,,,,,,,,,,,,,,,,,,1762784313084747500,,18446606103145447424,18446606103145418752,140700242212704,0,201613824000,12148,201611214848,201611206656,140700242212704,,,,,,,,,,,,,,,,,,,,,,,,,,,,,,,,,,,,,,,,,,,,,,,,,,,,
"2025-11-10 14:18:33.0847674Z","2025-11-10 14:18:33.0847674Z","ETW","Microsoft-Windows-Kernel-Audit-API-Calls",6,"PsOpenThread"," 6932 bash.exe",4772,,," 8060 conhost.exe",12148,,,,,,,,,,,,,,,,,,,,,,,,,,,,1762784313084767400,,,,,,,,,,,,,,,,64,0,,,,,,,,,,,,,,,,,,,,,,,,,,,,,,,,,,,,,,,,,,,,,
"2025-11-10 14:18:33.0857465Z","2025-11-10 14:18:33.0857465Z","ETW","Microsoft-Windows-Kernel-Audit-API-Calls",5,"PsOpenProcess","  576 csrss.exe",592,,," 8060 conhost.exe",,,,,,,,,,,,,,,,,,,,,,,,,,,,,1762784313085746500,,,,,,,,,,,,,,,,2097151,0,,,,,,,,,,,,,,,,,,,,,,,,,,,,,,,,,,,,,,,,,,,,,
"2025-11-10 14:18:33.0857576Z","2025-11-10 14:18:33.0857576Z","ETW","Microsoft-Windows-Kernel-Audit-API-Calls",6,"PsOpenThread","  576 csrss.exe",592,,," 8060 conhost.exe",12148,,,,,,,,,,,,,,,,,,,,,,,,,,,,1762784313085757600,,,,,,,,,,,,,,,,2097151,0,,,,,,,,,,,,,,,,,,,,,,,,,,,,,,,,,,,,,,,,,,,,,
"2025-11-10 14:18:33.0873364Z","2025-11-10 14:18:33.0873364Z","ETW","Microsoft-Windows-Kernel-Process",1,"ProcessStart Start "," 6932 bash.exe",4772,,," 9356 cygwin-console-helper.exe",,,"C:\Program Files\Git\usr\bin\cygwin-console-helper.exe",,,,,,,,,,,,,,,,,,,,,,,,,,1762784313087336400,,,,,,,,,,,,,49333,,1752689865,,,,,,,,,134072579130872824,0,"0x","","",6932,25926,25928,3,0,1,,,,,,,,,,,,,,,,,,,,,,,,,,,,
"2025-11-10 14:18:33.0881122Z","2025-11-10 14:18:33.0881122Z","ETW","Microsoft-Windows-Kernel-Audit-API-Calls",6,"PsOpenThread"," 2972 cyserver.exe",7728,,," 6932 bash.exe",4772,,,,,,,,,,,,,,,,,,,,,,,,,,,,1762784313088112200,,,,,,,,,,,,,,,,64,0,,,,,,,,,,,,,,,,,,,,,,,,,,,,,,,,,,,,,,,,,,,,,
"2025-11-10 14:18:33.0881263Z","2025-11-10 14:18:33.0881263Z","ETW","Microsoft-Windows-Kernel-Audit-API-Calls",5,"PsOpenProcess"," 2972 cyserver.exe",7728,,," 6932 bash.exe",,,,,,,,,,,,,,,,,,,,,,,,,,,,,1762784313088126400,,,,,,,,,,,,,,,,1024,0,,,,,,,,,,,,,,,,,,,,,,,,,,,,,,,,,,,,,,,,,,,,,
"2025-11-10 14:18:33.0891958Z","2025-11-10 14:18:33.0891958Z","ETW","Microsoft-Windows-Kernel-Audit-API-Calls",6,"PsOpenThread"," 2972 cyserver.exe",7160,,," 6932 bash.exe",4772,,,,,,,,,,,,,,,,,,,,,,,,,,,,1762784313089195800,,,,,,,,,,,,,,,,64,0,,,,,,,,,,,,,,,,,,,,,,,,,,,,,,,,,,,,,,,,,,,,,
"2025-11-10 14:18:33.0892062Z","2025-11-10 14:18:33.0892062Z","ETW","Microsoft-Windows-Kernel-Audit-API-Calls",5,"PsOpenProcess"," 2972 cyserver.exe",7160,,," 6932 bash.exe",,,,,,,,,,,,,,,,,,,,,,,,,,,,,1762784313089206200,,,,,,,,,,,,,,,,1024,0,,,,,,,,,,,,,,,,,,,,,,,,,,,,,,,,,,,,,,,,,,,,,
"2025-11-10 14:18:33.0920948Z","2025-11-10 14:18:33.0920948Z","ETW","Microsoft-Windows-Kernel-Audit-API-Calls",5,"PsOpenProcess"," 2972 cyserver.exe",7160,,," 9356 cygwin-console-helper.exe",,,,,,,,,,,,,,,,,,,,,,,,,,,,,1762784313092094900,,,,,,,,,,,,,,,,2147483648,0,,,,,,,,,,,,,,,,,,,,,,,,,,,,,,,,,,,,,,,,,,,,,
"2025-11-10 14:18:33.0943504Z","2025-11-10 14:18:33.0943504Z","ETW","Microsoft-Windows-Kernel-Process",5,"ImageLoad Info "," 8060 conhost.exe",12148,,," 8060 conhost.exe",,,"C:\Windows\System32\conhost.exe",,,,,,,,,,,,,,,,,,,,,,,,,,1762784313094350400,,,,,,,,,,,140700242083840,140700242083840,907531,897024,2536827738,,,,,,,,,,,,,,,,,,,,,,,,,,,,,,,,,,,,,,,,,,,,,,,
"2025-11-10 14:18:33.0945408Z","2025-11-10 14:18:33.0945408Z","ETW","Microsoft-Windows-Kernel-Process",5,"ImageLoad Info "," 8060 conhost.exe",12148,,," 8060 conhost.exe",,,"C:\Windows\System32\ntdll.dll",,,,,,,,,,,,,,,,,,,,,,,,,,1762784313094540800,,,,,,,,,,,140737324318720,140737324318720,2048895,2064384,2127151453,,,,,,,,,,,,,,,,,,,,,,,,,,,,,,,,,,,,,,,,,,,,,,,
"2025-11-10 14:18:33.0957293Z","2025-11-10 14:18:33.0957293Z","ETW","Microsoft-Windows-Kernel-Process",5,"ImageLoad Info "," 8060 conhost.exe",12148,,," 8060 conhost.exe",,,"C:\Windows\System32\kernel32.dll",,,,,,,,,,,,,,,,,,,,,,,,,,1762784313095729300,,,,,,,,,,,140737321435136,140737321435136,801304,794624,4007722010,,,,,,,,,,,,,,,,,,,,,,,,,,,,,,,,,,,,,,,,,,,,,,,
"2025-11-10 14:18:33.0960229Z","2025-11-10 14:18:33.0960229Z","ETW","Microsoft-Windows-Kernel-Process",5,"ImageLoad Info "," 8060 conhost.exe",12148,,," 8060 conhost.exe",,,"C:\Windows\System32\KernelBase.dll",,,,,,,,,,,,,,,,,,,,,,,,,,1762784313096022900,,,,,,,,,,,140737318289408,140737318289408,3171178,3104768,1448155220,,,,,,,,,,,,,,,,,,,,,,,,,,,,,,,,,,,,,,,,,,,,,,,
"2025-11-10 14:18:33.0977743Z","2025-11-10 14:18:33.0977743Z","ETW","Microsoft-Windows-Kernel-Process",5,"ImageLoad Info "," 8060 conhost.exe",12148,,," 8060 conhost.exe",,,"C:\Windows\System32\msvcp_win.dll",,,,,,,,,,,,,,,,,,,,,,,,,,1762784313097774300,,,,,,,,,,,140737279819776,140737279819776,659111,643072,958749903,,,,,,,,,,,,,,,,,,,,,,,,,,,,,,,,,,,,,,,,,,,,,,,
"2025-11-10 14:18:33.0980298Z","2025-11-10 14:18:33.0980298Z","ETW","Microsoft-Windows-Kernel-Process",5,"ImageLoad Info "," 8060 conhost.exe",12148,,," 8060 conhost.exe",,,"C:\Windows\System32\ucrtbase.dll",,,,,,,,,,,,,,,,,,,,,,,,,,1762784313098029800,,,,,,,,,,,140737283162112,140737283162112,1076532,1048576,2177850761,,,,,,,,,,,,,,,,,,,,,,,,,,,,,,,,,,,,,,,,,,,,,,,
"2025-11-10 14:18:33.0982639Z","2025-11-10 14:18:33.0982639Z","ETW","Microsoft-Windows-Kernel-Process",3,"ThreadStart Start "," 8060 conhost.exe",12148,,," 8060 conhost.exe",,,,,,,,,,,,,,,,,,,,,,,,,,,,,1762784313098263900,,18446606103145512960,18446606103145484288,140737324634384,0,201613832192,7040,201611739136,201611730944,140737324634384,,,,,,,,,,,,,,,,,,,,,,,,,,,,,,,,,,,,,,,,,,,,,,,,,,,,
"2025-11-10 14:18:33.0982847Z","2025-11-10 14:18:33.0982847Z","ETW","Microsoft-Windows-Kernel-Audit-API-Calls",6,"PsOpenThread"," 8060 conhost.exe",12148,,," 8060 conhost.exe",7040,,,,,,,,,,,,,,,,,,,,,,,,,,,,1762784313098284700,,,,,,,,,,,,,,,,64,0,,,,,,,,,,,,,,,,,,,,,,,,,,,,,,,,,,,,,,,,,,,,,
"2025-11-10 14:18:33.0983749Z","2025-11-10 14:18:33.0983749Z","ETW","Microsoft-Windows-Kernel-Process",5,"ImageLoad Info "," 8060 conhost.exe",12148,,," 8060 conhost.exe",,,"C:\Windows\System32\SHCore.dll",,,,,,,,,,,,,,,,,,,,,,,,,,1762784313098374900,,,,,,,,,,,140737304985600,140737304985600,705789,708608,3896055862,,,,,,,,,,,,,,,,,,,,,,,,,,,,,,,,,,,,,,,,,,,,,,,
"2025-11-10 14:18:33.0985895Z","2025-11-10 14:18:33.0985895Z","ETW","Microsoft-Windows-Kernel-Process",5,"ImageLoad Info "," 8060 conhost.exe",12148,,," 8060 conhost.exe",,,"C:\Windows\System32\msvcrt.dll",,,,,,,,,,,,,,,,,,,,,,,,,,1762784313098589500,,,,,,,,,,,140737314357248,140737314357248,681663,647168,2616593924,,,,,,,,,,,,,,,,,,,,,,,,,,,,,,,,,,,,,,,,,,,,,,,
"2025-11-10 14:18:33.0988144Z","2025-11-10 14:18:33.0988144Z","ETW","Microsoft-Windows-Kernel-Process",5,"ImageLoad Info "," 8060 conhost.exe",12148,,," 8060 conhost.exe",,,"C:\Windows\System32\combase.dll",,,,,,,,,,,,,,,,,,,,,,,,,,1762784313098814400,,,,,,,,,,,140737287094272,140737287094272,3535278,3489792,144435709,,,,,,,,,,,,,,,,,,,,,,,,,,,,,,,,,,,,,,,,,,,,,,,
"2025-11-10 14:18:33.0991828Z","2025-11-10 14:18:33.0991828Z","ETW","Microsoft-Windows-Kernel-Process",5,"ImageLoad Info "," 8060 conhost.exe",12148,,," 8060 conhost.exe",,,"C:\Windows\System32\rpcrt4.dll",,,,,,,,,,,,,,,,,,,,,,,,,,1762784313099182800,,,,,,,,,,,140737317109760,140737317109760,1217917,1179648,2756017066,,,,,,,,,,,,,,,,,,,,,,,,,,,,,,,,,,,,,,,,,,,,,,,
"2025-11-10 14:18:33.0994889Z","2025-11-10 14:18:33.0994889Z","ETW","Microsoft-Windows-Kernel-Process",5,"ImageLoad Info "," 8060 conhost.exe",12148,,," 8060 conhost.exe",,,"C:\Windows\System32\advapi32.dll",,,,,,,,,,,,,,,,,,,,,,,,,,1762784313099489000,,,,,,,,,,,140737306951680,140737306951680,744837,724992,4166620877,,,,,,,,,,,,,,,,,,,,,,,,,,,,,,,,,,,,,,,,,,,,,,,
"2025-11-10 14:18:33.0997089Z","2025-11-10 14:18:33.0997089Z","ETW","Microsoft-Windows-Kernel-Process",5,"ImageLoad Info "," 8060 conhost.exe",12148,,," 8060 conhost.exe",,,"C:\Windows\System32\sechost.dll",,,,,,,,,,,,,,,,,,,,,,,,,,1762784313099708900,,,,,,,,,,,140737308262400,140737308262400,647124,651264,2117042745,,,,,,,,,,,,,,,,,,,,,,,,,,,,,,,,,,,,,,,,,,,,,,,
"2025-11-10 14:18:33.0999275Z","2025-11-10 14:18:33.0999275Z","ETW","Microsoft-Windows-Kernel-Process",5,"ImageLoad Info "," 8060 conhost.exe",12148,,," 8060 conhost.exe",,,"C:\Windows\System32\bcrypt.dll",,,,,,,,,,,,,,,,,,,,,,,,,,1762784313099927500,,,,,,,,,,,140737279623168,140737279623168,171668,159744,2220160889,,,,,,,,,,,,,,,,,,,,,,,,,,,,,,,,,,,,,,,,,,,,,,,
"2025-11-10 14:18:33.1030548Z","2025-11-10 14:18:33.1030548Z","ETW","Microsoft-Windows-Kernel-Process",3,"ThreadStart Start "," 8060 conhost.exe",12148,,," 8060 conhost.exe",,,,,,,,,,,,,,,,,,,,,,,,,,,,,1762784313103054800,,18446606103145545728,18446606103145517056,140700242153168,0,201613840384,4520,201614426112,201614417920,140700242153168,,,,,,,,,,,,,,,,,,,,,,,,,,,,,,,,,,,,,,,,,,,,,,,,,,,,
"2025-11-10 14:18:33.1030746Z","2025-11-10 14:18:33.1030746Z","ETW","Microsoft-Windows-Kernel-Audit-API-Calls",6,"PsOpenThread"," 8060 conhost.exe",12148,,," 8060 conhost.exe",4520,,,,,,,,,,,,,,,,,,,,,,,,,,,,1762784313103074600,,,,,,,,,,,,,,,,64,0,,,,,,,,,,,,,,,,,,,,,,,,,,,,,,,,,,,,,,,,,,,,,
"2025-11-10 14:18:33.1031347Z","2025-11-10 14:18:33.1031347Z","ETW","Microsoft-Windows-Kernel-Process",3,"ThreadStart Start "," 8060 conhost.exe",12148,,," 8060 conhost.exe",,,,,,,,,,,,,,,,,,,,,,,,,,,,,1762784313103134700,,18446606103145578496,18446606103145549824,140700242381968,0,201613848576,9352,201614950400,201614942208,140700242381968,,,,,,,,,,,,,,,,,,,,,,,,,,,,,,,,,,,,,,,,,,,,,,,,,,,,
"2025-11-10 14:18:33.1031446Z","2025-11-10 14:18:33.1031446Z","ETW","Microsoft-Windows-Kernel-Audit-API-Calls",6,"PsOpenThread"," 8060 conhost.exe",12148,,," 8060 conhost.exe",9352,,,,,,,,,,,,,,,,,,,,,,,,,,,,1762784313103144600,,,,,,,,,,,,,,,,64,0,,,,,,,,,,,,,,,,,,,,,,,,,,,,,,,,,,,,,,,,,,,,,
"2025-11-10 14:18:33.1032079Z","2025-11-10 14:18:33.1032079Z","ETW","Microsoft-Windows-Kernel-Process",4,"ThreadStop Stop "," 8060 conhost.exe",12148,,," 8060 conhost.exe",,,,,,,,,,,,,,,,,,,,,,,,,,,,,1762784313103207900,,18446606103145447424,18446606103145418752,140700242212704,0,201613824000,12148,201611214848,201611202560,140700242212704,,,,,,,,,,,25035500,,,,,,,,,,,,,,,,,,,,,,,,,,,,,,,,,,,,,,,,,
"2025-11-10 14:18:33.1035666Z","2025-11-10 14:18:33.1035666Z","ETW","Microsoft-Windows-Kernel-Process",3,"ThreadStart Start "," 8060 conhost.exe",7040,,," 8060 conhost.exe",,,,,,,,,,,,,,,,,,,,,,,,,,,,,1762784313103566600,,18446606103145611264,18446606103145582592,140737324634384,0,201613856768,4600,201615474688,201615466496,140737324634384,,,,,,,,,,,,,,,,,,,,,,,,,,,,,,,,,,,,,,,,,,,,,,,,,,,,
"2025-11-10 14:18:33.1035843Z","2025-11-10 14:18:33.1035843Z","ETW","Microsoft-Windows-Kernel-Audit-API-Calls",6,"PsOpenThread"," 8060 conhost.exe",7040,,," 8060 conhost.exe",4600,,,,,,,,,,,,,,,,,,,,,,,,,,,,1762784313103584300,,,,,,,,,,,,,,,,64,0,,,,,,,,,,,,,,,,,,,,,,,,,,,,,,,,,,,,,,,,,,,,,
"2025-11-10 14:18:33.1093354Z","2025-11-10 14:18:33.1093354Z","ETW","Microsoft-Windows-Kernel-Process",3,"ThreadStart Start "," 6932 bash.exe",4772,,," 9356 cygwin-console-helper.exe",,,,,,,,,,,,,,,,,,,,,,,,,,,,,1762784313109335400,,18446606103145480192,18446606103145451520,140700799865856,0,396274741248,3828,396277841920,396277837824,140700799865856,,,,,,,,,,,,,,,,,,,,,,,,,,,,,,,,,,,,,,,,,,,,,,,,,,,,
"2025-11-10 14:18:33.1093513Z","2025-11-10 14:18:33.1093513Z","ETW","Microsoft-Windows-Kernel-Audit-API-Calls",6,"PsOpenThread"," 6932 bash.exe",4772,,," 9356 cygwin-console-helper.exe",3828,,,,,,,,,,,,,,,,,,,,,,,,,,,,1762784313109351300,,,,,,,,,,,,,,,,64,0,,,,,,,,,,,,,,,,,,,,,,,,,,,,,,,,,,,,,,,,,,,,,
"2025-11-10 14:18:33.1108651Z","2025-11-10 14:18:33.1108651Z","ETW","Microsoft-Windows-Kernel-Audit-API-Calls",5,"PsOpenProcess","  576 csrss.exe",592,,," 9356 cygwin-console-helper.exe",,,,,,,,,,,,,,,,,,,,,,,,,,,,,1762784313110865100,,,,,,,,,,,,,,,,2097151,0,,,,,,,,,,,,,,,,,,,,,,,,,,,,,,,,,,,,,,,,,,,,,
"2025-11-10 14:18:33.1108799Z","2025-11-10 14:18:33.1108799Z","ETW","Microsoft-Windows-Kernel-Audit-API-Calls",6,"PsOpenThread","  576 csrss.exe",592,,," 9356 cygwin-console-helper.exe",3828,,,,,,,,,,,,,,,,,,,,,,,,,,,,1762784313110879900,,,,,,,,,,,,,,,,2097151,0,,,,,,,,,,,,,,,,,,,,,,,,,,,,,,,,,,,,,,,,,,,,,
"2025-11-10 14:18:33.1133302Z","2025-11-10 14:18:33.1133302Z","ETW","Microsoft-Windows-Kernel-Process",5,"ImageLoad Info "," 9356 cygwin-console-helper.exe",3828,,," 9356 cygwin-console-helper.exe",,,"C:\Program Files\Git\usr\bin\cygwin-console-helper.exe",,,,,,,,,,,,,,,,,,,,,,,,,,1762784313113330200,,,,,,,,,,,140700799860736,140700799860736,49333,73728,1752689865,,,,,,,,,,,,,,,,,,,,,,,,,,,,,,,,,,,,,,,,,,,,,,,
"2025-11-10 14:18:33.1134948Z","2025-11-10 14:18:33.1134948Z","ETW","Microsoft-Windows-Kernel-Process",5,"ImageLoad Info "," 9356 cygwin-console-helper.exe",3828,,," 9356 cygwin-console-helper.exe",,,"C:\Windows\System32\ntdll.dll",,,,,,,,,,,,,,,,,,,,,,,,,,1762784313113494800,,,,,,,,,,,140737324318720,140737324318720,2048895,2064384,2127151453,,,,,,,,,,,,,,,,,,,,,,,,,,,,,,,,,,,,,,,,,,,,,,,
"2025-11-10 14:18:33.1142035Z","2025-11-10 14:18:33.1142035Z","ETW","Microsoft-Windows-Kernel-Process",5,"ImageLoad Info "," 9356 cygwin-console-helper.exe",3828,,," 9356 cygwin-console-helper.exe",,,"C:\Windows\System32\kernel32.dll",,,,,,,,,,,,,,,,,,,,,,,,,,1762784313114203500,,,,,,,,,,,140737321435136,140737321435136,801304,794624,4007722010,,,,,,,,,,,,,,,,,,,,,,,,,,,,,,,,,,,,,,,,,,,,,,,
"2025-11-10 14:18:33.1144537Z","2025-11-10 14:18:33.1144537Z","ETW","Microsoft-Windows-Kernel-Process",5,"ImageLoad Info "," 9356 cygwin-console-helper.exe",3828,,," 9356 cygwin-console-helper.exe",,,"C:\Windows\System32\KernelBase.dll",,,,,,,,,,,,,,,,,,,,,,,,,,1762784313114453700,,,,,,,,,,,140737318289408,140737318289408,3171178,3104768,1448155220,,,,,,,,,,,,,,,,,,,,,,,,,,,,,,,,,,,,,,,,,,,,,,,
"2025-11-10 14:18:33.1163016Z","2025-11-10 14:18:33.1163016Z","ETW","Microsoft-Windows-Kernel-Audit-API-Calls",5,"PsOpenProcess"," 8060 conhost.exe",4520,,," 9356 cygwin-console-helper.exe",,,,,,,,,,,,,,,,,,,,,,,,,,,,,1762784313116301600,,,,,,,,,,,,,,,,33554432,0,,,,,,,,,,,,,,,,,,,,,,,,,,,,,,,,,,,,,,,,,,,,,
"2025-11-10 14:18:33.1163879Z","2025-11-10 14:18:33.1163879Z","ETW","Microsoft-Windows-Kernel-Process",5,"ImageLoad Info "," 8060 conhost.exe",4520,,," 8060 conhost.exe",,,"C:\Windows\System32\user32.dll",,,,,,,,,,,,,,,,,,,,,,,,,,1762784313116387900,,,,,,,,,,,140737322287104,140737322287104,1767867,1708032,1351922499,,,,,,,,,,,,,,,,,,,,,,,,,,,,,,,,,,,,,,,,,,,,,,,
"2025-11-10 14:18:33.1166460Z","2025-11-10 14:18:33.1166460Z","ETW","Microsoft-Windows-Kernel-Process",5,"ImageLoad Info "," 8060 conhost.exe",4520,,," 8060 conhost.exe",,,"C:\Windows\System32\win32u.dll",,,,,,,,,,,,,,,,,,,,,,,,,,1762784313116646000,,,,,,,,,,,140737281196032,140737281196032,183095,139264,3760910660,,,,,,,,,,,,,,,,,,,,,,,,,,,,,,,,,,,,,,,,,,,,,,,
"2025-11-10 14:18:33.1168945Z","2025-11-10 14:18:33.1168945Z","ETW","Microsoft-Windows-Kernel-Process",5,"ImageLoad Info "," 8060 conhost.exe",4520,,," 8060 conhost.exe",,,"C:\Windows\System32\gdi32.dll",,,,,,,,,,,,,,,,,,,,,,,,,,1762784313116894500,,,,,,,,,,,140737309507584,140737309507584,210990,176128,2413768611,,,,,,,,,,,,,,,,,,,,,,,,,,,,,,,,,,,,,,,,,,,,,,,
"2025-11-10 14:18:33.1170994Z","2025-11-10 14:18:33.1170994Z","ETW","Microsoft-Windows-Kernel-Process",5,"ImageLoad Info "," 8060 conhost.exe",4520,,," 8060 conhost.exe",,,"C:\Windows\System32\gdi32full.dll",,,,,,,,,,,,,,,,,,,,,,,,,,1762784313117099400,,,,,,,,,,,140737281392640,140737281392640,1167211,1150976,1288019395,,,,,,,,,,,,,,,,,,,,,,,,,,,,,,,,,,,,,,,,,,,,,,,
"2025-11-10 14:18:33.1177011Z","2025-11-10 14:18:33.1177011Z","ETW","Microsoft-Windows-Kernel-Audit-API-Calls",6,"PsOpenThread","  576 csrss.exe",3336,,," 8060 conhost.exe",4520,,,,,,,,,,,,,,,,,,,,,,,,,,,,1762784313117701100,,,,,,,,,,,,,,,,2097151,0,,,,,,,,,,,,,,,,,,,,,,,,,,,,,,,,,,,,,,,,,,,,,
"2025-11-10 14:18:33.1180724Z","2025-11-10 14:18:33.1180724Z","ETW","Microsoft-Windows-Kernel-Process",5,"ImageLoad Info "," 8060 conhost.exe",4520,,," 8060 conhost.exe",,,"C:\Windows\System32\imm32.dll",,,,,,,,,,,,,,,,,,,,,,,,,,1762784313118072400,,,,,,,,,,,140737309310976,140737309310976,238320,192512,770155462,,,,,,,,,,,,,,,,,,,,,,,,,,,,,,,,,,,,,,,,,,,,,,,
"2025-11-10 14:18:33.1209231Z","2025-11-10 14:18:33.1209231Z","ETW","Microsoft-Windows-Kernel-Process",3,"ThreadStart Start "," 8060 conhost.exe",4520,,," 8060 conhost.exe",,,,,,,,,,,,,,,,,,,,,,,,,,,,,1762784313120923100,,18446606103145447424,18446606103145418752,140700242196320,0,201613864960,11180,201611214848,201611206656,140700242196320,,,,,,,,,,,,,,,,,,,,,,,,,,,,,,,,,,,,,,,,,,,,,,,,,,,,
"2025-11-10 14:18:33.1209443Z","2025-11-10 14:18:33.1209443Z","ETW","Microsoft-Windows-Kernel-Audit-API-Calls",6,"PsOpenThread"," 8060 conhost.exe",4520,,," 8060 conhost.exe",11180,,,,,,,,,,,,,,,,,,,,,,,,,,,,1762784313120944300,,,,,,,,,,,,,,,,64,0,,,,,,,,,,,,,,,,,,,,,,,,,,,,,,,,,,,,,,,,,,,,,
"2025-11-10 14:18:33.1209981Z","2025-11-10 14:18:33.1209981Z","ETW","Microsoft-Windows-Kernel-Process",3,"ThreadStart Start "," 8060 conhost.exe",4520,,," 8060 conhost.exe",,,,,,,,,,,,,,,,,,,,,,,,,,,,,1762784313120998100,,18446606103145644032,18446606103145615360,140700242095872,0,201613873152,4636,201615998976,201615990784,140700242095872,,,,,,,,,,,,,,,,,,,,,,,,,,,,,,,,,,,,,,,,,,,,,,,,,,,,
"2025-11-10 14:18:33.1210074Z","2025-11-10 14:18:33.1210074Z","ETW","Microsoft-Windows-Kernel-Audit-API-Calls",6,"PsOpenThread"," 8060 conhost.exe",4520,,," 8060 conhost.exe",4636,,,,,,,,,,,,,,,,,,,,,,,,,,,,1762784313121007400,,,,,,,,,,,,,,,,64,0,,,,,,,,,,,,,,,,,,,,,,,,,,,,,,,,,,,,,,,,,,,,,
"2025-11-10 14:18:33.1220221Z","2025-11-10 14:18:33.1220221Z","ETW","Microsoft-Windows-Kernel-Process",5,"ImageLoad Info "," 8060 conhost.exe",4636,,," 8060 conhost.exe",,,"C:\Windows\System32\uxtheme.dll",,,,,,,,,,,,,,,,,,,,,,,,,,1762784313122022100,,,,,,,,,,,140737239515136,140737239515136,640454,647168,3697381598,,,,,,,,,,,,,,,,,,,,,,,,,,,,,,,,,,,,,,,,,,,,,,,
"2025-11-10 14:18:33.1225709Z","2025-11-10 14:18:33.1225709Z","ETW","Microsoft-Windows-Kernel-Audit-API-Calls",5,"PsOpenProcess"," 1400 svchost.exe",1528,,," 8060 conhost.exe",,,,,,,,,,,,,,,,,,,,,,,,,,,,,1762784313122570900,,,,,,,,,,,,,,,,5240,0,,,,,,,,,,,,,,,,,,,,,,,,,,,,,,,,,,,,,,,,,,,,,
"2025-11-10 14:18:33.1226778Z","2025-11-10 14:18:33.1226778Z","ETW","Microsoft-Windows-Kernel-Audit-API-Calls",6,"PsOpenThread"," 1400 svchost.exe",6992,,," 8060 conhost.exe",4636,,,,,,,,,,,,,,,,,,,,,,,,,,,,1762784313122677800,,,,,,,,,,,,,,,,64,0,,,,,,,,,,,,,,,,,,,,,,,,,,,,,,,,,,,,,,,,,,,,,
"2025-11-10 14:18:33.1227386Z","2025-11-10 14:18:33.1227386Z","ETW","Microsoft-Windows-Kernel-Audit-API-Calls",5,"PsOpenProcess"," 1400 svchost.exe",6992,,," 8060 conhost.exe",,,,,,,,,,,,,,,,,,,,,,,,,,,,,1762784313122738600,,,,,,,,,,,,,,,,1024,0,,,,,,,,,,,,,,,,,,,,,,,,,,,,,,,,,,,,,,,,,,,,,
"2025-11-10 14:18:33.1235194Z","2025-11-10 14:18:33.1235194Z","ETW","Microsoft-Windows-Kernel-Process",5,"ImageLoad Info "," 8060 conhost.exe",4636,,," 8060 conhost.exe",,,"C:\Windows\System32\msctf.dll",,,,,,,,,,,,,,,,,,,,,,,,,,1762784313123519400,,,,,,,,,,,140737291616256,140737291616256,1159359,1134592,3815625169,,,,,,,,,,,,,,,,,,,,,,,,,,,,,,,,,,,,,,,,,,,,,,,
"2025-11-10 14:18:33.1237992Z","2025-11-10 14:18:33.1237992Z","ETW","Microsoft-Windows-Kernel-Process",5,"ImageLoad Info "," 8060 conhost.exe",4636,,," 8060 conhost.exe",,,"C:\Windows\System32\oleaut32.dll",,,,,,,,,,,,,,,,,,,,,,,,,,1762784313123799200,,,,,,,,,,,140737315012608,140737315012608,849765,839680,3559841777,,,,,,,,,,,,,,,,,,,,,,,,,,,,,,,,,,,,,,,,,,,,,,,
"2025-11-10 14:18:33.1251421Z","2025-11-10 14:18:33.1251421Z","ETW","Microsoft-Windows-Kernel-Audit-API-Calls",5,"PsOpenProcess"," 6464 explorer.exe",4280,,," 8060 conhost.exe",,,,,,,,,,,,,,,,,,,,,,,,,,,,,1762784313125142100,,,,,,,,,,,,,,,,4096,0,,,,,,,,,,,,,,,,,,,,,,,,,,,,,,,,,,,,,,,,,,,,,
"2025-11-10 14:18:33.1252070Z","2025-11-10 14:18:33.1252070Z","ETW","Microsoft-Windows-Kernel-Audit-API-Calls",6,"PsOpenThread","  576 csrss.exe",6036,,," 8060 conhost.exe",4636,,,,,,,,,,,,,,,,,,,,,,,,,,,,1762784313125207100,,,,,,,,,,,,,,,,2097151,0,,,,,,,,,,,,,,,,,,,,,,,,,,,,,,,,,,,,,,,,,,,,,
"2025-11-10 14:18:33.1263421Z","2025-11-10 14:18:33.1263421Z","ETW","Microsoft-Windows-Kernel-Audit-API-Calls",5,"PsOpenProcess"," 6464 explorer.exe",4280,,," 8060 conhost.exe",,,,,,,,,,,,,,,,,,,,,,,,,,,,,1762784313126342100,,,,,,,,,,,,,,,,4096,0,,,,,,,,,,,,,,,,,,,,,,,,,,,,,,,,,,,,,,,,,,,,,
"2025-11-10 14:18:33.1304117Z","2025-11-10 14:18:33.1304117Z","ETW","Microsoft-Windows-Kernel-Audit-API-Calls",5,"PsOpenProcess","10364 mintty.exe",3580,,,"10364 mintty.exe",,,,,,,,,,,,,,,,,,,,,,,,,,,,,1762784313130411700,,,,,,,,,,,,,,,,64,0,,,,,,,,,,,,,,,,,,,,,,,,,,,,,,,,,,,,,,,,,,,,,
"2025-11-10 14:18:33.1305350Z","2025-11-10 14:18:33.1305350Z","ETW","Microsoft-Windows-Kernel-Audit-API-Calls",6,"PsOpenThread","10364 mintty.exe",5868,,,"10364 mintty.exe",5868,,,,,,,,,,,,,,,,,,,,,,,,,,,,1762784313130535000,,,,,,,,,,,,,,,,1024,0,,,,,,,,,,,,,,,,,,,,,,,,,,,,,,,,,,,,,,,,,,,,,
"2025-11-10 14:18:33.1305547Z","2025-11-10 14:18:33.1305547Z","ETW","Microsoft-Windows-Kernel-Process",3,"ThreadStart Start "," 8060 conhost.exe",4520,,," 8060 conhost.exe",,,,,,,,,,,,,,,,,,,,,,,,,,,,,1762784313130554700,,18446606103145709568,18446606103145680896,140700242380928,0,201613881344,460,201616523264,201616515072,140700242380928,,,,,,,,,,,,,,,,,,,,,,,,,,,,,,,,,,,,,,,,,,,,,,,,,,,,
"2025-11-10 14:18:33.1305736Z","2025-11-10 14:18:33.1305736Z","ETW","Microsoft-Windows-Kernel-Audit-API-Calls",6,"PsOpenThread"," 8060 conhost.exe",4520,,," 8060 conhost.exe",460,,,,,,,,,,,,,,,,,,,,,,,,,,,,1762784313130573700,,,,,,,,,,,,,,,,64,0,,,,,,,,,,,,,,,,,,,,,,,,,,,,,,,,,,,,,,,,,,,,,
"2025-11-10 14:18:33.1317527Z","2025-11-10 14:18:33.1317527Z","ETW","Microsoft-Windows-Kernel-Process",5,"ImageLoad Info "," 9356 cygwin-console-helper.exe",3828,,," 9356 cygwin-console-helper.exe",,,"C:\Windows\System32\msvcrt.dll",,,,,,,,,,,,,,,,,,,,,,,,,,1762784313131752700,,,,,,,,,,,140737314357248,140737314357248,681663,647168,2616593924,,,,,,,,,,,,,,,,,,,,,,,,,,,,,,,,,,,,,,,,,,,,,,,
"2025-11-10 14:18:33.1320386Z","2025-11-10 14:18:33.1320386Z","ETW","Microsoft-Windows-Kernel-Process",3,"ThreadStart Start "," 9356 cygwin-console-helper.exe",3828,,," 9356 cygwin-console-helper.exe",,,,,,,,,,,,,,,,,,,,,,,,,,,,,1762784313132038600,,18446606103145676800,18446606103145648128,140737324634384,0,396274749440,1304,396279939072,396279934976,140737324634384,,,,,,,,,,,,,,,,,,,,,,,,,,,,,,,,,,,,,,,,,,,,,,,,,,,,
"2025-11-10 14:18:33.1320587Z","2025-11-10 14:18:33.1320587Z","ETW","Microsoft-Windows-Kernel-Audit-API-Calls",6,"PsOpenThread"," 9356 cygwin-console-helper.exe",3828,,," 9356 cygwin-console-helper.exe",1304,,,,,,,,,,,,,,,,,,,,,,,,,,,,1762784313132058700,,,,,,,,,,,,,,,,64,0,,,,,,,,,,,,,,,,,,,,,,,,,,,,,,,,,,,,,,,,,,,,,
"2025-11-10 14:18:33.1327531Z","2025-11-10 14:18:33.1327531Z","ETW","Microsoft-Windows-Kernel-Audit-API-Calls",5,"PsOpenProcess"," 6932 bash.exe",4772,,," 9356 cygwin-console-helper.exe",,,,,,,,,,,,,,,,,,,,,,,,,,,,,1762784313132753200,,,,,,,,,,,,,,,,4096,0,,,,,,,,,,,,,,,,,,,,,,,,,,,,,,,,,,,,,,,,,,,,,
"2025-11-10 14:18:33.1328367Z","2025-11-10 14:18:33.1328367Z","ETW","Microsoft-Windows-Kernel-Audit-API-Calls",5,"PsOpenProcess"," 8060 conhost.exe",4520,,," 6932 bash.exe",,,,,,,,,,,,,,,,,,,,,,,,,,,,,1762784313132836700,,,,,,,,,,,,,,,,33554432,0,,,,,,,,,,,,,,,,,,,,,,,,,,,,,,,,,,,,,,,,,,,,,
"2025-11-10 14:18:33.1330221Z","2025-11-10 14:18:33.1330221Z","ETW","Microsoft-Windows-Kernel-Process",4,"ThreadStop Stop "," 9356 cygwin-console-helper.exe",3828,,," 9356 cygwin-console-helper.exe",,,,,,,,,,,,,,,,,,,,,,,,,,,,,1762784313133022100,,18446606103145480192,18446606103145451520,140700799865856,0,396274741248,3828,396277841920,396277829632,140700799865856,,,,,,,,,,,10959658,,,,,,,,,,,,,,,,,,,,,,,,,,,,,,,,,,,,,,,,,
"2025-11-10 14:18:33.1331036Z","2025-11-10 14:18:33.1331036Z","ETW","Microsoft-Windows-Kernel-Process",4,"ThreadStop Stop "," 9356 cygwin-console-helper.exe",1304,,," 9356 cygwin-console-helper.exe",,,,,,,,,,,,,,,,,,,,,,,,,,,,,1762784313133103600,,18446606103145676800,18446606103145648128,140737324634384,0,396274749440,1304,396279939072,396279934976,140737324634384,,,,,,,,,,,69414,,,,,,,,,,,,,,,,,,,,,,,,,,,,,,,,,,,,,,,,,
"2025-11-10 14:18:33.1332141Z","2025-11-10 14:18:33.1332141Z","ETW","Microsoft-Windows-Kernel-Process",6,"ImageUnload Info "," 9356 cygwin-console-helper.exe",1304,,," 9356 cygwin-console-helper.exe",,,"C:\Program Files\Git\usr\bin\cygwin-console-helper.exe",,,,,,,,,,,,,,,,,,,,,,,,,,1762784313133214100,,,,,,,,,,,140700799860736,140700799860736,49333,73728,1752689865,,,,,,,,,,,,,,,,,,,,,,,,,,,,,,,,,,,,,,,,,,,,,,,
"2025-11-10 14:18:33.1332372Z","2025-11-10 14:18:33.1332372Z","ETW","Microsoft-Windows-Kernel-Process",6,"ImageUnload Info "," 9356 cygwin-console-helper.exe",1304,,," 9356 cygwin-console-helper.exe",,,"C:\Windows\System32\msvcrt.dll",,,,,,,,,,,,,,,,,,,,,,,,,,1762784313133237200,,,,,,,,,,,140737314357248,140737314357248,681663,647168,2616593924,,,,,,,,,,,,,,,,,,,,,,,,,,,,,,,,,,,,,,,,,,,,,,,
"2025-11-10 14:18:33.1332504Z","2025-11-10 14:18:33.1332504Z","ETW","Microsoft-Windows-Kernel-Process",6,"ImageUnload Info "," 9356 cygwin-console-helper.exe",1304,,," 9356 cygwin-console-helper.exe",,,"C:\Windows\System32\KernelBase.dll",,,,,,,,,,,,,,,,,,,,,,,,,,1762784313133250400,,,,,,,,,,,140737318289408,140737318289408,3171178,3104768,1448155220,,,,,,,,,,,,,,,,,,,,,,,,,,,,,,,,,,,,,,,,,,,,,,,
"2025-11-10 14:18:33.1332623Z","2025-11-10 14:18:33.1332623Z","ETW","Microsoft-Windows-Kernel-Process",6,"ImageUnload Info "," 9356 cygwin-console-helper.exe",1304,,," 9356 cygwin-console-helper.exe",,,"C:\Windows\System32\kernel32.dll",,,,,,,,,,,,,,,,,,,,,,,,,,1762784313133262300,,,,,,,,,,,140737321435136,140737321435136,801304,794624,4007722010,,,,,,,,,,,,,,,,,,,,,,,,,,,,,,,,,,,,,,,,,,,,,,,
"2025-11-10 14:18:33.1332738Z","2025-11-10 14:18:33.1332738Z","ETW","Microsoft-Windows-Kernel-Process",6,"ImageUnload Info "," 9356 cygwin-console-helper.exe",1304,,," 9356 cygwin-console-helper.exe",,,"C:\Windows\System32\ntdll.dll",,,,,,,,,,,,,,,,,,,,,,,,,,1762784313133273800,,,,,,,,,,,140737324318720,140737324318720,2048895,2064384,2127151453,,,,,,,,,,,,,,,,,,,,,,,,,,,,,,,,,,,,,,,,,,,,,,,
"2025-11-10 14:18:33.1332804Z","2025-11-10 14:18:33.1332804Z","ETW","Microsoft-Windows-Kernel-Process",2,"ProcessStop Stop "," 9356 cygwin-console-helper.exe",1304,,," 9356 cygwin-console-helper.exe",,,"cygwin-console",,,,,,,,,,,,,,,,,,,,,,,,,,1762784313133280400,,,,,,,,,,,,,,,,,,,,,,,,134072579130872824,,,,,,,25928,,,,,,,,,,,,,,516096,516096,11486346,0,134072579131331819,37,0,0,0,3,1,0,,,,,,
"2025-11-10 14:18:33.1341642Z","2025-11-10 14:18:33.1341642Z","ETW","Microsoft-Windows-Kernel-Audit-API-Calls",5,"PsOpenProcess"," 6932 bash.exe",4772,,," 6932 bash.exe",,,,,,,,,,,,,,,,,,,,,,,,,,,,,1762784313134164300,,,,,,,,,,,,,,,,4096,0,,,,,,,,,,,,,,,,,,,,,,,,,,,,,,,,,,,,,,,,,,,,,
"2025-11-10 14:18:33.1349941Z","2025-11-10 14:18:33.1349941Z","ETW","Microsoft-Windows-Kernel-Process",1,"ProcessStart Start "," 6932 bash.exe",4772,,," 3096 git.exe",,,"C:\Program Files\Git\mingw64\bin\git.exe",,,,,,,,,,,,,,,,,,,,,,,,,,1762784313134994100,,,,,,,,,,,,,4315928,,1759182642,,,,,,,,,134072579131349508,0,"0x","","",6932,25926,25929,3,0,1,,,,,,,,,,,,,,,,,,,,,,,,,,,,
"2025-11-10 14:18:33.1357368Z","2025-11-10 14:18:33.1357368Z","ETW","Microsoft-Windows-Kernel-Audit-API-Calls",6,"PsOpenThread"," 2972 cyserver.exe",10288,,," 6932 bash.exe",4772,,,,,,,,,,,,,,,,,,,,,,,,,,,,1762784313135736800,,,,,,,,,,,,,,,,64,0,,,,,,,,,,,,,,,,,,,,,,,,,,,,,,,,,,,,,,,,,,,,,
"2025-11-10 14:18:33.1357472Z","2025-11-10 14:18:33.1357472Z","ETW","Microsoft-Windows-Kernel-Audit-API-Calls",5,"PsOpenProcess"," 2972 cyserver.exe",10288,,," 6932 bash.exe",,,,,,,,,,,,,,,,,,,,,,,,,,,,,1762784313135747200,,,,,,,,,,,,,,,,1024,0,,,,,,,,,,,,,,,,,,,,,,,,,,,,,,,,,,,,,,,,,,,,,
"2025-11-10 14:18:33.1368296Z","2025-11-10 14:18:33.1368296Z","ETW","Microsoft-Windows-Kernel-Audit-API-Calls",6,"PsOpenThread"," 2972 cyserver.exe",7532,,," 6932 bash.exe",4772,,,,,,,,,,,,,,,,,,,,,,,,,,,,1762784313136829600,,,,,,,,,,,,,,,,64,0,,,,,,,,,,,,,,,,,,,,,,,,,,,,,,,,,,,,,,,,,,,,,
"2025-11-10 14:18:33.1368385Z","2025-11-10 14:18:33.1368385Z","ETW","Microsoft-Windows-Kernel-Audit-API-Calls",5,"PsOpenProcess"," 2972 cyserver.exe",7532,,," 6932 bash.exe",,,,,,,,,,,,,,,,,,,,,,,,,,,,,1762784313136838500,,,,,,,,,,,,,,,,1024,0,,,,,,,,,,,,,,,,,,,,,,,,,,,,,,,,,,,,,,,,,,,,,
"2025-11-10 14:18:33.1397384Z","2025-11-10 14:18:33.1397384Z","ETW","Microsoft-Windows-Kernel-Audit-API-Calls",5,"PsOpenProcess"," 2972 cyserver.exe",7532,,," 3096 git.exe",,,,,,,,,,,,,,,,,,,,,,,,,,,,,1762784313139738400,,,,,,,,,,,,,,,,2147483648,0,,,,,,,,,,,,,,,,,,,,,,,,,,,,,,,,,,,,,,,,,,,,,
"2025-11-10 14:18:33.1459993Z","2025-11-10 14:18:33.1459993Z","ETW","Microsoft-Windows-Kernel-Audit-API-Calls",6,"PsOpenThread","10364 mintty.exe",5868,,,"10364 mintty.exe",5868,,,,,,,,,,,,,,,,,,,,,,,,,,,,1762784313145999300,,,,,,,,,,,,,,,,1024,0,,,,,,,,,,,,,,,,,,,,,,,,,,,,,,,,,,,,,,,,,,,,,
"2025-11-10 14:18:33.1496264Z","2025-11-10 14:18:33.1496264Z","ETW","Microsoft-Windows-Kernel-Process",3,"ThreadStart Start "," 6932 bash.exe",4772,,," 3096 git.exe",,,,,,,,,,,,,,,,,,,,,,,,,,,,,1762784313149626400,,18446606103145676800,18446606103145648128,140702939157504,0,747896815616,6376,747898929152,747898925056,140702939157504,,,,,,,,,,,,,,,,,,,,,,,,,,,,,,,,,,,,,,,,,,,,,,,,,,,,
"2025-11-10 14:18:33.1496431Z","2025-11-10 14:18:33.1496431Z","ETW","Microsoft-Windows-Kernel-Audit-API-Calls",6,"PsOpenThread"," 6932 bash.exe",4772,,," 3096 git.exe",6376,,,,,,,,,,,,,,,,,,,,,,,,,,,,1762784313149643100,,,,,,,,,,,,,,,,64,0,,,,,,,,,,,,,,,,,,,,,,,,,,,,,,,,,,,,,,,,,,,,,
"2025-11-10 14:18:33.1500950Z","2025-11-10 14:18:33.1500950Z","ETW","Microsoft-Windows-Kernel-Audit-API-Calls",5,"PsOpenProcess","  576 csrss.exe",6036,,," 3096 git.exe",,,,,,,,,,,,,,,,,,,,,,,,,,,,,1762784313150095000,,,,,,,,,,,,,,,,2097151,0,,,,,,,,,,,,,,,,,,,,,,,,,,,,,,,,,,,,,,,,,,,,,
"2025-11-10 14:18:33.1501061Z","2025-11-10 14:18:33.1501061Z","ETW","Microsoft-Windows-Kernel-Audit-API-Calls",6,"PsOpenThread","  576 csrss.exe",6036,,," 3096 git.exe",6376,,,,,,,,,,,,,,,,,,,,,,,,,,,,1762784313150106100,,,,,,,,,,,,,,,,2097151,0,,,,,,,,,,,,,,,,,,,,,,,,,,,,,,,,,,,,,,,,,,,,,
"2025-11-10 14:18:33.1506500Z","2025-11-10 14:18:33.1506500Z","ETW","Microsoft-Windows-Kernel-Audit-API-Calls",3,"NtCreateSymbolicLinkObject"," 6932 bash.exe",4772,,,,,,,,,,,,,,,,,,,,,,,,,,,,,,,,1762784313150650000,,,,,,,,,,,,,,,,983041,0,,,,,,,,,,,,,,,,,,"winpid.3096","1094",,,,,,,,,,,,,,,,,,,,,,,,,,
"2025-11-10 14:18:33.1522938Z","2025-11-10 14:18:33.1522938Z","ETW","Microsoft-Windows-Kernel-Process",5,"ImageLoad Info "," 3096 git.exe",6376,,," 3096 git.exe",,,"C:\Program Files\Git\mingw64\bin\git.exe",,,,,,,,,,,,,,,,,,,,,,,,,,1762784313152293800,,,,,,,,,,,140702939152384,140702939152384,4315928,4505600,1759182642,,,,,,,,,,,,,,,,,,,,,,,,,,,,,,,,,,,,,,,,,,,,,,,
"2025-11-10 14:18:33.1524568Z","2025-11-10 14:18:33.1524568Z","ETW","Microsoft-Windows-Kernel-Process",5,"ImageLoad Info "," 3096 git.exe",6376,,," 3096 git.exe",,,"C:\Windows\System32\ntdll.dll",,,,,,,,,,,,,,,,,,,,,,,,,,1762784313152456800,,,,,,,,,,,140737324318720,140737324318720,2048895,2064384,2127151453,,,,,,,,,,,,,,,,,,,,,,,,,,,,,,,,,,,,,,,,,,,,,,,
"2025-11-10 14:18:33.1532266Z","2025-11-10 14:18:33.1532266Z","ETW","Microsoft-Windows-Kernel-Process",5,"ImageLoad Info "," 3096 git.exe",6376,,," 3096 git.exe",,,"C:\Windows\System32\kernel32.dll",,,,,,,,,,,,,,,,,,,,,,,,,,1762784313153226600,,,,,,,,,,,140737321435136,140737321435136,801304,794624,4007722010,,,,,,,,,,,,,,,,,,,,,,,,,,,,,,,,,,,,,,,,,,,,,,,
"2025-11-10 14:18:33.1534617Z","2025-11-10 14:18:33.1534617Z","ETW","Microsoft-Windows-Kernel-Process",5,"ImageLoad Info "," 3096 git.exe",6376,,," 3096 git.exe",,,"C:\Windows\System32\KernelBase.dll",,,,,,,,,,,,,,,,,,,,,,,,,,1762784313153461700,,,,,,,,,,,140737318289408,140737318289408,3171178,3104768,1448155220,,,,,,,,,,,,,,,,,,,,,,,,,,,,,,,,,,,,,,,,,,,,,,,
"2025-11-10 14:18:33.1542131Z","2025-11-10 14:18:33.1542131Z","ETW","Microsoft-Windows-Kernel-Audit-API-Calls",5,"PsOpenProcess"," 8060 conhost.exe",4520,,," 3096 git.exe",,,,,,,,,,,,,,,,,,,,,,,,,,,,,1762784313154213100,,,,,,,,,,,,,,,,33554432,0,,,,,,,,,,,,,,,,,,,,,,,,,,,,,,,,,,,,,,,,,,,,,
"2025-11-10 14:18:33.1566551Z","2025-11-10 14:18:33.1566551Z","ETW","Microsoft-Windows-Kernel-Process",5,"ImageLoad Info "," 3096 git.exe",6376,,," 3096 git.exe",,,"C:\Windows\System32\advapi32.dll",,,,,,,,,,,,,,,,,,,,,,,,,,1762784313156655100,,,,,,,,,,,140737306951680,140737306951680,744837,724992,4166620877,,,,,,,,,,,,,,,,,,,,,,,,,,,,,,,,,,,,,,,,,,,,,,,
"2025-11-10 14:18:33.1568917Z","2025-11-10 14:18:33.1568917Z","ETW","Microsoft-Windows-Kernel-Process",5,"ImageLoad Info "," 3096 git.exe",6376,,," 3096 git.exe",,,"C:\Windows\System32\msvcrt.dll",,,,,,,,,,,,,,,,,,,,,,,,,,1762784313156891700,,,,,,,,,,,140737314357248,140737314357248,681663,647168,2616593924,,,,,,,,,,,,,,,,,,,,,,,,,,,,,,,,,,,,,,,,,,,,,,,
"2025-11-10 14:18:33.1570815Z","2025-11-10 14:18:33.1570815Z","ETW","Microsoft-Windows-Kernel-Process",3,"ThreadStart Start "," 3096 git.exe",6376,,," 3096 git.exe",,,,,,,,,,,,,,,,,,,,,,,,,,,,,1762784313157081500,,18446606103145480192,18446606103145451520,140737324634384,0,747896823808,6904,747901026304,747901022208,140737324634384,,,,,,,,,,,,,,,,,,,,,,,,,,,,,,,,,,,,,,,,,,,,,,,,,,,,
"2025-11-10 14:18:33.1570996Z","2025-11-10 14:18:33.1570996Z","ETW","Microsoft-Windows-Kernel-Audit-API-Calls",6,"PsOpenThread"," 3096 git.exe",6376,,," 3096 git.exe",6904,,,,,,,,,,,,,,,,,,,,,,,,,,,,1762784313157099600,,,,,,,,,,,,,,,,64,0,,,,,,,,,,,,,,,,,,,,,,,,,,,,,,,,,,,,,,,,,,,,,
"2025-11-10 14:18:33.1571627Z","2025-11-10 14:18:33.1571627Z","ETW","Microsoft-Windows-Kernel-Process",5,"ImageLoad Info "," 3096 git.exe",6376,,," 3096 git.exe",,,"C:\Windows\System32\sechost.dll",,,,,,,,,,,,,,,,,,,,,,,,,,1762784313157162700,,,,,,,,,,,140737308262400,140737308262400,647124,651264,2117042745,,,,,,,,,,,,,,,,,,,,,,,,,,,,,,,,,,,,,,,,,,,,,,,
"2025-11-10 14:18:33.1573581Z","2025-11-10 14:18:33.1573581Z","ETW","Microsoft-Windows-Kernel-Process",5,"ImageLoad Info "," 3096 git.exe",6376,,," 3096 git.exe",,,"C:\Windows\System32\rpcrt4.dll",,,,,,,,,,,,,,,,,,,,,,,,,,1762784313157358100,,,,,,,,,,,140737317109760,140737317109760,1217917,1179648,2756017066,,,,,,,,,,,,,,,,,,,,,,,,,,,,,,,,,,,,,,,,,,,,,,,
"2025-11-10 14:18:33.1575432Z","2025-11-10 14:18:33.1575432Z","ETW","Microsoft-Windows-Kernel-Process",5,"ImageLoad Info "," 3096 git.exe",6376,,," 3096 git.exe",,,"C:\Windows\System32\bcrypt.dll",,,,,,,,,,,,,,,,,,,,,,,,,,1762784313157543200,,,,,,,,,,,140737279623168,140737279623168,171668,159744,2220160889,,,,,,,,,,,,,,,,,,,,,,,,,,,,,,,,,,,,,,,,,,,,,,,
"2025-11-10 14:18:33.1578340Z","2025-11-10 14:18:33.1578340Z","ETW","Microsoft-Windows-Kernel-Process",5,"ImageLoad Info "," 3096 git.exe",6376,,," 3096 git.exe",,,"C:\Windows\System32\user32.dll",,,,,,,,,,,,,,,,,,,,,,,,,,1762784313157834000,,,,,,,,,,,140737322287104,140737322287104,1767867,1708032,1351922499,,,,,,,,,,,,,,,,,,,,,,,,,,,,,,,,,,,,,,,,,,,,,,,
"2025-11-10 14:18:33.1580138Z","2025-11-10 14:18:33.1580138Z","ETW","Microsoft-Windows-Kernel-Process",5,"ImageLoad Info "," 3096 git.exe",6376,,," 3096 git.exe",,,"C:\Windows\System32\win32u.dll",,,,,,,,,,,,,,,,,,,,,,,,,,1762784313158013800,,,,,,,,,,,140737281196032,140737281196032,183095,139264,3760910660,,,,,,,,,,,,,,,,,,,,,,,,,,,,,,,,,,,,,,,,,,,,,,,
"2025-11-10 14:18:33.1581677Z","2025-11-10 14:18:33.1581677Z","ETW","Microsoft-Windows-Kernel-Process",5,"ImageLoad Info "," 3096 git.exe",6376,,," 3096 git.exe",,,"C:\Windows\System32\gdi32.dll",,,,,,,,,,,,,,,,,,,,,,,,,,1762784313158167700,,,,,,,,,,,140737309507584,140737309507584,210990,176128,2413768611,,,,,,,,,,,,,,,,,,,,,,,,,,,,,,,,,,,,,,,,,,,,,,,
"2025-11-10 14:18:33.1583728Z","2025-11-10 14:18:33.1583728Z","ETW","Microsoft-Windows-Kernel-Process",5,"ImageLoad Info "," 3096 git.exe",6376,,," 3096 git.exe",,,"C:\Windows\System32\gdi32full.dll",,,,,,,,,,,,,,,,,,,,,,,,,,1762784313158372800,,,,,,,,,,,140737281392640,140737281392640,1167211,1150976,1288019395,,,,,,,,,,,,,,,,,,,,,,,,,,,,,,,,,,,,,,,,,,,,,,,
"2025-11-10 14:18:33.1585482Z","2025-11-10 14:18:33.1585482Z","ETW","Microsoft-Windows-Kernel-Process",5,"ImageLoad Info "," 3096 git.exe",6376,,," 3096 git.exe",,,"C:\Windows\System32\msvcp_win.dll",,,,,,,,,,,,,,,,,,,,,,,,,,1762784313158548200,,,,,,,,,,,140737279819776,140737279819776,659111,643072,958749903,,,,,,,,,,,,,,,,,,,,,,,,,,,,,,,,,,,,,,,,,,,,,,,
"2025-11-10 14:18:33.1587130Z","2025-11-10 14:18:33.1587130Z","ETW","Microsoft-Windows-Kernel-Process",5,"ImageLoad Info "," 3096 git.exe",6376,,," 3096 git.exe",,,"C:\Windows\System32\ucrtbase.dll",,,,,,,,,,,,,,,,,,,,,,,,,,1762784313158713000,,,,,,,,,,,140737283162112,140737283162112,1076532,1048576,2177850761,,,,,,,,,,,,,,,,,,,,,,,,,,,,,,,,,,,,,,,,,,,,,,,
"2025-11-10 14:18:33.1589142Z","2025-11-10 14:18:33.1589142Z","ETW","Microsoft-Windows-Kernel-Process",5,"ImageLoad Info "," 3096 git.exe",6376,,," 3096 git.exe",,,"C:\Windows\System32\ws2_32.dll",,,,,,,,,,,,,,,,,,,,,,,,,,1762784313158914200,,,,,,,,,,,140737305772032,140737305772032,489137,438272,2047685052,,,,,,,,,,,,,,,,,,,,,,,,,,,,,,,,,,,,,,,,,,,,,,,
"2025-11-10 14:18:33.1596701Z","2025-11-10 14:18:33.1596701Z","ETW","Microsoft-Windows-Kernel-Process",5,"ImageLoad Info "," 3096 git.exe",6376,,," 3096 git.exe",,,"C:\Program Files\Git\mingw64\bin\libiconv-2.dll",,,,,,,,,,,,,,,,,,,,,,,,,,1762784313159670100,,,,,,,,,,,140736814907392,140736814907392,1196713,1171456,1734459032,,,,,,,,,,,,,,,,,,,,,,,,,,,,,,,,,,,,,,,,,,,,,,,
"2025-11-10 14:18:33.1597334Z","2025-11-10 14:18:33.1597334Z","ETW","Microsoft-Windows-Kernel-Audit-API-Calls",6,"PsOpenThread"," 2972 cyserver.exe",7728,,," 3096 git.exe",6376,,,,,,,,,,,,,,,,,,,,,,,,,,,,1762784313159733400,,,,,,,,,,,,,,,,64,0,,,,,,,,,,,,,,,,,,,,,,,,,,,,,,,,,,,,,,,,,,,,,
"2025-11-10 14:18:33.1597444Z","2025-11-10 14:18:33.1597444Z","ETW","Microsoft-Windows-Kernel-Audit-API-Calls",5,"PsOpenProcess"," 2972 cyserver.exe",7728,,," 3096 git.exe",,,,,,,,,,,,,,,,,,,,,,,,,,,,,1762784313159744400,,,,,,,,,,,,,,,,1024,0,,,,,,,,,,,,,,,,,,,,,,,,,,,,,,,,,,,,,,,,,,,,,
"2025-11-10 14:18:33.1634888Z","2025-11-10 14:18:33.1634888Z","ETW","Microsoft-Windows-Kernel-Audit-API-Calls",6,"PsOpenThread","10364 mintty.exe",5868,,,"10364 mintty.exe",5868,,,,,,,,,,,,,,,,,,,,,,,,,,,,1762784313163488800,,,,,,,,,,,,,,,,1024,0,,,,,,,,,,,,,,,,,,,,,,,,,,,,,,,,,,,,,,,,,,,,,
"2025-11-10 14:18:33.1653165Z","2025-11-10 14:18:33.1653165Z","ETW","Microsoft-Windows-Kernel-Process",3,"ThreadStart Start "," 3096 git.exe",6904,,," 3096 git.exe",,,,,,,,,,,,,,,,,,,,,,,,,,,,,1762784313165316500,,18446606103145775104,18446606103145746432,140737324634384,0,747894734848,8656,747903123456,747903119360,140737324634384,,,,,,,,,,,,,,,,,,,,,,,,,,,,,,,,,,,,,,,,,,,,,,,,,,,,
"2025-11-10 14:18:33.1653390Z","2025-11-10 14:18:33.1653390Z","ETW","Microsoft-Windows-Kernel-Audit-API-Calls",6,"PsOpenThread"," 3096 git.exe",6904,,," 3096 git.exe",8656,,,,,,,,,,,,,,,,,,,,,,,,,,,,1762784313165339000,,,,,,,,,,,,,,,,64,0,,,,,,,,,,,,,,,,,,,,,,,,,,,,,,,,,,,,,,,,,,,,,
"2025-11-10 14:18:33.1656121Z","2025-11-10 14:18:33.1656121Z","ETW","Microsoft-Windows-Kernel-Process",5,"ImageLoad Info "," 3096 git.exe",6904,,," 3096 git.exe",,,"C:\Program Files\Git\mingw64\bin\libintl-8.dll",,,,,,,,,,,,,,,,,,,,,,,,,,1762784313165612200,,,,,,,,,,,140736852000768,140736852000768,317681,335872,1753251091,,,,,,,,,,,,,,,,,,,,,,,,,,,,,,,,,,,,,,,,,,,,,,,
"2025-11-10 14:18:33.1656783Z","2025-11-10 14:18:33.1656783Z","ETW","Microsoft-Windows-Kernel-Audit-API-Calls",6,"PsOpenThread"," 2972 cyserver.exe",7160,,," 3096 git.exe",6904,,,,,,,,,,,,,,,,,,,,,,,,,,,,1762784313165678300,,,,,,,,,,,,,,,,64,0,,,,,,,,,,,,,,,,,,,,,,,,,,,,,,,,,,,,,,,,,,,,,
"2025-11-10 14:18:33.1656926Z","2025-11-10 14:18:33.1656926Z","ETW","Microsoft-Windows-Kernel-Audit-API-Calls",5,"PsOpenProcess"," 2972 cyserver.exe",7160,,," 3096 git.exe",,,,,,,,,,,,,,,,,,,,,,,,,,,,,1762784313165692600,,,,,,,,,,,,,,,,1024,0,,,,,,,,,,,,,,,,,,,,,,,,,,,,,,,,,,,,,,,,,,,,,
"2025-11-10 14:18:33.1657845Z","2025-11-10 14:18:33.1657845Z","ETW","Microsoft-Windows-Kernel-Process",5,"ImageLoad Info "," 3096 git.exe",6376,,," 3096 git.exe",,,"C:\Program Files\Git\mingw64\bin\libpcre2-8-0.dll",,,,,,,,,,,,,,,,,,,,,,,,,,1762784313165784500,,,,,,,,,,,140736842039296,140736842039296,736699,733184,1756356616,,,,,,,,,,,,,,,,,,,,,,,,,,,,,,,,,,,,,,,,,,,,,,,
"2025-11-10 14:18:33.1658423Z","2025-11-10 14:18:33.1658423Z","ETW","Microsoft-Windows-Kernel-Audit-API-Calls",6,"PsOpenThread"," 2972 cyserver.exe",10288,,," 3096 git.exe",6376,,,,,,,,,,,,,,,,,,,,,,,,,,,,1762784313165842300,,,,,,,,,,,,,,,,64,0,,,,,,,,,,,,,,,,,,,,,,,,,,,,,,,,,,,,,,,,,,,,,
"2025-11-10 14:18:33.1658571Z","2025-11-10 14:18:33.1658571Z","ETW","Microsoft-Windows-Kernel-Audit-API-Calls",5,"PsOpenProcess"," 2972 cyserver.exe",10288,,," 3096 git.exe",,,,,,,,,,,,,,,,,,,,,,,,,,,,,1762784313165857100,,,,,,,,,,,,,,,,1024,0,,,,,,,,,,,,,,,,,,,,,,,,,,,,,,,,,,,,,,,,,,,,,
"2025-11-10 14:18:33.1682134Z","2025-11-10 14:18:33.1682134Z","ETW","Microsoft-Windows-Kernel-Process",3,"ThreadStart Start "," 3096 git.exe",8656,,," 3096 git.exe",,,,,,,,,,,,,,,,,,,,,,,,,,,,,1762784313168213500,,18446606103145807872,18446606103145779200,140737324634384,0,747894743040,8876,747905220608,747905216512,140737324634384,,,,,,,,,,,,,,,,,,,,,,,,,,,,,,,,,,,,,,,,,,,,,,,,,,,,
"2025-11-10 14:18:33.1682977Z","2025-11-10 14:18:33.1682977Z","ETW","Microsoft-Windows-Kernel-Audit-API-Calls",6,"PsOpenThread"," 3096 git.exe",8656,,," 3096 git.exe",8876,,,,,,,,,,,,,,,,,,,,,,,,,,,,1762784313168297700,,,,,,,,,,,,,,,,64,0,,,,,,,,,,,,,,,,,,,,,,,,,,,,,,,,,,,,,,,,,,,,,
"2025-11-10 14:18:33.1685638Z","2025-11-10 14:18:33.1685638Z","ETW","Microsoft-Windows-Kernel-Process",5,"ImageLoad Info "," 3096 git.exe",8656,,," 3096 git.exe",,,"C:\Program Files\Git\mingw64\bin\libwinpthread-1.dll",,,,,,,,,,,,,,,,,,,,,,,,,,1762784313168563800,,,,,,,,,,,140736863469568,140736863469568,77046,90112,1758466668,,,,,,,,,,,,,,,,,,,,,,,,,,,,,,,,,,,,,,,,,,,,,,,
"2025-11-10 14:18:33.1686177Z","2025-11-10 14:18:33.1686177Z","ETW","Microsoft-Windows-Kernel-Audit-API-Calls",6,"PsOpenThread"," 2972 cyserver.exe",7532,,," 3096 git.exe",8656,,,,,,,,,,,,,,,,,,,,,,,,,,,,1762784313168617700,,,,,,,,,,,,,,,,64,0,,,,,,,,,,,,,,,,,,,,,,,,,,,,,,,,,,,,,,,,,,,,,
"2025-11-10 14:18:33.1686283Z","2025-11-10 14:18:33.1686283Z","ETW","Microsoft-Windows-Kernel-Audit-API-Calls",5,"PsOpenProcess"," 2972 cyserver.exe",7532,,," 3096 git.exe",,,,,,,,,,,,,,,,,,,,,,,,,,,,,1762784313168628300,,,,,,,,,,,,,,,,1024,0,,,,,,,,,,,,,,,,,,,,,,,,,,,,,,,,,,,,,,,,,,,,,
"2025-11-10 14:18:33.1706137Z","2025-11-10 14:18:33.1706137Z","ETW","Microsoft-Windows-Kernel-Process",5,"ImageLoad Info "," 3096 git.exe",6904,,," 3096 git.exe",,,"C:\Program Files\Git\mingw64\bin\zlib1.dll",,,,,,,,,,,,,,,,,,,,,,,,,,1762784313170613700,,,,,,,,,,,140736855408640,140736855408640,173920,147456,1705996161,,,,,,,,,,,,,,,,,,,,,,,,,,,,,,,,,,,,,,,,,,,,,,,
"2025-11-10 14:18:33.1706638Z","2025-11-10 14:18:33.1706638Z","ETW","Microsoft-Windows-Kernel-Audit-API-Calls",6,"PsOpenThread"," 2972 cyserver.exe",7728,,," 3096 git.exe",6904,,,,,,,,,,,,,,,,,,,,,,,,,,,,1762784313170663800,,,,,,,,,,,,,,,,64,0,,,,,,,,,,,,,,,,,,,,,,,,,,,,,,,,,,,,,,,,,,,,,
"2025-11-10 14:18:33.1706741Z","2025-11-10 14:18:33.1706741Z","ETW","Microsoft-Windows-Kernel-Audit-API-Calls",5,"PsOpenProcess"," 2972 cyserver.exe",7728,,," 3096 git.exe",,,,,,,,,,,,,,,,,,,,,,,,,,,,,1762784313170674100,,,,,,,,,,,,,,,,1024,0,,,,,,,,,,,,,,,,,,,,,,,,,,,,,,,,,,,,,,,,,,,,,
"2025-11-10 14:18:33.1726744Z","2025-11-10 14:18:33.1726744Z","ETW","Microsoft-Windows-Kernel-Process",3,"ThreadStart Start "," 6712 tlaworker.exe",7772,,," 6712 tlaworker.exe",,,,,,,,,,,,,,,,,,,,,,,,,,,,,1762784313172674400,,18446606103145840640,18446606103145811968,140737324634384,0,150019190784,9140,150023962624,150023958528,140737324634384,,,,,,,,,,,,,,,,,,,,,,,,,,,,,,,,,,,,,,,,,,,,,,,,,,,,
"2025-11-10 14:18:33.1726943Z","2025-11-10 14:18:33.1726943Z","ETW","Microsoft-Windows-Kernel-Audit-API-Calls",6,"PsOpenThread"," 6712 tlaworker.exe",7772,,," 6712 tlaworker.exe",9140,,,,,,,,,,,,,,,,,,,,,,,,,,,,1762784313172694300,,,,,,,,,,,,,,,,64,0,,,,,,,,,,,,,,,,,,,,,,,,,,,,,,,,,,,,,,,,,,,,,
"2025-11-10 14:18:33.1749088Z","2025-11-10 14:18:33.1749088Z","ETW","Microsoft-Windows-Kernel-Process",5,"ImageLoad Info "," 3096 git.exe",6376,,," 3096 git.exe",,,"C:\Windows\System32\cryptbase.dll",,,,,,,,,,,,,,,,,,,,,,,,,,1762784313174908800,,,,,,,,,,,140737272020992,140737272020992,66383,49152,1678623338,,,,,,,,,,,,,,,,,,,,,,,,,,,,,,,,,,,,,,,,,,,,,,,
"2025-11-10 14:18:33.1760465Z","2025-11-10 14:18:33.1760465Z","ETW","Microsoft-Windows-Kernel-Process",5,"ImageLoad Info "," 3096 git.exe",6376,,," 3096 git.exe",,,"C:\Windows\System32\bcryptprimitives.dll",,,,,,,,,,,,,,,,,,,,,,,,,,1762784313176046500,,,,,,,,,,,140737282572288,140737282572288,531569,532480,3309379821,,,,,,,,,,,,,,,,,,,,,,,,,,,,,,,,,,,,,,,,,,,,,,,
"2025-11-10 14:18:33.1788229Z","2025-11-10 14:18:33.1788229Z","ETW","Microsoft-Windows-Kernel-Process",5,"ImageLoad Info "," 3096 git.exe",6376,,," 3096 git.exe",,,"C:\Windows\System32\imm32.dll",,,,,,,,,,,,,,,,,,,,,,,,,,1762784313178822900,,,,,,,,,,,140737309310976,140737309310976,238320,192512,770155462,,,,,,,,,,,,,,,,,,,,,,,,,,,,,,,,,,,,,,,,,,,,,,,
"2025-11-10 14:18:33.1929519Z","2025-11-10 14:18:33.1929519Z","ETW","Microsoft-Windows-Kernel-Audit-API-Calls",6,"PsOpenThread","10364 mintty.exe",5868,,,"10364 mintty.exe",5868,,,,,,,,,,,,,,,,,,,,,,,,,,,,1762784313192951900,,,,,,,,,,,,,,,,1024,0,,,,,,,,,,,,,,,,,,,,,,,,,,,,,,,,,,,,,,,,,,,,,
"2025-11-10 14:18:33.2039530Z","2025-11-10 14:18:33.2039530Z","ETW","Microsoft-Windows-Kernel-Process",5,"ImageLoad Info "," 3096 git.exe",6376,,," 3096 git.exe",,,"C:\Windows\System32\ntmarta.dll",,,,,,,,,,,,,,,,,,,,,,,,,,1762784313203953000,,,,,,,,,,,140737265074176,140737265074176,197444,208896,4265087599,,,,,,,,,,,,,,,,,,,,,,,,,,,,,,,,,,,,,,,,,,,,,,,
"2025-11-10 14:18:33.2100276Z","2025-11-10 14:18:33.2100276Z","ETW","Microsoft-Windows-Kernel-Process",4,"ThreadStop Stop "," 3096 git.exe",6376,,," 3096 git.exe",,,,,,,,,,,,,,,,,,,,,,,,,,,,,1762784313210027600,,18446606103145676800,18446606103145648128,140702939157504,0,747896815616,6376,747898929152,747898777600,140702939157504,,,,,,,,,,,111754264,,,,,,,,,,,,,,,,,,,,,,,,,,,,,,,,,,,,,,,,,
"2025-11-10 14:18:33.2102799Z","2025-11-10 14:18:33.2102799Z","ETW","Microsoft-Windows-Kernel-Process",4,"ThreadStop Stop "," 3096 git.exe",8876,,," 3096 git.exe",,,,,,,,,,,,,,,,,,,,,,,,,,,,,1762784313210279900,,18446606103145807872,18446606103145779200,140737324634384,0,747894743040,8876,747905220608,747905212416,140737324634384,,,,,,,,,,,393021,,,,,,,,,,,,,,,,,,,,,,,,,,,,,,,,,,,,,,,,,
"2025-11-10 14:18:33.2103305Z","2025-11-10 14:18:33.2103305Z","ETW","Microsoft-Windows-Kernel-Process",4,"ThreadStop Stop "," 3096 git.exe",8656,,," 3096 git.exe",,,,,,,,,,,,,,,,,,,,,,,,,,,,,1762784313210330500,,18446606103145775104,18446606103145746432,140737324634384,0,747894734848,8656,747903123456,747903115264,140737324634384,,,,,,,,,,,1774539,,,,,,,,,,,,,,,,,,,,,,,,,,,,,,,,,,,,,,,,,
"2025-11-10 14:18:33.2103603Z","2025-11-10 14:18:33.2103603Z","ETW","Microsoft-Windows-Kernel-Process",4,"ThreadStop Stop "," 3096 git.exe",6904,,," 3096 git.exe",,,,,,,,,,,,,,,,,,,,,,,,,,,,,1762784313210360300,,18446606103145480192,18446606103145451520,140737324634384,0,747896823808,6904,747901026304,747901018112,140737324634384,,,,,,,,,,,4727142,,,,,,,,,,,,,,,,,,,,,,,,,,,,,,,,,,,,,,,,,
"2025-11-10 14:18:33.2109122Z","2025-11-10 14:18:33.2109122Z","ETW","Microsoft-Windows-Kernel-Process",6,"ImageUnload Info "," 3096 git.exe",6904,,," 3096 git.exe",,,"C:\Program Files\Git\mingw64\bin\git.exe",,,,,,,,,,,,,,,,,,,,,,,,,,1762784313210912200,,,,,,,,,,,140702939152384,140702939152384,4315928,4505600,1759182642,,,,,,,,,,,,,,,,,,,,,,,,,,,,,,,,,,,,,,,,,,,,,,,
"2025-11-10 14:18:33.2109214Z","2025-11-10 14:18:33.2109214Z","ETW","Microsoft-Windows-Kernel-Process",6,"ImageUnload Info "," 3096 git.exe",6904,,," 3096 git.exe",,,"C:\Program Files\Git\mingw64\bin\libiconv-2.dll",,,,,,,,,,,,,,,,,,,,,,,,,,1762784313210921400,,,,,,,,,,,140736814907392,140736814907392,1196713,1171456,1734459032,,,,,,,,,,,,,,,,,,,,,,,,,,,,,,,,,,,,,,,,,,,,,,,
"2025-11-10 14:18:33.2109258Z","2025-11-10 14:18:33.2109258Z","ETW","Microsoft-Windows-Kernel-Process",6,"ImageUnload Info "," 3096 git.exe",6904,,," 3096 git.exe",,,"C:\Program Files\Git\mingw64\bin\libpcre2-8-0.dll",,,,,,,,,,,,,,,,,,,,,,,,,,1762784313210925800,,,,,,,,,,,140736842039296,140736842039296,736699,733184,1756356616,,,,,,,,,,,,,,,,,,,,,,,,,,,,,,,,,,,,,,,,,,,,,,,
"2025-11-10 14:18:33.2109297Z","2025-11-10 14:18:33.2109297Z","ETW","Microsoft-Windows-Kernel-Process",6,"ImageUnload Info "," 3096 git.exe",6904,,," 3096 git.exe",,,"C:\Program Files\Git\mingw64\bin\libintl-8.dll",,,,,,,,,,,,,,,,,,,,,,,,,,1762784313210929700,,,,,,,,,,,140736852000768,140736852000768,317681,335872,1753251091,,,,,,,,,,,,,,,,,,,,,,,,,,,,,,,,,,,,,,,,,,,,,,,
"2025-11-10 14:18:33.2109342Z","2025-11-10 14:18:33.2109342Z","ETW","Microsoft-Windows-Kernel-Process",6,"ImageUnload Info "," 3096 git.exe",6904,,," 3096 git.exe",,,"C:\Program Files\Git\mingw64\bin\zlib1.dll",,,,,,,,,,,,,,,,,,,,,,,,,,1762784313210934200,,,,,,,,,,,140736855408640,140736855408640,173920,147456,1705996161,,,,,,,,,,,,,,,,,,,,,,,,,,,,,,,,,,,,,,,,,,,,,,,
"2025-11-10 14:18:33.2109378Z","2025-11-10 14:18:33.2109378Z","ETW","Microsoft-Windows-Kernel-Process",6,"ImageUnload Info "," 3096 git.exe",6904,,," 3096 git.exe",,,"C:\Program Files\Git\mingw64\bin\libwinpthread-1.dll",,,,,,,,,,,,,,,,,,,,,,,,,,1762784313210937800,,,,,,,,,,,140736863469568,140736863469568,77046,90112,1758466668,,,,,,,,,,,,,,,,,,,,,,,,,,,,,,,,,,,,,,,,,,,,,,,
"2025-11-10 14:18:33.2109671Z","2025-11-10 14:18:33.2109671Z","ETW","Microsoft-Windows-Kernel-Process",6,"ImageUnload Info "," 3096 git.exe",6904,,," 3096 git.exe",,,"C:\Windows\System32\ntmarta.dll",,,,,,,,,,,,,,,,,,,,,,,,,,1762784313210967100,,,,,,,,,,,140737265074176,140737265074176,197444,208896,4265087599,,,,,,,,,,,,,,,,,,,,,,,,,,,,,,,,,,,,,,,,,,,,,,,
"2025-11-10 14:18:33.2111470Z","2025-11-10 14:18:33.2111470Z","ETW","Microsoft-Windows-Kernel-Process",6,"ImageUnload Info "," 3096 git.exe",6904,,," 3096 git.exe",,,"C:\Windows\System32\cryptbase.dll",,,,,,,,,,,,,,,,,,,,,,,,,,1762784313211147000,,,,,,,,,,,140737272020992,140737272020992,66383,49152,1678623338,,,,,,,,,,,,,,,,,,,,,,,,,,,,,,,,,,,,,,,,,,,,,,,
"2025-11-10 14:18:33.2111583Z","2025-11-10 14:18:33.2111583Z","ETW","Microsoft-Windows-Kernel-Process",6,"ImageUnload Info "," 3096 git.exe",6904,,," 3096 git.exe",,,"C:\Windows\System32\bcrypt.dll",,,,,,,,,,,,,,,,,,,,,,,,,,1762784313211158300,,,,,,,,,,,140737279623168,140737279623168,171668,159744,2220160889,,,,,,,,,,,,,,,,,,,,,,,,,,,,,,,,,,,,,,,,,,,,,,,
"2025-11-10 14:18:33.2111702Z","2025-11-10 14:18:33.2111702Z","ETW","Microsoft-Windows-Kernel-Process",6,"ImageUnload Info "," 3096 git.exe",6904,,," 3096 git.exe",,,"C:\Windows\System32\msvcp_win.dll",,,,,,,,,,,,,,,,,,,,,,,,,,1762784313211170200,,,,,,,,,,,140737279819776,140737279819776,659111,643072,958749903,,,,,,,,,,,,,,,,,,,,,,,,,,,,,,,,,,,,,,,,,,,,,,,
"2025-11-10 14:18:33.2111823Z","2025-11-10 14:18:33.2111823Z","ETW","Microsoft-Windows-Kernel-Process",6,"ImageUnload Info "," 3096 git.exe",6904,,," 3096 git.exe",,,"C:\Windows\System32\win32u.dll",,,,,,,,,,,,,,,,,,,,,,,,,,1762784313211182300,,,,,,,,,,,140737281196032,140737281196032,183095,139264,3760910660,,,,,,,,,,,,,,,,,,,,,,,,,,,,,,,,,,,,,,,,,,,,,,,
"2025-11-10 14:18:33.2111931Z","2025-11-10 14:18:33.2111931Z","ETW","Microsoft-Windows-Kernel-Process",6,"ImageUnload Info "," 3096 git.exe",6904,,," 3096 git.exe",,,"C:\Windows\System32\gdi32full.dll",,,,,,,,,,,,,,,,,,,,,,,,,,1762784313211193100,,,,,,,,,,,140737281392640,140737281392640,1167211,1150976,1288019395,,,,,,,,,,,,,,,,,,,,,,,,,,,,,,,,,,,,,,,,,,,,,,,
"2025-11-10 14:18:33.2112047Z","2025-11-10 14:18:33.2112047Z","ETW","Microsoft-Windows-Kernel-Process",6,"ImageUnload Info "," 3096 git.exe",6904,,," 3096 git.exe",,,"C:\Windows\System32\bcryptprimitives.dll",,,,,,,,,,,,,,,,,,,,,,,,,,1762784313211204700,,,,,,,,,,,140737282572288,140737282572288,531569,532480,3309379821,,,,,,,,,,,,,,,,,,,,,,,,,,,,,,,,,,,,,,,,,,,,,,,
"2025-11-10 14:18:33.2112151Z","2025-11-10 14:18:33.2112151Z","ETW","Microsoft-Windows-Kernel-Process",6,"ImageUnload Info "," 3096 git.exe",6904,,," 3096 git.exe",,,"C:\Windows\System32\ucrtbase.dll",,,,,,,,,,,,,,,,,,,,,,,,,,1762784313211215100,,,,,,,,,,,140737283162112,140737283162112,1076532,1048576,2177850761,,,,,,,,,,,,,,,,,,,,,,,,,,,,,,,,,,,,,,,,,,,,,,,
"2025-11-10 14:18:33.2112257Z","2025-11-10 14:18:33.2112257Z","ETW","Microsoft-Windows-Kernel-Process",6,"ImageUnload Info "," 3096 git.exe",6904,,," 3096 git.exe",,,"C:\Windows\System32\ws2_32.dll",,,,,,,,,,,,,,,,,,,,,,,,,,1762784313211225700,,,,,,,,,,,140737305772032,140737305772032,489137,438272,2047685052,,,,,,,,,,,,,,,,,,,,,,,,,,,,,,,,,,,,,,,,,,,,,,,
"2025-11-10 14:18:33.2112359Z","2025-11-10 14:18:33.2112359Z","ETW","Microsoft-Windows-Kernel-Process",6,"ImageUnload Info "," 3096 git.exe",6904,,," 3096 git.exe",,,"C:\Windows\System32\advapi32.dll",,,,,,,,,,,,,,,,,,,,,,,,,,1762784313211235900,,,,,,,,,,,140737306951680,140737306951680,744837,724992,4166620877,,,,,,,,,,,,,,,,,,,,,,,,,,,,,,,,,,,,,,,,,,,,,,,
"2025-11-10 14:18:33.2112472Z","2025-11-10 14:18:33.2112472Z","ETW","Microsoft-Windows-Kernel-Process",6,"ImageUnload Info "," 3096 git.exe",6904,,," 3096 git.exe",,,"C:\Windows\System32\sechost.dll",,,,,,,,,,,,,,,,,,,,,,,,,,1762784313211247200,,,,,,,,,,,140737308262400,140737308262400,647124,651264,2117042745,,,,,,,,,,,,,,,,,,,,,,,,,,,,,,,,,,,,,,,,,,,,,,,
"2025-11-10 14:18:33.2112577Z","2025-11-10 14:18:33.2112577Z","ETW","Microsoft-Windows-Kernel-Process",6,"ImageUnload Info "," 3096 git.exe",6904,,," 3096 git.exe",,,"C:\Windows\System32\imm32.dll",,,,,,,,,,,,,,,,,,,,,,,,,,1762784313211257700,,,,,,,,,,,140737309310976,140737309310976,238320,192512,770155462,,,,,,,,,,,,,,,,,,,,,,,,,,,,,,,,,,,,,,,,,,,,,,,
"2025-11-10 14:18:33.2112693Z","2025-11-10 14:18:33.2112693Z","ETW","Microsoft-Windows-Kernel-Process",6,"ImageUnload Info "," 3096 git.exe",6904,,," 3096 git.exe",,,"C:\Windows\System32\gdi32.dll",,,,,,,,,,,,,,,,,,,,,,,,,,1762784313211269300,,,,,,,,,,,140737309507584,140737309507584,210990,176128,2413768611,,,,,,,,,,,,,,,,,,,,,,,,,,,,,,,,,,,,,,,,,,,,,,,
"2025-11-10 14:18:33.2112793Z","2025-11-10 14:18:33.2112793Z","ETW","Microsoft-Windows-Kernel-Process",6,"ImageUnload Info "," 3096 git.exe",6904,,," 3096 git.exe",,,"C:\Windows\System32\msvcrt.dll",,,,,,,,,,,,,,,,,,,,,,,,,,1762784313211279300,,,,,,,,,,,140737314357248,140737314357248,681663,647168,2616593924,,,,,,,,,,,,,,,,,,,,,,,,,,,,,,,,,,,,,,,,,,,,,,,
"2025-11-10 14:18:33.2112895Z","2025-11-10 14:18:33.2112895Z","ETW","Microsoft-Windows-Kernel-Process",6,"ImageUnload Info "," 3096 git.exe",6904,,," 3096 git.exe",,,"C:\Windows\System32\rpcrt4.dll",,,,,,,,,,,,,,,,,,,,,,,,,,1762784313211289500,,,,,,,,,,,140737317109760,140737317109760,1217917,1179648,2756017066,,,,,,,,,,,,,,,,,,,,,,,,,,,,,,,,,,,,,,,,,,,,,,,
"2025-11-10 14:18:33.2113006Z","2025-11-10 14:18:33.2113006Z","ETW","Microsoft-Windows-Kernel-Process",6,"ImageUnload Info "," 3096 git.exe",6904,,," 3096 git.exe",,,"C:\Windows\System32\KernelBase.dll",,,,,,,,,,,,,,,,,,,,,,,,,,1762784313211300600,,,,,,,,,,,140737318289408,140737318289408,3171178,3104768,1448155220,,,,,,,,,,,,,,,,,,,,,,,,,,,,,,,,,,,,,,,,,,,,,,,
"2025-11-10 14:18:33.2113161Z","2025-11-10 14:18:33.2113161Z","ETW","Microsoft-Windows-Kernel-Process",6,"ImageUnload Info "," 3096 git.exe",6904,,," 3096 git.exe",,,"C:\Windows\System32\kernel32.dll",,,,,,,,,,,,,,,,,,,,,,,,,,1762784313211316100,,,,,,,,,,,140737321435136,140737321435136,801304,794624,4007722010,,,,,,,,,,,,,,,,,,,,,,,,,,,,,,,,,,,,,,,,,,,,,,,
"2025-11-10 14:18:33.2113319Z","2025-11-10 14:18:33.2113319Z","ETW","Microsoft-Windows-Kernel-Process",6,"ImageUnload Info "," 3096 git.exe",6904,,," 3096 git.exe",,,"C:\Windows\System32\user32.dll",,,,,,,,,,,,,,,,,,,,,,,,,,1762784313211331900,,,,,,,,,,,140737322287104,140737322287104,1767867,1708032,1351922499,,,,,,,,,,,,,,,,,,,,,,,,,,,,,,,,,,,,,,,,,,,,,,,
"2025-11-10 14:18:33.2113468Z","2025-11-10 14:18:33.2113468Z","ETW","Microsoft-Windows-Kernel-Process",6,"ImageUnload Info "," 3096 git.exe",6904,,," 3096 git.exe",,,"C:\Windows\System32\ntdll.dll",,,,,,,,,,,,,,,,,,,,,,,,,,1762784313211346800,,,,,,,,,,,140737324318720,140737324318720,2048895,2064384,2127151453,,,,,,,,,,,,,,,,,,,,,,,,,,,,,,,,,,,,,,,,,,,,,,,
"2025-11-10 14:18:33.2113620Z","2025-11-10 14:18:33.2113620Z","ETW","Microsoft-Windows-Kernel-Process",2,"ProcessStop Stop "," 3096 git.exe",6904,,," 3096 git.exe",,,"git.exe",,,,,,,,,,,,,,,,,,,,,,,,,,1762784313211362000,,,,,,,,,,,,,,,,,,,,,,,,134072579131349508,,,,,,,25929,,,,,,,,,,,,,,35139584,35373056,121187024,0,134072579132108584,76,2,19,1,3,1,0,,,,,,
"2025-11-10 14:18:33.2144525Z","2025-11-10 14:18:33.2144525Z","ETW","Microsoft-Windows-Kernel-Audit-API-Calls",5,"PsOpenProcess"," 6932 bash.exe",4772,,,"10364 mintty.exe",,,,,,,,,,,,,,,,,,,,,,,,,,,,,1762784313214452500,,,,,,,,,,,,,,,,64,0,,,,,,,,,,,,,,,,,,,,,,,,,,,,,,,,,,,,,,,,,,,,,
"2025-11-10 14:18:33.2154210Z","2025-11-10 14:18:33.2154210Z","ETW","Microsoft-Windows-Kernel-Audit-API-Calls",5,"PsOpenProcess"," 6932 bash.exe",4772,,," 4532 bash.exe",,,,,,,,,,,,,,,,,,,,,,,,,,,,,1762784313215421000,,,,,,,,,,,,,,,,4096,0,,,,,,,,,,,,,,,,,,,,,,,,,,,,,,,,,,,,,,,,,,,,,
"2025-11-10 14:18:33.2154790Z","2025-11-10 14:18:33.2154790Z","ETW","Microsoft-Windows-Kernel-Audit-API-Calls",5,"PsOpenProcess"," 3032 conhost.exe",5540,,," 6932 bash.exe",,,,,,,,,,,,,,,,,,,,,,,,,,,,,1762784313215479000,,,,,,,,,,,,,,,,33554432,0,,,,,,,,,,,,,,,,,,,,,,,,,,,,,,,,,,,,,,,,,,,,,
"2025-11-10 14:18:33.2163010Z","2025-11-10 14:18:33.2163010Z","ETW","Microsoft-Windows-Kernel-Process",4,"ThreadStop Stop "," 8060 conhost.exe",9352,,," 8060 conhost.exe",,,,,,,,,,,,,,,,,,,,,,,,,,,,,1762784313216301000,,18446606103145578496,18446606103145549824,140700242381968,0,201613848576,9352,201614950400,201614942208,140700242381968,,,,,,,,,,,104959,,,,,,,,,,,,,,,,,,,,,,,,,,,,,,,,,,,,,,,,,
"2025-11-10 14:18:33.2163211Z","2025-11-10 14:18:33.2163211Z","ETW","Microsoft-Windows-Kernel-Process",4,"ThreadStop Stop "," 8060 conhost.exe",460,,," 8060 conhost.exe",,,,,,,,,,,,,,,,,,,,,,,,,,,,,1762784313216321100,,18446606103145709568,18446606103145680896,140700242380928,0,201613881344,460,201616523264,201616515072,140700242380928,,,,,,,,,,,91782,,,,,,,,,,,,,,,,,,,,,,,,,,,,,,,,,,,,,,,,,
"2025-11-10 14:18:33.2163690Z","2025-11-10 14:18:33.2163690Z","ETW","Microsoft-Windows-Kernel-Process",4,"ThreadStop Stop "," 8060 conhost.exe",4636,,," 8060 conhost.exe",,,,,,,,,,,,,,,,,,,,,,,,,,,,,1762784313216369000,,18446606103145578496,18446606103145549824,140700242095872,0,201613873152,4636,201615998976,201615982592,140700242095872,,,,,,,,,,,11871096,,,,,,,,,,,,,,,,,,,,,,,,,,,,,,,,,,,,,,,,,
"2025-11-10 14:18:33.2163916Z","2025-11-10 14:18:33.2163916Z","ETW","Microsoft-Windows-Kernel-Process",4,"ThreadStop Stop "," 8060 conhost.exe",11180,,," 8060 conhost.exe",,,,,,,,,,,,,,,,,,,,,,,,,,,,,1762784313216391600,,18446606103145447424,18446606103145418752,140700242196320,0,201613864960,11180,201611214848,201611206656,140700242196320,,,,,,,,,,,634756,,,,,,,,,,,,,,,,,,,,,,,,,,,,,,,,,,,,,,,,,
"2025-11-10 14:18:33.2164391Z","2025-11-10 14:18:33.2164391Z","ETW","Microsoft-Windows-Kernel-Process",4,"ThreadStop Stop "," 8060 conhost.exe",4600,,," 8060 conhost.exe",,,,,,,,,,,,,,,,,,,,,,,,,,,,,1762784313216439100,,18446606103145611264,18446606103145582592,140737324634384,0,201613856768,4600,201615474688,201615466496,140737324634384,,,,,,,,,,,67938,,,,,,,,,,,,,,,,,,,,,,,,,,,,,,,,,,,,,,,,,
"2025-11-10 14:18:33.2164666Z","2025-11-10 14:18:33.2164666Z","ETW","Microsoft-Windows-Kernel-Process",4,"ThreadStop Stop "," 8060 conhost.exe",4520,,," 8060 conhost.exe",,,,,,,,,,,,,,,,,,,,,,,,,,,,,1762784313216466600,,18446606103145545728,18446606103145517056,140700242153168,0,201613840384,4520,201614426112,201614409728,140700242153168,,,,,,,,,,,14223417,,,,,,,,,,,,,,,,,,,,,,,,,,,,,,,,,,,,,,,,,
"2025-11-10 14:18:33.2165000Z","2025-11-10 14:18:33.2165000Z","ETW","Microsoft-Windows-Kernel-Process",4,"ThreadStop Stop "," 8060 conhost.exe",7040,,," 8060 conhost.exe",,,,,,,,,,,,,,,,,,,,,,,,,,,,,1762784313216500000,,18446606103145512960,18446606103145484288,140737324634384,0,201613832192,7040,201611739136,201611730944,140737324634384,,,,,,,,,,,371692,,,,,,,,,,,,,,,,,,,,,,,,,,,,,,,,,,,,,,,,,
"2025-11-10 14:18:33.2181538Z","2025-11-10 14:18:33.2181538Z","ETW","Microsoft-Windows-Kernel-Process",6,"ImageUnload Info "," 8060 conhost.exe",7040,,," 8060 conhost.exe",,,"C:\Windows\System32\conhost.exe",,,,,,,,,,,,,,,,,,,,,,,,,,1762784313218153800,,,,,,,,,,,140700242083840,140700242083840,907531,897024,2536827738,,,,,,,,,,,,,,,,,,,,,,,,,,,,,,,,,,,,,,,,,,,,,,,
"2025-11-10 14:18:33.2181681Z","2025-11-10 14:18:33.2181681Z","ETW","Microsoft-Windows-Kernel-Process",6,"ImageUnload Info "," 8060 conhost.exe",7040,,," 8060 conhost.exe",,,"C:\Windows\System32\uxtheme.dll",,,,,,,,,,,,,,,,,,,,,,,,,,1762784313218168100,,,,,,,,,,,140737239515136,140737239515136,640454,647168,3697381598,,,,,,,,,,,,,,,,,,,,,,,,,,,,,,,,,,,,,,,,,,,,,,,
"2025-11-10 14:18:33.2181797Z","2025-11-10 14:18:33.2181797Z","ETW","Microsoft-Windows-Kernel-Process",6,"ImageUnload Info "," 8060 conhost.exe",7040,,," 8060 conhost.exe",,,"C:\Windows\System32\bcrypt.dll",,,,,,,,,,,,,,,,,,,,,,,,,,1762784313218179700,,,,,,,,,,,140737279623168,140737279623168,171668,159744,2220160889,,,,,,,,,,,,,,,,,,,,,,,,,,,,,,,,,,,,,,,,,,,,,,,
"2025-11-10 14:18:33.2181911Z","2025-11-10 14:18:33.2181911Z","ETW","Microsoft-Windows-Kernel-Process",6,"ImageUnload Info "," 8060 conhost.exe",7040,,," 8060 conhost.exe",,,"C:\Windows\System32\msvcp_win.dll",,,,,,,,,,,,,,,,,,,,,,,,,,1762784313218191100,,,,,,,,,,,140737279819776,140737279819776,659111,643072,958749903,,,,,,,,,,,,,,,,,,,,,,,,,,,,,,,,,,,,,,,,,,,,,,,
"2025-11-10 14:18:33.2182032Z","2025-11-10 14:18:33.2182032Z","ETW","Microsoft-Windows-Kernel-Process",6,"ImageUnload Info "," 8060 conhost.exe",7040,,," 8060 conhost.exe",,,"C:\Windows\System32\win32u.dll",,,,,,,,,,,,,,,,,,,,,,,,,,1762784313218203200,,,,,,,,,,,140737281196032,140737281196032,183095,139264,3760910660,,,,,,,,,,,,,,,,,,,,,,,,,,,,,,,,,,,,,,,,,,,,,,,
"2025-11-10 14:18:33.2182142Z","2025-11-10 14:18:33.2182142Z","ETW","Microsoft-Windows-Kernel-Process",6,"ImageUnload Info "," 8060 conhost.exe",7040,,," 8060 conhost.exe",,,"C:\Windows\System32\gdi32full.dll",,,,,,,,,,,,,,,,,,,,,,,,,,1762784313218214200,,,,,,,,,,,140737281392640,140737281392640,1167211,1150976,1288019395,,,,,,,,,,,,,,,,,,,,,,,,,,,,,,,,,,,,,,,,,,,,,,,
"2025-11-10 14:18:33.2182252Z","2025-11-10 14:18:33.2182252Z","ETW","Microsoft-Windows-Kernel-Process",6,"ImageUnload Info "," 8060 conhost.exe",7040,,," 8060 conhost.exe",,,"C:\Windows\System32\ucrtbase.dll",,,,,,,,,,,,,,,,,,,,,,,,,,1762784313218225200,,,,,,,,,,,140737283162112,140737283162112,1076532,1048576,2177850761,,,,,,,,,,,,,,,,,,,,,,,,,,,,,,,,,,,,,,,,,,,,,,,
"2025-11-10 14:18:33.2182357Z","2025-11-10 14:18:33.2182357Z","ETW","Microsoft-Windows-Kernel-Process",6,"ImageUnload Info "," 8060 conhost.exe",7040,,," 8060 conhost.exe",,,"C:\Windows\System32\combase.dll",,,,,,,,,,,,,,,,,,,,,,,,,,1762784313218235700,,,,,,,,,,,140737287094272,140737287094272,3535278,3489792,144435709,,,,,,,,,,,,,,,,,,,,,,,,,,,,,,,,,,,,,,,,,,,,,,,
"2025-11-10 14:18:33.2182477Z","2025-11-10 14:18:33.2182477Z","ETW","Microsoft-Windows-Kernel-Process",6,"ImageUnload Info "," 8060 conhost.exe",7040,,," 8060 conhost.exe",,,"C:\Windows\System32\msctf.dll",,,,,,,,,,,,,,,,,,,,,,,,,,1762784313218247700,,,,,,,,,,,140737291616256,140737291616256,1159359,1134592,3815625169,,,,,,,,,,,,,,,,,,,,,,,,,,,,,,,,,,,,,,,,,,,,,,,
"2025-11-10 14:18:33.2182583Z","2025-11-10 14:18:33.2182583Z","ETW","Microsoft-Windows-Kernel-Process",6,"ImageUnload Info "," 8060 conhost.exe",7040,,," 8060 conhost.exe",,,"C:\Windows\System32\SHCore.dll",,,,,,,,,,,,,,,,,,,,,,,,,,1762784313218258300,,,,,,,,,,,140737304985600,140737304985600,705789,708608,3896055862,,,,,,,,,,,,,,,,,,,,,,,,,,,,,,,,,,,,,,,,,,,,,,,
"2025-11-10 14:18:33.2182692Z","2025-11-10 14:18:33.2182692Z","ETW","Microsoft-Windows-Kernel-Process",6,"ImageUnload Info "," 8060 conhost.exe",7040,,," 8060 conhost.exe",,,"C:\Windows\System32\advapi32.dll",,,,,,,,,,,,,,,,,,,,,,,,,,1762784313218269200,,,,,,,,,,,140737306951680,140737306951680,744837,724992,4166620877,,,,,,,,,,,,,,,,,,,,,,,,,,,,,,,,,,,,,,,,,,,,,,,
"2025-11-10 14:18:33.2182809Z","2025-11-10 14:18:33.2182809Z","ETW","Microsoft-Windows-Kernel-Process",6,"ImageUnload Info "," 8060 conhost.exe",7040,,," 8060 conhost.exe",,,"C:\Windows\System32\sechost.dll",,,,,,,,,,,,,,,,,,,,,,,,,,1762784313218280900,,,,,,,,,,,140737308262400,140737308262400,647124,651264,2117042745,,,,,,,,,,,,,,,,,,,,,,,,,,,,,,,,,,,,,,,,,,,,,,,
"2025-11-10 14:18:33.2182912Z","2025-11-10 14:18:33.2182912Z","ETW","Microsoft-Windows-Kernel-Process",6,"ImageUnload Info "," 8060 conhost.exe",7040,,," 8060 conhost.exe",,,"C:\Windows\System32\imm32.dll",,,,,,,,,,,,,,,,,,,,,,,,,,1762784313218291200,,,,,,,,,,,140737309310976,140737309310976,238320,192512,770155462,,,,,,,,,,,,,,,,,,,,,,,,,,,,,,,,,,,,,,,,,,,,,,,
"2025-11-10 14:18:33.2183016Z","2025-11-10 14:18:33.2183016Z","ETW","Microsoft-Windows-Kernel-Process",6,"ImageUnload Info "," 8060 conhost.exe",7040,,," 8060 conhost.exe",,,"C:\Windows\System32\gdi32.dll",,,,,,,,,,,,,,,,,,,,,,,,,,1762784313218301600,,,,,,,,,,,140737309507584,140737309507584,210990,176128,2413768611,,,,,,,,,,,,,,,,,,,,,,,,,,,,,,,,,,,,,,,,,,,,,,,
"2025-11-10 14:18:33.2183123Z","2025-11-10 14:18:33.2183123Z","ETW","Microsoft-Windows-Kernel-Process",6,"ImageUnload Info "," 8060 conhost.exe",7040,,," 8060 conhost.exe",,,"C:\Windows\System32\msvcrt.dll",,,,,,,,,,,,,,,,,,,,,,,,,,1762784313218312300,,,,,,,,,,,140737314357248,140737314357248,681663,647168,2616593924,,,,,,,,,,,,,,,,,,,,,,,,,,,,,,,,,,,,,,,,,,,,,,,
"2025-11-10 14:18:33.2183226Z","2025-11-10 14:18:33.2183226Z","ETW","Microsoft-Windows-Kernel-Process",6,"ImageUnload Info "," 8060 conhost.exe",7040,,," 8060 conhost.exe",,,"C:\Windows\System32\oleaut32.dll",,,,,,,,,,,,,,,,,,,,,,,,,,1762784313218322600,,,,,,,,,,,140737315012608,140737315012608,849765,839680,3559841777,,,,,,,,,,,,,,,,,,,,,,,,,,,,,,,,,,,,,,,,,,,,,,,
"2025-11-10 14:18:33.2183341Z","2025-11-10 14:18:33.2183341Z","ETW","Microsoft-Windows-Kernel-Process",6,"ImageUnload Info "," 8060 conhost.exe",7040,,," 8060 conhost.exe",,,"C:\Windows\System32\rpcrt4.dll",,,,,,,,,,,,,,,,,,,,,,,,,,1762784313218334100,,,,,,,,,,,140737317109760,140737317109760,1217917,1179648,2756017066,,,,,,,,,,,,,,,,,,,,,,,,,,,,,,,,,,,,,,,,,,,,,,,
"2025-11-10 14:18:33.2183449Z","2025-11-10 14:18:33.2183449Z","ETW","Microsoft-Windows-Kernel-Process",6,"ImageUnload Info "," 8060 conhost.exe",7040,,," 8060 conhost.exe",,,"C:\Windows\System32\KernelBase.dll",,,,,,,,,,,,,,,,,,,,,,,,,,1762784313218344900,,,,,,,,,,,140737318289408,140737318289408,3171178,3104768,1448155220,,,,,,,,,,,,,,,,,,,,,,,,,,,,,,,,,,,,,,,,,,,,,,,
"2025-11-10 14:18:33.2183558Z","2025-11-10 14:18:33.2183558Z","ETW","Microsoft-Windows-Kernel-Process",6,"ImageUnload Info "," 8060 conhost.exe",7040,,," 8060 conhost.exe",,,"C:\Windows\System32\kernel32.dll",,,,,,,,,,,,,,,,,,,,,,,,,,1762784313218355800,,,,,,,,,,,140737321435136,140737321435136,801304,794624,4007722010,,,,,,,,,,,,,,,,,,,,,,,,,,,,,,,,,,,,,,,,,,,,,,,
"2025-11-10 14:18:33.2183661Z","2025-11-10 14:18:33.2183661Z","ETW","Microsoft-Windows-Kernel-Process",6,"ImageUnload Info "," 8060 conhost.exe",7040,,," 8060 conhost.exe",,,"C:\Windows\System32\user32.dll",,,,,,,,,,,,,,,,,,,,,,,,,,1762784313218366100,,,,,,,,,,,140737322287104,140737322287104,1767867,1708032,1351922499,,,,,,,,,,,,,,,,,,,,,,,,,,,,,,,,,,,,,,,,,,,,,,,
"2025-11-10 14:18:33.2183764Z","2025-11-10 14:18:33.2183764Z","ETW","Microsoft-Windows-Kernel-Process",6,"ImageUnload Info "," 8060 conhost.exe",7040,,," 8060 conhost.exe",,,"C:\Windows\System32\ntdll.dll",,,,,,,,,,,,,,,,,,,,,,,,,,1762784313218376400,,,,,,,,,,,140737324318720,140737324318720,2048895,2064384,2127151453,,,,,,,,,,,,,,,,,,,,,,,,,,,,,,,,,,,,,,,,,,,,,,,
"2025-11-10 14:18:33.2183843Z","2025-11-10 14:18:33.2183843Z","ETW","Microsoft-Windows-Kernel-Process",2,"ProcessStop Stop "," 8060 conhost.exe",7040,,," 8060 conhost.exe",,,"conhost.exe",,,,,,,,,,,,,,,,,,,,,,,,,,1762784313218384300,,,,,,,,,,,,,,,,,,,,,,,,134072579130724222,,,,,,,25927,,,,,,,,,,,,,,1372160,1409024,55432210,0,134072579132180718,100,0,3,0,3,4,0,,,,,,
"2025-11-10 14:18:33.2200372Z","2025-11-10 14:18:33.2200372Z","ETW","Microsoft-Windows-Kernel-Process",4,"ThreadStop Stop "," 6932 bash.exe",12160,,," 6932 bash.exe",,,,,,,,,,,,,,,,,,,,,,,,,,,,,1762784313220037200,,18446606103121494016,18446606103121465344,8858653840,0,2392064,12160,39256064,39235584,8858653840,,,,,,,,,,,388044,,,,,,,,,,,,,,,,,,,,,,,,,,,,,,,,,,,,,,,,,
"2025-11-10 14:18:33.2200896Z","2025-11-10 14:18:33.2200896Z","ETW","Microsoft-Windows-Kernel-Process",4,"ThreadStop Stop "," 6932 bash.exe",4772,,," 6932 bash.exe",,,,,,,,,,,,,,,,,,,,,,,,,,,,,1762784313220089600,,18446606103145283584,18446606103145254912,4299165696,0,2367488,4772,34359738368,34359635968,4299165696,,,,,,,,,,,91777493,,,,,,,,,,,,,,,,,,,,,,,,,,,,,,,,,,,,,,,,,
"2025-11-10 14:18:33.2201928Z","2025-11-10 14:18:33.2201928Z","ETW","Microsoft-Windows-Kernel-Process",4,"ThreadStop Stop "," 6932 bash.exe",11132,,," 6932 bash.exe",,,,,,,,,,,,,,,,,,,,,,,,,,,,,1762784313220192800,,18446606103145119744,18446606103145091072,140737324634384,0,2383872,11132,12386304,12382208,140737324634384,,,,,,,,,,,84270,,,,,,,,,,,,,,,,,,,,,,,,,,,,,,,,,,,,,,,,,
"2025-11-10 14:18:33.2202258Z","2025-11-10 14:18:33.2202258Z","ETW","Microsoft-Windows-Kernel-Process",4,"ThreadStop Stop "," 6932 bash.exe",5308,,," 6932 bash.exe",,,,,,,,,,,,,,,,,,,,,,,,,,,,,1762784313220225800,,18446606103145381888,18446606103145353216,140737324634384,0,2375680,5308,10289152,10285056,140737324634384,,,,,,,,,,,1934413,,,,,,,,,,,,,,,,,,,,,,,,,,,,,,,,,,,,,,,,,
"2025-11-10 14:18:33.2204455Z","2025-11-10 14:18:33.2204455Z","ETW","Microsoft-Windows-Kernel-Process",6,"ImageUnload Info "," 6932 bash.exe",5308,,," 6932 bash.exe",,,"C:\Program Files\Git\usr\bin\bash.exe",,,,,,,,,,,,,,,,,,,,,,,,,,1762784313220445500,,,,,,,,,,,4299161600,4299161600,2616686,2617344,1727168884,,,,,,,,,,,,,,,,,,,,,,,,,,,,,,,,,,,,,,,,,,,,,,,
"2025-11-10 14:18:33.2204530Z","2025-11-10 14:18:33.2204530Z","ETW","Microsoft-Windows-Kernel-Process",6,"ImageUnload Info "," 6932 bash.exe",5308,,," 6932 bash.exe",,,"C:\Program Files\Git\usr\bin\msys-2.0.dll",,,,,,,,,,,,,,,,,,,,,,,,,,1762784313220453000,,,,,,,,,,,8858632192,8858632192,3356844,3530752,1752689865,,,,,,,,,,,,,,,,,,,,,,,,,,,,,,,,,,,,,,,,,,,,,,,
"2025-11-10 14:18:33.2204753Z","2025-11-10 14:18:33.2204753Z","ETW","Microsoft-Windows-Kernel-Process",6,"ImageUnload Info "," 6932 bash.exe",5308,,," 6932 bash.exe",,,"C:\Windows\System32\cryptbase.dll",,,,,,,,,,,,,,,,,,,,,,,,,,1762784313220475300,,,,,,,,,,,140737272020992,140737272020992,66383,49152,1678623338,,,,,,,,,,,,,,,,,,,,,,,,,,,,,,,,,,,,,,,,,,,,,,,
"2025-11-10 14:18:33.2204861Z","2025-11-10 14:18:33.2204861Z","ETW","Microsoft-Windows-Kernel-Process",6,"ImageUnload Info "," 6932 bash.exe",5308,,," 6932 bash.exe",,,"C:\Windows\System32\bcrypt.dll",,,,,,,,,,,,,,,,,,,,,,,,,,1762784313220486100,,,,,,,,,,,140737279623168,140737279623168,171668,159744,2220160889,,,,,,,,,,,,,,,,,,,,,,,,,,,,,,,,,,,,,,,,,,,,,,,
"2025-11-10 14:18:33.2204963Z","2025-11-10 14:18:33.2204963Z","ETW","Microsoft-Windows-Kernel-Process",6,"ImageUnload Info "," 6932 bash.exe",5308,,," 6932 bash.exe",,,"C:\Windows\System32\msvcp_win.dll",,,,,,,,,,,,,,,,,,,,,,,,,,1762784313220496300,,,,,,,,,,,140737279819776,140737279819776,659111,643072,958749903,,,,,,,,,,,,,,,,,,,,,,,,,,,,,,,,,,,,,,,,,,,,,,,
"2025-11-10 14:18:33.2205064Z","2025-11-10 14:18:33.2205064Z","ETW","Microsoft-Windows-Kernel-Process",6,"ImageUnload Info "," 6932 bash.exe",5308,,," 6932 bash.exe",,,"C:\Windows\System32\win32u.dll",,,,,,,,,,,,,,,,,,,,,,,,,,1762784313220506400,,,,,,,,,,,140737281196032,140737281196032,183095,139264,3760910660,,,,,,,,,,,,,,,,,,,,,,,,,,,,,,,,,,,,,,,,,,,,,,,
"2025-11-10 14:18:33.2205171Z","2025-11-10 14:18:33.2205171Z","ETW","Microsoft-Windows-Kernel-Process",6,"ImageUnload Info "," 6932 bash.exe",5308,,," 6932 bash.exe",,,"C:\Windows\System32\gdi32full.dll",,,,,,,,,,,,,,,,,,,,,,,,,,1762784313220517100,,,,,,,,,,,140737281392640,140737281392640,1167211,1150976,1288019395,,,,,,,,,,,,,,,,,,,,,,,,,,,,,,,,,,,,,,,,,,,,,,,
"2025-11-10 14:18:33.2205280Z","2025-11-10 14:18:33.2205280Z","ETW","Microsoft-Windows-Kernel-Process",6,"ImageUnload Info "," 6932 bash.exe",5308,,," 6932 bash.exe",,,"C:\Windows\System32\bcryptprimitives.dll",,,,,,,,,,,,,,,,,,,,,,,,,,1762784313220528000,,,,,,,,,,,140737282572288,140737282572288,531569,532480,3309379821,,,,,,,,,,,,,,,,,,,,,,,,,,,,,,,,,,,,,,,,,,,,,,,
"2025-11-10 14:18:33.2205385Z","2025-11-10 14:18:33.2205385Z","ETW","Microsoft-Windows-Kernel-Process",6,"ImageUnload Info "," 6932 bash.exe",5308,,," 6932 bash.exe",,,"C:\Windows\System32\ucrtbase.dll",,,,,,,,,,,,,,,,,,,,,,,,,,1762784313220538500,,,,,,,,,,,140737283162112,140737283162112,1076532,1048576,2177850761,,,,,,,,,,,,,,,,,,,,,,,,,,,,,,,,,,,,,,,,,,,,,,,
"2025-11-10 14:18:33.2205485Z","2025-11-10 14:18:33.2205485Z","ETW","Microsoft-Windows-Kernel-Process",6,"ImageUnload Info "," 6932 bash.exe",5308,,," 6932 bash.exe",,,"C:\Windows\System32\advapi32.dll",,,,,,,,,,,,,,,,,,,,,,,,,,1762784313220548500,,,,,,,,,,,140737306951680,140737306951680,744837,724992,4166620877,,,,,,,,,,,,,,,,,,,,,,,,,,,,,,,,,,,,,,,,,,,,,,,
"2025-11-10 14:18:33.2205589Z","2025-11-10 14:18:33.2205589Z","ETW","Microsoft-Windows-Kernel-Process",6,"ImageUnload Info "," 6932 bash.exe",5308,,," 6932 bash.exe",,,"C:\Windows\System32\sechost.dll",,,,,,,,,,,,,,,,,,,,,,,,,,1762784313220558900,,,,,,,,,,,140737308262400,140737308262400,647124,651264,2117042745,,,,,,,,,,,,,,,,,,,,,,,,,,,,,,,,,,,,,,,,,,,,,,,
"2025-11-10 14:18:33.2205687Z","2025-11-10 14:18:33.2205687Z","ETW","Microsoft-Windows-Kernel-Process",6,"ImageUnload Info "," 6932 bash.exe",5308,,," 6932 bash.exe",,,"C:\Windows\System32\imm32.dll",,,,,,,,,,,,,,,,,,,,,,,,,,1762784313220568700,,,,,,,,,,,140737309310976,140737309310976,238320,192512,770155462,,,,,,,,,,,,,,,,,,,,,,,,,,,,,,,,,,,,,,,,,,,,,,,
"2025-11-10 14:18:33.2205783Z","2025-11-10 14:18:33.2205783Z","ETW","Microsoft-Windows-Kernel-Process",6,"ImageUnload Info "," 6932 bash.exe",5308,,," 6932 bash.exe",,,"C:\Windows\System32\gdi32.dll",,,,,,,,,,,,,,,,,,,,,,,,,,1762784313220578300,,,,,,,,,,,140737309507584,140737309507584,210990,176128,2413768611,,,,,,,,,,,,,,,,,,,,,,,,,,,,,,,,,,,,,,,,,,,,,,,
"2025-11-10 14:18:33.2205886Z","2025-11-10 14:18:33.2205886Z","ETW","Microsoft-Windows-Kernel-Process",6,"ImageUnload Info "," 6932 bash.exe",5308,,," 6932 bash.exe",,,"C:\Windows\System32\msvcrt.dll",,,,,,,,,,,,,,,,,,,,,,,,,,1762784313220588600,,,,,,,,,,,140737314357248,140737314357248,681663,647168,2616593924,,,,,,,,,,,,,,,,,,,,,,,,,,,,,,,,,,,,,,,,,,,,,,,
"2025-11-10 14:18:33.2205983Z","2025-11-10 14:18:33.2205983Z","ETW","Microsoft-Windows-Kernel-Process",6,"ImageUnload Info "," 6932 bash.exe",5308,,," 6932 bash.exe",,,"C:\Windows\System32\rpcrt4.dll",,,,,,,,,,,,,,,,,,,,,,,,,,1762784313220598300,,,,,,,,,,,140737317109760,140737317109760,1217917,1179648,2756017066,,,,,,,,,,,,,,,,,,,,,,,,,,,,,,,,,,,,,,,,,,,,,,,
"2025-11-10 14:18:33.2206081Z","2025-11-10 14:18:33.2206081Z","ETW","Microsoft-Windows-Kernel-Process",6,"ImageUnload Info "," 6932 bash.exe",5308,,," 6932 bash.exe",,,"C:\Windows\System32\KernelBase.dll",,,,,,,,,,,,,,,,,,,,,,,,,,1762784313220608100,,,,,,,,,,,140737318289408,140737318289408,3171178,3104768,1448155220,,,,,,,,,,,,,,,,,,,,,,,,,,,,,,,,,,,,,,,,,,,,,,,
"2025-11-10 14:18:33.2206179Z","2025-11-10 14:18:33.2206179Z","ETW","Microsoft-Windows-Kernel-Process",6,"ImageUnload Info "," 6932 bash.exe",5308,,," 6932 bash.exe",,,"C:\Windows\System32\kernel32.dll",,,,,,,,,,,,,,,,,,,,,,,,,,1762784313220617900,,,,,,,,,,,140737321435136,140737321435136,801304,794624,4007722010,,,,,,,,,,,,,,,,,,,,,,,,,,,,,,,,,,,,,,,,,,,,,,,
"2025-11-10 14:18:33.2206275Z","2025-11-10 14:18:33.2206275Z","ETW","Microsoft-Windows-Kernel-Process",6,"ImageUnload Info "," 6932 bash.exe",5308,,," 6932 bash.exe",,,"C:\Windows\System32\user32.dll",,,,,,,,,,,,,,,,,,,,,,,,,,1762784313220627500,,,,,,,,,,,140737322287104,140737322287104,1767867,1708032,1351922499,,,,,,,,,,,,,,,,,,,,,,,,,,,,,,,,,,,,,,,,,,,,,,,
"2025-11-10 14:18:33.2206368Z","2025-11-10 14:18:33.2206368Z","ETW","Microsoft-Windows-Kernel-Process",6,"ImageUnload Info "," 6932 bash.exe",5308,,," 6932 bash.exe",,,"C:\Windows\System32\ntdll.dll",,,,,,,,,,,,,,,,,,,,,,,,,,1762784313220636800,,,,,,,,,,,140737324318720,140737324318720,2048895,2064384,2127151453,,,,,,,,,,,,,,,,,,,,,,,,,,,,,,,,,,,,,,,,,,,,,,,
"2025-11-10 14:18:33.2206436Z","2025-11-10 14:18:33.2206436Z","ETW","Microsoft-Windows-Kernel-Process",2,"ProcessStop Stop "," 6932 bash.exe",5308,,," 6932 bash.exe",,,"bash.exe",,,,,,,,,,,,,,,,,,,,,,,,,,1762784313220643600,,,,,,,,,,,,,,,,,,,,,,,,134072579130300987,,,,,,,25926,,,,,,,,,,,,,,7675904,7725056,94994566,0,134072579132204112,147,0,3,1,3,0,0,,,,,,
"2025-11-10 14:18:33.2213951Z","2025-11-10 14:18:33.2213951Z","ETW","Microsoft-Windows-Kernel-Audit-API-Calls",5,"PsOpenProcess"," 4532 bash.exe",5496,,," 6768 bash.exe",,,,,,,,,,,,,,,,,,,,,,,,,,,,,1762784313221395100,,,,,,,,,,,,,,,,4096,0,,,,,,,,,,,,,,,,,,,,,,,,,,,,,,,,,,,,,,,,,,,,,
"2025-11-10 14:18:33.2214328Z","2025-11-10 14:18:33.2214328Z","ETW","Microsoft-Windows-Kernel-Audit-API-Calls",5,"PsOpenProcess"," 4532 bash.exe",5496,,,"10364 mintty.exe",,,,,,,,,,,,,,,,,,,,,,,,,,,,,1762784313221432800,,,,,,,,,,,,,,,,4096,0,,,,,,,,,,,,,,,,,,,,,,,,,,,,,,,,,,,,,,,,,,,,,
"2025-11-10 14:18:33.2214589Z","2025-11-10 14:18:33.2214589Z","ETW","Microsoft-Windows-Kernel-Audit-API-Calls",5,"PsOpenProcess"," 4532 bash.exe",5496,,," 2392 bash.exe",,,,,,,,,,,,,,,,,,,,,,,,,,,,,1762784313221458900,,,,,,,,,,,,,,,,4096,0,,,,,,,,,,,,,,,,,,,,,,,,,,,,,,,,,,,,,,,,,,,,,
"2025-11-10 14:18:33.2216246Z","2025-11-10 14:18:33.2216246Z","ETW","Microsoft-Windows-Kernel-Audit-API-Calls",5,"PsOpenProcess"," 4532 bash.exe",5496,,," 6768 bash.exe",,,,,,,,,,,,,,,,,,,,,,,,,,,,,1762784313221624600,,,,,,,,,,,,,,,,4096,0,,,,,,,,,,,,,,,,,,,,,,,,,,,,,,,,,,,,,,,,,,,,,
"2025-11-10 14:18:33.2216541Z","2025-11-10 14:18:33.2216541Z","ETW","Microsoft-Windows-Kernel-Audit-API-Calls",5,"PsOpenProcess"," 4532 bash.exe",5496,,,"10364 mintty.exe",,,,,,,,,,,,,,,,,,,,,,,,,,,,,1762784313221654100,,,,,,,,,,,,,,,,4096,0,,,,,,,,,,,,,,,,,,,,,,,,,,,,,,,,,,,,,,,,,,,,,
"2025-11-10 14:18:33.2216767Z","2025-11-10 14:18:33.2216767Z","ETW","Microsoft-Windows-Kernel-Audit-API-Calls",5,"PsOpenProcess"," 4532 bash.exe",5496,,," 2392 bash.exe",,,,,,,,,,,,,,,,,,,,,,,,,,,,,1762784313221676700,,,,,,,,,,,,,,,,4096,0,,,,,,,,,,,,,,,,,,,,,,,,,,,,,,,,,,,,,,,,,,,,,
"2025-11-10 14:18:33.2224068Z","2025-11-10 14:18:33.2224068Z","ETW","Microsoft-Windows-Kernel-Process",4,"ThreadStop Stop "," 4532 bash.exe",3836,,," 4532 bash.exe",,,,,,,,,,,,,,,,,,,,,,,,,,,,,1762784313222406800,,18446606103145414656,18446606103145385984,8858653840,0,3833856,3836,45875200,45858816,8858653840,,,,,,,,,,,566628,,,,,,,,,,,,,,,,,,,,,,,,,,,,,,,,,,,,,,,,,
"2025-11-10 14:18:33.2224073Z","2025-11-10 14:18:33.2224073Z","ETW","Microsoft-Windows-Kernel-Process",4,"ThreadStop Stop "," 4532 bash.exe",5496,,," 4532 bash.exe",,,,,,,,,,,,,,,,,,,,,,,,,,,,,1762784313222407300,,18446606103145152512,18446606103145123840,4299165696,0,3801088,5496,34359738368,34359672832,4299165696,,,,,,,,,,,49907226,,,,,,,,,,,,,,,,,,,,,,,,,,,,,,,,,,,,,,,,,
"2025-11-10 14:18:33.2225574Z","2025-11-10 14:18:33.2225574Z","ETW","Microsoft-Windows-Kernel-Process",4,"ThreadStop Stop "," 4532 bash.exe",6460,,," 4532 bash.exe",,,,,,,,,,,,,,,,,,,,,,,,,,,,,1762784313222557400,,18446606103145250816,18446606103145222144,8858653840,0,3825664,6460,38338560,38318080,8858653840,,,,,,,,,,,1104095,,,,,,,,,,,,,,,,,,,,,,,,,,,,,,,,,,,,,,,,,
"2025-11-10 14:18:33.2227463Z","2025-11-10 14:18:33.2227463Z","ETW","Microsoft-Windows-Kernel-Process",4,"ThreadStop Stop "," 4532 bash.exe",4976,,," 4532 bash.exe",,,,,,,,,,,,,,,,,,,,,,,,,,,,,1762784313222746300,,18446606103145316352,18446606103145287680,140737324634384,0,3817472,4976,11337728,11333632,140737324634384,,,,,,,,,,,78928,,,,,,,,,,,,,,,,,,,,,,,,,,,,,,,,,,,,,,,,,
"2025-11-10 14:18:33.2227774Z","2025-11-10 14:18:33.2227774Z","ETW","Microsoft-Windows-Kernel-Process",4,"ThreadStop Stop "," 4532 bash.exe",6772,,," 4532 bash.exe",,,,,,,,,,,,,,,,,,,,,,,,,,,,,1762784313222777400,,18446606103145218048,18446606103145189376,140737324634384,0,3809280,6772,9240576,9236480,140737324634384,,,,,,,,,,,1646570,,,,,,,,,,,,,,,,,,,,,,,,,,,,,,,,,,,,,,,,,
"2025-11-10 14:18:33.2229175Z","2025-11-10 14:18:33.2229175Z","ETW","Microsoft-Windows-Kernel-Process",6,"ImageUnload Info "," 4532 bash.exe",6772,,," 4532 bash.exe",,,"C:\Program Files\Git\usr\bin\bash.exe",,,,,,,,,,,,,,,,,,,,,,,,,,1762784313222917500,,,,,,,,,,,4299161600,4299161600,2616686,2617344,1727168884,,,,,,,,,,,,,,,,,,,,,,,,,,,,,,,,,,,,,,,,,,,,,,,
"2025-11-10 14:18:33.2229238Z","2025-11-10 14:18:33.2229238Z","ETW","Microsoft-Windows-Kernel-Process",6,"ImageUnload Info "," 4532 bash.exe",6772,,," 4532 bash.exe",,,"C:\Program Files\Git\usr\bin\msys-2.0.dll",,,,,,,,,,,,,,,,,,,,,,,,,,1762784313222923800,,,,,,,,,,,8858632192,8858632192,3356844,3530752,1752689865,,,,,,,,,,,,,,,,,,,,,,,,,,,,,,,,,,,,,,,,,,,,,,,
"2025-11-10 14:18:33.2229431Z","2025-11-10 14:18:33.2229431Z","ETW","Microsoft-Windows-Kernel-Process",6,"ImageUnload Info "," 4532 bash.exe",6772,,," 4532 bash.exe",,,"C:\Windows\System32\cryptbase.dll",,,,,,,,,,,,,,,,,,,,,,,,,,1762784313222943100,,,,,,,,,,,140737272020992,140737272020992,66383,49152,1678623338,,,,,,,,,,,,,,,,,,,,,,,,,,,,,,,,,,,,,,,,,,,,,,,
"2025-11-10 14:18:33.2229531Z","2025-11-10 14:18:33.2229531Z","ETW","Microsoft-Windows-Kernel-Process",6,"ImageUnload Info "," 4532 bash.exe",6772,,," 4532 bash.exe",,,"C:\Windows\System32\bcrypt.dll",,,,,,,,,,,,,,,,,,,,,,,,,,1762784313222953100,,,,,,,,,,,140737279623168,140737279623168,171668,159744,2220160889,,,,,,,,,,,,,,,,,,,,,,,,,,,,,,,,,,,,,,,,,,,,,,,
"2025-11-10 14:18:33.2229634Z","2025-11-10 14:18:33.2229634Z","ETW","Microsoft-Windows-Kernel-Process",6,"ImageUnload Info "," 4532 bash.exe",6772,,," 4532 bash.exe",,,"C:\Windows\System32\msvcp_win.dll",,,,,,,,,,,,,,,,,,,,,,,,,,1762784313222963400,,,,,,,,,,,140737279819776,140737279819776,659111,643072,958749903,,,,,,,,,,,,,,,,,,,,,,,,,,,,,,,,,,,,,,,,,,,,,,,
"2025-11-10 14:18:33.2229732Z","2025-11-10 14:18:33.2229732Z","ETW","Microsoft-Windows-Kernel-Process",6,"ImageUnload Info "," 4532 bash.exe",6772,,," 4532 bash.exe",,,"C:\Windows\System32\win32u.dll",,,,,,,,,,,,,,,,,,,,,,,,,,1762784313222973200,,,,,,,,,,,140737281196032,140737281196032,183095,139264,3760910660,,,,,,,,,,,,,,,,,,,,,,,,,,,,,,,,,,,,,,,,,,,,,,,
"2025-11-10 14:18:33.2229834Z","2025-11-10 14:18:33.2229834Z","ETW","Microsoft-Windows-Kernel-Process",6,"ImageUnload Info "," 4532 bash.exe",6772,,," 4532 bash.exe",,,"C:\Windows\System32\gdi32full.dll",,,,,,,,,,,,,,,,,,,,,,,,,,1762784313222983400,,,,,,,,,,,140737281392640,140737281392640,1167211,1150976,1288019395,,,,,,,,,,,,,,,,,,,,,,,,,,,,,,,,,,,,,,,,,,,,,,,
"2025-11-10 14:18:33.2229936Z","2025-11-10 14:18:33.2229936Z","ETW","Microsoft-Windows-Kernel-Process",6,"ImageUnload Info "," 4532 bash.exe",6772,,," 4532 bash.exe",,,"C:\Windows\System32\bcryptprimitives.dll",,,,,,,,,,,,,,,,,,,,,,,,,,1762784313222993600,,,,,,,,,,,140737282572288,140737282572288,531569,532480,3309379821,,,,,,,,,,,,,,,,,,,,,,,,,,,,,,,,,,,,,,,,,,,,,,,
"2025-11-10 14:18:33.2230031Z","2025-11-10 14:18:33.2230031Z","ETW","Microsoft-Windows-Kernel-Process",6,"ImageUnload Info "," 4532 bash.exe",6772,,," 4532 bash.exe",,,"C:\Windows\System32\ucrtbase.dll",,,,,,,,,,,,,,,,,,,,,,,,,,1762784313223003100,,,,,,,,,,,140737283162112,140737283162112,1076532,1048576,2177850761,,,,,,,,,,,,,,,,,,,,,,,,,,,,,,,,,,,,,,,,,,,,,,,
"2025-11-10 14:18:33.2230129Z","2025-11-10 14:18:33.2230129Z","ETW","Microsoft-Windows-Kernel-Process",6,"ImageUnload Info "," 4532 bash.exe",6772,,," 4532 bash.exe",,,"C:\Windows\System32\advapi32.dll",,,,,,,,,,,,,,,,,,,,,,,,,,1762784313223012900,,,,,,,,,,,140737306951680,140737306951680,744837,724992,4166620877,,,,,,,,,,,,,,,,,,,,,,,,,,,,,,,,,,,,,,,,,,,,,,,
"2025-11-10 14:18:33.2230226Z","2025-11-10 14:18:33.2230226Z","ETW","Microsoft-Windows-Kernel-Process",6,"ImageUnload Info "," 4532 bash.exe",6772,,," 4532 bash.exe",,,"C:\Windows\System32\sechost.dll",,,,,,,,,,,,,,,,,,,,,,,,,,1762784313223022600,,,,,,,,,,,140737308262400,140737308262400,647124,651264,2117042745,,,,,,,,,,,,,,,,,,,,,,,,,,,,,,,,,,,,,,,,,,,,,,,
"2025-11-10 14:18:33.2230318Z","2025-11-10 14:18:33.2230318Z","ETW","Microsoft-Windows-Kernel-Process",6,"ImageUnload Info "," 4532 bash.exe",6772,,," 4532 bash.exe",,,"C:\Windows\System32\imm32.dll",,,,,,,,,,,,,,,,,,,,,,,,,,1762784313223031800,,,,,,,,,,,140737309310976,140737309310976,238320,192512,770155462,,,,,,,,,,,,,,,,,,,,,,,,,,,,,,,,,,,,,,,,,,,,,,,
"2025-11-10 14:18:33.2230417Z","2025-11-10 14:18:33.2230417Z","ETW","Microsoft-Windows-Kernel-Process",6,"ImageUnload Info "," 4532 bash.exe",6772,,," 4532 bash.exe",,,"C:\Windows\System32\gdi32.dll",,,,,,,,,,,,,,,,,,,,,,,,,,1762784313223041700,,,,,,,,,,,140737309507584,140737309507584,210990,176128,2413768611,,,,,,,,,,,,,,,,,,,,,,,,,,,,,,,,,,,,,,,,,,,,,,,
"2025-11-10 14:18:33.2230509Z","2025-11-10 14:18:33.2230509Z","ETW","Microsoft-Windows-Kernel-Process",6,"ImageUnload Info "," 4532 bash.exe",6772,,," 4532 bash.exe",,,"C:\Windows\System32\msvcrt.dll",,,,,,,,,,,,,,,,,,,,,,,,,,1762784313223050900,,,,,,,,,,,140737314357248,140737314357248,681663,647168,2616593924,,,,,,,,,,,,,,,,,,,,,,,,,,,,,,,,,,,,,,,,,,,,,,,
"2025-11-10 14:18:33.2230602Z","2025-11-10 14:18:33.2230602Z","ETW","Microsoft-Windows-Kernel-Process",6,"ImageUnload Info "," 4532 bash.exe",6772,,," 4532 bash.exe",,,"C:\Windows\System32\rpcrt4.dll",,,,,,,,,,,,,,,,,,,,,,,,,,1762784313223060200,,,,,,,,,,,140737317109760,140737317109760,1217917,1179648,2756017066,,,,,,,,,,,,,,,,,,,,,,,,,,,,,,,,,,,,,,,,,,,,,,,
"2025-11-10 14:18:33.2230700Z","2025-11-10 14:18:33.2230700Z","ETW","Microsoft-Windows-Kernel-Process",6,"ImageUnload Info "," 4532 bash.exe",6772,,," 4532 bash.exe",,,"C:\Windows\System32\KernelBase.dll",,,,,,,,,,,,,,,,,,,,,,,,,,1762784313223070000,,,,,,,,,,,140737318289408,140737318289408,3171178,3104768,1448155220,,,,,,,,,,,,,,,,,,,,,,,,,,,,,,,,,,,,,,,,,,,,,,,
"2025-11-10 14:18:33.2230795Z","2025-11-10 14:18:33.2230795Z","ETW","Microsoft-Windows-Kernel-Process",6,"ImageUnload Info "," 4532 bash.exe",6772,,," 4532 bash.exe",,,"C:\Windows\System32\kernel32.dll",,,,,,,,,,,,,,,,,,,,,,,,,,1762784313223079500,,,,,,,,,,,140737321435136,140737321435136,801304,794624,4007722010,,,,,,,,,,,,,,,,,,,,,,,,,,,,,,,,,,,,,,,,,,,,,,,
"2025-11-10 14:18:33.2230889Z","2025-11-10 14:18:33.2230889Z","ETW","Microsoft-Windows-Kernel-Process",6,"ImageUnload Info "," 4532 bash.exe",6772,,," 4532 bash.exe",,,"C:\Windows\System32\user32.dll",,,,,,,,,,,,,,,,,,,,,,,,,,1762784313223088900,,,,,,,,,,,140737322287104,140737322287104,1767867,1708032,1351922499,,,,,,,,,,,,,,,,,,,,,,,,,,,,,,,,,,,,,,,,,,,,,,,
"2025-11-10 14:18:33.2230982Z","2025-11-10 14:18:33.2230982Z","ETW","Microsoft-Windows-Kernel-Process",6,"ImageUnload Info "," 4532 bash.exe",6772,,," 4532 bash.exe",,,"C:\Windows\System32\ntdll.dll",,,,,,,,,,,,,,,,,,,,,,,,,,1762784313223098200,,,,,,,,,,,140737324318720,140737324318720,2048895,2064384,2127151453,,,,,,,,,,,,,,,,,,,,,,,,,,,,,,,,,,,,,,,,,,,,,,,
"2025-11-10 14:18:33.2231043Z","2025-11-10 14:18:33.2231043Z","ETW","Microsoft-Windows-Kernel-Process",2,"ProcessStop Stop "," 4532 bash.exe",6772,,," 4532 bash.exe",,,"bash.exe",,,,,,,,,,,,,,,,,,,,,,,,,,1762784313223104300,,,,,,,,,,,,,,,,,,,,,,,,134072579129829196,,,,,,,25925,,,,,,,,,,,,,,7675904,7725056,54572955,0,134072579132228897,136,0,7,1,3,6,1,,,,,,
"2025-11-10 14:18:33.2274063Z","2025-11-10 14:18:33.2274063Z","ETW","Microsoft-Windows-Kernel-Process",1,"ProcessStart Start "," 6768 bash.exe",1908,,," 3316 bash.exe",,,"C:\Program Files\Git\usr\bin\bash.exe",,,,,,,,,,,,,,,,,,,,,,,,,,1762784313227406300,,,,,,,,,,,,,2616686,,1727168884,,,,,,,,,134072579132273526,0,"0x","","",6768,25924,25930,3,0,1,,,,,,,,,,,,,,,,,,,,,,,,,,,,
"2025-11-10 14:18:33.2275539Z","2025-11-10 14:18:33.2275539Z","ETW","Microsoft-Windows-Kernel-Audit-API-Calls",6,"PsOpenThread"," 2972 cyserver.exe",7160,,," 6768 bash.exe",1908,,,,,,,,,,,,,,,,,,,,,,,,,,,,1762784313227553900,,,,,,,,,,,,,,,,64,0,,,,,,,,,,,,,,,,,,,,,,,,,,,,,,,,,,,,,,,,,,,,,
"2025-11-10 14:18:33.2275662Z","2025-11-10 14:18:33.2275662Z","ETW","Microsoft-Windows-Kernel-Audit-API-Calls",5,"PsOpenProcess"," 2972 cyserver.exe",7160,,," 6768 bash.exe",,,,,,,,,,,,,,,,,,,,,,,,,,,,,1762784313227566200,,,,,,,,,,,,,,,,1024,0,,,,,,,,,,,,,,,,,,,,,,,,,,,,,,,,,,,,,,,,,,,,,
"2025-11-10 14:18:33.2285969Z","2025-11-10 14:18:33.2285969Z","ETW","Microsoft-Windows-Kernel-Audit-API-Calls",6,"PsOpenThread"," 2972 cyserver.exe",7728,,," 6768 bash.exe",1908,,,,,,,,,,,,,,,,,,,,,,,,,,,,1762784313228596900,,,,,,,,,,,,,,,,64,0,,,,,,,,,,,,,,,,,,,,,,,,,,,,,,,,,,,,,,,,,,,,,
"2025-11-10 14:18:33.2286097Z","2025-11-10 14:18:33.2286097Z","ETW","Microsoft-Windows-Kernel-Audit-API-Calls",5,"PsOpenProcess"," 2972 cyserver.exe",7728,,," 6768 bash.exe",,,,,,,,,,,,,,,,,,,,,,,,,,,,,1762784313228609700,,,,,,,,,,,,,,,,1024,0,,,,,,,,,,,,,,,,,,,,,,,,,,,,,,,,,,,,,,,,,,,,,
"2025-11-10 14:18:33.2318497Z","2025-11-10 14:18:33.2318497Z","ETW","Microsoft-Windows-Kernel-Audit-API-Calls",5,"PsOpenProcess"," 2972 cyserver.exe",7728,,," 3316 bash.exe",,,,,,,,,,,,,,,,,,,,,,,,,,,,,1762784313231849700,,,,,,,,,,,,,,,,2147483648,0,,,,,,,,,,,,,,,,,,,,,,,,,,,,,,,,,,,,,,,,,,,,,
"2025-11-10 14:18:33.2387292Z","2025-11-10 14:18:33.2387292Z","ETW","Microsoft-Windows-Kernel-Process",3,"ThreadStart Start "," 6768 bash.exe",1908,,," 3316 bash.exe",,,,,,,,,,,,,,,,,,,,,,,,,,,,,1762784313238729200,,18446606103145218048,18446606103145189376,4299165696,0,2322432,1916,6291456,6287360,4299165696,,,,,,,,,,,,,,,,,,,,,,,,,,,,,,,,,,,,,,,,,,,,,,,,,,,,
"2025-11-10 14:18:33.2387916Z","2025-11-10 14:18:33.2387916Z","ETW","Microsoft-Windows-Kernel-Audit-API-Calls",6,"PsOpenThread"," 6768 bash.exe",1908,,," 3316 bash.exe",1916,,,,,,,,,,,,,,,,,,,,,,,,,,,,1762784313238791600,,,,,,,,,,,,,,,,64,0,,,,,,,,,,,,,,,,,,,,,,,,,,,,,,,,,,,,,,,,,,,,,
"2025-11-10 14:18:33.2402314Z","2025-11-10 14:18:33.2402314Z","ETW","Microsoft-Windows-Kernel-Audit-API-Calls",5,"PsOpenProcess","  576 csrss.exe",6036,,," 3316 bash.exe",,,,,,,,,,,,,,,,,,,,,,,,,,,,,1762784313240231400,,,,,,,,,,,,,,,,2097151,0,,,,,,,,,,,,,,,,,,,,,,,,,,,,,,,,,,,,,,,,,,,,,
"2025-11-10 14:18:33.2402784Z","2025-11-10 14:18:33.2402784Z","ETW","Microsoft-Windows-Kernel-Audit-API-Calls",6,"PsOpenThread","  576 csrss.exe",6036,,," 3316 bash.exe",1916,,,,,,,,,,,,,,,,,,,,,,,,,,,,1762784313240278400,,,,,,,,,,,,,,,,2097151,0,,,,,,,,,,,,,,,,,,,,,,,,,,,,,,,,,,,,,,,,,,,,,
"2025-11-10 14:18:33.2429958Z","2025-11-10 14:18:33.2429958Z","ETW","Microsoft-Windows-Kernel-Process",5,"ImageLoad Info "," 3316 bash.exe",1916,,," 3316 bash.exe",,,"C:\Program Files\Git\usr\bin\bash.exe",,,,,,,,,,,,,,,,,,,,,,,,,,1762784313242995800,,,,,,,,,,,4299161600,4299161600,2616686,2617344,1727168884,,,,,,,,,,,,,,,,,,,,,,,,,,,,,,,,,,,,,,,,,,,,,,,
"2025-11-10 14:18:33.2431666Z","2025-11-10 14:18:33.2431666Z","ETW","Microsoft-Windows-Kernel-Process",5,"ImageLoad Info "," 3316 bash.exe",1916,,," 3316 bash.exe",,,"C:\Windows\System32\ntdll.dll",,,,,,,,,,,,,,,,,,,,,,,,,,1762784313243166600,,,,,,,,,,,140737324318720,140737324318720,2048895,2064384,2127151453,,,,,,,,,,,,,,,,,,,,,,,,,,,,,,,,,,,,,,,,,,,,,,,
"2025-11-10 14:18:33.2438983Z","2025-11-10 14:18:33.2438983Z","ETW","Microsoft-Windows-Kernel-Process",5,"ImageLoad Info "," 3316 bash.exe",1916,,," 3316 bash.exe",,,"C:\Windows\System32\kernel32.dll",,,,,,,,,,,,,,,,,,,,,,,,,,1762784313243898300,,,,,,,,,,,140737321435136,140737321435136,801304,794624,4007722010,,,,,,,,,,,,,,,,,,,,,,,,,,,,,,,,,,,,,,,,,,,,,,,
"2025-11-10 14:18:33.2441199Z","2025-11-10 14:18:33.2441199Z","ETW","Microsoft-Windows-Kernel-Process",5,"ImageLoad Info "," 3316 bash.exe",1916,,," 3316 bash.exe",,,"C:\Windows\System32\KernelBase.dll",,,,,,,,,,,,,,,,,,,,,,,,,,1762784313244119900,,,,,,,,,,,140737318289408,140737318289408,3171178,3104768,1448155220,,,,,,,,,,,,,,,,,,,,,,,,,,,,,,,,,,,,,,,,,,,,,,,
"2025-11-10 14:18:33.2460075Z","2025-11-10 14:18:33.2460075Z","ETW","Microsoft-Windows-Kernel-Audit-API-Calls",5,"PsOpenProcess"," 3032 conhost.exe",5540,,," 3316 bash.exe",,,,,,,,,,,,,,,,,,,,,,,,,,,,,1762784313246007500,,,,,,,,,,,,,,,,33554432,0,,,,,,,,,,,,,,,,,,,,,,,,,,,,,,,,,,,,,,,,,,,,,
"2025-11-10 14:18:33.2470442Z","2025-11-10 14:18:33.2470442Z","ETW","Microsoft-Windows-Kernel-Process",3,"ThreadStart Start "," 3316 bash.exe",1916,,," 3316 bash.exe",,,,,,,,,,,,,,,,,,,,,,,,,,,,,1762784313247044200,,18446606103145316352,18446606103145287680,140737324634384,0,2330624,7208,10616832,10612736,140737324634384,,,,,,,,,,,,,,,,,,,,,,,,,,,,,,,,,,,,,,,,,,,,,,,,,,,,
"2025-11-10 14:18:33.2470638Z","2025-11-10 14:18:33.2470638Z","ETW","Microsoft-Windows-Kernel-Audit-API-Calls",6,"PsOpenThread"," 3316 bash.exe",1916,,," 3316 bash.exe",7208,,,,,,,,,,,,,,,,,,,,,,,,,,,,1762784313247063800,,,,,,,,,,,,,,,,64,0,,,,,,,,,,,,,,,,,,,,,,,,,,,,,,,,,,,,,,,,,,,,,
"2025-11-10 14:18:33.2471354Z","2025-11-10 14:18:33.2471354Z","ETW","Microsoft-Windows-Kernel-Process",5,"ImageLoad Info "," 3316 bash.exe",1916,,," 3316 bash.exe",,,"C:\Windows\System32\user32.dll",,,,,,,,,,,,,,,,,,,,,,,,,,1762784313247135400,,,,,,,,,,,140737322287104,140737322287104,1767867,1708032,1351922499,,,,,,,,,,,,,,,,,,,,,,,,,,,,,,,,,,,,,,,,,,,,,,,
"2025-11-10 14:18:33.2473610Z","2025-11-10 14:18:33.2473610Z","ETW","Microsoft-Windows-Kernel-Process",5,"ImageLoad Info "," 3316 bash.exe",1916,,," 3316 bash.exe",,,"C:\Windows\System32\win32u.dll",,,,,,,,,,,,,,,,,,,,,,,,,,1762784313247361000,,,,,,,,,,,140737281196032,140737281196032,183095,139264,3760910660,,,,,,,,,,,,,,,,,,,,,,,,,,,,,,,,,,,,,,,,,,,,,,,
"2025-11-10 14:18:33.2475359Z","2025-11-10 14:18:33.2475359Z","ETW","Microsoft-Windows-Kernel-Process",5,"ImageLoad Info "," 3316 bash.exe",1916,,," 3316 bash.exe",,,"C:\Windows\System32\gdi32.dll",,,,,,,,,,,,,,,,,,,,,,,,,,1762784313247535900,,,,,,,,,,,140737309507584,140737309507584,210990,176128,2413768611,,,,,,,,,,,,,,,,,,,,,,,,,,,,,,,,,,,,,,,,,,,,,,,
"2025-11-10 14:18:33.2477127Z","2025-11-10 14:18:33.2477127Z","ETW","Microsoft-Windows-Kernel-Process",5,"ImageLoad Info "," 3316 bash.exe",1916,,," 3316 bash.exe",,,"C:\Windows\System32\gdi32full.dll",,,,,,,,,,,,,,,,,,,,,,,,,,1762784313247712700,,,,,,,,,,,140737281392640,140737281392640,1167211,1150976,1288019395,,,,,,,,,,,,,,,,,,,,,,,,,,,,,,,,,,,,,,,,,,,,,,,
"2025-11-10 14:18:33.2478898Z","2025-11-10 14:18:33.2478898Z","ETW","Microsoft-Windows-Kernel-Process",5,"ImageLoad Info "," 3316 bash.exe",1916,,," 3316 bash.exe",,,"C:\Windows\System32\msvcp_win.dll",,,,,,,,,,,,,,,,,,,,,,,,,,1762784313247889800,,,,,,,,,,,140737279819776,140737279819776,659111,643072,958749903,,,,,,,,,,,,,,,,,,,,,,,,,,,,,,,,,,,,,,,,,,,,,,,
"2025-11-10 14:18:33.2480624Z","2025-11-10 14:18:33.2480624Z","ETW","Microsoft-Windows-Kernel-Process",5,"ImageLoad Info "," 3316 bash.exe",1916,,," 3316 bash.exe",,,"C:\Windows\System32\ucrtbase.dll",,,,,,,,,,,,,,,,,,,,,,,,,,1762784313248062400,,,,,,,,,,,140737283162112,140737283162112,1076532,1048576,2177850761,,,,,,,,,,,,,,,,,,,,,,,,,,,,,,,,,,,,,,,,,,,,,,,
"2025-11-10 14:18:33.2485741Z","2025-11-10 14:18:33.2485741Z","ETW","Microsoft-Windows-Kernel-Process",5,"ImageLoad Info "," 3316 bash.exe",1916,,," 3316 bash.exe",,,"C:\Program Files\Git\usr\bin\msys-2.0.dll",,,,,,,,,,,,,,,,,,,,,,,,,,1762784313248574100,,,,,,,,,,,8858632192,8858632192,3356844,3530752,1752689865,,,,,,,,,,,,,,,,,,,,,,,,,,,,,,,,,,,,,,,,,,,,,,,
"2025-11-10 14:18:33.2486380Z","2025-11-10 14:18:33.2486380Z","ETW","Microsoft-Windows-Kernel-Audit-API-Calls",6,"PsOpenThread"," 2972 cyserver.exe",7532,,," 3316 bash.exe",1916,,,,,,,,,,,,,,,,,,,,,,,,,,,,1762784313248638000,,,,,,,,,,,,,,,,64,0,,,,,,,,,,,,,,,,,,,,,,,,,,,,,,,,,,,,,,,,,,,,,
"2025-11-10 14:18:33.2486486Z","2025-11-10 14:18:33.2486486Z","ETW","Microsoft-Windows-Kernel-Audit-API-Calls",5,"PsOpenProcess"," 2972 cyserver.exe",7532,,," 3316 bash.exe",,,,,,,,,,,,,,,,,,,,,,,,,,,,,1762784313248648600,,,,,,,,,,,,,,,,1024,0,,,,,,,,,,,,,,,,,,,,,,,,,,,,,,,,,,,,,,,,,,,,,
"2025-11-10 14:18:33.2521677Z","2025-11-10 14:18:33.2521677Z","ETW","Microsoft-Windows-Kernel-Process",3,"ThreadStart Start "," 3316 bash.exe",7208,,," 3316 bash.exe",,,,,,,,,,,,,,,,,,,,,,,,,,,,,1762784313252167700,,18446606103145381888,18446606103145353216,140737324634384,0,2338816,6900,12713984,12709888,140737324634384,,,,,,,,,,,,,,,,,,,,,,,,,,,,,,,,,,,,,,,,,,,,,,,,,,,,
"2025-11-10 14:18:33.2521906Z","2025-11-10 14:18:33.2521906Z","ETW","Microsoft-Windows-Kernel-Audit-API-Calls",6,"PsOpenThread"," 3316 bash.exe",7208,,," 3316 bash.exe",6900,,,,,,,,,,,,,,,,,,,,,,,,,,,,1762784313252190600,,,,,,,,,,,,,,,,64,0,,,,,,,,,,,,,,,,,,,,,,,,,,,,,,,,,,,,,,,,,,,,,
"2025-11-10 14:18:33.2568802Z","2025-11-10 14:18:33.2568802Z","ETW","Microsoft-Windows-Kernel-Process",5,"ImageLoad Info "," 3316 bash.exe",1916,,," 3316 bash.exe",,,"C:\Windows\System32\advapi32.dll",,,,,,,,,,,,,,,,,,,,,,,,,,1762784313256880200,,,,,,,,,,,140737306951680,140737306951680,744837,724992,4166620877,,,,,,,,,,,,,,,,,,,,,,,,,,,,,,,,,,,,,,,,,,,,,,,
"2025-11-10 14:18:33.2571055Z","2025-11-10 14:18:33.2571055Z","ETW","Microsoft-Windows-Kernel-Process",5,"ImageLoad Info "," 3316 bash.exe",1916,,," 3316 bash.exe",,,"C:\Windows\System32\msvcrt.dll",,,,,,,,,,,,,,,,,,,,,,,,,,1762784313257105500,,,,,,,,,,,140737314357248,140737314357248,681663,647168,2616593924,,,,,,,,,,,,,,,,,,,,,,,,,,,,,,,,,,,,,,,,,,,,,,,
"2025-11-10 14:18:33.2572932Z","2025-11-10 14:18:33.2572932Z","ETW","Microsoft-Windows-Kernel-Process",5,"ImageLoad Info "," 3316 bash.exe",1916,,," 3316 bash.exe",,,"C:\Windows\System32\sechost.dll",,,,,,,,,,,,,,,,,,,,,,,,,,1762784313257293200,,,,,,,,,,,140737308262400,140737308262400,647124,651264,2117042745,,,,,,,,,,,,,,,,,,,,,,,,,,,,,,,,,,,,,,,,,,,,,,,
"2025-11-10 14:18:33.2574694Z","2025-11-10 14:18:33.2574694Z","ETW","Microsoft-Windows-Kernel-Process",5,"ImageLoad Info "," 3316 bash.exe",1916,,," 3316 bash.exe",,,"C:\Windows\System32\rpcrt4.dll",,,,,,,,,,,,,,,,,,,,,,,,,,1762784313257469400,,,,,,,,,,,140737317109760,140737317109760,1217917,1179648,2756017066,,,,,,,,,,,,,,,,,,,,,,,,,,,,,,,,,,,,,,,,,,,,,,,
"2025-11-10 14:18:33.2576626Z","2025-11-10 14:18:33.2576626Z","ETW","Microsoft-Windows-Kernel-Process",5,"ImageLoad Info "," 3316 bash.exe",1916,,," 3316 bash.exe",,,"C:\Windows\System32\bcrypt.dll",,,,,,,,,,,,,,,,,,,,,,,,,,1762784313257662600,,,,,,,,,,,140737279623168,140737279623168,171668,159744,2220160889,,,,,,,,,,,,,,,,,,,,,,,,,,,,,,,,,,,,,,,,,,,,,,,
"2025-11-10 14:18:33.2590237Z","2025-11-10 14:18:33.2590237Z","ETW","Microsoft-Windows-Kernel-Process",5,"ImageLoad Info "," 3316 bash.exe",1916,,," 3316 bash.exe",,,"C:\Windows\System32\cryptbase.dll",,,,,,,,,,,,,,,,,,,,,,,,,,1762784313259023700,,,,,,,,,,,140737272020992,140737272020992,66383,49152,1678623338,,,,,,,,,,,,,,,,,,,,,,,,,,,,,,,,,,,,,,,,,,,,,,,
"2025-11-10 14:18:33.2593206Z","2025-11-10 14:18:33.2593206Z","ETW","Microsoft-Windows-Kernel-Process",5,"ImageLoad Info "," 3316 bash.exe",1916,,," 3316 bash.exe",,,"C:\Windows\System32\bcryptprimitives.dll",,,,,,,,,,,,,,,,,,,,,,,,,,1762784313259320600,,,,,,,,,,,140737282572288,140737282572288,531569,532480,3309379821,,,,,,,,,,,,,,,,,,,,,,,,,,,,,,,,,,,,,,,,,,,,,,,
"2025-11-10 14:18:33.2602507Z","2025-11-10 14:18:33.2602507Z","ETW","Microsoft-Windows-Kernel-Audit-API-Calls",3,"NtCreateSymbolicLinkObject"," 3316 bash.exe",1916,,,,,,,,,,,,,,,,,,,,,,,,,,,,,,,,1762784313260250700,,,,,,,,,,,,,,,,983041,0,,,,,,,,,,,,,,,,,,"winpid.3316","1095",,,,,,,,,,,,,,,,,,,,,,,,,,
"2025-11-10 14:18:33.2615024Z","2025-11-10 14:18:33.2615024Z","ETW-TI","Microsoft-Windows-Threat-Intelligence",7,"KERNEL_THREATINT_TASK_PROTECTVM "," 3316 bash.exe",1916,,," 3316 bash.exe",,,,,,,,,,,,,,4301500416,134072579132273526,3316,0,0,0,5066549580817738,134072579132273549,1916,"RWX",134072579132273526,0,0,0,5066549580817738,1762784313261502400,,,,,,,,,,,,,,,,,,,,,,,,,,,,,,,,,,,,,"R--",134072579132273526,3316,0,0,0,5066549580817738,110592,,,,,,,,,,,,,,,,,,
"2025-11-10 14:18:33.2615157Z","2025-11-10 14:18:33.2615157Z","ETW-TI","Microsoft-Windows-Threat-Intelligence",7,"KERNEL_THREATINT_TASK_PROTECTVM "," 3316 bash.exe",1916,,," 3316 bash.exe",,,,,,,,,,,,,,4301500416,134072579132273526,3316,0,0,0,5066549580817738,134072579132273549,1916,"R--",134072579132273526,0,0,0,5066549580817738,1762784313261515700,,,,,,,,,,,,,,,,,,,,,,,,,,,,,,,,,,,,,"RWX",134072579132273526,3316,0,0,0,5066549580817738,110592,,,,,,,,,,,,,,,,,,
"2025-11-10 14:18:33.2626018Z","2025-11-10 14:18:33.2626018Z","ETW","Microsoft-Windows-Kernel-Process",5,"ImageLoad Info "," 3316 bash.exe",1916,,," 3316 bash.exe",,,"C:\Windows\System32\imm32.dll",,,,,,,,,,,,,,,,,,,,,,,,,,1762784313262601800,,,,,,,,,,,140737309310976,140737309310976,238320,192512,770155462,,,,,,,,,,,,,,,,,,,,,,,,,,,,,,,,,,,,,,,,,,,,,,,
"2025-11-10 14:18:33.2636615Z","2025-11-10 14:18:33.2636615Z","ETW","Microsoft-Windows-Kernel-Audit-API-Calls",6,"PsOpenThread"," 4936 AggregatorHost.exe",7940,,," 2956 svchost.exe",10880,,,,,,,,,,,,,,,,,,,,,,,,,,,,1762784313263661500,,,,,,,,,,,,,,,,2048,0,,,,,,,,,,,,,,,,,,,,,,,,,,,,,,,,,,,,,,,,,,,,,
"2025-11-10 14:18:33.2637862Z","2025-11-10 14:18:33.2637862Z","ETW","Microsoft-Windows-Kernel-Process",3,"ThreadStart Start "," 3316 bash.exe",1916,,," 3316 bash.exe",,,,,,,,,,,,,,,,,,,,,,,,,,,,,1762784313263786200,,18446606103145250816,18446606103145222144,8858653840,0,2347008,7936,41091072,41086976,8858653840,,,,,,,,,,,,,,,,,,,,,,,,,,,,,,,,,,,,,,,,,,,,,,,,,,,,
"2025-11-10 14:18:33.2638050Z","2025-11-10 14:18:33.2638050Z","ETW","Microsoft-Windows-Kernel-Audit-API-Calls",6,"PsOpenThread"," 3316 bash.exe",1916,,," 3316 bash.exe",7936,,,,,,,,,,,,,,,,,,,,,,,,,,,,1762784313263805000,,,,,,,,,,,,,,,,64,0,,,,,,,,,,,,,,,,,,,,,,,,,,,,,,,,,,,,,,,,,,,,,
"2025-11-10 14:18:33.2641522Z","2025-11-10 14:18:33.2641522Z","ETW","Microsoft-Windows-Kernel-Process",3,"ThreadStart Start "," 4936 AggregatorHost.exe",11096,,," 4936 AggregatorHost.exe",,,,,,,,,,,,,,,,,,,,,,,,,,,,,1762784313264152200,,18446606103145152512,18446606103145123840,140737324634384,0,1077938057216,5536,1077939273728,1077939265536,140737324634384,,,,,,,,,,,,,,,,,,,,,,,,,,,,,,,,,,,,,,,,,,,,,,,,,,,,
"2025-11-10 14:18:33.2641796Z","2025-11-10 14:18:33.2641796Z","ETW","Microsoft-Windows-Kernel-Audit-API-Calls",6,"PsOpenThread"," 4936 AggregatorHost.exe",11096,,," 4936 AggregatorHost.exe",5536,,,,,,,,,,,,,,,,,,,,,,,,,,,,1762784313264179600,,,,,,,,,,,,,,,,64,0,,,,,,,,,,,,,,,,,,,,,,,,,,,,,,,,,,,,,,,,,,,,,
"2025-11-10 14:18:33.2642209Z","2025-11-10 14:18:33.2642209Z","ETW","Microsoft-Windows-Kernel-Audit-API-Calls",6,"PsOpenThread"," 4936 AggregatorHost.exe",11096,,," 2956 svchost.exe",10880,,,,,,,,,,,,,,,,,,,,,,,,,,,,1762784313264220900,,,,,,,,,,,,,,,,2048,0,,,,,,,,,,,,,,,,,,,,,,,,,,,,,,,,,,,,,,,,,,,,,
"2025-11-10 14:18:33.2643587Z","2025-11-10 14:18:33.2643587Z","ETW","Microsoft-Windows-Kernel-Audit-API-Calls",6,"PsOpenThread"," 6768 bash.exe",8284,,," 6768 bash.exe",8284,,,,,,,,,,,,,,,,,,,,,,,,,,,,1762784313264358700,,,,,,,,,,,,,,,,1024,0,,,,,,,,,,,,,,,,,,,,,,,,,,,,,,,,,,,,,,,,,,,,,
"2025-11-10 14:18:33.2645541Z","2025-11-10 14:18:33.2645541Z","ETW","Microsoft-Windows-Kernel-Audit-API-Calls",6,"PsOpenThread"," 4936 AggregatorHost.exe",11096,,," 2956 svchost.exe",10880,,,,,,,,,,,,,,,,,,,,,,,,,,,,1762784313264554100,,,,,,,,,,,,,,,,2048,0,,,,,,,,,,,,,,,,,,,,,,,,,,,,,,,,,,,,,,,,,,,,,
"2025-11-10 14:18:33.2654180Z","2025-11-10 14:18:33.2654180Z","ETW","Microsoft-Windows-Kernel-Audit-API-Calls",6,"PsOpenThread"," 3316 bash.exe",7936,,," 3316 bash.exe",7936,,,,,,,,,,,,,,,,,,,,,,,,,,,,1762784313265418000,,,,,,,,,,,,,,,,1024,0,,,,,,,,,,,,,,,,,,,,,,,,,,,,,,,,,,,,,,,,,,,,,
"2025-11-10 14:18:33.2654255Z","2025-11-10 14:18:33.2654255Z","ETW","Microsoft-Windows-Kernel-Audit-API-Calls",6,"PsOpenThread"," 4936 AggregatorHost.exe",11096,,," 2956 svchost.exe",10880,,,,,,,,,,,,,,,,,,,,,,,,,,,,1762784313265425500,,,,,,,,,,,,,,,,2048,0,,,,,,,,,,,,,,,,,,,,,,,,,,,,,,,,,,,,,,,,,,,,,
"2025-11-10 14:18:33.2655421Z","2025-11-10 14:18:33.2655421Z","ETW","Microsoft-Windows-Kernel-Audit-API-Calls",6,"PsOpenThread"," 4936 AggregatorHost.exe",11096,,," 2956 svchost.exe",10880,,,,,,,,,,,,,,,,,,,,,,,,,,,,1762784313265542100,,,,,,,,,,,,,,,,2048,0,,,,,,,,,,,,,,,,,,,,,,,,,,,,,,,,,,,,,,,,,,,,,
"2025-11-10 14:18:33.2656460Z","2025-11-10 14:18:33.2656460Z","ETW","Microsoft-Windows-Kernel-Audit-API-Calls",6,"PsOpenThread"," 4936 AggregatorHost.exe",11096,,," 2956 svchost.exe",10880,,,,,,,,,,,,,,,,,,,,,,,,,,,,1762784313265646000,,,,,,,,,,,,,,,,2048,0,,,,,,,,,,,,,,,,,,,,,,,,,,,,,,,,,,,,,,,,,,,,,
"2025-11-10 14:18:33.2657140Z","2025-11-10 14:18:33.2657140Z","ETW","Microsoft-Windows-Kernel-Audit-API-Calls",6,"PsOpenThread"," 4936 AggregatorHost.exe",11096,,," 2956 svchost.exe",10880,,,,,,,,,,,,,,,,,,,,,,,,,,,,1762784313265714000,,,,,,,,,,,,,,,,2048,0,,,,,,,,,,,,,,,,,,,,,,,,,,,,,,,,,,,,,,,,,,,,,
"2025-11-10 14:18:33.2657688Z","2025-11-10 14:18:33.2657688Z","ETW","Microsoft-Windows-Kernel-Audit-API-Calls",6,"PsOpenThread"," 4936 AggregatorHost.exe",11096,,," 2956 svchost.exe",10880,,,,,,,,,,,,,,,,,,,,,,,,,,,,1762784313265768800,,,,,,,,,,,,,,,,2048,0,,,,,,,,,,,,,,,,,,,,,,,,,,,,,,,,,,,,,,,,,,,,,
"2025-11-10 14:18:33.2658524Z","2025-11-10 14:18:33.2658524Z","ETW","Microsoft-Windows-Kernel-Audit-API-Calls",6,"PsOpenThread"," 4936 AggregatorHost.exe",11096,,," 2956 svchost.exe",10880,,,,,,,,,,,,,,,,,,,,,,,,,,,,1762784313265852400,,,,,,,,,,,,,,,,2048,0,,,,,,,,,,,,,,,,,,,,,,,,,,,,,,,,,,,,,,,,,,,,,
"2025-11-10 14:18:33.2659382Z","2025-11-10 14:18:33.2659382Z","ETW","Microsoft-Windows-Kernel-Audit-API-Calls",6,"PsOpenThread"," 4936 AggregatorHost.exe",11096,,," 2956 svchost.exe",10880,,,,,,,,,,,,,,,,,,,,,,,,,,,,1762784313265938200,,,,,,,,,,,,,,,,2048,0,,,,,,,,,,,,,,,,,,,,,,,,,,,,,,,,,,,,,,,,,,,,,
"2025-11-10 14:18:33.2729507Z","2025-11-10 14:18:33.2729507Z","ETW","Microsoft-Windows-Kernel-Process",1,"ProcessStart Start "," 3316 bash.exe",1916,,," 9324 conhost.exe",,,"C:\Windows\System32\conhost.exe",,,,,,,,,,,,,,,,,,,,,,,,,,1762784313272950700,,,,,,,,,,,,,907531,,2536827738,,,,,,,,,134072579132728878,0,"0x","","",3316,25930,25931,3,0,1,,,,,,,,,,,,,,,,,,,,,,,,,,,,
"2025-11-10 14:18:33.2732064Z","2025-11-10 14:18:33.2732064Z","ETW","Microsoft-Windows-Kernel-Audit-API-Calls",6,"PsOpenThread"," 2972 cyserver.exe",10288,,," 3316 bash.exe",1916,,,,,,,,,,,,,,,,,,,,,,,,,,,,1762784313273206400,,,,,,,,,,,,,,,,64,0,,,,,,,,,,,,,,,,,,,,,,,,,,,,,,,,,,,,,,,,,,,,,
"2025-11-10 14:18:33.2732179Z","2025-11-10 14:18:33.2732179Z","ETW","Microsoft-Windows-Kernel-Audit-API-Calls",5,"PsOpenProcess"," 2972 cyserver.exe",10288,,," 3316 bash.exe",,,,,,,,,,,,,,,,,,,,,,,,,,,,,1762784313273217900,,,,,,,,,,,,,,,,1024,0,,,,,,,,,,,,,,,,,,,,,,,,,,,,,,,,,,,,,,,,,,,,,
"2025-11-10 14:18:33.2740870Z","2025-11-10 14:18:33.2740870Z","ETW","Microsoft-Windows-Kernel-Audit-API-Calls",6,"PsOpenThread"," 2972 cyserver.exe",7160,,," 3316 bash.exe",1916,,,,,,,,,,,,,,,,,,,,,,,,,,,,1762784313274087000,,,,,,,,,,,,,,,,64,0,,,,,,,,,,,,,,,,,,,,,,,,,,,,,,,,,,,,,,,,,,,,,
"2025-11-10 14:18:33.2741000Z","2025-11-10 14:18:33.2741000Z","ETW","Microsoft-Windows-Kernel-Audit-API-Calls",5,"PsOpenProcess"," 2972 cyserver.exe",7160,,," 3316 bash.exe",,,,,,,,,,,,,,,,,,,,,,,,,,,,,1762784313274100000,,,,,,,,,,,,,,,,1024,0,,,,,,,,,,,,,,,,,,,,,,,,,,,,,,,,,,,,,,,,,,,,,
"2025-11-10 14:18:33.2771459Z","2025-11-10 14:18:33.2771459Z","ETW","Microsoft-Windows-Kernel-Audit-API-Calls",5,"PsOpenProcess"," 2972 cyserver.exe",7160,,," 9324 conhost.exe",,,,,,,,,,,,,,,,,,,,,,,,,,,,,1762784313277145900,,,,,,,,,,,,,,,,2147483648,0,,,,,,,,,,,,,,,,,,,,,,,,,,,,,,,,,,,,,,,,,,,,,
"2025-11-10 14:18:33.2858929Z","2025-11-10 14:18:33.2858929Z","ETW","Microsoft-Windows-Kernel-Process",3,"ThreadStart Start "," 3316 bash.exe",1916,,," 9324 conhost.exe",,,,,,,,,,,,,,,,,,,,,,,,,,,,,1762784313285892900,,18446606103145414656,18446606103145385984,140700242212704,0,216487788544,7276,216489525248,216489517056,140700242212704,,,,,,,,,,,,,,,,,,,,,,,,,,,,,,,,,,,,,,,,,,,,,,,,,,,,
"2025-11-10 14:18:33.2859127Z","2025-11-10 14:18:33.2859127Z","ETW","Microsoft-Windows-Kernel-Audit-API-Calls",6,"PsOpenThread"," 3316 bash.exe",1916,,," 9324 conhost.exe",7276,,,,,,,,,,,,,,,,,,,,,,,,,,,,1762784313285912700,,,,,,,,,,,,,,,,64,0,,,,,,,,,,,,,,,,,,,,,,,,,,,,,,,,,,,,,,,,,,,,,
"2025-11-10 14:18:33.2870123Z","2025-11-10 14:18:33.2870123Z","ETW","Microsoft-Windows-Kernel-Audit-API-Calls",5,"PsOpenProcess","  576 csrss.exe",3336,,," 9324 conhost.exe",,,,,,,,,,,,,,,,,,,,,,,,,,,,,1762784313287012300,,,,,,,,,,,,,,,,2097151,0,,,,,,,,,,,,,,,,,,,,,,,,,,,,,,,,,,,,,,,,,,,,,
"2025-11-10 14:18:33.2870246Z","2025-11-10 14:18:33.2870246Z","ETW","Microsoft-Windows-Kernel-Audit-API-Calls",6,"PsOpenThread","  576 csrss.exe",3336,,," 9324 conhost.exe",7276,,,,,,,,,,,,,,,,,,,,,,,,,,,,1762784313287024600,,,,,,,,,,,,,,,,2097151,0,,,,,,,,,,,,,,,,,,,,,,,,,,,,,,,,,,,,,,,,,,,,,
"2025-11-10 14:18:33.2884704Z","2025-11-10 14:18:33.2884704Z","ETW","Microsoft-Windows-Kernel-Process",1,"ProcessStart Start "," 3316 bash.exe",1916,,,"12096 cygwin-console-helper.exe",,,"C:\Program Files\Git\usr\bin\cygwin-console-helper.exe",,,,,,,,,,,,,,,,,,,,,,,,,,1762784313288470400,,,,,,,,,,,,,49333,,1752689865,,,,,,,,,134072579132884217,0,"0x","","",3316,25930,25932,3,0,1,,,,,,,,,,,,,,,,,,,,,,,,,,,,
"2025-11-10 14:18:33.2927968Z","2025-11-10 14:18:33.2927968Z","ETW","Microsoft-Windows-Kernel-Audit-API-Calls",6,"PsOpenThread"," 2972 cyserver.exe",7728,,," 3316 bash.exe",1916,,,,,,,,,,,,,,,,,,,,,,,,,,,,1762784313292796800,,,,,,,,,,,,,,,,64,0,,,,,,,,,,,,,,,,,,,,,,,,,,,,,,,,,,,,,,,,,,,,,
"2025-11-10 14:18:33.2928113Z","2025-11-10 14:18:33.2928113Z","ETW","Microsoft-Windows-Kernel-Audit-API-Calls",5,"PsOpenProcess"," 2972 cyserver.exe",7728,,," 3316 bash.exe",,,,,,,,,,,,,,,,,,,,,,,,,,,,,1762784313292811300,,,,,,,,,,,,,,,,1024,0,,,,,,,,,,,,,,,,,,,,,,,,,,,,,,,,,,,,,,,,,,,,,
"2025-11-10 14:18:33.2939763Z","2025-11-10 14:18:33.2939763Z","ETW","Microsoft-Windows-Kernel-Audit-API-Calls",6,"PsOpenThread"," 2972 cyserver.exe",7532,,," 3316 bash.exe",1916,,,,,,,,,,,,,,,,,,,,,,,,,,,,1762784313293976300,,,,,,,,,,,,,,,,64,0,,,,,,,,,,,,,,,,,,,,,,,,,,,,,,,,,,,,,,,,,,,,,
"2025-11-10 14:18:33.2939884Z","2025-11-10 14:18:33.2939884Z","ETW","Microsoft-Windows-Kernel-Audit-API-Calls",5,"PsOpenProcess"," 2972 cyserver.exe",7532,,," 3316 bash.exe",,,,,,,,,,,,,,,,,,,,,,,,,,,,,1762784313293988400,,,,,,,,,,,,,,,,1024,0,,,,,,,,,,,,,,,,,,,,,,,,,,,,,,,,,,,,,,,,,,,,,
"2025-11-10 14:18:33.2969437Z","2025-11-10 14:18:33.2969437Z","ETW","Microsoft-Windows-Kernel-Audit-API-Calls",5,"PsOpenProcess"," 2972 cyserver.exe",7532,,,"12096 cygwin-console-helper.exe",,,,,,,,,,,,,,,,,,,,,,,,,,,,,1762784313296943700,,,,,,,,,,,,,,,,2147483648,0,,,,,,,,,,,,,,,,,,,,,,,,,,,,,,,,,,,,,,,,,,,,,
"2025-11-10 14:18:33.2990234Z","2025-11-10 14:18:33.2990234Z","ETW","Microsoft-Windows-Kernel-Process",5,"ImageLoad Info "," 9324 conhost.exe",7276,,," 9324 conhost.exe",,,"C:\Windows\System32\conhost.exe",,,,,,,,,,,,,,,,,,,,,,,,,,1762784313299023400,,,,,,,,,,,140700242083840,140700242083840,907531,897024,2536827738,,,,,,,,,,,,,,,,,,,,,,,,,,,,,,,,,,,,,,,,,,,,,,,
"2025-11-10 14:18:33.2992495Z","2025-11-10 14:18:33.2992495Z","ETW","Microsoft-Windows-Kernel-Process",5,"ImageLoad Info "," 9324 conhost.exe",7276,,," 9324 conhost.exe",,,"C:\Windows\System32\ntdll.dll",,,,,,,,,,,,,,,,,,,,,,,,,,1762784313299249500,,,,,,,,,,,140737324318720,140737324318720,2048895,2064384,2127151453,,,,,,,,,,,,,,,,,,,,,,,,,,,,,,,,,,,,,,,,,,,,,,,
"2025-11-10 14:18:33.3013725Z","2025-11-10 14:18:33.3013725Z","ETW","Microsoft-Windows-Kernel-Process",5,"ImageLoad Info "," 9324 conhost.exe",7276,,," 9324 conhost.exe",,,"C:\Windows\System32\kernel32.dll",,,,,,,,,,,,,,,,,,,,,,,,,,1762784313301372500,,,,,,,,,,,140737321435136,140737321435136,801304,794624,4007722010,,,,,,,,,,,,,,,,,,,,,,,,,,,,,,,,,,,,,,,,,,,,,,,
"2025-11-10 14:18:33.3016672Z","2025-11-10 14:18:33.3016672Z","ETW","Microsoft-Windows-Kernel-Process",5,"ImageLoad Info "," 9324 conhost.exe",7276,,," 9324 conhost.exe",,,"C:\Windows\System32\KernelBase.dll",,,,,,,,,,,,,,,,,,,,,,,,,,1762784313301667200,,,,,,,,,,,140737318289408,140737318289408,3171178,3104768,1448155220,,,,,,,,,,,,,,,,,,,,,,,,,,,,,,,,,,,,,,,,,,,,,,,
"2025-11-10 14:18:33.3038843Z","2025-11-10 14:18:33.3038843Z","ETW","Microsoft-Windows-Kernel-Process",5,"ImageLoad Info "," 9324 conhost.exe",7276,,," 9324 conhost.exe",,,"C:\Windows\System32\msvcp_win.dll",,,,,,,,,,,,,,,,,,,,,,,,,,1762784313303884300,,,,,,,,,,,140737279819776,140737279819776,659111,643072,958749903,,,,,,,,,,,,,,,,,,,,,,,,,,,,,,,,,,,,,,,,,,,,,,,
"2025-11-10 14:18:33.3041433Z","2025-11-10 14:18:33.3041433Z","ETW","Microsoft-Windows-Kernel-Process",5,"ImageLoad Info "," 9324 conhost.exe",7276,,," 9324 conhost.exe",,,"C:\Windows\System32\ucrtbase.dll",,,,,,,,,,,,,,,,,,,,,,,,,,1762784313304143300,,,,,,,,,,,140737283162112,140737283162112,1076532,1048576,2177850761,,,,,,,,,,,,,,,,,,,,,,,,,,,,,,,,,,,,,,,,,,,,,,,
"2025-11-10 14:18:33.3043849Z","2025-11-10 14:18:33.3043849Z","ETW","Microsoft-Windows-Kernel-Process",3,"ThreadStart Start "," 9324 conhost.exe",7276,,," 9324 conhost.exe",,,,,,,,,,,,,,,,,,,,,,,,,,,,,1762784313304384900,,18446606103121494016,18446606103121465344,140737324634384,0,216487796736,9048,216490049536,216490041344,140737324634384,,,,,,,,,,,,,,,,,,,,,,,,,,,,,,,,,,,,,,,,,,,,,,,,,,,,
"2025-11-10 14:18:33.3044061Z","2025-11-10 14:18:33.3044061Z","ETW","Microsoft-Windows-Kernel-Audit-API-Calls",6,"PsOpenThread"," 9324 conhost.exe",7276,,," 9324 conhost.exe",9048,,,,,,,,,,,,,,,,,,,,,,,,,,,,1762784313304406100,,,,,,,,,,,,,,,,64,0,,,,,,,,,,,,,,,,,,,,,,,,,,,,,,,,,,,,,,,,,,,,,
"2025-11-10 14:18:33.3045007Z","2025-11-10 14:18:33.3045007Z","ETW","Microsoft-Windows-Kernel-Process",5,"ImageLoad Info "," 9324 conhost.exe",7276,,," 9324 conhost.exe",,,"C:\Windows\System32\SHCore.dll",,,,,,,,,,,,,,,,,,,,,,,,,,1762784313304500700,,,,,,,,,,,140737304985600,140737304985600,705789,708608,3896055862,,,,,,,,,,,,,,,,,,,,,,,,,,,,,,,,,,,,,,,,,,,,,,,
"2025-11-10 14:18:33.3047261Z","2025-11-10 14:18:33.3047261Z","ETW","Microsoft-Windows-Kernel-Process",5,"ImageLoad Info "," 9324 conhost.exe",7276,,," 9324 conhost.exe",,,"C:\Windows\System32\msvcrt.dll",,,,,,,,,,,,,,,,,,,,,,,,,,1762784313304726100,,,,,,,,,,,140737314357248,140737314357248,681663,647168,2616593924,,,,,,,,,,,,,,,,,,,,,,,,,,,,,,,,,,,,,,,,,,,,,,,
"2025-11-10 14:18:33.3049596Z","2025-11-10 14:18:33.3049596Z","ETW","Microsoft-Windows-Kernel-Process",5,"ImageLoad Info "," 9324 conhost.exe",7276,,," 9324 conhost.exe",,,"C:\Windows\System32\combase.dll",,,,,,,,,,,,,,,,,,,,,,,,,,1762784313304959600,,,,,,,,,,,140737287094272,140737287094272,3535278,3489792,144435709,,,,,,,,,,,,,,,,,,,,,,,,,,,,,,,,,,,,,,,,,,,,,,,
"2025-11-10 14:18:33.3052435Z","2025-11-10 14:18:33.3052435Z","ETW","Microsoft-Windows-Kernel-Process",5,"ImageLoad Info "," 9324 conhost.exe",7276,,," 9324 conhost.exe",,,"C:\Windows\System32\rpcrt4.dll",,,,,,,,,,,,,,,,,,,,,,,,,,1762784313305243500,,,,,,,,,,,140737317109760,140737317109760,1217917,1179648,2756017066,,,,,,,,,,,,,,,,,,,,,,,,,,,,,,,,,,,,,,,,,,,,,,,
"2025-11-10 14:18:33.3054928Z","2025-11-10 14:18:33.3054928Z","ETW","Microsoft-Windows-Kernel-Process",5,"ImageLoad Info "," 9324 conhost.exe",7276,,," 9324 conhost.exe",,,"C:\Windows\System32\advapi32.dll",,,,,,,,,,,,,,,,,,,,,,,,,,1762784313305492800,,,,,,,,,,,140737306951680,140737306951680,744837,724992,4166620877,,,,,,,,,,,,,,,,,,,,,,,,,,,,,,,,,,,,,,,,,,,,,,,
"2025-11-10 14:18:33.3056843Z","2025-11-10 14:18:33.3056843Z","ETW","Microsoft-Windows-Kernel-Process",5,"ImageLoad Info "," 9324 conhost.exe",7276,,," 9324 conhost.exe",,,"C:\Windows\System32\sechost.dll",,,,,,,,,,,,,,,,,,,,,,,,,,1762784313305684300,,,,,,,,,,,140737308262400,140737308262400,647124,651264,2117042745,,,,,,,,,,,,,,,,,,,,,,,,,,,,,,,,,,,,,,,,,,,,,,,
"2025-11-10 14:18:33.3058832Z","2025-11-10 14:18:33.3058832Z","ETW","Microsoft-Windows-Kernel-Process",5,"ImageLoad Info "," 9324 conhost.exe",7276,,," 9324 conhost.exe",,,"C:\Windows\System32\bcrypt.dll",,,,,,,,,,,,,,,,,,,,,,,,,,1762784313305883200,,,,,,,,,,,140737279623168,140737279623168,171668,159744,2220160889,,,,,,,,,,,,,,,,,,,,,,,,,,,,,,,,,,,,,,,,,,,,,,,
"2025-11-10 14:18:33.3090107Z","2025-11-10 14:18:33.3090107Z","ETW","Microsoft-Windows-Kernel-Process",3,"ThreadStart Start "," 9324 conhost.exe",7276,,," 9324 conhost.exe",,,,,,,,,,,,,,,,,,,,,,,,,,,,,1762784313309010800,,18446606103145512960,18446606103145484288,140700242153168,0,216487804928,11480,216490573824,216490565632,140700242153168,,,,,,,,,,,,,,,,,,,,,,,,,,,,,,,,,,,,,,,,,,,,,,,,,,,,
"2025-11-10 14:18:33.3090324Z","2025-11-10 14:18:33.3090324Z","ETW","Microsoft-Windows-Kernel-Audit-API-Calls",6,"PsOpenThread"," 9324 conhost.exe",7276,,," 9324 conhost.exe",11480,,,,,,,,,,,,,,,,,,,,,,,,,,,,1762784313309032400,,,,,,,,,,,,,,,,64,0,,,,,,,,,,,,,,,,,,,,,,,,,,,,,,,,,,,,,,,,,,,,,
"2025-11-10 14:18:33.3090937Z","2025-11-10 14:18:33.3090937Z","ETW","Microsoft-Windows-Kernel-Process",3,"ThreadStart Start "," 9324 conhost.exe",7276,,," 9324 conhost.exe",,,,,,,,,,,,,,,,,,,,,,,,,,,,,1762784313309093800,,18446606103145545728,18446606103145517056,140700242381968,0,216487813120,10404,216491098112,216491089920,140700242381968,,,,,,,,,,,,,,,,,,,,,,,,,,,,,,,,,,,,,,,,,,,,,,,,,,,,
"2025-11-10 14:18:33.3091033Z","2025-11-10 14:18:33.3091033Z","ETW","Microsoft-Windows-Kernel-Audit-API-Calls",6,"PsOpenThread"," 9324 conhost.exe",7276,,," 9324 conhost.exe",10404,,,,,,,,,,,,,,,,,,,,,,,,,,,,1762784313309103300,,,,,,,,,,,,,,,,64,0,,,,,,,,,,,,,,,,,,,,,,,,,,,,,,,,,,,,,,,,,,,,,
"2025-11-10 14:18:33.3091722Z","2025-11-10 14:18:33.3091722Z","ETW","Microsoft-Windows-Kernel-Process",4,"ThreadStop Stop "," 9324 conhost.exe",7276,,," 9324 conhost.exe",,,,,,,,,,,,,,,,,,,,,,,,,,,,,1762784313309172200,,18446606103145414656,18446606103145385984,140700242212704,0,216487788544,7276,216489525248,216489512960,140700242212704,,,,,,,,,,,24227022,,,,,,,,,,,,,,,,,,,,,,,,,,,,,,,,,,,,,,,,,
"2025-11-10 14:18:33.3097784Z","2025-11-10 14:18:33.3097784Z","ETW","Microsoft-Windows-Kernel-Process",3,"ThreadStart Start "," 3316 bash.exe",1916,,,"12096 cygwin-console-helper.exe",,,,,,,,,,,,,,,,,,,,,,,,,,,,,1762784313309778400,,18446606103145119744,18446606103145091072,140700799865856,0,107171590144,10272,107174952960,107174948864,140700799865856,,,,,,,,,,,,,,,,,,,,,,,,,,,,,,,,,,,,,,,,,,,,,,,,,,,,
"2025-11-10 14:18:33.3097926Z","2025-11-10 14:18:33.3097926Z","ETW","Microsoft-Windows-Kernel-Audit-API-Calls",6,"PsOpenThread"," 3316 bash.exe",1916,,,"12096 cygwin-console-helper.exe",10272,,,,,,,,,,,,,,,,,,,,,,,,,,,,1762784313309792700,,,,,,,,,,,,,,,,64,0,,,,,,,,,,,,,,,,,,,,,,,,,,,,,,,,,,,,,,,,,,,,,
"2025-11-10 14:18:33.3113793Z","2025-11-10 14:18:33.3113793Z","ETW","Microsoft-Windows-Kernel-Audit-API-Calls",5,"PsOpenProcess","  576 csrss.exe",3336,,,"12096 cygwin-console-helper.exe",,,,,,,,,,,,,,,,,,,,,,,,,,,,,1762784313311379300,,,,,,,,,,,,,,,,2097151,0,,,,,,,,,,,,,,,,,,,,,,,,,,,,,,,,,,,,,,,,,,,,,
"2025-11-10 14:18:33.3113903Z","2025-11-10 14:18:33.3113903Z","ETW","Microsoft-Windows-Kernel-Audit-API-Calls",6,"PsOpenThread","  576 csrss.exe",3336,,,"12096 cygwin-console-helper.exe",10272,,,,,,,,,,,,,,,,,,,,,,,,,,,,1762784313311390300,,,,,,,,,,,,,,,,2097151,0,,,,,,,,,,,,,,,,,,,,,,,,,,,,,,,,,,,,,,,,,,,,,
"2025-11-10 14:18:33.3140624Z","2025-11-10 14:18:33.3140624Z","ETW","Microsoft-Windows-Kernel-Process",3,"ThreadStart Start "," 9324 conhost.exe",9048,,," 9324 conhost.exe",,,,,,,,,,,,,,,,,,,,,,,,,,,,,1762784313314062400,,18446606103145644032,18446606103145615360,140737324634384,0,216487821312,8836,216491622400,216491614208,140737324634384,,,,,,,,,,,,,,,,,,,,,,,,,,,,,,,,,,,,,,,,,,,,,,,,,,,,
"2025-11-10 14:18:33.3140862Z","2025-11-10 14:18:33.3140862Z","ETW","Microsoft-Windows-Kernel-Audit-API-Calls",6,"PsOpenThread"," 9324 conhost.exe",9048,,," 9324 conhost.exe",8836,,,,,,,,,,,,,,,,,,,,,,,,,,,,1762784313314086200,,,,,,,,,,,,,,,,64,0,,,,,,,,,,,,,,,,,,,,,,,,,,,,,,,,,,,,,,,,,,,,,
"2025-11-10 14:18:33.3142640Z","2025-11-10 14:18:33.3142640Z","ETW","Microsoft-Windows-Kernel-Process",5,"ImageLoad Info ","12096 cygwin-console-helper.exe",10272,,,"12096 cygwin-console-helper.exe",,,"C:\Program Files\Git\usr\bin\cygwin-console-helper.exe",,,,,,,,,,,,,,,,,,,,,,,,,,1762784313314264000,,,,,,,,,,,140700799860736,140700799860736,49333,73728,1752689865,,,,,,,,,,,,,,,,,,,,,,,,,,,,,,,,,,,,,,,,,,,,,,,
"2025-11-10 14:18:33.3144399Z","2025-11-10 14:18:33.3144399Z","ETW","Microsoft-Windows-Kernel-Process",5,"ImageLoad Info ","12096 cygwin-console-helper.exe",10272,,,"12096 cygwin-console-helper.exe",,,"C:\Windows\System32\ntdll.dll",,,,,,,,,,,,,,,,,,,,,,,,,,1762784313314439900,,,,,,,,,,,140737324318720,140737324318720,2048895,2064384,2127151453,,,,,,,,,,,,,,,,,,,,,,,,,,,,,,,,,,,,,,,,,,,,,,,
"2025-11-10 14:18:33.3151663Z","2025-11-10 14:18:33.3151663Z","ETW","Microsoft-Windows-Kernel-Process",5,"ImageLoad Info ","12096 cygwin-console-helper.exe",10272,,,"12096 cygwin-console-helper.exe",,,"C:\Windows\System32\kernel32.dll",,,,,,,,,,,,,,,,,,,,,,,,,,1762784313315166300,,,,,,,,,,,140737321435136,140737321435136,801304,794624,4007722010,,,,,,,,,,,,,,,,,,,,,,,,,,,,,,,,,,,,,,,,,,,,,,,
"2025-11-10 14:18:33.3154348Z","2025-11-10 14:18:33.3154348Z","ETW","Microsoft-Windows-Kernel-Process",5,"ImageLoad Info ","12096 cygwin-console-helper.exe",10272,,,"12096 cygwin-console-helper.exe",,,"C:\Windows\System32\KernelBase.dll",,,,,,,,,,,,,,,,,,,,,,,,,,1762784313315434800,,,,,,,,,,,140737318289408,140737318289408,3171178,3104768,1448155220,,,,,,,,,,,,,,,,,,,,,,,,,,,,,,,,,,,,,,,,,,,,,,,
"2025-11-10 14:18:33.3206751Z","2025-11-10 14:18:33.3206751Z","ETW","Microsoft-Windows-Kernel-Audit-API-Calls",5,"PsOpenProcess"," 9324 conhost.exe",11480,,,"12096 cygwin-console-helper.exe",,,,,,,,,,,,,,,,,,,,,,,,,,,,,1762784313320675100,,,,,,,,,,,,,,,,33554432,0,,,,,,,,,,,,,,,,,,,,,,,,,,,,,,,,,,,,,,,,,,,,,
"2025-11-10 14:18:33.3207727Z","2025-11-10 14:18:33.3207727Z","ETW","Microsoft-Windows-Kernel-Process",5,"ImageLoad Info "," 9324 conhost.exe",11480,,," 9324 conhost.exe",,,"C:\Windows\System32\user32.dll",,,,,,,,,,,,,,,,,,,,,,,,,,1762784313320772700,,,,,,,,,,,140737322287104,140737322287104,1767867,1708032,1351922499,,,,,,,,,,,,,,,,,,,,,,,,,,,,,,,,,,,,,,,,,,,,,,,
"2025-11-10 14:18:33.3210843Z","2025-11-10 14:18:33.3210843Z","ETW","Microsoft-Windows-Kernel-Process",5,"ImageLoad Info "," 9324 conhost.exe",11480,,," 9324 conhost.exe",,,"C:\Windows\System32\win32u.dll",,,,,,,,,,,,,,,,,,,,,,,,,,1762784313321084300,,,,,,,,,,,140737281196032,140737281196032,183095,139264,3760910660,,,,,,,,,,,,,,,,,,,,,,,,,,,,,,,,,,,,,,,,,,,,,,,
"2025-11-10 14:18:33.3213089Z","2025-11-10 14:18:33.3213089Z","ETW","Microsoft-Windows-Kernel-Process",5,"ImageLoad Info "," 9324 conhost.exe",11480,,," 9324 conhost.exe",,,"C:\Windows\System32\gdi32.dll",,,,,,,,,,,,,,,,,,,,,,,,,,1762784313321308900,,,,,,,,,,,140737309507584,140737309507584,210990,176128,2413768611,,,,,,,,,,,,,,,,,,,,,,,,,,,,,,,,,,,,,,,,,,,,,,,
"2025-11-10 14:18:33.3215172Z","2025-11-10 14:18:33.3215172Z","ETW","Microsoft-Windows-Kernel-Process",5,"ImageLoad Info "," 9324 conhost.exe",11480,,," 9324 conhost.exe",,,"C:\Windows\System32\gdi32full.dll",,,,,,,,,,,,,,,,,,,,,,,,,,1762784313321517200,,,,,,,,,,,140737281392640,140737281392640,1167211,1150976,1288019395,,,,,,,,,,,,,,,,,,,,,,,,,,,,,,,,,,,,,,,,,,,,,,,
"2025-11-10 14:18:33.3221335Z","2025-11-10 14:18:33.3221335Z","ETW","Microsoft-Windows-Kernel-Audit-API-Calls",6,"PsOpenThread","  576 csrss.exe",592,,," 9324 conhost.exe",11480,,,,,,,,,,,,,,,,,,,,,,,,,,,,1762784313322133500,,,,,,,,,,,,,,,,2097151,0,,,,,,,,,,,,,,,,,,,,,,,,,,,,,,,,,,,,,,,,,,,,,
"2025-11-10 14:18:33.3225332Z","2025-11-10 14:18:33.3225332Z","ETW","Microsoft-Windows-Kernel-Process",5,"ImageLoad Info "," 9324 conhost.exe",11480,,," 9324 conhost.exe",,,"C:\Windows\System32\imm32.dll",,,,,,,,,,,,,,,,,,,,,,,,,,1762784313322533200,,,,,,,,,,,140737309310976,140737309310976,238320,192512,770155462,,,,,,,,,,,,,,,,,,,,,,,,,,,,,,,,,,,,,,,,,,,,,,,
"2025-11-10 14:18:33.3247110Z","2025-11-10 14:18:33.3247110Z","ETW","Microsoft-Windows-Kernel-Process",3,"ThreadStart Start "," 9324 conhost.exe",11480,,," 9324 conhost.exe",,,,,,,,,,,,,,,,,,,,,,,,,,,,,1762784313324711100,,18446606103145414656,18446606103145385984,140700242196320,0,216487829504,10384,216489525248,216489517056,140700242196320,,,,,,,,,,,,,,,,,,,,,,,,,,,,,,,,,,,,,,,,,,,,,,,,,,,,
"2025-11-10 14:18:33.3247316Z","2025-11-10 14:18:33.3247316Z","ETW","Microsoft-Windows-Kernel-Audit-API-Calls",6,"PsOpenThread"," 9324 conhost.exe",11480,,," 9324 conhost.exe",10384,,,,,,,,,,,,,,,,,,,,,,,,,,,,1762784313324731600,,,,,,,,,,,,,,,,64,0,,,,,,,,,,,,,,,,,,,,,,,,,,,,,,,,,,,,,,,,,,,,,
"2025-11-10 14:18:33.3247955Z","2025-11-10 14:18:33.3247955Z","ETW","Microsoft-Windows-Kernel-Process",3,"ThreadStart Start "," 9324 conhost.exe",11480,,," 9324 conhost.exe",,,,,,,,,,,,,,,,,,,,,,,,,,,,,1762784313324795500,,18446606103145578496,18446606103145549824,140700242095872,0,216487837696,8184,216492146688,216492138496,140700242095872,,,,,,,,,,,,,,,,,,,,,,,,,,,,,,,,,,,,,,,,,,,,,,,,,,,,
"2025-11-10 14:18:33.3248053Z","2025-11-10 14:18:33.3248053Z","ETW","Microsoft-Windows-Kernel-Audit-API-Calls",6,"PsOpenThread"," 9324 conhost.exe",11480,,," 9324 conhost.exe",8184,,,,,,,,,,,,,,,,,,,,,,,,,,,,1762784313324805300,,,,,,,,,,,,,,,,64,0,,,,,,,,,,,,,,,,,,,,,,,,,,,,,,,,,,,,,,,,,,,,,
"2025-11-10 14:18:33.3254802Z","2025-11-10 14:18:33.3254802Z","ETW","Microsoft-Windows-Kernel-Process",5,"ImageLoad Info "," 9324 conhost.exe",8184,,," 9324 conhost.exe",,,"C:\Windows\System32\uxtheme.dll",,,,,,,,,,,,,,,,,,,,,,,,,,1762784313325480200,,,,,,,,,,,140737239515136,140737239515136,640454,647168,3697381598,,,,,,,,,,,,,,,,,,,,,,,,,,,,,,,,,,,,,,,,,,,,,,,
"2025-11-10 14:18:33.3261069Z","2025-11-10 14:18:33.3261069Z","ETW","Microsoft-Windows-Kernel-Audit-API-Calls",5,"PsOpenProcess"," 1400 svchost.exe",1528,,," 9324 conhost.exe",,,,,,,,,,,,,,,,,,,,,,,,,,,,,1762784313326106900,,,,,,,,,,,,,,,,5240,0,,,,,,,,,,,,,,,,,,,,,,,,,,,,,,,,,,,,,,,,,,,,,
"2025-11-10 14:18:33.3261855Z","2025-11-10 14:18:33.3261855Z","ETW","Microsoft-Windows-Kernel-Audit-API-Calls",6,"PsOpenThread"," 1400 svchost.exe",6992,,," 9324 conhost.exe",8184,,,,,,,,,,,,,,,,,,,,,,,,,,,,1762784313326185500,,,,,,,,,,,,,,,,64,0,,,,,,,,,,,,,,,,,,,,,,,,,,,,,,,,,,,,,,,,,,,,,
"2025-11-10 14:18:33.3262138Z","2025-11-10 14:18:33.3262138Z","ETW","Microsoft-Windows-Kernel-Audit-API-Calls",5,"PsOpenProcess"," 1400 svchost.exe",6992,,," 9324 conhost.exe",,,,,,,,,,,,,,,,,,,,,,,,,,,,,1762784313326213800,,,,,,,,,,,,,,,,1024,0,,,,,,,,,,,,,,,,,,,,,,,,,,,,,,,,,,,,,,,,,,,,,
"2025-11-10 14:18:33.3271622Z","2025-11-10 14:18:33.3271622Z","ETW","Microsoft-Windows-Kernel-Process",5,"ImageLoad Info "," 9324 conhost.exe",8184,,," 9324 conhost.exe",,,"C:\Windows\System32\msctf.dll",,,,,,,,,,,,,,,,,,,,,,,,,,1762784313327162200,,,,,,,,,,,140737291616256,140737291616256,1159359,1134592,3815625169,,,,,,,,,,,,,,,,,,,,,,,,,,,,,,,,,,,,,,,,,,,,,,,
"2025-11-10 14:18:33.3275917Z","2025-11-10 14:18:33.3275917Z","ETW","Microsoft-Windows-Kernel-Process",5,"ImageLoad Info "," 9324 conhost.exe",8184,,," 9324 conhost.exe",,,"C:\Windows\System32\oleaut32.dll",,,,,,,,,,,,,,,,,,,,,,,,,,1762784313327591700,,,,,,,,,,,140737315012608,140737315012608,849765,839680,3559841777,,,,,,,,,,,,,,,,,,,,,,,,,,,,,,,,,,,,,,,,,,,,,,,
"2025-11-10 14:18:33.3292335Z","2025-11-10 14:18:33.3292335Z","ETW","Microsoft-Windows-Kernel-Audit-API-Calls",5,"PsOpenProcess"," 6464 explorer.exe",4280,,," 9324 conhost.exe",,,,,,,,,,,,,,,,,,,,,,,,,,,,,1762784313329233500,,,,,,,,,,,,,,,,4096,0,,,,,,,,,,,,,,,,,,,,,,,,,,,,,,,,,,,,,,,,,,,,,
"2025-11-10 14:18:33.3293406Z","2025-11-10 14:18:33.3293406Z","ETW","Microsoft-Windows-Kernel-Audit-API-Calls",6,"PsOpenThread","  576 csrss.exe",688,,," 9324 conhost.exe",8184,,,,,,,,,,,,,,,,,,,,,,,,,,,,1762784313329340600,,,,,,,,,,,,,,,,2097151,0,,,,,,,,,,,,,,,,,,,,,,,,,,,,,,,,,,,,,,,,,,,,,
"2025-11-10 14:18:33.3305811Z","2025-11-10 14:18:33.3305811Z","ETW","Microsoft-Windows-Kernel-Audit-API-Calls",5,"PsOpenProcess"," 6464 explorer.exe",4280,,," 9324 conhost.exe",,,,,,,,,,,,,,,,,,,,,,,,,,,,,1762784313330581100,,,,,,,,,,,,,,,,4096,0,,,,,,,,,,,,,,,,,,,,,,,,,,,,,,,,,,,,,,,,,,,,,
"2025-11-10 14:18:33.3337993Z","2025-11-10 14:18:33.3337993Z","ETW","Microsoft-Windows-Kernel-Audit-API-Calls",5,"PsOpenProcess","10364 mintty.exe",3580,,,"10364 mintty.exe",,,,,,,,,,,,,,,,,,,,,,,,,,,,,1762784313333799300,,,,,,,,,,,,,,,,64,0,,,,,,,,,,,,,,,,,,,,,,,,,,,,,,,,,,,,,,,,,,,,,
"2025-11-10 14:18:33.3339658Z","2025-11-10 14:18:33.3339658Z","ETW","Microsoft-Windows-Kernel-Audit-API-Calls",6,"PsOpenThread","10364 mintty.exe",5868,,,"10364 mintty.exe",5868,,,,,,,,,,,,,,,,,,,,,,,,,,,,1762784313333965800,,,,,,,,,,,,,,,,1024,0,,,,,,,,,,,,,,,,,,,,,,,,,,,,,,,,,,,,,,,,,,,,,
"2025-11-10 14:18:33.3340276Z","2025-11-10 14:18:33.3340276Z","ETW","Microsoft-Windows-Kernel-Process",3,"ThreadStart Start "," 9324 conhost.exe",11480,,," 9324 conhost.exe",,,,,,,,,,,,,,,,,,,,,,,,,,,,,1762784313334027600,,18446606103145611264,18446606103145582592,140700242380928,0,216487845888,8544,216492670976,216492662784,140700242380928,,,,,,,,,,,,,,,,,,,,,,,,,,,,,,,,,,,,,,,,,,,,,,,,,,,,
"2025-11-10 14:18:33.3340528Z","2025-11-10 14:18:33.3340528Z","ETW","Microsoft-Windows-Kernel-Audit-API-Calls",6,"PsOpenThread"," 9324 conhost.exe",11480,,," 9324 conhost.exe",8544,,,,,,,,,,,,,,,,,,,,,,,,,,,,1762784313334052800,,,,,,,,,,,,,,,,64,0,,,,,,,,,,,,,,,,,,,,,,,,,,,,,,,,,,,,,,,,,,,,,
"2025-11-10 14:18:33.3354669Z","2025-11-10 14:18:33.3354669Z","ETW","Microsoft-Windows-Kernel-Process",5,"ImageLoad Info ","12096 cygwin-console-helper.exe",10272,,,"12096 cygwin-console-helper.exe",,,"C:\Windows\System32\msvcrt.dll",,,,,,,,,,,,,,,,,,,,,,,,,,1762784313335466900,,,,,,,,,,,140737314357248,140737314357248,681663,647168,2616593924,,,,,,,,,,,,,,,,,,,,,,,,,,,,,,,,,,,,,,,,,,,,,,,
"2025-11-10 14:18:33.3358042Z","2025-11-10 14:18:33.3358042Z","ETW","Microsoft-Windows-Kernel-Process",3,"ThreadStart Start ","12096 cygwin-console-helper.exe",10272,,,"12096 cygwin-console-helper.exe",,,,,,,,,,,,,,,,,,,,,,,,,,,,,1762784313335804200,,18446606103145447424,18446606103145418752,140737324634384,0,107171598336,5920,107177050112,107177046016,140737324634384,,,,,,,,,,,,,,,,,,,,,,,,,,,,,,,,,,,,,,,,,,,,,,,,,,,,
"2025-11-10 14:18:33.3358276Z","2025-11-10 14:18:33.3358276Z","ETW","Microsoft-Windows-Kernel-Audit-API-Calls",6,"PsOpenThread","12096 cygwin-console-helper.exe",10272,,,"12096 cygwin-console-helper.exe",5920,,,,,,,,,,,,,,,,,,,,,,,,,,,,1762784313335827600,,,,,,,,,,,,,,,,64,0,,,,,,,,,,,,,,,,,,,,,,,,,,,,,,,,,,,,,,,,,,,,,
"2025-11-10 14:18:33.3365750Z","2025-11-10 14:18:33.3365750Z","ETW","Microsoft-Windows-Kernel-Audit-API-Calls",5,"PsOpenProcess"," 3316 bash.exe",1916,,,"12096 cygwin-console-helper.exe",,,,,,,,,,,,,,,,,,,,,,,,,,,,,1762784313336575000,,,,,,,,,,,,,,,,4096,0,,,,,,,,,,,,,,,,,,,,,,,,,,,,,,,,,,,,,,,,,,,,,
"2025-11-10 14:18:33.3366678Z","2025-11-10 14:18:33.3366678Z","ETW","Microsoft-Windows-Kernel-Audit-API-Calls",5,"PsOpenProcess"," 9324 conhost.exe",11480,,," 3316 bash.exe",,,,,,,,,,,,,,,,,,,,,,,,,,,,,1762784313336667800,,,,,,,,,,,,,,,,33554432,0,,,,,,,,,,,,,,,,,,,,,,,,,,,,,,,,,,,,,,,,,,,,,
"2025-11-10 14:18:33.3368667Z","2025-11-10 14:18:33.3368667Z","ETW","Microsoft-Windows-Kernel-Process",4,"ThreadStop Stop ","12096 cygwin-console-helper.exe",10272,,,"12096 cygwin-console-helper.exe",,,,,,,,,,,,,,,,,,,,,,,,,,,,,1762784313336866700,,18446606103145119744,18446606103145091072,140700799865856,0,107171590144,10272,107174952960,107174940672,140700799865856,,,,,,,,,,,11309954,,,,,,,,,,,,,,,,,,,,,,,,,,,,,,,,,,,,,,,,,
"2025-11-10 14:18:33.3369527Z","2025-11-10 14:18:33.3369527Z","ETW","Microsoft-Windows-Kernel-Process",4,"ThreadStop Stop ","12096 cygwin-console-helper.exe",5920,,,"12096 cygwin-console-helper.exe",,,,,,,,,,,,,,,,,,,,,,,,,,,,,1762784313336952700,,18446606103145447424,18446606103145418752,140737324634384,0,107171598336,5920,107177050112,107177046016,140737324634384,,,,,,,,,,,65102,,,,,,,,,,,,,,,,,,,,,,,,,,,,,,,,,,,,,,,,,
"2025-11-10 14:18:33.3370752Z","2025-11-10 14:18:33.3370752Z","ETW","Microsoft-Windows-Kernel-Process",6,"ImageUnload Info ","12096 cygwin-console-helper.exe",5920,,,"12096 cygwin-console-helper.exe",,,"C:\Program Files\Git\usr\bin\cygwin-console-helper.exe",,,,,,,,,,,,,,,,,,,,,,,,,,1762784313337075200,,,,,,,,,,,140700799860736,140700799860736,49333,73728,1752689865,,,,,,,,,,,,,,,,,,,,,,,,,,,,,,,,,,,,,,,,,,,,,,,
"2025-11-10 14:18:33.3371060Z","2025-11-10 14:18:33.3371060Z","ETW","Microsoft-Windows-Kernel-Process",6,"ImageUnload Info ","12096 cygwin-console-helper.exe",5920,,,"12096 cygwin-console-helper.exe",,,"C:\Windows\System32\msvcrt.dll",,,,,,,,,,,,,,,,,,,,,,,,,,1762784313337106000,,,,,,,,,,,140737314357248,140737314357248,681663,647168,2616593924,,,,,,,,,,,,,,,,,,,,,,,,,,,,,,,,,,,,,,,,,,,,,,,
"2025-11-10 14:18:33.3371234Z","2025-11-10 14:18:33.3371234Z","ETW","Microsoft-Windows-Kernel-Process",6,"ImageUnload Info ","12096 cygwin-console-helper.exe",5920,,,"12096 cygwin-console-helper.exe",,,"C:\Windows\System32\KernelBase.dll",,,,,,,,,,,,,,,,,,,,,,,,,,1762784313337123400,,,,,,,,,,,140737318289408,140737318289408,3171178,3104768,1448155220,,,,,,,,,,,,,,,,,,,,,,,,,,,,,,,,,,,,,,,,,,,,,,,
"2025-11-10 14:18:33.3371386Z","2025-11-10 14:18:33.3371386Z","ETW","Microsoft-Windows-Kernel-Process",6,"ImageUnload Info ","12096 cygwin-console-helper.exe",5920,,,"12096 cygwin-console-helper.exe",,,"C:\Windows\System32\kernel32.dll",,,,,,,,,,,,,,,,,,,,,,,,,,1762784313337138600,,,,,,,,,,,140737321435136,140737321435136,801304,794624,4007722010,,,,,,,,,,,,,,,,,,,,,,,,,,,,,,,,,,,,,,,,,,,,,,,
"2025-11-10 14:18:33.3371546Z","2025-11-10 14:18:33.3371546Z","ETW","Microsoft-Windows-Kernel-Process",6,"ImageUnload Info ","12096 cygwin-console-helper.exe",5920,,,"12096 cygwin-console-helper.exe",,,"C:\Windows\System32\ntdll.dll",,,,,,,,,,,,,,,,,,,,,,,,,,1762784313337154700,,,,,,,,,,,140737324318720,140737324318720,2048895,2064384,2127151453,,,,,,,,,,,,,,,,,,,,,,,,,,,,,,,,,,,,,,,,,,,,,,,
"2025-11-10 14:18:33.3371654Z","2025-11-10 14:18:33.3371654Z","ETW","Microsoft-Windows-Kernel-Process",2,"ProcessStop Stop ","12096 cygwin-console-helper.exe",5920,,,"12096 cygwin-console-helper.exe",,,"cygwin-console",,,,,,,,,,,,,,,,,,,,,,,,,,1762784313337165400,,,,,,,,,,,,,,,,,,,,,,,,134072579132884217,,,,,,,25932,,,,,,,,,,,,,,516096,516096,11845470,0,134072579133370391,37,0,0,0,3,1,0,,,,,,
"2025-11-10 14:18:33.3380970Z","2025-11-10 14:18:33.3380970Z","ETW","Microsoft-Windows-Kernel-Audit-API-Calls",5,"PsOpenProcess"," 3316 bash.exe",1916,,," 3316 bash.exe",,,,,,,,,,,,,,,,,,,,,,,,,,,,,1762784313338097000,,,,,,,,,,,,,,,,4096,0,,,,,,,,,,,,,,,,,,,,,,,,,,,,,,,,,,,,,,,,,,,,,
"2025-11-10 14:18:33.3389461Z","2025-11-10 14:18:33.3389461Z","ETW","Microsoft-Windows-Kernel-Process",1,"ProcessStart Start "," 3316 bash.exe",1916,,," 2508 git.exe",,,"C:\Program Files\Git\mingw64\bin\git.exe",,,,,,,,,,,,,,,,,,,,,,,,,,1762784313338946200,,,,,,,,,,,,,4315928,,1759182642,,,,,,,,,134072579133388983,0,"0x","","",3316,25930,25933,3,0,1,,,,,,,,,,,,,,,,,,,,,,,,,,,,
"2025-11-10 14:18:33.3397158Z","2025-11-10 14:18:33.3397158Z","ETW","Microsoft-Windows-Kernel-Audit-API-Calls",6,"PsOpenThread"," 2972 cyserver.exe",10288,,," 3316 bash.exe",1916,,,,,,,,,,,,,,,,,,,,,,,,,,,,1762784313339715800,,,,,,,,,,,,,,,,64,0,,,,,,,,,,,,,,,,,,,,,,,,,,,,,,,,,,,,,,,,,,,,,
"2025-11-10 14:18:33.3397279Z","2025-11-10 14:18:33.3397279Z","ETW","Microsoft-Windows-Kernel-Audit-API-Calls",5,"PsOpenProcess"," 2972 cyserver.exe",10288,,," 3316 bash.exe",,,,,,,,,,,,,,,,,,,,,,,,,,,,,1762784313339727900,,,,,,,,,,,,,,,,1024,0,,,,,,,,,,,,,,,,,,,,,,,,,,,,,,,,,,,,,,,,,,,,,
"2025-11-10 14:18:33.3409236Z","2025-11-10 14:18:33.3409236Z","ETW","Microsoft-Windows-Kernel-Audit-API-Calls",6,"PsOpenThread"," 2972 cyserver.exe",7160,,," 3316 bash.exe",1916,,,,,,,,,,,,,,,,,,,,,,,,,,,,1762784313340923600,,,,,,,,,,,,,,,,64,0,,,,,,,,,,,,,,,,,,,,,,,,,,,,,,,,,,,,,,,,,,,,,
"2025-11-10 14:18:33.3409339Z","2025-11-10 14:18:33.3409339Z","ETW","Microsoft-Windows-Kernel-Audit-API-Calls",5,"PsOpenProcess"," 2972 cyserver.exe",7160,,," 3316 bash.exe",,,,,,,,,,,,,,,,,,,,,,,,,,,,,1762784313340933900,,,,,,,,,,,,,,,,1024,0,,,,,,,,,,,,,,,,,,,,,,,,,,,,,,,,,,,,,,,,,,,,,
"2025-11-10 14:18:33.3440744Z","2025-11-10 14:18:33.3440744Z","ETW","Microsoft-Windows-Kernel-Audit-API-Calls",5,"PsOpenProcess"," 2972 cyserver.exe",7160,,," 2508 git.exe",,,,,,,,,,,,,,,,,,,,,,,,,,,,,1762784313344074400,,,,,,,,,,,,,,,,2147483648,0,,,,,,,,,,,,,,,,,,,,,,,,,,,,,,,,,,,,,,,,,,,,,
"2025-11-10 14:18:33.3494091Z","2025-11-10 14:18:33.3494091Z","ETW","Microsoft-Windows-Kernel-Audit-API-Calls",6,"PsOpenThread","10364 mintty.exe",5868,,,"10364 mintty.exe",5868,,,,,,,,,,,,,,,,,,,,,,,,,,,,1762784313349409200,,,,,,,,,,,,,,,,1024,0,,,,,,,,,,,,,,,,,,,,,,,,,,,,,,,,,,,,,,,,,,,,,
"2025-11-10 14:18:33.3515975Z","2025-11-10 14:18:33.3515975Z","ETW","Microsoft-Windows-Kernel-Process",3,"ThreadStart Start "," 3316 bash.exe",1916,,," 2508 git.exe",,,,,,,,,,,,,,,,,,,,,,,,,,,,,1762784313351597500,,18446606103145447424,18446606103145418752,140702939157504,0,756523114496,5256,756526612480,756526608384,140702939157504,,,,,,,,,,,,,,,,,,,,,,,,,,,,,,,,,,,,,,,,,,,,,,,,,,,,
"2025-11-10 14:18:33.3516181Z","2025-11-10 14:18:33.3516181Z","ETW","Microsoft-Windows-Kernel-Audit-API-Calls",6,"PsOpenThread"," 3316 bash.exe",1916,,," 2508 git.exe",5256,,,,,,,,,,,,,,,,,,,,,,,,,,,,1762784313351618100,,,,,,,,,,,,,,,,64,0,,,,,,,,,,,,,,,,,,,,,,,,,,,,,,,,,,,,,,,,,,,,,
"2025-11-10 14:18:33.3521661Z","2025-11-10 14:18:33.3521661Z","ETW","Microsoft-Windows-Kernel-Audit-API-Calls",5,"PsOpenProcess","  576 csrss.exe",688,,," 2508 git.exe",,,,,,,,,,,,,,,,,,,,,,,,,,,,,1762784313352166100,,,,,,,,,,,,,,,,2097151,0,,,,,,,,,,,,,,,,,,,,,,,,,,,,,,,,,,,,,,,,,,,,,
"2025-11-10 14:18:33.3521835Z","2025-11-10 14:18:33.3521835Z","ETW","Microsoft-Windows-Kernel-Audit-API-Calls",6,"PsOpenThread","  576 csrss.exe",688,,," 2508 git.exe",5256,,,,,,,,,,,,,,,,,,,,,,,,,,,,1762784313352183500,,,,,,,,,,,,,,,,2097151,0,,,,,,,,,,,,,,,,,,,,,,,,,,,,,,,,,,,,,,,,,,,,,
"2025-11-10 14:18:33.3528930Z","2025-11-10 14:18:33.3528930Z","ETW","Microsoft-Windows-Kernel-Audit-API-Calls",3,"NtCreateSymbolicLinkObject"," 3316 bash.exe",1916,,,,,,,,,,,,,,,,,,,,,,,,,,,,,,,,1762784313352893000,,,,,,,,,,,,,,,,983041,0,,,,,,,,,,,,,,,,,,"winpid.2508","1095",,,,,,,,,,,,,,,,,,,,,,,,,,
"2025-11-10 14:18:33.3554500Z","2025-11-10 14:18:33.3554500Z","ETW","Microsoft-Windows-Kernel-Process",5,"ImageLoad Info "," 2508 git.exe",5256,,," 2508 git.exe",,,"C:\Program Files\Git\mingw64\bin\git.exe",,,,,,,,,,,,,,,,,,,,,,,,,,1762784313355450000,,,,,,,,,,,140702939152384,140702939152384,4315928,4505600,1759182642,,,,,,,,,,,,,,,,,,,,,,,,,,,,,,,,,,,,,,,,,,,,,,,
"2025-11-10 14:18:33.3556555Z","2025-11-10 14:18:33.3556555Z","ETW","Microsoft-Windows-Kernel-Process",5,"ImageLoad Info "," 2508 git.exe",5256,,," 2508 git.exe",,,"C:\Windows\System32\ntdll.dll",,,,,,,,,,,,,,,,,,,,,,,,,,1762784313355655500,,,,,,,,,,,140737324318720,140737324318720,2048895,2064384,2127151453,,,,,,,,,,,,,,,,,,,,,,,,,,,,,,,,,,,,,,,,,,,,,,,
"2025-11-10 14:18:33.3565053Z","2025-11-10 14:18:33.3565053Z","ETW","Microsoft-Windows-Kernel-Process",5,"ImageLoad Info "," 2508 git.exe",5256,,," 2508 git.exe",,,"C:\Windows\System32\kernel32.dll",,,,,,,,,,,,,,,,,,,,,,,,,,1762784313356505400,,,,,,,,,,,140737321435136,140737321435136,801304,794624,4007722010,,,,,,,,,,,,,,,,,,,,,,,,,,,,,,,,,,,,,,,,,,,,,,,
"2025-11-10 14:18:33.3567696Z","2025-11-10 14:18:33.3567696Z","ETW","Microsoft-Windows-Kernel-Process",5,"ImageLoad Info "," 2508 git.exe",5256,,," 2508 git.exe",,,"C:\Windows\System32\KernelBase.dll",,,,,,,,,,,,,,,,,,,,,,,,,,1762784313356769600,,,,,,,,,,,140737318289408,140737318289408,3171178,3104768,1448155220,,,,,,,,,,,,,,,,,,,,,,,,,,,,,,,,,,,,,,,,,,,,,,,
"2025-11-10 14:18:33.3575702Z","2025-11-10 14:18:33.3575702Z","ETW","Microsoft-Windows-Kernel-Audit-API-Calls",5,"PsOpenProcess"," 9324 conhost.exe",11480,,," 2508 git.exe",,,,,,,,,,,,,,,,,,,,,,,,,,,,,1762784313357570200,,,,,,,,,,,,,,,,33554432,0,,,,,,,,,,,,,,,,,,,,,,,,,,,,,,,,,,,,,,,,,,,,,
"2025-11-10 14:18:33.3592240Z","2025-11-10 14:18:33.3592240Z","ETW","Microsoft-Windows-Kernel-Process",5,"ImageLoad Info "," 2508 git.exe",5256,,," 2508 git.exe",,,"C:\Windows\System32\advapi32.dll",,,,,,,,,,,,,,,,,,,,,,,,,,1762784313359224000,,,,,,,,,,,140737306951680,140737306951680,744837,724992,4166620877,,,,,,,,,,,,,,,,,,,,,,,,,,,,,,,,,,,,,,,,,,,,,,,
"2025-11-10 14:18:33.3595030Z","2025-11-10 14:18:33.3595030Z","ETW","Microsoft-Windows-Kernel-Process",5,"ImageLoad Info "," 2508 git.exe",5256,,," 2508 git.exe",,,"C:\Windows\System32\msvcrt.dll",,,,,,,,,,,,,,,,,,,,,,,,,,1762784313359503000,,,,,,,,,,,140737314357248,140737314357248,681663,647168,2616593924,,,,,,,,,,,,,,,,,,,,,,,,,,,,,,,,,,,,,,,,,,,,,,,
"2025-11-10 14:18:33.3597112Z","2025-11-10 14:18:33.3597112Z","ETW","Microsoft-Windows-Kernel-Process",3,"ThreadStart Start "," 2508 git.exe",5256,,," 2508 git.exe",,,,,,,,,,,,,,,,,,,,,,,,,,,,,1762784313359711200,,18446606103145119744,18446606103145091072,140737324634384,0,756523122688,10012,756528709632,756528705536,140737324634384,,,,,,,,,,,,,,,,,,,,,,,,,,,,,,,,,,,,,,,,,,,,,,,,,,,,
"2025-11-10 14:18:33.3597326Z","2025-11-10 14:18:33.3597326Z","ETW","Microsoft-Windows-Kernel-Audit-API-Calls",6,"PsOpenThread"," 2508 git.exe",5256,,," 2508 git.exe",10012,,,,,,,,,,,,,,,,,,,,,,,,,,,,1762784313359732600,,,,,,,,,,,,,,,,64,0,,,,,,,,,,,,,,,,,,,,,,,,,,,,,,,,,,,,,,,,,,,,,
"2025-11-10 14:18:33.3598011Z","2025-11-10 14:18:33.3598011Z","ETW","Microsoft-Windows-Kernel-Process",5,"ImageLoad Info "," 2508 git.exe",5256,,," 2508 git.exe",,,"C:\Windows\System32\sechost.dll",,,,,,,,,,,,,,,,,,,,,,,,,,1762784313359801100,,,,,,,,,,,140737308262400,140737308262400,647124,651264,2117042745,,,,,,,,,,,,,,,,,,,,,,,,,,,,,,,,,,,,,,,,,,,,,,,
"2025-11-10 14:18:33.3599858Z","2025-11-10 14:18:33.3599858Z","ETW","Microsoft-Windows-Kernel-Process",5,"ImageLoad Info "," 2508 git.exe",5256,,," 2508 git.exe",,,"C:\Windows\System32\rpcrt4.dll",,,,,,,,,,,,,,,,,,,,,,,,,,1762784313359985800,,,,,,,,,,,140737317109760,140737317109760,1217917,1179648,2756017066,,,,,,,,,,,,,,,,,,,,,,,,,,,,,,,,,,,,,,,,,,,,,,,
"2025-11-10 14:18:33.3601728Z","2025-11-10 14:18:33.3601728Z","ETW","Microsoft-Windows-Kernel-Process",5,"ImageLoad Info "," 2508 git.exe",5256,,," 2508 git.exe",,,"C:\Windows\System32\bcrypt.dll",,,,,,,,,,,,,,,,,,,,,,,,,,1762784313360172800,,,,,,,,,,,140737279623168,140737279623168,171668,159744,2220160889,,,,,,,,,,,,,,,,,,,,,,,,,,,,,,,,,,,,,,,,,,,,,,,
"2025-11-10 14:18:33.3604893Z","2025-11-10 14:18:33.3604893Z","ETW","Microsoft-Windows-Kernel-Process",5,"ImageLoad Info "," 2508 git.exe",5256,,," 2508 git.exe",,,"C:\Windows\System32\user32.dll",,,,,,,,,,,,,,,,,,,,,,,,,,1762784313360489300,,,,,,,,,,,140737322287104,140737322287104,1767867,1708032,1351922499,,,,,,,,,,,,,,,,,,,,,,,,,,,,,,,,,,,,,,,,,,,,,,,
"2025-11-10 14:18:33.3606739Z","2025-11-10 14:18:33.3606739Z","ETW","Microsoft-Windows-Kernel-Process",5,"ImageLoad Info "," 2508 git.exe",5256,,," 2508 git.exe",,,"C:\Windows\System32\win32u.dll",,,,,,,,,,,,,,,,,,,,,,,,,,1762784313360673900,,,,,,,,,,,140737281196032,140737281196032,183095,139264,3760910660,,,,,,,,,,,,,,,,,,,,,,,,,,,,,,,,,,,,,,,,,,,,,,,
"2025-11-10 14:18:33.3608377Z","2025-11-10 14:18:33.3608377Z","ETW","Microsoft-Windows-Kernel-Process",5,"ImageLoad Info "," 2508 git.exe",5256,,," 2508 git.exe",,,"C:\Windows\System32\gdi32.dll",,,,,,,,,,,,,,,,,,,,,,,,,,1762784313360837700,,,,,,,,,,,140737309507584,140737309507584,210990,176128,2413768611,,,,,,,,,,,,,,,,,,,,,,,,,,,,,,,,,,,,,,,,,,,,,,,
"2025-11-10 14:18:33.3610084Z","2025-11-10 14:18:33.3610084Z","ETW","Microsoft-Windows-Kernel-Process",5,"ImageLoad Info "," 2508 git.exe",5256,,," 2508 git.exe",,,"C:\Windows\System32\gdi32full.dll",,,,,,,,,,,,,,,,,,,,,,,,,,1762784313361008400,,,,,,,,,,,140737281392640,140737281392640,1167211,1150976,1288019395,,,,,,,,,,,,,,,,,,,,,,,,,,,,,,,,,,,,,,,,,,,,,,,
"2025-11-10 14:18:33.3611818Z","2025-11-10 14:18:33.3611818Z","ETW","Microsoft-Windows-Kernel-Process",5,"ImageLoad Info "," 2508 git.exe",5256,,," 2508 git.exe",,,"C:\Windows\System32\msvcp_win.dll",,,,,,,,,,,,,,,,,,,,,,,,,,1762784313361181800,,,,,,,,,,,140737279819776,140737279819776,659111,643072,958749903,,,,,,,,,,,,,,,,,,,,,,,,,,,,,,,,,,,,,,,,,,,,,,,
"2025-11-10 14:18:33.3613483Z","2025-11-10 14:18:33.3613483Z","ETW","Microsoft-Windows-Kernel-Process",5,"ImageLoad Info "," 2508 git.exe",5256,,," 2508 git.exe",,,"C:\Windows\System32\ucrtbase.dll",,,,,,,,,,,,,,,,,,,,,,,,,,1762784313361348300,,,,,,,,,,,140737283162112,140737283162112,1076532,1048576,2177850761,,,,,,,,,,,,,,,,,,,,,,,,,,,,,,,,,,,,,,,,,,,,,,,
"2025-11-10 14:18:33.3615656Z","2025-11-10 14:18:33.3615656Z","ETW","Microsoft-Windows-Kernel-Process",5,"ImageLoad Info "," 2508 git.exe",5256,,," 2508 git.exe",,,"C:\Windows\System32\ws2_32.dll",,,,,,,,,,,,,,,,,,,,,,,,,,1762784313361565600,,,,,,,,,,,140737305772032,140737305772032,489137,438272,2047685052,,,,,,,,,,,,,,,,,,,,,,,,,,,,,,,,,,,,,,,,,,,,,,,
"2025-11-10 14:18:33.3642220Z","2025-11-10 14:18:33.3642220Z","ETW","Microsoft-Windows-Kernel-Process",5,"ImageLoad Info "," 2508 git.exe",5256,,," 2508 git.exe",,,"C:\Program Files\Git\mingw64\bin\libiconv-2.dll",,,,,,,,,,,,,,,,,,,,,,,,,,1762784313364222000,,,,,,,,,,,140736814907392,140736814907392,1196713,1171456,1734459032,,,,,,,,,,,,,,,,,,,,,,,,,,,,,,,,,,,,,,,,,,,,,,,
"2025-11-10 14:18:33.3642974Z","2025-11-10 14:18:33.3642974Z","ETW","Microsoft-Windows-Kernel-Audit-API-Calls",6,"PsOpenThread"," 2972 cyserver.exe",7728,,," 2508 git.exe",5256,,,,,,,,,,,,,,,,,,,,,,,,,,,,1762784313364297400,,,,,,,,,,,,,,,,64,0,,,,,,,,,,,,,,,,,,,,,,,,,,,,,,,,,,,,,,,,,,,,,
"2025-11-10 14:18:33.3643093Z","2025-11-10 14:18:33.3643093Z","ETW","Microsoft-Windows-Kernel-Audit-API-Calls",5,"PsOpenProcess"," 2972 cyserver.exe",7728,,," 2508 git.exe",,,,,,,,,,,,,,,,,,,,,,,,,,,,,1762784313364309300,,,,,,,,,,,,,,,,1024,0,,,,,,,,,,,,,,,,,,,,,,,,,,,,,,,,,,,,,,,,,,,,,
"2025-11-10 14:18:33.3667727Z","2025-11-10 14:18:33.3667727Z","ETW","Microsoft-Windows-Kernel-Audit-API-Calls",6,"PsOpenThread","10364 mintty.exe",5868,,,"10364 mintty.exe",5868,,,,,,,,,,,,,,,,,,,,,,,,,,,,1762784313366772700,,,,,,,,,,,,,,,,1024,0,,,,,,,,,,,,,,,,,,,,,,,,,,,,,,,,,,,,,,,,,,,,,
"2025-11-10 14:18:33.3669732Z","2025-11-10 14:18:33.3669732Z","ETW","Microsoft-Windows-Kernel-Process",3,"ThreadStart Start "," 2508 git.exe",10012,,," 2508 git.exe",,,,,,,,,,,,,,,,,,,,,,,,,,,,,1762784313366973200,,18446606103145709568,18446606103145680896,140737324634384,0,756523130880,5004,756530806784,756530802688,140737324634384,,,,,,,,,,,,,,,,,,,,,,,,,,,,,,,,,,,,,,,,,,,,,,,,,,,,
"2025-11-10 14:18:33.3669925Z","2025-11-10 14:18:33.3669925Z","ETW","Microsoft-Windows-Kernel-Audit-API-Calls",6,"PsOpenThread"," 2508 git.exe",10012,,," 2508 git.exe",5004,,,,,,,,,,,,,,,,,,,,,,,,,,,,1762784313366992500,,,,,,,,,,,,,,,,64,0,,,,,,,,,,,,,,,,,,,,,,,,,,,,,,,,,,,,,,,,,,,,,
"2025-11-10 14:18:33.3672556Z","2025-11-10 14:18:33.3672556Z","ETW","Microsoft-Windows-Kernel-Process",5,"ImageLoad Info "," 2508 git.exe",10012,,," 2508 git.exe",,,"C:\Program Files\Git\mingw64\bin\libintl-8.dll",,,,,,,,,,,,,,,,,,,,,,,,,,1762784313367255600,,,,,,,,,,,140736852000768,140736852000768,317681,335872,1753251091,,,,,,,,,,,,,,,,,,,,,,,,,,,,,,,,,,,,,,,,,,,,,,,
"2025-11-10 14:18:33.3673191Z","2025-11-10 14:18:33.3673191Z","ETW","Microsoft-Windows-Kernel-Audit-API-Calls",6,"PsOpenThread"," 2972 cyserver.exe",7532,,," 2508 git.exe",10012,,,,,,,,,,,,,,,,,,,,,,,,,,,,1762784313367319100,,,,,,,,,,,,,,,,64,0,,,,,,,,,,,,,,,,,,,,,,,,,,,,,,,,,,,,,,,,,,,,,
"2025-11-10 14:18:33.3673300Z","2025-11-10 14:18:33.3673300Z","ETW","Microsoft-Windows-Kernel-Audit-API-Calls",5,"PsOpenProcess"," 2972 cyserver.exe",7532,,," 2508 git.exe",,,,,,,,,,,,,,,,,,,,,,,,,,,,,1762784313367330000,,,,,,,,,,,,,,,,1024,0,,,,,,,,,,,,,,,,,,,,,,,,,,,,,,,,,,,,,,,,,,,,,
"2025-11-10 14:18:33.3686697Z","2025-11-10 14:18:33.3686697Z","ETW","Microsoft-Windows-Kernel-Process",3,"ThreadStart Start "," 2508 git.exe",5004,,," 2508 git.exe",,,,,,,,,,,,,,,,,,,,,,,,,,,,,1762784313368669700,,18446606103145480192,18446606103145451520,140737324634384,0,756523139072,10652,756532903936,756532899840,140737324634384,,,,,,,,,,,,,,,,,,,,,,,,,,,,,,,,,,,,,,,,,,,,,,,,,,,,
"2025-11-10 14:18:33.3686973Z","2025-11-10 14:18:33.3686973Z","ETW","Microsoft-Windows-Kernel-Audit-API-Calls",6,"PsOpenThread"," 2508 git.exe",5004,,," 2508 git.exe",10652,,,,,,,,,,,,,,,,,,,,,,,,,,,,1762784313368697300,,,,,,,,,,,,,,,,64,0,,,,,,,,,,,,,,,,,,,,,,,,,,,,,,,,,,,,,,,,,,,,,
"2025-11-10 14:18:33.3689909Z","2025-11-10 14:18:33.3689909Z","ETW","Microsoft-Windows-Kernel-Process",5,"ImageLoad Info "," 2508 git.exe",5004,,," 2508 git.exe",,,"C:\Program Files\Git\mingw64\bin\libpcre2-8-0.dll",,,,,,,,,,,,,,,,,,,,,,,,,,1762784313368990900,,,,,,,,,,,140736842039296,140736842039296,736699,733184,1756356616,,,,,,,,,,,,,,,,,,,,,,,,,,,,,,,,,,,,,,,,,,,,,,,
"2025-11-10 14:18:33.3690487Z","2025-11-10 14:18:33.3690487Z","ETW","Microsoft-Windows-Kernel-Audit-API-Calls",6,"PsOpenThread"," 2972 cyserver.exe",10288,,," 2508 git.exe",5004,,,,,,,,,,,,,,,,,,,,,,,,,,,,1762784313369048700,,,,,,,,,,,,,,,,64,0,,,,,,,,,,,,,,,,,,,,,,,,,,,,,,,,,,,,,,,,,,,,,
"2025-11-10 14:18:33.3690600Z","2025-11-10 14:18:33.3690600Z","ETW","Microsoft-Windows-Kernel-Audit-API-Calls",5,"PsOpenProcess"," 2972 cyserver.exe",10288,,," 2508 git.exe",,,,,,,,,,,,,,,,,,,,,,,,,,,,,1762784313369060000,,,,,,,,,,,,,,,,1024,0,,,,,,,,,,,,,,,,,,,,,,,,,,,,,,,,,,,,,,,,,,,,,
"2025-11-10 14:18:33.3699326Z","2025-11-10 14:18:33.3699326Z","ETW","Microsoft-Windows-Kernel-Process",5,"ImageLoad Info "," 2508 git.exe",5256,,," 2508 git.exe",,,"C:\Program Files\Git\mingw64\bin\libwinpthread-1.dll",,,,,,,,,,,,,,,,,,,,,,,,,,1762784313369932600,,,,,,,,,,,140736863469568,140736863469568,77046,90112,1758466668,,,,,,,,,,,,,,,,,,,,,,,,,,,,,,,,,,,,,,,,,,,,,,,
"2025-11-10 14:18:33.3699804Z","2025-11-10 14:18:33.3699804Z","ETW","Microsoft-Windows-Kernel-Audit-API-Calls",6,"PsOpenThread"," 2972 cyserver.exe",7160,,," 2508 git.exe",5256,,,,,,,,,,,,,,,,,,,,,,,,,,,,1762784313369980400,,,,,,,,,,,,,,,,64,0,,,,,,,,,,,,,,,,,,,,,,,,,,,,,,,,,,,,,,,,,,,,,
"2025-11-10 14:18:33.3699908Z","2025-11-10 14:18:33.3699908Z","ETW","Microsoft-Windows-Kernel-Audit-API-Calls",5,"PsOpenProcess"," 2972 cyserver.exe",7160,,," 2508 git.exe",,,,,,,,,,,,,,,,,,,,,,,,,,,,,1762784313369990800,,,,,,,,,,,,,,,,1024,0,,,,,,,,,,,,,,,,,,,,,,,,,,,,,,,,,,,,,,,,,,,,,
"2025-11-10 14:18:33.3722945Z","2025-11-10 14:18:33.3722945Z","ETW","Microsoft-Windows-Kernel-Process",5,"ImageLoad Info "," 2508 git.exe",10652,,," 2508 git.exe",,,"C:\Program Files\Git\mingw64\bin\zlib1.dll",,,,,,,,,,,,,,,,,,,,,,,,,,1762784313372294600,,,,,,,,,,,140736855408640,140736855408640,173920,147456,1705996161,,,,,,,,,,,,,,,,,,,,,,,,,,,,,,,,,,,,,,,,,,,,,,,
"2025-11-10 14:18:33.3723491Z","2025-11-10 14:18:33.3723491Z","ETW","Microsoft-Windows-Kernel-Audit-API-Calls",6,"PsOpenThread"," 2972 cyserver.exe",7728,,," 2508 git.exe",10652,,,,,,,,,,,,,,,,,,,,,,,,,,,,1762784313372349100,,,,,,,,,,,,,,,,64,0,,,,,,,,,,,,,,,,,,,,,,,,,,,,,,,,,,,,,,,,,,,,,
"2025-11-10 14:18:33.3723635Z","2025-11-10 14:18:33.3723635Z","ETW","Microsoft-Windows-Kernel-Audit-API-Calls",5,"PsOpenProcess"," 2972 cyserver.exe",7728,,," 2508 git.exe",,,,,,,,,,,,,,,,,,,,,,,,,,,,,1762784313372363500,,,,,,,,,,,,,,,,1024,0,,,,,,,,,,,,,,,,,,,,,,,,,,,,,,,,,,,,,,,,,,,,,
"2025-11-10 14:18:33.3780142Z","2025-11-10 14:18:33.3780142Z","ETW","Microsoft-Windows-Kernel-Process",5,"ImageLoad Info "," 2508 git.exe",5256,,," 2508 git.exe",,,"C:\Windows\System32\cryptbase.dll",,,,,,,,,,,,,,,,,,,,,,,,,,1762784313378014200,,,,,,,,,,,140737272020992,140737272020992,66383,49152,1678623338,,,,,,,,,,,,,,,,,,,,,,,,,,,,,,,,,,,,,,,,,,,,,,,
"2025-11-10 14:18:33.3792421Z","2025-11-10 14:18:33.3792421Z","ETW","Microsoft-Windows-Kernel-Process",5,"ImageLoad Info "," 2508 git.exe",5256,,," 2508 git.exe",,,"C:\Windows\System32\bcryptprimitives.dll",,,,,,,,,,,,,,,,,,,,,,,,,,1762784313379242200,,,,,,,,,,,140737282572288,140737282572288,531569,532480,3309379821,,,,,,,,,,,,,,,,,,,,,,,,,,,,,,,,,,,,,,,,,,,,,,,
"2025-11-10 14:18:33.3808024Z","2025-11-10 14:18:33.3808024Z","ETW","Microsoft-Windows-Kernel-Process",5,"ImageLoad Info "," 2508 git.exe",5256,,," 2508 git.exe",,,"C:\Windows\System32\imm32.dll",,,,,,,,,,,,,,,,,,,,,,,,,,1762784313380802400,,,,,,,,,,,140737309310976,140737309310976,238320,192512,770155462,,,,,,,,,,,,,,,,,,,,,,,,,,,,,,,,,,,,,,,,,,,,,,,
"2025-11-10 14:18:33.3961653Z","2025-11-10 14:18:33.3961653Z","ETW","Microsoft-Windows-Kernel-Audit-API-Calls",6,"PsOpenThread","10364 mintty.exe",5868,,,"10364 mintty.exe",5868,,,,,,,,,,,,,,,,,,,,,,,,,,,,1762784313396165300,,,,,,,,,,,,,,,,1024,0,,,,,,,,,,,,,,,,,,,,,,,,,,,,,,,,,,,,,,,,,,,,,
"2025-11-10 14:18:33.4072084Z","2025-11-10 14:18:33.4072084Z","ETW","Microsoft-Windows-Kernel-Process",5,"ImageLoad Info "," 2508 git.exe",5256,,," 2508 git.exe",,,"C:\Windows\System32\ntmarta.dll",,,,,,,,,,,,,,,,,,,,,,,,,,1762784313407208400,,,,,,,,,,,140737265074176,140737265074176,197444,208896,4265087599,,,,,,,,,,,,,,,,,,,,,,,,,,,,,,,,,,,,,,,,,,,,,,,
"2025-11-10 14:18:33.4099815Z","2025-11-10 14:18:33.4099815Z","ETW","Microsoft-Windows-Kernel-Process",4,"ThreadStop Stop "," 2508 git.exe",10652,,," 2508 git.exe",,,,,,,,,,,,,,,,,,,,,,,,,,,,,1762784313409981500,,18446606103145480192,18446606103145451520,140737324634384,0,756523139072,10652,756532903936,756532895744,140737324634384,,,,,,,,,,,3454326,,,,,,,,,,,,,,,,,,,,,,,,,,,,,,,,,,,,,,,,,
"2025-11-10 14:18:33.4100766Z","2025-11-10 14:18:33.4100766Z","ETW","Microsoft-Windows-Kernel-Process",4,"ThreadStop Stop "," 2508 git.exe",5004,,," 2508 git.exe",,,,,,,,,,,,,,,,,,,,,,,,,,,,,1762784313410076600,,18446606103145709568,18446606103145680896,140737324634384,0,756523130880,5004,756530806784,756530798592,140737324634384,,,,,,,,,,,1958591,,,,,,,,,,,,,,,,,,,,,,,,,,,,,,,,,,,,,,,,,
"2025-11-10 14:18:33.4101279Z","2025-11-10 14:18:33.4101279Z","ETW","Microsoft-Windows-Kernel-Process",4,"ThreadStop Stop "," 2508 git.exe",10012,,," 2508 git.exe",,,,,,,,,,,,,,,,,,,,,,,,,,,,,1762784313410127900,,18446606103145119744,18446606103145091072,140737324634384,0,756523122688,10012,756528709632,756528701440,140737324634384,,,,,,,,,,,2501968,,,,,,,,,,,,,,,,,,,,,,,,,,,,,,,,,,,,,,,,,
"2025-11-10 14:18:33.4102897Z","2025-11-10 14:18:33.4102897Z","ETW","Microsoft-Windows-Kernel-Process",4,"ThreadStop Stop "," 2508 git.exe",5256,,," 2508 git.exe",,,,,,,,,,,,,,,,,,,,,,,,,,,,,1762784313410289700,,18446606103145447424,18446606103145418752,140702939157504,0,756523114496,5256,756526612480,756526460928,140702939157504,,,,,,,,,,,109427239,,,,,,,,,,,,,,,,,,,,,,,,,,,,,,,,,,,,,,,,,
"2025-11-10 14:18:33.4107044Z","2025-11-10 14:18:33.4107044Z","ETW","Microsoft-Windows-Kernel-Process",6,"ImageUnload Info "," 2508 git.exe",5256,,," 2508 git.exe",,,"C:\Program Files\Git\mingw64\bin\git.exe",,,,,,,,,,,,,,,,,,,,,,,,,,1762784313410704400,,,,,,,,,,,140702939152384,140702939152384,4315928,4505600,1759182642,,,,,,,,,,,,,,,,,,,,,,,,,,,,,,,,,,,,,,,,,,,,,,,
"2025-11-10 14:18:33.4107107Z","2025-11-10 14:18:33.4107107Z","ETW","Microsoft-Windows-Kernel-Process",6,"ImageUnload Info "," 2508 git.exe",5256,,," 2508 git.exe",,,"C:\Program Files\Git\mingw64\bin\libiconv-2.dll",,,,,,,,,,,,,,,,,,,,,,,,,,1762784313410710700,,,,,,,,,,,140736814907392,140736814907392,1196713,1171456,1734459032,,,,,,,,,,,,,,,,,,,,,,,,,,,,,,,,,,,,,,,,,,,,,,,
"2025-11-10 14:18:33.4107151Z","2025-11-10 14:18:33.4107151Z","ETW","Microsoft-Windows-Kernel-Process",6,"ImageUnload Info "," 2508 git.exe",5256,,," 2508 git.exe",,,"C:\Program Files\Git\mingw64\bin\libpcre2-8-0.dll",,,,,,,,,,,,,,,,,,,,,,,,,,1762784313410715100,,,,,,,,,,,140736842039296,140736842039296,736699,733184,1756356616,,,,,,,,,,,,,,,,,,,,,,,,,,,,,,,,,,,,,,,,,,,,,,,
"2025-11-10 14:18:33.4107192Z","2025-11-10 14:18:33.4107192Z","ETW","Microsoft-Windows-Kernel-Process",6,"ImageUnload Info "," 2508 git.exe",5256,,," 2508 git.exe",,,"C:\Program Files\Git\mingw64\bin\libintl-8.dll",,,,,,,,,,,,,,,,,,,,,,,,,,1762784313410719200,,,,,,,,,,,140736852000768,140736852000768,317681,335872,1753251091,,,,,,,,,,,,,,,,,,,,,,,,,,,,,,,,,,,,,,,,,,,,,,,
"2025-11-10 14:18:33.4107235Z","2025-11-10 14:18:33.4107235Z","ETW","Microsoft-Windows-Kernel-Process",6,"ImageUnload Info "," 2508 git.exe",5256,,," 2508 git.exe",,,"C:\Program Files\Git\mingw64\bin\zlib1.dll",,,,,,,,,,,,,,,,,,,,,,,,,,1762784313410723500,,,,,,,,,,,140736855408640,140736855408640,173920,147456,1705996161,,,,,,,,,,,,,,,,,,,,,,,,,,,,,,,,,,,,,,,,,,,,,,,
"2025-11-10 14:18:33.4107281Z","2025-11-10 14:18:33.4107281Z","ETW","Microsoft-Windows-Kernel-Process",6,"ImageUnload Info "," 2508 git.exe",5256,,," 2508 git.exe",,,"C:\Program Files\Git\mingw64\bin\libwinpthread-1.dll",,,,,,,,,,,,,,,,,,,,,,,,,,1762784313410728100,,,,,,,,,,,140736863469568,140736863469568,77046,90112,1758466668,,,,,,,,,,,,,,,,,,,,,,,,,,,,,,,,,,,,,,,,,,,,,,,
"2025-11-10 14:18:33.4107620Z","2025-11-10 14:18:33.4107620Z","ETW","Microsoft-Windows-Kernel-Process",6,"ImageUnload Info "," 2508 git.exe",5256,,," 2508 git.exe",,,"C:\Windows\System32\ntmarta.dll",,,,,,,,,,,,,,,,,,,,,,,,,,1762784313410762000,,,,,,,,,,,140737265074176,140737265074176,197444,208896,4265087599,,,,,,,,,,,,,,,,,,,,,,,,,,,,,,,,,,,,,,,,,,,,,,,
"2025-11-10 14:18:33.4107808Z","2025-11-10 14:18:33.4107808Z","ETW","Microsoft-Windows-Kernel-Process",6,"ImageUnload Info "," 2508 git.exe",5256,,," 2508 git.exe",,,"C:\Windows\System32\cryptbase.dll",,,,,,,,,,,,,,,,,,,,,,,,,,1762784313410780800,,,,,,,,,,,140737272020992,140737272020992,66383,49152,1678623338,,,,,,,,,,,,,,,,,,,,,,,,,,,,,,,,,,,,,,,,,,,,,,,
"2025-11-10 14:18:33.4107955Z","2025-11-10 14:18:33.4107955Z","ETW","Microsoft-Windows-Kernel-Process",6,"ImageUnload Info "," 2508 git.exe",5256,,," 2508 git.exe",,,"C:\Windows\System32\bcrypt.dll",,,,,,,,,,,,,,,,,,,,,,,,,,1762784313410795500,,,,,,,,,,,140737279623168,140737279623168,171668,159744,2220160889,,,,,,,,,,,,,,,,,,,,,,,,,,,,,,,,,,,,,,,,,,,,,,,
"2025-11-10 14:18:33.4108182Z","2025-11-10 14:18:33.4108182Z","ETW","Microsoft-Windows-Kernel-Process",6,"ImageUnload Info "," 2508 git.exe",5256,,," 2508 git.exe",,,"C:\Windows\System32\msvcp_win.dll",,,,,,,,,,,,,,,,,,,,,,,,,,1762784313410818200,,,,,,,,,,,140737279819776,140737279819776,659111,643072,958749903,,,,,,,,,,,,,,,,,,,,,,,,,,,,,,,,,,,,,,,,,,,,,,,
"2025-11-10 14:18:33.4108384Z","2025-11-10 14:18:33.4108384Z","ETW","Microsoft-Windows-Kernel-Process",6,"ImageUnload Info "," 2508 git.exe",5256,,," 2508 git.exe",,,"C:\Windows\System32\win32u.dll",,,,,,,,,,,,,,,,,,,,,,,,,,1762784313410838400,,,,,,,,,,,140737281196032,140737281196032,183095,139264,3760910660,,,,,,,,,,,,,,,,,,,,,,,,,,,,,,,,,,,,,,,,,,,,,,,
"2025-11-10 14:18:33.4108585Z","2025-11-10 14:18:33.4108585Z","ETW","Microsoft-Windows-Kernel-Process",6,"ImageUnload Info "," 2508 git.exe",5256,,," 2508 git.exe",,,"C:\Windows\System32\gdi32full.dll",,,,,,,,,,,,,,,,,,,,,,,,,,1762784313410858500,,,,,,,,,,,140737281392640,140737281392640,1167211,1150976,1288019395,,,,,,,,,,,,,,,,,,,,,,,,,,,,,,,,,,,,,,,,,,,,,,,
"2025-11-10 14:18:33.4108788Z","2025-11-10 14:18:33.4108788Z","ETW","Microsoft-Windows-Kernel-Process",6,"ImageUnload Info "," 2508 git.exe",5256,,," 2508 git.exe",,,"C:\Windows\System32\bcryptprimitives.dll",,,,,,,,,,,,,,,,,,,,,,,,,,1762784313410878800,,,,,,,,,,,140737282572288,140737282572288,531569,532480,3309379821,,,,,,,,,,,,,,,,,,,,,,,,,,,,,,,,,,,,,,,,,,,,,,,
"2025-11-10 14:18:33.4108934Z","2025-11-10 14:18:33.4108934Z","ETW","Microsoft-Windows-Kernel-Process",6,"ImageUnload Info "," 2508 git.exe",5256,,," 2508 git.exe",,,"C:\Windows\System32\ucrtbase.dll",,,,,,,,,,,,,,,,,,,,,,,,,,1762784313410893400,,,,,,,,,,,140737283162112,140737283162112,1076532,1048576,2177850761,,,,,,,,,,,,,,,,,,,,,,,,,,,,,,,,,,,,,,,,,,,,,,,
"2025-11-10 14:18:33.4109071Z","2025-11-10 14:18:33.4109071Z","ETW","Microsoft-Windows-Kernel-Process",6,"ImageUnload Info "," 2508 git.exe",5256,,," 2508 git.exe",,,"C:\Windows\System32\ws2_32.dll",,,,,,,,,,,,,,,,,,,,,,,,,,1762784313410907200,,,,,,,,,,,140737305772032,140737305772032,489137,438272,2047685052,,,,,,,,,,,,,,,,,,,,,,,,,,,,,,,,,,,,,,,,,,,,,,,
"2025-11-10 14:18:33.4109213Z","2025-11-10 14:18:33.4109213Z","ETW","Microsoft-Windows-Kernel-Process",6,"ImageUnload Info "," 2508 git.exe",5256,,," 2508 git.exe",,,"C:\Windows\System32\advapi32.dll",,,,,,,,,,,,,,,,,,,,,,,,,,1762784313410921300,,,,,,,,,,,140737306951680,140737306951680,744837,724992,4166620877,,,,,,,,,,,,,,,,,,,,,,,,,,,,,,,,,,,,,,,,,,,,,,,
"2025-11-10 14:18:33.4109348Z","2025-11-10 14:18:33.4109348Z","ETW","Microsoft-Windows-Kernel-Process",6,"ImageUnload Info "," 2508 git.exe",5256,,," 2508 git.exe",,,"C:\Windows\System32\sechost.dll",,,,,,,,,,,,,,,,,,,,,,,,,,1762784313410934800,,,,,,,,,,,140737308262400,140737308262400,647124,651264,2117042745,,,,,,,,,,,,,,,,,,,,,,,,,,,,,,,,,,,,,,,,,,,,,,,
"2025-11-10 14:18:33.4109482Z","2025-11-10 14:18:33.4109482Z","ETW","Microsoft-Windows-Kernel-Process",6,"ImageUnload Info "," 2508 git.exe",5256,,," 2508 git.exe",,,"C:\Windows\System32\imm32.dll",,,,,,,,,,,,,,,,,,,,,,,,,,1762784313410948200,,,,,,,,,,,140737309310976,140737309310976,238320,192512,770155462,,,,,,,,,,,,,,,,,,,,,,,,,,,,,,,,,,,,,,,,,,,,,,,
"2025-11-10 14:18:33.4109620Z","2025-11-10 14:18:33.4109620Z","ETW","Microsoft-Windows-Kernel-Process",6,"ImageUnload Info "," 2508 git.exe",5256,,," 2508 git.exe",,,"C:\Windows\System32\gdi32.dll",,,,,,,,,,,,,,,,,,,,,,,,,,1762784313410962000,,,,,,,,,,,140737309507584,140737309507584,210990,176128,2413768611,,,,,,,,,,,,,,,,,,,,,,,,,,,,,,,,,,,,,,,,,,,,,,,
"2025-11-10 14:18:33.4109752Z","2025-11-10 14:18:33.4109752Z","ETW","Microsoft-Windows-Kernel-Process",6,"ImageUnload Info "," 2508 git.exe",5256,,," 2508 git.exe",,,"C:\Windows\System32\msvcrt.dll",,,,,,,,,,,,,,,,,,,,,,,,,,1762784313410975200,,,,,,,,,,,140737314357248,140737314357248,681663,647168,2616593924,,,,,,,,,,,,,,,,,,,,,,,,,,,,,,,,,,,,,,,,,,,,,,,
"2025-11-10 14:18:33.4109881Z","2025-11-10 14:18:33.4109881Z","ETW","Microsoft-Windows-Kernel-Process",6,"ImageUnload Info "," 2508 git.exe",5256,,," 2508 git.exe",,,"C:\Windows\System32\rpcrt4.dll",,,,,,,,,,,,,,,,,,,,,,,,,,1762784313410988100,,,,,,,,,,,140737317109760,140737317109760,1217917,1179648,2756017066,,,,,,,,,,,,,,,,,,,,,,,,,,,,,,,,,,,,,,,,,,,,,,,
"2025-11-10 14:18:33.4110023Z","2025-11-10 14:18:33.4110023Z","ETW","Microsoft-Windows-Kernel-Process",6,"ImageUnload Info "," 2508 git.exe",5256,,," 2508 git.exe",,,"C:\Windows\System32\KernelBase.dll",,,,,,,,,,,,,,,,,,,,,,,,,,1762784313411002300,,,,,,,,,,,140737318289408,140737318289408,3171178,3104768,1448155220,,,,,,,,,,,,,,,,,,,,,,,,,,,,,,,,,,,,,,,,,,,,,,,
"2025-11-10 14:18:33.4110161Z","2025-11-10 14:18:33.4110161Z","ETW","Microsoft-Windows-Kernel-Process",6,"ImageUnload Info "," 2508 git.exe",5256,,," 2508 git.exe",,,"C:\Windows\System32\kernel32.dll",,,,,,,,,,,,,,,,,,,,,,,,,,1762784313411016100,,,,,,,,,,,140737321435136,140737321435136,801304,794624,4007722010,,,,,,,,,,,,,,,,,,,,,,,,,,,,,,,,,,,,,,,,,,,,,,,
"2025-11-10 14:18:33.4110293Z","2025-11-10 14:18:33.4110293Z","ETW","Microsoft-Windows-Kernel-Process",6,"ImageUnload Info "," 2508 git.exe",5256,,," 2508 git.exe",,,"C:\Windows\System32\user32.dll",,,,,,,,,,,,,,,,,,,,,,,,,,1762784313411029300,,,,,,,,,,,140737322287104,140737322287104,1767867,1708032,1351922499,,,,,,,,,,,,,,,,,,,,,,,,,,,,,,,,,,,,,,,,,,,,,,,
"2025-11-10 14:18:33.4110428Z","2025-11-10 14:18:33.4110428Z","ETW","Microsoft-Windows-Kernel-Process",6,"ImageUnload Info "," 2508 git.exe",5256,,," 2508 git.exe",,,"C:\Windows\System32\ntdll.dll",,,,,,,,,,,,,,,,,,,,,,,,,,1762784313411042800,,,,,,,,,,,140737324318720,140737324318720,2048895,2064384,2127151453,,,,,,,,,,,,,,,,,,,,,,,,,,,,,,,,,,,,,,,,,,,,,,,
"2025-11-10 14:18:33.4110538Z","2025-11-10 14:18:33.4110538Z","ETW","Microsoft-Windows-Kernel-Process",2,"ProcessStop Stop "," 2508 git.exe",5256,,," 2508 git.exe",,,"git.exe",,,,,,,,,,,,,,,,,,,,,,,,,,1762784313411053800,,,,,,,,,,,,,,,,,,,,,,,,134072579133388983,,,,,,,25933,,,,,,,,,,,,,,2834432,35373056,119763318,1,134072579134106561,75,0,14,1,3,0,0,,,,,,
"2025-11-10 14:18:33.4431071Z","2025-11-10 14:18:33.4431071Z","ETW","Microsoft-Windows-Kernel-Audit-API-Calls",5,"PsOpenProcess"," 3316 bash.exe",1916,,,"10364 mintty.exe",,,,,,,,,,,,,,,,,,,,,,,,,,,,,1762784313443107100,,,,,,,,,,,,,,,,64,0,,,,,,,,,,,,,,,,,,,,,,,,,,,,,,,,,,,,,,,,,,,,,
"2025-11-10 14:18:33.4437832Z","2025-11-10 14:18:33.4437832Z","ETW","Microsoft-Windows-Kernel-Audit-API-Calls",5,"PsOpenProcess"," 3316 bash.exe",1916,,," 6768 bash.exe",,,,,,,,,,,,,,,,,,,,,,,,,,,,,1762784313443783200,,,,,,,,,,,,,,,,4096,0,,,,,,,,,,,,,,,,,,,,,,,,,,,,,,,,,,,,,,,,,,,,,
"2025-11-10 14:18:33.4438743Z","2025-11-10 14:18:33.4438743Z","ETW","Microsoft-Windows-Kernel-Audit-API-Calls",5,"PsOpenProcess"," 3032 conhost.exe",5540,,," 3316 bash.exe",,,,,,,,,,,,,,,,,,,,,,,,,,,,,1762784313443874300,,,,,,,,,,,,,,,,33554432,0,,,,,,,,,,,,,,,,,,,,,,,,,,,,,,,,,,,,,,,,,,,,,
"2025-11-10 14:18:33.4441911Z","2025-11-10 14:18:33.4441911Z","ETW","Microsoft-Windows-Kernel-Process",4,"ThreadStop Stop "," 9324 conhost.exe",10404,,," 9324 conhost.exe",,,,,,,,,,,,,,,,,,,,,,,,,,,,,1762784313444191100,,18446606103145545728,18446606103145517056,140700242381968,0,216487813120,10404,216491098112,216491089920,140700242381968,,,,,,,,,,,68922,,,,,,,,,,,,,,,,,,,,,,,,,,,,,,,,,,,,,,,,,
"2025-11-10 14:18:33.4442074Z","2025-11-10 14:18:33.4442074Z","ETW","Microsoft-Windows-Kernel-Process",4,"ThreadStop Stop "," 9324 conhost.exe",8544,,," 9324 conhost.exe",,,,,,,,,,,,,,,,,,,,,,,,,,,,,1762784313444207400,,18446606103145611264,18446606103145582592,140700242380928,0,216487845888,8544,216492670976,216492662784,140700242380928,,,,,,,,,,,111664,,,,,,,,,,,,,,,,,,,,,,,,,,,,,,,,,,,,,,,,,
"2025-11-10 14:18:33.4442984Z","2025-11-10 14:18:33.4442984Z","ETW","Microsoft-Windows-Kernel-Process",4,"ThreadStop Stop "," 9324 conhost.exe",8184,,," 9324 conhost.exe",,,,,,,,,,,,,,,,,,,,,,,,,,,,,1762784313444298400,,18446606103145611264,18446606103145582592,140700242095872,0,216487837696,8184,216492146688,216492130304,140700242095872,,,,,,,,,,,13697976,,,,,,,,,,,,,,,,,,,,,,,,,,,,,,,,,,,,,,,,,
"2025-11-10 14:18:33.4443278Z","2025-11-10 14:18:33.4443278Z","ETW","Microsoft-Windows-Kernel-Process",4,"ThreadStop Stop "," 9324 conhost.exe",10384,,," 9324 conhost.exe",,,,,,,,,,,,,,,,,,,,,,,,,,,,,1762784313444327800,,18446606103145414656,18446606103145385984,140700242196320,0,216487829504,10384,216489525248,216489517056,140700242196320,,,,,,,,,,,1065207,,,,,,,,,,,,,,,,,,,,,,,,,,,,,,,,,,,,,,,,,
"2025-11-10 14:18:33.4443892Z","2025-11-10 14:18:33.4443892Z","ETW","Microsoft-Windows-Kernel-Process",4,"ThreadStop Stop "," 9324 conhost.exe",8836,,," 9324 conhost.exe",,,,,,,,,,,,,,,,,,,,,,,,,,,,,1762784313444389200,,18446606103145644032,18446606103145615360,140737324634384,0,216487821312,8836,216491622400,216491614208,140737324634384,,,,,,,,,,,107174,,,,,,,,,,,,,,,,,,,,,,,,,,,,,,,,,,,,,,,,,
"2025-11-10 14:18:33.4444214Z","2025-11-10 14:18:33.4444214Z","ETW","Microsoft-Windows-Kernel-Process",4,"ThreadStop Stop "," 9324 conhost.exe",11480,,," 9324 conhost.exe",,,,,,,,,,,,,,,,,,,,,,,,,,,,,1762784313444421400,,18446606103145512960,18446606103145484288,140700242153168,0,216487804928,11480,216490573824,216490557440,140700242153168,,,,,,,,,,,15492464,,,,,,,,,,,,,,,,,,,,,,,,,,,,,,,,,,,,,,,,,
"2025-11-10 14:18:33.4444605Z","2025-11-10 14:18:33.4444605Z","ETW","Microsoft-Windows-Kernel-Process",4,"ThreadStop Stop "," 9324 conhost.exe",9048,,," 9324 conhost.exe",,,,,,,,,,,,,,,,,,,,,,,,,,,,,1762784313444460500,,18446606103121494016,18446606103121465344,140737324634384,0,216487796736,9048,216490049536,216490041344,140737324634384,,,,,,,,,,,796704,,,,,,,,,,,,,,,,,,,,,,,,,,,,,,,,,,,,,,,,,
"2025-11-10 14:18:33.4461153Z","2025-11-10 14:18:33.4461153Z","ETW","Microsoft-Windows-Kernel-Process",6,"ImageUnload Info "," 9324 conhost.exe",9048,,," 9324 conhost.exe",,,"C:\Windows\System32\conhost.exe",,,,,,,,,,,,,,,,,,,,,,,,,,1762784313446115300,,,,,,,,,,,140700242083840,140700242083840,907531,897024,2536827738,,,,,,,,,,,,,,,,,,,,,,,,,,,,,,,,,,,,,,,,,,,,,,,
"2025-11-10 14:18:33.4461297Z","2025-11-10 14:18:33.4461297Z","ETW","Microsoft-Windows-Kernel-Process",6,"ImageUnload Info "," 9324 conhost.exe",9048,,," 9324 conhost.exe",,,"C:\Windows\System32\uxtheme.dll",,,,,,,,,,,,,,,,,,,,,,,,,,1762784313446129700,,,,,,,,,,,140737239515136,140737239515136,640454,647168,3697381598,,,,,,,,,,,,,,,,,,,,,,,,,,,,,,,,,,,,,,,,,,,,,,,
"2025-11-10 14:18:33.4461413Z","2025-11-10 14:18:33.4461413Z","ETW","Microsoft-Windows-Kernel-Process",6,"ImageUnload Info "," 9324 conhost.exe",9048,,," 9324 conhost.exe",,,"C:\Windows\System32\bcrypt.dll",,,,,,,,,,,,,,,,,,,,,,,,,,1762784313446141300,,,,,,,,,,,140737279623168,140737279623168,171668,159744,2220160889,,,,,,,,,,,,,,,,,,,,,,,,,,,,,,,,,,,,,,,,,,,,,,,
"2025-11-10 14:18:33.4461530Z","2025-11-10 14:18:33.4461530Z","ETW","Microsoft-Windows-Kernel-Process",6,"ImageUnload Info "," 9324 conhost.exe",9048,,," 9324 conhost.exe",,,"C:\Windows\System32\msvcp_win.dll",,,,,,,,,,,,,,,,,,,,,,,,,,1762784313446153000,,,,,,,,,,,140737279819776,140737279819776,659111,643072,958749903,,,,,,,,,,,,,,,,,,,,,,,,,,,,,,,,,,,,,,,,,,,,,,,
"2025-11-10 14:18:33.4461652Z","2025-11-10 14:18:33.4461652Z","ETW","Microsoft-Windows-Kernel-Process",6,"ImageUnload Info "," 9324 conhost.exe",9048,,," 9324 conhost.exe",,,"C:\Windows\System32\win32u.dll",,,,,,,,,,,,,,,,,,,,,,,,,,1762784313446165200,,,,,,,,,,,140737281196032,140737281196032,183095,139264,3760910660,,,,,,,,,,,,,,,,,,,,,,,,,,,,,,,,,,,,,,,,,,,,,,,
"2025-11-10 14:18:33.4461765Z","2025-11-10 14:18:33.4461765Z","ETW","Microsoft-Windows-Kernel-Process",6,"ImageUnload Info "," 9324 conhost.exe",9048,,," 9324 conhost.exe",,,"C:\Windows\System32\gdi32full.dll",,,,,,,,,,,,,,,,,,,,,,,,,,1762784313446176500,,,,,,,,,,,140737281392640,140737281392640,1167211,1150976,1288019395,,,,,,,,,,,,,,,,,,,,,,,,,,,,,,,,,,,,,,,,,,,,,,,
"2025-11-10 14:18:33.4461869Z","2025-11-10 14:18:33.4461869Z","ETW","Microsoft-Windows-Kernel-Process",6,"ImageUnload Info "," 9324 conhost.exe",9048,,," 9324 conhost.exe",,,"C:\Windows\System32\ucrtbase.dll",,,,,,,,,,,,,,,,,,,,,,,,,,1762784313446186900,,,,,,,,,,,140737283162112,140737283162112,1076532,1048576,2177850761,,,,,,,,,,,,,,,,,,,,,,,,,,,,,,,,,,,,,,,,,,,,,,,
"2025-11-10 14:18:33.4461973Z","2025-11-10 14:18:33.4461973Z","ETW","Microsoft-Windows-Kernel-Process",6,"ImageUnload Info "," 9324 conhost.exe",9048,,," 9324 conhost.exe",,,"C:\Windows\System32\combase.dll",,,,,,,,,,,,,,,,,,,,,,,,,,1762784313446197300,,,,,,,,,,,140737287094272,140737287094272,3535278,3489792,144435709,,,,,,,,,,,,,,,,,,,,,,,,,,,,,,,,,,,,,,,,,,,,,,,
"2025-11-10 14:18:33.4462093Z","2025-11-10 14:18:33.4462093Z","ETW","Microsoft-Windows-Kernel-Process",6,"ImageUnload Info "," 9324 conhost.exe",9048,,," 9324 conhost.exe",,,"C:\Windows\System32\msctf.dll",,,,,,,,,,,,,,,,,,,,,,,,,,1762784313446209300,,,,,,,,,,,140737291616256,140737291616256,1159359,1134592,3815625169,,,,,,,,,,,,,,,,,,,,,,,,,,,,,,,,,,,,,,,,,,,,,,,
"2025-11-10 14:18:33.4462199Z","2025-11-10 14:18:33.4462199Z","ETW","Microsoft-Windows-Kernel-Process",6,"ImageUnload Info "," 9324 conhost.exe",9048,,," 9324 conhost.exe",,,"C:\Windows\System32\SHCore.dll",,,,,,,,,,,,,,,,,,,,,,,,,,1762784313446219900,,,,,,,,,,,140737304985600,140737304985600,705789,708608,3896055862,,,,,,,,,,,,,,,,,,,,,,,,,,,,,,,,,,,,,,,,,,,,,,,
"2025-11-10 14:18:33.4462312Z","2025-11-10 14:18:33.4462312Z","ETW","Microsoft-Windows-Kernel-Process",6,"ImageUnload Info "," 9324 conhost.exe",9048,,," 9324 conhost.exe",,,"C:\Windows\System32\advapi32.dll",,,,,,,,,,,,,,,,,,,,,,,,,,1762784313446231200,,,,,,,,,,,140737306951680,140737306951680,744837,724992,4166620877,,,,,,,,,,,,,,,,,,,,,,,,,,,,,,,,,,,,,,,,,,,,,,,
"2025-11-10 14:18:33.4462424Z","2025-11-10 14:18:33.4462424Z","ETW","Microsoft-Windows-Kernel-Process",6,"ImageUnload Info "," 9324 conhost.exe",9048,,," 9324 conhost.exe",,,"C:\Windows\System32\sechost.dll",,,,,,,,,,,,,,,,,,,,,,,,,,1762784313446242400,,,,,,,,,,,140737308262400,140737308262400,647124,651264,2117042745,,,,,,,,,,,,,,,,,,,,,,,,,,,,,,,,,,,,,,,,,,,,,,,
"2025-11-10 14:18:33.4462527Z","2025-11-10 14:18:33.4462527Z","ETW","Microsoft-Windows-Kernel-Process",6,"ImageUnload Info "," 9324 conhost.exe",9048,,," 9324 conhost.exe",,,"C:\Windows\System32\imm32.dll",,,,,,,,,,,,,,,,,,,,,,,,,,1762784313446252700,,,,,,,,,,,140737309310976,140737309310976,238320,192512,770155462,,,,,,,,,,,,,,,,,,,,,,,,,,,,,,,,,,,,,,,,,,,,,,,
"2025-11-10 14:18:33.4462631Z","2025-11-10 14:18:33.4462631Z","ETW","Microsoft-Windows-Kernel-Process",6,"ImageUnload Info "," 9324 conhost.exe",9048,,," 9324 conhost.exe",,,"C:\Windows\System32\gdi32.dll",,,,,,,,,,,,,,,,,,,,,,,,,,1762784313446263100,,,,,,,,,,,140737309507584,140737309507584,210990,176128,2413768611,,,,,,,,,,,,,,,,,,,,,,,,,,,,,,,,,,,,,,,,,,,,,,,
"2025-11-10 14:18:33.4462738Z","2025-11-10 14:18:33.4462738Z","ETW","Microsoft-Windows-Kernel-Process",6,"ImageUnload Info "," 9324 conhost.exe",9048,,," 9324 conhost.exe",,,"C:\Windows\System32\msvcrt.dll",,,,,,,,,,,,,,,,,,,,,,,,,,1762784313446273800,,,,,,,,,,,140737314357248,140737314357248,681663,647168,2616593924,,,,,,,,,,,,,,,,,,,,,,,,,,,,,,,,,,,,,,,,,,,,,,,
"2025-11-10 14:18:33.4462841Z","2025-11-10 14:18:33.4462841Z","ETW","Microsoft-Windows-Kernel-Process",6,"ImageUnload Info "," 9324 conhost.exe",9048,,," 9324 conhost.exe",,,"C:\Windows\System32\oleaut32.dll",,,,,,,,,,,,,,,,,,,,,,,,,,1762784313446284100,,,,,,,,,,,140737315012608,140737315012608,849765,839680,3559841777,,,,,,,,,,,,,,,,,,,,,,,,,,,,,,,,,,,,,,,,,,,,,,,
"2025-11-10 14:18:33.4462942Z","2025-11-10 14:18:33.4462942Z","ETW","Microsoft-Windows-Kernel-Process",6,"ImageUnload Info "," 9324 conhost.exe",9048,,," 9324 conhost.exe",,,"C:\Windows\System32\rpcrt4.dll",,,,,,,,,,,,,,,,,,,,,,,,,,1762784313446294200,,,,,,,,,,,140737317109760,140737317109760,1217917,1179648,2756017066,,,,,,,,,,,,,,,,,,,,,,,,,,,,,,,,,,,,,,,,,,,,,,,
"2025-11-10 14:18:33.4463053Z","2025-11-10 14:18:33.4463053Z","ETW","Microsoft-Windows-Kernel-Process",6,"ImageUnload Info "," 9324 conhost.exe",9048,,," 9324 conhost.exe",,,"C:\Windows\System32\KernelBase.dll",,,,,,,,,,,,,,,,,,,,,,,,,,1762784313446305300,,,,,,,,,,,140737318289408,140737318289408,3171178,3104768,1448155220,,,,,,,,,,,,,,,,,,,,,,,,,,,,,,,,,,,,,,,,,,,,,,,
"2025-11-10 14:18:33.4463160Z","2025-11-10 14:18:33.4463160Z","ETW","Microsoft-Windows-Kernel-Process",6,"ImageUnload Info "," 9324 conhost.exe",9048,,," 9324 conhost.exe",,,"C:\Windows\System32\kernel32.dll",,,,,,,,,,,,,,,,,,,,,,,,,,1762784313446316000,,,,,,,,,,,140737321435136,140737321435136,801304,794624,4007722010,,,,,,,,,,,,,,,,,,,,,,,,,,,,,,,,,,,,,,,,,,,,,,,
"2025-11-10 14:18:33.4463260Z","2025-11-10 14:18:33.4463260Z","ETW","Microsoft-Windows-Kernel-Process",6,"ImageUnload Info "," 9324 conhost.exe",9048,,," 9324 conhost.exe",,,"C:\Windows\System32\user32.dll",,,,,,,,,,,,,,,,,,,,,,,,,,1762784313446326000,,,,,,,,,,,140737322287104,140737322287104,1767867,1708032,1351922499,,,,,,,,,,,,,,,,,,,,,,,,,,,,,,,,,,,,,,,,,,,,,,,
"2025-11-10 14:18:33.4463377Z","2025-11-10 14:18:33.4463377Z","ETW","Microsoft-Windows-Kernel-Process",6,"ImageUnload Info "," 9324 conhost.exe",9048,,," 9324 conhost.exe",,,"C:\Windows\System32\ntdll.dll",,,,,,,,,,,,,,,,,,,,,,,,,,1762784313446337700,,,,,,,,,,,140737324318720,140737324318720,2048895,2064384,2127151453,,,,,,,,,,,,,,,,,,,,,,,,,,,,,,,,,,,,,,,,,,,,,,,
"2025-11-10 14:18:33.4463458Z","2025-11-10 14:18:33.4463458Z","ETW","Microsoft-Windows-Kernel-Process",2,"ProcessStop Stop "," 9324 conhost.exe",9048,,," 9324 conhost.exe",,,"conhost.exe",,,,,,,,,,,,,,,,,,,,,,,,,,1762784313446345800,,,,,,,,,,,,,,,,,,,,,,,,134072579132728878,,,,,,,25931,,,,,,,,,,,,,,1359872,1396736,59170403,0,134072579134460393,100,0,3,0,3,6,0,,,,,,
"2025-11-10 14:18:33.4481444Z","2025-11-10 14:18:33.4481444Z","ETW","Microsoft-Windows-Kernel-Process",4,"ThreadStop Stop "," 3316 bash.exe",7936,,," 3316 bash.exe",,,,,,,,,,,,,,,,,,,,,,,,,,,,,1762784313448144400,,18446606103145250816,18446606103145222144,8858653840,0,2347008,7936,41091072,41070592,8858653840,,,,,,,,,,,369672,,,,,,,,,,,,,,,,,,,,,,,,,,,,,,,,,,,,,,,,,
"2025-11-10 14:18:33.4481981Z","2025-11-10 14:18:33.4481981Z","ETW","Microsoft-Windows-Kernel-Process",4,"ThreadStop Stop "," 3316 bash.exe",1916,,," 3316 bash.exe",,,,,,,,,,,,,,,,,,,,,,,,,,,,,1762784313448198100,,18446606103145218048,18446606103145189376,4299165696,0,2322432,1916,34359738368,34359644160,4299165696,,,,,,,,,,,90229396,,,,,,,,,,,,,,,,,,,,,,,,,,,,,,,,,,,,,,,,,
"2025-11-10 14:18:33.4483488Z","2025-11-10 14:18:33.4483488Z","ETW","Microsoft-Windows-Kernel-Process",4,"ThreadStop Stop "," 3316 bash.exe",6900,,," 3316 bash.exe",,,,,,,,,,,,,,,,,,,,,,,,,,,,,1762784313448348800,,18446606103145381888,18446606103145353216,140737324634384,0,2338816,6900,12713984,12709888,140737324634384,,,,,,,,,,,85062,,,,,,,,,,,,,,,,,,,,,,,,,,,,,,,,,,,,,,,,,
"2025-11-10 14:18:33.4483869Z","2025-11-10 14:18:33.4483869Z","ETW","Microsoft-Windows-Kernel-Process",4,"ThreadStop Stop "," 3316 bash.exe",7208,,," 3316 bash.exe",,,,,,,,,,,,,,,,,,,,,,,,,,,,,1762784313448386900,,18446606103145316352,18446606103145287680,140737324634384,0,2330624,7208,10616832,10612736,140737324634384,,,,,,,,,,,1627414,,,,,,,,,,,,,,,,,,,,,,,,,,,,,,,,,,,,,,,,,
"2025-11-10 14:18:33.4485900Z","2025-11-10 14:18:33.4485900Z","ETW","Microsoft-Windows-Kernel-Process",6,"ImageUnload Info "," 3316 bash.exe",7208,,," 3316 bash.exe",,,"C:\Program Files\Git\usr\bin\bash.exe",,,,,,,,,,,,,,,,,,,,,,,,,,1762784313448590000,,,,,,,,,,,4299161600,4299161600,2616686,2617344,1727168884,,,,,,,,,,,,,,,,,,,,,,,,,,,,,,,,,,,,,,,,,,,,,,,
"2025-11-10 14:18:33.4485975Z","2025-11-10 14:18:33.4485975Z","ETW","Microsoft-Windows-Kernel-Process",6,"ImageUnload Info "," 3316 bash.exe",7208,,," 3316 bash.exe",,,"C:\Program Files\Git\usr\bin\msys-2.0.dll",,,,,,,,,,,,,,,,,,,,,,,,,,1762784313448597500,,,,,,,,,,,8858632192,8858632192,3356844,3530752,1752689865,,,,,,,,,,,,,,,,,,,,,,,,,,,,,,,,,,,,,,,,,,,,,,,
"2025-11-10 14:18:33.4486230Z","2025-11-10 14:18:33.4486230Z","ETW","Microsoft-Windows-Kernel-Process",6,"ImageUnload Info "," 3316 bash.exe",7208,,," 3316 bash.exe",,,"C:\Windows\System32\cryptbase.dll",,,,,,,,,,,,,,,,,,,,,,,,,,1762784313448623000,,,,,,,,,,,140737272020992,140737272020992,66383,49152,1678623338,,,,,,,,,,,,,,,,,,,,,,,,,,,,,,,,,,,,,,,,,,,,,,,
"2025-11-10 14:18:33.4486351Z","2025-11-10 14:18:33.4486351Z","ETW","Microsoft-Windows-Kernel-Process",6,"ImageUnload Info "," 3316 bash.exe",7208,,," 3316 bash.exe",,,"C:\Windows\System32\bcrypt.dll",,,,,,,,,,,,,,,,,,,,,,,,,,1762784313448635100,,,,,,,,,,,140737279623168,140737279623168,171668,159744,2220160889,,,,,,,,,,,,,,,,,,,,,,,,,,,,,,,,,,,,,,,,,,,,,,,
"2025-11-10 14:18:33.4486467Z","2025-11-10 14:18:33.4486467Z","ETW","Microsoft-Windows-Kernel-Process",6,"ImageUnload Info "," 3316 bash.exe",7208,,," 3316 bash.exe",,,"C:\Windows\System32\msvcp_win.dll",,,,,,,,,,,,,,,,,,,,,,,,,,1762784313448646700,,,,,,,,,,,140737279819776,140737279819776,659111,643072,958749903,,,,,,,,,,,,,,,,,,,,,,,,,,,,,,,,,,,,,,,,,,,,,,,
"2025-11-10 14:18:33.4486568Z","2025-11-10 14:18:33.4486568Z","ETW","Microsoft-Windows-Kernel-Process",6,"ImageUnload Info "," 3316 bash.exe",7208,,," 3316 bash.exe",,,"C:\Windows\System32\win32u.dll",,,,,,,,,,,,,,,,,,,,,,,,,,1762784313448656800,,,,,,,,,,,140737281196032,140737281196032,183095,139264,3760910660,,,,,,,,,,,,,,,,,,,,,,,,,,,,,,,,,,,,,,,,,,,,,,,
"2025-11-10 14:18:33.4486669Z","2025-11-10 14:18:33.4486669Z","ETW","Microsoft-Windows-Kernel-Process",6,"ImageUnload Info "," 3316 bash.exe",7208,,," 3316 bash.exe",,,"C:\Windows\System32\gdi32full.dll",,,,,,,,,,,,,,,,,,,,,,,,,,1762784313448666900,,,,,,,,,,,140737281392640,140737281392640,1167211,1150976,1288019395,,,,,,,,,,,,,,,,,,,,,,,,,,,,,,,,,,,,,,,,,,,,,,,
"2025-11-10 14:18:33.4486780Z","2025-11-10 14:18:33.4486780Z","ETW","Microsoft-Windows-Kernel-Process",6,"ImageUnload Info "," 3316 bash.exe",7208,,," 3316 bash.exe",,,"C:\Windows\System32\bcryptprimitives.dll",,,,,,,,,,,,,,,,,,,,,,,,,,1762784313448678000,,,,,,,,,,,140737282572288,140737282572288,531569,532480,3309379821,,,,,,,,,,,,,,,,,,,,,,,,,,,,,,,,,,,,,,,,,,,,,,,
"2025-11-10 14:18:33.4486879Z","2025-11-10 14:18:33.4486879Z","ETW","Microsoft-Windows-Kernel-Process",6,"ImageUnload Info "," 3316 bash.exe",7208,,," 3316 bash.exe",,,"C:\Windows\System32\ucrtbase.dll",,,,,,,,,,,,,,,,,,,,,,,,,,1762784313448687900,,,,,,,,,,,140737283162112,140737283162112,1076532,1048576,2177850761,,,,,,,,,,,,,,,,,,,,,,,,,,,,,,,,,,,,,,,,,,,,,,,
"2025-11-10 14:18:33.4486981Z","2025-11-10 14:18:33.4486981Z","ETW","Microsoft-Windows-Kernel-Process",6,"ImageUnload Info "," 3316 bash.exe",7208,,," 3316 bash.exe",,,"C:\Windows\System32\advapi32.dll",,,,,,,,,,,,,,,,,,,,,,,,,,1762784313448698100,,,,,,,,,,,140737306951680,140737306951680,744837,724992,4166620877,,,,,,,,,,,,,,,,,,,,,,,,,,,,,,,,,,,,,,,,,,,,,,,
"2025-11-10 14:18:33.4487081Z","2025-11-10 14:18:33.4487081Z","ETW","Microsoft-Windows-Kernel-Process",6,"ImageUnload Info "," 3316 bash.exe",7208,,," 3316 bash.exe",,,"C:\Windows\System32\sechost.dll",,,,,,,,,,,,,,,,,,,,,,,,,,1762784313448708100,,,,,,,,,,,140737308262400,140737308262400,647124,651264,2117042745,,,,,,,,,,,,,,,,,,,,,,,,,,,,,,,,,,,,,,,,,,,,,,,
"2025-11-10 14:18:33.4487180Z","2025-11-10 14:18:33.4487180Z","ETW","Microsoft-Windows-Kernel-Process",6,"ImageUnload Info "," 3316 bash.exe",7208,,," 3316 bash.exe",,,"C:\Windows\System32\imm32.dll",,,,,,,,,,,,,,,,,,,,,,,,,,1762784313448718000,,,,,,,,,,,140737309310976,140737309310976,238320,192512,770155462,,,,,,,,,,,,,,,,,,,,,,,,,,,,,,,,,,,,,,,,,,,,,,,
"2025-11-10 14:18:33.4487281Z","2025-11-10 14:18:33.4487281Z","ETW","Microsoft-Windows-Kernel-Process",6,"ImageUnload Info "," 3316 bash.exe",7208,,," 3316 bash.exe",,,"C:\Windows\System32\gdi32.dll",,,,,,,,,,,,,,,,,,,,,,,,,,1762784313448728100,,,,,,,,,,,140737309507584,140737309507584,210990,176128,2413768611,,,,,,,,,,,,,,,,,,,,,,,,,,,,,,,,,,,,,,,,,,,,,,,
"2025-11-10 14:18:33.4487379Z","2025-11-10 14:18:33.4487379Z","ETW","Microsoft-Windows-Kernel-Process",6,"ImageUnload Info "," 3316 bash.exe",7208,,," 3316 bash.exe",,,"C:\Windows\System32\msvcrt.dll",,,,,,,,,,,,,,,,,,,,,,,,,,1762784313448737900,,,,,,,,,,,140737314357248,140737314357248,681663,647168,2616593924,,,,,,,,,,,,,,,,,,,,,,,,,,,,,,,,,,,,,,,,,,,,,,,
"2025-11-10 14:18:33.4487478Z","2025-11-10 14:18:33.4487478Z","ETW","Microsoft-Windows-Kernel-Process",6,"ImageUnload Info "," 3316 bash.exe",7208,,," 3316 bash.exe",,,"C:\Windows\System32\rpcrt4.dll",,,,,,,,,,,,,,,,,,,,,,,,,,1762784313448747800,,,,,,,,,,,140737317109760,140737317109760,1217917,1179648,2756017066,,,,,,,,,,,,,,,,,,,,,,,,,,,,,,,,,,,,,,,,,,,,,,,
"2025-11-10 14:18:33.4487578Z","2025-11-10 14:18:33.4487578Z","ETW","Microsoft-Windows-Kernel-Process",6,"ImageUnload Info "," 3316 bash.exe",7208,,," 3316 bash.exe",,,"C:\Windows\System32\KernelBase.dll",,,,,,,,,,,,,,,,,,,,,,,,,,1762784313448757800,,,,,,,,,,,140737318289408,140737318289408,3171178,3104768,1448155220,,,,,,,,,,,,,,,,,,,,,,,,,,,,,,,,,,,,,,,,,,,,,,,
"2025-11-10 14:18:33.4487678Z","2025-11-10 14:18:33.4487678Z","ETW","Microsoft-Windows-Kernel-Process",6,"ImageUnload Info "," 3316 bash.exe",7208,,," 3316 bash.exe",,,"C:\Windows\System32\kernel32.dll",,,,,,,,,,,,,,,,,,,,,,,,,,1762784313448767800,,,,,,,,,,,140737321435136,140737321435136,801304,794624,4007722010,,,,,,,,,,,,,,,,,,,,,,,,,,,,,,,,,,,,,,,,,,,,,,,
"2025-11-10 14:18:33.4487813Z","2025-11-10 14:18:33.4487813Z","ETW","Microsoft-Windows-Kernel-Process",6,"ImageUnload Info "," 3316 bash.exe",7208,,," 3316 bash.exe",,,"C:\Windows\System32\user32.dll",,,,,,,,,,,,,,,,,,,,,,,,,,1762784313448781300,,,,,,,,,,,140737322287104,140737322287104,1767867,1708032,1351922499,,,,,,,,,,,,,,,,,,,,,,,,,,,,,,,,,,,,,,,,,,,,,,,
"2025-11-10 14:18:33.4487946Z","2025-11-10 14:18:33.4487946Z","ETW","Microsoft-Windows-Kernel-Process",6,"ImageUnload Info "," 3316 bash.exe",7208,,," 3316 bash.exe",,,"C:\Windows\System32\ntdll.dll",,,,,,,,,,,,,,,,,,,,,,,,,,1762784313448794600,,,,,,,,,,,140737324318720,140737324318720,2048895,2064384,2127151453,,,,,,,,,,,,,,,,,,,,,,,,,,,,,,,,,,,,,,,,,,,,,,,
"2025-11-10 14:18:33.4488024Z","2025-11-10 14:18:33.4488024Z","ETW","Microsoft-Windows-Kernel-Process",2,"ProcessStop Stop "," 3316 bash.exe",7208,,," 3316 bash.exe",,,"bash.exe",,,,,,,,,,,,,,,,,,,,,,,,,,1762784313448802400,,,,,,,,,,,,,,,,,,,,,,,,134072579132273526,,,,,,,25930,,,,,,,,,,,,,,7667712,7716864,93059409,256,134072579134485564,149,0,3,1,3,0,0,,,,,,
"2025-11-10 14:18:33.4530670Z","2025-11-10 14:18:33.4530670Z","ETW","Microsoft-Windows-Kernel-Process",4,"ThreadStop Stop "," 6768 bash.exe",8284,,," 6768 bash.exe",,,,,,,,,,,,,,,,,,,,,,,,,,,,,1762784313453067000,,18446606103145086976,18446606103145058304,8858653840,0,3198976,8284,47841280,47824896,8858653840,,,,,,,,,,,822334,,,,,,,,,,,,,,,,,,,,,,,,,,,,,,,,,,,,,,,,,
"2025-11-10 14:18:33.4530684Z","2025-11-10 14:18:33.4530684Z","ETW","Microsoft-Windows-Kernel-Process",4,"ThreadStop Stop "," 6768 bash.exe",9416,,," 6768 bash.exe",,,,,,,,,,,,,,,,,,,,,,,,,,,,,1762784313453068400,,18446606103145054208,18446606103145025536,8858653840,0,3190784,9416,38928384,38907904,8858653840,,,,,,,,,,,1420784,,,,,,,,,,,,,,,,,,,,,,,,,,,,,,,,,,,,,,,,,
"2025-11-10 14:18:33.4531302Z","2025-11-10 14:18:33.4531302Z","ETW","Microsoft-Windows-Kernel-Process",4,"ThreadStop Stop "," 6768 bash.exe",1908,,," 6768 bash.exe",,,,,,,,,,,,,,,,,,,,,,,,,,,,,1762784313453130200,,18446606103138304000,18446606103138275328,4299165696,0,3166208,1908,34359738368,34359672832,4299165696,,,,,,,,,,,73195864,,,,,,,,,,,,,,,,,,,,,,,,,,,,,,,,,,,,,,,,,
"2025-11-10 14:18:33.4533616Z","2025-11-10 14:18:33.4533616Z","ETW","Microsoft-Windows-Kernel-Process",4,"ThreadStop Stop "," 6768 bash.exe",9640,,," 6768 bash.exe",,,,,,,,,,,,,,,,,,,,,,,,,,,,,1762784313453361600,,18446606103144988672,18446606103144960000,140737324634384,0,3182592,9640,11337728,11333632,140737324634384,,,,,,,,,,,81784,,,,,,,,,,,,,,,,,,,,,,,,,,,,,,,,,,,,,,,,,
"2025-11-10 14:18:33.4534264Z","2025-11-10 14:18:33.4534264Z","ETW","Microsoft-Windows-Kernel-Process",4,"ThreadStop Stop "," 6768 bash.exe",6200,,," 6768 bash.exe",,,,,,,,,,,,,,,,,,,,,,,,,,,,,1762784313453426400,,18446606103133913088,18446606103133884416,140737324634384,0,3174400,6200,9240576,9236480,140737324634384,,,,,,,,,,,1653416,,,,,,,,,,,,,,,,,,,,,,,,,,,,,,,,,,,,,,,,,
"2025-11-10 14:18:33.4535787Z","2025-11-10 14:18:33.4535787Z","ETW","Microsoft-Windows-Kernel-Process",6,"ImageUnload Info "," 6768 bash.exe",6200,,," 6768 bash.exe",,,"C:\Program Files\Git\usr\bin\bash.exe",,,,,,,,,,,,,,,,,,,,,,,,,,1762784313453578700,,,,,,,,,,,4299161600,4299161600,2616686,2617344,1727168884,,,,,,,,,,,,,,,,,,,,,,,,,,,,,,,,,,,,,,,,,,,,,,,
"2025-11-10 14:18:33.4535888Z","2025-11-10 14:18:33.4535888Z","ETW","Microsoft-Windows-Kernel-Process",6,"ImageUnload Info "," 6768 bash.exe",6200,,," 6768 bash.exe",,,"C:\Program Files\Git\usr\bin\msys-2.0.dll",,,,,,,,,,,,,,,,,,,,,,,,,,1762784313453588800,,,,,,,,,,,8858632192,8858632192,3356844,3530752,1752689865,,,,,,,,,,,,,,,,,,,,,,,,,,,,,,,,,,,,,,,,,,,,,,,
"2025-11-10 14:18:33.4536173Z","2025-11-10 14:18:33.4536173Z","ETW","Microsoft-Windows-Kernel-Process",6,"ImageUnload Info "," 6768 bash.exe",6200,,," 6768 bash.exe",,,"C:\Windows\System32\cryptbase.dll",,,,,,,,,,,,,,,,,,,,,,,,,,1762784313453617300,,,,,,,,,,,140737272020992,140737272020992,66383,49152,1678623338,,,,,,,,,,,,,,,,,,,,,,,,,,,,,,,,,,,,,,,,,,,,,,,
"2025-11-10 14:18:33.4536336Z","2025-11-10 14:18:33.4536336Z","ETW","Microsoft-Windows-Kernel-Process",6,"ImageUnload Info "," 6768 bash.exe",6200,,," 6768 bash.exe",,,"C:\Windows\System32\bcrypt.dll",,,,,,,,,,,,,,,,,,,,,,,,,,1762784313453633600,,,,,,,,,,,140737279623168,140737279623168,171668,159744,2220160889,,,,,,,,,,,,,,,,,,,,,,,,,,,,,,,,,,,,,,,,,,,,,,,
"2025-11-10 14:18:33.4536480Z","2025-11-10 14:18:33.4536480Z","ETW","Microsoft-Windows-Kernel-Process",6,"ImageUnload Info "," 6768 bash.exe",6200,,," 6768 bash.exe",,,"C:\Windows\System32\msvcp_win.dll",,,,,,,,,,,,,,,,,,,,,,,,,,1762784313453648000,,,,,,,,,,,140737279819776,140737279819776,659111,643072,958749903,,,,,,,,,,,,,,,,,,,,,,,,,,,,,,,,,,,,,,,,,,,,,,,
"2025-11-10 14:18:33.4536586Z","2025-11-10 14:18:33.4536586Z","ETW","Microsoft-Windows-Kernel-Process",6,"ImageUnload Info "," 6768 bash.exe",6200,,," 6768 bash.exe",,,"C:\Windows\System32\win32u.dll",,,,,,,,,,,,,,,,,,,,,,,,,,1762784313453658600,,,,,,,,,,,140737281196032,140737281196032,183095,139264,3760910660,,,,,,,,,,,,,,,,,,,,,,,,,,,,,,,,,,,,,,,,,,,,,,,
"2025-11-10 14:18:33.4536693Z","2025-11-10 14:18:33.4536693Z","ETW","Microsoft-Windows-Kernel-Process",6,"ImageUnload Info "," 6768 bash.exe",6200,,," 6768 bash.exe",,,"C:\Windows\System32\gdi32full.dll",,,,,,,,,,,,,,,,,,,,,,,,,,1762784313453669300,,,,,,,,,,,140737281392640,140737281392640,1167211,1150976,1288019395,,,,,,,,,,,,,,,,,,,,,,,,,,,,,,,,,,,,,,,,,,,,,,,
"2025-11-10 14:18:33.4536805Z","2025-11-10 14:18:33.4536805Z","ETW","Microsoft-Windows-Kernel-Process",6,"ImageUnload Info "," 6768 bash.exe",6200,,," 6768 bash.exe",,,"C:\Windows\System32\bcryptprimitives.dll",,,,,,,,,,,,,,,,,,,,,,,,,,1762784313453680500,,,,,,,,,,,140737282572288,140737282572288,531569,532480,3309379821,,,,,,,,,,,,,,,,,,,,,,,,,,,,,,,,,,,,,,,,,,,,,,,
"2025-11-10 14:18:33.4536909Z","2025-11-10 14:18:33.4536909Z","ETW","Microsoft-Windows-Kernel-Process",6,"ImageUnload Info "," 6768 bash.exe",6200,,," 6768 bash.exe",,,"C:\Windows\System32\ucrtbase.dll",,,,,,,,,,,,,,,,,,,,,,,,,,1762784313453690900,,,,,,,,,,,140737283162112,140737283162112,1076532,1048576,2177850761,,,,,,,,,,,,,,,,,,,,,,,,,,,,,,,,,,,,,,,,,,,,,,,
"2025-11-10 14:18:33.4537008Z","2025-11-10 14:18:33.4537008Z","ETW","Microsoft-Windows-Kernel-Process",6,"ImageUnload Info "," 6768 bash.exe",6200,,," 6768 bash.exe",,,"C:\Windows\System32\advapi32.dll",,,,,,,,,,,,,,,,,,,,,,,,,,1762784313453700800,,,,,,,,,,,140737306951680,140737306951680,744837,724992,4166620877,,,,,,,,,,,,,,,,,,,,,,,,,,,,,,,,,,,,,,,,,,,,,,,
"2025-11-10 14:18:33.4537109Z","2025-11-10 14:18:33.4537109Z","ETW","Microsoft-Windows-Kernel-Process",6,"ImageUnload Info "," 6768 bash.exe",6200,,," 6768 bash.exe",,,"C:\Windows\System32\sechost.dll",,,,,,,,,,,,,,,,,,,,,,,,,,1762784313453710900,,,,,,,,,,,140737308262400,140737308262400,647124,651264,2117042745,,,,,,,,,,,,,,,,,,,,,,,,,,,,,,,,,,,,,,,,,,,,,,,
"2025-11-10 14:18:33.4537212Z","2025-11-10 14:18:33.4537212Z","ETW","Microsoft-Windows-Kernel-Process",6,"ImageUnload Info "," 6768 bash.exe",6200,,," 6768 bash.exe",,,"C:\Windows\System32\imm32.dll",,,,,,,,,,,,,,,,,,,,,,,,,,1762784313453721200,,,,,,,,,,,140737309310976,140737309310976,238320,192512,770155462,,,,,,,,,,,,,,,,,,,,,,,,,,,,,,,,,,,,,,,,,,,,,,,
"2025-11-10 14:18:33.4537307Z","2025-11-10 14:18:33.4537307Z","ETW","Microsoft-Windows-Kernel-Process",6,"ImageUnload Info "," 6768 bash.exe",6200,,," 6768 bash.exe",,,"C:\Windows\System32\gdi32.dll",,,,,,,,,,,,,,,,,,,,,,,,,,1762784313453730700,,,,,,,,,,,140737309507584,140737309507584,210990,176128,2413768611,,,,,,,,,,,,,,,,,,,,,,,,,,,,,,,,,,,,,,,,,,,,,,,
"2025-11-10 14:18:33.4537401Z","2025-11-10 14:18:33.4537401Z","ETW","Microsoft-Windows-Kernel-Process",6,"ImageUnload Info "," 6768 bash.exe",6200,,," 6768 bash.exe",,,"C:\Windows\System32\msvcrt.dll",,,,,,,,,,,,,,,,,,,,,,,,,,1762784313453740100,,,,,,,,,,,140737314357248,140737314357248,681663,647168,2616593924,,,,,,,,,,,,,,,,,,,,,,,,,,,,,,,,,,,,,,,,,,,,,,,
"2025-11-10 14:18:33.4537500Z","2025-11-10 14:18:33.4537500Z","ETW","Microsoft-Windows-Kernel-Process",6,"ImageUnload Info "," 6768 bash.exe",6200,,," 6768 bash.exe",,,"C:\Windows\System32\rpcrt4.dll",,,,,,,,,,,,,,,,,,,,,,,,,,1762784313453750000,,,,,,,,,,,140737317109760,140737317109760,1217917,1179648,2756017066,,,,,,,,,,,,,,,,,,,,,,,,,,,,,,,,,,,,,,,,,,,,,,,
"2025-11-10 14:18:33.4537604Z","2025-11-10 14:18:33.4537604Z","ETW","Microsoft-Windows-Kernel-Process",6,"ImageUnload Info "," 6768 bash.exe",6200,,," 6768 bash.exe",,,"C:\Windows\System32\KernelBase.dll",,,,,,,,,,,,,,,,,,,,,,,,,,1762784313453760400,,,,,,,,,,,140737318289408,140737318289408,3171178,3104768,1448155220,,,,,,,,,,,,,,,,,,,,,,,,,,,,,,,,,,,,,,,,,,,,,,,
"2025-11-10 14:18:33.4537705Z","2025-11-10 14:18:33.4537705Z","ETW","Microsoft-Windows-Kernel-Process",6,"ImageUnload Info "," 6768 bash.exe",6200,,," 6768 bash.exe",,,"C:\Windows\System32\kernel32.dll",,,,,,,,,,,,,,,,,,,,,,,,,,1762784313453770500,,,,,,,,,,,140737321435136,140737321435136,801304,794624,4007722010,,,,,,,,,,,,,,,,,,,,,,,,,,,,,,,,,,,,,,,,,,,,,,,
"2025-11-10 14:18:33.4537800Z","2025-11-10 14:18:33.4537800Z","ETW","Microsoft-Windows-Kernel-Process",6,"ImageUnload Info "," 6768 bash.exe",6200,,," 6768 bash.exe",,,"C:\Windows\System32\user32.dll",,,,,,,,,,,,,,,,,,,,,,,,,,1762784313453780000,,,,,,,,,,,140737322287104,140737322287104,1767867,1708032,1351922499,,,,,,,,,,,,,,,,,,,,,,,,,,,,,,,,,,,,,,,,,,,,,,,
"2025-11-10 14:18:33.4537894Z","2025-11-10 14:18:33.4537894Z","ETW","Microsoft-Windows-Kernel-Process",6,"ImageUnload Info "," 6768 bash.exe",6200,,," 6768 bash.exe",,,"C:\Windows\System32\ntdll.dll",,,,,,,,,,,,,,,,,,,,,,,,,,1762784313453789400,,,,,,,,,,,140737324318720,140737324318720,2048895,2064384,2127151453,,,,,,,,,,,,,,,,,,,,,,,,,,,,,,,,,,,,,,,,,,,,,,,
"2025-11-10 14:18:33.4537958Z","2025-11-10 14:18:33.4537958Z","ETW","Microsoft-Windows-Kernel-Process",2,"ProcessStop Stop "," 6768 bash.exe",6200,,," 6768 bash.exe",,,"bash.exe",,,,,,,,,,,,,,,,,,,,,,,,,,1762784313453795800,,,,,,,,,,,,,,,,,,,,,,,,134072579129382497,,,,,,,25924,,,,,,,,,,,,,,7680000,7729152,78427434,0,134072579134535409,138,0,39,1,3,11,1,,,,,,
"2025-11-10 14:18:33.4545541Z","2025-11-10 14:18:33.4545541Z","ETW","Microsoft-Windows-Kernel-Audit-API-Calls",5,"PsOpenProcess"," 2392 bash.exe",4224,,,"10364 mintty.exe",,,,,,,,,,,,,,,,,,,,,,,,,,,,,1762784313454554100,,,,,,,,,,,,,,,,4096,0,,,,,,,,,,,,,,,,,,,,,,,,,,,,,,,,,,,,,,,,,,,,,
"2025-11-10 14:18:33.4546516Z","2025-11-10 14:18:33.4546516Z","ETW","Microsoft-Windows-Kernel-Audit-API-Calls",5,"PsOpenProcess"," 2392 bash.exe",4224,,,"10364 mintty.exe",,,,,,,,,,,,,,,,,,,,,,,,,,,,,1762784313454651600,,,,,,,,,,,,,,,,4096,0,,,,,,,,,,,,,,,,,,,,,,,,,,,,,,,,,,,,,,,,,,,,,
"2025-11-10 14:18:33.4549041Z","2025-11-10 14:18:33.4549041Z","ETW","Microsoft-Windows-Kernel-Audit-API-Calls",6,"PsOpenThread"," 2392 bash.exe",5764,,," 2392 bash.exe",5764,,,,,,,,,,,,,,,,,,,,,,,,,,,,1762784313454904100,,,,,,,,,,,,,,,,1024,0,,,,,,,,,,,,,,,,,,,,,,,,,,,,,,,,,,,,,,,,,,,,,
"2025-11-10 14:18:33.4587701Z","2025-11-10 14:18:33.4587701Z","ETW","Microsoft-Windows-Kernel-Audit-API-Calls",6,"PsOpenThread","10364 mintty.exe",5868,,,"10364 mintty.exe",5868,,,,,,,,,,,,,,,,,,,,,,,,,,,,1762784313458770100,,,,,,,,,,,,,,,,1024,0,,,,,,,,,,,,,,,,,,,,,,,,,,,,,,,,,,,,,,,,,,,,,
"2025-11-10 14:18:33.4902162Z","2025-11-10 14:18:33.4902162Z","ETW","Microsoft-Windows-Kernel-Audit-API-Calls",6,"PsOpenThread","11936 cywscsvc.exe",9412,,," 2972 cyserver.exe",3844,,,,,,,,,,,,,,,,,,,,,,,,,,,,1762784313490216200,,,,,,,,,,,,,,,,2048,0,,,,,,,,,,,,,,,,,,,,,,,,,,,,,,,,,,,,,,,,,,,,,
"2025-11-10 14:18:33.4906336Z","2025-11-10 14:18:33.4906336Z","ETW","Microsoft-Windows-Kernel-Audit-API-Calls",6,"PsOpenThread","  940 svchost.exe",12140,,,"11936 cywscsvc.exe",8736,,,,,,,,,,,,,,,,,,,,,,,,,,,,1762784313490633600,,,,,,,,,,,,,,,,2048,3221225506,,,,,,,,,,,,,,,,,,,,,,,,,,,,,,,,,,,,,,,,,,,,,
"2025-11-10 14:18:33.4906395Z","2025-11-10 14:18:33.4906395Z","ETW","Microsoft-Windows-Kernel-Audit-API-Calls",6,"PsOpenThread","  940 svchost.exe",12140,,,"11936 cywscsvc.exe",8736,,,,,,,,,,,,,,,,,,,,,,,,,,,,1762784313490639500,,,,,,,,,,,,,,,,2048,3221225637,,,,,,,,,,,,,,,,,,,,,,,,,,,,,,,,,,,,,,,,,,,,,
"2025-11-10 14:18:33.4907716Z","2025-11-10 14:18:33.4907716Z","ETW","Microsoft-Windows-Kernel-Audit-API-Calls",6,"PsOpenThread"," 3804 svchost.exe",5876,,,"11936 cywscsvc.exe",8736,,,,,,,,,,,,,,,,,,,,,,,,,,,,1762784313490771600,,,,,,,,,,,,,,,,2048,3221225506,,,,,,,,,,,,,,,,,,,,,,,,,,,,,,,,,,,,,,,,,,,,,
"2025-11-10 14:18:33.4907786Z","2025-11-10 14:18:33.4907786Z","ETW","Microsoft-Windows-Kernel-Audit-API-Calls",6,"PsOpenThread"," 3804 svchost.exe",5876,,,"11936 cywscsvc.exe",8736,,,,,,,,,,,,,,,,,,,,,,,,,,,,1762784313490778600,,,,,,,,,,,,,,,,2048,0,,,,,,,,,,,,,,,,,,,,,,,,,,,,,,,,,,,,,,,,,,,,,
"2025-11-10 14:18:33.4915044Z","2025-11-10 14:18:33.4915044Z","ETW","Microsoft-Windows-Kernel-Audit-API-Calls",6,"PsOpenThread","11936 cywscsvc.exe",9412,,," 2972 cyserver.exe",3844,,,,,,,,,,,,,,,,,,,,,,,,,,,,1762784313491504400,,,,,,,,,,,,,,,,2048,0,,,,,,,,,,,,,,,,,,,,,,,,,,,,,,,,,,,,,,,,,,,,,
"2025-11-10 14:18:33.4917176Z","2025-11-10 14:18:33.4917176Z","ETW","Microsoft-Windows-Kernel-Audit-API-Calls",6,"PsOpenThread","  940 svchost.exe",12140,,,"11936 cywscsvc.exe",8736,,,,,,,,,,,,,,,,,,,,,,,,,,,,1762784313491717600,,,,,,,,,,,,,,,,2048,3221225506,,,,,,,,,,,,,,,,,,,,,,,,,,,,,,,,,,,,,,,,,,,,,
"2025-11-10 14:18:33.4917226Z","2025-11-10 14:18:33.4917226Z","ETW","Microsoft-Windows-Kernel-Audit-API-Calls",6,"PsOpenThread","  940 svchost.exe",12140,,,"11936 cywscsvc.exe",8736,,,,,,,,,,,,,,,,,,,,,,,,,,,,1762784313491722600,,,,,,,,,,,,,,,,2048,3221225637,,,,,,,,,,,,,,,,,,,,,,,,,,,,,,,,,,,,,,,,,,,,,
"2025-11-10 14:18:33.4918011Z","2025-11-10 14:18:33.4918011Z","ETW","Microsoft-Windows-Kernel-Audit-API-Calls",6,"PsOpenThread"," 3804 svchost.exe",5876,,,"11936 cywscsvc.exe",8736,,,,,,,,,,,,,,,,,,,,,,,,,,,,1762784313491801100,,,,,,,,,,,,,,,,2048,3221225506,,,,,,,,,,,,,,,,,,,,,,,,,,,,,,,,,,,,,,,,,,,,,
"2025-11-10 14:18:33.4918075Z","2025-11-10 14:18:33.4918075Z","ETW","Microsoft-Windows-Kernel-Audit-API-Calls",6,"PsOpenThread"," 3804 svchost.exe",5876,,,"11936 cywscsvc.exe",8736,,,,,,,,,,,,,,,,,,,,,,,,,,,,1762784313491807500,,,,,,,,,,,,,,,,2048,0,,,,,,,,,,,,,,,,,,,,,,,,,,,,,,,,,,,,,,,,,,,,,
"2025-11-10 14:18:33.5012989Z","2025-11-10 14:18:33.5012989Z","ETW","Microsoft-Windows-Kernel-Audit-API-Calls",6,"PsOpenThread","10364 mintty.exe",5868,,,"10364 mintty.exe",5868,,,,,,,,,,,,,,,,,,,,,,,,,,,,1762784313501298900,,,,,,,,,,,,,,,,1024,0,,,,,,,,,,,,,,,,,,,,,,,,,,,,,,,,,,,,,,,,,,,,,
"2025-11-10 14:18:33.5212473Z","2025-11-10 14:18:33.5212473Z","ETW","Microsoft-Windows-Kernel-Audit-API-Calls",6,"PsOpenThread","10364 mintty.exe",5868,,,"10364 mintty.exe",5868,,,,,,,,,,,,,,,,,,,,,,,,,,,,1762784313521247300,,,,,,,,,,,,,,,,1024,0,,,,,,,,,,,,,,,,,,,,,,,,,,,,,,,,,,,,,,,,,,,,,
"2025-11-10 14:18:33.6900124Z","2025-11-10 14:18:33.6900124Z","ETW","Microsoft-Windows-Kernel-Audit-API-Calls",5,"PsOpenProcess","10364 mintty.exe",3580,,," 2392 bash.exe",,,,,,,,,,,,,,,,,,,,,,,,,,,,,1762784313690012400,,,,,,,,,,,,,,,,4096,0,,,,,,,,,,,,,,,,,,,,,,,,,,,,,,,,,,,,,,,,,,,,,
"2025-11-10 14:18:33.6902701Z","2025-11-10 14:18:33.6902701Z","ETW","Microsoft-Windows-Kernel-Audit-API-Calls",6,"PsOpenThread","10364 mintty.exe",5868,,,"10364 mintty.exe",5868,,,,,,,,,,,,,,,,,,,,,,,,,,,,1762784313690270100,,,,,,,,,,,,,,,,1024,0,,,,,,,,,,,,,,,,,,,,,,,,,,,,,,,,,,,,,,,,,,,,,
"2025-11-10 14:18:33.6931048Z","2025-11-10 14:18:33.6931048Z","ETW","Microsoft-Windows-Kernel-Audit-API-Calls",6,"PsOpenThread"," 2392 bash.exe",5764,,," 2392 bash.exe",5764,,,,,,,,,,,,,,,,,,,,,,,,,,,,1762784313693104800,,,,,,,,,,,,,,,,1024,0,,,,,,,,,,,,,,,,,,,,,,,,,,,,,,,,,,,,,,,,,,,,,
"2025-11-10 14:18:33.7105429Z","2025-11-10 14:18:33.7105429Z","ETW","Microsoft-Windows-Kernel-Audit-API-Calls",6,"PsOpenThread","10364 mintty.exe",5868,,,"10364 mintty.exe",5868,,,,,,,,,,,,,,,,,,,,,,,,,,,,1762784313710542900,,,,,,,,,,,,,,,,1024,0,,,,,,,,,,,,,,,,,,,,,,,,,,,,,,,,,,,,,,,,,,,,,
"2025-11-10 14:18:33.7700323Z","2025-11-10 14:18:33.7700323Z","ETW","Microsoft-Windows-Kernel-Audit-API-Calls",6,"PsOpenThread","10364 mintty.exe",5868,,,"10364 mintty.exe",5868,,,,,,,,,,,,,,,,,,,,,,,,,,,,1762784313770032300,,,,,,,,,,,,,,,,1024,0,,,,,,,,,,,,,,,,,,,,,,,,,,,,,,,,,,,,,,,,,,,,,
"2025-11-10 14:18:33.7912816Z","2025-11-10 14:18:33.7912816Z","ETW","Microsoft-Windows-Kernel-Audit-API-Calls",5,"PsOpenProcess","10364 mintty.exe",3580,,," 2392 bash.exe",,,,,,,,,,,,,,,,,,,,,,,,,,,,,1762784313791281600,,,,,,,,,,,,,,,,4096,0,,,,,,,,,,,,,,,,,,,,,,,,,,,,,,,,,,,,,,,,,,,,,
"2025-11-10 14:18:33.7914997Z","2025-11-10 14:18:33.7914997Z","ETW","Microsoft-Windows-Kernel-Audit-API-Calls",6,"PsOpenThread","10364 mintty.exe",5868,,,"10364 mintty.exe",5868,,,,,,,,,,,,,,,,,,,,,,,,,,,,1762784313791499700,,,,,,,,,,,,,,,,1024,0,,,,,,,,,,,,,,,,,,,,,,,,,,,,,,,,,,,,,,,,,,,,,
"2025-11-10 14:18:33.8024751Z","2025-11-10 14:18:33.8024751Z","ETW","Microsoft-Windows-Kernel-Audit-API-Calls",6,"PsOpenThread"," 2392 bash.exe",5764,,," 2392 bash.exe",5764,,,,,,,,,,,,,,,,,,,,,,,,,,,,1762784313802475100,,,,,,,,,,,,,,,,1024,0,,,,,,,,,,,,,,,,,,,,,,,,,,,,,,,,,,,,,,,,,,,,,
"2025-11-10 14:18:33.8200563Z","2025-11-10 14:18:33.8200563Z","ETW","Microsoft-Windows-Kernel-Audit-API-Calls",6,"PsOpenThread","10364 mintty.exe",5868,,,"10364 mintty.exe",5868,,,,,,,,,,,,,,,,,,,,,,,,,,,,1762784313820056300,,,,,,,,,,,,,,,,1024,0,,,,,,,,,,,,,,,,,,,,,,,,,,,,,,,,,,,,,,,,,,,,,
"2025-11-10 14:18:33.8811168Z","2025-11-10 14:18:33.8811168Z","ETW","Microsoft-Windows-Kernel-Audit-API-Calls",6,"PsOpenThread","10364 mintty.exe",5868,,,"10364 mintty.exe",5868,,,,,,,,,,,,,,,,,,,,,,,,,,,,1762784313881116800,,,,,,,,,,,,,,,,1024,0,,,,,,,,,,,,,,,,,,,,,,,,,,,,,,,,,,,,,,,,,,,,,
"2025-11-10 14:18:33.8998405Z","2025-11-10 14:18:33.8998405Z","ETW","Microsoft-Windows-Kernel-Audit-API-Calls",5,"PsOpenProcess","10364 mintty.exe",3580,,," 2392 bash.exe",,,,,,,,,,,,,,,,,,,,,,,,,,,,,1762784313899840500,,,,,,,,,,,,,,,,4096,0,,,,,,,,,,,,,,,,,,,,,,,,,,,,,,,,,,,,,,,,,,,,,
"2025-11-10 14:18:33.9000397Z","2025-11-10 14:18:33.9000397Z","ETW","Microsoft-Windows-Kernel-Audit-API-Calls",6,"PsOpenThread","10364 mintty.exe",5868,,,"10364 mintty.exe",5868,,,,,,,,,,,,,,,,,,,,,,,,,,,,1762784313900039700,,,,,,,,,,,,,,,,1024,0,,,,,,,,,,,,,,,,,,,,,,,,,,,,,,,,,,,,,,,,,,,,,
"2025-11-10 14:18:33.9118499Z","2025-11-10 14:18:33.9118499Z","ETW","Microsoft-Windows-Kernel-Audit-API-Calls",6,"PsOpenThread"," 2392 bash.exe",5764,,," 2392 bash.exe",5764,,,,,,,,,,,,,,,,,,,,,,,,,,,,1762784313911849900,,,,,,,,,,,,,,,,1024,0,,,,,,,,,,,,,,,,,,,,,,,,,,,,,,,,,,,,,,,,,,,,,
"2025-11-10 14:18:33.9292480Z","2025-11-10 14:18:33.9292480Z","ETW","Microsoft-Windows-Kernel-Audit-API-Calls",6,"PsOpenThread","10364 mintty.exe",5868,,,"10364 mintty.exe",5868,,,,,,,,,,,,,,,,,,,,,,,,,,,,1762784313929248000,,,,,,,,,,,,,,,,1024,0,,,,,,,,,,,,,,,,,,,,,,,,,,,,,,,,,,,,,,,,,,,,,
"2025-11-10 14:18:33.9924364Z","2025-11-10 14:18:33.9924364Z","ETW","Microsoft-Windows-Kernel-Audit-API-Calls",6,"PsOpenThread","10364 mintty.exe",5868,,,"10364 mintty.exe",5868,,,,,,,,,,,,,,,,,,,,,,,,,,,,1762784313992436400,,,,,,,,,,,,,,,,1024,0,,,,,,,,,,,,,,,,,,,,,,,,,,,,,,,,,,,,,,,,,,,,,
"2025-11-10 14:18:34.0114308Z","2025-11-10 14:18:34.0114308Z","ETW","Microsoft-Windows-Kernel-Audit-API-Calls",5,"PsOpenProcess","10364 mintty.exe",3580,,," 2392 bash.exe",,,,,,,,,,,,,,,,,,,,,,,,,,,,,1762784314011430800,,,,,,,,,,,,,,,,4096,0,,,,,,,,,,,,,,,,,,,,,,,,,,,,,,,,,,,,,,,,,,,,,
"2025-11-10 14:18:34.0116585Z","2025-11-10 14:18:34.0116585Z","ETW","Microsoft-Windows-Kernel-Audit-API-Calls",6,"PsOpenThread","10364 mintty.exe",5868,,,"10364 mintty.exe",5868,,,,,,,,,,,,,,,,,,,,,,,,,,,,1762784314011658500,,,,,,,,,,,,,,,,1024,0,,,,,,,,,,,,,,,,,,,,,,,,,,,,,,,,,,,,,,,,,,,,,
"2025-11-10 14:18:34.0212760Z","2025-11-10 14:18:34.0212760Z","ETW","Microsoft-Windows-Kernel-Audit-API-Calls",6,"PsOpenThread"," 2392 bash.exe",5764,,," 2392 bash.exe",5764,,,,,,,,,,,,,,,,,,,,,,,,,,,,1762784314021276000,,,,,,,,,,,,,,,,1024,0,,,,,,,,,,,,,,,,,,,,,,,,,,,,,,,,,,,,,,,,,,,,,
"2025-11-10 14:18:34.0388163Z","2025-11-10 14:18:34.0388163Z","ETW","Microsoft-Windows-Kernel-Audit-API-Calls",6,"PsOpenThread","10364 mintty.exe",5868,,,"10364 mintty.exe",5868,,,,,,,,,,,,,,,,,,,,,,,,,,,,1762784314038816300,,,,,,,,,,,,,,,,1024,0,,,,,,,,,,,,,,,,,,,,,,,,,,,,,,,,,,,,,,,,,,,,,
"2025-11-10 14:18:34.1318433Z","2025-11-10 14:18:34.1318433Z","ETW","Microsoft-Windows-Kernel-Audit-API-Calls",6,"PsOpenThread","10364 mintty.exe",5868,,,"10364 mintty.exe",5868,,,,,,,,,,,,,,,,,,,,,,,,,,,,1762784314131843300,,,,,,,,,,,,,,,,1024,0,,,,,,,,,,,,,,,,,,,,,,,,,,,,,,,,,,,,,,,,,,,,,
"2025-11-10 14:18:34.2198965Z","2025-11-10 14:18:34.2198965Z","ETW","Microsoft-Windows-Kernel-Audit-API-Calls",5,"PsOpenProcess","10364 mintty.exe",3580,,," 2392 bash.exe",,,,,,,,,,,,,,,,,,,,,,,,,,,,,1762784314219896500,,,,,,,,,,,,,,,,4096,0,,,,,,,,,,,,,,,,,,,,,,,,,,,,,,,,,,,,,,,,,,,,,
"2025-11-10 14:18:34.2201114Z","2025-11-10 14:18:34.2201114Z","ETW","Microsoft-Windows-Kernel-Audit-API-Calls",6,"PsOpenThread","10364 mintty.exe",5868,,,"10364 mintty.exe",5868,,,,,,,,,,,,,,,,,,,,,,,,,,,,1762784314220111400,,,,,,,,,,,,,,,,1024,0,,,,,,,,,,,,,,,,,,,,,,,,,,,,,,,,,,,,,,,,,,,,,
"2025-11-10 14:18:34.2244023Z","2025-11-10 14:18:34.2244023Z","ETW","Microsoft-Windows-Kernel-Audit-API-Calls",6,"PsOpenThread"," 2392 bash.exe",5764,,," 2392 bash.exe",5764,,,,,,,,,,,,,,,,,,,,,,,,,,,,1762784314224402300,,,,,,,,,,,,,,,,1024,0,,,,,,,,,,,,,,,,,,,,,,,,,,,,,,,,,,,,,,,,,,,,,
"2025-11-10 14:18:34.2420025Z","2025-11-10 14:18:34.2420025Z","ETW","Microsoft-Windows-Kernel-Audit-API-Calls",6,"PsOpenThread","10364 mintty.exe",5868,,,"10364 mintty.exe",5868,,,,,,,,,,,,,,,,,,,,,,,,,,,,1762784314242002500,,,,,,,,,,,,,,,,1024,0,,,,,,,,,,,,,,,,,,,,,,,,,,,,,,,,,,,,,,,,,,,,,
"2025-11-10 14:18:34.3360702Z","2025-11-10 14:18:34.3360702Z","ETW","Microsoft-Windows-Kernel-Audit-API-Calls",6,"PsOpenThread","10364 mintty.exe",5868,,,"10364 mintty.exe",5868,,,,,,,,,,,,,,,,,,,,,,,,,,,,1762784314336070200,,,,,,,,,,,,,,,,1024,0,,,,,,,,,,,,,,,,,,,,,,,,,,,,,,,,,,,,,,,,,,,,,
"2025-11-10 14:18:34.4442546Z","2025-11-10 14:18:34.4442546Z","ETW","Microsoft-Windows-Kernel-Audit-API-Calls",6,"PsOpenThread","  940 svchost.exe",11892,,," 6464 explorer.exe",6864,,,,,,,,,,,,,,,,,,,,,,,,,,,,1762784314444254600,,,,,,,,,,,,,,,,2048,3221225506,,,,,,,,,,,,,,,,,,,,,,,,,,,,,,,,,,,,,,,,,,,,,
"2025-11-10 14:18:34.4442711Z","2025-11-10 14:18:34.4442711Z","ETW","Microsoft-Windows-Kernel-Audit-API-Calls",6,"PsOpenThread","  940 svchost.exe",11892,,," 6464 explorer.exe",6864,,,,,,,,,,,,,,,,,,,,,,,,,,,,1762784314444271100,,,,,,,,,,,,,,,,2048,0,,,,,,,,,,,,,,,,,,,,,,,,,,,,,,,,,,,,,,,,,,,,,
"2025-11-10 14:18:34.4443675Z","2025-11-10 14:18:34.4443675Z","ETW","Microsoft-Windows-Kernel-Audit-API-Calls",6,"PsOpenThread","  940 svchost.exe",12140,,," 6464 explorer.exe",4300,,,,,,,,,,,,,,,,,,,,,,,,,,,,1762784314444367500,,,,,,,,,,,,,,,,2048,3221225506,,,,,,,,,,,,,,,,,,,,,,,,,,,,,,,,,,,,,,,,,,,,,
"2025-11-10 14:18:34.4443780Z","2025-11-10 14:18:34.4443780Z","ETW","Microsoft-Windows-Kernel-Audit-API-Calls",6,"PsOpenThread","  940 svchost.exe",12140,,," 6464 explorer.exe",4300,,,,,,,,,,,,,,,,,,,,,,,,,,,,1762784314444378000,,,,,,,,,,,,,,,,2048,0,,,,,,,,,,,,,,,,,,,,,,,,,,,,,,,,,,,,,,,,,,,,,
"2025-11-10 14:18:34.4454307Z","2025-11-10 14:18:34.4454307Z","ETW","Microsoft-Windows-Kernel-Audit-API-Calls",6,"PsOpenThread","  940 svchost.exe",12140,,," 6464 explorer.exe",6864,,,,,,,,,,,,,,,,,,,,,,,,,,,,1762784314445430700,,,,,,,,,,,,,,,,2048,3221225506,,,,,,,,,,,,,,,,,,,,,,,,,,,,,,,,,,,,,,,,,,,,,
"2025-11-10 14:18:34.4454412Z","2025-11-10 14:18:34.4454412Z","ETW","Microsoft-Windows-Kernel-Audit-API-Calls",6,"PsOpenThread","  940 svchost.exe",12140,,," 6464 explorer.exe",6864,,,,,,,,,,,,,,,,,,,,,,,,,,,,1762784314445441200,,,,,,,,,,,,,,,,2048,0,,,,,,,,,,,,,,,,,,,,,,,,,,,,,,,,,,,,,,,,,,,,,
"2025-11-10 14:18:34.4454502Z","2025-11-10 14:18:34.4454502Z","ETW","Microsoft-Windows-Kernel-Audit-API-Calls",6,"PsOpenThread","  940 svchost.exe",11892,,," 6464 explorer.exe",4300,,,,,,,,,,,,,,,,,,,,,,,,,,,,1762784314445450200,,,,,,,,,,,,,,,,2048,3221225506,,,,,,,,,,,,,,,,,,,,,,,,,,,,,,,,,,,,,,,,,,,,,
"2025-11-10 14:18:34.4454626Z","2025-11-10 14:18:34.4454626Z","ETW","Microsoft-Windows-Kernel-Audit-API-Calls",6,"PsOpenThread","  940 svchost.exe",11892,,," 6464 explorer.exe",4300,,,,,,,,,,,,,,,,,,,,,,,,,,,,1762784314445462600,,,,,,,,,,,,,,,,2048,0,,,,,,,,,,,,,,,,,,,,,,,,,,,,,,,,,,,,,,,,,,,,,
"2025-11-10 14:18:34.4467417Z","2025-11-10 14:18:34.4467417Z","ETW","Microsoft-Windows-Kernel-Audit-API-Calls",6,"PsOpenThread","  940 svchost.exe",11892,,," 6464 explorer.exe",4300,,,,,,,,,,,,,,,,,,,,,,,,,,,,1762784314446741700,,,,,,,,,,,,,,,,2048,3221225506,,,,,,,,,,,,,,,,,,,,,,,,,,,,,,,,,,,,,,,,,,,,,
"2025-11-10 14:18:34.4467530Z","2025-11-10 14:18:34.4467530Z","ETW","Microsoft-Windows-Kernel-Audit-API-Calls",6,"PsOpenThread","  940 svchost.exe",11892,,," 6464 explorer.exe",4300,,,,,,,,,,,,,,,,,,,,,,,,,,,,1762784314446753000,,,,,,,,,,,,,,,,2048,0,,,,,,,,,,,,,,,,,,,,,,,,,,,,,,,,,,,,,,,,,,,,,
"2025-11-10 14:18:34.4473574Z","2025-11-10 14:18:34.4473574Z","ETW","Microsoft-Windows-Kernel-Audit-API-Calls",6,"PsOpenThread","  940 svchost.exe",11892,,," 6464 explorer.exe",6864,,,,,,,,,,,,,,,,,,,,,,,,,,,,1762784314447357400,,,,,,,,,,,,,,,,2048,3221225506,,,,,,,,,,,,,,,,,,,,,,,,,,,,,,,,,,,,,,,,,,,,,
"2025-11-10 14:18:34.4473681Z","2025-11-10 14:18:34.4473681Z","ETW","Microsoft-Windows-Kernel-Audit-API-Calls",6,"PsOpenThread","  940 svchost.exe",11892,,," 6464 explorer.exe",6864,,,,,,,,,,,,,,,,,,,,,,,,,,,,1762784314447368100,,,,,,,,,,,,,,,,2048,0,,,,,,,,,,,,,,,,,,,,,,,,,,,,,,,,,,,,,,,,,,,,,
"2025-11-10 14:18:34.4474326Z","2025-11-10 14:18:34.4474326Z","ETW","Microsoft-Windows-Kernel-Audit-API-Calls",6,"PsOpenThread","  940 svchost.exe",12140,,," 6464 explorer.exe",4300,,,,,,,,,,,,,,,,,,,,,,,,,,,,1762784314447432600,,,,,,,,,,,,,,,,2048,3221225506,,,,,,,,,,,,,,,,,,,,,,,,,,,,,,,,,,,,,,,,,,,,,
"2025-11-10 14:18:34.4474424Z","2025-11-10 14:18:34.4474424Z","ETW","Microsoft-Windows-Kernel-Audit-API-Calls",6,"PsOpenThread","  940 svchost.exe",12140,,," 6464 explorer.exe",4300,,,,,,,,,,,,,,,,,,,,,,,,,,,,1762784314447442400,,,,,,,,,,,,,,,,2048,0,,,,,,,,,,,,,,,,,,,,,,,,,,,,,,,,,,,,,,,,,,,,,
"2025-11-10 14:18:34.4476772Z","2025-11-10 14:18:34.4476772Z","ETW","Microsoft-Windows-Kernel-Audit-API-Calls",6,"PsOpenThread","  940 svchost.exe",12140,,," 6464 explorer.exe",4300,,,,,,,,,,,,,,,,,,,,,,,,,,,,1762784314447677200,,,,,,,,,,,,,,,,2048,3221225506,,,,,,,,,,,,,,,,,,,,,,,,,,,,,,,,,,,,,,,,,,,,,
"2025-11-10 14:18:34.4476854Z","2025-11-10 14:18:34.4476854Z","ETW","Microsoft-Windows-Kernel-Audit-API-Calls",6,"PsOpenThread","  940 svchost.exe",12140,,," 6464 explorer.exe",4300,,,,,,,,,,,,,,,,,,,,,,,,,,,,1762784314447685400,,,,,,,,,,,,,,,,2048,0,,,,,,,,,,,,,,,,,,,,,,,,,,,,,,,,,,,,,,,,,,,,,
"2025-11-10 14:18:34.4481217Z","2025-11-10 14:18:34.4481217Z","ETW","Microsoft-Windows-Kernel-Audit-API-Calls",6,"PsOpenThread","  940 svchost.exe",12140,,," 6464 explorer.exe",4300,,,,,,,,,,,,,,,,,,,,,,,,,,,,1762784314448121700,,,,,,,,,,,,,,,,2048,3221225506,,,,,,,,,,,,,,,,,,,,,,,,,,,,,,,,,,,,,,,,,,,,,
"2025-11-10 14:18:34.4481291Z","2025-11-10 14:18:34.4481291Z","ETW","Microsoft-Windows-Kernel-Audit-API-Calls",6,"PsOpenThread","  940 svchost.exe",12140,,," 6464 explorer.exe",4300,,,,,,,,,,,,,,,,,,,,,,,,,,,,1762784314448129100,,,,,,,,,,,,,,,,2048,0,,,,,,,,,,,,,,,,,,,,,,,,,,,,,,,,,,,,,,,,,,,,,
"2025-11-10 14:18:34.4494242Z","2025-11-10 14:18:34.4494242Z","ETW","Microsoft-Windows-Kernel-Audit-API-Calls",6,"PsOpenThread","  940 svchost.exe",12140,,," 6464 explorer.exe",6864,,,,,,,,,,,,,,,,,,,,,,,,,,,,1762784314449424200,,,,,,,,,,,,,,,,2048,3221225506,,,,,,,,,,,,,,,,,,,,,,,,,,,,,,,,,,,,,,,,,,,,,
"2025-11-10 14:18:34.4494313Z","2025-11-10 14:18:34.4494313Z","ETW","Microsoft-Windows-Kernel-Audit-API-Calls",6,"PsOpenThread","  940 svchost.exe",12140,,," 6464 explorer.exe",6864,,,,,,,,,,,,,,,,,,,,,,,,,,,,1762784314449431300,,,,,,,,,,,,,,,,2048,0,,,,,,,,,,,,,,,,,,,,,,,,,,,,,,,,,,,,,,,,,,,,,
"2025-11-10 14:18:34.4496206Z","2025-11-10 14:18:34.4496206Z","ETW","Microsoft-Windows-Kernel-Audit-API-Calls",6,"PsOpenThread","  940 svchost.exe",12140,,," 6464 explorer.exe",6864,,,,,,,,,,,,,,,,,,,,,,,,,,,,1762784314449620600,,,,,,,,,,,,,,,,2048,3221225506,,,,,,,,,,,,,,,,,,,,,,,,,,,,,,,,,,,,,,,,,,,,,
"2025-11-10 14:18:34.4496268Z","2025-11-10 14:18:34.4496268Z","ETW","Microsoft-Windows-Kernel-Audit-API-Calls",6,"PsOpenThread","  940 svchost.exe",12140,,," 6464 explorer.exe",6864,,,,,,,,,,,,,,,,,,,,,,,,,,,,1762784314449626800,,,,,,,,,,,,,,,,2048,0,,,,,,,,,,,,,,,,,,,,,,,,,,,,,,,,,,,,,,,,,,,,,
"2025-11-10 14:18:34.4499926Z","2025-11-10 14:18:34.4499926Z","ETW","Microsoft-Windows-Kernel-Audit-API-Calls",6,"PsOpenThread","  940 svchost.exe",12140,,," 6464 explorer.exe",6864,,,,,,,,,,,,,,,,,,,,,,,,,,,,1762784314449992600,,,,,,,,,,,,,,,,2048,3221225506,,,,,,,,,,,,,,,,,,,,,,,,,,,,,,,,,,,,,,,,,,,,,
"2025-11-10 14:18:34.4500032Z","2025-11-10 14:18:34.4500032Z","ETW","Microsoft-Windows-Kernel-Audit-API-Calls",6,"PsOpenThread","  940 svchost.exe",12140,,," 6464 explorer.exe",6864,,,,,,,,,,,,,,,,,,,,,,,,,,,,1762784314450003200,,,,,,,,,,,,,,,,2048,0,,,,,,,,,,,,,,,,,,,,,,,,,,,,,,,,,,,,,,,,,,,,,
"2025-11-10 14:18:34.4609857Z","2025-11-10 14:18:34.4609857Z","ETW","Microsoft-Windows-Kernel-Audit-API-Calls",5,"PsOpenProcess","10364 mintty.exe",3580,,," 2392 bash.exe",,,,,,,,,,,,,,,,,,,,,,,,,,,,,1762784314460985700,,,,,,,,,,,,,,,,4096,0,,,,,,,,,,,,,,,,,,,,,,,,,,,,,,,,,,,,,,,,,,,,,
"2025-11-10 14:18:34.4612551Z","2025-11-10 14:18:34.4612551Z","ETW","Microsoft-Windows-Kernel-Audit-API-Calls",6,"PsOpenThread","10364 mintty.exe",5868,,,"10364 mintty.exe",5868,,,,,,,,,,,,,,,,,,,,,,,,,,,,1762784314461255100,,,,,,,,,,,,,,,,1024,0,,,,,,,,,,,,,,,,,,,,,,,,,,,,,,,,,,,,,,,,,,,,,
"2025-11-10 14:18:34.4747218Z","2025-11-10 14:18:34.4747218Z","ETW","Microsoft-Windows-Kernel-Audit-API-Calls",6,"PsOpenThread"," 2392 bash.exe",5764,,," 2392 bash.exe",5764,,,,,,,,,,,,,,,,,,,,,,,,,,,,1762784314474721800,,,,,,,,,,,,,,,,1024,0,,,,,,,,,,,,,,,,,,,,,,,,,,,,,,,,,,,,,,,,,,,,,
"2025-11-10 14:18:34.4920303Z","2025-11-10 14:18:34.4920303Z","ETW","Microsoft-Windows-Kernel-Audit-API-Calls",6,"PsOpenThread","10364 mintty.exe",5868,,,"10364 mintty.exe",5868,,,,,,,,,,,,,,,,,,,,,,,,,,,,1762784314492030300,,,,,,,,,,,,,,,,1024,0,,,,,,,,,,,,,,,,,,,,,,,,,,,,,,,,,,,,,,,,,,,,,
"2025-11-10 14:18:34.5379670Z","2025-11-10 14:18:34.5379670Z","ETW","Microsoft-Windows-Kernel-Audit-API-Calls",6,"PsOpenThread","10364 mintty.exe",5868,,,"10364 mintty.exe",5868,,,,,,,,,,,,,,,,,,,,,,,,,,,,1762784314537967000,,,,,,,,,,,,,,,,1024,0,,,,,,,,,,,,,,,,,,,,,,,,,,,,,,,,,,,,,,,,,,,,,
"2025-11-10 14:18:34.6075188Z","2025-11-10 14:18:34.6075188Z","ETW","Microsoft-Windows-Kernel-Audit-API-Calls",5,"PsOpenProcess","10364 mintty.exe",3580,,," 2392 bash.exe",,,,,,,,,,,,,,,,,,,,,,,,,,,,,1762784314607518800,,,,,,,,,,,,,,,,4096,0,,,,,,,,,,,,,,,,,,,,,,,,,,,,,,,,,,,,,,,,,,,,,
"2025-11-10 14:18:34.6078012Z","2025-11-10 14:18:34.6078012Z","ETW","Microsoft-Windows-Kernel-Audit-API-Calls",6,"PsOpenThread","10364 mintty.exe",5868,,,"10364 mintty.exe",5868,,,,,,,,,,,,,,,,,,,,,,,,,,,,1762784314607801200,,,,,,,,,,,,,,,,1024,0,,,,,,,,,,,,,,,,,,,,,,,,,,,,,,,,,,,,,,,,,,,,,
"2025-11-10 14:18:34.6151932Z","2025-11-10 14:18:34.6151932Z","ETW","Microsoft-Windows-Kernel-Audit-API-Calls",6,"PsOpenThread"," 2392 bash.exe",5764,,," 2392 bash.exe",5764,,,,,,,,,,,,,,,,,,,,,,,,,,,,1762784314615193200,,,,,,,,,,,,,,,,1024,0,,,,,,,,,,,,,,,,,,,,,,,,,,,,,,,,,,,,,,,,,,,,,
"2025-11-10 14:18:34.6327646Z","2025-11-10 14:18:34.6327646Z","ETW","Microsoft-Windows-Kernel-Audit-API-Calls",6,"PsOpenThread","10364 mintty.exe",5868,,,"10364 mintty.exe",5868,,,,,,,,,,,,,,,,,,,,,,,,,,,,1762784314632764600,,,,,,,,,,,,,,,,1024,0,,,,,,,,,,,,,,,,,,,,,,,,,,,,,,,,,,,,,,,,,,,,,
"2025-11-10 14:18:34.7099666Z","2025-11-10 14:18:34.7099666Z","ETW","Microsoft-Windows-Kernel-Audit-API-Calls",5,"PsOpenProcess","10364 mintty.exe",3580,,," 2392 bash.exe",,,,,,,,,,,,,,,,,,,,,,,,,,,,,1762784314709966700,,,,,,,,,,,,,,,,4096,0,,,,,,,,,,,,,,,,,,,,,,,,,,,,,,,,,,,,,,,,,,,,,
"2025-11-10 14:18:34.7101984Z","2025-11-10 14:18:34.7101984Z","ETW","Microsoft-Windows-Kernel-Audit-API-Calls",6,"PsOpenThread","10364 mintty.exe",5868,,,"10364 mintty.exe",5868,,,,,,,,,,,,,,,,,,,,,,,,,,,,1762784314710198400,,,,,,,,,,,,,,,,1024,0,,,,,,,,,,,,,,,,,,,,,,,,,,,,,,,,,,,,,,,,,,,,,
"2025-11-10 14:18:34.7246606Z","2025-11-10 14:18:34.7246606Z","ETW","Microsoft-Windows-Kernel-Audit-API-Calls",6,"PsOpenThread"," 2392 bash.exe",5764,,," 2392 bash.exe",5764,,,,,,,,,,,,,,,,,,,,,,,,,,,,1762784314724660600,,,,,,,,,,,,,,,,1024,0,,,,,,,,,,,,,,,,,,,,,,,,,,,,,,,,,,,,,,,,,,,,,
"2025-11-10 14:18:34.7297896Z","2025-11-10 14:18:34.7297896Z","ETW","Microsoft-Windows-Kernel-Audit-API-Calls",6,"PsOpenThread","10364 mintty.exe",5868,,,"10364 mintty.exe",5868,,,,,,,,,,,,,,,,,,,,,,,,,,,,1762784314729789600,,,,,,,,,,,,,,,,1024,0,,,,,,,,,,,,,,,,,,,,,,,,,,,,,,,,,,,,,,,,,,,,,
"2025-11-10 14:18:34.7401022Z","2025-11-10 14:18:34.7401022Z","ETW","Microsoft-Windows-Kernel-Audit-API-Calls",6,"PsOpenThread","10364 mintty.exe",5868,,,"10364 mintty.exe",5868,,,,,,,,,,,,,,,,,,,,,,,,,,,,1762784314740102200,,,,,,,,,,,,,,,,1024,0,,,,,,,,,,,,,,,,,,,,,,,,,,,,,,,,,,,,,,,,,,,,,
"2025-11-10 14:18:34.8280904Z","2025-11-10 14:18:34.8280904Z","ETW","Microsoft-Windows-Kernel-Audit-API-Calls",6,"PsOpenThread","10364 mintty.exe",5868,,,"10364 mintty.exe",5868,,,,,,,,,,,,,,,,,,,,,,,,,,,,1762784314828090400,,,,,,,,,,,,,,,,1024,0,,,,,,,,,,,,,,,,,,,,,,,,,,,,,,,,,,,,,,,,,,,,,
"2025-11-10 14:18:35.0525466Z","2025-11-10 14:18:35.0525466Z","ETW","Microsoft-Windows-Kernel-Process",4,"ThreadStop Stop "," 4288 svchost.exe",1476,,," 4288 svchost.exe",,,,,,,,,,,,,,,,,,,,,,,,,,,,,1762784315052546600,,18446606103137255424,18446606103137226752,140737287943264,268,18314797056,1476,18319671296,18319638528,140737287943264,,,,,,,,,,,625430,,,,,,,,,,,,,,,,,,,,,,,,,,,,,,,,,,,,,,,,,
"2025-11-10 14:18:35.2642317Z","2025-11-10 14:18:35.2642317Z","ETW","Microsoft-Windows-Kernel-Audit-API-Calls",6,"PsOpenThread","10364 mintty.exe",5868,,,"10364 mintty.exe",5868,,,,,,,,,,,,,,,,,,,,,,,,,,,,1762784315264231700,,,,,,,,,,,,,,,,1024,0,,,,,,,,,,,,,,,,,,,,,,,,,,,,,,,,,,,,,,,,,,,,,
"2025-11-10 14:18:35.2868228Z","2025-11-10 14:18:35.2868228Z","ETW","Microsoft-Windows-Kernel-Audit-API-Calls",6,"PsOpenThread","10364 mintty.exe",5868,,,"10364 mintty.exe",5868,,,,,,,,,,,,,,,,,,,,,,,,,,,,1762784315286822800,,,,,,,,,,,,,,,,1024,0,,,,,,,,,,,,,,,,,,,,,,,,,,,,,,,,,,,,,,,,,,,,,
"2025-11-10 14:18:35.3496086Z","2025-11-10 14:18:35.3496086Z","ETW","Microsoft-Windows-Kernel-File",30,"CreateNewFile Info "," 1380 svchost.exe",1468,,,,,,"C:\Windows\Prefetch\SEARCHPROTOCOLHOST.EXE-69C456C3.pf",,,,,,,,,,,,,,,,,,,,,,,,,,1762784315349608600,,,,,,,,,,,,,,,,,,,,,,,,,,,,,,,,,,,,,,,,,,,,,,,,,,,,,,,,,0,83886176,18446690209782486544,18446690209762278152,1468,0
"2025-11-10 14:18:35.4749755Z","2025-11-10 14:18:35.4749755Z","ETW","Microsoft-Windows-Kernel-Audit-API-Calls",6,"PsOpenThread"," 4936 AggregatorHost.exe",11096,,," 2956 svchost.exe",10880,,,,,,,,,,,,,,,,,,,,,,,,,,,,1762784315474975500,,,,,,,,,,,,,,,,2048,0,,,,,,,,,,,,,,,,,,,,,,,,,,,,,,,,,,,,,,,,,,,,,
"2025-11-10 14:18:35.5071409Z","2025-11-10 14:18:35.5071409Z","ETW","Microsoft-Windows-Kernel-File",30,"CreateNewFile Info "," 1380 svchost.exe",1468,,,,,,"C:\Windows\Prefetch\SEARCHFILTERHOST.EXE-44162447.pf",,,,,,,,,,,,,,,,,,,,,,,,,,1762784315507141000,,,,,,,,,,,,,,,,,,,,,,,,,,,,,,,,,,,,,,,,,,,,,,,,,,,,,,,,,0,83886176,18446690209782486544,18446690209766187944,1468,0
"2025-11-10 14:18:35.8107255Z","2025-11-10 14:18:35.8107255Z","ETW","Microsoft-Windows-Kernel-Audit-API-Calls",6,"PsOpenThread","10364 mintty.exe",5868,,,"10364 mintty.exe",5868,,,,,,,,,,,,,,,,,,,,,,,,,,,,1762784315810725500,,,,,,,,,,,,,,,,1024,0,,,,,,,,,,,,,,,,,,,,,,,,,,,,,,,,,,,,,,,,,,,,,
"2025-11-10 14:18:35.8494454Z","2025-11-10 14:18:35.8494454Z","ETW","Microsoft-Windows-Kernel-Audit-API-Calls",6,"PsOpenThread","10364 mintty.exe",5868,,,"10364 mintty.exe",5868,,,,,,,,,,,,,,,,,,,,,,,,,,,,1762784315849445400,,,,,,,,,,,,,,,,1024,0,,,,,,,,,,,,,,,,,,,,,,,,,,,,,,,,,,,,,,,,,,,,,
"2025-11-10 14:18:36.3532114Z","2025-11-10 14:18:36.3532114Z","ETW","Microsoft-Windows-Kernel-Audit-API-Calls",6,"PsOpenThread","10364 mintty.exe",5868,,,"10364 mintty.exe",5868,,,,,,,,,,,,,,,,,,,,,,,,,,,,1762784316353211400,,,,,,,,,,,,,,,,1024,0,,,,,,,,,,,,,,,,,,,,,,,,,,,,,,,,,,,,,,,,,,,,,
"2025-11-10 14:18:36.3807024Z","2025-11-10 14:18:36.3807024Z","ETW","Microsoft-Windows-Kernel-Audit-API-Calls",6,"PsOpenThread","10364 mintty.exe",5868,,,"10364 mintty.exe",5868,,,,,,,,,,,,,,,,,,,,,,,,,,,,1762784316380702400,,,,,,,,,,,,,,,,1024,0,,,,,,,,,,,,,,,,,,,,,,,,,,,,,,,,,,,,,,,,,,,,,
"2025-11-10 14:18:36.7870769Z","2025-11-10 14:18:36.7870769Z","ETW","Microsoft-Windows-Kernel-Audit-API-Calls",6,"PsOpenThread","  712 services.exe",9316,,," 9812 vmtoolsd.exe",9816,,,,,,,,,,,,,,,,,,,,,,,,,,,,1762784316787076900,,,,,,,,,,,,,,,,2048,0,,,,,,,,,,,,,,,,,,,,,,,,,,,,,,,,,,,,,,,,,,,,,
"2025-11-10 14:18:36.7872568Z","2025-11-10 14:18:36.7872568Z","ETW","Microsoft-Windows-Kernel-Audit-API-Calls",6,"PsOpenThread","  712 services.exe",9316,,," 9812 vmtoolsd.exe",9816,,,,,,,,,,,,,,,,,,,,,,,,,,,,1762784316787256800,,,,,,,,,,,,,,,,2048,0,,,,,,,,,,,,,,,,,,,,,,,,,,,,,,,,,,,,,,,,,,,,,
"2025-11-10 14:18:36.7874568Z","2025-11-10 14:18:36.7874568Z","ETW","Microsoft-Windows-Kernel-Audit-API-Calls",6,"PsOpenThread","  712 services.exe",9316,,," 9812 vmtoolsd.exe",9816,,,,,,,,,,,,,,,,,,,,,,,,,,,,1762784316787456800,,,,,,,,,,,,,,,,2048,0,,,,,,,,,,,,,,,,,,,,,,,,,,,,,,,,,,,,,,,,,,,,,
"2025-11-10 14:18:36.7875256Z","2025-11-10 14:18:36.7875256Z","ETW","Microsoft-Windows-Kernel-Audit-API-Calls",6,"PsOpenThread","  712 services.exe",9316,,," 9812 vmtoolsd.exe",9816,,,,,,,,,,,,,,,,,,,,,,,,,,,,1762784316787525600,,,,,,,,,,,,,,,,2048,0,,,,,,,,,,,,,,,,,,,,,,,,,,,,,,,,,,,,,,,,,,,,,
"2025-11-10 14:18:36.7876206Z","2025-11-10 14:18:36.7876206Z","ETW","Microsoft-Windows-Kernel-Audit-API-Calls",6,"PsOpenThread","  712 services.exe",9316,,," 9812 vmtoolsd.exe",9816,,,,,,,,,,,,,,,,,,,,,,,,,,,,1762784316787620700,,,,,,,,,,,,,,,,2048,0,,,,,,,,,,,,,,,,,,,,,,,,,,,,,,,,,,,,,,,,,,,,,
"2025-11-10 14:18:36.8821699Z","2025-11-10 14:18:36.8821699Z","ETW","Microsoft-Windows-Kernel-Audit-API-Calls",6,"PsOpenThread","10364 mintty.exe",5868,,,"10364 mintty.exe",5868,,,,,,,,,,,,,,,,,,,,,,,,,,,,1762784316882169900,,,,,,,,,,,,,,,,1024,0,,,,,,,,,,,,,,,,,,,,,,,,,,,,,,,,,,,,,,,,,,,,,
"2025-11-10 14:18:36.9120307Z","2025-11-10 14:18:36.9120307Z","ETW","Microsoft-Windows-Kernel-Audit-API-Calls",6,"PsOpenThread","10364 mintty.exe",5868,,,"10364 mintty.exe",5868,,,,,,,,,,,,,,,,,,,,,,,,,,,,1762784316912030700,,,,,,,,,,,,,,,,1024,0,,,,,,,,,,,,,,,,,,,,,,,,,,,,,,,,,,,,,,,,,,,,,
"2025-11-10 14:18:37.4146126Z","2025-11-10 14:18:37.4146126Z","ETW","Microsoft-Windows-Kernel-Audit-API-Calls",6,"PsOpenThread","10364 mintty.exe",5868,,,"10364 mintty.exe",5868,,,,,,,,,,,,,,,,,,,,,,,,,,,,1762784317414612600,,,,,,,,,,,,,,,,1024,0,,,,,,,,,,,,,,,,,,,,,,,,,,,,,,,,,,,,,,,,,,,,,
"2025-11-10 14:18:37.4439766Z","2025-11-10 14:18:37.4439766Z","ETW","Microsoft-Windows-Kernel-Audit-API-Calls",6,"PsOpenThread","10364 mintty.exe",5868,,,"10364 mintty.exe",5868,,,,,,,,,,,,,,,,,,,,,,,,,,,,1762784317443976600,,,,,,,,,,,,,,,,1024,0,,,,,,,,,,,,,,,,,,,,,,,,,,,,,,,,,,,,,,,,,,,,,
"2025-11-10 14:18:37.4828544Z","2025-11-10 14:18:37.4828544Z","ETW","Microsoft-Windows-Kernel-Process",4,"ThreadStop Stop ","  476 firefox.exe",6984,,,"  476 firefox.exe",,,,,,,,,,,,,,,,,,,,,,,,,,,,,1762784317482854400,,18446606103138697216,18446606103138668544,2456893201264,0,341186060288,6984,341216329728,341216317440,2456893201264,,,,,,,,,,,20305550,,,,,,,,,,,,,,,,,,,,,,,,,,,,,,,,,,,,,,,,,
"2025-11-10 14:18:37.4831802Z","2025-11-10 14:18:37.4831802Z","ETW","Microsoft-Windows-Kernel-Process",4,"ThreadStop Stop ","  476 firefox.exe",2676,,,"  476 firefox.exe",,,,,,,,,,,,,,,,,,,,,,,,,,,,,1762784317483180200,,18446606103140728832,18446606103140700160,2456893201264,0,341186052096,2676,341215019008,341215006720,2456893201264,,,,,,,,,,,23026944,,,,,,,,,,,,,,,,,,,,,,,,,,,,,,,,,,,,,,,,,
"2025-11-10 14:18:37.5369933Z","2025-11-10 14:18:37.5369933Z","ETW","Microsoft-Windows-Kernel-Process",4,"ThreadStop Stop "," 2972 cyserver.exe",9664,,," 2972 cyserver.exe",,,,,,,,,,,,,,,,,,,,,,,,,,,,,1762784317536993300,,18446606103131439104,18446606103131410432,140737284519808,38,745075097600,9664,743046119424,743046098944,140737284519808,,,,,,,,,,,435320,,,,,,,,,,,,,,,,,,,,,,,,,,,,,,,,,,,,,,,,,
"2025-11-10 14:18:37.9306416Z","2025-11-10 14:18:37.9306416Z","ETW","Microsoft-Windows-Kernel-Audit-API-Calls",5,"PsOpenProcess"," 6464 explorer.exe",6864,,," 6860 TextInputHost.exe",,,,,,,,,,,,,,,,,,,,,,,,,,,,,1762784317930641600,,,,,,,,,,,,,,,,8192,0,,,,,,,,,,,,,,,,,,,,,,,,,,,,,,,,,,,,,,,,,,,,,
"2025-11-10 14:18:37.9306587Z","2025-11-10 14:18:37.9306587Z","ETW","Microsoft-Windows-Kernel-Audit-API-Calls",5,"PsOpenProcess"," 6464 explorer.exe",6864,,," 6464 explorer.exe",,,,,,,,,,,,,,,,,,,,,,,,,,,,,1762784317930658700,,,,,,,,,,,,,,,,8192,0,,,,,,,,,,,,,,,,,,,,,,,,,,,,,,,,,,,,,,,,,,,,,
"2025-11-10 14:18:37.9306729Z","2025-11-10 14:18:37.9306729Z","ETW","Microsoft-Windows-Kernel-Audit-API-Calls",5,"PsOpenProcess"," 6464 explorer.exe",6864,,," 8724 LockApp.exe",,,,,,,,,,,,,,,,,,,,,,,,,,,,,1762784317930672900,,,,,,,,,,,,,,,,8192,0,,,,,,,,,,,,,,,,,,,,,,,,,,,,,,,,,,,,,,,,,,,,,
"2025-11-10 14:18:37.9306865Z","2025-11-10 14:18:37.9306865Z","ETW","Microsoft-Windows-Kernel-Audit-API-Calls",5,"PsOpenProcess"," 6464 explorer.exe",6864,,," 3460 cyrprtui.exe",,,,,,,,,,,,,,,,,,,,,,,,,,,,,1762784317930686500,,,,,,,,,,,,,,,,8192,0,,,,,,,,,,,,,,,,,,,,,,,,,,,,,,,,,,,,,,,,,,,,,
"2025-11-10 14:18:37.9306984Z","2025-11-10 14:18:37.9306984Z","ETW","Microsoft-Windows-Kernel-Audit-API-Calls",5,"PsOpenProcess"," 6464 explorer.exe",6864,,," 6820 ShellExperienceHost.exe",,,,,,,,,,,,,,,,,,,,,,,,,,,,,1762784317930698400,,,,,,,,,,,,,,,,8192,0,,,,,,,,,,,,,,,,,,,,,,,,,,,,,,,,,,,,,,,,,,,,,
"2025-11-10 14:18:37.9307131Z","2025-11-10 14:18:37.9307131Z","ETW","Microsoft-Windows-Kernel-Audit-API-Calls",5,"PsOpenProcess"," 6464 explorer.exe",6864,,," 1556 SearchApp.exe",,,,,,,,,,,,,,,,,,,,,,,,,,,,,1762784317930713100,,,,,,,,,,,,,,,,8192,0,,,,,,,,,,,,,,,,,,,,,,,,,,,,,,,,,,,,,,,,,,,,,
"2025-11-10 14:18:37.9307242Z","2025-11-10 14:18:37.9307242Z","ETW","Microsoft-Windows-Kernel-Audit-API-Calls",5,"PsOpenProcess"," 6464 explorer.exe",6864,,," 8112 SearchApp.exe",,,,,,,,,,,,,,,,,,,,,,,,,,,,,1762784317930724200,,,,,,,,,,,,,,,,8192,0,,,,,,,,,,,,,,,,,,,,,,,,,,,,,,,,,,,,,,,,,,,,,
"2025-11-10 14:18:37.9307362Z","2025-11-10 14:18:37.9307362Z","ETW","Microsoft-Windows-Kernel-Audit-API-Calls",5,"PsOpenProcess"," 6464 explorer.exe",6864,,," 5564 StartMenuExperienceHost.exe",,,,,,,,,,,,,,,,,,,,,,,,,,,,,1762784317930736200,,,,,,,,,,,,,,,,8192,0,,,,,,,,,,,,,,,,,,,,,,,,,,,,,,,,,,,,,,,,,,,,,
"2025-11-10 14:18:37.9307407Z","2025-11-10 14:18:37.9307407Z","ETW","Microsoft-Windows-Kernel-Audit-API-Calls",5,"PsOpenProcess"," 6464 explorer.exe",6864,,,"  472 dwm.exe",,,,,,,,,,,,,,,,,,,,,,,,,,,,,1762784317930740700,,,,,,,,,,,,,,,,8192,3221225506,,,,,,,,,,,,,,,,,,,,,,,,,,,,,,,,,,,,,,,,,,,,,
"2025-11-10 14:18:37.9307538Z","2025-11-10 14:18:37.9307538Z","ETW","Microsoft-Windows-Kernel-Audit-API-Calls",5,"PsOpenProcess"," 6464 explorer.exe",6864,,," 1764 cyrprtui.exe",,,,,,,,,,,,,,,,,,,,,,,,,,,,,1762784317930753800,,,,,,,,,,,,,,,,8192,0,,,,,,,,,,,,,,,,,,,,,,,,,,,,,,,,,,,,,,,,,,,,,
"2025-11-10 14:18:37.9307664Z","2025-11-10 14:18:37.9307664Z","ETW","Microsoft-Windows-Kernel-Audit-API-Calls",5,"PsOpenProcess"," 6464 explorer.exe",6864,,," 1396 cyrprtui.exe",,,,,,,,,,,,,,,,,,,,,,,,,,,,,1762784317930766400,,,,,,,,,,,,,,,,8192,0,,,,,,,,,,,,,,,,,,,,,,,,,,,,,,,,,,,,,,,,,,,,,
"2025-11-10 14:18:37.9307791Z","2025-11-10 14:18:37.9307791Z","ETW","Microsoft-Windows-Kernel-Audit-API-Calls",5,"PsOpenProcess"," 6464 explorer.exe",6864,,,"10364 mintty.exe",,,,,,,,,,,,,,,,,,,,,,,,,,,,,1762784317930779100,,,,,,,,,,,,,,,,8192,0,,,,,,,,,,,,,,,,,,,,,,,,,,,,,,,,,,,,,,,,,,,,,
"2025-11-10 14:18:37.9307835Z","2025-11-10 14:18:37.9307835Z","ETW","Microsoft-Windows-Kernel-Audit-API-Calls",5,"PsOpenProcess"," 6464 explorer.exe",6864,,," 5452 powershell.exe",,,,,,,,,,,,,,,,,,,,,,,,,,,,,1762784317930783500,,,,,,,,,,,,,,,,8192,3221225506,,,,,,,,,,,,,,,,,,,,,,,,,,,,,,,,,,,,,,,,,,,,,
"2025-11-10 14:18:37.9307954Z","2025-11-10 14:18:37.9307954Z","ETW","Microsoft-Windows-Kernel-Audit-API-Calls",5,"PsOpenProcess"," 6464 explorer.exe",6864,,,"  476 firefox.exe",,,,,,,,,,,,,,,,,,,,,,,,,,,,,1762784317930795400,,,,,,,,,,,,,,,,8192,0,,,,,,,,,,,,,,,,,,,,,,,,,,,,,,,,,,,,,,,,,,,,,
"2025-11-10 14:18:37.9308144Z","2025-11-10 14:18:37.9308144Z","ETW","Microsoft-Windows-Kernel-Audit-API-Calls",5,"PsOpenProcess"," 6464 explorer.exe",6864,,," 9872 SystemSettings.exe",,,,,,,,,,,,,,,,,,,,,,,,,,,,,1762784317930814400,,,,,,,,,,,,,,,,8192,0,,,,,,,,,,,,,,,,,,,,,,,,,,,,,,,,,,,,,,,,,,,,,
"2025-11-10 14:18:37.9308335Z","2025-11-10 14:18:37.9308335Z","ETW","Microsoft-Windows-Kernel-Audit-API-Calls",5,"PsOpenProcess"," 6464 explorer.exe",6864,,," 9632 ApplicationFrameHost.exe",,,,,,,,,,,,,,,,,,,,,,,,,,,,,1762784317930833500,,,,,,,,,,,,,,,,8192,0,,,,,,,,,,,,,,,,,,,,,,,,,,,,,,,,,,,,,,,,,,,,,
"2025-11-10 14:18:37.9471993Z","2025-11-10 14:18:37.9471993Z","ETW","Microsoft-Windows-Kernel-Audit-API-Calls",6,"PsOpenThread","10364 mintty.exe",5868,,,"10364 mintty.exe",5868,,,,,,,,,,,,,,,,,,,,,,,,,,,,1762784317947199300,,,,,,,,,,,,,,,,1024,0,,,,,,,,,,,,,,,,,,,,,,,,,,,,,,,,,,,,,,,,,,,,,
"2025-11-10 14:18:37.9674882Z","2025-11-10 14:18:37.9674882Z","ETW","Microsoft-Windows-Kernel-Audit-API-Calls",6,"PsOpenThread","10364 mintty.exe",5868,,,"10364 mintty.exe",5868,,,,,,,,,,,,,,,,,,,,,,,,,,,,1762784317967488200,,,,,,,,,,,,,,,,1024,0,,,,,,,,,,,,,,,,,,,,,,,,,,,,,,,,,,,,,,,,,,,,,
"2025-11-10 14:18:38.1308837Z","2025-11-10 14:18:38.1308837Z","ETW","Microsoft-Windows-Kernel-Process",3,"ThreadStart Start ","    4 System",36,,," 8416 rdpclip.exe",,,,,,,,,,,,,,,,,,,,,,,,,,,,,1762784318130883700,,18446606103131439104,18446606103131410432,140737324634384,0,234054451200,8196,234051928064,234051919872,140737324634384,,,,,,,,,,,,,,,,,,,,,,,,,,,,,,,,,,,,,,,,,,,,,,,,,,,,
"2025-11-10 14:18:38.1311050Z","2025-11-10 14:18:38.1311050Z","ETW","Microsoft-Windows-Kernel-Process",3,"ThreadStart Start "," 8416 rdpclip.exe",8196,,," 8416 rdpclip.exe",,,,,,,,,,,,,,,,,,,,,,,,,,,,,1762784318131105000,,18446606103140728832,18446606103140700160,140737324634384,0,234054459392,12116,234052452352,234052444160,140737324634384,,,,,,,,,,,,,,,,,,,,,,,,,,,,,,,,,,,,,,,,,,,,,,,,,,,,
"2025-11-10 14:18:38.1311295Z","2025-11-10 14:18:38.1311295Z","ETW","Microsoft-Windows-Kernel-Audit-API-Calls",6,"PsOpenThread"," 8416 rdpclip.exe",8196,,," 8416 rdpclip.exe",12116,,,,,,,,,,,,,,,,,,,,,,,,,,,,1762784318131129500,,,,,,,,,,,,,,,,64,0,,,,,,,,,,,,,,,,,,,,,,,,,,,,,,,,,,,,,,,,,,,,,
"2025-11-10 14:18:38.3513866Z","2025-11-10 14:18:38.3513866Z","ETW","Microsoft-Windows-Kernel-Audit-API-Calls",5,"PsOpenProcess","10364 mintty.exe",3580,,," 2392 bash.exe",,,,,,,,,,,,,,,,,,,,,,,,,,,,,1762784318351386600,,,,,,,,,,,,,,,,4096,0,,,,,,,,,,,,,,,,,,,,,,,,,,,,,,,,,,,,,,,,,,,,,
"2025-11-10 14:18:38.3516059Z","2025-11-10 14:18:38.3516059Z","ETW","Microsoft-Windows-Kernel-Audit-API-Calls",6,"PsOpenThread","10364 mintty.exe",5868,,,"10364 mintty.exe",5868,,,,,,,,,,,,,,,,,,,,,,,,,,,,1762784318351606000,,,,,,,,,,,,,,,,1024,0,,,,,,,,,,,,,,,,,,,,,,,,,,,,,,,,,,,,,,,,,,,,,
"2025-11-10 14:18:38.3653835Z","2025-11-10 14:18:38.3653835Z","ETW","Microsoft-Windows-Kernel-Audit-API-Calls",6,"PsOpenThread"," 2392 bash.exe",5764,,," 2392 bash.exe",5764,,,,,,,,,,,,,,,,,,,,,,,,,,,,1762784318365383500,,,,,,,,,,,,,,,,1024,0,,,,,,,,,,,,,,,,,,,,,,,,,,,,,,,,,,,,,,,,,,,,,
"2025-11-10 14:18:38.3860283Z","2025-11-10 14:18:38.3860283Z","ETW","Microsoft-Windows-Kernel-Audit-API-Calls",6,"PsOpenThread","10364 mintty.exe",5868,,,"10364 mintty.exe",5868,,,,,,,,,,,,,,,,,,,,,,,,,,,,1762784318386028300,,,,,,,,,,,,,,,,1024,0,,,,,,,,,,,,,,,,,,,,,,,,,,,,,,,,,,,,,,,,,,,,,
"2025-11-10 14:18:38.4523545Z","2025-11-10 14:18:38.4523545Z","ETW","Microsoft-Windows-Kernel-Audit-API-Calls",5,"PsOpenProcess","10364 mintty.exe",3580,,," 2392 bash.exe",,,,,,,,,,,,,,,,,,,,,,,,,,,,,1762784318452354500,,,,,,,,,,,,,,,,4096,0,,,,,,,,,,,,,,,,,,,,,,,,,,,,,,,,,,,,,,,,,,,,,
"2025-11-10 14:18:38.4526347Z","2025-11-10 14:18:38.4526347Z","ETW","Microsoft-Windows-Kernel-Audit-API-Calls",6,"PsOpenThread","10364 mintty.exe",5868,,,"10364 mintty.exe",5868,,,,,,,,,,,,,,,,,,,,,,,,,,,,1762784318452634700,,,,,,,,,,,,,,,,1024,0,,,,,,,,,,,,,,,,,,,,,,,,,,,,,,,,,,,,,,,,,,,,,
"2025-11-10 14:18:38.4602706Z","2025-11-10 14:18:38.4602706Z","ETW","Microsoft-Windows-Kernel-Process",1,"ProcessStart Start "," 2392 bash.exe",4224,,,"  784 bash.exe",,,"C:\Program Files\Git\usr\bin\bash.exe",,,,,,,,,,,,,,,,,,,,,,,,,,1762784318460270600,,,,,,,,,,,,,2616686,,1727168884,,,,,,,,,134072579184602154,0,"0x","","",2392,24871,25934,3,0,1,,,,,,,,,,,,,,,,,,,,,,,,,,,,
"2025-11-10 14:18:38.4604268Z","2025-11-10 14:18:38.4604268Z","ETW","Microsoft-Windows-Kernel-Audit-API-Calls",6,"PsOpenThread"," 2972 cyserver.exe",7532,,," 2392 bash.exe",4224,,,,,,,,,,,,,,,,,,,,,,,,,,,,1762784318460426800,,,,,,,,,,,,,,,,64,0,,,,,,,,,,,,,,,,,,,,,,,,,,,,,,,,,,,,,,,,,,,,,
"2025-11-10 14:18:38.4604379Z","2025-11-10 14:18:38.4604379Z","ETW","Microsoft-Windows-Kernel-Audit-API-Calls",5,"PsOpenProcess"," 2972 cyserver.exe",7532,,," 2392 bash.exe",,,,,,,,,,,,,,,,,,,,,,,,,,,,,1762784318460437900,,,,,,,,,,,,,,,,1024,0,,,,,,,,,,,,,,,,,,,,,,,,,,,,,,,,,,,,,,,,,,,,,
"2025-11-10 14:18:38.4614957Z","2025-11-10 14:18:38.4614957Z","ETW","Microsoft-Windows-Kernel-Audit-API-Calls",6,"PsOpenThread"," 2972 cyserver.exe",7728,,," 2392 bash.exe",4224,,,,,,,,,,,,,,,,,,,,,,,,,,,,1762784318461495700,,,,,,,,,,,,,,,,64,0,,,,,,,,,,,,,,,,,,,,,,,,,,,,,,,,,,,,,,,,,,,,,
"2025-11-10 14:18:38.4615053Z","2025-11-10 14:18:38.4615053Z","ETW","Microsoft-Windows-Kernel-Audit-API-Calls",5,"PsOpenProcess"," 2972 cyserver.exe",7728,,," 2392 bash.exe",,,,,,,,,,,,,,,,,,,,,,,,,,,,,1762784318461505300,,,,,,,,,,,,,,,,1024,0,,,,,,,,,,,,,,,,,,,,,,,,,,,,,,,,,,,,,,,,,,,,,
"2025-11-10 14:18:38.4646378Z","2025-11-10 14:18:38.4646378Z","ETW","Microsoft-Windows-Kernel-Audit-API-Calls",5,"PsOpenProcess"," 2972 cyserver.exe",7728,,,"  784 bash.exe",,,,,,,,,,,,,,,,,,,,,,,,,,,,,1762784318464637800,,,,,,,,,,,,,,,,2147483648,0,,,,,,,,,,,,,,,,,,,,,,,,,,,,,,,,,,,,,,,,,,,,,
"2025-11-10 14:18:38.4713908Z","2025-11-10 14:18:38.4713908Z","ETW","Microsoft-Windows-Kernel-Process",3,"ThreadStart Start "," 2392 bash.exe",4224,,,"  784 bash.exe",,,,,,,,,,,,,,,,,,,,,,,,,,,,,1762784318471390800,,18446606103138697216,18446606103138668544,4299165696,0,3854336,388,6291456,6287360,4299165696,,,,,,,,,,,,,,,,,,,,,,,,,,,,,,,,,,,,,,,,,,,,,,,,,,,,
"2025-11-10 14:18:38.4714097Z","2025-11-10 14:18:38.4714097Z","ETW","Microsoft-Windows-Kernel-Audit-API-Calls",6,"PsOpenThread"," 2392 bash.exe",4224,,,"  784 bash.exe",388,,,,,,,,,,,,,,,,,,,,,,,,,,,,1762784318471409700,,,,,,,,,,,,,,,,64,0,,,,,,,,,,,,,,,,,,,,,,,,,,,,,,,,,,,,,,,,,,,,,
"2025-11-10 14:18:38.4720034Z","2025-11-10 14:18:38.4720034Z","ETW","Microsoft-Windows-Kernel-Audit-API-Calls",5,"PsOpenProcess","  576 csrss.exe",592,,,"  784 bash.exe",,,,,,,,,,,,,,,,,,,,,,,,,,,,,1762784318472003400,,,,,,,,,,,,,,,,2097151,0,,,,,,,,,,,,,,,,,,,,,,,,,,,,,,,,,,,,,,,,,,,,,
"2025-11-10 14:18:38.4720141Z","2025-11-10 14:18:38.4720141Z","ETW","Microsoft-Windows-Kernel-Audit-API-Calls",6,"PsOpenThread","  576 csrss.exe",592,,,"  784 bash.exe",388,,,,,,,,,,,,,,,,,,,,,,,,,,,,1762784318472014100,,,,,,,,,,,,,,,,2097151,0,,,,,,,,,,,,,,,,,,,,,,,,,,,,,,,,,,,,,,,,,,,,,
"2025-11-10 14:18:38.4745550Z","2025-11-10 14:18:38.4745550Z","ETW","Microsoft-Windows-Kernel-Process",5,"ImageLoad Info ","  784 bash.exe",388,,,"  784 bash.exe",,,"C:\Program Files\Git\usr\bin\bash.exe",,,,,,,,,,,,,,,,,,,,,,,,,,1762784318474555000,,,,,,,,,,,4299161600,4299161600,2616686,2617344,1727168884,,,,,,,,,,,,,,,,,,,,,,,,,,,,,,,,,,,,,,,,,,,,,,,
"2025-11-10 14:18:38.4747317Z","2025-11-10 14:18:38.4747317Z","ETW","Microsoft-Windows-Kernel-Process",5,"ImageLoad Info ","  784 bash.exe",388,,,"  784 bash.exe",,,"C:\Windows\System32\ntdll.dll",,,,,,,,,,,,,,,,,,,,,,,,,,1762784318474731700,,,,,,,,,,,140737324318720,140737324318720,2048895,2064384,2127151453,,,,,,,,,,,,,,,,,,,,,,,,,,,,,,,,,,,,,,,,,,,,,,,
"2025-11-10 14:18:38.4754384Z","2025-11-10 14:18:38.4754384Z","ETW","Microsoft-Windows-Kernel-Process",5,"ImageLoad Info ","  784 bash.exe",388,,,"  784 bash.exe",,,"C:\Windows\System32\kernel32.dll",,,,,,,,,,,,,,,,,,,,,,,,,,1762784318475438400,,,,,,,,,,,140737321435136,140737321435136,801304,794624,4007722010,,,,,,,,,,,,,,,,,,,,,,,,,,,,,,,,,,,,,,,,,,,,,,,
"2025-11-10 14:18:38.4756774Z","2025-11-10 14:18:38.4756774Z","ETW","Microsoft-Windows-Kernel-Process",5,"ImageLoad Info ","  784 bash.exe",388,,,"  784 bash.exe",,,"C:\Windows\System32\KernelBase.dll",,,,,,,,,,,,,,,,,,,,,,,,,,1762784318475677400,,,,,,,,,,,140737318289408,140737318289408,3171178,3104768,1448155220,,,,,,,,,,,,,,,,,,,,,,,,,,,,,,,,,,,,,,,,,,,,,,,
"2025-11-10 14:18:38.4818713Z","2025-11-10 14:18:38.4818713Z","ETW","Microsoft-Windows-Kernel-Audit-API-Calls",6,"PsOpenThread","10364 mintty.exe",5868,,,"10364 mintty.exe",5868,,,,,,,,,,,,,,,,,,,,,,,,,,,,1762784318481871300,,,,,,,,,,,,,,,,1024,0,,,,,,,,,,,,,,,,,,,,,,,,,,,,,,,,,,,,,,,,,,,,,
"2025-11-10 14:18:38.4828688Z","2025-11-10 14:18:38.4828688Z","ETW","Microsoft-Windows-Kernel-Audit-API-Calls",5,"PsOpenProcess"," 3032 conhost.exe",5540,,,"  784 bash.exe",,,,,,,,,,,,,,,,,,,,,,,,,,,,,1762784318482868800,,,,,,,,,,,,,,,,33554432,0,,,,,,,,,,,,,,,,,,,,,,,,,,,,,,,,,,,,,,,,,,,,,
"2025-11-10 14:18:38.4838421Z","2025-11-10 14:18:38.4838421Z","ETW","Microsoft-Windows-Kernel-Process",3,"ThreadStart Start ","  784 bash.exe",388,,,"  784 bash.exe",,,,,,,,,,,,,,,,,,,,,,,,,,,,,1762784318483842100,,18446606103145381888,18446606103145353216,140737324634384,0,3862528,10136,11010048,11005952,140737324634384,,,,,,,,,,,,,,,,,,,,,,,,,,,,,,,,,,,,,,,,,,,,,,,,,,,,
"2025-11-10 14:18:38.4838610Z","2025-11-10 14:18:38.4838610Z","ETW","Microsoft-Windows-Kernel-Audit-API-Calls",6,"PsOpenThread","  784 bash.exe",388,,,"  784 bash.exe",10136,,,,,,,,,,,,,,,,,,,,,,,,,,,,1762784318483861000,,,,,,,,,,,,,,,,64,0,,,,,,,,,,,,,,,,,,,,,,,,,,,,,,,,,,,,,,,,,,,,,
"2025-11-10 14:18:38.4839442Z","2025-11-10 14:18:38.4839442Z","ETW","Microsoft-Windows-Kernel-Process",5,"ImageLoad Info ","  784 bash.exe",388,,,"  784 bash.exe",,,"C:\Windows\System32\user32.dll",,,,,,,,,,,,,,,,,,,,,,,,,,1762784318483944200,,,,,,,,,,,140737322287104,140737322287104,1767867,1708032,1351922499,,,,,,,,,,,,,,,,,,,,,,,,,,,,,,,,,,,,,,,,,,,,,,,
"2025-11-10 14:18:38.4842501Z","2025-11-10 14:18:38.4842501Z","ETW","Microsoft-Windows-Kernel-Process",5,"ImageLoad Info ","  784 bash.exe",388,,,"  784 bash.exe",,,"C:\Windows\System32\win32u.dll",,,,,,,,,,,,,,,,,,,,,,,,,,1762784318484250100,,,,,,,,,,,140737281196032,140737281196032,183095,139264,3760910660,,,,,,,,,,,,,,,,,,,,,,,,,,,,,,,,,,,,,,,,,,,,,,,
"2025-11-10 14:18:38.4844225Z","2025-11-10 14:18:38.4844225Z","ETW","Microsoft-Windows-Kernel-Process",5,"ImageLoad Info ","  784 bash.exe",388,,,"  784 bash.exe",,,"C:\Windows\System32\gdi32.dll",,,,,,,,,,,,,,,,,,,,,,,,,,1762784318484422500,,,,,,,,,,,140737309507584,140737309507584,210990,176128,2413768611,,,,,,,,,,,,,,,,,,,,,,,,,,,,,,,,,,,,,,,,,,,,,,,
"2025-11-10 14:18:38.4845802Z","2025-11-10 14:18:38.4845802Z","ETW","Microsoft-Windows-Kernel-Process",5,"ImageLoad Info ","  784 bash.exe",388,,,"  784 bash.exe",,,"C:\Windows\System32\gdi32full.dll",,,,,,,,,,,,,,,,,,,,,,,,,,1762784318484580200,,,,,,,,,,,140737281392640,140737281392640,1167211,1150976,1288019395,,,,,,,,,,,,,,,,,,,,,,,,,,,,,,,,,,,,,,,,,,,,,,,
"2025-11-10 14:18:38.4848052Z","2025-11-10 14:18:38.4848052Z","ETW","Microsoft-Windows-Kernel-Process",5,"ImageLoad Info ","  784 bash.exe",388,,,"  784 bash.exe",,,"C:\Windows\System32\msvcp_win.dll",,,,,,,,,,,,,,,,,,,,,,,,,,1762784318484805200,,,,,,,,,,,140737279819776,140737279819776,659111,643072,958749903,,,,,,,,,,,,,,,,,,,,,,,,,,,,,,,,,,,,,,,,,,,,,,,
"2025-11-10 14:18:38.4850118Z","2025-11-10 14:18:38.4850118Z","ETW","Microsoft-Windows-Kernel-Process",5,"ImageLoad Info ","  784 bash.exe",388,,,"  784 bash.exe",,,"C:\Windows\System32\ucrtbase.dll",,,,,,,,,,,,,,,,,,,,,,,,,,1762784318485011800,,,,,,,,,,,140737283162112,140737283162112,1076532,1048576,2177850761,,,,,,,,,,,,,,,,,,,,,,,,,,,,,,,,,,,,,,,,,,,,,,,
"2025-11-10 14:18:38.4855623Z","2025-11-10 14:18:38.4855623Z","ETW","Microsoft-Windows-Kernel-Process",5,"ImageLoad Info ","  784 bash.exe",388,,,"  784 bash.exe",,,"C:\Program Files\Git\usr\bin\msys-2.0.dll",,,,,,,,,,,,,,,,,,,,,,,,,,1762784318485562300,,,,,,,,,,,8858632192,8858632192,3356844,3530752,1752689865,,,,,,,,,,,,,,,,,,,,,,,,,,,,,,,,,,,,,,,,,,,,,,,
"2025-11-10 14:18:38.4856398Z","2025-11-10 14:18:38.4856398Z","ETW","Microsoft-Windows-Kernel-Audit-API-Calls",6,"PsOpenThread"," 2972 cyserver.exe",10288,,,"  784 bash.exe",388,,,,,,,,,,,,,,,,,,,,,,,,,,,,1762784318485639800,,,,,,,,,,,,,,,,64,0,,,,,,,,,,,,,,,,,,,,,,,,,,,,,,,,,,,,,,,,,,,,,
"2025-11-10 14:18:38.4856480Z","2025-11-10 14:18:38.4856480Z","ETW","Microsoft-Windows-Kernel-Process",3,"ThreadStart Start ","  784 bash.exe",10136,,,"  784 bash.exe",,,,,,,,,,,,,,,,,,,,,,,,,,,,,1762784318485648000,,18446606103145250816,18446606103145222144,140737324634384,0,3870720,5744,13107200,13103104,140737324634384,,,,,,,,,,,,,,,,,,,,,,,,,,,,,,,,,,,,,,,,,,,,,,,,,,,,
"2025-11-10 14:18:38.4856522Z","2025-11-10 14:18:38.4856522Z","ETW","Microsoft-Windows-Kernel-Audit-API-Calls",5,"PsOpenProcess"," 2972 cyserver.exe",10288,,,"  784 bash.exe",,,,,,,,,,,,,,,,,,,,,,,,,,,,,1762784318485652200,,,,,,,,,,,,,,,,1024,0,,,,,,,,,,,,,,,,,,,,,,,,,,,,,,,,,,,,,,,,,,,,,
"2025-11-10 14:18:38.4856648Z","2025-11-10 14:18:38.4856648Z","ETW","Microsoft-Windows-Kernel-Audit-API-Calls",6,"PsOpenThread","  784 bash.exe",10136,,,"  784 bash.exe",5744,,,,,,,,,,,,,,,,,,,,,,,,,,,,1762784318485664800,,,,,,,,,,,,,,,,64,0,,,,,,,,,,,,,,,,,,,,,,,,,,,,,,,,,,,,,,,,,,,,,
"2025-11-10 14:18:38.4886513Z","2025-11-10 14:18:38.4886513Z","ETW","Microsoft-Windows-Kernel-Process",5,"ImageLoad Info ","  784 bash.exe",388,,,"  784 bash.exe",,,"C:\Windows\System32\advapi32.dll",,,,,,,,,,,,,,,,,,,,,,,,,,1762784318488651300,,,,,,,,,,,140737306951680,140737306951680,744837,724992,4166620877,,,,,,,,,,,,,,,,,,,,,,,,,,,,,,,,,,,,,,,,,,,,,,,
"2025-11-10 14:18:38.4888486Z","2025-11-10 14:18:38.4888486Z","ETW","Microsoft-Windows-Kernel-Process",5,"ImageLoad Info ","  784 bash.exe",388,,,"  784 bash.exe",,,"C:\Windows\System32\msvcrt.dll",,,,,,,,,,,,,,,,,,,,,,,,,,1762784318488848600,,,,,,,,,,,140737314357248,140737314357248,681663,647168,2616593924,,,,,,,,,,,,,,,,,,,,,,,,,,,,,,,,,,,,,,,,,,,,,,,
"2025-11-10 14:18:38.4890648Z","2025-11-10 14:18:38.4890648Z","ETW","Microsoft-Windows-Kernel-Process",5,"ImageLoad Info ","  784 bash.exe",388,,,"  784 bash.exe",,,"C:\Windows\System32\sechost.dll",,,,,,,,,,,,,,,,,,,,,,,,,,1762784318489064800,,,,,,,,,,,140737308262400,140737308262400,647124,651264,2117042745,,,,,,,,,,,,,,,,,,,,,,,,,,,,,,,,,,,,,,,,,,,,,,,
"2025-11-10 14:18:38.4892476Z","2025-11-10 14:18:38.4892476Z","ETW","Microsoft-Windows-Kernel-Process",5,"ImageLoad Info ","  784 bash.exe",388,,,"  784 bash.exe",,,"C:\Windows\System32\rpcrt4.dll",,,,,,,,,,,,,,,,,,,,,,,,,,1762784318489247600,,,,,,,,,,,140737317109760,140737317109760,1217917,1179648,2756017066,,,,,,,,,,,,,,,,,,,,,,,,,,,,,,,,,,,,,,,,,,,,,,,
"2025-11-10 14:18:38.4894408Z","2025-11-10 14:18:38.4894408Z","ETW","Microsoft-Windows-Kernel-Process",5,"ImageLoad Info ","  784 bash.exe",388,,,"  784 bash.exe",,,"C:\Windows\System32\bcrypt.dll",,,,,,,,,,,,,,,,,,,,,,,,,,1762784318489440800,,,,,,,,,,,140737279623168,140737279623168,171668,159744,2220160889,,,,,,,,,,,,,,,,,,,,,,,,,,,,,,,,,,,,,,,,,,,,,,,
"2025-11-10 14:18:38.4912380Z","2025-11-10 14:18:38.4912380Z","ETW","Microsoft-Windows-Kernel-Process",5,"ImageLoad Info ","  784 bash.exe",388,,,"  784 bash.exe",,,"C:\Windows\System32\cryptbase.dll",,,,,,,,,,,,,,,,,,,,,,,,,,1762784318491238000,,,,,,,,,,,140737272020992,140737272020992,66383,49152,1678623338,,,,,,,,,,,,,,,,,,,,,,,,,,,,,,,,,,,,,,,,,,,,,,,
"2025-11-10 14:18:38.4916150Z","2025-11-10 14:18:38.4916150Z","ETW","Microsoft-Windows-Kernel-Process",5,"ImageLoad Info ","  784 bash.exe",388,,,"  784 bash.exe",,,"C:\Windows\System32\bcryptprimitives.dll",,,,,,,,,,,,,,,,,,,,,,,,,,1762784318491615000,,,,,,,,,,,140737282572288,140737282572288,531569,532480,3309379821,,,,,,,,,,,,,,,,,,,,,,,,,,,,,,,,,,,,,,,,,,,,,,,
"2025-11-10 14:18:38.4925534Z","2025-11-10 14:18:38.4925534Z","ETW","Microsoft-Windows-Kernel-Audit-API-Calls",3,"NtCreateSymbolicLinkObject","  784 bash.exe",388,,,,,,,,,,,,,,,,,,,,,,,,,,,,,,,,1762784318492553400,,,,,,,,,,,,,,,,983041,0,,,,,,,,,,,,,,,,,,"winpid.784","1096",,,,,,,,,,,,,,,,,,,,,,,,,,
"2025-11-10 14:18:38.4935915Z","2025-11-10 14:18:38.4935915Z","ETW-TI","Microsoft-Windows-Threat-Intelligence",7,"KERNEL_THREATINT_TASK_PROTECTVM ","  784 bash.exe",388,,,"  784 bash.exe",,,,,,,,,,,,,,4301500416,134072579184602154,784,0,0,0,5066549580817742,134072579184602192,388,"RWX",134072579184602154,0,0,0,5066549580817742,1762784318493591500,,,,,,,,,,,,,,,,,,,,,,,,,,,,,,,,,,,,,"R--",134072579184602154,784,0,0,0,5066549580817742,110592,,,,,,,,,,,,,,,,,,
"2025-11-10 14:18:38.4936031Z","2025-11-10 14:18:38.4936031Z","ETW-TI","Microsoft-Windows-Threat-Intelligence",7,"KERNEL_THREATINT_TASK_PROTECTVM ","  784 bash.exe",388,,,"  784 bash.exe",,,,,,,,,,,,,,4301500416,134072579184602154,784,0,0,0,5066549580817742,134072579184602192,388,"R--",134072579184602154,0,0,0,5066549580817742,1762784318493603100,,,,,,,,,,,,,,,,,,,,,,,,,,,,,,,,,,,,,"RWX",134072579184602154,784,0,0,0,5066549580817742,110592,,,,,,,,,,,,,,,,,,
"2025-11-10 14:18:38.4945877Z","2025-11-10 14:18:38.4945877Z","ETW","Microsoft-Windows-Kernel-Process",5,"ImageLoad Info ","  784 bash.exe",388,,,"  784 bash.exe",,,"C:\Windows\System32\imm32.dll",,,,,,,,,,,,,,,,,,,,,,,,,,1762784318494587700,,,,,,,,,,,140737309310976,140737309310976,238320,192512,770155462,,,,,,,,,,,,,,,,,,,,,,,,,,,,,,,,,,,,,,,,,,,,,,,
"2025-11-10 14:18:38.4956837Z","2025-11-10 14:18:38.4956837Z","ETW","Microsoft-Windows-Kernel-Process",3,"ThreadStart Start ","  784 bash.exe",388,,,"  784 bash.exe",,,,,,,,,,,,,,,,,,,,,,,,,,,,,1762784318495683700,,18446606103121494016,18446606103121465344,8858653840,0,3878912,588,39976960,39972864,8858653840,,,,,,,,,,,,,,,,,,,,,,,,,,,,,,,,,,,,,,,,,,,,,,,,,,,,
"2025-11-10 14:18:38.4957015Z","2025-11-10 14:18:38.4957015Z","ETW","Microsoft-Windows-Kernel-Audit-API-Calls",6,"PsOpenThread","  784 bash.exe",388,,,"  784 bash.exe",588,,,,,,,,,,,,,,,,,,,,,,,,,,,,1762784318495701500,,,,,,,,,,,,,,,,64,0,,,,,,,,,,,,,,,,,,,,,,,,,,,,,,,,,,,,,,,,,,,,,
"2025-11-10 14:18:38.4958342Z","2025-11-10 14:18:38.4958342Z","ETW","Microsoft-Windows-Kernel-Audit-API-Calls",6,"PsOpenThread","  784 bash.exe",588,,,"  784 bash.exe",588,,,,,,,,,,,,,,,,,,,,,,,,,,,,1762784318495834200,,,,,,,,,,,,,,,,1024,0,,,,,,,,,,,,,,,,,,,,,,,,,,,,,,,,,,,,,,,,,,,,,
"2025-11-10 14:18:38.4965148Z","2025-11-10 14:18:38.4965148Z","ETW","Microsoft-Windows-Kernel-Audit-API-Calls",6,"PsOpenThread"," 2392 bash.exe",5764,,," 2392 bash.exe",5764,,,,,,,,,,,,,,,,,,,,,,,,,,,,1762784318496514800,,,,,,,,,,,,,,,,1024,0,,,,,,,,,,,,,,,,,,,,,,,,,,,,,,,,,,,,,,,,,,,,,
"2025-11-10 14:18:38.4965483Z","2025-11-10 14:18:38.4965483Z","ETW","Microsoft-Windows-Kernel-Audit-API-Calls",5,"PsOpenProcess"," 2392 bash.exe",4224,,,"  784 bash.exe",,,,,,,,,,,,,,,,,,,,,,,,,,,,,1762784318496548300,,,,,,,,,,,,,,,,4096,0,,,,,,,,,,,,,,,,,,,,,,,,,,,,,,,,,,,,,,,,,,,,,
"2025-11-10 14:18:38.4965739Z","2025-11-10 14:18:38.4965739Z","ETW","Microsoft-Windows-Kernel-Audit-API-Calls",5,"PsOpenProcess"," 2392 bash.exe",4224,,,"10364 mintty.exe",,,,,,,,,,,,,,,,,,,,,,,,,,,,,1762784318496573900,,,,,,,,,,,,,,,,4096,0,,,,,,,,,,,,,,,,,,,,,,,,,,,,,,,,,,,,,,,,,,,,,
"2025-11-10 14:18:38.4966572Z","2025-11-10 14:18:38.4966572Z","ETW","Microsoft-Windows-Kernel-Audit-API-Calls",5,"PsOpenProcess"," 2392 bash.exe",4224,,,"  784 bash.exe",,,,,,,,,,,,,,,,,,,,,,,,,,,,,1762784318496657200,,,,,,,,,,,,,,,,4096,0,,,,,,,,,,,,,,,,,,,,,,,,,,,,,,,,,,,,,,,,,,,,,
"2025-11-10 14:18:38.4966765Z","2025-11-10 14:18:38.4966765Z","ETW","Microsoft-Windows-Kernel-Audit-API-Calls",5,"PsOpenProcess"," 2392 bash.exe",4224,,,"10364 mintty.exe",,,,,,,,,,,,,,,,,,,,,,,,,,,,,1762784318496676500,,,,,,,,,,,,,,,,4096,0,,,,,,,,,,,,,,,,,,,,,,,,,,,,,,,,,,,,,,,,,,,,,
"2025-11-10 14:18:38.4968288Z","2025-11-10 14:18:38.4968288Z","ETW","Microsoft-Windows-Kernel-Audit-API-Calls",5,"PsOpenProcess","  784 bash.exe",388,,,"10364 mintty.exe",,,,,,,,,,,,,,,,,,,,,,,,,,,,,1762784318496828800,,,,,,,,,,,,,,,,4096,0,,,,,,,,,,,,,,,,,,,,,,,,,,,,,,,,,,,,,,,,,,,,,
"2025-11-10 14:18:38.4968491Z","2025-11-10 14:18:38.4968491Z","ETW","Microsoft-Windows-Kernel-Audit-API-Calls",5,"PsOpenProcess","  784 bash.exe",388,,," 2392 bash.exe",,,,,,,,,,,,,,,,,,,,,,,,,,,,,1762784318496849100,,,,,,,,,,,,,,,,4096,0,,,,,,,,,,,,,,,,,,,,,,,,,,,,,,,,,,,,,,,,,,,,,
"2025-11-10 14:18:38.4969296Z","2025-11-10 14:18:38.4969296Z","ETW","Microsoft-Windows-Kernel-Audit-API-Calls",5,"PsOpenProcess","  784 bash.exe",388,,,"10364 mintty.exe",,,,,,,,,,,,,,,,,,,,,,,,,,,,,1762784318496929600,,,,,,,,,,,,,,,,4096,0,,,,,,,,,,,,,,,,,,,,,,,,,,,,,,,,,,,,,,,,,,,,,
"2025-11-10 14:18:38.4969482Z","2025-11-10 14:18:38.4969482Z","ETW","Microsoft-Windows-Kernel-Audit-API-Calls",5,"PsOpenProcess","  784 bash.exe",388,,," 2392 bash.exe",,,,,,,,,,,,,,,,,,,,,,,,,,,,,1762784318496948200,,,,,,,,,,,,,,,,4096,0,,,,,,,,,,,,,,,,,,,,,,,,,,,,,,,,,,,,,,,,,,,,,
"2025-11-10 14:18:38.5026342Z","2025-11-10 14:18:38.5026342Z","ETW","Microsoft-Windows-Kernel-Process",1,"ProcessStart Start ","  784 bash.exe",388,,," 4092 conhost.exe",,,"C:\Windows\System32\conhost.exe",,,,,,,,,,,,,,,,,,,,,,,,,,1762784318502634200,,,,,,,,,,,,,907531,,2536827738,,,,,,,,,134072579185025805,0,"0x","","",784,25934,25935,3,0,1,,,,,,,,,,,,,,,,,,,,,,,,,,,,
"2025-11-10 14:18:38.5028516Z","2025-11-10 14:18:38.5028516Z","ETW","Microsoft-Windows-Kernel-Audit-API-Calls",6,"PsOpenThread"," 2972 cyserver.exe",7160,,,"  784 bash.exe",388,,,,,,,,,,,,,,,,,,,,,,,,,,,,1762784318502851600,,,,,,,,,,,,,,,,64,0,,,,,,,,,,,,,,,,,,,,,,,,,,,,,,,,,,,,,,,,,,,,,
"2025-11-10 14:18:38.5028615Z","2025-11-10 14:18:38.5028615Z","ETW","Microsoft-Windows-Kernel-Audit-API-Calls",5,"PsOpenProcess"," 2972 cyserver.exe",7160,,,"  784 bash.exe",,,,,,,,,,,,,,,,,,,,,,,,,,,,,1762784318502861500,,,,,,,,,,,,,,,,1024,0,,,,,,,,,,,,,,,,,,,,,,,,,,,,,,,,,,,,,,,,,,,,,
"2025-11-10 14:18:38.5037525Z","2025-11-10 14:18:38.5037525Z","ETW","Microsoft-Windows-Kernel-Audit-API-Calls",6,"PsOpenThread"," 2972 cyserver.exe",7532,,,"  784 bash.exe",388,,,,,,,,,,,,,,,,,,,,,,,,,,,,1762784318503752500,,,,,,,,,,,,,,,,64,0,,,,,,,,,,,,,,,,,,,,,,,,,,,,,,,,,,,,,,,,,,,,,
"2025-11-10 14:18:38.5037613Z","2025-11-10 14:18:38.5037613Z","ETW","Microsoft-Windows-Kernel-Audit-API-Calls",5,"PsOpenProcess"," 2972 cyserver.exe",7532,,,"  784 bash.exe",,,,,,,,,,,,,,,,,,,,,,,,,,,,,1762784318503761300,,,,,,,,,,,,,,,,1024,0,,,,,,,,,,,,,,,,,,,,,,,,,,,,,,,,,,,,,,,,,,,,,
"2025-11-10 14:18:38.5057771Z","2025-11-10 14:18:38.5057771Z","ETW","Microsoft-Windows-Kernel-Audit-API-Calls",6,"PsOpenThread","10364 mintty.exe",5868,,,"10364 mintty.exe",5868,,,,,,,,,,,,,,,,,,,,,,,,,,,,1762784318505777100,,,,,,,,,,,,,,,,1024,0,,,,,,,,,,,,,,,,,,,,,,,,,,,,,,,,,,,,,,,,,,,,,
"2025-11-10 14:18:38.5065350Z","2025-11-10 14:18:38.5065350Z","ETW","Microsoft-Windows-Kernel-Audit-API-Calls",5,"PsOpenProcess"," 2972 cyserver.exe",7532,,," 4092 conhost.exe",,,,,,,,,,,,,,,,,,,,,,,,,,,,,1762784318506535000,,,,,,,,,,,,,,,,2147483648,0,,,,,,,,,,,,,,,,,,,,,,,,,,,,,,,,,,,,,,,,,,,,,
"2025-11-10 14:18:38.5068103Z","2025-11-10 14:18:38.5068103Z","ETW","Microsoft-Windows-Kernel-Audit-API-Calls",6,"PsOpenThread","11936 cywscsvc.exe",9412,,," 2972 cyserver.exe",3844,,,,,,,,,,,,,,,,,,,,,,,,,,,,1762784318506810300,,,,,,,,,,,,,,,,2048,0,,,,,,,,,,,,,,,,,,,,,,,,,,,,,,,,,,,,,,,,,,,,,
"2025-11-10 14:18:38.5071521Z","2025-11-10 14:18:38.5071521Z","ETW","Microsoft-Windows-Kernel-Audit-API-Calls",6,"PsOpenThread","  940 svchost.exe",11892,,,"11936 cywscsvc.exe",8736,,,,,,,,,,,,,,,,,,,,,,,,,,,,1762784318507152100,,,,,,,,,,,,,,,,2048,3221225506,,,,,,,,,,,,,,,,,,,,,,,,,,,,,,,,,,,,,,,,,,,,,
"2025-11-10 14:18:38.5071577Z","2025-11-10 14:18:38.5071577Z","ETW","Microsoft-Windows-Kernel-Audit-API-Calls",6,"PsOpenThread","  940 svchost.exe",11892,,,"11936 cywscsvc.exe",8736,,,,,,,,,,,,,,,,,,,,,,,,,,,,1762784318507157700,,,,,,,,,,,,,,,,2048,3221225637,,,,,,,,,,,,,,,,,,,,,,,,,,,,,,,,,,,,,,,,,,,,,
"2025-11-10 14:18:38.5072793Z","2025-11-10 14:18:38.5072793Z","ETW","Microsoft-Windows-Kernel-Audit-API-Calls",6,"PsOpenThread"," 3804 svchost.exe",5876,,,"11936 cywscsvc.exe",8736,,,,,,,,,,,,,,,,,,,,,,,,,,,,1762784318507279300,,,,,,,,,,,,,,,,2048,3221225506,,,,,,,,,,,,,,,,,,,,,,,,,,,,,,,,,,,,,,,,,,,,,
"2025-11-10 14:18:38.5072859Z","2025-11-10 14:18:38.5072859Z","ETW","Microsoft-Windows-Kernel-Audit-API-Calls",6,"PsOpenThread"," 3804 svchost.exe",5876,,,"11936 cywscsvc.exe",8736,,,,,,,,,,,,,,,,,,,,,,,,,,,,1762784318507285900,,,,,,,,,,,,,,,,2048,0,,,,,,,,,,,,,,,,,,,,,,,,,,,,,,,,,,,,,,,,,,,,,
"2025-11-10 14:18:38.5076904Z","2025-11-10 14:18:38.5076904Z","ETW","Microsoft-Windows-Kernel-Audit-API-Calls",6,"PsOpenThread","11936 cywscsvc.exe",9412,,," 2972 cyserver.exe",3844,,,,,,,,,,,,,,,,,,,,,,,,,,,,1762784318507690400,,,,,,,,,,,,,,,,2048,0,,,,,,,,,,,,,,,,,,,,,,,,,,,,,,,,,,,,,,,,,,,,,
"2025-11-10 14:18:38.5078773Z","2025-11-10 14:18:38.5078773Z","ETW","Microsoft-Windows-Kernel-Audit-API-Calls",6,"PsOpenThread","  940 svchost.exe",12140,,,"11936 cywscsvc.exe",8736,,,,,,,,,,,,,,,,,,,,,,,,,,,,1762784318507877300,,,,,,,,,,,,,,,,2048,3221225506,,,,,,,,,,,,,,,,,,,,,,,,,,,,,,,,,,,,,,,,,,,,,
"2025-11-10 14:18:38.5078818Z","2025-11-10 14:18:38.5078818Z","ETW","Microsoft-Windows-Kernel-Audit-API-Calls",6,"PsOpenThread","  940 svchost.exe",12140,,,"11936 cywscsvc.exe",8736,,,,,,,,,,,,,,,,,,,,,,,,,,,,1762784318507881800,,,,,,,,,,,,,,,,2048,3221225637,,,,,,,,,,,,,,,,,,,,,,,,,,,,,,,,,,,,,,,,,,,,,
"2025-11-10 14:18:38.5079718Z","2025-11-10 14:18:38.5079718Z","ETW","Microsoft-Windows-Kernel-Audit-API-Calls",6,"PsOpenThread"," 3804 svchost.exe",5876,,,"11936 cywscsvc.exe",8736,,,,,,,,,,,,,,,,,,,,,,,,,,,,1762784318507971800,,,,,,,,,,,,,,,,2048,3221225506,,,,,,,,,,,,,,,,,,,,,,,,,,,,,,,,,,,,,,,,,,,,,
"2025-11-10 14:18:38.5079775Z","2025-11-10 14:18:38.5079775Z","ETW","Microsoft-Windows-Kernel-Audit-API-Calls",6,"PsOpenThread"," 3804 svchost.exe",5876,,,"11936 cywscsvc.exe",8736,,,,,,,,,,,,,,,,,,,,,,,,,,,,1762784318507977500,,,,,,,,,,,,,,,,2048,0,,,,,,,,,,,,,,,,,,,,,,,,,,,,,,,,,,,,,,,,,,,,,
"2025-11-10 14:18:38.5160926Z","2025-11-10 14:18:38.5160926Z","ETW","Microsoft-Windows-Kernel-Process",3,"ThreadStart Start ","  784 bash.exe",388,,," 4092 conhost.exe",,,,,,,,,,,,,,,,,,,,,,,,,,,,,1762784318516092600,,18446606103145512960,18446606103145484288,140700242212704,0,115465760768,6848,115464863744,115464855552,140700242212704,,,,,,,,,,,,,,,,,,,,,,,,,,,,,,,,,,,,,,,,,,,,,,,,,,,,
"2025-11-10 14:18:38.5161106Z","2025-11-10 14:18:38.5161106Z","ETW","Microsoft-Windows-Kernel-Audit-API-Calls",6,"PsOpenThread","  784 bash.exe",388,,," 4092 conhost.exe",6848,,,,,,,,,,,,,,,,,,,,,,,,,,,,1762784318516110600,,,,,,,,,,,,,,,,64,0,,,,,,,,,,,,,,,,,,,,,,,,,,,,,,,,,,,,,,,,,,,,,
"2025-11-10 14:18:38.5172200Z","2025-11-10 14:18:38.5172200Z","ETW","Microsoft-Windows-Kernel-Audit-API-Calls",5,"PsOpenProcess","  576 csrss.exe",6036,,," 4092 conhost.exe",,,,,,,,,,,,,,,,,,,,,,,,,,,,,1762784318517220000,,,,,,,,,,,,,,,,2097151,0,,,,,,,,,,,,,,,,,,,,,,,,,,,,,,,,,,,,,,,,,,,,,
"2025-11-10 14:18:38.5172319Z","2025-11-10 14:18:38.5172319Z","ETW","Microsoft-Windows-Kernel-Audit-API-Calls",6,"PsOpenThread","  576 csrss.exe",6036,,," 4092 conhost.exe",6848,,,,,,,,,,,,,,,,,,,,,,,,,,,,1762784318517231900,,,,,,,,,,,,,,,,2097151,0,,,,,,,,,,,,,,,,,,,,,,,,,,,,,,,,,,,,,,,,,,,,,
"2025-11-10 14:18:38.5187753Z","2025-11-10 14:18:38.5187753Z","ETW","Microsoft-Windows-Kernel-Process",1,"ProcessStart Start ","  784 bash.exe",388,,," 8848 cygwin-console-helper.exe",,,"C:\Program Files\Git\usr\bin\cygwin-console-helper.exe",,,,,,,,,,,,,,,,,,,,,,,,,,1762784318518775300,,,,,,,,,,,,,49333,,1752689865,,,,,,,,,134072579185187216,0,"0x","","",784,25934,25936,3,0,1,,,,,,,,,,,,,,,,,,,,,,,,,,,,
"2025-11-10 14:18:38.5196526Z","2025-11-10 14:18:38.5196526Z","ETW","Microsoft-Windows-Kernel-Audit-API-Calls",6,"PsOpenThread"," 2972 cyserver.exe",7728,,,"  784 bash.exe",388,,,,,,,,,,,,,,,,,,,,,,,,,,,,1762784318519652600,,,,,,,,,,,,,,,,64,0,,,,,,,,,,,,,,,,,,,,,,,,,,,,,,,,,,,,,,,,,,,,,
"2025-11-10 14:18:38.5196781Z","2025-11-10 14:18:38.5196781Z","ETW","Microsoft-Windows-Kernel-Audit-API-Calls",5,"PsOpenProcess"," 2972 cyserver.exe",7728,,,"  784 bash.exe",,,,,,,,,,,,,,,,,,,,,,,,,,,,,1762784318519678100,,,,,,,,,,,,,,,,1024,0,,,,,,,,,,,,,,,,,,,,,,,,,,,,,,,,,,,,,,,,,,,,,
"2025-11-10 14:18:38.5205717Z","2025-11-10 14:18:38.5205717Z","ETW","Microsoft-Windows-Kernel-Audit-API-Calls",6,"PsOpenThread"," 2972 cyserver.exe",10288,,,"  784 bash.exe",388,,,,,,,,,,,,,,,,,,,,,,,,,,,,1762784318520571700,,,,,,,,,,,,,,,,64,0,,,,,,,,,,,,,,,,,,,,,,,,,,,,,,,,,,,,,,,,,,,,,
"2025-11-10 14:18:38.5205797Z","2025-11-10 14:18:38.5205797Z","ETW","Microsoft-Windows-Kernel-Audit-API-Calls",5,"PsOpenProcess"," 2972 cyserver.exe",10288,,,"  784 bash.exe",,,,,,,,,,,,,,,,,,,,,,,,,,,,,1762784318520579700,,,,,,,,,,,,,,,,1024,0,,,,,,,,,,,,,,,,,,,,,,,,,,,,,,,,,,,,,,,,,,,,,
"2025-11-10 14:18:38.5277754Z","2025-11-10 14:18:38.5277754Z","ETW","Microsoft-Windows-Kernel-Audit-API-Calls",5,"PsOpenProcess"," 2972 cyserver.exe",10288,,," 8848 cygwin-console-helper.exe",,,,,,,,,,,,,,,,,,,,,,,,,,,,,1762784318527775500,,,,,,,,,,,,,,,,2147483648,0,,,,,,,,,,,,,,,,,,,,,,,,,,,,,,,,,,,,,,,,,,,,,
"2025-11-10 14:18:38.5305654Z","2025-11-10 14:18:38.5305654Z","ETW","Microsoft-Windows-Kernel-Process",5,"ImageLoad Info "," 4092 conhost.exe",6848,,," 4092 conhost.exe",,,"C:\Windows\System32\conhost.exe",,,,,,,,,,,,,,,,,,,,,,,,,,1762784318530565400,,,,,,,,,,,140700242083840,140700242083840,907531,897024,2536827738,,,,,,,,,,,,,,,,,,,,,,,,,,,,,,,,,,,,,,,,,,,,,,,
"2025-11-10 14:18:38.5307579Z","2025-11-10 14:18:38.5307579Z","ETW","Microsoft-Windows-Kernel-Process",5,"ImageLoad Info "," 4092 conhost.exe",6848,,," 4092 conhost.exe",,,"C:\Windows\System32\ntdll.dll",,,,,,,,,,,,,,,,,,,,,,,,,,1762784318530758000,,,,,,,,,,,140737324318720,140737324318720,2048895,2064384,2127151453,,,,,,,,,,,,,,,,,,,,,,,,,,,,,,,,,,,,,,,,,,,,,,,
"2025-11-10 14:18:38.5315430Z","2025-11-10 14:18:38.5315430Z","ETW","Microsoft-Windows-Kernel-Process",5,"ImageLoad Info "," 4092 conhost.exe",6848,,," 4092 conhost.exe",,,"C:\Windows\System32\kernel32.dll",,,,,,,,,,,,,,,,,,,,,,,,,,1762784318531543000,,,,,,,,,,,140737321435136,140737321435136,801304,794624,4007722010,,,,,,,,,,,,,,,,,,,,,,,,,,,,,,,,,,,,,,,,,,,,,,,
"2025-11-10 14:18:38.5317933Z","2025-11-10 14:18:38.5317933Z","ETW","Microsoft-Windows-Kernel-Process",5,"ImageLoad Info "," 4092 conhost.exe",6848,,," 4092 conhost.exe",,,"C:\Windows\System32\KernelBase.dll",,,,,,,,,,,,,,,,,,,,,,,,,,1762784318531793300,,,,,,,,,,,140737318289408,140737318289408,3171178,3104768,1448155220,,,,,,,,,,,,,,,,,,,,,,,,,,,,,,,,,,,,,,,,,,,,,,,
"2025-11-10 14:18:38.5332625Z","2025-11-10 14:18:38.5332625Z","ETW","Microsoft-Windows-Kernel-Process",5,"ImageLoad Info "," 4092 conhost.exe",6848,,," 4092 conhost.exe",,,"C:\Windows\System32\msvcp_win.dll",,,,,,,,,,,,,,,,,,,,,,,,,,1762784318533262500,,,,,,,,,,,140737279819776,140737279819776,659111,643072,958749903,,,,,,,,,,,,,,,,,,,,,,,,,,,,,,,,,,,,,,,,,,,,,,,
"2025-11-10 14:18:38.5335086Z","2025-11-10 14:18:38.5335086Z","ETW","Microsoft-Windows-Kernel-Process",5,"ImageLoad Info "," 4092 conhost.exe",6848,,," 4092 conhost.exe",,,"C:\Windows\System32\ucrtbase.dll",,,,,,,,,,,,,,,,,,,,,,,,,,1762784318533508700,,,,,,,,,,,140737283162112,140737283162112,1076532,1048576,2177850761,,,,,,,,,,,,,,,,,,,,,,,,,,,,,,,,,,,,,,,,,,,,,,,
"2025-11-10 14:18:38.5337262Z","2025-11-10 14:18:38.5337262Z","ETW","Microsoft-Windows-Kernel-Process",3,"ThreadStart Start "," 4092 conhost.exe",6848,,," 4092 conhost.exe",,,,,,,,,,,,,,,,,,,,,,,,,,,,,1762784318533726200,,18446606103145414656,18446606103145385984,140737324634384,0,115465768960,4000,115467616256,115467608064,140737324634384,,,,,,,,,,,,,,,,,,,,,,,,,,,,,,,,,,,,,,,,,,,,,,,,,,,,
"2025-11-10 14:18:38.5337438Z","2025-11-10 14:18:38.5337438Z","ETW","Microsoft-Windows-Kernel-Audit-API-Calls",6,"PsOpenThread"," 4092 conhost.exe",6848,,," 4092 conhost.exe",4000,,,,,,,,,,,,,,,,,,,,,,,,,,,,1762784318533743800,,,,,,,,,,,,,,,,64,0,,,,,,,,,,,,,,,,,,,,,,,,,,,,,,,,,,,,,,,,,,,,,
"2025-11-10 14:18:38.5338258Z","2025-11-10 14:18:38.5338258Z","ETW","Microsoft-Windows-Kernel-Process",5,"ImageLoad Info "," 4092 conhost.exe",6848,,," 4092 conhost.exe",,,"C:\Windows\System32\SHCore.dll",,,,,,,,,,,,,,,,,,,,,,,,,,1762784318533825800,,,,,,,,,,,140737304985600,140737304985600,705789,708608,3896055862,,,,,,,,,,,,,,,,,,,,,,,,,,,,,,,,,,,,,,,,,,,,,,,
"2025-11-10 14:18:38.5340097Z","2025-11-10 14:18:38.5340097Z","ETW","Microsoft-Windows-Kernel-Process",5,"ImageLoad Info "," 4092 conhost.exe",6848,,," 4092 conhost.exe",,,"C:\Windows\System32\msvcrt.dll",,,,,,,,,,,,,,,,,,,,,,,,,,1762784318534009700,,,,,,,,,,,140737314357248,140737314357248,681663,647168,2616593924,,,,,,,,,,,,,,,,,,,,,,,,,,,,,,,,,,,,,,,,,,,,,,,
"2025-11-10 14:18:38.5342080Z","2025-11-10 14:18:38.5342080Z","ETW","Microsoft-Windows-Kernel-Process",5,"ImageLoad Info "," 4092 conhost.exe",6848,,," 4092 conhost.exe",,,"C:\Windows\System32\combase.dll",,,,,,,,,,,,,,,,,,,,,,,,,,1762784318534208000,,,,,,,,,,,140737287094272,140737287094272,3535278,3489792,144435709,,,,,,,,,,,,,,,,,,,,,,,,,,,,,,,,,,,,,,,,,,,,,,,
"2025-11-10 14:18:38.5344514Z","2025-11-10 14:18:38.5344514Z","ETW","Microsoft-Windows-Kernel-Process",5,"ImageLoad Info "," 4092 conhost.exe",6848,,," 4092 conhost.exe",,,"C:\Windows\System32\rpcrt4.dll",,,,,,,,,,,,,,,,,,,,,,,,,,1762784318534451400,,,,,,,,,,,140737317109760,140737317109760,1217917,1179648,2756017066,,,,,,,,,,,,,,,,,,,,,,,,,,,,,,,,,,,,,,,,,,,,,,,
"2025-11-10 14:18:38.5346914Z","2025-11-10 14:18:38.5346914Z","ETW","Microsoft-Windows-Kernel-Process",5,"ImageLoad Info "," 4092 conhost.exe",6848,,," 4092 conhost.exe",,,"C:\Windows\System32\advapi32.dll",,,,,,,,,,,,,,,,,,,,,,,,,,1762784318534691400,,,,,,,,,,,140737306951680,140737306951680,744837,724992,4166620877,,,,,,,,,,,,,,,,,,,,,,,,,,,,,,,,,,,,,,,,,,,,,,,
"2025-11-10 14:18:38.5348628Z","2025-11-10 14:18:38.5348628Z","ETW","Microsoft-Windows-Kernel-Process",5,"ImageLoad Info "," 4092 conhost.exe",6848,,," 4092 conhost.exe",,,"C:\Windows\System32\sechost.dll",,,,,,,,,,,,,,,,,,,,,,,,,,1762784318534862800,,,,,,,,,,,140737308262400,140737308262400,647124,651264,2117042745,,,,,,,,,,,,,,,,,,,,,,,,,,,,,,,,,,,,,,,,,,,,,,,
"2025-11-10 14:18:38.5350322Z","2025-11-10 14:18:38.5350322Z","ETW","Microsoft-Windows-Kernel-Process",5,"ImageLoad Info "," 4092 conhost.exe",6848,,," 4092 conhost.exe",,,"C:\Windows\System32\bcrypt.dll",,,,,,,,,,,,,,,,,,,,,,,,,,1762784318535032200,,,,,,,,,,,140737279623168,140737279623168,171668,159744,2220160889,,,,,,,,,,,,,,,,,,,,,,,,,,,,,,,,,,,,,,,,,,,,,,,
"2025-11-10 14:18:38.5377783Z","2025-11-10 14:18:38.5377783Z","ETW","Microsoft-Windows-Kernel-Process",3,"ThreadStart Start "," 4092 conhost.exe",6848,,," 4092 conhost.exe",,,,,,,,,,,,,,,,,,,,,,,,,,,,,1762784318537778300,,18446606103145578496,18446606103145549824,140700242153168,0,115465777152,10612,115468140544,115468132352,140700242153168,,,,,,,,,,,,,,,,,,,,,,,,,,,,,,,,,,,,,,,,,,,,,,,,,,,,
"2025-11-10 14:18:38.5377951Z","2025-11-10 14:18:38.5377951Z","ETW","Microsoft-Windows-Kernel-Audit-API-Calls",6,"PsOpenThread"," 4092 conhost.exe",6848,,," 4092 conhost.exe",10612,,,,,,,,,,,,,,,,,,,,,,,,,,,,1762784318537795100,,,,,,,,,,,,,,,,64,0,,,,,,,,,,,,,,,,,,,,,,,,,,,,,,,,,,,,,,,,,,,,,
"2025-11-10 14:18:38.5378435Z","2025-11-10 14:18:38.5378435Z","ETW","Microsoft-Windows-Kernel-Process",3,"ThreadStart Start "," 4092 conhost.exe",6848,,," 4092 conhost.exe",,,,,,,,,,,,,,,,,,,,,,,,,,,,,1762784318537843500,,18446606103145611264,18446606103145582592,140700242381968,0,115465785344,696,115468664832,115468656640,140700242381968,,,,,,,,,,,,,,,,,,,,,,,,,,,,,,,,,,,,,,,,,,,,,,,,,,,,
"2025-11-10 14:18:38.5378517Z","2025-11-10 14:18:38.5378517Z","ETW","Microsoft-Windows-Kernel-Audit-API-Calls",6,"PsOpenThread"," 4092 conhost.exe",6848,,," 4092 conhost.exe",696,,,,,,,,,,,,,,,,,,,,,,,,,,,,1762784318537851700,,,,,,,,,,,,,,,,64,0,,,,,,,,,,,,,,,,,,,,,,,,,,,,,,,,,,,,,,,,,,,,,
"2025-11-10 14:18:38.5379081Z","2025-11-10 14:18:38.5379081Z","ETW","Microsoft-Windows-Kernel-Process",4,"ThreadStop Stop "," 4092 conhost.exe",6848,,," 4092 conhost.exe",,,,,,,,,,,,,,,,,,,,,,,,,,,,,1762784318537908100,,18446606103145512960,18446606103145484288,140700242212704,0,115465760768,6848,115464863744,115464851456,140700242212704,,,,,,,,,,,21161274,,,,,,,,,,,,,,,,,,,,,,,,,,,,,,,,,,,,,,,,,
"2025-11-10 14:18:38.5427442Z","2025-11-10 14:18:38.5427442Z","ETW","Microsoft-Windows-Kernel-Process",3,"ThreadStart Start "," 4092 conhost.exe",4000,,," 4092 conhost.exe",,,,,,,,,,,,,,,,,,,,,,,,,,,,,1762784318542744200,,18446606103145447424,18446606103145418752,140737324634384,0,115465793536,1268,115469189120,115469180928,140737324634384,,,,,,,,,,,,,,,,,,,,,,,,,,,,,,,,,,,,,,,,,,,,,,,,,,,,
"2025-11-10 14:18:38.5427702Z","2025-11-10 14:18:38.5427702Z","ETW","Microsoft-Windows-Kernel-Audit-API-Calls",6,"PsOpenThread"," 4092 conhost.exe",4000,,," 4092 conhost.exe",1268,,,,,,,,,,,,,,,,,,,,,,,,,,,,1762784318542770200,,,,,,,,,,,,,,,,64,0,,,,,,,,,,,,,,,,,,,,,,,,,,,,,,,,,,,,,,,,,,,,,
"2025-11-10 14:18:38.5514007Z","2025-11-10 14:18:38.5514007Z","ETW","Microsoft-Windows-Kernel-Process",3,"ThreadStart Start ","  784 bash.exe",388,,," 8848 cygwin-console-helper.exe",,,,,,,,,,,,,,,,,,,,,,,,,,,,,1762784318551400700,,18446606103145644032,18446606103145615360,140700799865856,0,283516997632,10780,283520270336,283520266240,140700799865856,,,,,,,,,,,,,,,,,,,,,,,,,,,,,,,,,,,,,,,,,,,,,,,,,,,,
"2025-11-10 14:18:38.5514183Z","2025-11-10 14:18:38.5514183Z","ETW","Microsoft-Windows-Kernel-Audit-API-Calls",6,"PsOpenThread","  784 bash.exe",388,,," 8848 cygwin-console-helper.exe",10780,,,,,,,,,,,,,,,,,,,,,,,,,,,,1762784318551418300,,,,,,,,,,,,,,,,64,0,,,,,,,,,,,,,,,,,,,,,,,,,,,,,,,,,,,,,,,,,,,,,
"2025-11-10 14:18:38.5532424Z","2025-11-10 14:18:38.5532424Z","ETW","Microsoft-Windows-Kernel-Audit-API-Calls",5,"PsOpenProcess","  576 csrss.exe",6036,,," 8848 cygwin-console-helper.exe",,,,,,,,,,,,,,,,,,,,,,,,,,,,,1762784318553242400,,,,,,,,,,,,,,,,2097151,0,,,,,,,,,,,,,,,,,,,,,,,,,,,,,,,,,,,,,,,,,,,,,
"2025-11-10 14:18:38.5532536Z","2025-11-10 14:18:38.5532536Z","ETW","Microsoft-Windows-Kernel-Audit-API-Calls",6,"PsOpenThread","  576 csrss.exe",6036,,," 8848 cygwin-console-helper.exe",10780,,,,,,,,,,,,,,,,,,,,,,,,,,,,1762784318553253600,,,,,,,,,,,,,,,,2097151,0,,,,,,,,,,,,,,,,,,,,,,,,,,,,,,,,,,,,,,,,,,,,,
"2025-11-10 14:18:38.5554038Z","2025-11-10 14:18:38.5554038Z","ETW","Microsoft-Windows-Kernel-Process",5,"ImageLoad Info "," 8848 cygwin-console-helper.exe",10780,,," 8848 cygwin-console-helper.exe",,,"C:\Program Files\Git\usr\bin\cygwin-console-helper.exe",,,,,,,,,,,,,,,,,,,,,,,,,,1762784318555403900,,,,,,,,,,,140700799860736,140700799860736,49333,73728,1752689865,,,,,,,,,,,,,,,,,,,,,,,,,,,,,,,,,,,,,,,,,,,,,,,
"2025-11-10 14:18:38.5555644Z","2025-11-10 14:18:38.5555644Z","ETW","Microsoft-Windows-Kernel-Process",5,"ImageLoad Info "," 8848 cygwin-console-helper.exe",10780,,," 8848 cygwin-console-helper.exe",,,"C:\Windows\System32\ntdll.dll",,,,,,,,,,,,,,,,,,,,,,,,,,1762784318555564400,,,,,,,,,,,140737324318720,140737324318720,2048895,2064384,2127151453,,,,,,,,,,,,,,,,,,,,,,,,,,,,,,,,,,,,,,,,,,,,,,,
"2025-11-10 14:18:38.5562506Z","2025-11-10 14:18:38.5562506Z","ETW","Microsoft-Windows-Kernel-Process",5,"ImageLoad Info "," 8848 cygwin-console-helper.exe",10780,,," 8848 cygwin-console-helper.exe",,,"C:\Windows\System32\kernel32.dll",,,,,,,,,,,,,,,,,,,,,,,,,,1762784318556250600,,,,,,,,,,,140737321435136,140737321435136,801304,794624,4007722010,,,,,,,,,,,,,,,,,,,,,,,,,,,,,,,,,,,,,,,,,,,,,,,
"2025-11-10 14:18:38.5564886Z","2025-11-10 14:18:38.5564886Z","ETW","Microsoft-Windows-Kernel-Process",5,"ImageLoad Info "," 8848 cygwin-console-helper.exe",10780,,," 8848 cygwin-console-helper.exe",,,"C:\Windows\System32\KernelBase.dll",,,,,,,,,,,,,,,,,,,,,,,,,,1762784318556488700,,,,,,,,,,,140737318289408,140737318289408,3171178,3104768,1448155220,,,,,,,,,,,,,,,,,,,,,,,,,,,,,,,,,,,,,,,,,,,,,,,
"2025-11-10 14:18:38.5591731Z","2025-11-10 14:18:38.5591731Z","ETW","Microsoft-Windows-Kernel-Audit-API-Calls",5,"PsOpenProcess"," 4092 conhost.exe",10612,,," 8848 cygwin-console-helper.exe",,,,,,,,,,,,,,,,,,,,,,,,,,,,,1762784318559173100,,,,,,,,,,,,,,,,33554432,0,,,,,,,,,,,,,,,,,,,,,,,,,,,,,,,,,,,,,,,,,,,,,
"2025-11-10 14:18:38.5592622Z","2025-11-10 14:18:38.5592622Z","ETW","Microsoft-Windows-Kernel-Process",5,"ImageLoad Info "," 4092 conhost.exe",10612,,," 4092 conhost.exe",,,"C:\Windows\System32\user32.dll",,,,,,,,,,,,,,,,,,,,,,,,,,1762784318559262200,,,,,,,,,,,140737322287104,140737322287104,1767867,1708032,1351922499,,,,,,,,,,,,,,,,,,,,,,,,,,,,,,,,,,,,,,,,,,,,,,,
"2025-11-10 14:18:38.5595303Z","2025-11-10 14:18:38.5595303Z","ETW","Microsoft-Windows-Kernel-Process",5,"ImageLoad Info "," 4092 conhost.exe",10612,,," 4092 conhost.exe",,,"C:\Windows\System32\win32u.dll",,,,,,,,,,,,,,,,,,,,,,,,,,1762784318559530300,,,,,,,,,,,140737281196032,140737281196032,183095,139264,3760910660,,,,,,,,,,,,,,,,,,,,,,,,,,,,,,,,,,,,,,,,,,,,,,,
"2025-11-10 14:18:38.5597284Z","2025-11-10 14:18:38.5597284Z","ETW","Microsoft-Windows-Kernel-Process",5,"ImageLoad Info "," 4092 conhost.exe",10612,,," 4092 conhost.exe",,,"C:\Windows\System32\gdi32.dll",,,,,,,,,,,,,,,,,,,,,,,,,,1762784318559728400,,,,,,,,,,,140737309507584,140737309507584,210990,176128,2413768611,,,,,,,,,,,,,,,,,,,,,,,,,,,,,,,,,,,,,,,,,,,,,,,
"2025-11-10 14:18:38.5599073Z","2025-11-10 14:18:38.5599073Z","ETW","Microsoft-Windows-Kernel-Process",5,"ImageLoad Info "," 4092 conhost.exe",10612,,," 4092 conhost.exe",,,"C:\Windows\System32\gdi32full.dll",,,,,,,,,,,,,,,,,,,,,,,,,,1762784318559907300,,,,,,,,,,,140737281392640,140737281392640,1167211,1150976,1288019395,,,,,,,,,,,,,,,,,,,,,,,,,,,,,,,,,,,,,,,,,,,,,,,
"2025-11-10 14:18:38.5604537Z","2025-11-10 14:18:38.5604537Z","ETW","Microsoft-Windows-Kernel-Audit-API-Calls",6,"PsOpenThread","  576 csrss.exe",688,,," 4092 conhost.exe",10612,,,,,,,,,,,,,,,,,,,,,,,,,,,,1762784318560453700,,,,,,,,,,,,,,,,2097151,0,,,,,,,,,,,,,,,,,,,,,,,,,,,,,,,,,,,,,,,,,,,,,
"2025-11-10 14:18:38.5607979Z","2025-11-10 14:18:38.5607979Z","ETW","Microsoft-Windows-Kernel-Process",5,"ImageLoad Info "," 4092 conhost.exe",10612,,," 4092 conhost.exe",,,"C:\Windows\System32\imm32.dll",,,,,,,,,,,,,,,,,,,,,,,,,,1762784318560797900,,,,,,,,,,,140737309310976,140737309310976,238320,192512,770155462,,,,,,,,,,,,,,,,,,,,,,,,,,,,,,,,,,,,,,,,,,,,,,,
"2025-11-10 14:18:38.5628069Z","2025-11-10 14:18:38.5628069Z","ETW","Microsoft-Windows-Kernel-Process",3,"ThreadStart Start "," 4092 conhost.exe",10612,,," 4092 conhost.exe",,,,,,,,,,,,,,,,,,,,,,,,,,,,,1762784318562806900,,18446606103145512960,18446606103145484288,140700242196320,0,115465801728,7476,115464863744,115464855552,140700242196320,,,,,,,,,,,,,,,,,,,,,,,,,,,,,,,,,,,,,,,,,,,,,,,,,,,,
"2025-11-10 14:18:38.5628244Z","2025-11-10 14:18:38.5628244Z","ETW","Microsoft-Windows-Kernel-Audit-API-Calls",6,"PsOpenThread"," 4092 conhost.exe",10612,,," 4092 conhost.exe",7476,,,,,,,,,,,,,,,,,,,,,,,,,,,,1762784318562824400,,,,,,,,,,,,,,,,64,0,,,,,,,,,,,,,,,,,,,,,,,,,,,,,,,,,,,,,,,,,,,,,
"2025-11-10 14:18:38.5628880Z","2025-11-10 14:18:38.5628880Z","ETW","Microsoft-Windows-Kernel-Process",3,"ThreadStart Start "," 4092 conhost.exe",10612,,," 4092 conhost.exe",,,,,,,,,,,,,,,,,,,,,,,,,,,,,1762784318562888000,,18446606103145119744,18446606103145091072,140700242095872,0,115465809920,9788,115469713408,115469705216,140700242095872,,,,,,,,,,,,,,,,,,,,,,,,,,,,,,,,,,,,,,,,,,,,,,,,,,,,
"2025-11-10 14:18:38.5628959Z","2025-11-10 14:18:38.5628959Z","ETW","Microsoft-Windows-Kernel-Audit-API-Calls",6,"PsOpenThread"," 4092 conhost.exe",10612,,," 4092 conhost.exe",9788,,,,,,,,,,,,,,,,,,,,,,,,,,,,1762784318562896000,,,,,,,,,,,,,,,,64,0,,,,,,,,,,,,,,,,,,,,,,,,,,,,,,,,,,,,,,,,,,,,,
"2025-11-10 14:18:38.5634714Z","2025-11-10 14:18:38.5634714Z","ETW","Microsoft-Windows-Kernel-Process",5,"ImageLoad Info "," 4092 conhost.exe",9788,,," 4092 conhost.exe",,,"C:\Windows\System32\uxtheme.dll",,,,,,,,,,,,,,,,,,,,,,,,,,1762784318563471400,,,,,,,,,,,140737239515136,140737239515136,640454,647168,3697381598,,,,,,,,,,,,,,,,,,,,,,,,,,,,,,,,,,,,,,,,,,,,,,,
"2025-11-10 14:18:38.5640179Z","2025-11-10 14:18:38.5640179Z","ETW","Microsoft-Windows-Kernel-Audit-API-Calls",5,"PsOpenProcess"," 1400 svchost.exe",1528,,," 4092 conhost.exe",,,,,,,,,,,,,,,,,,,,,,,,,,,,,1762784318564017900,,,,,,,,,,,,,,,,5240,0,,,,,,,,,,,,,,,,,,,,,,,,,,,,,,,,,,,,,,,,,,,,,
"2025-11-10 14:18:38.5640716Z","2025-11-10 14:18:38.5640716Z","ETW","Microsoft-Windows-Kernel-Audit-API-Calls",6,"PsOpenThread"," 1400 svchost.exe",6992,,," 4092 conhost.exe",9788,,,,,,,,,,,,,,,,,,,,,,,,,,,,1762784318564071600,,,,,,,,,,,,,,,,64,0,,,,,,,,,,,,,,,,,,,,,,,,,,,,,,,,,,,,,,,,,,,,,
"2025-11-10 14:18:38.5641119Z","2025-11-10 14:18:38.5641119Z","ETW","Microsoft-Windows-Kernel-Audit-API-Calls",5,"PsOpenProcess"," 1400 svchost.exe",6992,,," 4092 conhost.exe",,,,,,,,,,,,,,,,,,,,,,,,,,,,,1762784318564112000,,,,,,,,,,,,,,,,1024,0,,,,,,,,,,,,,,,,,,,,,,,,,,,,,,,,,,,,,,,,,,,,,
"2025-11-10 14:18:38.5647435Z","2025-11-10 14:18:38.5647435Z","ETW","Microsoft-Windows-Kernel-Process",5,"ImageLoad Info "," 4092 conhost.exe",9788,,," 4092 conhost.exe",,,"C:\Windows\System32\msctf.dll",,,,,,,,,,,,,,,,,,,,,,,,,,1762784318564743500,,,,,,,,,,,140737291616256,140737291616256,1159359,1134592,3815625169,,,,,,,,,,,,,,,,,,,,,,,,,,,,,,,,,,,,,,,,,,,,,,,
"2025-11-10 14:18:38.5649965Z","2025-11-10 14:18:38.5649965Z","ETW","Microsoft-Windows-Kernel-Process",5,"ImageLoad Info "," 4092 conhost.exe",9788,,," 4092 conhost.exe",,,"C:\Windows\System32\oleaut32.dll",,,,,,,,,,,,,,,,,,,,,,,,,,1762784318564996500,,,,,,,,,,,140737315012608,140737315012608,849765,839680,3559841777,,,,,,,,,,,,,,,,,,,,,,,,,,,,,,,,,,,,,,,,,,,,,,,
"2025-11-10 14:18:38.5661712Z","2025-11-10 14:18:38.5661712Z","ETW","Microsoft-Windows-Kernel-Audit-API-Calls",5,"PsOpenProcess"," 6464 explorer.exe",4280,,," 4092 conhost.exe",,,,,,,,,,,,,,,,,,,,,,,,,,,,,1762784318566171200,,,,,,,,,,,,,,,,4096,0,,,,,,,,,,,,,,,,,,,,,,,,,,,,,,,,,,,,,,,,,,,,,
"2025-11-10 14:18:38.5662388Z","2025-11-10 14:18:38.5662388Z","ETW","Microsoft-Windows-Kernel-Audit-API-Calls",6,"PsOpenThread","  576 csrss.exe",3336,,," 4092 conhost.exe",9788,,,,,,,,,,,,,,,,,,,,,,,,,,,,1762784318566238800,,,,,,,,,,,,,,,,2097151,0,,,,,,,,,,,,,,,,,,,,,,,,,,,,,,,,,,,,,,,,,,,,,
"2025-11-10 14:18:38.5673216Z","2025-11-10 14:18:38.5673216Z","ETW","Microsoft-Windows-Kernel-Audit-API-Calls",5,"PsOpenProcess"," 6464 explorer.exe",4280,,," 4092 conhost.exe",,,,,,,,,,,,,,,,,,,,,,,,,,,,,1762784318567321600,,,,,,,,,,,,,,,,4096,0,,,,,,,,,,,,,,,,,,,,,,,,,,,,,,,,,,,,,,,,,,,,,
"2025-11-10 14:18:38.5681116Z","2025-11-10 14:18:38.5681116Z","ETW","Microsoft-Windows-Kernel-Audit-API-Calls",5,"PsOpenProcess","10364 mintty.exe",3580,,,"10364 mintty.exe",,,,,,,,,,,,,,,,,,,,,,,,,,,,,1762784318568111600,,,,,,,,,,,,,,,,64,0,,,,,,,,,,,,,,,,,,,,,,,,,,,,,,,,,,,,,,,,,,,,,
"2025-11-10 14:18:38.5681147Z","2025-11-10 14:18:38.5681147Z","ETW","Microsoft-Windows-Kernel-Process",3,"ThreadStart Start "," 4092 conhost.exe",10612,,," 4092 conhost.exe",,,,,,,,,,,,,,,,,,,,,,,,,,,,,1762784318568114700,,18446606103145709568,18446606103145680896,140700242380928,0,115465818112,12128,115470237696,115470229504,140700242380928,,,,,,,,,,,,,,,,,,,,,,,,,,,,,,,,,,,,,,,,,,,,,,,,,,,,
"2025-11-10 14:18:38.5681325Z","2025-11-10 14:18:38.5681325Z","ETW","Microsoft-Windows-Kernel-Audit-API-Calls",6,"PsOpenThread"," 4092 conhost.exe",10612,,," 4092 conhost.exe",12128,,,,,,,,,,,,,,,,,,,,,,,,,,,,1762784318568132500,,,,,,,,,,,,,,,,64,0,,,,,,,,,,,,,,,,,,,,,,,,,,,,,,,,,,,,,,,,,,,,,
"2025-11-10 14:18:38.5682083Z","2025-11-10 14:18:38.5682083Z","ETW","Microsoft-Windows-Kernel-Audit-API-Calls",6,"PsOpenThread","10364 mintty.exe",5868,,,"10364 mintty.exe",5868,,,,,,,,,,,,,,,,,,,,,,,,,,,,1762784318568208400,,,,,,,,,,,,,,,,1024,0,,,,,,,,,,,,,,,,,,,,,,,,,,,,,,,,,,,,,,,,,,,,,
"2025-11-10 14:18:38.5683469Z","2025-11-10 14:18:38.5683469Z","ETW","Microsoft-Windows-Kernel-Audit-API-Calls",6,"PsOpenThread","10364 mintty.exe",5868,,,"10364 mintty.exe",5868,,,,,,,,,,,,,,,,,,,,,,,,,,,,1762784318568346900,,,,,,,,,,,,,,,,1024,0,,,,,,,,,,,,,,,,,,,,,,,,,,,,,,,,,,,,,,,,,,,,,
"2025-11-10 14:18:38.5692899Z","2025-11-10 14:18:38.5692899Z","ETW","Microsoft-Windows-Kernel-Process",5,"ImageLoad Info "," 8848 cygwin-console-helper.exe",10780,,," 8848 cygwin-console-helper.exe",,,"C:\Windows\System32\msvcrt.dll",,,,,,,,,,,,,,,,,,,,,,,,,,1762784318569289900,,,,,,,,,,,140737314357248,140737314357248,681663,647168,2616593924,,,,,,,,,,,,,,,,,,,,,,,,,,,,,,,,,,,,,,,,,,,,,,,
"2025-11-10 14:18:38.5695569Z","2025-11-10 14:18:38.5695569Z","ETW","Microsoft-Windows-Kernel-Process",3,"ThreadStart Start "," 8848 cygwin-console-helper.exe",10780,,," 8848 cygwin-console-helper.exe",,,,,,,,,,,,,,,,,,,,,,,,,,,,,1762784318569556900,,18446606103145480192,18446606103145451520,140737324634384,0,283517005824,11340,283522367488,283522363392,140737324634384,,,,,,,,,,,,,,,,,,,,,,,,,,,,,,,,,,,,,,,,,,,,,,,,,,,,
"2025-11-10 14:18:38.5695755Z","2025-11-10 14:18:38.5695755Z","ETW","Microsoft-Windows-Kernel-Audit-API-Calls",6,"PsOpenThread"," 8848 cygwin-console-helper.exe",10780,,," 8848 cygwin-console-helper.exe",11340,,,,,,,,,,,,,,,,,,,,,,,,,,,,1762784318569575500,,,,,,,,,,,,,,,,64,0,,,,,,,,,,,,,,,,,,,,,,,,,,,,,,,,,,,,,,,,,,,,,
"2025-11-10 14:18:38.5701943Z","2025-11-10 14:18:38.5701943Z","ETW","Microsoft-Windows-Kernel-Audit-API-Calls",5,"PsOpenProcess","  784 bash.exe",388,,," 8848 cygwin-console-helper.exe",,,,,,,,,,,,,,,,,,,,,,,,,,,,,1762784318570194300,,,,,,,,,,,,,,,,4096,0,,,,,,,,,,,,,,,,,,,,,,,,,,,,,,,,,,,,,,,,,,,,,
"2025-11-10 14:18:38.5702635Z","2025-11-10 14:18:38.5702635Z","ETW","Microsoft-Windows-Kernel-Audit-API-Calls",5,"PsOpenProcess"," 4092 conhost.exe",10612,,,"  784 bash.exe",,,,,,,,,,,,,,,,,,,,,,,,,,,,,1762784318570263500,,,,,,,,,,,,,,,,33554432,0,,,,,,,,,,,,,,,,,,,,,,,,,,,,,,,,,,,,,,,,,,,,,
"2025-11-10 14:18:38.5704167Z","2025-11-10 14:18:38.5704167Z","ETW","Microsoft-Windows-Kernel-Process",4,"ThreadStop Stop "," 8848 cygwin-console-helper.exe",10780,,," 8848 cygwin-console-helper.exe",,,,,,,,,,,,,,,,,,,,,,,,,,,,,1762784318570416700,,18446606103145644032,18446606103145615360,140700799865856,0,283516997632,10780,283520270336,283520258048,140700799865856,,,,,,,,,,,9735637,,,,,,,,,,,,,,,,,,,,,,,,,,,,,,,,,,,,,,,,,
"2025-11-10 14:18:38.5704828Z","2025-11-10 14:18:38.5704828Z","ETW","Microsoft-Windows-Kernel-Process",4,"ThreadStop Stop "," 8848 cygwin-console-helper.exe",11340,,," 8848 cygwin-console-helper.exe",,,,,,,,,,,,,,,,,,,,,,,,,,,,,1762784318570482800,,18446606103145480192,18446606103145451520,140737324634384,0,283517005824,11340,283522367488,283522363392,140737324634384,,,,,,,,,,,48258,,,,,,,,,,,,,,,,,,,,,,,,,,,,,,,,,,,,,,,,,
"2025-11-10 14:18:38.5706170Z","2025-11-10 14:18:38.5706170Z","ETW","Microsoft-Windows-Kernel-Process",6,"ImageUnload Info "," 8848 cygwin-console-helper.exe",11340,,," 8848 cygwin-console-helper.exe",,,"C:\Program Files\Git\usr\bin\cygwin-console-helper.exe",,,,,,,,,,,,,,,,,,,,,,,,,,1762784318570617000,,,,,,,,,,,140700799860736,140700799860736,49333,73728,1752689865,,,,,,,,,,,,,,,,,,,,,,,,,,,,,,,,,,,,,,,,,,,,,,,
"2025-11-10 14:18:38.5706373Z","2025-11-10 14:18:38.5706373Z","ETW","Microsoft-Windows-Kernel-Process",6,"ImageUnload Info "," 8848 cygwin-console-helper.exe",11340,,," 8848 cygwin-console-helper.exe",,,"C:\Windows\System32\msvcrt.dll",,,,,,,,,,,,,,,,,,,,,,,,,,1762784318570637300,,,,,,,,,,,140737314357248,140737314357248,681663,647168,2616593924,,,,,,,,,,,,,,,,,,,,,,,,,,,,,,,,,,,,,,,,,,,,,,,
"2025-11-10 14:18:38.5706489Z","2025-11-10 14:18:38.5706489Z","ETW","Microsoft-Windows-Kernel-Process",6,"ImageUnload Info "," 8848 cygwin-console-helper.exe",11340,,," 8848 cygwin-console-helper.exe",,,"C:\Windows\System32\KernelBase.dll",,,,,,,,,,,,,,,,,,,,,,,,,,1762784318570648900,,,,,,,,,,,140737318289408,140737318289408,3171178,3104768,1448155220,,,,,,,,,,,,,,,,,,,,,,,,,,,,,,,,,,,,,,,,,,,,,,,
"2025-11-10 14:18:38.5706595Z","2025-11-10 14:18:38.5706595Z","ETW","Microsoft-Windows-Kernel-Process",6,"ImageUnload Info "," 8848 cygwin-console-helper.exe",11340,,," 8848 cygwin-console-helper.exe",,,"C:\Windows\System32\kernel32.dll",,,,,,,,,,,,,,,,,,,,,,,,,,1762784318570659500,,,,,,,,,,,140737321435136,140737321435136,801304,794624,4007722010,,,,,,,,,,,,,,,,,,,,,,,,,,,,,,,,,,,,,,,,,,,,,,,
"2025-11-10 14:18:38.5706691Z","2025-11-10 14:18:38.5706691Z","ETW","Microsoft-Windows-Kernel-Process",6,"ImageUnload Info "," 8848 cygwin-console-helper.exe",11340,,," 8848 cygwin-console-helper.exe",,,"C:\Windows\System32\ntdll.dll",,,,,,,,,,,,,,,,,,,,,,,,,,1762784318570669100,,,,,,,,,,,140737324318720,140737324318720,2048895,2064384,2127151453,,,,,,,,,,,,,,,,,,,,,,,,,,,,,,,,,,,,,,,,,,,,,,,
"2025-11-10 14:18:38.5707235Z","2025-11-10 14:18:38.5707235Z","ETW","Microsoft-Windows-Kernel-Process",2,"ProcessStop Stop "," 8848 cygwin-console-helper.exe",11340,,," 8848 cygwin-console-helper.exe",,,"cygwin-console",,,,,,,,,,,,,,,,,,,,,,,,,,1762784318570723500,,,,,,,,,,,,,,,,,,,,,,,,134072579185187216,,,,,,,25936,,,,,,,,,,,,,,516096,516096,10353477,0,134072579185705499,37,0,0,0,3,1,0,,,,,,
"2025-11-10 14:18:38.5714179Z","2025-11-10 14:18:38.5714179Z","ETW","Microsoft-Windows-Kernel-Audit-API-Calls",5,"PsOpenProcess","  784 bash.exe",388,,,"  784 bash.exe",,,,,,,,,,,,,,,,,,,,,,,,,,,,,1762784318571417900,,,,,,,,,,,,,,,,4096,0,,,,,,,,,,,,,,,,,,,,,,,,,,,,,,,,,,,,,,,,,,,,,
"2025-11-10 14:18:38.5719602Z","2025-11-10 14:18:38.5719602Z","ETW","Microsoft-Windows-Kernel-Audit-API-Calls",6,"PsOpenThread","10364 mintty.exe",5868,,,"10364 mintty.exe",5868,,,,,,,,,,,,,,,,,,,,,,,,,,,,1762784318571960200,,,,,,,,,,,,,,,,1024,0,,,,,,,,,,,,,,,,,,,,,,,,,,,,,,,,,,,,,,,,,,,,,
"2025-11-10 14:18:38.5724053Z","2025-11-10 14:18:38.5724053Z","ETW","Microsoft-Windows-Kernel-Process",1,"ProcessStart Start ","  784 bash.exe",388,,," 2820 git.exe",,,"C:\Program Files\Git\mingw64\bin\git.exe",,,,,,,,,,,,,,,,,,,,,,,,,,1762784318572405300,,,,,,,,,,,,,4315928,,1759182642,,,,,,,,,134072579185723624,0,"0x","","",784,25934,25937,3,0,1,,,,,,,,,,,,,,,,,,,,,,,,,,,,
"2025-11-10 14:18:38.5730963Z","2025-11-10 14:18:38.5730963Z","ETW","Microsoft-Windows-Kernel-Audit-API-Calls",6,"PsOpenThread"," 2972 cyserver.exe",7160,,,"  784 bash.exe",388,,,,,,,,,,,,,,,,,,,,,,,,,,,,1762784318573096400,,,,,,,,,,,,,,,,64,0,,,,,,,,,,,,,,,,,,,,,,,,,,,,,,,,,,,,,,,,,,,,,
"2025-11-10 14:18:38.5731086Z","2025-11-10 14:18:38.5731086Z","ETW","Microsoft-Windows-Kernel-Audit-API-Calls",5,"PsOpenProcess"," 2972 cyserver.exe",7160,,,"  784 bash.exe",,,,,,,,,,,,,,,,,,,,,,,,,,,,,1762784318573108600,,,,,,,,,,,,,,,,1024,0,,,,,,,,,,,,,,,,,,,,,,,,,,,,,,,,,,,,,,,,,,,,,
"2025-11-10 14:18:38.5741172Z","2025-11-10 14:18:38.5741172Z","ETW","Microsoft-Windows-Kernel-Audit-API-Calls",6,"PsOpenThread"," 2972 cyserver.exe",7532,,,"  784 bash.exe",388,,,,,,,,,,,,,,,,,,,,,,,,,,,,1762784318574117200,,,,,,,,,,,,,,,,64,0,,,,,,,,,,,,,,,,,,,,,,,,,,,,,,,,,,,,,,,,,,,,,
"2025-11-10 14:18:38.5741249Z","2025-11-10 14:18:38.5741249Z","ETW","Microsoft-Windows-Kernel-Audit-API-Calls",5,"PsOpenProcess"," 2972 cyserver.exe",7532,,,"  784 bash.exe",,,,,,,,,,,,,,,,,,,,,,,,,,,,,1762784318574124900,,,,,,,,,,,,,,,,1024,0,,,,,,,,,,,,,,,,,,,,,,,,,,,,,,,,,,,,,,,,,,,,,
"2025-11-10 14:18:38.5767139Z","2025-11-10 14:18:38.5767139Z","ETW","Microsoft-Windows-Kernel-Audit-API-Calls",5,"PsOpenProcess"," 2972 cyserver.exe",7532,,," 2820 git.exe",,,,,,,,,,,,,,,,,,,,,,,,,,,,,1762784318576713900,,,,,,,,,,,,,,,,2147483648,0,,,,,,,,,,,,,,,,,,,,,,,,,,,,,,,,,,,,,,,,,,,,,
"2025-11-10 14:18:38.5822467Z","2025-11-10 14:18:38.5822467Z","ETW","Microsoft-Windows-Kernel-Process",3,"ThreadStart Start ","  784 bash.exe",388,,," 2820 git.exe",,,,,,,,,,,,,,,,,,,,,,,,,,,,,1762784318582246700,,18446606103145480192,18446606103145451520,140702939157504,0,295699681280,10264,295702626304,295702622208,140702939157504,,,,,,,,,,,,,,,,,,,,,,,,,,,,,,,,,,,,,,,,,,,,,,,,,,,,
"2025-11-10 14:18:38.5822629Z","2025-11-10 14:18:38.5822629Z","ETW","Microsoft-Windows-Kernel-Audit-API-Calls",6,"PsOpenThread","  784 bash.exe",388,,," 2820 git.exe",10264,,,,,,,,,,,,,,,,,,,,,,,,,,,,1762784318582262900,,,,,,,,,,,,,,,,64,0,,,,,,,,,,,,,,,,,,,,,,,,,,,,,,,,,,,,,,,,,,,,,
"2025-11-10 14:18:38.5826874Z","2025-11-10 14:18:38.5826874Z","ETW","Microsoft-Windows-Kernel-Audit-API-Calls",5,"PsOpenProcess","  576 csrss.exe",3336,,," 2820 git.exe",,,,,,,,,,,,,,,,,,,,,,,,,,,,,1762784318582687400,,,,,,,,,,,,,,,,2097151,0,,,,,,,,,,,,,,,,,,,,,,,,,,,,,,,,,,,,,,,,,,,,,
"2025-11-10 14:18:38.5826970Z","2025-11-10 14:18:38.5826970Z","ETW","Microsoft-Windows-Kernel-Audit-API-Calls",6,"PsOpenThread","  576 csrss.exe",3336,,," 2820 git.exe",10264,,,,,,,,,,,,,,,,,,,,,,,,,,,,1762784318582697000,,,,,,,,,,,,,,,,2097151,0,,,,,,,,,,,,,,,,,,,,,,,,,,,,,,,,,,,,,,,,,,,,,
"2025-11-10 14:18:38.5831497Z","2025-11-10 14:18:38.5831497Z","ETW","Microsoft-Windows-Kernel-Audit-API-Calls",3,"NtCreateSymbolicLinkObject","  784 bash.exe",388,,,,,,,,,,,,,,,,,,,,,,,,,,,,,,,,1762784318583149700,,,,,,,,,,,,,,,,983041,0,,,,,,,,,,,,,,,,,,"winpid.2820","1096",,,,,,,,,,,,,,,,,,,,,,,,,,
"2025-11-10 14:18:38.5834413Z","2025-11-10 14:18:38.5834413Z","ETW","Microsoft-Windows-Kernel-Process",5,"ImageLoad Info "," 2820 git.exe",10264,,," 2820 git.exe",,,"C:\Program Files\Git\mingw64\bin\git.exe",,,,,,,,,,,,,,,,,,,,,,,,,,1762784318583441300,,,,,,,,,,,140702939152384,140702939152384,4315928,4505600,1759182642,,,,,,,,,,,,,,,,,,,,,,,,,,,,,,,,,,,,,,,,,,,,,,,
"2025-11-10 14:18:38.5839815Z","2025-11-10 14:18:38.5839815Z","ETW","Microsoft-Windows-Kernel-Process",5,"ImageLoad Info "," 2820 git.exe",10264,,," 2820 git.exe",,,"C:\Windows\System32\ntdll.dll",,,,,,,,,,,,,,,,,,,,,,,,,,1762784318583981500,,,,,,,,,,,140737324318720,140737324318720,2048895,2064384,2127151453,,,,,,,,,,,,,,,,,,,,,,,,,,,,,,,,,,,,,,,,,,,,,,,
"2025-11-10 14:18:38.5846201Z","2025-11-10 14:18:38.5846201Z","ETW","Microsoft-Windows-Kernel-Process",5,"ImageLoad Info "," 2820 git.exe",10264,,," 2820 git.exe",,,"C:\Windows\System32\kernel32.dll",,,,,,,,,,,,,,,,,,,,,,,,,,1762784318584620100,,,,,,,,,,,140737321435136,140737321435136,801304,794624,4007722010,,,,,,,,,,,,,,,,,,,,,,,,,,,,,,,,,,,,,,,,,,,,,,,
"2025-11-10 14:18:38.5848367Z","2025-11-10 14:18:38.5848367Z","ETW","Microsoft-Windows-Kernel-Process",5,"ImageLoad Info "," 2820 git.exe",10264,,," 2820 git.exe",,,"C:\Windows\System32\KernelBase.dll",,,,,,,,,,,,,,,,,,,,,,,,,,1762784318584836700,,,,,,,,,,,140737318289408,140737318289408,3171178,3104768,1448155220,,,,,,,,,,,,,,,,,,,,,,,,,,,,,,,,,,,,,,,,,,,,,,,
"2025-11-10 14:18:38.5854910Z","2025-11-10 14:18:38.5854910Z","ETW","Microsoft-Windows-Kernel-Audit-API-Calls",5,"PsOpenProcess"," 4092 conhost.exe",10612,,," 2820 git.exe",,,,,,,,,,,,,,,,,,,,,,,,,,,,,1762784318585491000,,,,,,,,,,,,,,,,33554432,0,,,,,,,,,,,,,,,,,,,,,,,,,,,,,,,,,,,,,,,,,,,,,
"2025-11-10 14:18:38.5884966Z","2025-11-10 14:18:38.5884966Z","ETW","Microsoft-Windows-Kernel-Process",5,"ImageLoad Info "," 2820 git.exe",10264,,," 2820 git.exe",,,"C:\Windows\System32\advapi32.dll",,,,,,,,,,,,,,,,,,,,,,,,,,1762784318588496600,,,,,,,,,,,140737306951680,140737306951680,744837,724992,4166620877,,,,,,,,,,,,,,,,,,,,,,,,,,,,,,,,,,,,,,,,,,,,,,,
"2025-11-10 14:18:38.5887089Z","2025-11-10 14:18:38.5887089Z","ETW","Microsoft-Windows-Kernel-Process",5,"ImageLoad Info "," 2820 git.exe",10264,,," 2820 git.exe",,,"C:\Windows\System32\msvcrt.dll",,,,,,,,,,,,,,,,,,,,,,,,,,1762784318588708900,,,,,,,,,,,140737314357248,140737314357248,681663,647168,2616593924,,,,,,,,,,,,,,,,,,,,,,,,,,,,,,,,,,,,,,,,,,,,,,,
"2025-11-10 14:18:38.5888778Z","2025-11-10 14:18:38.5888778Z","ETW","Microsoft-Windows-Kernel-Process",3,"ThreadStart Start "," 2820 git.exe",10264,,," 2820 git.exe",,,,,,,,,,,,,,,,,,,,,,,,,,,,,1762784318588877800,,18446606103145644032,18446606103145615360,140737324634384,0,295699689472,6020,295704723456,295704719360,140737324634384,,,,,,,,,,,,,,,,,,,,,,,,,,,,,,,,,,,,,,,,,,,,,,,,,,,,
"2025-11-10 14:18:38.5888993Z","2025-11-10 14:18:38.5888993Z","ETW","Microsoft-Windows-Kernel-Audit-API-Calls",6,"PsOpenThread"," 2820 git.exe",10264,,," 2820 git.exe",6020,,,,,,,,,,,,,,,,,,,,,,,,,,,,1762784318588899300,,,,,,,,,,,,,,,,64,0,,,,,,,,,,,,,,,,,,,,,,,,,,,,,,,,,,,,,,,,,,,,,
"2025-11-10 14:18:38.5889755Z","2025-11-10 14:18:38.5889755Z","ETW","Microsoft-Windows-Kernel-Process",5,"ImageLoad Info "," 2820 git.exe",10264,,," 2820 git.exe",,,"C:\Windows\System32\sechost.dll",,,,,,,,,,,,,,,,,,,,,,,,,,1762784318588975500,,,,,,,,,,,140737308262400,140737308262400,647124,651264,2117042745,,,,,,,,,,,,,,,,,,,,,,,,,,,,,,,,,,,,,,,,,,,,,,,
"2025-11-10 14:18:38.5892179Z","2025-11-10 14:18:38.5892179Z","ETW","Microsoft-Windows-Kernel-Process",5,"ImageLoad Info "," 2820 git.exe",10264,,," 2820 git.exe",,,"C:\Windows\System32\rpcrt4.dll",,,,,,,,,,,,,,,,,,,,,,,,,,1762784318589217900,,,,,,,,,,,140737317109760,140737317109760,1217917,1179648,2756017066,,,,,,,,,,,,,,,,,,,,,,,,,,,,,,,,,,,,,,,,,,,,,,,
"2025-11-10 14:18:38.5894235Z","2025-11-10 14:18:38.5894235Z","ETW","Microsoft-Windows-Kernel-Process",5,"ImageLoad Info "," 2820 git.exe",10264,,," 2820 git.exe",,,"C:\Windows\System32\bcrypt.dll",,,,,,,,,,,,,,,,,,,,,,,,,,1762784318589423500,,,,,,,,,,,140737279623168,140737279623168,171668,159744,2220160889,,,,,,,,,,,,,,,,,,,,,,,,,,,,,,,,,,,,,,,,,,,,,,,
"2025-11-10 14:18:38.5896896Z","2025-11-10 14:18:38.5896896Z","ETW","Microsoft-Windows-Kernel-Process",5,"ImageLoad Info "," 2820 git.exe",10264,,," 2820 git.exe",,,"C:\Windows\System32\user32.dll",,,,,,,,,,,,,,,,,,,,,,,,,,1762784318589689600,,,,,,,,,,,140737322287104,140737322287104,1767867,1708032,1351922499,,,,,,,,,,,,,,,,,,,,,,,,,,,,,,,,,,,,,,,,,,,,,,,
"2025-11-10 14:18:38.5898434Z","2025-11-10 14:18:38.5898434Z","ETW","Microsoft-Windows-Kernel-Process",5,"ImageLoad Info "," 2820 git.exe",10264,,," 2820 git.exe",,,"C:\Windows\System32\win32u.dll",,,,,,,,,,,,,,,,,,,,,,,,,,1762784318589843400,,,,,,,,,,,140737281196032,140737281196032,183095,139264,3760910660,,,,,,,,,,,,,,,,,,,,,,,,,,,,,,,,,,,,,,,,,,,,,,,
"2025-11-10 14:18:38.5899776Z","2025-11-10 14:18:38.5899776Z","ETW","Microsoft-Windows-Kernel-Process",5,"ImageLoad Info "," 2820 git.exe",10264,,," 2820 git.exe",,,"C:\Windows\System32\gdi32.dll",,,,,,,,,,,,,,,,,,,,,,,,,,1762784318589977600,,,,,,,,,,,140737309507584,140737309507584,210990,176128,2413768611,,,,,,,,,,,,,,,,,,,,,,,,,,,,,,,,,,,,,,,,,,,,,,,
"2025-11-10 14:18:38.5901253Z","2025-11-10 14:18:38.5901253Z","ETW","Microsoft-Windows-Kernel-Process",5,"ImageLoad Info "," 2820 git.exe",10264,,," 2820 git.exe",,,"C:\Windows\System32\gdi32full.dll",,,,,,,,,,,,,,,,,,,,,,,,,,1762784318590125300,,,,,,,,,,,140737281392640,140737281392640,1167211,1150976,1288019395,,,,,,,,,,,,,,,,,,,,,,,,,,,,,,,,,,,,,,,,,,,,,,,
"2025-11-10 14:18:38.5902792Z","2025-11-10 14:18:38.5902792Z","ETW","Microsoft-Windows-Kernel-Process",5,"ImageLoad Info "," 2820 git.exe",10264,,," 2820 git.exe",,,"C:\Windows\System32\msvcp_win.dll",,,,,,,,,,,,,,,,,,,,,,,,,,1762784318590279300,,,,,,,,,,,140737279819776,140737279819776,659111,643072,958749903,,,,,,,,,,,,,,,,,,,,,,,,,,,,,,,,,,,,,,,,,,,,,,,
"2025-11-10 14:18:38.5904395Z","2025-11-10 14:18:38.5904395Z","ETW","Microsoft-Windows-Kernel-Process",5,"ImageLoad Info "," 2820 git.exe",10264,,," 2820 git.exe",,,"C:\Windows\System32\ucrtbase.dll",,,,,,,,,,,,,,,,,,,,,,,,,,1762784318590439500,,,,,,,,,,,140737283162112,140737283162112,1076532,1048576,2177850761,,,,,,,,,,,,,,,,,,,,,,,,,,,,,,,,,,,,,,,,,,,,,,,
"2025-11-10 14:18:38.5918224Z","2025-11-10 14:18:38.5918224Z","ETW","Microsoft-Windows-Kernel-Process",5,"ImageLoad Info "," 2820 git.exe",10264,,," 2820 git.exe",,,"C:\Windows\System32\ws2_32.dll",,,,,,,,,,,,,,,,,,,,,,,,,,1762784318591822400,,,,,,,,,,,140737305772032,140737305772032,489137,438272,2047685052,,,,,,,,,,,,,,,,,,,,,,,,,,,,,,,,,,,,,,,,,,,,,,,
"2025-11-10 14:18:38.5919091Z","2025-11-10 14:18:38.5919091Z","ETW","Microsoft-Windows-Kernel-Process",3,"ThreadStart Start "," 2820 git.exe",6020,,," 2820 git.exe",,,,,,,,,,,,,,,,,,,,,,,,,,,,,1762784318591909100,,18446606103145676800,18446606103145648128,140737324634384,0,295699697664,4244,295706820608,295706816512,140737324634384,,,,,,,,,,,,,,,,,,,,,,,,,,,,,,,,,,,,,,,,,,,,,,,,,,,,
"2025-11-10 14:18:38.5919278Z","2025-11-10 14:18:38.5919278Z","ETW","Microsoft-Windows-Kernel-Audit-API-Calls",6,"PsOpenThread"," 2820 git.exe",6020,,," 2820 git.exe",4244,,,,,,,,,,,,,,,,,,,,,,,,,,,,1762784318591927900,,,,,,,,,,,,,,,,64,0,,,,,,,,,,,,,,,,,,,,,,,,,,,,,,,,,,,,,,,,,,,,,
"2025-11-10 14:18:38.5924366Z","2025-11-10 14:18:38.5924366Z","ETW","Microsoft-Windows-Kernel-Process",5,"ImageLoad Info "," 2820 git.exe",6020,,," 2820 git.exe",,,"C:\Program Files\Git\mingw64\bin\libintl-8.dll",,,,,,,,,,,,,,,,,,,,,,,,,,1762784318592436600,,,,,,,,,,,140736852000768,140736852000768,317681,335872,1753251091,,,,,,,,,,,,,,,,,,,,,,,,,,,,,,,,,,,,,,,,,,,,,,,
"2025-11-10 14:18:38.5924774Z","2025-11-10 14:18:38.5924774Z","ETW","Microsoft-Windows-Kernel-Process",5,"ImageLoad Info "," 2820 git.exe",4244,,," 2820 git.exe",,,"C:\Program Files\Git\mingw64\bin\libpcre2-8-0.dll",,,,,,,,,,,,,,,,,,,,,,,,,,1762784318592477400,,,,,,,,,,,140736842039296,140736842039296,736699,733184,1756356616,,,,,,,,,,,,,,,,,,,,,,,,,,,,,,,,,,,,,,,,,,,,,,,
"2025-11-10 14:18:38.5925040Z","2025-11-10 14:18:38.5925040Z","ETW","Microsoft-Windows-Kernel-Audit-API-Calls",6,"PsOpenThread"," 2972 cyserver.exe",7728,,," 2820 git.exe",6020,,,,,,,,,,,,,,,,,,,,,,,,,,,,1762784318592504000,,,,,,,,,,,,,,,,64,0,,,,,,,,,,,,,,,,,,,,,,,,,,,,,,,,,,,,,,,,,,,,,
"2025-11-10 14:18:38.5925142Z","2025-11-10 14:18:38.5925142Z","ETW","Microsoft-Windows-Kernel-Audit-API-Calls",5,"PsOpenProcess"," 2972 cyserver.exe",7728,,," 2820 git.exe",,,,,,,,,,,,,,,,,,,,,,,,,,,,,1762784318592514200,,,,,,,,,,,,,,,,1024,0,,,,,,,,,,,,,,,,,,,,,,,,,,,,,,,,,,,,,,,,,,,,,
"2025-11-10 14:18:38.5925311Z","2025-11-10 14:18:38.5925311Z","ETW","Microsoft-Windows-Kernel-Audit-API-Calls",6,"PsOpenThread"," 2972 cyserver.exe",10288,,," 2820 git.exe",4244,,,,,,,,,,,,,,,,,,,,,,,,,,,,1762784318592531100,,,,,,,,,,,,,,,,64,0,,,,,,,,,,,,,,,,,,,,,,,,,,,,,,,,,,,,,,,,,,,,,
"2025-11-10 14:18:38.5925414Z","2025-11-10 14:18:38.5925414Z","ETW","Microsoft-Windows-Kernel-Audit-API-Calls",5,"PsOpenProcess"," 2972 cyserver.exe",10288,,," 2820 git.exe",,,,,,,,,,,,,,,,,,,,,,,,,,,,,1762784318592541400,,,,,,,,,,,,,,,,1024,0,,,,,,,,,,,,,,,,,,,,,,,,,,,,,,,,,,,,,,,,,,,,,
"2025-11-10 14:18:38.5947860Z","2025-11-10 14:18:38.5947860Z","ETW","Microsoft-Windows-Kernel-Process",5,"ImageLoad Info "," 2820 git.exe",10264,,," 2820 git.exe",,,"C:\Program Files\Git\mingw64\bin\libiconv-2.dll",,,,,,,,,,,,,,,,,,,,,,,,,,1762784318594786000,,,,,,,,,,,140736814907392,140736814907392,1196713,1171456,1734459032,,,,,,,,,,,,,,,,,,,,,,,,,,,,,,,,,,,,,,,,,,,,,,,
"2025-11-10 14:18:38.5948422Z","2025-11-10 14:18:38.5948422Z","ETW","Microsoft-Windows-Kernel-Audit-API-Calls",6,"PsOpenThread"," 2972 cyserver.exe",7160,,," 2820 git.exe",10264,,,,,,,,,,,,,,,,,,,,,,,,,,,,1762784318594842200,,,,,,,,,,,,,,,,64,0,,,,,,,,,,,,,,,,,,,,,,,,,,,,,,,,,,,,,,,,,,,,,
"2025-11-10 14:18:38.5948511Z","2025-11-10 14:18:38.5948511Z","ETW","Microsoft-Windows-Kernel-Audit-API-Calls",5,"PsOpenProcess"," 2972 cyserver.exe",7160,,," 2820 git.exe",,,,,,,,,,,,,,,,,,,,,,,,,,,,,1762784318594851100,,,,,,,,,,,,,,,,1024,0,,,,,,,,,,,,,,,,,,,,,,,,,,,,,,,,,,,,,,,,,,,,,
"2025-11-10 14:18:38.5958297Z","2025-11-10 14:18:38.5958297Z","ETW","Microsoft-Windows-Kernel-Process",5,"ImageLoad Info "," 2820 git.exe",4244,,," 2820 git.exe",,,"C:\Program Files\Git\mingw64\bin\libwinpthread-1.dll",,,,,,,,,,,,,,,,,,,,,,,,,,1762784318595829700,,,,,,,,,,,140736863469568,140736863469568,77046,90112,1758466668,,,,,,,,,,,,,,,,,,,,,,,,,,,,,,,,,,,,,,,,,,,,,,,
"2025-11-10 14:18:38.5958723Z","2025-11-10 14:18:38.5958723Z","ETW","Microsoft-Windows-Kernel-Audit-API-Calls",6,"PsOpenThread"," 2972 cyserver.exe",7532,,," 2820 git.exe",4244,,,,,,,,,,,,,,,,,,,,,,,,,,,,1762784318595872300,,,,,,,,,,,,,,,,64,0,,,,,,,,,,,,,,,,,,,,,,,,,,,,,,,,,,,,,,,,,,,,,
"2025-11-10 14:18:38.5958806Z","2025-11-10 14:18:38.5958806Z","ETW","Microsoft-Windows-Kernel-Audit-API-Calls",5,"PsOpenProcess"," 2972 cyserver.exe",7532,,," 2820 git.exe",,,,,,,,,,,,,,,,,,,,,,,,,,,,,1762784318595880600,,,,,,,,,,,,,,,,1024,0,,,,,,,,,,,,,,,,,,,,,,,,,,,,,,,,,,,,,,,,,,,,,
"2025-11-10 14:18:38.5985547Z","2025-11-10 14:18:38.5985547Z","ETW","Microsoft-Windows-Kernel-Process",5,"ImageLoad Info "," 2820 git.exe",6020,,," 2820 git.exe",,,"C:\Program Files\Git\mingw64\bin\zlib1.dll",,,,,,,,,,,,,,,,,,,,,,,,,,1762784318598554700,,,,,,,,,,,140736855408640,140736855408640,173920,147456,1705996161,,,,,,,,,,,,,,,,,,,,,,,,,,,,,,,,,,,,,,,,,,,,,,,
"2025-11-10 14:18:38.5986001Z","2025-11-10 14:18:38.5986001Z","ETW","Microsoft-Windows-Kernel-Audit-API-Calls",6,"PsOpenThread"," 2972 cyserver.exe",10288,,," 2820 git.exe",6020,,,,,,,,,,,,,,,,,,,,,,,,,,,,1762784318598600100,,,,,,,,,,,,,,,,64,0,,,,,,,,,,,,,,,,,,,,,,,,,,,,,,,,,,,,,,,,,,,,,
"2025-11-10 14:18:38.5986088Z","2025-11-10 14:18:38.5986088Z","ETW","Microsoft-Windows-Kernel-Audit-API-Calls",5,"PsOpenProcess"," 2972 cyserver.exe",10288,,," 2820 git.exe",,,,,,,,,,,,,,,,,,,,,,,,,,,,,1762784318598608800,,,,,,,,,,,,,,,,1024,0,,,,,,,,,,,,,,,,,,,,,,,,,,,,,,,,,,,,,,,,,,,,,
"2025-11-10 14:18:38.6005646Z","2025-11-10 14:18:38.6005646Z","ETW","Microsoft-Windows-Kernel-Audit-API-Calls",6,"PsOpenThread","10364 mintty.exe",5868,,,"10364 mintty.exe",5868,,,,,,,,,,,,,,,,,,,,,,,,,,,,1762784318600564700,,,,,,,,,,,,,,,,1024,0,,,,,,,,,,,,,,,,,,,,,,,,,,,,,,,,,,,,,,,,,,,,,
"2025-11-10 14:18:38.6019636Z","2025-11-10 14:18:38.6019636Z","ETW","Microsoft-Windows-Kernel-Process",5,"ImageLoad Info "," 2820 git.exe",6020,,," 2820 git.exe",,,"C:\Windows\System32\cryptbase.dll",,,,,,,,,,,,,,,,,,,,,,,,,,1762784318601963600,,,,,,,,,,,140737272020992,140737272020992,66383,49152,1678623338,,,,,,,,,,,,,,,,,,,,,,,,,,,,,,,,,,,,,,,,,,,,,,,
"2025-11-10 14:18:38.6029755Z","2025-11-10 14:18:38.6029755Z","ETW","Microsoft-Windows-Kernel-Process",5,"ImageLoad Info "," 2820 git.exe",10264,,," 2820 git.exe",,,"C:\Windows\System32\bcryptprimitives.dll",,,,,,,,,,,,,,,,,,,,,,,,,,1762784318602975600,,,,,,,,,,,140737282572288,140737282572288,531569,532480,3309379821,,,,,,,,,,,,,,,,,,,,,,,,,,,,,,,,,,,,,,,,,,,,,,,
"2025-11-10 14:18:38.6040679Z","2025-11-10 14:18:38.6040679Z","ETW","Microsoft-Windows-Kernel-Process",5,"ImageLoad Info "," 2820 git.exe",10264,,," 2820 git.exe",,,"C:\Windows\System32\imm32.dll",,,,,,,,,,,,,,,,,,,,,,,,,,1762784318604067900,,,,,,,,,,,140737309310976,140737309310976,238320,192512,770155462,,,,,,,,,,,,,,,,,,,,,,,,,,,,,,,,,,,,,,,,,,,,,,,
"2025-11-10 14:18:38.6255034Z","2025-11-10 14:18:38.6255034Z","ETW","Microsoft-Windows-Kernel-Process",5,"ImageLoad Info "," 2820 git.exe",10264,,," 2820 git.exe",,,"C:\Windows\System32\ntmarta.dll",,,,,,,,,,,,,,,,,,,,,,,,,,1762784318625503400,,,,,,,,,,,140737265074176,140737265074176,197444,208896,4265087599,,,,,,,,,,,,,,,,,,,,,,,,,,,,,,,,,,,,,,,,,,,,,,,
"2025-11-10 14:18:38.6284127Z","2025-11-10 14:18:38.6284127Z","ETW","Microsoft-Windows-Kernel-File",30,"CreateNewFile Info "," 2820 git.exe",10264,,,,,,"C:\Users\admin\Desktop\EDR-Introspection\.git\index.lock",,,,,,,,,,,,,,,,,,,,,,,,,,1762784318628412700,,,,,,,,,,,,,,,,,,,,,,,,,,,,,,,,,,,,,,,,,,,,,,,,,,,,,,,,,128,33554528,18446690209782499744,18446690209762614024,10264,3
"2025-11-10 14:18:38.6284235Z","2025-11-10 14:18:38.6284235Z","ETW","Microsoft-Windows-Kernel-File",10,"NameCreate Info "," 2820 git.exe",10264,,,,,,"C:\Users\admin\Desktop\EDR-Introspection\.git\index.lock",,,,,,,,,,,,,,,,,,,,,,,,,,1762784318628423500,,,,,,,,,,,,,,,,,,,,,,,18446714997469798768,,,,,,,,,,,,,,,,,,,,,,,,,,,,,,,,,,,,,,,
"2025-11-10 14:18:38.6304946Z","2025-11-10 14:18:38.6304946Z","ETW","Microsoft-Windows-Kernel-Audit-API-Calls",6,"PsOpenThread","10364 mintty.exe",5868,,,"10364 mintty.exe",5868,,,,,,,,,,,,,,,,,,,,,,,,,,,,1762784318630494600,,,,,,,,,,,,,,,,1024,0,,,,,,,,,,,,,,,,,,,,,,,,,,,,,,,,,,,,,,,,,,,,,
"2025-11-10 14:18:38.6395240Z","2025-11-10 14:18:38.6395240Z","ETW","Microsoft-Windows-Kernel-File",10,"NameCreate Info "," 2820 git.exe",10264,,,,,,"C:\Users\admin\Desktop\EDR-Introspection\.git\index",,,,,,,,,,,,,,,,,,,,,,,,,,1762784318639524000,,,,,,,,,,,,,,,,,,,,,,,18446714997469798768,,,,,,,,,,,,,,,,,,,,,,,,,,,,,,,,,,,,,,,
"2025-11-10 14:18:38.6410932Z","2025-11-10 14:18:38.6410932Z","ETW","Microsoft-Windows-Kernel-Process",4,"ThreadStop Stop "," 2820 git.exe",10264,,," 2820 git.exe",,,,,,,,,,,,,,,,,,,,,,,,,,,,,1762784318641093200,,18446606103145480192,18446606103145451520,140702939157504,0,295699681280,10264,295702626304,295702474752,140702939157504,,,,,,,,,,,121668941,,,,,,,,,,,,,,,,,,,,,,,,,,,,,,,,,,,,,,,,,
"2025-11-10 14:18:38.6412892Z","2025-11-10 14:18:38.6412892Z","ETW","Microsoft-Windows-Kernel-Process",4,"ThreadStop Stop "," 2820 git.exe",4244,,," 2820 git.exe",,,,,,,,,,,,,,,,,,,,,,,,,,,,,1762784318641289300,,18446606103145676800,18446606103145648128,140737324634384,0,295699697664,4244,295706820608,295706812416,140737324634384,,,,,,,,,,,2297304,,,,,,,,,,,,,,,,,,,,,,,,,,,,,,,,,,,,,,,,,
"2025-11-10 14:18:38.6413322Z","2025-11-10 14:18:38.6413322Z","ETW","Microsoft-Windows-Kernel-Process",4,"ThreadStop Stop "," 2820 git.exe",6020,,," 2820 git.exe",,,,,,,,,,,,,,,,,,,,,,,,,,,,,1762784318641332200,,18446606103145644032,18446606103145615360,140737324634384,0,295699689472,6020,295704723456,295704715264,140737324634384,,,,,,,,,,,6701866,,,,,,,,,,,,,,,,,,,,,,,,,,,,,,,,,,,,,,,,,
"2025-11-10 14:18:38.6414627Z","2025-11-10 14:18:38.6414627Z","ETW","Microsoft-Windows-Kernel-Process",6,"ImageUnload Info "," 2820 git.exe",6020,,," 2820 git.exe",,,"C:\Program Files\Git\mingw64\bin\git.exe",,,,,,,,,,,,,,,,,,,,,,,,,,1762784318641462700,,,,,,,,,,,140702939152384,140702939152384,4315928,4505600,1759182642,,,,,,,,,,,,,,,,,,,,,,,,,,,,,,,,,,,,,,,,,,,,,,,
"2025-11-10 14:18:38.6414672Z","2025-11-10 14:18:38.6414672Z","ETW","Microsoft-Windows-Kernel-Process",6,"ImageUnload Info "," 2820 git.exe",6020,,," 2820 git.exe",,,"C:\Program Files\Git\mingw64\bin\libiconv-2.dll",,,,,,,,,,,,,,,,,,,,,,,,,,1762784318641467200,,,,,,,,,,,140736814907392,140736814907392,1196713,1171456,1734459032,,,,,,,,,,,,,,,,,,,,,,,,,,,,,,,,,,,,,,,,,,,,,,,
"2025-11-10 14:18:38.6414712Z","2025-11-10 14:18:38.6414712Z","ETW","Microsoft-Windows-Kernel-Process",6,"ImageUnload Info "," 2820 git.exe",6020,,," 2820 git.exe",,,"C:\Program Files\Git\mingw64\bin\libpcre2-8-0.dll",,,,,,,,,,,,,,,,,,,,,,,,,,1762784318641471200,,,,,,,,,,,140736842039296,140736842039296,736699,733184,1756356616,,,,,,,,,,,,,,,,,,,,,,,,,,,,,,,,,,,,,,,,,,,,,,,
"2025-11-10 14:18:38.6414743Z","2025-11-10 14:18:38.6414743Z","ETW","Microsoft-Windows-Kernel-Process",6,"ImageUnload Info "," 2820 git.exe",6020,,," 2820 git.exe",,,"C:\Program Files\Git\mingw64\bin\libintl-8.dll",,,,,,,,,,,,,,,,,,,,,,,,,,1762784318641474300,,,,,,,,,,,140736852000768,140736852000768,317681,335872,1753251091,,,,,,,,,,,,,,,,,,,,,,,,,,,,,,,,,,,,,,,,,,,,,,,
"2025-11-10 14:18:38.6414775Z","2025-11-10 14:18:38.6414775Z","ETW","Microsoft-Windows-Kernel-Process",6,"ImageUnload Info "," 2820 git.exe",6020,,," 2820 git.exe",,,"C:\Program Files\Git\mingw64\bin\zlib1.dll",,,,,,,,,,,,,,,,,,,,,,,,,,1762784318641477500,,,,,,,,,,,140736855408640,140736855408640,173920,147456,1705996161,,,,,,,,,,,,,,,,,,,,,,,,,,,,,,,,,,,,,,,,,,,,,,,
"2025-11-10 14:18:38.6414810Z","2025-11-10 14:18:38.6414810Z","ETW","Microsoft-Windows-Kernel-Process",6,"ImageUnload Info "," 2820 git.exe",6020,,," 2820 git.exe",,,"C:\Program Files\Git\mingw64\bin\libwinpthread-1.dll",,,,,,,,,,,,,,,,,,,,,,,,,,1762784318641481000,,,,,,,,,,,140736863469568,140736863469568,77046,90112,1758466668,,,,,,,,,,,,,,,,,,,,,,,,,,,,,,,,,,,,,,,,,,,,,,,
"2025-11-10 14:18:38.6415084Z","2025-11-10 14:18:38.6415084Z","ETW","Microsoft-Windows-Kernel-Process",6,"ImageUnload Info "," 2820 git.exe",6020,,," 2820 git.exe",,,"C:\Windows\System32\ntmarta.dll",,,,,,,,,,,,,,,,,,,,,,,,,,1762784318641508400,,,,,,,,,,,140737265074176,140737265074176,197444,208896,4265087599,,,,,,,,,,,,,,,,,,,,,,,,,,,,,,,,,,,,,,,,,,,,,,,
"2025-11-10 14:18:38.6415207Z","2025-11-10 14:18:38.6415207Z","ETW","Microsoft-Windows-Kernel-Process",6,"ImageUnload Info "," 2820 git.exe",6020,,," 2820 git.exe",,,"C:\Windows\System32\cryptbase.dll",,,,,,,,,,,,,,,,,,,,,,,,,,1762784318641520700,,,,,,,,,,,140737272020992,140737272020992,66383,49152,1678623338,,,,,,,,,,,,,,,,,,,,,,,,,,,,,,,,,,,,,,,,,,,,,,,
"2025-11-10 14:18:38.6415307Z","2025-11-10 14:18:38.6415307Z","ETW","Microsoft-Windows-Kernel-Process",6,"ImageUnload Info "," 2820 git.exe",6020,,," 2820 git.exe",,,"C:\Windows\System32\bcrypt.dll",,,,,,,,,,,,,,,,,,,,,,,,,,1762784318641530700,,,,,,,,,,,140737279623168,140737279623168,171668,159744,2220160889,,,,,,,,,,,,,,,,,,,,,,,,,,,,,,,,,,,,,,,,,,,,,,,
"2025-11-10 14:18:38.6415407Z","2025-11-10 14:18:38.6415407Z","ETW","Microsoft-Windows-Kernel-Process",6,"ImageUnload Info "," 2820 git.exe",6020,,," 2820 git.exe",,,"C:\Windows\System32\msvcp_win.dll",,,,,,,,,,,,,,,,,,,,,,,,,,1762784318641540700,,,,,,,,,,,140737279819776,140737279819776,659111,643072,958749903,,,,,,,,,,,,,,,,,,,,,,,,,,,,,,,,,,,,,,,,,,,,,,,
"2025-11-10 14:18:38.6415501Z","2025-11-10 14:18:38.6415501Z","ETW","Microsoft-Windows-Kernel-Process",6,"ImageUnload Info "," 2820 git.exe",6020,,," 2820 git.exe",,,"C:\Windows\System32\win32u.dll",,,,,,,,,,,,,,,,,,,,,,,,,,1762784318641550100,,,,,,,,,,,140737281196032,140737281196032,183095,139264,3760910660,,,,,,,,,,,,,,,,,,,,,,,,,,,,,,,,,,,,,,,,,,,,,,,
"2025-11-10 14:18:38.6415597Z","2025-11-10 14:18:38.6415597Z","ETW","Microsoft-Windows-Kernel-Process",6,"ImageUnload Info "," 2820 git.exe",6020,,," 2820 git.exe",,,"C:\Windows\System32\gdi32full.dll",,,,,,,,,,,,,,,,,,,,,,,,,,1762784318641559700,,,,,,,,,,,140737281392640,140737281392640,1167211,1150976,1288019395,,,,,,,,,,,,,,,,,,,,,,,,,,,,,,,,,,,,,,,,,,,,,,,
"2025-11-10 14:18:38.6415695Z","2025-11-10 14:18:38.6415695Z","ETW","Microsoft-Windows-Kernel-Process",6,"ImageUnload Info "," 2820 git.exe",6020,,," 2820 git.exe",,,"C:\Windows\System32\bcryptprimitives.dll",,,,,,,,,,,,,,,,,,,,,,,,,,1762784318641569500,,,,,,,,,,,140737282572288,140737282572288,531569,532480,3309379821,,,,,,,,,,,,,,,,,,,,,,,,,,,,,,,,,,,,,,,,,,,,,,,
"2025-11-10 14:18:38.6415802Z","2025-11-10 14:18:38.6415802Z","ETW","Microsoft-Windows-Kernel-Process",6,"ImageUnload Info "," 2820 git.exe",6020,,," 2820 git.exe",,,"C:\Windows\System32\ucrtbase.dll",,,,,,,,,,,,,,,,,,,,,,,,,,1762784318641580200,,,,,,,,,,,140737283162112,140737283162112,1076532,1048576,2177850761,,,,,,,,,,,,,,,,,,,,,,,,,,,,,,,,,,,,,,,,,,,,,,,
"2025-11-10 14:18:38.6415902Z","2025-11-10 14:18:38.6415902Z","ETW","Microsoft-Windows-Kernel-Process",6,"ImageUnload Info "," 2820 git.exe",6020,,," 2820 git.exe",,,"C:\Windows\System32\ws2_32.dll",,,,,,,,,,,,,,,,,,,,,,,,,,1762784318641590200,,,,,,,,,,,140737305772032,140737305772032,489137,438272,2047685052,,,,,,,,,,,,,,,,,,,,,,,,,,,,,,,,,,,,,,,,,,,,,,,
"2025-11-10 14:18:38.6415999Z","2025-11-10 14:18:38.6415999Z","ETW","Microsoft-Windows-Kernel-Process",6,"ImageUnload Info "," 2820 git.exe",6020,,," 2820 git.exe",,,"C:\Windows\System32\advapi32.dll",,,,,,,,,,,,,,,,,,,,,,,,,,1762784318641599900,,,,,,,,,,,140737306951680,140737306951680,744837,724992,4166620877,,,,,,,,,,,,,,,,,,,,,,,,,,,,,,,,,,,,,,,,,,,,,,,
"2025-11-10 14:18:38.6416093Z","2025-11-10 14:18:38.6416093Z","ETW","Microsoft-Windows-Kernel-Process",6,"ImageUnload Info "," 2820 git.exe",6020,,," 2820 git.exe",,,"C:\Windows\System32\sechost.dll",,,,,,,,,,,,,,,,,,,,,,,,,,1762784318641609300,,,,,,,,,,,140737308262400,140737308262400,647124,651264,2117042745,,,,,,,,,,,,,,,,,,,,,,,,,,,,,,,,,,,,,,,,,,,,,,,
"2025-11-10 14:18:38.6416182Z","2025-11-10 14:18:38.6416182Z","ETW","Microsoft-Windows-Kernel-Process",6,"ImageUnload Info "," 2820 git.exe",6020,,," 2820 git.exe",,,"C:\Windows\System32\imm32.dll",,,,,,,,,,,,,,,,,,,,,,,,,,1762784318641618200,,,,,,,,,,,140737309310976,140737309310976,238320,192512,770155462,,,,,,,,,,,,,,,,,,,,,,,,,,,,,,,,,,,,,,,,,,,,,,,
"2025-11-10 14:18:38.6416274Z","2025-11-10 14:18:38.6416274Z","ETW","Microsoft-Windows-Kernel-Process",6,"ImageUnload Info "," 2820 git.exe",6020,,," 2820 git.exe",,,"C:\Windows\System32\gdi32.dll",,,,,,,,,,,,,,,,,,,,,,,,,,1762784318641627400,,,,,,,,,,,140737309507584,140737309507584,210990,176128,2413768611,,,,,,,,,,,,,,,,,,,,,,,,,,,,,,,,,,,,,,,,,,,,,,,
"2025-11-10 14:18:38.6416365Z","2025-11-10 14:18:38.6416365Z","ETW","Microsoft-Windows-Kernel-Process",6,"ImageUnload Info "," 2820 git.exe",6020,,," 2820 git.exe",,,"C:\Windows\System32\msvcrt.dll",,,,,,,,,,,,,,,,,,,,,,,,,,1762784318641636500,,,,,,,,,,,140737314357248,140737314357248,681663,647168,2616593924,,,,,,,,,,,,,,,,,,,,,,,,,,,,,,,,,,,,,,,,,,,,,,,
"2025-11-10 14:18:38.6416453Z","2025-11-10 14:18:38.6416453Z","ETW","Microsoft-Windows-Kernel-Process",6,"ImageUnload Info "," 2820 git.exe",6020,,," 2820 git.exe",,,"C:\Windows\System32\rpcrt4.dll",,,,,,,,,,,,,,,,,,,,,,,,,,1762784318641645300,,,,,,,,,,,140737317109760,140737317109760,1217917,1179648,2756017066,,,,,,,,,,,,,,,,,,,,,,,,,,,,,,,,,,,,,,,,,,,,,,,
"2025-11-10 14:18:38.6416551Z","2025-11-10 14:18:38.6416551Z","ETW","Microsoft-Windows-Kernel-Process",6,"ImageUnload Info "," 2820 git.exe",6020,,," 2820 git.exe",,,"C:\Windows\System32\KernelBase.dll",,,,,,,,,,,,,,,,,,,,,,,,,,1762784318641655100,,,,,,,,,,,140737318289408,140737318289408,3171178,3104768,1448155220,,,,,,,,,,,,,,,,,,,,,,,,,,,,,,,,,,,,,,,,,,,,,,,
"2025-11-10 14:18:38.6416649Z","2025-11-10 14:18:38.6416649Z","ETW","Microsoft-Windows-Kernel-Process",6,"ImageUnload Info "," 2820 git.exe",6020,,," 2820 git.exe",,,"C:\Windows\System32\kernel32.dll",,,,,,,,,,,,,,,,,,,,,,,,,,1762784318641664900,,,,,,,,,,,140737321435136,140737321435136,801304,794624,4007722010,,,,,,,,,,,,,,,,,,,,,,,,,,,,,,,,,,,,,,,,,,,,,,,
"2025-11-10 14:18:38.6416744Z","2025-11-10 14:18:38.6416744Z","ETW","Microsoft-Windows-Kernel-Process",6,"ImageUnload Info "," 2820 git.exe",6020,,," 2820 git.exe",,,"C:\Windows\System32\user32.dll",,,,,,,,,,,,,,,,,,,,,,,,,,1762784318641674400,,,,,,,,,,,140737322287104,140737322287104,1767867,1708032,1351922499,,,,,,,,,,,,,,,,,,,,,,,,,,,,,,,,,,,,,,,,,,,,,,,
"2025-11-10 14:18:38.6416839Z","2025-11-10 14:18:38.6416839Z","ETW","Microsoft-Windows-Kernel-Process",6,"ImageUnload Info "," 2820 git.exe",6020,,," 2820 git.exe",,,"C:\Windows\System32\ntdll.dll",,,,,,,,,,,,,,,,,,,,,,,,,,1762784318641683900,,,,,,,,,,,140737324318720,140737324318720,2048895,2064384,2127151453,,,,,,,,,,,,,,,,,,,,,,,,,,,,,,,,,,,,,,,,,,,,,,,
"2025-11-10 14:18:38.6416894Z","2025-11-10 14:18:38.6416894Z","ETW","Microsoft-Windows-Kernel-Process",2,"ProcessStop Stop "," 2820 git.exe",6020,,," 2820 git.exe",,,"git.exe",,,,,,,,,,,,,,,,,,,,,,,,,,1762784318641689400,,,,,,,,,,,,,,,,,,,,,,,,134072579185723624,,,,,,,25937,,,,,,,,,,,,,,5877760,35332096,132977229,0,134072579186414258,72,0,22,9,3,2,74,,,,,,
"2025-11-10 14:18:38.6776058Z","2025-11-10 14:18:38.6776058Z","ETW","Microsoft-Windows-Kernel-Audit-API-Calls",5,"PsOpenProcess","  784 bash.exe",388,,,"10364 mintty.exe",,,,,,,,,,,,,,,,,,,,,,,,,,,,,1762784318677605800,,,,,,,,,,,,,,,,64,0,,,,,,,,,,,,,,,,,,,,,,,,,,,,,,,,,,,,,,,,,,,,,
"2025-11-10 14:18:38.6780759Z","2025-11-10 14:18:38.6780759Z","ETW","Microsoft-Windows-Kernel-Audit-API-Calls",5,"PsOpenProcess","  784 bash.exe",388,,," 2392 bash.exe",,,,,,,,,,,,,,,,,,,,,,,,,,,,,1762784318678075900,,,,,,,,,,,,,,,,4096,0,,,,,,,,,,,,,,,,,,,,,,,,,,,,,,,,,,,,,,,,,,,,,
"2025-11-10 14:18:38.6781857Z","2025-11-10 14:18:38.6781857Z","ETW","Microsoft-Windows-Kernel-Audit-API-Calls",5,"PsOpenProcess"," 3032 conhost.exe",5540,,,"  784 bash.exe",,,,,,,,,,,,,,,,,,,,,,,,,,,,,1762784318678185800,,,,,,,,,,,,,,,,33554432,0,,,,,,,,,,,,,,,,,,,,,,,,,,,,,,,,,,,,,,,,,,,,,
"2025-11-10 14:18:38.6783979Z","2025-11-10 14:18:38.6783979Z","ETW","Microsoft-Windows-Kernel-Process",4,"ThreadStop Stop "," 4092 conhost.exe",696,,," 4092 conhost.exe",,,,,,,,,,,,,,,,,,,,,,,,,,,,,1762784318678397900,,18446606103145611264,18446606103145582592,140700242381968,0,115465785344,696,115468664832,115468656640,140700242381968,,,,,,,,,,,62784,,,,,,,,,,,,,,,,,,,,,,,,,,,,,,,,,,,,,,,,,
"2025-11-10 14:18:38.6784125Z","2025-11-10 14:18:38.6784125Z","ETW","Microsoft-Windows-Kernel-Process",4,"ThreadStop Stop "," 4092 conhost.exe",12128,,," 4092 conhost.exe",,,,,,,,,,,,,,,,,,,,,,,,,,,,,1762784318678412500,,18446606103145709568,18446606103145680896,140700242380928,0,115465818112,12128,115470237696,115470229504,140700242380928,,,,,,,,,,,73392,,,,,,,,,,,,,,,,,,,,,,,,,,,,,,,,,,,,,,,,,
"2025-11-10 14:18:38.6784907Z","2025-11-10 14:18:38.6784907Z","ETW","Microsoft-Windows-Kernel-Process",4,"ThreadStop Stop "," 4092 conhost.exe",7476,,," 4092 conhost.exe",,,,,,,,,,,,,,,,,,,,,,,,,,,,,1762784318678490700,,18446606103145512960,18446606103145484288,140700242196320,0,115465801728,7476,115464863744,115464855552,140700242196320,,,,,,,,,,,875206,,,,,,,,,,,,,,,,,,,,,,,,,,,,,,,,,,,,,,,,,
"2025-11-10 14:18:38.6784934Z","2025-11-10 14:18:38.6784934Z","ETW","Microsoft-Windows-Kernel-Process",4,"ThreadStop Stop "," 4092 conhost.exe",9788,,," 4092 conhost.exe",,,,,,,,,,,,,,,,,,,,,,,,,,,,,1762784318678493400,,18446606103145709568,18446606103145680896,140700242095872,0,115465809920,9788,115469713408,115469697024,140700242095872,,,,,,,,,,,10693840,,,,,,,,,,,,,,,,,,,,,,,,,,,,,,,,,,,,,,,,,
"2025-11-10 14:18:38.6785618Z","2025-11-10 14:18:38.6785618Z","ETW","Microsoft-Windows-Kernel-Process",4,"ThreadStop Stop "," 4092 conhost.exe",1268,,," 4092 conhost.exe",,,,,,,,,,,,,,,,,,,,,,,,,,,,,1762784318678561800,,18446606103145447424,18446606103145418752,140737324634384,0,115465793536,1268,115469189120,115469180928,140737324634384,,,,,,,,,,,78356,,,,,,,,,,,,,,,,,,,,,,,,,,,,,,,,,,,,,,,,,
"2025-11-10 14:18:38.6785958Z","2025-11-10 14:18:38.6785958Z","ETW","Microsoft-Windows-Kernel-Process",4,"ThreadStop Stop "," 4092 conhost.exe",10612,,," 4092 conhost.exe",,,,,,,,,,,,,,,,,,,,,,,,,,,,,1762784318678595800,,18446606103145578496,18446606103145549824,140700242153168,0,115465777152,10612,115468140544,115468124160,140700242153168,,,,,,,,,,,13818520,,,,,,,,,,,,,,,,,,,,,,,,,,,,,,,,,,,,,,,,,
"2025-11-10 14:18:38.6786274Z","2025-11-10 14:18:38.6786274Z","ETW","Microsoft-Windows-Kernel-Process",4,"ThreadStop Stop "," 4092 conhost.exe",4000,,," 4092 conhost.exe",,,,,,,,,,,,,,,,,,,,,,,,,,,,,1762784318678627400,,18446606103145414656,18446606103145385984,140737324634384,0,115465768960,4000,115467616256,115467608064,140737324634384,,,,,,,,,,,486810,,,,,,,,,,,,,,,,,,,,,,,,,,,,,,,,,,,,,,,,,
"2025-11-10 14:18:38.6803775Z","2025-11-10 14:18:38.6803775Z","ETW","Microsoft-Windows-Kernel-Process",6,"ImageUnload Info "," 4092 conhost.exe",4000,,," 4092 conhost.exe",,,"C:\Windows\System32\conhost.exe",,,,,,,,,,,,,,,,,,,,,,,,,,1762784318680377500,,,,,,,,,,,140700242083840,140700242083840,907531,897024,2536827738,,,,,,,,,,,,,,,,,,,,,,,,,,,,,,,,,,,,,,,,,,,,,,,
"2025-11-10 14:18:38.6803943Z","2025-11-10 14:18:38.6803943Z","ETW","Microsoft-Windows-Kernel-Process",6,"ImageUnload Info "," 4092 conhost.exe",4000,,," 4092 conhost.exe",,,"C:\Windows\System32\uxtheme.dll",,,,,,,,,,,,,,,,,,,,,,,,,,1762784318680394300,,,,,,,,,,,140737239515136,140737239515136,640454,647168,3697381598,,,,,,,,,,,,,,,,,,,,,,,,,,,,,,,,,,,,,,,,,,,,,,,
"2025-11-10 14:18:38.6804067Z","2025-11-10 14:18:38.6804067Z","ETW","Microsoft-Windows-Kernel-Process",6,"ImageUnload Info "," 4092 conhost.exe",4000,,," 4092 conhost.exe",,,"C:\Windows\System32\bcrypt.dll",,,,,,,,,,,,,,,,,,,,,,,,,,1762784318680406700,,,,,,,,,,,140737279623168,140737279623168,171668,159744,2220160889,,,,,,,,,,,,,,,,,,,,,,,,,,,,,,,,,,,,,,,,,,,,,,,
"2025-11-10 14:18:38.6804175Z","2025-11-10 14:18:38.6804175Z","ETW","Microsoft-Windows-Kernel-Process",6,"ImageUnload Info "," 4092 conhost.exe",4000,,," 4092 conhost.exe",,,"C:\Windows\System32\msvcp_win.dll",,,,,,,,,,,,,,,,,,,,,,,,,,1762784318680417500,,,,,,,,,,,140737279819776,140737279819776,659111,643072,958749903,,,,,,,,,,,,,,,,,,,,,,,,,,,,,,,,,,,,,,,,,,,,,,,
"2025-11-10 14:18:38.6804294Z","2025-11-10 14:18:38.6804294Z","ETW","Microsoft-Windows-Kernel-Process",6,"ImageUnload Info "," 4092 conhost.exe",4000,,," 4092 conhost.exe",,,"C:\Windows\System32\win32u.dll",,,,,,,,,,,,,,,,,,,,,,,,,,1762784318680429400,,,,,,,,,,,140737281196032,140737281196032,183095,139264,3760910660,,,,,,,,,,,,,,,,,,,,,,,,,,,,,,,,,,,,,,,,,,,,,,,
"2025-11-10 14:18:38.6804407Z","2025-11-10 14:18:38.6804407Z","ETW","Microsoft-Windows-Kernel-Process",6,"ImageUnload Info "," 4092 conhost.exe",4000,,," 4092 conhost.exe",,,"C:\Windows\System32\gdi32full.dll",,,,,,,,,,,,,,,,,,,,,,,,,,1762784318680440700,,,,,,,,,,,140737281392640,140737281392640,1167211,1150976,1288019395,,,,,,,,,,,,,,,,,,,,,,,,,,,,,,,,,,,,,,,,,,,,,,,
"2025-11-10 14:18:38.6804521Z","2025-11-10 14:18:38.6804521Z","ETW","Microsoft-Windows-Kernel-Process",6,"ImageUnload Info "," 4092 conhost.exe",4000,,," 4092 conhost.exe",,,"C:\Windows\System32\ucrtbase.dll",,,,,,,,,,,,,,,,,,,,,,,,,,1762784318680452100,,,,,,,,,,,140737283162112,140737283162112,1076532,1048576,2177850761,,,,,,,,,,,,,,,,,,,,,,,,,,,,,,,,,,,,,,,,,,,,,,,
"2025-11-10 14:18:38.6804628Z","2025-11-10 14:18:38.6804628Z","ETW","Microsoft-Windows-Kernel-Process",6,"ImageUnload Info "," 4092 conhost.exe",4000,,," 4092 conhost.exe",,,"C:\Windows\System32\combase.dll",,,,,,,,,,,,,,,,,,,,,,,,,,1762784318680462800,,,,,,,,,,,140737287094272,140737287094272,3535278,3489792,144435709,,,,,,,,,,,,,,,,,,,,,,,,,,,,,,,,,,,,,,,,,,,,,,,
"2025-11-10 14:18:38.6804744Z","2025-11-10 14:18:38.6804744Z","ETW","Microsoft-Windows-Kernel-Process",6,"ImageUnload Info "," 4092 conhost.exe",4000,,," 4092 conhost.exe",,,"C:\Windows\System32\msctf.dll",,,,,,,,,,,,,,,,,,,,,,,,,,1762784318680474400,,,,,,,,,,,140737291616256,140737291616256,1159359,1134592,3815625169,,,,,,,,,,,,,,,,,,,,,,,,,,,,,,,,,,,,,,,,,,,,,,,
"2025-11-10 14:18:38.6804848Z","2025-11-10 14:18:38.6804848Z","ETW","Microsoft-Windows-Kernel-Process",6,"ImageUnload Info "," 4092 conhost.exe",4000,,," 4092 conhost.exe",,,"C:\Windows\System32\SHCore.dll",,,,,,,,,,,,,,,,,,,,,,,,,,1762784318680484800,,,,,,,,,,,140737304985600,140737304985600,705789,708608,3896055862,,,,,,,,,,,,,,,,,,,,,,,,,,,,,,,,,,,,,,,,,,,,,,,
"2025-11-10 14:18:38.6804961Z","2025-11-10 14:18:38.6804961Z","ETW","Microsoft-Windows-Kernel-Process",6,"ImageUnload Info "," 4092 conhost.exe",4000,,," 4092 conhost.exe",,,"C:\Windows\System32\advapi32.dll",,,,,,,,,,,,,,,,,,,,,,,,,,1762784318680496100,,,,,,,,,,,140737306951680,140737306951680,744837,724992,4166620877,,,,,,,,,,,,,,,,,,,,,,,,,,,,,,,,,,,,,,,,,,,,,,,
"2025-11-10 14:18:38.6805069Z","2025-11-10 14:18:38.6805069Z","ETW","Microsoft-Windows-Kernel-Process",6,"ImageUnload Info "," 4092 conhost.exe",4000,,," 4092 conhost.exe",,,"C:\Windows\System32\sechost.dll",,,,,,,,,,,,,,,,,,,,,,,,,,1762784318680506900,,,,,,,,,,,140737308262400,140737308262400,647124,651264,2117042745,,,,,,,,,,,,,,,,,,,,,,,,,,,,,,,,,,,,,,,,,,,,,,,
"2025-11-10 14:18:38.6805170Z","2025-11-10 14:18:38.6805170Z","ETW","Microsoft-Windows-Kernel-Process",6,"ImageUnload Info "," 4092 conhost.exe",4000,,," 4092 conhost.exe",,,"C:\Windows\System32\imm32.dll",,,,,,,,,,,,,,,,,,,,,,,,,,1762784318680517000,,,,,,,,,,,140737309310976,140737309310976,238320,192512,770155462,,,,,,,,,,,,,,,,,,,,,,,,,,,,,,,,,,,,,,,,,,,,,,,
"2025-11-10 14:18:38.6805268Z","2025-11-10 14:18:38.6805268Z","ETW","Microsoft-Windows-Kernel-Process",6,"ImageUnload Info "," 4092 conhost.exe",4000,,," 4092 conhost.exe",,,"C:\Windows\System32\gdi32.dll",,,,,,,,,,,,,,,,,,,,,,,,,,1762784318680526800,,,,,,,,,,,140737309507584,140737309507584,210990,176128,2413768611,,,,,,,,,,,,,,,,,,,,,,,,,,,,,,,,,,,,,,,,,,,,,,,
"2025-11-10 14:18:38.6805379Z","2025-11-10 14:18:38.6805379Z","ETW","Microsoft-Windows-Kernel-Process",6,"ImageUnload Info "," 4092 conhost.exe",4000,,," 4092 conhost.exe",,,"C:\Windows\System32\msvcrt.dll",,,,,,,,,,,,,,,,,,,,,,,,,,1762784318680537900,,,,,,,,,,,140737314357248,140737314357248,681663,647168,2616593924,,,,,,,,,,,,,,,,,,,,,,,,,,,,,,,,,,,,,,,,,,,,,,,
"2025-11-10 14:18:38.6805488Z","2025-11-10 14:18:38.6805488Z","ETW","Microsoft-Windows-Kernel-Process",6,"ImageUnload Info "," 4092 conhost.exe",4000,,," 4092 conhost.exe",,,"C:\Windows\System32\oleaut32.dll",,,,,,,,,,,,,,,,,,,,,,,,,,1762784318680548800,,,,,,,,,,,140737315012608,140737315012608,849765,839680,3559841777,,,,,,,,,,,,,,,,,,,,,,,,,,,,,,,,,,,,,,,,,,,,,,,
"2025-11-10 14:18:38.6805593Z","2025-11-10 14:18:38.6805593Z","ETW","Microsoft-Windows-Kernel-Process",6,"ImageUnload Info "," 4092 conhost.exe",4000,,," 4092 conhost.exe",,,"C:\Windows\System32\rpcrt4.dll",,,,,,,,,,,,,,,,,,,,,,,,,,1762784318680559300,,,,,,,,,,,140737317109760,140737317109760,1217917,1179648,2756017066,,,,,,,,,,,,,,,,,,,,,,,,,,,,,,,,,,,,,,,,,,,,,,,
"2025-11-10 14:18:38.6805703Z","2025-11-10 14:18:38.6805703Z","ETW","Microsoft-Windows-Kernel-Process",6,"ImageUnload Info "," 4092 conhost.exe",4000,,," 4092 conhost.exe",,,"C:\Windows\System32\KernelBase.dll",,,,,,,,,,,,,,,,,,,,,,,,,,1762784318680570300,,,,,,,,,,,140737318289408,140737318289408,3171178,3104768,1448155220,,,,,,,,,,,,,,,,,,,,,,,,,,,,,,,,,,,,,,,,,,,,,,,
"2025-11-10 14:18:38.6805814Z","2025-11-10 14:18:38.6805814Z","ETW","Microsoft-Windows-Kernel-Process",6,"ImageUnload Info "," 4092 conhost.exe",4000,,," 4092 conhost.exe",,,"C:\Windows\System32\kernel32.dll",,,,,,,,,,,,,,,,,,,,,,,,,,1762784318680581400,,,,,,,,,,,140737321435136,140737321435136,801304,794624,4007722010,,,,,,,,,,,,,,,,,,,,,,,,,,,,,,,,,,,,,,,,,,,,,,,
"2025-11-10 14:18:38.6805917Z","2025-11-10 14:18:38.6805917Z","ETW","Microsoft-Windows-Kernel-Process",6,"ImageUnload Info "," 4092 conhost.exe",4000,,," 4092 conhost.exe",,,"C:\Windows\System32\user32.dll",,,,,,,,,,,,,,,,,,,,,,,,,,1762784318680591700,,,,,,,,,,,140737322287104,140737322287104,1767867,1708032,1351922499,,,,,,,,,,,,,,,,,,,,,,,,,,,,,,,,,,,,,,,,,,,,,,,
"2025-11-10 14:18:38.6806018Z","2025-11-10 14:18:38.6806018Z","ETW","Microsoft-Windows-Kernel-Process",6,"ImageUnload Info "," 4092 conhost.exe",4000,,," 4092 conhost.exe",,,"C:\Windows\System32\ntdll.dll",,,,,,,,,,,,,,,,,,,,,,,,,,1762784318680601800,,,,,,,,,,,140737324318720,140737324318720,2048895,2064384,2127151453,,,,,,,,,,,,,,,,,,,,,,,,,,,,,,,,,,,,,,,,,,,,,,,
"2025-11-10 14:18:38.6806110Z","2025-11-10 14:18:38.6806110Z","ETW","Microsoft-Windows-Kernel-Process",2,"ProcessStop Stop "," 4092 conhost.exe",4000,,," 4092 conhost.exe",,,"conhost.exe",,,,,,,,,,,,,,,,,,,,,,,,,,1762784318680611000,,,,,,,,,,,,,,,,,,,,,,,,134072579185025805,,,,,,,25935,,,,,,,,,,,,,,1363968,1400832,50612605,0,134072579186802979,100,0,3,0,3,6,0,,,,,,
"2025-11-10 14:18:38.6824889Z","2025-11-10 14:18:38.6824889Z","ETW","Microsoft-Windows-Kernel-Process",4,"ThreadStop Stop ","  784 bash.exe",588,,,"  784 bash.exe",,,,,,,,,,,,,,,,,,,,,,,,,,,,,1762784318682488900,,18446606103121494016,18446606103121465344,8858653840,0,3878912,588,39976960,39956480,8858653840,,,,,,,,,,,351872,,,,,,,,,,,,,,,,,,,,,,,,,,,,,,,,,,,,,,,,,
"2025-11-10 14:18:38.6825283Z","2025-11-10 14:18:38.6825283Z","ETW","Microsoft-Windows-Kernel-Process",4,"ThreadStop Stop ","  784 bash.exe",388,,,"  784 bash.exe",,,,,,,,,,,,,,,,,,,,,,,,,,,,,1762784318682528300,,18446606103138697216,18446606103138668544,4299165696,0,3854336,388,34359738368,34359672832,4299165696,,,,,,,,,,,82372110,,,,,,,,,,,,,,,,,,,,,,,,,,,,,,,,,,,,,,,,,
"2025-11-10 14:18:38.6827105Z","2025-11-10 14:18:38.6827105Z","ETW","Microsoft-Windows-Kernel-Process",4,"ThreadStop Stop ","  784 bash.exe",5744,,,"  784 bash.exe",,,,,,,,,,,,,,,,,,,,,,,,,,,,,1762784318682710600,,18446606103145250816,18446606103145222144,140737324634384,0,3870720,5744,13107200,13103104,140737324634384,,,,,,,,,,,104836,,,,,,,,,,,,,,,,,,,,,,,,,,,,,,,,,,,,,,,,,
"2025-11-10 14:18:38.6827685Z","2025-11-10 14:18:38.6827685Z","ETW","Microsoft-Windows-Kernel-Process",4,"ThreadStop Stop ","  784 bash.exe",10136,,,"  784 bash.exe",,,,,,,,,,,,,,,,,,,,,,,,,,,,,1762784318682768500,,18446606103145381888,18446606103145353216,140737324634384,0,3862528,10136,11010048,11005952,140737324634384,,,,,,,,,,,1465846,,,,,,,,,,,,,,,,,,,,,,,,,,,,,,,,,,,,,,,,,
"2025-11-10 14:18:38.6830046Z","2025-11-10 14:18:38.6830046Z","ETW","Microsoft-Windows-Kernel-Process",6,"ImageUnload Info ","  784 bash.exe",10136,,,"  784 bash.exe",,,"C:\Program Files\Git\usr\bin\bash.exe",,,,,,,,,,,,,,,,,,,,,,,,,,1762784318683004600,,,,,,,,,,,4299161600,4299161600,2616686,2617344,1727168884,,,,,,,,,,,,,,,,,,,,,,,,,,,,,,,,,,,,,,,,,,,,,,,
"2025-11-10 14:18:38.6830128Z","2025-11-10 14:18:38.6830128Z","ETW","Microsoft-Windows-Kernel-Process",6,"ImageUnload Info ","  784 bash.exe",10136,,,"  784 bash.exe",,,"C:\Program Files\Git\usr\bin\msys-2.0.dll",,,,,,,,,,,,,,,,,,,,,,,,,,1762784318683012800,,,,,,,,,,,8858632192,8858632192,3356844,3530752,1752689865,,,,,,,,,,,,,,,,,,,,,,,,,,,,,,,,,,,,,,,,,,,,,,,
"2025-11-10 14:18:38.6830427Z","2025-11-10 14:18:38.6830427Z","ETW","Microsoft-Windows-Kernel-Process",6,"ImageUnload Info ","  784 bash.exe",10136,,,"  784 bash.exe",,,"C:\Windows\System32\cryptbase.dll",,,,,,,,,,,,,,,,,,,,,,,,,,1762784318683042700,,,,,,,,,,,140737272020992,140737272020992,66383,49152,1678623338,,,,,,,,,,,,,,,,,,,,,,,,,,,,,,,,,,,,,,,,,,,,,,,
"2025-11-10 14:18:38.6830554Z","2025-11-10 14:18:38.6830554Z","ETW","Microsoft-Windows-Kernel-Process",6,"ImageUnload Info ","  784 bash.exe",10136,,,"  784 bash.exe",,,"C:\Windows\System32\bcrypt.dll",,,,,,,,,,,,,,,,,,,,,,,,,,1762784318683055400,,,,,,,,,,,140737279623168,140737279623168,171668,159744,2220160889,,,,,,,,,,,,,,,,,,,,,,,,,,,,,,,,,,,,,,,,,,,,,,,
"2025-11-10 14:18:38.6830678Z","2025-11-10 14:18:38.6830678Z","ETW","Microsoft-Windows-Kernel-Process",6,"ImageUnload Info ","  784 bash.exe",10136,,,"  784 bash.exe",,,"C:\Windows\System32\msvcp_win.dll",,,,,,,,,,,,,,,,,,,,,,,,,,1762784318683067900,,,,,,,,,,,140737279819776,140737279819776,659111,643072,958749903,,,,,,,,,,,,,,,,,,,,,,,,,,,,,,,,,,,,,,,,,,,,,,,
"2025-11-10 14:18:38.6830791Z","2025-11-10 14:18:38.6830791Z","ETW","Microsoft-Windows-Kernel-Process",6,"ImageUnload Info ","  784 bash.exe",10136,,,"  784 bash.exe",,,"C:\Windows\System32\win32u.dll",,,,,,,,,,,,,,,,,,,,,,,,,,1762784318683079100,,,,,,,,,,,140737281196032,140737281196032,183095,139264,3760910660,,,,,,,,,,,,,,,,,,,,,,,,,,,,,,,,,,,,,,,,,,,,,,,
"2025-11-10 14:18:38.6830905Z","2025-11-10 14:18:38.6830905Z","ETW","Microsoft-Windows-Kernel-Process",6,"ImageUnload Info ","  784 bash.exe",10136,,,"  784 bash.exe",,,"C:\Windows\System32\gdi32full.dll",,,,,,,,,,,,,,,,,,,,,,,,,,1762784318683090500,,,,,,,,,,,140737281392640,140737281392640,1167211,1150976,1288019395,,,,,,,,,,,,,,,,,,,,,,,,,,,,,,,,,,,,,,,,,,,,,,,
"2025-11-10 14:18:38.6831013Z","2025-11-10 14:18:38.6831013Z","ETW","Microsoft-Windows-Kernel-Process",6,"ImageUnload Info ","  784 bash.exe",10136,,,"  784 bash.exe",,,"C:\Windows\System32\bcryptprimitives.dll",,,,,,,,,,,,,,,,,,,,,,,,,,1762784318683101300,,,,,,,,,,,140737282572288,140737282572288,531569,532480,3309379821,,,,,,,,,,,,,,,,,,,,,,,,,,,,,,,,,,,,,,,,,,,,,,,
"2025-11-10 14:18:38.6831114Z","2025-11-10 14:18:38.6831114Z","ETW","Microsoft-Windows-Kernel-Process",6,"ImageUnload Info ","  784 bash.exe",10136,,,"  784 bash.exe",,,"C:\Windows\System32\ucrtbase.dll",,,,,,,,,,,,,,,,,,,,,,,,,,1762784318683111400,,,,,,,,,,,140737283162112,140737283162112,1076532,1048576,2177850761,,,,,,,,,,,,,,,,,,,,,,,,,,,,,,,,,,,,,,,,,,,,,,,
"2025-11-10 14:18:38.6831222Z","2025-11-10 14:18:38.6831222Z","ETW","Microsoft-Windows-Kernel-Process",6,"ImageUnload Info ","  784 bash.exe",10136,,,"  784 bash.exe",,,"C:\Windows\System32\advapi32.dll",,,,,,,,,,,,,,,,,,,,,,,,,,1762784318683122200,,,,,,,,,,,140737306951680,140737306951680,744837,724992,4166620877,,,,,,,,,,,,,,,,,,,,,,,,,,,,,,,,,,,,,,,,,,,,,,,
"2025-11-10 14:18:38.6831339Z","2025-11-10 14:18:38.6831339Z","ETW","Microsoft-Windows-Kernel-Process",6,"ImageUnload Info ","  784 bash.exe",10136,,,"  784 bash.exe",,,"C:\Windows\System32\sechost.dll",,,,,,,,,,,,,,,,,,,,,,,,,,1762784318683133900,,,,,,,,,,,140737308262400,140737308262400,647124,651264,2117042745,,,,,,,,,,,,,,,,,,,,,,,,,,,,,,,,,,,,,,,,,,,,,,,
"2025-11-10 14:18:38.6831441Z","2025-11-10 14:18:38.6831441Z","ETW","Microsoft-Windows-Kernel-Process",6,"ImageUnload Info ","  784 bash.exe",10136,,,"  784 bash.exe",,,"C:\Windows\System32\imm32.dll",,,,,,,,,,,,,,,,,,,,,,,,,,1762784318683144100,,,,,,,,,,,140737309310976,140737309310976,238320,192512,770155462,,,,,,,,,,,,,,,,,,,,,,,,,,,,,,,,,,,,,,,,,,,,,,,
"2025-11-10 14:18:38.6831543Z","2025-11-10 14:18:38.6831543Z","ETW","Microsoft-Windows-Kernel-Process",6,"ImageUnload Info ","  784 bash.exe",10136,,,"  784 bash.exe",,,"C:\Windows\System32\gdi32.dll",,,,,,,,,,,,,,,,,,,,,,,,,,1762784318683154300,,,,,,,,,,,140737309507584,140737309507584,210990,176128,2413768611,,,,,,,,,,,,,,,,,,,,,,,,,,,,,,,,,,,,,,,,,,,,,,,
"2025-11-10 14:18:38.6831644Z","2025-11-10 14:18:38.6831644Z","ETW","Microsoft-Windows-Kernel-Process",6,"ImageUnload Info ","  784 bash.exe",10136,,,"  784 bash.exe",,,"C:\Windows\System32\msvcrt.dll",,,,,,,,,,,,,,,,,,,,,,,,,,1762784318683164400,,,,,,,,,,,140737314357248,140737314357248,681663,647168,2616593924,,,,,,,,,,,,,,,,,,,,,,,,,,,,,,,,,,,,,,,,,,,,,,,
"2025-11-10 14:18:38.6831745Z","2025-11-10 14:18:38.6831745Z","ETW","Microsoft-Windows-Kernel-Process",6,"ImageUnload Info ","  784 bash.exe",10136,,,"  784 bash.exe",,,"C:\Windows\System32\rpcrt4.dll",,,,,,,,,,,,,,,,,,,,,,,,,,1762784318683174500,,,,,,,,,,,140737317109760,140737317109760,1217917,1179648,2756017066,,,,,,,,,,,,,,,,,,,,,,,,,,,,,,,,,,,,,,,,,,,,,,,
"2025-11-10 14:18:38.6831857Z","2025-11-10 14:18:38.6831857Z","ETW","Microsoft-Windows-Kernel-Process",6,"ImageUnload Info ","  784 bash.exe",10136,,,"  784 bash.exe",,,"C:\Windows\System32\KernelBase.dll",,,,,,,,,,,,,,,,,,,,,,,,,,1762784318683185700,,,,,,,,,,,140737318289408,140737318289408,3171178,3104768,1448155220,,,,,,,,,,,,,,,,,,,,,,,,,,,,,,,,,,,,,,,,,,,,,,,
"2025-11-10 14:18:38.6831965Z","2025-11-10 14:18:38.6831965Z","ETW","Microsoft-Windows-Kernel-Process",6,"ImageUnload Info ","  784 bash.exe",10136,,,"  784 bash.exe",,,"C:\Windows\System32\kernel32.dll",,,,,,,,,,,,,,,,,,,,,,,,,,1762784318683196500,,,,,,,,,,,140737321435136,140737321435136,801304,794624,4007722010,,,,,,,,,,,,,,,,,,,,,,,,,,,,,,,,,,,,,,,,,,,,,,,
"2025-11-10 14:18:38.6832071Z","2025-11-10 14:18:38.6832071Z","ETW","Microsoft-Windows-Kernel-Process",6,"ImageUnload Info ","  784 bash.exe",10136,,,"  784 bash.exe",,,"C:\Windows\System32\user32.dll",,,,,,,,,,,,,,,,,,,,,,,,,,1762784318683207100,,,,,,,,,,,140737322287104,140737322287104,1767867,1708032,1351922499,,,,,,,,,,,,,,,,,,,,,,,,,,,,,,,,,,,,,,,,,,,,,,,
"2025-11-10 14:18:38.6832171Z","2025-11-10 14:18:38.6832171Z","ETW","Microsoft-Windows-Kernel-Process",6,"ImageUnload Info ","  784 bash.exe",10136,,,"  784 bash.exe",,,"C:\Windows\System32\ntdll.dll",,,,,,,,,,,,,,,,,,,,,,,,,,1762784318683217100,,,,,,,,,,,140737324318720,140737324318720,2048895,2064384,2127151453,,,,,,,,,,,,,,,,,,,,,,,,,,,,,,,,,,,,,,,,,,,,,,,
"2025-11-10 14:18:38.6832241Z","2025-11-10 14:18:38.6832241Z","ETW","Microsoft-Windows-Kernel-Process",2,"ProcessStop Stop ","  784 bash.exe",10136,,,"  784 bash.exe",,,"bash.exe",,,,,,,,,,,,,,,,,,,,,,,,,,1762784318683224200,,,,,,,,,,,,,,,,,,,,,,,,134072579184602154,,,,,,,25934,,,,,,,,,,,,,,7634944,7684096,85395799,0,134072579186829532,148,0,3,1,3,0,0,,,,,,
"2025-11-10 14:18:38.6840764Z","2025-11-10 14:18:38.6840764Z","ETW","Microsoft-Windows-Kernel-Audit-API-Calls",5,"PsOpenProcess"," 2392 bash.exe",4224,,,"10364 mintty.exe",,,,,,,,,,,,,,,,,,,,,,,,,,,,,1762784318684076400,,,,,,,,,,,,,,,,4096,0,,,,,,,,,,,,,,,,,,,,,,,,,,,,,,,,,,,,,,,,,,,,,
"2025-11-10 14:18:38.6843593Z","2025-11-10 14:18:38.6843593Z","ETW","Microsoft-Windows-Kernel-Audit-API-Calls",5,"PsOpenProcess"," 2392 bash.exe",4224,,,"10364 mintty.exe",,,,,,,,,,,,,,,,,,,,,,,,,,,,,1762784318684359300,,,,,,,,,,,,,,,,4096,0,,,,,,,,,,,,,,,,,,,,,,,,,,,,,,,,,,,,,,,,,,,,,
"2025-11-10 14:18:38.6867135Z","2025-11-10 14:18:38.6867135Z","ETW","Microsoft-Windows-Kernel-Process",1,"ProcessStart Start "," 2392 bash.exe",4224,,,"11184 bash.exe",,,"C:\Program Files\Git\usr\bin\bash.exe",,,,,,,,,,,,,,,,,,,,,,,,,,1762784318686713500,,,,,,,,,,,,,2616686,,1727168884,,,,,,,,,134072579186866598,0,"0x","","",2392,24871,25938,3,0,1,,,,,,,,,,,,,,,,,,,,,,,,,,,,
"2025-11-10 14:18:38.6868761Z","2025-11-10 14:18:38.6868761Z","ETW","Microsoft-Windows-Kernel-Audit-API-Calls",6,"PsOpenThread"," 2972 cyserver.exe",7728,,," 2392 bash.exe",4224,,,,,,,,,,,,,,,,,,,,,,,,,,,,1762784318686876100,,,,,,,,,,,,,,,,64,0,,,,,,,,,,,,,,,,,,,,,,,,,,,,,,,,,,,,,,,,,,,,,
"2025-11-10 14:18:38.6868880Z","2025-11-10 14:18:38.6868880Z","ETW","Microsoft-Windows-Kernel-Audit-API-Calls",5,"PsOpenProcess"," 2972 cyserver.exe",7728,,," 2392 bash.exe",,,,,,,,,,,,,,,,,,,,,,,,,,,,,1762784318686888000,,,,,,,,,,,,,,,,1024,0,,,,,,,,,,,,,,,,,,,,,,,,,,,,,,,,,,,,,,,,,,,,,
"2025-11-10 14:18:38.6883478Z","2025-11-10 14:18:38.6883478Z","ETW","Microsoft-Windows-Kernel-Audit-API-Calls",6,"PsOpenThread"," 2972 cyserver.exe",7160,,," 2392 bash.exe",4224,,,,,,,,,,,,,,,,,,,,,,,,,,,,1762784318688347800,,,,,,,,,,,,,,,,64,0,,,,,,,,,,,,,,,,,,,,,,,,,,,,,,,,,,,,,,,,,,,,,
"2025-11-10 14:18:38.6883595Z","2025-11-10 14:18:38.6883595Z","ETW","Microsoft-Windows-Kernel-Audit-API-Calls",5,"PsOpenProcess"," 2972 cyserver.exe",7160,,," 2392 bash.exe",,,,,,,,,,,,,,,,,,,,,,,,,,,,,1762784318688359500,,,,,,,,,,,,,,,,1024,0,,,,,,,,,,,,,,,,,,,,,,,,,,,,,,,,,,,,,,,,,,,,,
"2025-11-10 14:18:38.6915483Z","2025-11-10 14:18:38.6915483Z","ETW","Microsoft-Windows-Kernel-Audit-API-Calls",5,"PsOpenProcess"," 2972 cyserver.exe",7160,,,"11184 bash.exe",,,,,,,,,,,,,,,,,,,,,,,,,,,,,1762784318691548400,,,,,,,,,,,,,,,,2147483648,0,,,,,,,,,,,,,,,,,,,,,,,,,,,,,,,,,,,,,,,,,,,,,
"2025-11-10 14:18:38.6986218Z","2025-11-10 14:18:38.6986218Z","ETW","Microsoft-Windows-Kernel-Process",3,"ThreadStart Start "," 2392 bash.exe",4224,,,"11184 bash.exe",,,,,,,,,,,,,,,,,,,,,,,,,,,,,1762784318698621800,,18446606103145381888,18446606103145353216,4299165696,0,3530752,11988,6291456,6287360,4299165696,,,,,,,,,,,,,,,,,,,,,,,,,,,,,,,,,,,,,,,,,,,,,,,,,,,,
"2025-11-10 14:18:38.6986396Z","2025-11-10 14:18:38.6986396Z","ETW","Microsoft-Windows-Kernel-Audit-API-Calls",6,"PsOpenThread"," 2392 bash.exe",4224,,,"11184 bash.exe",11988,,,,,,,,,,,,,,,,,,,,,,,,,,,,1762784318698639600,,,,,,,,,,,,,,,,64,0,,,,,,,,,,,,,,,,,,,,,,,,,,,,,,,,,,,,,,,,,,,,,
"2025-11-10 14:18:38.6990762Z","2025-11-10 14:18:38.6990762Z","ETW","Microsoft-Windows-Kernel-Audit-API-Calls",5,"PsOpenProcess","  576 csrss.exe",3336,,,"11184 bash.exe",,,,,,,,,,,,,,,,,,,,,,,,,,,,,1762784318699076200,,,,,,,,,,,,,,,,2097151,0,,,,,,,,,,,,,,,,,,,,,,,,,,,,,,,,,,,,,,,,,,,,,
"2025-11-10 14:18:38.6990870Z","2025-11-10 14:18:38.6990870Z","ETW","Microsoft-Windows-Kernel-Audit-API-Calls",6,"PsOpenThread","  576 csrss.exe",3336,,,"11184 bash.exe",11988,,,,,,,,,,,,,,,,,,,,,,,,,,,,1762784318699087000,,,,,,,,,,,,,,,,2097151,0,,,,,,,,,,,,,,,,,,,,,,,,,,,,,,,,,,,,,,,,,,,,,
"2025-11-10 14:18:38.7012121Z","2025-11-10 14:18:38.7012121Z","ETW","Microsoft-Windows-Kernel-Process",5,"ImageLoad Info ","11184 bash.exe",11988,,,"11184 bash.exe",,,"C:\Program Files\Git\usr\bin\bash.exe",,,,,,,,,,,,,,,,,,,,,,,,,,1762784318701212200,,,,,,,,,,,4299161600,4299161600,2616686,2617344,1727168884,,,,,,,,,,,,,,,,,,,,,,,,,,,,,,,,,,,,,,,,,,,,,,,
"2025-11-10 14:18:38.7013926Z","2025-11-10 14:18:38.7013926Z","ETW","Microsoft-Windows-Kernel-Process",5,"ImageLoad Info ","11184 bash.exe",11988,,,"11184 bash.exe",,,"C:\Windows\System32\ntdll.dll",,,,,,,,,,,,,,,,,,,,,,,,,,1762784318701392600,,,,,,,,,,,140737324318720,140737324318720,2048895,2064384,2127151453,,,,,,,,,,,,,,,,,,,,,,,,,,,,,,,,,,,,,,,,,,,,,,,
"2025-11-10 14:18:38.7022195Z","2025-11-10 14:18:38.7022195Z","ETW","Microsoft-Windows-Kernel-Process",5,"ImageLoad Info ","11184 bash.exe",11988,,,"11184 bash.exe",,,"C:\Windows\System32\kernel32.dll",,,,,,,,,,,,,,,,,,,,,,,,,,1762784318702219500,,,,,,,,,,,140737321435136,140737321435136,801304,794624,4007722010,,,,,,,,,,,,,,,,,,,,,,,,,,,,,,,,,,,,,,,,,,,,,,,
"2025-11-10 14:18:38.7025036Z","2025-11-10 14:18:38.7025036Z","ETW","Microsoft-Windows-Kernel-Process",5,"ImageLoad Info ","11184 bash.exe",11988,,,"11184 bash.exe",,,"C:\Windows\System32\KernelBase.dll",,,,,,,,,,,,,,,,,,,,,,,,,,1762784318702503700,,,,,,,,,,,140737318289408,140737318289408,3171178,3104768,1448155220,,,,,,,,,,,,,,,,,,,,,,,,,,,,,,,,,,,,,,,,,,,,,,,
"2025-11-10 14:18:38.7046005Z","2025-11-10 14:18:38.7046005Z","ETW","Microsoft-Windows-Kernel-Audit-API-Calls",5,"PsOpenProcess"," 3032 conhost.exe",5540,,,"11184 bash.exe",,,,,,,,,,,,,,,,,,,,,,,,,,,,,1762784318704600500,,,,,,,,,,,,,,,,33554432,0,,,,,,,,,,,,,,,,,,,,,,,,,,,,,,,,,,,,,,,,,,,,,
"2025-11-10 14:18:38.7054281Z","2025-11-10 14:18:38.7054281Z","ETW","Microsoft-Windows-Kernel-Process",3,"ThreadStart Start ","11184 bash.exe",11988,,,"11184 bash.exe",,,,,,,,,,,,,,,,,,,,,,,,,,,,,1762784318705428200,,18446606103138697216,18446606103138668544,140737324634384,0,3538944,10788,9240576,9236480,140737324634384,,,,,,,,,,,,,,,,,,,,,,,,,,,,,,,,,,,,,,,,,,,,,,,,,,,,
"2025-11-10 14:18:38.7054456Z","2025-11-10 14:18:38.7054456Z","ETW","Microsoft-Windows-Kernel-Audit-API-Calls",6,"PsOpenThread","11184 bash.exe",11988,,,"11184 bash.exe",10788,,,,,,,,,,,,,,,,,,,,,,,,,,,,1762784318705445600,,,,,,,,,,,,,,,,64,0,,,,,,,,,,,,,,,,,,,,,,,,,,,,,,,,,,,,,,,,,,,,,
"2025-11-10 14:18:38.7055077Z","2025-11-10 14:18:38.7055077Z","ETW","Microsoft-Windows-Kernel-Process",5,"ImageLoad Info ","11184 bash.exe",11988,,,"11184 bash.exe",,,"C:\Windows\System32\user32.dll",,,,,,,,,,,,,,,,,,,,,,,,,,1762784318705507700,,,,,,,,,,,140737322287104,140737322287104,1767867,1708032,1351922499,,,,,,,,,,,,,,,,,,,,,,,,,,,,,,,,,,,,,,,,,,,,,,,
"2025-11-10 14:18:38.7057109Z","2025-11-10 14:18:38.7057109Z","ETW","Microsoft-Windows-Kernel-Process",5,"ImageLoad Info ","11184 bash.exe",11988,,,"11184 bash.exe",,,"C:\Windows\System32\win32u.dll",,,,,,,,,,,,,,,,,,,,,,,,,,1762784318705710900,,,,,,,,,,,140737281196032,140737281196032,183095,139264,3760910660,,,,,,,,,,,,,,,,,,,,,,,,,,,,,,,,,,,,,,,,,,,,,,,
"2025-11-10 14:18:38.7058794Z","2025-11-10 14:18:38.7058794Z","ETW","Microsoft-Windows-Kernel-Process",5,"ImageLoad Info ","11184 bash.exe",11988,,,"11184 bash.exe",,,"C:\Windows\System32\gdi32.dll",,,,,,,,,,,,,,,,,,,,,,,,,,1762784318705879400,,,,,,,,,,,140737309507584,140737309507584,210990,176128,2413768611,,,,,,,,,,,,,,,,,,,,,,,,,,,,,,,,,,,,,,,,,,,,,,,
"2025-11-10 14:18:38.7060398Z","2025-11-10 14:18:38.7060398Z","ETW","Microsoft-Windows-Kernel-Process",5,"ImageLoad Info ","11184 bash.exe",11988,,,"11184 bash.exe",,,"C:\Windows\System32\gdi32full.dll",,,,,,,,,,,,,,,,,,,,,,,,,,1762784318706039800,,,,,,,,,,,140737281392640,140737281392640,1167211,1150976,1288019395,,,,,,,,,,,,,,,,,,,,,,,,,,,,,,,,,,,,,,,,,,,,,,,
"2025-11-10 14:18:38.7061892Z","2025-11-10 14:18:38.7061892Z","ETW","Microsoft-Windows-Kernel-Process",5,"ImageLoad Info ","11184 bash.exe",11988,,,"11184 bash.exe",,,"C:\Windows\System32\msvcp_win.dll",,,,,,,,,,,,,,,,,,,,,,,,,,1762784318706189200,,,,,,,,,,,140737279819776,140737279819776,659111,643072,958749903,,,,,,,,,,,,,,,,,,,,,,,,,,,,,,,,,,,,,,,,,,,,,,,
"2025-11-10 14:18:38.7063350Z","2025-11-10 14:18:38.7063350Z","ETW","Microsoft-Windows-Kernel-Process",5,"ImageLoad Info ","11184 bash.exe",11988,,,"11184 bash.exe",,,"C:\Windows\System32\ucrtbase.dll",,,,,,,,,,,,,,,,,,,,,,,,,,1762784318706335000,,,,,,,,,,,140737283162112,140737283162112,1076532,1048576,2177850761,,,,,,,,,,,,,,,,,,,,,,,,,,,,,,,,,,,,,,,,,,,,,,,
"2025-11-10 14:18:38.7067788Z","2025-11-10 14:18:38.7067788Z","ETW","Microsoft-Windows-Kernel-Process",5,"ImageLoad Info ","11184 bash.exe",11988,,,"11184 bash.exe",,,"C:\Program Files\Git\usr\bin\msys-2.0.dll",,,,,,,,,,,,,,,,,,,,,,,,,,1762784318706778800,,,,,,,,,,,8858632192,8858632192,3356844,3530752,1752689865,,,,,,,,,,,,,,,,,,,,,,,,,,,,,,,,,,,,,,,,,,,,,,,
"2025-11-10 14:18:38.7068405Z","2025-11-10 14:18:38.7068405Z","ETW","Microsoft-Windows-Kernel-Audit-API-Calls",6,"PsOpenThread"," 2972 cyserver.exe",7532,,,"11184 bash.exe",11988,,,,,,,,,,,,,,,,,,,,,,,,,,,,1762784318706840500,,,,,,,,,,,,,,,,64,0,,,,,,,,,,,,,,,,,,,,,,,,,,,,,,,,,,,,,,,,,,,,,
"2025-11-10 14:18:38.7068495Z","2025-11-10 14:18:38.7068495Z","ETW","Microsoft-Windows-Kernel-Audit-API-Calls",5,"PsOpenProcess"," 2972 cyserver.exe",7532,,,"11184 bash.exe",,,,,,,,,,,,,,,,,,,,,,,,,,,,,1762784318706849500,,,,,,,,,,,,,,,,1024,0,,,,,,,,,,,,,,,,,,,,,,,,,,,,,,,,,,,,,,,,,,,,,
"2025-11-10 14:18:38.7106707Z","2025-11-10 14:18:38.7106707Z","ETW","Microsoft-Windows-Kernel-Process",3,"ThreadStart Start ","11184 bash.exe",10788,,,"11184 bash.exe",,,,,,,,,,,,,,,,,,,,,,,,,,,,,1762784318710670700,,18446606103145250816,18446606103145222144,140737324634384,0,3547136,2136,11337728,11333632,140737324634384,,,,,,,,,,,,,,,,,,,,,,,,,,,,,,,,,,,,,,,,,,,,,,,,,,,,
"2025-11-10 14:18:38.7106940Z","2025-11-10 14:18:38.7106940Z","ETW","Microsoft-Windows-Kernel-Audit-API-Calls",6,"PsOpenThread","11184 bash.exe",10788,,,"11184 bash.exe",2136,,,,,,,,,,,,,,,,,,,,,,,,,,,,1762784318710694000,,,,,,,,,,,,,,,,64,0,,,,,,,,,,,,,,,,,,,,,,,,,,,,,,,,,,,,,,,,,,,,,
"2025-11-10 14:18:38.7122039Z","2025-11-10 14:18:38.7122039Z","ETW","Microsoft-Windows-Kernel-Process",5,"ImageLoad Info ","11184 bash.exe",11988,,,"11184 bash.exe",,,"C:\Windows\System32\advapi32.dll",,,,,,,,,,,,,,,,,,,,,,,,,,1762784318712203900,,,,,,,,,,,140737306951680,140737306951680,744837,724992,4166620877,,,,,,,,,,,,,,,,,,,,,,,,,,,,,,,,,,,,,,,,,,,,,,,
"2025-11-10 14:18:38.7123958Z","2025-11-10 14:18:38.7123958Z","ETW","Microsoft-Windows-Kernel-Process",5,"ImageLoad Info ","11184 bash.exe",11988,,,"11184 bash.exe",,,"C:\Windows\System32\msvcrt.dll",,,,,,,,,,,,,,,,,,,,,,,,,,1762784318712395800,,,,,,,,,,,140737314357248,140737314357248,681663,647168,2616593924,,,,,,,,,,,,,,,,,,,,,,,,,,,,,,,,,,,,,,,,,,,,,,,
"2025-11-10 14:18:38.7125595Z","2025-11-10 14:18:38.7125595Z","ETW","Microsoft-Windows-Kernel-Process",5,"ImageLoad Info ","11184 bash.exe",11988,,,"11184 bash.exe",,,"C:\Windows\System32\sechost.dll",,,,,,,,,,,,,,,,,,,,,,,,,,1762784318712559500,,,,,,,,,,,140737308262400,140737308262400,647124,651264,2117042745,,,,,,,,,,,,,,,,,,,,,,,,,,,,,,,,,,,,,,,,,,,,,,,
"2025-11-10 14:18:38.7127105Z","2025-11-10 14:18:38.7127105Z","ETW","Microsoft-Windows-Kernel-Process",5,"ImageLoad Info ","11184 bash.exe",11988,,,"11184 bash.exe",,,"C:\Windows\System32\rpcrt4.dll",,,,,,,,,,,,,,,,,,,,,,,,,,1762784318712710500,,,,,,,,,,,140737317109760,140737317109760,1217917,1179648,2756017066,,,,,,,,,,,,,,,,,,,,,,,,,,,,,,,,,,,,,,,,,,,,,,,
"2025-11-10 14:18:38.7129768Z","2025-11-10 14:18:38.7129768Z","ETW","Microsoft-Windows-Kernel-Process",5,"ImageLoad Info ","11184 bash.exe",11988,,,"11184 bash.exe",,,"C:\Windows\System32\bcrypt.dll",,,,,,,,,,,,,,,,,,,,,,,,,,1762784318712976800,,,,,,,,,,,140737279623168,140737279623168,171668,159744,2220160889,,,,,,,,,,,,,,,,,,,,,,,,,,,,,,,,,,,,,,,,,,,,,,,
"2025-11-10 14:18:38.7143442Z","2025-11-10 14:18:38.7143442Z","ETW","Microsoft-Windows-Kernel-Process",5,"ImageLoad Info ","11184 bash.exe",11988,,,"11184 bash.exe",,,"C:\Windows\System32\cryptbase.dll",,,,,,,,,,,,,,,,,,,,,,,,,,1762784318714344200,,,,,,,,,,,140737272020992,140737272020992,66383,49152,1678623338,,,,,,,,,,,,,,,,,,,,,,,,,,,,,,,,,,,,,,,,,,,,,,,
"2025-11-10 14:18:38.7148902Z","2025-11-10 14:18:38.7148902Z","ETW","Microsoft-Windows-Kernel-Process",5,"ImageLoad Info ","11184 bash.exe",11988,,,"11184 bash.exe",,,"C:\Windows\System32\bcryptprimitives.dll",,,,,,,,,,,,,,,,,,,,,,,,,,1762784318714890200,,,,,,,,,,,140737282572288,140737282572288,531569,532480,3309379821,,,,,,,,,,,,,,,,,,,,,,,,,,,,,,,,,,,,,,,,,,,,,,,
"2025-11-10 14:18:38.7158627Z","2025-11-10 14:18:38.7158627Z","ETW","Microsoft-Windows-Kernel-Audit-API-Calls",3,"NtCreateSymbolicLinkObject","11184 bash.exe",11988,,,,,,,,,,,,,,,,,,,,,,,,,,,,,,,,1762784318715862700,,,,,,,,,,,,,,,,983041,0,,,,,,,,,,,,,,,,,,"winpid.11184","1097",,,,,,,,,,,,,,,,,,,,,,,,,,
"2025-11-10 14:18:38.7172199Z","2025-11-10 14:18:38.7172199Z","ETW-TI","Microsoft-Windows-Threat-Intelligence",7,"KERNEL_THREATINT_TASK_PROTECTVM ","11184 bash.exe",11988,,,"11184 bash.exe",,,,,,,,,,,,,,4301500416,134072579186866598,11184,0,0,0,5066549580817746,134072579186866658,11988,"RWX",134072579186866598,0,0,0,5066549580817746,1762784318717219900,,,,,,,,,,,,,,,,,,,,,,,,,,,,,,,,,,,,,"R--",134072579186866598,11184,0,0,0,5066549580817746,110592,,,,,,,,,,,,,,,,,,
"2025-11-10 14:18:38.7172323Z","2025-11-10 14:18:38.7172323Z","ETW-TI","Microsoft-Windows-Threat-Intelligence",7,"KERNEL_THREATINT_TASK_PROTECTVM ","11184 bash.exe",11988,,,"11184 bash.exe",,,,,,,,,,,,,,4301500416,134072579186866598,11184,0,0,0,5066549580817746,134072579186866658,11988,"R--",134072579186866598,0,0,0,5066549580817746,1762784318717232300,,,,,,,,,,,,,,,,,,,,,,,,,,,,,,,,,,,,,"RWX",134072579186866598,11184,0,0,0,5066549580817746,110592,,,,,,,,,,,,,,,,,,
"2025-11-10 14:18:38.7182669Z","2025-11-10 14:18:38.7182669Z","ETW","Microsoft-Windows-Kernel-Process",5,"ImageLoad Info ","11184 bash.exe",11988,,,"11184 bash.exe",,,"C:\Windows\System32\imm32.dll",,,,,,,,,,,,,,,,,,,,,,,,,,1762784318718266900,,,,,,,,,,,140737309310976,140737309310976,238320,192512,770155462,,,,,,,,,,,,,,,,,,,,,,,,,,,,,,,,,,,,,,,,,,,,,,,
"2025-11-10 14:18:38.7194117Z","2025-11-10 14:18:38.7194117Z","ETW","Microsoft-Windows-Kernel-Process",3,"ThreadStart Start ","11184 bash.exe",11988,,,"11184 bash.exe",,,,,,,,,,,,,,,,,,,,,,,,,,,,,1762784318719411700,,18446606103121494016,18446606103121465344,8858653840,0,3555328,11296,38862848,38858752,8858653840,,,,,,,,,,,,,,,,,,,,,,,,,,,,,,,,,,,,,,,,,,,,,,,,,,,,
"2025-11-10 14:18:38.7194339Z","2025-11-10 14:18:38.7194339Z","ETW","Microsoft-Windows-Kernel-Audit-API-Calls",6,"PsOpenThread","11184 bash.exe",11988,,,"11184 bash.exe",11296,,,,,,,,,,,,,,,,,,,,,,,,,,,,1762784318719433900,,,,,,,,,,,,,,,,64,0,,,,,,,,,,,,,,,,,,,,,,,,,,,,,,,,,,,,,,,,,,,,,
"2025-11-10 14:18:38.7201804Z","2025-11-10 14:18:38.7201804Z","ETW","Microsoft-Windows-Kernel-Audit-API-Calls",6,"PsOpenThread"," 2392 bash.exe",5764,,," 2392 bash.exe",5764,,,,,,,,,,,,,,,,,,,,,,,,,,,,1762784318720180400,,,,,,,,,,,,,,,,1024,0,,,,,,,,,,,,,,,,,,,,,,,,,,,,,,,,,,,,,,,,,,,,,
"2025-11-10 14:18:38.7227843Z","2025-11-10 14:18:38.7227843Z","ETW","Microsoft-Windows-Kernel-Audit-API-Calls",6,"PsOpenThread","11184 bash.exe",11296,,,"11184 bash.exe",11296,,,,,,,,,,,,,,,,,,,,,,,,,,,,1762784318722784300,,,,,,,,,,,,,,,,1024,0,,,,,,,,,,,,,,,,,,,,,,,,,,,,,,,,,,,,,,,,,,,,,
"2025-11-10 14:18:38.7235722Z","2025-11-10 14:18:38.7235722Z","ETW","Microsoft-Windows-Kernel-Process",1,"ProcessStart Start ","11184 bash.exe",11988,,," 7972 bash.exe",,,"C:\Program Files\Git\usr\bin\bash.exe",,,,,,,,,,,,,,,,,,,,,,,,,,1762784318723572200,,,,,,,,,,,,,2616686,,1727168884,,,,,,,,,134072579187235231,0,"0x","","",11184,25938,25939,3,0,1,,,,,,,,,,,,,,,,,,,,,,,,,,,,
"2025-11-10 14:18:38.7237067Z","2025-11-10 14:18:38.7237067Z","ETW","Microsoft-Windows-Kernel-Audit-API-Calls",6,"PsOpenThread"," 2972 cyserver.exe",10288,,,"11184 bash.exe",11988,,,,,,,,,,,,,,,,,,,,,,,,,,,,1762784318723706700,,,,,,,,,,,,,,,,64,0,,,,,,,,,,,,,,,,,,,,,,,,,,,,,,,,,,,,,,,,,,,,,
"2025-11-10 14:18:38.7237175Z","2025-11-10 14:18:38.7237175Z","ETW","Microsoft-Windows-Kernel-Audit-API-Calls",5,"PsOpenProcess"," 2972 cyserver.exe",10288,,,"11184 bash.exe",,,,,,,,,,,,,,,,,,,,,,,,,,,,,1762784318723717500,,,,,,,,,,,,,,,,1024,0,,,,,,,,,,,,,,,,,,,,,,,,,,,,,,,,,,,,,,,,,,,,,
"2025-11-10 14:18:38.7248646Z","2025-11-10 14:18:38.7248646Z","ETW","Microsoft-Windows-Kernel-Audit-API-Calls",6,"PsOpenThread"," 2972 cyserver.exe",7728,,,"11184 bash.exe",11988,,,,,,,,,,,,,,,,,,,,,,,,,,,,1762784318724864600,,,,,,,,,,,,,,,,64,0,,,,,,,,,,,,,,,,,,,,,,,,,,,,,,,,,,,,,,,,,,,,,
"2025-11-10 14:18:38.7248740Z","2025-11-10 14:18:38.7248740Z","ETW","Microsoft-Windows-Kernel-Audit-API-Calls",5,"PsOpenProcess"," 2972 cyserver.exe",7728,,,"11184 bash.exe",,,,,,,,,,,,,,,,,,,,,,,,,,,,,1762784318724874000,,,,,,,,,,,,,,,,1024,0,,,,,,,,,,,,,,,,,,,,,,,,,,,,,,,,,,,,,,,,,,,,,
"2025-11-10 14:18:38.7276743Z","2025-11-10 14:18:38.7276743Z","ETW","Microsoft-Windows-Kernel-Audit-API-Calls",5,"PsOpenProcess"," 2972 cyserver.exe",7728,,," 7972 bash.exe",,,,,,,,,,,,,,,,,,,,,,,,,,,,,1762784318727674300,,,,,,,,,,,,,,,,2147483648,0,,,,,,,,,,,,,,,,,,,,,,,,,,,,,,,,,,,,,,,,,,,,,
"2025-11-10 14:18:38.7345791Z","2025-11-10 14:18:38.7345791Z","ETW","Microsoft-Windows-Kernel-Process",3,"ThreadStart Start ","11184 bash.exe",11988,,," 7972 bash.exe",,,,,,,,,,,,,,,,,,,,,,,,,,,,,1762784318734579100,,18446606103145414656,18446606103145385984,4299165696,0,3346432,10004,6291456,6287360,4299165696,,,,,,,,,,,,,,,,,,,,,,,,,,,,,,,,,,,,,,,,,,,,,,,,,,,,
"2025-11-10 14:18:38.7345960Z","2025-11-10 14:18:38.7345960Z","ETW","Microsoft-Windows-Kernel-Audit-API-Calls",6,"PsOpenThread","11184 bash.exe",11988,,," 7972 bash.exe",10004,,,,,,,,,,,,,,,,,,,,,,,,,,,,1762784318734596000,,,,,,,,,,,,,,,,64,0,,,,,,,,,,,,,,,,,,,,,,,,,,,,,,,,,,,,,,,,,,,,,
"2025-11-10 14:18:38.7354816Z","2025-11-10 14:18:38.7354816Z","ETW","Microsoft-Windows-Kernel-Audit-API-Calls",5,"PsOpenProcess","  576 csrss.exe",6036,,," 7972 bash.exe",,,,,,,,,,,,,,,,,,,,,,,,,,,,,1762784318735481600,,,,,,,,,,,,,,,,2097151,0,,,,,,,,,,,,,,,,,,,,,,,,,,,,,,,,,,,,,,,,,,,,,
"2025-11-10 14:18:38.7354920Z","2025-11-10 14:18:38.7354920Z","ETW","Microsoft-Windows-Kernel-Audit-API-Calls",6,"PsOpenThread","  576 csrss.exe",6036,,," 7972 bash.exe",10004,,,,,,,,,,,,,,,,,,,,,,,,,,,,1762784318735492000,,,,,,,,,,,,,,,,2097151,0,,,,,,,,,,,,,,,,,,,,,,,,,,,,,,,,,,,,,,,,,,,,,
"2025-11-10 14:18:38.7375432Z","2025-11-10 14:18:38.7375432Z","ETW","Microsoft-Windows-Kernel-Process",5,"ImageLoad Info "," 7972 bash.exe",10004,,," 7972 bash.exe",,,"C:\Program Files\Git\usr\bin\bash.exe",,,,,,,,,,,,,,,,,,,,,,,,,,1762784318737543200,,,,,,,,,,,4299161600,4299161600,2616686,2617344,1727168884,,,,,,,,,,,,,,,,,,,,,,,,,,,,,,,,,,,,,,,,,,,,,,,
"2025-11-10 14:18:38.7376944Z","2025-11-10 14:18:38.7376944Z","ETW","Microsoft-Windows-Kernel-Process",5,"ImageLoad Info "," 7972 bash.exe",10004,,," 7972 bash.exe",,,"C:\Windows\System32\ntdll.dll",,,,,,,,,,,,,,,,,,,,,,,,,,1762784318737694400,,,,,,,,,,,140737324318720,140737324318720,2048895,2064384,2127151453,,,,,,,,,,,,,,,,,,,,,,,,,,,,,,,,,,,,,,,,,,,,,,,
"2025-11-10 14:18:38.7383820Z","2025-11-10 14:18:38.7383820Z","ETW","Microsoft-Windows-Kernel-Process",5,"ImageLoad Info "," 7972 bash.exe",10004,,," 7972 bash.exe",,,"C:\Windows\System32\kernel32.dll",,,,,,,,,,,,,,,,,,,,,,,,,,1762784318738382000,,,,,,,,,,,140737321435136,140737321435136,801304,794624,4007722010,,,,,,,,,,,,,,,,,,,,,,,,,,,,,,,,,,,,,,,,,,,,,,,
"2025-11-10 14:18:38.7385888Z","2025-11-10 14:18:38.7385888Z","ETW","Microsoft-Windows-Kernel-Process",5,"ImageLoad Info "," 7972 bash.exe",10004,,," 7972 bash.exe",,,"C:\Windows\System32\KernelBase.dll",,,,,,,,,,,,,,,,,,,,,,,,,,1762784318738588800,,,,,,,,,,,140737318289408,140737318289408,3171178,3104768,1448155220,,,,,,,,,,,,,,,,,,,,,,,,,,,,,,,,,,,,,,,,,,,,,,,
"2025-11-10 14:18:38.7474572Z","2025-11-10 14:18:38.7474572Z","ETW","Microsoft-Windows-Kernel-Audit-API-Calls",5,"PsOpenProcess"," 3032 conhost.exe",5540,,," 7972 bash.exe",,,,,,,,,,,,,,,,,,,,,,,,,,,,,1762784318747457200,,,,,,,,,,,,,,,,33554432,0,,,,,,,,,,,,,,,,,,,,,,,,,,,,,,,,,,,,,,,,,,,,,
"2025-11-10 14:18:38.7485874Z","2025-11-10 14:18:38.7485874Z","ETW","Microsoft-Windows-Kernel-Process",3,"ThreadStart Start "," 7972 bash.exe",10004,,," 7972 bash.exe",,,,,,,,,,,,,,,,,,,,,,,,,,,,,1762784318748587400,,18446606103145119744,18446606103145091072,140737324634384,0,3354624,12068,10616832,10612736,140737324634384,,,,,,,,,,,,,,,,,,,,,,,,,,,,,,,,,,,,,,,,,,,,,,,,,,,,
"2025-11-10 14:18:38.7486066Z","2025-11-10 14:18:38.7486066Z","ETW","Microsoft-Windows-Kernel-Audit-API-Calls",6,"PsOpenThread"," 7972 bash.exe",10004,,," 7972 bash.exe",12068,,,,,,,,,,,,,,,,,,,,,,,,,,,,1762784318748606600,,,,,,,,,,,,,,,,64,0,,,,,,,,,,,,,,,,,,,,,,,,,,,,,,,,,,,,,,,,,,,,,
"2025-11-10 14:18:38.7486848Z","2025-11-10 14:18:38.7486848Z","ETW","Microsoft-Windows-Kernel-Process",5,"ImageLoad Info "," 7972 bash.exe",10004,,," 7972 bash.exe",,,"C:\Windows\System32\user32.dll",,,,,,,,,,,,,,,,,,,,,,,,,,1762784318748684800,,,,,,,,,,,140737322287104,140737322287104,1767867,1708032,1351922499,,,,,,,,,,,,,,,,,,,,,,,,,,,,,,,,,,,,,,,,,,,,,,,
"2025-11-10 14:18:38.7489130Z","2025-11-10 14:18:38.7489130Z","ETW","Microsoft-Windows-Kernel-Process",5,"ImageLoad Info "," 7972 bash.exe",10004,,," 7972 bash.exe",,,"C:\Windows\System32\win32u.dll",,,,,,,,,,,,,,,,,,,,,,,,,,1762784318748913000,,,,,,,,,,,140737281196032,140737281196032,183095,139264,3760910660,,,,,,,,,,,,,,,,,,,,,,,,,,,,,,,,,,,,,,,,,,,,,,,
"2025-11-10 14:18:38.7490694Z","2025-11-10 14:18:38.7490694Z","ETW","Microsoft-Windows-Kernel-Process",5,"ImageLoad Info "," 7972 bash.exe",10004,,," 7972 bash.exe",,,"C:\Windows\System32\gdi32.dll",,,,,,,,,,,,,,,,,,,,,,,,,,1762784318749069400,,,,,,,,,,,140737309507584,140737309507584,210990,176128,2413768611,,,,,,,,,,,,,,,,,,,,,,,,,,,,,,,,,,,,,,,,,,,,,,,
"2025-11-10 14:18:38.7492240Z","2025-11-10 14:18:38.7492240Z","ETW","Microsoft-Windows-Kernel-Process",5,"ImageLoad Info "," 7972 bash.exe",10004,,," 7972 bash.exe",,,"C:\Windows\System32\gdi32full.dll",,,,,,,,,,,,,,,,,,,,,,,,,,1762784318749224000,,,,,,,,,,,140737281392640,140737281392640,1167211,1150976,1288019395,,,,,,,,,,,,,,,,,,,,,,,,,,,,,,,,,,,,,,,,,,,,,,,
"2025-11-10 14:18:38.7494518Z","2025-11-10 14:18:38.7494518Z","ETW","Microsoft-Windows-Kernel-Process",5,"ImageLoad Info "," 7972 bash.exe",10004,,," 7972 bash.exe",,,"C:\Windows\System32\msvcp_win.dll",,,,,,,,,,,,,,,,,,,,,,,,,,1762784318749451900,,,,,,,,,,,140737279819776,140737279819776,659111,643072,958749903,,,,,,,,,,,,,,,,,,,,,,,,,,,,,,,,,,,,,,,,,,,,,,,
"2025-11-10 14:18:38.7496313Z","2025-11-10 14:18:38.7496313Z","ETW","Microsoft-Windows-Kernel-Process",5,"ImageLoad Info "," 7972 bash.exe",10004,,," 7972 bash.exe",,,"C:\Windows\System32\ucrtbase.dll",,,,,,,,,,,,,,,,,,,,,,,,,,1762784318749631400,,,,,,,,,,,140737283162112,140737283162112,1076532,1048576,2177850761,,,,,,,,,,,,,,,,,,,,,,,,,,,,,,,,,,,,,,,,,,,,,,,
"2025-11-10 14:18:38.7501529Z","2025-11-10 14:18:38.7501529Z","ETW","Microsoft-Windows-Kernel-Process",5,"ImageLoad Info "," 7972 bash.exe",10004,,," 7972 bash.exe",,,"C:\Program Files\Git\usr\bin\msys-2.0.dll",,,,,,,,,,,,,,,,,,,,,,,,,,1762784318750152900,,,,,,,,,,,8858632192,8858632192,3356844,3530752,1752689865,,,,,,,,,,,,,,,,,,,,,,,,,,,,,,,,,,,,,,,,,,,,,,,
"2025-11-10 14:18:38.7502192Z","2025-11-10 14:18:38.7502192Z","ETW","Microsoft-Windows-Kernel-Audit-API-Calls",6,"PsOpenThread"," 2972 cyserver.exe",7160,,," 7972 bash.exe",10004,,,,,,,,,,,,,,,,,,,,,,,,,,,,1762784318750219200,,,,,,,,,,,,,,,,64,0,,,,,,,,,,,,,,,,,,,,,,,,,,,,,,,,,,,,,,,,,,,,,
"2025-11-10 14:18:38.7502297Z","2025-11-10 14:18:38.7502297Z","ETW","Microsoft-Windows-Kernel-Audit-API-Calls",5,"PsOpenProcess"," 2972 cyserver.exe",7160,,," 7972 bash.exe",,,,,,,,,,,,,,,,,,,,,,,,,,,,,1762784318750229800,,,,,,,,,,,,,,,,1024,0,,,,,,,,,,,,,,,,,,,,,,,,,,,,,,,,,,,,,,,,,,,,,
"2025-11-10 14:18:38.7532301Z","2025-11-10 14:18:38.7532301Z","ETW","Microsoft-Windows-Kernel-Process",5,"ImageLoad Info "," 7972 bash.exe",10004,,," 7972 bash.exe",,,"C:\Windows\System32\advapi32.dll",,,,,,,,,,,,,,,,,,,,,,,,,,1762784318753230100,,,,,,,,,,,140737306951680,140737306951680,744837,724992,4166620877,,,,,,,,,,,,,,,,,,,,,,,,,,,,,,,,,,,,,,,,,,,,,,,
"2025-11-10 14:18:38.7534332Z","2025-11-10 14:18:38.7534332Z","ETW","Microsoft-Windows-Kernel-Process",5,"ImageLoad Info "," 7972 bash.exe",10004,,," 7972 bash.exe",,,"C:\Windows\System32\msvcrt.dll",,,,,,,,,,,,,,,,,,,,,,,,,,1762784318753433200,,,,,,,,,,,140737314357248,140737314357248,681663,647168,2616593924,,,,,,,,,,,,,,,,,,,,,,,,,,,,,,,,,,,,,,,,,,,,,,,
"2025-11-10 14:18:38.7535904Z","2025-11-10 14:18:38.7535904Z","ETW","Microsoft-Windows-Kernel-Process",5,"ImageLoad Info "," 7972 bash.exe",10004,,," 7972 bash.exe",,,"C:\Windows\System32\sechost.dll",,,,,,,,,,,,,,,,,,,,,,,,,,1762784318753590400,,,,,,,,,,,140737308262400,140737308262400,647124,651264,2117042745,,,,,,,,,,,,,,,,,,,,,,,,,,,,,,,,,,,,,,,,,,,,,,,
"2025-11-10 14:18:38.7537640Z","2025-11-10 14:18:38.7537640Z","ETW","Microsoft-Windows-Kernel-Process",5,"ImageLoad Info "," 7972 bash.exe",10004,,," 7972 bash.exe",,,"C:\Windows\System32\rpcrt4.dll",,,,,,,,,,,,,,,,,,,,,,,,,,1762784318753764000,,,,,,,,,,,140737317109760,140737317109760,1217917,1179648,2756017066,,,,,,,,,,,,,,,,,,,,,,,,,,,,,,,,,,,,,,,,,,,,,,,
"2025-11-10 14:18:38.7539393Z","2025-11-10 14:18:38.7539393Z","ETW","Microsoft-Windows-Kernel-Process",5,"ImageLoad Info "," 7972 bash.exe",10004,,," 7972 bash.exe",,,"C:\Windows\System32\bcrypt.dll",,,,,,,,,,,,,,,,,,,,,,,,,,1762784318753939300,,,,,,,,,,,140737279623168,140737279623168,171668,159744,2220160889,,,,,,,,,,,,,,,,,,,,,,,,,,,,,,,,,,,,,,,,,,,,,,,
"2025-11-10 14:18:38.7551324Z","2025-11-10 14:18:38.7551324Z","ETW","Microsoft-Windows-Kernel-Process",5,"ImageLoad Info "," 7972 bash.exe",10004,,," 7972 bash.exe",,,"C:\Windows\System32\cryptbase.dll",,,,,,,,,,,,,,,,,,,,,,,,,,1762784318755132400,,,,,,,,,,,140737272020992,140737272020992,66383,49152,1678623338,,,,,,,,,,,,,,,,,,,,,,,,,,,,,,,,,,,,,,,,,,,,,,,
"2025-11-10 14:18:38.7554475Z","2025-11-10 14:18:38.7554475Z","ETW","Microsoft-Windows-Kernel-Process",5,"ImageLoad Info "," 7972 bash.exe",10004,,," 7972 bash.exe",,,"C:\Windows\System32\bcryptprimitives.dll",,,,,,,,,,,,,,,,,,,,,,,,,,1762784318755447500,,,,,,,,,,,140737282572288,140737282572288,531569,532480,3309379821,,,,,,,,,,,,,,,,,,,,,,,,,,,,,,,,,,,,,,,,,,,,,,,
"2025-11-10 14:18:38.7562669Z","2025-11-10 14:18:38.7562669Z","ETW","Microsoft-Windows-Kernel-Audit-API-Calls",3,"NtCreateSymbolicLinkObject"," 7972 bash.exe",10004,,,,,,,,,,,,,,,,,,,,,,,,,,,,,,,,1762784318756266900,,,,,,,,,,,,,,,,983041,0,,,,,,,,,,,,,,,,,,"winpid.7972","1098",,,,,,,,,,,,,,,,,,,,,,,,,,
"2025-11-10 14:18:38.7574144Z","2025-11-10 14:18:38.7574144Z","ETW-TI","Microsoft-Windows-Threat-Intelligence",7,"KERNEL_THREATINT_TASK_PROTECTVM "," 7972 bash.exe",10004,,," 7972 bash.exe",,,,,,,,,,,,,,4301500416,134072579187235231,7972,0,0,0,5066549580817747,134072579187235278,10004,"RWX",134072579187235231,0,0,0,5066549580817747,1762784318757414400,,,,,,,,,,,,,,,,,,,,,,,,,,,,,,,,,,,,,"R--",134072579187235231,7972,0,0,0,5066549580817747,110592,,,,,,,,,,,,,,,,,,
"2025-11-10 14:18:38.7574255Z","2025-11-10 14:18:38.7574255Z","ETW-TI","Microsoft-Windows-Threat-Intelligence",7,"KERNEL_THREATINT_TASK_PROTECTVM "," 7972 bash.exe",10004,,," 7972 bash.exe",,,,,,,,,,,,,,4301500416,134072579187235231,7972,0,0,0,5066549580817747,134072579187235278,10004,"R--",134072579187235231,0,0,0,5066549580817747,1762784318757425500,,,,,,,,,,,,,,,,,,,,,,,,,,,,,,,,,,,,,"RWX",134072579187235231,7972,0,0,0,5066549580817747,110592,,,,,,,,,,,,,,,,,,
"2025-11-10 14:18:38.7584276Z","2025-11-10 14:18:38.7584276Z","ETW","Microsoft-Windows-Kernel-Process",5,"ImageLoad Info "," 7972 bash.exe",10004,,," 7972 bash.exe",,,"C:\Windows\System32\imm32.dll",,,,,,,,,,,,,,,,,,,,,,,,,,1762784318758427600,,,,,,,,,,,140737309310976,140737309310976,238320,192512,770155462,,,,,,,,,,,,,,,,,,,,,,,,,,,,,,,,,,,,,,,,,,,,,,,
"2025-11-10 14:18:38.7594702Z","2025-11-10 14:18:38.7594702Z","ETW","Microsoft-Windows-Kernel-Process",3,"ThreadStart Start "," 7972 bash.exe",10004,,," 7972 bash.exe",,,,,,,,,,,,,,,,,,,,,,,,,,,,,1762784318759470200,,18446606103145709568,18446606103145680896,8858653840,0,3362816,3264,38862848,38858752,8858653840,,,,,,,,,,,,,,,,,,,,,,,,,,,,,,,,,,,,,,,,,,,,,,,,,,,,
"2025-11-10 14:18:38.7594874Z","2025-11-10 14:18:38.7594874Z","ETW","Microsoft-Windows-Kernel-Audit-API-Calls",6,"PsOpenThread"," 7972 bash.exe",10004,,," 7972 bash.exe",3264,,,,,,,,,,,,,,,,,,,,,,,,,,,,1762784318759487400,,,,,,,,,,,,,,,,64,0,,,,,,,,,,,,,,,,,,,,,,,,,,,,,,,,,,,,,,,,,,,,,
"2025-11-10 14:18:38.7600123Z","2025-11-10 14:18:38.7600123Z","ETW","Microsoft-Windows-Kernel-Process",3,"ThreadStart Start ","11184 bash.exe",11988,,,"11184 bash.exe",,,,,,,,,,,,,,,,,,,,,,,,,,,,,1762784318760012300,,18446606103145578496,18446606103145549824,8858653840,0,3563520,8392,47644672,47640576,8858653840,,,,,,,,,,,,,,,,,,,,,,,,,,,,,,,,,,,,,,,,,,,,,,,,,,,,
"2025-11-10 14:18:38.7600265Z","2025-11-10 14:18:38.7600265Z","ETW","Microsoft-Windows-Kernel-Audit-API-Calls",6,"PsOpenThread","11184 bash.exe",11988,,,"11184 bash.exe",8392,,,,,,,,,,,,,,,,,,,,,,,,,,,,1762784318760026500,,,,,,,,,,,,,,,,64,0,,,,,,,,,,,,,,,,,,,,,,,,,,,,,,,,,,,,,,,,,,,,,
"2025-11-10 14:18:38.7638504Z","2025-11-10 14:18:38.7638504Z","ETW","Microsoft-Windows-Kernel-Process",3,"ThreadStart Start "," 7972 bash.exe",12068,,," 7972 bash.exe",,,,,,,,,,,,,,,,,,,,,,,,,,,,,1762784318763850400,,18446606103145447424,18446606103145418752,140737324634384,0,3371008,4496,40960000,40955904,140737324634384,,,,,,,,,,,,,,,,,,,,,,,,,,,,,,,,,,,,,,,,,,,,,,,,,,,,
"2025-11-10 14:18:38.7638684Z","2025-11-10 14:18:38.7638684Z","ETW","Microsoft-Windows-Kernel-Audit-API-Calls",6,"PsOpenThread"," 7972 bash.exe",12068,,," 7972 bash.exe",4496,,,,,,,,,,,,,,,,,,,,,,,,,,,,1762784318763868400,,,,,,,,,,,,,,,,64,0,,,,,,,,,,,,,,,,,,,,,,,,,,,,,,,,,,,,,,,,,,,,,
"2025-11-10 14:18:38.7640673Z","2025-11-10 14:18:38.7640673Z","ETW","Microsoft-Windows-Kernel-Audit-API-Calls",6,"PsOpenThread"," 7972 bash.exe",3264,,," 7972 bash.exe",3264,,,,,,,,,,,,,,,,,,,,,,,,,,,,1762784318764067400,,,,,,,,,,,,,,,,1024,0,,,,,,,,,,,,,,,,,,,,,,,,,,,,,,,,,,,,,,,,,,,,,
"2025-11-10 14:18:38.7641847Z","2025-11-10 14:18:38.7641847Z","ETW","Microsoft-Windows-Kernel-Audit-API-Calls",6,"PsOpenThread","11184 bash.exe",8392,,,"11184 bash.exe",8392,,,,,,,,,,,,,,,,,,,,,,,,,,,,1762784318764184700,,,,,,,,,,,,,,,,1024,0,,,,,,,,,,,,,,,,,,,,,,,,,,,,,,,,,,,,,,,,,,,,,
"2025-11-10 14:18:38.7648279Z","2025-11-10 14:18:38.7648279Z","ETW","Microsoft-Windows-Kernel-Process",1,"ProcessStart Start "," 7972 bash.exe",10004,,,"10884 bash.exe",,,"C:\Program Files\Git\usr\bin\bash.exe",,,,,,,,,,,,,,,,,,,,,,,,,,1762784318764827900,,,,,,,,,,,,,2616686,,1727168884,,,,,,,,,134072579187647836,0,"0x","","",7972,25939,25940,3,0,1,,,,,,,,,,,,,,,,,,,,,,,,,,,,
"2025-11-10 14:18:38.7649428Z","2025-11-10 14:18:38.7649428Z","ETW","Microsoft-Windows-Kernel-Audit-API-Calls",6,"PsOpenThread"," 2972 cyserver.exe",7532,,," 7972 bash.exe",10004,,,,,,,,,,,,,,,,,,,,,,,,,,,,1762784318764942800,,,,,,,,,,,,,,,,64,0,,,,,,,,,,,,,,,,,,,,,,,,,,,,,,,,,,,,,,,,,,,,,
"2025-11-10 14:18:38.7649520Z","2025-11-10 14:18:38.7649520Z","ETW","Microsoft-Windows-Kernel-Audit-API-Calls",5,"PsOpenProcess"," 2972 cyserver.exe",7532,,," 7972 bash.exe",,,,,,,,,,,,,,,,,,,,,,,,,,,,,1762784318764952000,,,,,,,,,,,,,,,,1024,0,,,,,,,,,,,,,,,,,,,,,,,,,,,,,,,,,,,,,,,,,,,,,
"2025-11-10 14:18:38.7658372Z","2025-11-10 14:18:38.7658372Z","ETW","Microsoft-Windows-Kernel-Audit-API-Calls",6,"PsOpenThread"," 2972 cyserver.exe",10288,,," 7972 bash.exe",10004,,,,,,,,,,,,,,,,,,,,,,,,,,,,1762784318765837200,,,,,,,,,,,,,,,,64,0,,,,,,,,,,,,,,,,,,,,,,,,,,,,,,,,,,,,,,,,,,,,,
"2025-11-10 14:18:38.7658450Z","2025-11-10 14:18:38.7658450Z","ETW","Microsoft-Windows-Kernel-Audit-API-Calls",5,"PsOpenProcess"," 2972 cyserver.exe",10288,,," 7972 bash.exe",,,,,,,,,,,,,,,,,,,,,,,,,,,,,1762784318765845000,,,,,,,,,,,,,,,,1024,0,,,,,,,,,,,,,,,,,,,,,,,,,,,,,,,,,,,,,,,,,,,,,
"2025-11-10 14:18:38.7684444Z","2025-11-10 14:18:38.7684444Z","ETW","Microsoft-Windows-Kernel-Audit-API-Calls",5,"PsOpenProcess"," 2972 cyserver.exe",10288,,,"10884 bash.exe",,,,,,,,,,,,,,,,,,,,,,,,,,,,,1762784318768444400,,,,,,,,,,,,,,,,2147483648,0,,,,,,,,,,,,,,,,,,,,,,,,,,,,,,,,,,,,,,,,,,,,,
"2025-11-10 14:18:38.7752011Z","2025-11-10 14:18:38.7752011Z","ETW","Microsoft-Windows-Kernel-Process",3,"ThreadStart Start "," 7972 bash.exe",10004,,,"10884 bash.exe",,,,,,,,,,,,,,,,,,,,,,,,,,,,,1762784318775201100,,18446606103145512960,18446606103145484288,4299165696,0,2686976,5888,6291456,6287360,4299165696,,,,,,,,,,,,,,,,,,,,,,,,,,,,,,,,,,,,,,,,,,,,,,,,,,,,
"2025-11-10 14:18:38.7752151Z","2025-11-10 14:18:38.7752151Z","ETW","Microsoft-Windows-Kernel-Audit-API-Calls",6,"PsOpenThread"," 7972 bash.exe",10004,,,"10884 bash.exe",5888,,,,,,,,,,,,,,,,,,,,,,,,,,,,1762784318775215100,,,,,,,,,,,,,,,,64,0,,,,,,,,,,,,,,,,,,,,,,,,,,,,,,,,,,,,,,,,,,,,,
"2025-11-10 14:18:38.7761004Z","2025-11-10 14:18:38.7761004Z","ETW","Microsoft-Windows-Kernel-Audit-API-Calls",5,"PsOpenProcess","  576 csrss.exe",688,,,"10884 bash.exe",,,,,,,,,,,,,,,,,,,,,,,,,,,,,1762784318776100400,,,,,,,,,,,,,,,,2097151,0,,,,,,,,,,,,,,,,,,,,,,,,,,,,,,,,,,,,,,,,,,,,,
"2025-11-10 14:18:38.7761114Z","2025-11-10 14:18:38.7761114Z","ETW","Microsoft-Windows-Kernel-Audit-API-Calls",6,"PsOpenThread","  576 csrss.exe",688,,,"10884 bash.exe",5888,,,,,,,,,,,,,,,,,,,,,,,,,,,,1762784318776111400,,,,,,,,,,,,,,,,2097151,0,,,,,,,,,,,,,,,,,,,,,,,,,,,,,,,,,,,,,,,,,,,,,
"2025-11-10 14:18:38.7779693Z","2025-11-10 14:18:38.7779693Z","ETW","Microsoft-Windows-Kernel-Process",5,"ImageLoad Info ","10884 bash.exe",5888,,,"10884 bash.exe",,,"C:\Program Files\Git\usr\bin\bash.exe",,,,,,,,,,,,,,,,,,,,,,,,,,1762784318777969300,,,,,,,,,,,4299161600,4299161600,2616686,2617344,1727168884,,,,,,,,,,,,,,,,,,,,,,,,,,,,,,,,,,,,,,,,,,,,,,,
"2025-11-10 14:18:38.7781069Z","2025-11-10 14:18:38.7781069Z","ETW","Microsoft-Windows-Kernel-Process",5,"ImageLoad Info ","10884 bash.exe",5888,,,"10884 bash.exe",,,"C:\Windows\System32\ntdll.dll",,,,,,,,,,,,,,,,,,,,,,,,,,1762784318778106900,,,,,,,,,,,140737324318720,140737324318720,2048895,2064384,2127151453,,,,,,,,,,,,,,,,,,,,,,,,,,,,,,,,,,,,,,,,,,,,,,,
"2025-11-10 14:18:38.7787297Z","2025-11-10 14:18:38.7787297Z","ETW","Microsoft-Windows-Kernel-Process",5,"ImageLoad Info ","10884 bash.exe",5888,,,"10884 bash.exe",,,"C:\Windows\System32\kernel32.dll",,,,,,,,,,,,,,,,,,,,,,,,,,1762784318778729700,,,,,,,,,,,140737321435136,140737321435136,801304,794624,4007722010,,,,,,,,,,,,,,,,,,,,,,,,,,,,,,,,,,,,,,,,,,,,,,,
"2025-11-10 14:18:38.7789276Z","2025-11-10 14:18:38.7789276Z","ETW","Microsoft-Windows-Kernel-Process",5,"ImageLoad Info ","10884 bash.exe",5888,,,"10884 bash.exe",,,"C:\Windows\System32\KernelBase.dll",,,,,,,,,,,,,,,,,,,,,,,,,,1762784318778927600,,,,,,,,,,,140737318289408,140737318289408,3171178,3104768,1448155220,,,,,,,,,,,,,,,,,,,,,,,,,,,,,,,,,,,,,,,,,,,,,,,
"2025-11-10 14:18:38.7805897Z","2025-11-10 14:18:38.7805897Z","ETW","Microsoft-Windows-Kernel-Audit-API-Calls",5,"PsOpenProcess"," 3032 conhost.exe",5540,,,"10884 bash.exe",,,,,,,,,,,,,,,,,,,,,,,,,,,,,1762784318780589700,,,,,,,,,,,,,,,,33554432,0,,,,,,,,,,,,,,,,,,,,,,,,,,,,,,,,,,,,,,,,,,,,,
"2025-11-10 14:18:38.7815571Z","2025-11-10 14:18:38.7815571Z","ETW","Microsoft-Windows-Kernel-Process",3,"ThreadStart Start ","10884 bash.exe",5888,,,"10884 bash.exe",,,,,,,,,,,,,,,,,,,,,,,,,,,,,1762784318781557200,,18446606103145611264,18446606103145582592,140737324634384,0,2695168,6876,9240576,9236480,140737324634384,,,,,,,,,,,,,,,,,,,,,,,,,,,,,,,,,,,,,,,,,,,,,,,,,,,,
"2025-11-10 14:18:38.7815760Z","2025-11-10 14:18:38.7815760Z","ETW","Microsoft-Windows-Kernel-Audit-API-Calls",6,"PsOpenThread","10884 bash.exe",5888,,,"10884 bash.exe",6876,,,,,,,,,,,,,,,,,,,,,,,,,,,,1762784318781576000,,,,,,,,,,,,,,,,64,0,,,,,,,,,,,,,,,,,,,,,,,,,,,,,,,,,,,,,,,,,,,,,
"2025-11-10 14:18:38.7816459Z","2025-11-10 14:18:38.7816459Z","ETW","Microsoft-Windows-Kernel-Process",5,"ImageLoad Info ","10884 bash.exe",5888,,,"10884 bash.exe",,,"C:\Windows\System32\user32.dll",,,,,,,,,,,,,,,,,,,,,,,,,,1762784318781646000,,,,,,,,,,,140737322287104,140737322287104,1767867,1708032,1351922499,,,,,,,,,,,,,,,,,,,,,,,,,,,,,,,,,,,,,,,,,,,,,,,
"2025-11-10 14:18:38.7818737Z","2025-11-10 14:18:38.7818737Z","ETW","Microsoft-Windows-Kernel-Process",5,"ImageLoad Info ","10884 bash.exe",5888,,,"10884 bash.exe",,,"C:\Windows\System32\win32u.dll",,,,,,,,,,,,,,,,,,,,,,,,,,1762784318781873700,,,,,,,,,,,140737281196032,140737281196032,183095,139264,3760910660,,,,,,,,,,,,,,,,,,,,,,,,,,,,,,,,,,,,,,,,,,,,,,,
"2025-11-10 14:18:38.7820548Z","2025-11-10 14:18:38.7820548Z","ETW","Microsoft-Windows-Kernel-Process",5,"ImageLoad Info ","10884 bash.exe",5888,,,"10884 bash.exe",,,"C:\Windows\System32\gdi32.dll",,,,,,,,,,,,,,,,,,,,,,,,,,1762784318782054800,,,,,,,,,,,140737309507584,140737309507584,210990,176128,2413768611,,,,,,,,,,,,,,,,,,,,,,,,,,,,,,,,,,,,,,,,,,,,,,,
"2025-11-10 14:18:38.7822252Z","2025-11-10 14:18:38.7822252Z","ETW","Microsoft-Windows-Kernel-Process",5,"ImageLoad Info ","10884 bash.exe",5888,,,"10884 bash.exe",,,"C:\Windows\System32\gdi32full.dll",,,,,,,,,,,,,,,,,,,,,,,,,,1762784318782225200,,,,,,,,,,,140737281392640,140737281392640,1167211,1150976,1288019395,,,,,,,,,,,,,,,,,,,,,,,,,,,,,,,,,,,,,,,,,,,,,,,
"2025-11-10 14:18:38.7823974Z","2025-11-10 14:18:38.7823974Z","ETW","Microsoft-Windows-Kernel-Process",5,"ImageLoad Info ","10884 bash.exe",5888,,,"10884 bash.exe",,,"C:\Windows\System32\msvcp_win.dll",,,,,,,,,,,,,,,,,,,,,,,,,,1762784318782397400,,,,,,,,,,,140737279819776,140737279819776,659111,643072,958749903,,,,,,,,,,,,,,,,,,,,,,,,,,,,,,,,,,,,,,,,,,,,,,,
"2025-11-10 14:18:38.7825653Z","2025-11-10 14:18:38.7825653Z","ETW","Microsoft-Windows-Kernel-Process",5,"ImageLoad Info ","10884 bash.exe",5888,,,"10884 bash.exe",,,"C:\Windows\System32\ucrtbase.dll",,,,,,,,,,,,,,,,,,,,,,,,,,1762784318782565300,,,,,,,,,,,140737283162112,140737283162112,1076532,1048576,2177850761,,,,,,,,,,,,,,,,,,,,,,,,,,,,,,,,,,,,,,,,,,,,,,,
"2025-11-10 14:18:38.7830732Z","2025-11-10 14:18:38.7830732Z","ETW","Microsoft-Windows-Kernel-Process",5,"ImageLoad Info ","10884 bash.exe",5888,,,"10884 bash.exe",,,"C:\Program Files\Git\usr\bin\msys-2.0.dll",,,,,,,,,,,,,,,,,,,,,,,,,,1762784318783073200,,,,,,,,,,,8858632192,8858632192,3356844,3530752,1752689865,,,,,,,,,,,,,,,,,,,,,,,,,,,,,,,,,,,,,,,,,,,,,,,
"2025-11-10 14:18:38.7831420Z","2025-11-10 14:18:38.7831420Z","ETW","Microsoft-Windows-Kernel-Audit-API-Calls",6,"PsOpenThread"," 2972 cyserver.exe",7728,,,"10884 bash.exe",5888,,,,,,,,,,,,,,,,,,,,,,,,,,,,1762784318783142000,,,,,,,,,,,,,,,,64,0,,,,,,,,,,,,,,,,,,,,,,,,,,,,,,,,,,,,,,,,,,,,,
"2025-11-10 14:18:38.7831534Z","2025-11-10 14:18:38.7831534Z","ETW","Microsoft-Windows-Kernel-Audit-API-Calls",5,"PsOpenProcess"," 2972 cyserver.exe",7728,,,"10884 bash.exe",,,,,,,,,,,,,,,,,,,,,,,,,,,,,1762784318783153400,,,,,,,,,,,,,,,,1024,0,,,,,,,,,,,,,,,,,,,,,,,,,,,,,,,,,,,,,,,,,,,,,
"2025-11-10 14:18:38.7861880Z","2025-11-10 14:18:38.7861880Z","ETW","Microsoft-Windows-Kernel-Process",5,"ImageLoad Info ","10884 bash.exe",5888,,,"10884 bash.exe",,,"C:\Windows\System32\advapi32.dll",,,,,,,,,,,,,,,,,,,,,,,,,,1762784318786188100,,,,,,,,,,,140737306951680,140737306951680,744837,724992,4166620877,,,,,,,,,,,,,,,,,,,,,,,,,,,,,,,,,,,,,,,,,,,,,,,
"2025-11-10 14:18:38.7863858Z","2025-11-10 14:18:38.7863858Z","ETW","Microsoft-Windows-Kernel-Process",5,"ImageLoad Info ","10884 bash.exe",5888,,,"10884 bash.exe",,,"C:\Windows\System32\msvcrt.dll",,,,,,,,,,,,,,,,,,,,,,,,,,1762784318786385800,,,,,,,,,,,140737314357248,140737314357248,681663,647168,2616593924,,,,,,,,,,,,,,,,,,,,,,,,,,,,,,,,,,,,,,,,,,,,,,,
"2025-11-10 14:18:38.7866227Z","2025-11-10 14:18:38.7866227Z","ETW","Microsoft-Windows-Kernel-Process",5,"ImageLoad Info ","10884 bash.exe",5888,,,"10884 bash.exe",,,"C:\Windows\System32\sechost.dll",,,,,,,,,,,,,,,,,,,,,,,,,,1762784318786622700,,,,,,,,,,,140737308262400,140737308262400,647124,651264,2117042745,,,,,,,,,,,,,,,,,,,,,,,,,,,,,,,,,,,,,,,,,,,,,,,
"2025-11-10 14:18:38.7868638Z","2025-11-10 14:18:38.7868638Z","ETW","Microsoft-Windows-Kernel-Process",5,"ImageLoad Info ","10884 bash.exe",5888,,,"10884 bash.exe",,,"C:\Windows\System32\rpcrt4.dll",,,,,,,,,,,,,,,,,,,,,,,,,,1762784318786863800,,,,,,,,,,,140737317109760,140737317109760,1217917,1179648,2756017066,,,,,,,,,,,,,,,,,,,,,,,,,,,,,,,,,,,,,,,,,,,,,,,
"2025-11-10 14:18:38.7870746Z","2025-11-10 14:18:38.7870746Z","ETW","Microsoft-Windows-Kernel-Process",5,"ImageLoad Info ","10884 bash.exe",5888,,,"10884 bash.exe",,,"C:\Windows\System32\bcrypt.dll",,,,,,,,,,,,,,,,,,,,,,,,,,1762784318787074600,,,,,,,,,,,140737279623168,140737279623168,171668,159744,2220160889,,,,,,,,,,,,,,,,,,,,,,,,,,,,,,,,,,,,,,,,,,,,,,,
"2025-11-10 14:18:38.7884239Z","2025-11-10 14:18:38.7884239Z","ETW","Microsoft-Windows-Kernel-Process",5,"ImageLoad Info ","10884 bash.exe",5888,,,"10884 bash.exe",,,"C:\Windows\System32\cryptbase.dll",,,,,,,,,,,,,,,,,,,,,,,,,,1762784318788423900,,,,,,,,,,,140737272020992,140737272020992,66383,49152,1678623338,,,,,,,,,,,,,,,,,,,,,,,,,,,,,,,,,,,,,,,,,,,,,,,
"2025-11-10 14:18:38.7887470Z","2025-11-10 14:18:38.7887470Z","ETW","Microsoft-Windows-Kernel-Process",5,"ImageLoad Info ","10884 bash.exe",5888,,,"10884 bash.exe",,,"C:\Windows\System32\bcryptprimitives.dll",,,,,,,,,,,,,,,,,,,,,,,,,,1762784318788747000,,,,,,,,,,,140737282572288,140737282572288,531569,532480,3309379821,,,,,,,,,,,,,,,,,,,,,,,,,,,,,,,,,,,,,,,,,,,,,,,
"2025-11-10 14:18:38.7896727Z","2025-11-10 14:18:38.7896727Z","ETW","Microsoft-Windows-Kernel-Audit-API-Calls",3,"NtCreateSymbolicLinkObject","10884 bash.exe",5888,,,,,,,,,,,,,,,,,,,,,,,,,,,,,,,,1762784318789672800,,,,,,,,,,,,,,,,983041,0,,,,,,,,,,,,,,,,,,"winpid.10884","1099",,,,,,,,,,,,,,,,,,,,,,,,,,
"2025-11-10 14:18:38.7910313Z","2025-11-10 14:18:38.7910313Z","ETW-TI","Microsoft-Windows-Threat-Intelligence",7,"KERNEL_THREATINT_TASK_PROTECTVM ","10884 bash.exe",5888,,,"10884 bash.exe",,,,,,,,,,,,,,4301500416,134072579187647836,10884,0,0,0,5066549580817748,134072579187647870,5888,"RWX",134072579187647836,0,0,0,5066549580817748,1762784318791031300,,,,,,,,,,,,,,,,,,,,,,,,,,,,,,,,,,,,,"R--",134072579187647836,10884,0,0,0,5066549580817748,110592,,,,,,,,,,,,,,,,,,
"2025-11-10 14:18:38.7910441Z","2025-11-10 14:18:38.7910441Z","ETW-TI","Microsoft-Windows-Threat-Intelligence",7,"KERNEL_THREATINT_TASK_PROTECTVM ","10884 bash.exe",5888,,,"10884 bash.exe",,,,,,,,,,,,,,4301500416,134072579187647836,10884,0,0,0,5066549580817748,134072579187647870,5888,"R--",134072579187647836,0,0,0,5066549580817748,1762784318791044100,,,,,,,,,,,,,,,,,,,,,,,,,,,,,,,,,,,,,"RWX",134072579187647836,10884,0,0,0,5066549580817748,110592,,,,,,,,,,,,,,,,,,
"2025-11-10 14:18:38.7921510Z","2025-11-10 14:18:38.7921510Z","ETW","Microsoft-Windows-Kernel-Process",5,"ImageLoad Info ","10884 bash.exe",5888,,,"10884 bash.exe",,,"C:\Windows\System32\imm32.dll",,,,,,,,,,,,,,,,,,,,,,,,,,1762784318792151000,,,,,,,,,,,140737309310976,140737309310976,238320,192512,770155462,,,,,,,,,,,,,,,,,,,,,,,,,,,,,,,,,,,,,,,,,,,,,,,
"2025-11-10 14:18:38.7933561Z","2025-11-10 14:18:38.7933561Z","ETW","Microsoft-Windows-Kernel-Process",3,"ThreadStart Start ","10884 bash.exe",5888,,,"10884 bash.exe",,,,,,,,,,,,,,,,,,,,,,,,,,,,,1762784318793356100,,18446606103145644032,18446606103145615360,8858653840,0,2703360,3688,37552128,37548032,8858653840,,,,,,,,,,,,,,,,,,,,,,,,,,,,,,,,,,,,,,,,,,,,,,,,,,,,
"2025-11-10 14:18:38.7933755Z","2025-11-10 14:18:38.7933755Z","ETW","Microsoft-Windows-Kernel-Audit-API-Calls",6,"PsOpenThread","10884 bash.exe",5888,,,"10884 bash.exe",3688,,,,,,,,,,,,,,,,,,,,,,,,,,,,1762784318793375500,,,,,,,,,,,,,,,,64,0,,,,,,,,,,,,,,,,,,,,,,,,,,,,,,,,,,,,,,,,,,,,,
"2025-11-10 14:18:38.7935402Z","2025-11-10 14:18:38.7935402Z","ETW","Microsoft-Windows-Kernel-Process",3,"ThreadStart Start ","10884 bash.exe",6876,,,"10884 bash.exe",,,,,,,,,,,,,,,,,,,,,,,,,,,,,1762784318793540200,,18446606103145676800,18446606103145648128,140737324634384,0,2711552,10428,39649280,39645184,140737324634384,,,,,,,,,,,,,,,,,,,,,,,,,,,,,,,,,,,,,,,,,,,,,,,,,,,,
"2025-11-10 14:18:38.7935527Z","2025-11-10 14:18:38.7935527Z","ETW","Microsoft-Windows-Kernel-Audit-API-Calls",6,"PsOpenThread","10884 bash.exe",6876,,,"10884 bash.exe",10428,,,,,,,,,,,,,,,,,,,,,,,,,,,,1762784318793552800,,,,,,,,,,,,,,,,64,0,,,,,,,,,,,,,,,,,,,,,,,,,,,,,,,,,,,,,,,,,,,,,
"2025-11-10 14:18:38.7940106Z","2025-11-10 14:18:38.7940106Z","ETW","Microsoft-Windows-Kernel-Process",3,"ThreadStart Start "," 7972 bash.exe",10004,,," 7972 bash.exe",,,,,,,,,,,,,,,,,,,,,,,,,,,,,1762784318794010600,,18446606103145480192,18446606103145451520,8858653840,0,3379200,12076,48562176,48558080,8858653840,,,,,,,,,,,,,,,,,,,,,,,,,,,,,,,,,,,,,,,,,,,,,,,,,,,,
"2025-11-10 14:18:38.7940271Z","2025-11-10 14:18:38.7940271Z","ETW","Microsoft-Windows-Kernel-Audit-API-Calls",6,"PsOpenThread"," 7972 bash.exe",10004,,," 7972 bash.exe",12076,,,,,,,,,,,,,,,,,,,,,,,,,,,,1762784318794027100,,,,,,,,,,,,,,,,64,0,,,,,,,,,,,,,,,,,,,,,,,,,,,,,,,,,,,,,,,,,,,,,
"2025-11-10 14:18:38.7945268Z","2025-11-10 14:18:38.7945268Z","ETW","Microsoft-Windows-Kernel-Audit-API-Calls",6,"PsOpenThread","10884 bash.exe",3688,,,"10884 bash.exe",3688,,,,,,,,,,,,,,,,,,,,,,,,,,,,1762784318794526800,,,,,,,,,,,,,,,,1024,0,,,,,,,,,,,,,,,,,,,,,,,,,,,,,,,,,,,,,,,,,,,,,
"2025-11-10 14:18:38.7946037Z","2025-11-10 14:18:38.7946037Z","ETW","Microsoft-Windows-Kernel-Audit-API-Calls",6,"PsOpenThread"," 7972 bash.exe",12076,,," 7972 bash.exe",12076,,,,,,,,,,,,,,,,,,,,,,,,,,,,1762784318794603700,,,,,,,,,,,,,,,,1024,0,,,,,,,,,,,,,,,,,,,,,,,,,,,,,,,,,,,,,,,,,,,,,
"2025-11-10 14:18:38.7999479Z","2025-11-10 14:18:38.7999479Z","ETW","Microsoft-Windows-Kernel-Process",1,"ProcessStart Start ","10884 bash.exe",5888,,," 2824 conhost.exe",,,"C:\Windows\System32\conhost.exe",,,,,,,,,,,,,,,,,,,,,,,,,,1762784318799947900,,,,,,,,,,,,,907531,,2536827738,,,,,,,,,134072579187998940,0,"0x","","",10884,25940,25941,3,0,1,,,,,,,,,,,,,,,,,,,,,,,,,,,,
"2025-11-10 14:18:38.8001581Z","2025-11-10 14:18:38.8001581Z","ETW","Microsoft-Windows-Kernel-Audit-API-Calls",6,"PsOpenThread"," 2972 cyserver.exe",7160,,,"10884 bash.exe",5888,,,,,,,,,,,,,,,,,,,,,,,,,,,,1762784318800158100,,,,,,,,,,,,,,,,64,0,,,,,,,,,,,,,,,,,,,,,,,,,,,,,,,,,,,,,,,,,,,,,
"2025-11-10 14:18:38.8001681Z","2025-11-10 14:18:38.8001681Z","ETW","Microsoft-Windows-Kernel-Audit-API-Calls",5,"PsOpenProcess"," 2972 cyserver.exe",7160,,,"10884 bash.exe",,,,,,,,,,,,,,,,,,,,,,,,,,,,,1762784318800168100,,,,,,,,,,,,,,,,1024,0,,,,,,,,,,,,,,,,,,,,,,,,,,,,,,,,,,,,,,,,,,,,,
"2025-11-10 14:18:38.8011192Z","2025-11-10 14:18:38.8011192Z","ETW","Microsoft-Windows-Kernel-Audit-API-Calls",6,"PsOpenThread"," 2972 cyserver.exe",7532,,,"10884 bash.exe",5888,,,,,,,,,,,,,,,,,,,,,,,,,,,,1762784318801119200,,,,,,,,,,,,,,,,64,0,,,,,,,,,,,,,,,,,,,,,,,,,,,,,,,,,,,,,,,,,,,,,
"2025-11-10 14:18:38.8011273Z","2025-11-10 14:18:38.8011273Z","ETW","Microsoft-Windows-Kernel-Audit-API-Calls",5,"PsOpenProcess"," 2972 cyserver.exe",7532,,,"10884 bash.exe",,,,,,,,,,,,,,,,,,,,,,,,,,,,,1762784318801127300,,,,,,,,,,,,,,,,1024,0,,,,,,,,,,,,,,,,,,,,,,,,,,,,,,,,,,,,,,,,,,,,,
"2025-11-10 14:18:38.8037598Z","2025-11-10 14:18:38.8037598Z","ETW","Microsoft-Windows-Kernel-Audit-API-Calls",5,"PsOpenProcess"," 2972 cyserver.exe",7532,,," 2824 conhost.exe",,,,,,,,,,,,,,,,,,,,,,,,,,,,,1762784318803759800,,,,,,,,,,,,,,,,2147483648,0,,,,,,,,,,,,,,,,,,,,,,,,,,,,,,,,,,,,,,,,,,,,,
"2025-11-10 14:18:38.8113793Z","2025-11-10 14:18:38.8113793Z","ETW","Microsoft-Windows-Kernel-Process",3,"ThreadStart Start ","10884 bash.exe",5888,,," 2824 conhost.exe",,,,,,,,,,,,,,,,,,,,,,,,,,,,,1762784318811379300,,18446606103145775104,18446606103145746432,140700242212704,0,422462361600,3100,422460391424,422460383232,140700242212704,,,,,,,,,,,,,,,,,,,,,,,,,,,,,,,,,,,,,,,,,,,,,,,,,,,,
"2025-11-10 14:18:38.8113968Z","2025-11-10 14:18:38.8113968Z","ETW","Microsoft-Windows-Kernel-Audit-API-Calls",6,"PsOpenThread","10884 bash.exe",5888,,," 2824 conhost.exe",3100,,,,,,,,,,,,,,,,,,,,,,,,,,,,1762784318811396800,,,,,,,,,,,,,,,,64,0,,,,,,,,,,,,,,,,,,,,,,,,,,,,,,,,,,,,,,,,,,,,,
"2025-11-10 14:18:38.8123081Z","2025-11-10 14:18:38.8123081Z","ETW","Microsoft-Windows-Kernel-Audit-API-Calls",5,"PsOpenProcess","  576 csrss.exe",592,,," 2824 conhost.exe",,,,,,,,,,,,,,,,,,,,,,,,,,,,,1762784318812308100,,,,,,,,,,,,,,,,2097151,0,,,,,,,,,,,,,,,,,,,,,,,,,,,,,,,,,,,,,,,,,,,,,
"2025-11-10 14:18:38.8123224Z","2025-11-10 14:18:38.8123224Z","ETW","Microsoft-Windows-Kernel-Audit-API-Calls",6,"PsOpenThread","  576 csrss.exe",592,,," 2824 conhost.exe",3100,,,,,,,,,,,,,,,,,,,,,,,,,,,,1762784318812322500,,,,,,,,,,,,,,,,2097151,0,,,,,,,,,,,,,,,,,,,,,,,,,,,,,,,,,,,,,,,,,,,,,
"2025-11-10 14:18:38.8137388Z","2025-11-10 14:18:38.8137388Z","ETW","Microsoft-Windows-Kernel-Process",1,"ProcessStart Start ","10884 bash.exe",5888,,," 2292 cygwin-console-helper.exe",,,"C:\Program Files\Git\usr\bin\cygwin-console-helper.exe",,,,,,,,,,,,,,,,,,,,,,,,,,1762784318813738800,,,,,,,,,,,,,49333,,1752689865,,,,,,,,,134072579188136933,0,"0x","","",10884,25940,25942,3,0,1,,,,,,,,,,,,,,,,,,,,,,,,,,,,
"2025-11-10 14:18:38.8143937Z","2025-11-10 14:18:38.8143937Z","ETW","Microsoft-Windows-Kernel-Audit-API-Calls",6,"PsOpenThread"," 2972 cyserver.exe",10288,,,"10884 bash.exe",5888,,,,,,,,,,,,,,,,,,,,,,,,,,,,1762784318814393800,,,,,,,,,,,,,,,,64,0,,,,,,,,,,,,,,,,,,,,,,,,,,,,,,,,,,,,,,,,,,,,,
"2025-11-10 14:18:38.8144040Z","2025-11-10 14:18:38.8144040Z","ETW","Microsoft-Windows-Kernel-Audit-API-Calls",5,"PsOpenProcess"," 2972 cyserver.exe",10288,,,"10884 bash.exe",,,,,,,,,,,,,,,,,,,,,,,,,,,,,1762784318814404000,,,,,,,,,,,,,,,,1024,0,,,,,,,,,,,,,,,,,,,,,,,,,,,,,,,,,,,,,,,,,,,,,
"2025-11-10 14:18:38.8155056Z","2025-11-10 14:18:38.8155056Z","ETW","Microsoft-Windows-Kernel-Audit-API-Calls",6,"PsOpenThread"," 2972 cyserver.exe",7728,,,"10884 bash.exe",5888,,,,,,,,,,,,,,,,,,,,,,,,,,,,1762784318815505600,,,,,,,,,,,,,,,,64,0,,,,,,,,,,,,,,,,,,,,,,,,,,,,,,,,,,,,,,,,,,,,,
"2025-11-10 14:18:38.8155172Z","2025-11-10 14:18:38.8155172Z","ETW","Microsoft-Windows-Kernel-Audit-API-Calls",5,"PsOpenProcess"," 2972 cyserver.exe",7728,,,"10884 bash.exe",,,,,,,,,,,,,,,,,,,,,,,,,,,,,1762784318815517200,,,,,,,,,,,,,,,,1024,0,,,,,,,,,,,,,,,,,,,,,,,,,,,,,,,,,,,,,,,,,,,,,
"2025-11-10 14:18:38.8186571Z","2025-11-10 14:18:38.8186571Z","ETW","Microsoft-Windows-Kernel-Audit-API-Calls",5,"PsOpenProcess"," 2972 cyserver.exe",7728,,," 2292 cygwin-console-helper.exe",,,,,,,,,,,,,,,,,,,,,,,,,,,,,1762784318818657100,,,,,,,,,,,,,,,,2147483648,0,,,,,,,,,,,,,,,,,,,,,,,,,,,,,,,,,,,,,,,,,,,,,
"2025-11-10 14:18:38.8192269Z","2025-11-10 14:18:38.8192269Z","ETW","Microsoft-Windows-Kernel-Process",5,"ImageLoad Info "," 2824 conhost.exe",3100,,," 2824 conhost.exe",,,"C:\Windows\System32\conhost.exe",,,,,,,,,,,,,,,,,,,,,,,,,,1762784318819226900,,,,,,,,,,,140700242083840,140700242083840,907531,897024,2536827738,,,,,,,,,,,,,,,,,,,,,,,,,,,,,,,,,,,,,,,,,,,,,,,
"2025-11-10 14:18:38.8193903Z","2025-11-10 14:18:38.8193903Z","ETW","Microsoft-Windows-Kernel-Process",5,"ImageLoad Info "," 2824 conhost.exe",3100,,," 2824 conhost.exe",,,"C:\Windows\System32\ntdll.dll",,,,,,,,,,,,,,,,,,,,,,,,,,1762784318819390300,,,,,,,,,,,140737324318720,140737324318720,2048895,2064384,2127151453,,,,,,,,,,,,,,,,,,,,,,,,,,,,,,,,,,,,,,,,,,,,,,,
"2025-11-10 14:18:38.8202015Z","2025-11-10 14:18:38.8202015Z","ETW","Microsoft-Windows-Kernel-Process",5,"ImageLoad Info "," 2824 conhost.exe",3100,,," 2824 conhost.exe",,,"C:\Windows\System32\kernel32.dll",,,,,,,,,,,,,,,,,,,,,,,,,,1762784318820201500,,,,,,,,,,,140737321435136,140737321435136,801304,794624,4007722010,,,,,,,,,,,,,,,,,,,,,,,,,,,,,,,,,,,,,,,,,,,,,,,
"2025-11-10 14:18:38.8209923Z","2025-11-10 14:18:38.8209923Z","ETW","Microsoft-Windows-Kernel-Process",5,"ImageLoad Info "," 2824 conhost.exe",3100,,," 2824 conhost.exe",,,"C:\Windows\System32\KernelBase.dll",,,,,,,,,,,,,,,,,,,,,,,,,,1762784318820992300,,,,,,,,,,,140737318289408,140737318289408,3171178,3104768,1448155220,,,,,,,,,,,,,,,,,,,,,,,,,,,,,,,,,,,,,,,,,,,,,,,
"2025-11-10 14:18:38.8229683Z","2025-11-10 14:18:38.8229683Z","ETW","Microsoft-Windows-Kernel-Process",5,"ImageLoad Info "," 2824 conhost.exe",3100,,," 2824 conhost.exe",,,"C:\Windows\System32\msvcp_win.dll",,,,,,,,,,,,,,,,,,,,,,,,,,1762784318822968300,,,,,,,,,,,140737279819776,140737279819776,659111,643072,958749903,,,,,,,,,,,,,,,,,,,,,,,,,,,,,,,,,,,,,,,,,,,,,,,
"2025-11-10 14:18:38.8231914Z","2025-11-10 14:18:38.8231914Z","ETW","Microsoft-Windows-Kernel-Process",5,"ImageLoad Info "," 2824 conhost.exe",3100,,," 2824 conhost.exe",,,"C:\Windows\System32\ucrtbase.dll",,,,,,,,,,,,,,,,,,,,,,,,,,1762784318823191400,,,,,,,,,,,140737283162112,140737283162112,1076532,1048576,2177850761,,,,,,,,,,,,,,,,,,,,,,,,,,,,,,,,,,,,,,,,,,,,,,,
"2025-11-10 14:18:38.8233952Z","2025-11-10 14:18:38.8233952Z","ETW","Microsoft-Windows-Kernel-Process",3,"ThreadStart Start "," 2824 conhost.exe",3100,,," 2824 conhost.exe",,,,,,,,,,,,,,,,,,,,,,,,,,,,,1762784318823395200,,18446606103145873408,18446606103145844736,140737324634384,0,422462369792,11228,422463406080,422463397888,140737324634384,,,,,,,,,,,,,,,,,,,,,,,,,,,,,,,,,,,,,,,,,,,,,,,,,,,,
"2025-11-10 14:18:38.8234123Z","2025-11-10 14:18:38.8234123Z","ETW","Microsoft-Windows-Kernel-Audit-API-Calls",6,"PsOpenThread"," 2824 conhost.exe",3100,,," 2824 conhost.exe",11228,,,,,,,,,,,,,,,,,,,,,,,,,,,,1762784318823412300,,,,,,,,,,,,,,,,64,0,,,,,,,,,,,,,,,,,,,,,,,,,,,,,,,,,,,,,,,,,,,,,
"2025-11-10 14:18:38.8234926Z","2025-11-10 14:18:38.8234926Z","ETW","Microsoft-Windows-Kernel-Process",5,"ImageLoad Info "," 2824 conhost.exe",3100,,," 2824 conhost.exe",,,"C:\Windows\System32\SHCore.dll",,,,,,,,,,,,,,,,,,,,,,,,,,1762784318823492600,,,,,,,,,,,140737304985600,140737304985600,705789,708608,3896055862,,,,,,,,,,,,,,,,,,,,,,,,,,,,,,,,,,,,,,,,,,,,,,,
"2025-11-10 14:18:38.8237066Z","2025-11-10 14:18:38.8237066Z","ETW","Microsoft-Windows-Kernel-Process",5,"ImageLoad Info "," 2824 conhost.exe",3100,,," 2824 conhost.exe",,,"C:\Windows\System32\msvcrt.dll",,,,,,,,,,,,,,,,,,,,,,,,,,1762784318823706600,,,,,,,,,,,140737314357248,140737314357248,681663,647168,2616593924,,,,,,,,,,,,,,,,,,,,,,,,,,,,,,,,,,,,,,,,,,,,,,,
"2025-11-10 14:18:38.8239140Z","2025-11-10 14:18:38.8239140Z","ETW","Microsoft-Windows-Kernel-Process",5,"ImageLoad Info "," 2824 conhost.exe",3100,,," 2824 conhost.exe",,,"C:\Windows\System32\combase.dll",,,,,,,,,,,,,,,,,,,,,,,,,,1762784318823914000,,,,,,,,,,,140737287094272,140737287094272,3535278,3489792,144435709,,,,,,,,,,,,,,,,,,,,,,,,,,,,,,,,,,,,,,,,,,,,,,,
"2025-11-10 14:18:38.8241623Z","2025-11-10 14:18:38.8241623Z","ETW","Microsoft-Windows-Kernel-Process",5,"ImageLoad Info "," 2824 conhost.exe",3100,,," 2824 conhost.exe",,,"C:\Windows\System32\rpcrt4.dll",,,,,,,,,,,,,,,,,,,,,,,,,,1762784318824162300,,,,,,,,,,,140737317109760,140737317109760,1217917,1179648,2756017066,,,,,,,,,,,,,,,,,,,,,,,,,,,,,,,,,,,,,,,,,,,,,,,
"2025-11-10 14:18:38.8243825Z","2025-11-10 14:18:38.8243825Z","ETW","Microsoft-Windows-Kernel-Process",5,"ImageLoad Info "," 2824 conhost.exe",3100,,," 2824 conhost.exe",,,"C:\Windows\System32\advapi32.dll",,,,,,,,,,,,,,,,,,,,,,,,,,1762784318824382500,,,,,,,,,,,140737306951680,140737306951680,744837,724992,4166620877,,,,,,,,,,,,,,,,,,,,,,,,,,,,,,,,,,,,,,,,,,,,,,,
"2025-11-10 14:18:38.8245511Z","2025-11-10 14:18:38.8245511Z","ETW","Microsoft-Windows-Kernel-Process",5,"ImageLoad Info "," 2824 conhost.exe",3100,,," 2824 conhost.exe",,,"C:\Windows\System32\sechost.dll",,,,,,,,,,,,,,,,,,,,,,,,,,1762784318824551100,,,,,,,,,,,140737308262400,140737308262400,647124,651264,2117042745,,,,,,,,,,,,,,,,,,,,,,,,,,,,,,,,,,,,,,,,,,,,,,,
"2025-11-10 14:18:38.8247205Z","2025-11-10 14:18:38.8247205Z","ETW","Microsoft-Windows-Kernel-Process",5,"ImageLoad Info "," 2824 conhost.exe",3100,,," 2824 conhost.exe",,,"C:\Windows\System32\bcrypt.dll",,,,,,,,,,,,,,,,,,,,,,,,,,1762784318824720500,,,,,,,,,,,140737279623168,140737279623168,171668,159744,2220160889,,,,,,,,,,,,,,,,,,,,,,,,,,,,,,,,,,,,,,,,,,,,,,,
"2025-11-10 14:18:38.8259043Z","2025-11-10 14:18:38.8259043Z","ETW","Microsoft-Windows-Kernel-Process",3,"ThreadStart Start "," 2824 conhost.exe",11228,,," 2824 conhost.exe",,,,,,,,,,,,,,,,,,,,,,,,,,,,,1762784318825904300,,18446606103145906176,18446606103145877504,140737324634384,0,422462377984,5716,422463930368,422463922176,140737324634384,,,,,,,,,,,,,,,,,,,,,,,,,,,,,,,,,,,,,,,,,,,,,,,,,,,,
"2025-11-10 14:18:38.8259257Z","2025-11-10 14:18:38.8259257Z","ETW","Microsoft-Windows-Kernel-Audit-API-Calls",6,"PsOpenThread"," 2824 conhost.exe",11228,,," 2824 conhost.exe",5716,,,,,,,,,,,,,,,,,,,,,,,,,,,,1762784318825925700,,,,,,,,,,,,,,,,64,0,,,,,,,,,,,,,,,,,,,,,,,,,,,,,,,,,,,,,,,,,,,,,
"2025-11-10 14:18:38.8274407Z","2025-11-10 14:18:38.8274407Z","ETW","Microsoft-Windows-Kernel-Process",3,"ThreadStart Start "," 2824 conhost.exe",3100,,," 2824 conhost.exe",,,,,,,,,,,,,,,,,,,,,,,,,,,,,1762784318827440700,,18446606103145938944,18446606103145910272,140700242153168,0,422462386176,11956,422464454656,422464446464,140700242153168,,,,,,,,,,,,,,,,,,,,,,,,,,,,,,,,,,,,,,,,,,,,,,,,,,,,
"2025-11-10 14:18:38.8274577Z","2025-11-10 14:18:38.8274577Z","ETW","Microsoft-Windows-Kernel-Audit-API-Calls",6,"PsOpenThread"," 2824 conhost.exe",3100,,," 2824 conhost.exe",11956,,,,,,,,,,,,,,,,,,,,,,,,,,,,1762784318827457700,,,,,,,,,,,,,,,,64,0,,,,,,,,,,,,,,,,,,,,,,,,,,,,,,,,,,,,,,,,,,,,,
"2025-11-10 14:18:38.8275197Z","2025-11-10 14:18:38.8275197Z","ETW","Microsoft-Windows-Kernel-Process",3,"ThreadStart Start "," 2824 conhost.exe",3100,,," 2824 conhost.exe",,,,,,,,,,,,,,,,,,,,,,,,,,,,,1762784318827519700,,18446606103145971712,18446606103145943040,140700242381968,0,422462394368,10332,422464978944,422464970752,140700242381968,,,,,,,,,,,,,,,,,,,,,,,,,,,,,,,,,,,,,,,,,,,,,,,,,,,,
"2025-11-10 14:18:38.8275292Z","2025-11-10 14:18:38.8275292Z","ETW","Microsoft-Windows-Kernel-Audit-API-Calls",6,"PsOpenThread"," 2824 conhost.exe",3100,,," 2824 conhost.exe",10332,,,,,,,,,,,,,,,,,,,,,,,,,,,,1762784318827529200,,,,,,,,,,,,,,,,64,0,,,,,,,,,,,,,,,,,,,,,,,,,,,,,,,,,,,,,,,,,,,,,
"2025-11-10 14:18:38.8276061Z","2025-11-10 14:18:38.8276061Z","ETW","Microsoft-Windows-Kernel-Process",4,"ThreadStop Stop "," 2824 conhost.exe",5716,,," 2824 conhost.exe",,,,,,,,,,,,,,,,,,,,,,,,,,,,,1762784318827606100,,18446606103145906176,18446606103145877504,140737324634384,0,422462377984,5716,422463930368,422463922176,140737324634384,,,,,,,,,,,47544,,,,,,,,,,,,,,,,,,,,,,,,,,,,,,,,,,,,,,,,,
"2025-11-10 14:18:38.8276872Z","2025-11-10 14:18:38.8276872Z","ETW","Microsoft-Windows-Kernel-Process",4,"ThreadStop Stop "," 2824 conhost.exe",11228,,," 2824 conhost.exe",,,,,,,,,,,,,,,,,,,,,,,,,,,,,1762784318827687200,,18446606103145873408,18446606103145844736,140737324634384,0,422462369792,11228,422463406080,422463397888,140737324634384,,,,,,,,,,,434328,,,,,,,,,,,,,,,,,,,,,,,,,,,,,,,,,,,,,,,,,
"2025-11-10 14:18:38.8277437Z","2025-11-10 14:18:38.8277437Z","ETW","Microsoft-Windows-Kernel-Process",4,"ThreadStop Stop "," 2824 conhost.exe",3100,,," 2824 conhost.exe",,,,,,,,,,,,,,,,,,,,,,,,,,,,,1762784318827743700,,18446606103145775104,18446606103145746432,140700242212704,0,422462361600,3100,422460391424,422460379136,140700242212704,,,,,,,,,,,21768826,,,,,,,,,,,,,,,,,,,,,,,,,,,,,,,,,,,,,,,,,
"2025-11-10 14:18:38.8368696Z","2025-11-10 14:18:38.8368696Z","ETW","Microsoft-Windows-Kernel-Process",3,"ThreadStart Start ","10884 bash.exe",5888,,," 2292 cygwin-console-helper.exe",,,,,,,,,,,,,,,,,,,,,,,,,,,,,1762784318836869600,,18446606103145807872,18446606103145779200,140700799865856,0,708428738560,10148,708432625664,708432621568,140700799865856,,,,,,,,,,,,,,,,,,,,,,,,,,,,,,,,,,,,,,,,,,,,,,,,,,,,
"2025-11-10 14:18:38.8368880Z","2025-11-10 14:18:38.8368880Z","ETW","Microsoft-Windows-Kernel-Audit-API-Calls",6,"PsOpenThread","10884 bash.exe",5888,,," 2292 cygwin-console-helper.exe",10148,,,,,,,,,,,,,,,,,,,,,,,,,,,,1762784318836888000,,,,,,,,,,,,,,,,64,0,,,,,,,,,,,,,,,,,,,,,,,,,,,,,,,,,,,,,,,,,,,,,
"2025-11-10 14:18:38.8384830Z","2025-11-10 14:18:38.8384830Z","ETW","Microsoft-Windows-Kernel-Audit-API-Calls",5,"PsOpenProcess","  576 csrss.exe",6036,,," 2292 cygwin-console-helper.exe",,,,,,,,,,,,,,,,,,,,,,,,,,,,,1762784318838483000,,,,,,,,,,,,,,,,2097151,0,,,,,,,,,,,,,,,,,,,,,,,,,,,,,,,,,,,,,,,,,,,,,
"2025-11-10 14:18:38.8384947Z","2025-11-10 14:18:38.8384947Z","ETW","Microsoft-Windows-Kernel-Audit-API-Calls",6,"PsOpenThread","  576 csrss.exe",6036,,," 2292 cygwin-console-helper.exe",10148,,,,,,,,,,,,,,,,,,,,,,,,,,,,1762784318838494700,,,,,,,,,,,,,,,,2097151,0,,,,,,,,,,,,,,,,,,,,,,,,,,,,,,,,,,,,,,,,,,,,,
"2025-11-10 14:18:38.8407305Z","2025-11-10 14:18:38.8407305Z","ETW","Microsoft-Windows-Kernel-Process",5,"ImageLoad Info "," 2292 cygwin-console-helper.exe",10148,,," 2292 cygwin-console-helper.exe",,,"C:\Program Files\Git\usr\bin\cygwin-console-helper.exe",,,,,,,,,,,,,,,,,,,,,,,,,,1762784318840730500,,,,,,,,,,,140700799860736,140700799860736,49333,73728,1752689865,,,,,,,,,,,,,,,,,,,,,,,,,,,,,,,,,,,,,,,,,,,,,,,
"2025-11-10 14:18:38.8409202Z","2025-11-10 14:18:38.8409202Z","ETW","Microsoft-Windows-Kernel-Process",5,"ImageLoad Info "," 2292 cygwin-console-helper.exe",10148,,," 2292 cygwin-console-helper.exe",,,"C:\Windows\System32\ntdll.dll",,,,,,,,,,,,,,,,,,,,,,,,,,1762784318840920200,,,,,,,,,,,140737324318720,140737324318720,2048895,2064384,2127151453,,,,,,,,,,,,,,,,,,,,,,,,,,,,,,,,,,,,,,,,,,,,,,,
"2025-11-10 14:18:38.8416427Z","2025-11-10 14:18:38.8416427Z","ETW","Microsoft-Windows-Kernel-Process",5,"ImageLoad Info "," 2292 cygwin-console-helper.exe",10148,,," 2292 cygwin-console-helper.exe",,,"C:\Windows\System32\kernel32.dll",,,,,,,,,,,,,,,,,,,,,,,,,,1762784318841642700,,,,,,,,,,,140737321435136,140737321435136,801304,794624,4007722010,,,,,,,,,,,,,,,,,,,,,,,,,,,,,,,,,,,,,,,,,,,,,,,
"2025-11-10 14:18:38.8418889Z","2025-11-10 14:18:38.8418889Z","ETW","Microsoft-Windows-Kernel-Process",5,"ImageLoad Info "," 2292 cygwin-console-helper.exe",10148,,," 2292 cygwin-console-helper.exe",,,"C:\Windows\System32\KernelBase.dll",,,,,,,,,,,,,,,,,,,,,,,,,,1762784318841888900,,,,,,,,,,,140737318289408,140737318289408,3171178,3104768,1448155220,,,,,,,,,,,,,,,,,,,,,,,,,,,,,,,,,,,,,,,,,,,,,,,
"2025-11-10 14:18:38.8446055Z","2025-11-10 14:18:38.8446055Z","ETW","Microsoft-Windows-Kernel-Audit-API-Calls",5,"PsOpenProcess"," 2824 conhost.exe",11956,,," 2292 cygwin-console-helper.exe",,,,,,,,,,,,,,,,,,,,,,,,,,,,,1762784318844605500,,,,,,,,,,,,,,,,33554432,0,,,,,,,,,,,,,,,,,,,,,,,,,,,,,,,,,,,,,,,,,,,,,
"2025-11-10 14:18:38.8447056Z","2025-11-10 14:18:38.8447056Z","ETW","Microsoft-Windows-Kernel-Process",5,"ImageLoad Info "," 2824 conhost.exe",11956,,," 2824 conhost.exe",,,"C:\Windows\System32\user32.dll",,,,,,,,,,,,,,,,,,,,,,,,,,1762784318844705600,,,,,,,,,,,140737322287104,140737322287104,1767867,1708032,1351922499,,,,,,,,,,,,,,,,,,,,,,,,,,,,,,,,,,,,,,,,,,,,,,,
"2025-11-10 14:18:38.8449548Z","2025-11-10 14:18:38.8449548Z","ETW","Microsoft-Windows-Kernel-Process",5,"ImageLoad Info "," 2824 conhost.exe",11956,,," 2824 conhost.exe",,,"C:\Windows\System32\win32u.dll",,,,,,,,,,,,,,,,,,,,,,,,,,1762784318844954800,,,,,,,,,,,140737281196032,140737281196032,183095,139264,3760910660,,,,,,,,,,,,,,,,,,,,,,,,,,,,,,,,,,,,,,,,,,,,,,,
"2025-11-10 14:18:38.8451630Z","2025-11-10 14:18:38.8451630Z","ETW","Microsoft-Windows-Kernel-Process",5,"ImageLoad Info "," 2824 conhost.exe",11956,,," 2824 conhost.exe",,,"C:\Windows\System32\gdi32.dll",,,,,,,,,,,,,,,,,,,,,,,,,,1762784318845163000,,,,,,,,,,,140737309507584,140737309507584,210990,176128,2413768611,,,,,,,,,,,,,,,,,,,,,,,,,,,,,,,,,,,,,,,,,,,,,,,
"2025-11-10 14:18:38.8453643Z","2025-11-10 14:18:38.8453643Z","ETW","Microsoft-Windows-Kernel-Process",5,"ImageLoad Info "," 2824 conhost.exe",11956,,," 2824 conhost.exe",,,"C:\Windows\System32\gdi32full.dll",,,,,,,,,,,,,,,,,,,,,,,,,,1762784318845364300,,,,,,,,,,,140737281392640,140737281392640,1167211,1150976,1288019395,,,,,,,,,,,,,,,,,,,,,,,,,,,,,,,,,,,,,,,,,,,,,,,
"2025-11-10 14:18:38.8456165Z","2025-11-10 14:18:38.8456165Z","ETW","Microsoft-Windows-Kernel-Process",3,"ThreadStart Start "," 2824 conhost.exe",11956,,," 2824 conhost.exe",,,,,,,,,,,,,,,,,,,,,,,,,,,,,1762784318845616500,,18446606103145775104,18446606103145746432,140737324634384,0,422462402560,7872,422460391424,422460383232,140737324634384,,,,,,,,,,,,,,,,,,,,,,,,,,,,,,,,,,,,,,,,,,,,,,,,,,,,
"2025-11-10 14:18:38.8456373Z","2025-11-10 14:18:38.8456373Z","ETW","Microsoft-Windows-Kernel-Audit-API-Calls",6,"PsOpenThread"," 2824 conhost.exe",11956,,," 2824 conhost.exe",7872,,,,,,,,,,,,,,,,,,,,,,,,,,,,1762784318845637300,,,,,,,,,,,,,,,,64,0,,,,,,,,,,,,,,,,,,,,,,,,,,,,,,,,,,,,,,,,,,,,,
"2025-11-10 14:18:38.8461034Z","2025-11-10 14:18:38.8461034Z","ETW","Microsoft-Windows-Kernel-Audit-API-Calls",6,"PsOpenThread","  576 csrss.exe",592,,," 2824 conhost.exe",11956,,,,,,,,,,,,,,,,,,,,,,,,,,,,1762784318846103400,,,,,,,,,,,,,,,,2097151,0,,,,,,,,,,,,,,,,,,,,,,,,,,,,,,,,,,,,,,,,,,,,,
"2025-11-10 14:18:38.8464739Z","2025-11-10 14:18:38.8464739Z","ETW","Microsoft-Windows-Kernel-Process",5,"ImageLoad Info "," 2824 conhost.exe",11956,,," 2824 conhost.exe",,,"C:\Windows\System32\imm32.dll",,,,,,,,,,,,,,,,,,,,,,,,,,1762784318846473900,,,,,,,,,,,140737309310976,140737309310976,238320,192512,770155462,,,,,,,,,,,,,,,,,,,,,,,,,,,,,,,,,,,,,,,,,,,,,,,
"2025-11-10 14:18:38.8473780Z","2025-11-10 14:18:38.8473780Z","ETW","Microsoft-Windows-Kernel-Process",3,"ThreadStart Start "," 2824 conhost.exe",7872,,," 2824 conhost.exe",,,,,,,,,,,,,,,,,,,,,,,,,,,,,1762784318847378000,,18446606103145906176,18446606103145877504,140737324634384,0,422462410752,9768,422463406080,422463397888,140737324634384,,,,,,,,,,,,,,,,,,,,,,,,,,,,,,,,,,,,,,,,,,,,,,,,,,,,
"2025-11-10 14:18:38.8474351Z","2025-11-10 14:18:38.8474351Z","ETW","Microsoft-Windows-Kernel-Audit-API-Calls",6,"PsOpenThread"," 2824 conhost.exe",7872,,," 2824 conhost.exe",9768,,,,,,,,,,,,,,,,,,,,,,,,,,,,1762784318847435100,,,,,,,,,,,,,,,,64,0,,,,,,,,,,,,,,,,,,,,,,,,,,,,,,,,,,,,,,,,,,,,,
"2025-11-10 14:18:38.8486237Z","2025-11-10 14:18:38.8486237Z","ETW","Microsoft-Windows-Kernel-Process",3,"ThreadStart Start "," 2824 conhost.exe",11956,,," 2824 conhost.exe",,,,,,,,,,,,,,,,,,,,,,,,,,,,,1762784318848623700,,18446606103145873408,18446606103145844736,140700242196320,0,422462418944,6176,422463930368,422463922176,140700242196320,,,,,,,,,,,,,,,,,,,,,,,,,,,,,,,,,,,,,,,,,,,,,,,,,,,,
"2025-11-10 14:18:38.8486392Z","2025-11-10 14:18:38.8486392Z","ETW","Microsoft-Windows-Kernel-Audit-API-Calls",6,"PsOpenThread"," 2824 conhost.exe",11956,,," 2824 conhost.exe",6176,,,,,,,,,,,,,,,,,,,,,,,,,,,,1762784318848639200,,,,,,,,,,,,,,,,64,0,,,,,,,,,,,,,,,,,,,,,,,,,,,,,,,,,,,,,,,,,,,,,
"2025-11-10 14:18:38.8486934Z","2025-11-10 14:18:38.8486934Z","ETW","Microsoft-Windows-Kernel-Process",3,"ThreadStart Start "," 2824 conhost.exe",11956,,," 2824 conhost.exe",,,,,,,,,,,,,,,,,,,,,,,,,,,,,1762784318848693400,,18446606103146004480,18446606103145975808,140700242095872,0,422462427136,6344,422465503232,422465495040,140700242095872,,,,,,,,,,,,,,,,,,,,,,,,,,,,,,,,,,,,,,,,,,,,,,,,,,,,
"2025-11-10 14:18:38.8487015Z","2025-11-10 14:18:38.8487015Z","ETW","Microsoft-Windows-Kernel-Audit-API-Calls",6,"PsOpenThread"," 2824 conhost.exe",11956,,," 2824 conhost.exe",6344,,,,,,,,,,,,,,,,,,,,,,,,,,,,1762784318848701500,,,,,,,,,,,,,,,,64,0,,,,,,,,,,,,,,,,,,,,,,,,,,,,,,,,,,,,,,,,,,,,,
"2025-11-10 14:18:38.8497015Z","2025-11-10 14:18:38.8497015Z","ETW","Microsoft-Windows-Kernel-Process",5,"ImageLoad Info "," 2824 conhost.exe",6344,,," 2824 conhost.exe",,,"C:\Windows\System32\uxtheme.dll",,,,,,,,,,,,,,,,,,,,,,,,,,1762784318849701500,,,,,,,,,,,140737239515136,140737239515136,640454,647168,3697381598,,,,,,,,,,,,,,,,,,,,,,,,,,,,,,,,,,,,,,,,,,,,,,,
"2025-11-10 14:18:38.8497452Z","2025-11-10 14:18:38.8497452Z","ETW","Microsoft-Windows-Kernel-Audit-API-Calls",6,"PsOpenThread"," 4936 AggregatorHost.exe",11096,,," 2956 svchost.exe",10880,,,,,,,,,,,,,,,,,,,,,,,,,,,,1762784318849745200,,,,,,,,,,,,,,,,2048,0,,,,,,,,,,,,,,,,,,,,,,,,,,,,,,,,,,,,,,,,,,,,,
"2025-11-10 14:18:38.8502418Z","2025-11-10 14:18:38.8502418Z","ETW","Microsoft-Windows-Kernel-Audit-API-Calls",5,"PsOpenProcess"," 1400 svchost.exe",1528,,," 2824 conhost.exe",,,,,,,,,,,,,,,,,,,,,,,,,,,,,1762784318850241800,,,,,,,,,,,,,,,,5240,0,,,,,,,,,,,,,,,,,,,,,,,,,,,,,,,,,,,,,,,,,,,,,
"2025-11-10 14:18:38.8503947Z","2025-11-10 14:18:38.8503947Z","ETW","Microsoft-Windows-Kernel-Audit-API-Calls",6,"PsOpenThread"," 4936 AggregatorHost.exe",5536,,," 2956 svchost.exe",10880,,,,,,,,,,,,,,,,,,,,,,,,,,,,1762784318850394700,,,,,,,,,,,,,,,,2048,0,,,,,,,,,,,,,,,,,,,,,,,,,,,,,,,,,,,,,,,,,,,,,
"2025-11-10 14:18:38.8504807Z","2025-11-10 14:18:38.8504807Z","ETW","Microsoft-Windows-Kernel-Audit-API-Calls",6,"PsOpenThread"," 1400 svchost.exe",6992,,," 2824 conhost.exe",6344,,,,,,,,,,,,,,,,,,,,,,,,,,,,1762784318850480700,,,,,,,,,,,,,,,,64,0,,,,,,,,,,,,,,,,,,,,,,,,,,,,,,,,,,,,,,,,,,,,,
"2025-11-10 14:18:38.8505056Z","2025-11-10 14:18:38.8505056Z","ETW","Microsoft-Windows-Kernel-Audit-API-Calls",5,"PsOpenProcess"," 1400 svchost.exe",6992,,," 2824 conhost.exe",,,,,,,,,,,,,,,,,,,,,,,,,,,,,1762784318850505600,,,,,,,,,,,,,,,,1024,0,,,,,,,,,,,,,,,,,,,,,,,,,,,,,,,,,,,,,,,,,,,,,
"2025-11-10 14:18:38.8507041Z","2025-11-10 14:18:38.8507041Z","ETW","Microsoft-Windows-Kernel-Audit-API-Calls",6,"PsOpenThread"," 4936 AggregatorHost.exe",5536,,," 2956 svchost.exe",10880,,,,,,,,,,,,,,,,,,,,,,,,,,,,1762784318850704100,,,,,,,,,,,,,,,,2048,0,,,,,,,,,,,,,,,,,,,,,,,,,,,,,,,,,,,,,,,,,,,,,
"2025-11-10 14:18:38.8507824Z","2025-11-10 14:18:38.8507824Z","ETW","Microsoft-Windows-Kernel-Audit-API-Calls",6,"PsOpenThread"," 4936 AggregatorHost.exe",5536,,," 2956 svchost.exe",10880,,,,,,,,,,,,,,,,,,,,,,,,,,,,1762784318850782400,,,,,,,,,,,,,,,,2048,0,,,,,,,,,,,,,,,,,,,,,,,,,,,,,,,,,,,,,,,,,,,,,
"2025-11-10 14:18:38.8508690Z","2025-11-10 14:18:38.8508690Z","ETW","Microsoft-Windows-Kernel-Audit-API-Calls",6,"PsOpenThread"," 4936 AggregatorHost.exe",5536,,," 2956 svchost.exe",10880,,,,,,,,,,,,,,,,,,,,,,,,,,,,1762784318850869000,,,,,,,,,,,,,,,,2048,0,,,,,,,,,,,,,,,,,,,,,,,,,,,,,,,,,,,,,,,,,,,,,
"2025-11-10 14:18:38.8512591Z","2025-11-10 14:18:38.8512591Z","ETW","Microsoft-Windows-Kernel-Process",5,"ImageLoad Info "," 2824 conhost.exe",6344,,," 2824 conhost.exe",,,"C:\Windows\System32\msctf.dll",,,,,,,,,,,,,,,,,,,,,,,,,,1762784318851259100,,,,,,,,,,,140737291616256,140737291616256,1159359,1134592,3815625169,,,,,,,,,,,,,,,,,,,,,,,,,,,,,,,,,,,,,,,,,,,,,,,
"2025-11-10 14:18:38.8515095Z","2025-11-10 14:18:38.8515095Z","ETW","Microsoft-Windows-Kernel-Process",5,"ImageLoad Info "," 2824 conhost.exe",6344,,," 2824 conhost.exe",,,"C:\Windows\System32\oleaut32.dll",,,,,,,,,,,,,,,,,,,,,,,,,,1762784318851509500,,,,,,,,,,,140737315012608,140737315012608,849765,839680,3559841777,,,,,,,,,,,,,,,,,,,,,,,,,,,,,,,,,,,,,,,,,,,,,,,
"2025-11-10 14:18:38.8527268Z","2025-11-10 14:18:38.8527268Z","ETW","Microsoft-Windows-Kernel-Audit-API-Calls",5,"PsOpenProcess"," 6464 explorer.exe",4280,,," 2824 conhost.exe",,,,,,,,,,,,,,,,,,,,,,,,,,,,,1762784318852726800,,,,,,,,,,,,,,,,4096,0,,,,,,,,,,,,,,,,,,,,,,,,,,,,,,,,,,,,,,,,,,,,,
"2025-11-10 14:18:38.8528414Z","2025-11-10 14:18:38.8528414Z","ETW","Microsoft-Windows-Kernel-Audit-API-Calls",6,"PsOpenThread","  576 csrss.exe",688,,," 2824 conhost.exe",6344,,,,,,,,,,,,,,,,,,,,,,,,,,,,1762784318852841400,,,,,,,,,,,,,,,,2097151,0,,,,,,,,,,,,,,,,,,,,,,,,,,,,,,,,,,,,,,,,,,,,,
"2025-11-10 14:18:38.8540721Z","2025-11-10 14:18:38.8540721Z","ETW","Microsoft-Windows-Kernel-Audit-API-Calls",5,"PsOpenProcess"," 6464 explorer.exe",4280,,," 2824 conhost.exe",,,,,,,,,,,,,,,,,,,,,,,,,,,,,1762784318854072100,,,,,,,,,,,,,,,,4096,0,,,,,,,,,,,,,,,,,,,,,,,,,,,,,,,,,,,,,,,,,,,,,
"2025-11-10 14:18:38.8649079Z","2025-11-10 14:18:38.8649079Z","ETW","Microsoft-Windows-Kernel-Audit-API-Calls",5,"PsOpenProcess","10364 mintty.exe",3580,,,"10364 mintty.exe",,,,,,,,,,,,,,,,,,,,,,,,,,,,,1762784318864907900,,,,,,,,,,,,,,,,64,0,,,,,,,,,,,,,,,,,,,,,,,,,,,,,,,,,,,,,,,,,,,,,
"2025-11-10 14:18:38.8650225Z","2025-11-10 14:18:38.8650225Z","ETW","Microsoft-Windows-Kernel-Audit-API-Calls",6,"PsOpenThread","10364 mintty.exe",5868,,,"10364 mintty.exe",5868,,,,,,,,,,,,,,,,,,,,,,,,,,,,1762784318865022500,,,,,,,,,,,,,,,,1024,0,,,,,,,,,,,,,,,,,,,,,,,,,,,,,,,,,,,,,,,,,,,,,
"2025-11-10 14:18:38.8651840Z","2025-11-10 14:18:38.8651840Z","ETW","Microsoft-Windows-Kernel-Process",3,"ThreadStart Start "," 2824 conhost.exe",11956,,," 2824 conhost.exe",,,,,,,,,,,,,,,,,,,,,,,,,,,,,1762784318865184000,,18446606103146037248,18446606103146008576,140700242380928,0,422462435328,8300,422466027520,422466019328,140700242380928,,,,,,,,,,,,,,,,,,,,,,,,,,,,,,,,,,,,,,,,,,,,,,,,,,,,
"2025-11-10 14:18:38.8652015Z","2025-11-10 14:18:38.8652015Z","ETW","Microsoft-Windows-Kernel-Audit-API-Calls",6,"PsOpenThread"," 2824 conhost.exe",11956,,," 2824 conhost.exe",8300,,,,,,,,,,,,,,,,,,,,,,,,,,,,1762784318865201500,,,,,,,,,,,,,,,,64,0,,,,,,,,,,,,,,,,,,,,,,,,,,,,,,,,,,,,,,,,,,,,,
"2025-11-10 14:18:38.8667267Z","2025-11-10 14:18:38.8667267Z","ETW","Microsoft-Windows-Kernel-Process",5,"ImageLoad Info "," 2292 cygwin-console-helper.exe",10148,,," 2292 cygwin-console-helper.exe",,,"C:\Windows\System32\msvcrt.dll",,,,,,,,,,,,,,,,,,,,,,,,,,1762784318866726700,,,,,,,,,,,140737314357248,140737314357248,681663,647168,2616593924,,,,,,,,,,,,,,,,,,,,,,,,,,,,,,,,,,,,,,,,,,,,,,,
"2025-11-10 14:18:38.8670412Z","2025-11-10 14:18:38.8670412Z","ETW","Microsoft-Windows-Kernel-Process",3,"ThreadStart Start "," 2292 cygwin-console-helper.exe",10148,,," 2292 cygwin-console-helper.exe",,,,,,,,,,,,,,,,,,,,,,,,,,,,,1762784318867041200,,18446606103146070016,18446606103146041344,140737324634384,0,708428746752,10532,708434722816,708434718720,140737324634384,,,,,,,,,,,,,,,,,,,,,,,,,,,,,,,,,,,,,,,,,,,,,,,,,,,,
"2025-11-10 14:18:38.8670581Z","2025-11-10 14:18:38.8670581Z","ETW","Microsoft-Windows-Kernel-Audit-API-Calls",6,"PsOpenThread"," 2292 cygwin-console-helper.exe",10148,,," 2292 cygwin-console-helper.exe",10532,,,,,,,,,,,,,,,,,,,,,,,,,,,,1762784318867058100,,,,,,,,,,,,,,,,64,0,,,,,,,,,,,,,,,,,,,,,,,,,,,,,,,,,,,,,,,,,,,,,
"2025-11-10 14:18:38.8677354Z","2025-11-10 14:18:38.8677354Z","ETW","Microsoft-Windows-Kernel-Audit-API-Calls",5,"PsOpenProcess","10884 bash.exe",5888,,," 2292 cygwin-console-helper.exe",,,,,,,,,,,,,,,,,,,,,,,,,,,,,1762784318867735400,,,,,,,,,,,,,,,,4096,0,,,,,,,,,,,,,,,,,,,,,,,,,,,,,,,,,,,,,,,,,,,,,
"2025-11-10 14:18:38.8678174Z","2025-11-10 14:18:38.8678174Z","ETW","Microsoft-Windows-Kernel-Audit-API-Calls",5,"PsOpenProcess"," 2824 conhost.exe",11956,,,"10884 bash.exe",,,,,,,,,,,,,,,,,,,,,,,,,,,,,1762784318867817400,,,,,,,,,,,,,,,,33554432,0,,,,,,,,,,,,,,,,,,,,,,,,,,,,,,,,,,,,,,,,,,,,,
"2025-11-10 14:18:38.8680913Z","2025-11-10 14:18:38.8680913Z","ETW","Microsoft-Windows-Kernel-Process",4,"ThreadStop Stop "," 2292 cygwin-console-helper.exe",10148,,," 2292 cygwin-console-helper.exe",,,,,,,,,,,,,,,,,,,,,,,,,,,,,1762784318868091300,,18446606103145807872,18446606103145779200,140700799865856,0,708428738560,10148,708432625664,708432613376,140700799865856,,,,,,,,,,,11325008,,,,,,,,,,,,,,,,,,,,,,,,,,,,,,,,,,,,,,,,,
"2025-11-10 14:18:38.8682012Z","2025-11-10 14:18:38.8682012Z","ETW","Microsoft-Windows-Kernel-Process",4,"ThreadStop Stop "," 2292 cygwin-console-helper.exe",10532,,," 2292 cygwin-console-helper.exe",,,,,,,,,,,,,,,,,,,,,,,,,,,,,1762784318868201200,,18446606103146070016,18446606103146041344,140737324634384,0,708428746752,10532,708434722816,708434718720,140737324634384,,,,,,,,,,,50092,,,,,,,,,,,,,,,,,,,,,,,,,,,,,,,,,,,,,,,,,
"2025-11-10 14:18:38.8683550Z","2025-11-10 14:18:38.8683550Z","ETW","Microsoft-Windows-Kernel-Process",6,"ImageUnload Info "," 2292 cygwin-console-helper.exe",10532,,," 2292 cygwin-console-helper.exe",,,"C:\Program Files\Git\usr\bin\cygwin-console-helper.exe",,,,,,,,,,,,,,,,,,,,,,,,,,1762784318868355000,,,,,,,,,,,140700799860736,140700799860736,49333,73728,1752689865,,,,,,,,,,,,,,,,,,,,,,,,,,,,,,,,,,,,,,,,,,,,,,,
"2025-11-10 14:18:38.8683986Z","2025-11-10 14:18:38.8683986Z","ETW","Microsoft-Windows-Kernel-Process",6,"ImageUnload Info "," 2292 cygwin-console-helper.exe",10532,,," 2292 cygwin-console-helper.exe",,,"C:\Windows\System32\msvcrt.dll",,,,,,,,,,,,,,,,,,,,,,,,,,1762784318868398600,,,,,,,,,,,140737314357248,140737314357248,681663,647168,2616593924,,,,,,,,,,,,,,,,,,,,,,,,,,,,,,,,,,,,,,,,,,,,,,,
"2025-11-10 14:18:38.8684112Z","2025-11-10 14:18:38.8684112Z","ETW","Microsoft-Windows-Kernel-Process",6,"ImageUnload Info "," 2292 cygwin-console-helper.exe",10532,,," 2292 cygwin-console-helper.exe",,,"C:\Windows\System32\KernelBase.dll",,,,,,,,,,,,,,,,,,,,,,,,,,1762784318868411200,,,,,,,,,,,140737318289408,140737318289408,3171178,3104768,1448155220,,,,,,,,,,,,,,,,,,,,,,,,,,,,,,,,,,,,,,,,,,,,,,,
"2025-11-10 14:18:38.8684210Z","2025-11-10 14:18:38.8684210Z","ETW","Microsoft-Windows-Kernel-Process",6,"ImageUnload Info "," 2292 cygwin-console-helper.exe",10532,,," 2292 cygwin-console-helper.exe",,,"C:\Windows\System32\kernel32.dll",,,,,,,,,,,,,,,,,,,,,,,,,,1762784318868421000,,,,,,,,,,,140737321435136,140737321435136,801304,794624,4007722010,,,,,,,,,,,,,,,,,,,,,,,,,,,,,,,,,,,,,,,,,,,,,,,
"2025-11-10 14:18:38.8684306Z","2025-11-10 14:18:38.8684306Z","ETW","Microsoft-Windows-Kernel-Process",6,"ImageUnload Info "," 2292 cygwin-console-helper.exe",10532,,," 2292 cygwin-console-helper.exe",,,"C:\Windows\System32\ntdll.dll",,,,,,,,,,,,,,,,,,,,,,,,,,1762784318868430600,,,,,,,,,,,140737324318720,140737324318720,2048895,2064384,2127151453,,,,,,,,,,,,,,,,,,,,,,,,,,,,,,,,,,,,,,,,,,,,,,,
"2025-11-10 14:18:38.8684378Z","2025-11-10 14:18:38.8684378Z","ETW","Microsoft-Windows-Kernel-Process",2,"ProcessStop Stop "," 2292 cygwin-console-helper.exe",10532,,," 2292 cygwin-console-helper.exe",,,"cygwin-console",,,,,,,,,,,,,,,,,,,,,,,,,,1762784318868437800,,,,,,,,,,,,,,,,,,,,,,,,134072579188136933,,,,,,,25942,,,,,,,,,,,,,,520192,520192,12371798,0,134072579188683215,37,0,0,0,3,1,0,,,,,,
"2025-11-10 14:18:38.8694062Z","2025-11-10 14:18:38.8694062Z","ETW","Microsoft-Windows-Kernel-Audit-API-Calls",5,"PsOpenProcess","10884 bash.exe",5888,,,"10884 bash.exe",,,,,,,,,,,,,,,,,,,,,,,,,,,,,1762784318869406200,,,,,,,,,,,,,,,,4096,0,,,,,,,,,,,,,,,,,,,,,,,,,,,,,,,,,,,,,,,,,,,,,
"2025-11-10 14:18:38.8702764Z","2025-11-10 14:18:38.8702764Z","ETW","Microsoft-Windows-Kernel-Process",1,"ProcessStart Start ","10884 bash.exe",5888,,," 5768 git.exe",,,"C:\Program Files\Git\mingw64\bin\git.exe",,,,,,,,,,,,,,,,,,,,,,,,,,1762784318870276400,,,,,,,,,,,,,4315928,,1759182642,,,,,,,,,134072579188702240,0,"0x","","",10884,25940,25943,3,0,1,,,,,,,,,,,,,,,,,,,,,,,,,,,,
"2025-11-10 14:18:38.8709599Z","2025-11-10 14:18:38.8709599Z","ETW","Microsoft-Windows-Kernel-Audit-API-Calls",6,"PsOpenThread"," 2972 cyserver.exe",7160,,,"10884 bash.exe",5888,,,,,,,,,,,,,,,,,,,,,,,,,,,,1762784318870959900,,,,,,,,,,,,,,,,64,0,,,,,,,,,,,,,,,,,,,,,,,,,,,,,,,,,,,,,,,,,,,,,
"2025-11-10 14:18:38.8709692Z","2025-11-10 14:18:38.8709692Z","ETW","Microsoft-Windows-Kernel-Audit-API-Calls",5,"PsOpenProcess"," 2972 cyserver.exe",7160,,,"10884 bash.exe",,,,,,,,,,,,,,,,,,,,,,,,,,,,,1762784318870969200,,,,,,,,,,,,,,,,1024,0,,,,,,,,,,,,,,,,,,,,,,,,,,,,,,,,,,,,,,,,,,,,,
"2025-11-10 14:18:38.8721492Z","2025-11-10 14:18:38.8721492Z","ETW","Microsoft-Windows-Kernel-Audit-API-Calls",6,"PsOpenThread"," 2972 cyserver.exe",7532,,,"10884 bash.exe",5888,,,,,,,,,,,,,,,,,,,,,,,,,,,,1762784318872149200,,,,,,,,,,,,,,,,64,0,,,,,,,,,,,,,,,,,,,,,,,,,,,,,,,,,,,,,,,,,,,,,
"2025-11-10 14:18:38.8721571Z","2025-11-10 14:18:38.8721571Z","ETW","Microsoft-Windows-Kernel-Audit-API-Calls",5,"PsOpenProcess"," 2972 cyserver.exe",7532,,,"10884 bash.exe",,,,,,,,,,,,,,,,,,,,,,,,,,,,,1762784318872157100,,,,,,,,,,,,,,,,1024,0,,,,,,,,,,,,,,,,,,,,,,,,,,,,,,,,,,,,,,,,,,,,,
"2025-11-10 14:18:38.8747196Z","2025-11-10 14:18:38.8747196Z","ETW","Microsoft-Windows-Kernel-Audit-API-Calls",5,"PsOpenProcess"," 2972 cyserver.exe",7532,,," 5768 git.exe",,,,,,,,,,,,,,,,,,,,,,,,,,,,,1762784318874719600,,,,,,,,,,,,,,,,2147483648,0,,,,,,,,,,,,,,,,,,,,,,,,,,,,,,,,,,,,,,,,,,,,,
"2025-11-10 14:18:38.8828551Z","2025-11-10 14:18:38.8828551Z","ETW","Microsoft-Windows-Kernel-Audit-API-Calls",6,"PsOpenThread","10364 mintty.exe",5868,,,"10364 mintty.exe",5868,,,,,,,,,,,,,,,,,,,,,,,,,,,,1762784318882855100,,,,,,,,,,,,,,,,1024,0,,,,,,,,,,,,,,,,,,,,,,,,,,,,,,,,,,,,,,,,,,,,,
"2025-11-10 14:18:38.8850785Z","2025-11-10 14:18:38.8850785Z","ETW","Microsoft-Windows-Kernel-Process",3,"ThreadStart Start ","10884 bash.exe",5888,,," 5768 git.exe",,,,,,,,,,,,,,,,,,,,,,,,,,,,,1762784318885078500,,18446606103146070016,18446606103146041344,140702939157504,0,503296389120,11908,503299702784,503299698688,140702939157504,,,,,,,,,,,,,,,,,,,,,,,,,,,,,,,,,,,,,,,,,,,,,,,,,,,,
"2025-11-10 14:18:38.8851058Z","2025-11-10 14:18:38.8851058Z","ETW","Microsoft-Windows-Kernel-Audit-API-Calls",6,"PsOpenThread","10884 bash.exe",5888,,," 5768 git.exe",11908,,,,,,,,,,,,,,,,,,,,,,,,,,,,1762784318885105800,,,,,,,,,,,,,,,,64,0,,,,,,,,,,,,,,,,,,,,,,,,,,,,,,,,,,,,,,,,,,,,,
"2025-11-10 14:18:38.8857623Z","2025-11-10 14:18:38.8857623Z","ETW","Microsoft-Windows-Kernel-Audit-API-Calls",5,"PsOpenProcess","  576 csrss.exe",688,,," 5768 git.exe",,,,,,,,,,,,,,,,,,,,,,,,,,,,,1762784318885762300,,,,,,,,,,,,,,,,2097151,0,,,,,,,,,,,,,,,,,,,,,,,,,,,,,,,,,,,,,,,,,,,,,
"2025-11-10 14:18:38.8857803Z","2025-11-10 14:18:38.8857803Z","ETW","Microsoft-Windows-Kernel-Audit-API-Calls",6,"PsOpenThread","  576 csrss.exe",688,,," 5768 git.exe",11908,,,,,,,,,,,,,,,,,,,,,,,,,,,,1762784318885780300,,,,,,,,,,,,,,,,2097151,0,,,,,,,,,,,,,,,,,,,,,,,,,,,,,,,,,,,,,,,,,,,,,
"2025-11-10 14:18:38.8865227Z","2025-11-10 14:18:38.8865227Z","ETW","Microsoft-Windows-Kernel-Audit-API-Calls",3,"NtCreateSymbolicLinkObject","10884 bash.exe",5888,,,,,,,,,,,,,,,,,,,,,,,,,,,,,,,,1762784318886522700,,,,,,,,,,,,,,,,983041,0,,,,,,,,,,,,,,,,,,"winpid.5768","1099",,,,,,,,,,,,,,,,,,,,,,,,,,
"2025-11-10 14:18:38.8891555Z","2025-11-10 14:18:38.8891555Z","ETW","Microsoft-Windows-Kernel-Process",5,"ImageLoad Info "," 5768 git.exe",11908,,," 5768 git.exe",,,"C:\Program Files\Git\mingw64\bin\git.exe",,,,,,,,,,,,,,,,,,,,,,,,,,1762784318889155500,,,,,,,,,,,140702939152384,140702939152384,4315928,4505600,1759182642,,,,,,,,,,,,,,,,,,,,,,,,,,,,,,,,,,,,,,,,,,,,,,,
"2025-11-10 14:18:38.8893167Z","2025-11-10 14:18:38.8893167Z","ETW","Microsoft-Windows-Kernel-Process",5,"ImageLoad Info "," 5768 git.exe",11908,,," 5768 git.exe",,,"C:\Windows\System32\ntdll.dll",,,,,,,,,,,,,,,,,,,,,,,,,,1762784318889316700,,,,,,,,,,,140737324318720,140737324318720,2048895,2064384,2127151453,,,,,,,,,,,,,,,,,,,,,,,,,,,,,,,,,,,,,,,,,,,,,,,
"2025-11-10 14:18:38.8900473Z","2025-11-10 14:18:38.8900473Z","ETW","Microsoft-Windows-Kernel-Process",5,"ImageLoad Info "," 5768 git.exe",11908,,," 5768 git.exe",,,"C:\Windows\System32\kernel32.dll",,,,,,,,,,,,,,,,,,,,,,,,,,1762784318890047300,,,,,,,,,,,140737321435136,140737321435136,801304,794624,4007722010,,,,,,,,,,,,,,,,,,,,,,,,,,,,,,,,,,,,,,,,,,,,,,,
"2025-11-10 14:18:38.8902680Z","2025-11-10 14:18:38.8902680Z","ETW","Microsoft-Windows-Kernel-Process",5,"ImageLoad Info "," 5768 git.exe",11908,,," 5768 git.exe",,,"C:\Windows\System32\KernelBase.dll",,,,,,,,,,,,,,,,,,,,,,,,,,1762784318890268000,,,,,,,,,,,140737318289408,140737318289408,3171178,3104768,1448155220,,,,,,,,,,,,,,,,,,,,,,,,,,,,,,,,,,,,,,,,,,,,,,,
"2025-11-10 14:18:38.8910665Z","2025-11-10 14:18:38.8910665Z","ETW","Microsoft-Windows-Kernel-Audit-API-Calls",5,"PsOpenProcess"," 2824 conhost.exe",11956,,," 5768 git.exe",,,,,,,,,,,,,,,,,,,,,,,,,,,,,1762784318891066500,,,,,,,,,,,,,,,,33554432,0,,,,,,,,,,,,,,,,,,,,,,,,,,,,,,,,,,,,,,,,,,,,,
"2025-11-10 14:18:38.8930356Z","2025-11-10 14:18:38.8930356Z","ETW","Microsoft-Windows-Kernel-Process",5,"ImageLoad Info "," 5768 git.exe",11908,,," 5768 git.exe",,,"C:\Windows\System32\advapi32.dll",,,,,,,,,,,,,,,,,,,,,,,,,,1762784318893035600,,,,,,,,,,,140737306951680,140737306951680,744837,724992,4166620877,,,,,,,,,,,,,,,,,,,,,,,,,,,,,,,,,,,,,,,,,,,,,,,
"2025-11-10 14:18:38.8935594Z","2025-11-10 14:18:38.8935594Z","ETW","Microsoft-Windows-Kernel-Process",5,"ImageLoad Info "," 5768 git.exe",11908,,," 5768 git.exe",,,"C:\Windows\System32\msvcrt.dll",,,,,,,,,,,,,,,,,,,,,,,,,,1762784318893559400,,,,,,,,,,,140737314357248,140737314357248,681663,647168,2616593924,,,,,,,,,,,,,,,,,,,,,,,,,,,,,,,,,,,,,,,,,,,,,,,
"2025-11-10 14:18:38.8937787Z","2025-11-10 14:18:38.8937787Z","ETW","Microsoft-Windows-Kernel-Process",3,"ThreadStart Start "," 5768 git.exe",11908,,," 5768 git.exe",,,,,,,,,,,,,,,,,,,,,,,,,,,,,1762784318893778700,,18446606103145807872,18446606103145779200,140737324634384,0,503296397312,5676,503301799936,503301795840,140737324634384,,,,,,,,,,,,,,,,,,,,,,,,,,,,,,,,,,,,,,,,,,,,,,,,,,,,
"2025-11-10 14:18:38.8938045Z","2025-11-10 14:18:38.8938045Z","ETW","Microsoft-Windows-Kernel-Audit-API-Calls",6,"PsOpenThread"," 5768 git.exe",11908,,," 5768 git.exe",5676,,,,,,,,,,,,,,,,,,,,,,,,,,,,1762784318893804500,,,,,,,,,,,,,,,,64,0,,,,,,,,,,,,,,,,,,,,,,,,,,,,,,,,,,,,,,,,,,,,,
"2025-11-10 14:18:38.8938664Z","2025-11-10 14:18:38.8938664Z","ETW","Microsoft-Windows-Kernel-Process",5,"ImageLoad Info "," 5768 git.exe",11908,,," 5768 git.exe",,,"C:\Windows\System32\sechost.dll",,,,,,,,,,,,,,,,,,,,,,,,,,1762784318893866400,,,,,,,,,,,140737308262400,140737308262400,647124,651264,2117042745,,,,,,,,,,,,,,,,,,,,,,,,,,,,,,,,,,,,,,,,,,,,,,,
"2025-11-10 14:18:38.8940452Z","2025-11-10 14:18:38.8940452Z","ETW","Microsoft-Windows-Kernel-Process",5,"ImageLoad Info "," 5768 git.exe",11908,,," 5768 git.exe",,,"C:\Windows\System32\rpcrt4.dll",,,,,,,,,,,,,,,,,,,,,,,,,,1762784318894045200,,,,,,,,,,,140737317109760,140737317109760,1217917,1179648,2756017066,,,,,,,,,,,,,,,,,,,,,,,,,,,,,,,,,,,,,,,,,,,,,,,
"2025-11-10 14:18:38.8942964Z","2025-11-10 14:18:38.8942964Z","ETW","Microsoft-Windows-Kernel-Process",5,"ImageLoad Info "," 5768 git.exe",11908,,," 5768 git.exe",,,"C:\Windows\System32\bcrypt.dll",,,,,,,,,,,,,,,,,,,,,,,,,,1762784318894296400,,,,,,,,,,,140737279623168,140737279623168,171668,159744,2220160889,,,,,,,,,,,,,,,,,,,,,,,,,,,,,,,,,,,,,,,,,,,,,,,
"2025-11-10 14:18:38.8947093Z","2025-11-10 14:18:38.8947093Z","ETW","Microsoft-Windows-Kernel-Process",5,"ImageLoad Info "," 5768 git.exe",11908,,," 5768 git.exe",,,"C:\Windows\System32\user32.dll",,,,,,,,,,,,,,,,,,,,,,,,,,1762784318894709300,,,,,,,,,,,140737322287104,140737322287104,1767867,1708032,1351922499,,,,,,,,,,,,,,,,,,,,,,,,,,,,,,,,,,,,,,,,,,,,,,,
"2025-11-10 14:18:38.8951994Z","2025-11-10 14:18:38.8951994Z","ETW","Microsoft-Windows-Kernel-Process",5,"ImageLoad Info "," 5768 git.exe",11908,,," 5768 git.exe",,,"C:\Windows\System32\win32u.dll",,,,,,,,,,,,,,,,,,,,,,,,,,1762784318895199400,,,,,,,,,,,140737281196032,140737281196032,183095,139264,3760910660,,,,,,,,,,,,,,,,,,,,,,,,,,,,,,,,,,,,,,,,,,,,,,,
"2025-11-10 14:18:38.8952361Z","2025-11-10 14:18:38.8952361Z","ETW","Microsoft-Windows-Kernel-Process",3,"ThreadStart Start "," 5768 git.exe",5676,,," 5768 git.exe",,,,,,,,,,,,,,,,,,,,,,,,,,,,,1762784318895236100,,18446606103146102784,18446606103146074112,140737324634384,0,503296405504,2340,503303897088,503303892992,140737324634384,,,,,,,,,,,,,,,,,,,,,,,,,,,,,,,,,,,,,,,,,,,,,,,,,,,,
"2025-11-10 14:18:38.8952579Z","2025-11-10 14:18:38.8952579Z","ETW","Microsoft-Windows-Kernel-Audit-API-Calls",6,"PsOpenThread"," 5768 git.exe",5676,,," 5768 git.exe",2340,,,,,,,,,,,,,,,,,,,,,,,,,,,,1762784318895257900,,,,,,,,,,,,,,,,64,0,,,,,,,,,,,,,,,,,,,,,,,,,,,,,,,,,,,,,,,,,,,,,
"2025-11-10 14:18:38.8955171Z","2025-11-10 14:18:38.8955171Z","ETW","Microsoft-Windows-Kernel-Process",5,"ImageLoad Info "," 5768 git.exe",11908,,," 5768 git.exe",,,"C:\Windows\System32\gdi32.dll",,,,,,,,,,,,,,,,,,,,,,,,,,1762784318895517100,,,,,,,,,,,140737309507584,140737309507584,210990,176128,2413768611,,,,,,,,,,,,,,,,,,,,,,,,,,,,,,,,,,,,,,,,,,,,,,,
"2025-11-10 14:18:38.8958219Z","2025-11-10 14:18:38.8958219Z","ETW","Microsoft-Windows-Kernel-Process",5,"ImageLoad Info "," 5768 git.exe",11908,,," 5768 git.exe",,,"C:\Windows\System32\gdi32full.dll",,,,,,,,,,,,,,,,,,,,,,,,,,1762784318895821900,,,,,,,,,,,140737281392640,140737281392640,1167211,1150976,1288019395,,,,,,,,,,,,,,,,,,,,,,,,,,,,,,,,,,,,,,,,,,,,,,,
"2025-11-10 14:18:38.8968341Z","2025-11-10 14:18:38.8968341Z","ETW","Microsoft-Windows-Kernel-Process",5,"ImageLoad Info "," 5768 git.exe",5676,,," 5768 git.exe",,,"C:\Program Files\Git\mingw64\bin\libiconv-2.dll",,,,,,,,,,,,,,,,,,,,,,,,,,1762784318896834100,,,,,,,,,,,140736814907392,140736814907392,1196713,1171456,1734459032,,,,,,,,,,,,,,,,,,,,,,,,,,,,,,,,,,,,,,,,,,,,,,,
"2025-11-10 14:18:38.8969412Z","2025-11-10 14:18:38.8969412Z","ETW","Microsoft-Windows-Kernel-Audit-API-Calls",6,"PsOpenThread"," 2972 cyserver.exe",10288,,," 5768 git.exe",5676,,,,,,,,,,,,,,,,,,,,,,,,,,,,1762784318896941200,,,,,,,,,,,,,,,,64,0,,,,,,,,,,,,,,,,,,,,,,,,,,,,,,,,,,,,,,,,,,,,,
"2025-11-10 14:18:38.8969517Z","2025-11-10 14:18:38.8969517Z","ETW","Microsoft-Windows-Kernel-Audit-API-Calls",5,"PsOpenProcess"," 2972 cyserver.exe",10288,,," 5768 git.exe",,,,,,,,,,,,,,,,,,,,,,,,,,,,,1762784318896951700,,,,,,,,,,,,,,,,1024,0,,,,,,,,,,,,,,,,,,,,,,,,,,,,,,,,,,,,,,,,,,,,,
"2025-11-10 14:18:38.8977586Z","2025-11-10 14:18:38.8977586Z","ETW","Microsoft-Windows-Kernel-Process",5,"ImageLoad Info "," 5768 git.exe",11908,,," 5768 git.exe",,,"C:\Windows\System32\msvcp_win.dll",,,,,,,,,,,,,,,,,,,,,,,,,,1762784318897758600,,,,,,,,,,,140737279819776,140737279819776,659111,643072,958749903,,,,,,,,,,,,,,,,,,,,,,,,,,,,,,,,,,,,,,,,,,,,,,,
"2025-11-10 14:18:38.8979576Z","2025-11-10 14:18:38.8979576Z","ETW","Microsoft-Windows-Kernel-Process",5,"ImageLoad Info "," 5768 git.exe",11908,,," 5768 git.exe",,,"C:\Windows\System32\ucrtbase.dll",,,,,,,,,,,,,,,,,,,,,,,,,,1762784318897957600,,,,,,,,,,,140737283162112,140737283162112,1076532,1048576,2177850761,,,,,,,,,,,,,,,,,,,,,,,,,,,,,,,,,,,,,,,,,,,,,,,
"2025-11-10 14:18:38.8981760Z","2025-11-10 14:18:38.8981760Z","ETW","Microsoft-Windows-Kernel-Process",5,"ImageLoad Info "," 5768 git.exe",11908,,," 5768 git.exe",,,"C:\Windows\System32\ws2_32.dll",,,,,,,,,,,,,,,,,,,,,,,,,,1762784318898176000,,,,,,,,,,,140737305772032,140737305772032,489137,438272,2047685052,,,,,,,,,,,,,,,,,,,,,,,,,,,,,,,,,,,,,,,,,,,,,,,
"2025-11-10 14:18:38.8985793Z","2025-11-10 14:18:38.8985793Z","ETW","Microsoft-Windows-Kernel-Process",5,"ImageLoad Info "," 5768 git.exe",11908,,," 5768 git.exe",,,"C:\Program Files\Git\mingw64\bin\libintl-8.dll",,,,,,,,,,,,,,,,,,,,,,,,,,1762784318898579300,,,,,,,,,,,140736852000768,140736852000768,317681,335872,1753251091,,,,,,,,,,,,,,,,,,,,,,,,,,,,,,,,,,,,,,,,,,,,,,,
"2025-11-10 14:18:38.8986399Z","2025-11-10 14:18:38.8986399Z","ETW","Microsoft-Windows-Kernel-Audit-API-Calls",6,"PsOpenThread"," 2972 cyserver.exe",7728,,," 5768 git.exe",11908,,,,,,,,,,,,,,,,,,,,,,,,,,,,1762784318898639900,,,,,,,,,,,,,,,,64,0,,,,,,,,,,,,,,,,,,,,,,,,,,,,,,,,,,,,,,,,,,,,,
"2025-11-10 14:18:38.8986504Z","2025-11-10 14:18:38.8986504Z","ETW","Microsoft-Windows-Kernel-Audit-API-Calls",5,"PsOpenProcess"," 2972 cyserver.exe",7728,,," 5768 git.exe",,,,,,,,,,,,,,,,,,,,,,,,,,,,,1762784318898650400,,,,,,,,,,,,,,,,1024,0,,,,,,,,,,,,,,,,,,,,,,,,,,,,,,,,,,,,,,,,,,,,,
"2025-11-10 14:18:38.8995718Z","2025-11-10 14:18:38.8995718Z","ETW","Microsoft-Windows-Kernel-Process",5,"ImageLoad Info "," 5768 git.exe",5676,,," 5768 git.exe",,,"C:\Program Files\Git\mingw64\bin\libpcre2-8-0.dll",,,,,,,,,,,,,,,,,,,,,,,,,,1762784318899571800,,,,,,,,,,,140736842039296,140736842039296,736699,733184,1756356616,,,,,,,,,,,,,,,,,,,,,,,,,,,,,,,,,,,,,,,,,,,,,,,
"2025-11-10 14:18:38.8996172Z","2025-11-10 14:18:38.8996172Z","ETW","Microsoft-Windows-Kernel-Audit-API-Calls",6,"PsOpenThread"," 2972 cyserver.exe",7160,,," 5768 git.exe",5676,,,,,,,,,,,,,,,,,,,,,,,,,,,,1762784318899617200,,,,,,,,,,,,,,,,64,0,,,,,,,,,,,,,,,,,,,,,,,,,,,,,,,,,,,,,,,,,,,,,
"2025-11-10 14:18:38.8996269Z","2025-11-10 14:18:38.8996269Z","ETW","Microsoft-Windows-Kernel-Audit-API-Calls",5,"PsOpenProcess"," 2972 cyserver.exe",7160,,," 5768 git.exe",,,,,,,,,,,,,,,,,,,,,,,,,,,,,1762784318899626900,,,,,,,,,,,,,,,,1024,0,,,,,,,,,,,,,,,,,,,,,,,,,,,,,,,,,,,,,,,,,,,,,
"2025-11-10 14:18:38.9006329Z","2025-11-10 14:18:38.9006329Z","ETW","Microsoft-Windows-Kernel-Process",3,"ThreadStart Start "," 5768 git.exe",2340,,," 5768 git.exe",,,,,,,,,,,,,,,,,,,,,,,,,,,,,1762784318900632900,,18446606103146135552,18446606103146106880,140737324634384,0,503296413696,7996,503305994240,503305990144,140737324634384,,,,,,,,,,,,,,,,,,,,,,,,,,,,,,,,,,,,,,,,,,,,,,,,,,,,
"2025-11-10 14:18:38.9006507Z","2025-11-10 14:18:38.9006507Z","ETW","Microsoft-Windows-Kernel-Audit-API-Calls",6,"PsOpenThread"," 5768 git.exe",2340,,," 5768 git.exe",7996,,,,,,,,,,,,,,,,,,,,,,,,,,,,1762784318900650700,,,,,,,,,,,,,,,,64,0,,,,,,,,,,,,,,,,,,,,,,,,,,,,,,,,,,,,,,,,,,,,,
"2025-11-10 14:18:38.9009120Z","2025-11-10 14:18:38.9009120Z","ETW","Microsoft-Windows-Kernel-Process",5,"ImageLoad Info "," 5768 git.exe",2340,,," 5768 git.exe",,,"C:\Program Files\Git\mingw64\bin\libwinpthread-1.dll",,,,,,,,,,,,,,,,,,,,,,,,,,1762784318900912000,,,,,,,,,,,140736863469568,140736863469568,77046,90112,1758466668,,,,,,,,,,,,,,,,,,,,,,,,,,,,,,,,,,,,,,,,,,,,,,,
"2025-11-10 14:18:38.9009607Z","2025-11-10 14:18:38.9009607Z","ETW","Microsoft-Windows-Kernel-Audit-API-Calls",6,"PsOpenThread"," 2972 cyserver.exe",7532,,," 5768 git.exe",2340,,,,,,,,,,,,,,,,,,,,,,,,,,,,1762784318900960700,,,,,,,,,,,,,,,,64,0,,,,,,,,,,,,,,,,,,,,,,,,,,,,,,,,,,,,,,,,,,,,,
"2025-11-10 14:18:38.9009704Z","2025-11-10 14:18:38.9009704Z","ETW","Microsoft-Windows-Kernel-Audit-API-Calls",5,"PsOpenProcess"," 2972 cyserver.exe",7532,,," 5768 git.exe",,,,,,,,,,,,,,,,,,,,,,,,,,,,,1762784318900970400,,,,,,,,,,,,,,,,1024,0,,,,,,,,,,,,,,,,,,,,,,,,,,,,,,,,,,,,,,,,,,,,,
"2025-11-10 14:18:38.9042118Z","2025-11-10 14:18:38.9042118Z","ETW","Microsoft-Windows-Kernel-Process",5,"ImageLoad Info "," 5768 git.exe",5676,,," 5768 git.exe",,,"C:\Program Files\Git\mingw64\bin\zlib1.dll",,,,,,,,,,,,,,,,,,,,,,,,,,1762784318904211800,,,,,,,,,,,140736855408640,140736855408640,173920,147456,1705996161,,,,,,,,,,,,,,,,,,,,,,,,,,,,,,,,,,,,,,,,,,,,,,,
"2025-11-10 14:18:38.9042674Z","2025-11-10 14:18:38.9042674Z","ETW","Microsoft-Windows-Kernel-Audit-API-Calls",6,"PsOpenThread"," 2972 cyserver.exe",10288,,," 5768 git.exe",5676,,,,,,,,,,,,,,,,,,,,,,,,,,,,1762784318904267400,,,,,,,,,,,,,,,,64,0,,,,,,,,,,,,,,,,,,,,,,,,,,,,,,,,,,,,,,,,,,,,,
"2025-11-10 14:18:38.9042772Z","2025-11-10 14:18:38.9042772Z","ETW","Microsoft-Windows-Kernel-Audit-API-Calls",5,"PsOpenProcess"," 2972 cyserver.exe",10288,,," 5768 git.exe",,,,,,,,,,,,,,,,,,,,,,,,,,,,,1762784318904277200,,,,,,,,,,,,,,,,1024,0,,,,,,,,,,,,,,,,,,,,,,,,,,,,,,,,,,,,,,,,,,,,,
"2025-11-10 14:18:38.9080279Z","2025-11-10 14:18:38.9080279Z","ETW","Microsoft-Windows-Kernel-Process",5,"ImageLoad Info "," 5768 git.exe",5676,,," 5768 git.exe",,,"C:\Windows\System32\cryptbase.dll",,,,,,,,,,,,,,,,,,,,,,,,,,1762784318908027900,,,,,,,,,,,140737272020992,140737272020992,66383,49152,1678623338,,,,,,,,,,,,,,,,,,,,,,,,,,,,,,,,,,,,,,,,,,,,,,,
"2025-11-10 14:18:38.9090189Z","2025-11-10 14:18:38.9090189Z","ETW","Microsoft-Windows-Kernel-Process",5,"ImageLoad Info "," 5768 git.exe",11908,,," 5768 git.exe",,,"C:\Windows\System32\bcryptprimitives.dll",,,,,,,,,,,,,,,,,,,,,,,,,,1762784318909018900,,,,,,,,,,,140737282572288,140737282572288,531569,532480,3309379821,,,,,,,,,,,,,,,,,,,,,,,,,,,,,,,,,,,,,,,,,,,,,,,
"2025-11-10 14:18:38.9101587Z","2025-11-10 14:18:38.9101587Z","ETW","Microsoft-Windows-Kernel-Process",5,"ImageLoad Info "," 5768 git.exe",11908,,," 5768 git.exe",,,"C:\Windows\System32\imm32.dll",,,,,,,,,,,,,,,,,,,,,,,,,,1762784318910158700,,,,,,,,,,,140737309310976,140737309310976,238320,192512,770155462,,,,,,,,,,,,,,,,,,,,,,,,,,,,,,,,,,,,,,,,,,,,,,,
"2025-11-10 14:18:38.9116459Z","2025-11-10 14:18:38.9116459Z","ETW","Microsoft-Windows-Kernel-Audit-API-Calls",6,"PsOpenThread","10364 mintty.exe",5868,,,"10364 mintty.exe",5868,,,,,,,,,,,,,,,,,,,,,,,,,,,,1762784318911645900,,,,,,,,,,,,,,,,1024,0,,,,,,,,,,,,,,,,,,,,,,,,,,,,,,,,,,,,,,,,,,,,,
"2025-11-10 14:18:38.9319104Z","2025-11-10 14:18:38.9319104Z","ETW","Microsoft-Windows-Kernel-Process",5,"ImageLoad Info "," 5768 git.exe",11908,,," 5768 git.exe",,,"C:\Windows\System32\ntmarta.dll",,,,,,,,,,,,,,,,,,,,,,,,,,1762784318931910400,,,,,,,,,,,140737265074176,140737265074176,197444,208896,4265087599,,,,,,,,,,,,,,,,,,,,,,,,,,,,,,,,,,,,,,,,,,,,,,,
"2025-11-10 14:18:38.9399222Z","2025-11-10 14:18:38.9399222Z","ETW","Microsoft-Windows-Kernel-Process",4,"ThreadStop Stop "," 5768 git.exe",7996,,," 5768 git.exe",,,,,,,,,,,,,,,,,,,,,,,,,,,,,1762784318939922200,,18446606103146135552,18446606103146106880,140737324634384,0,503296413696,7996,503305994240,503305990144,140737324634384,,,,,,,,,,,1505665,,,,,,,,,,,,,,,,,,,,,,,,,,,,,,,,,,,,,,,,,
"2025-11-10 14:18:38.9399956Z","2025-11-10 14:18:38.9399956Z","ETW","Microsoft-Windows-Kernel-Process",4,"ThreadStop Stop "," 5768 git.exe",2340,,," 5768 git.exe",,,,,,,,,,,,,,,,,,,,,,,,,,,,,1762784318939995600,,18446606103146102784,18446606103146074112,140737324634384,0,503296405504,2340,503303897088,503303888896,140737324634384,,,,,,,,,,,1738973,,,,,,,,,,,,,,,,,,,,,,,,,,,,,,,,,,,,,,,,,
"2025-11-10 14:18:38.9400267Z","2025-11-10 14:18:38.9400267Z","ETW","Microsoft-Windows-Kernel-Process",4,"ThreadStop Stop "," 5768 git.exe",5676,,," 5768 git.exe",,,,,,,,,,,,,,,,,,,,,,,,,,,,,1762784318940026700,,18446606103145807872,18446606103145779200,140737324634384,0,503296397312,5676,503301799936,503301791744,140737324634384,,,,,,,,,,,7611151,,,,,,,,,,,,,,,,,,,,,,,,,,,,,,,,,,,,,,,,,
"2025-11-10 14:18:38.9402145Z","2025-11-10 14:18:38.9402145Z","ETW","Microsoft-Windows-Kernel-Process",4,"ThreadStop Stop "," 5768 git.exe",11908,,," 5768 git.exe",,,,,,,,,,,,,,,,,,,,,,,,,,,,,1762784318940214500,,18446606103146070016,18446606103146041344,140702939157504,0,503296389120,11908,503299702784,503299551232,140702939157504,,,,,,,,,,,88938589,,,,,,,,,,,,,,,,,,,,,,,,,,,,,,,,,,,,,,,,,
"2025-11-10 14:18:38.9405304Z","2025-11-10 14:18:38.9405304Z","ETW","Microsoft-Windows-Kernel-Process",6,"ImageUnload Info "," 5768 git.exe",11908,,," 5768 git.exe",,,"C:\Program Files\Git\mingw64\bin\git.exe",,,,,,,,,,,,,,,,,,,,,,,,,,1762784318940530400,,,,,,,,,,,140702939152384,140702939152384,4315928,4505600,1759182642,,,,,,,,,,,,,,,,,,,,,,,,,,,,,,,,,,,,,,,,,,,,,,,
"2025-11-10 14:18:38.9405357Z","2025-11-10 14:18:38.9405357Z","ETW","Microsoft-Windows-Kernel-Process",6,"ImageUnload Info "," 5768 git.exe",11908,,," 5768 git.exe",,,"C:\Program Files\Git\mingw64\bin\libiconv-2.dll",,,,,,,,,,,,,,,,,,,,,,,,,,1762784318940535700,,,,,,,,,,,140736814907392,140736814907392,1196713,1171456,1734459032,,,,,,,,,,,,,,,,,,,,,,,,,,,,,,,,,,,,,,,,,,,,,,,
"2025-11-10 14:18:38.9405404Z","2025-11-10 14:18:38.9405404Z","ETW","Microsoft-Windows-Kernel-Process",6,"ImageUnload Info "," 5768 git.exe",11908,,," 5768 git.exe",,,"C:\Program Files\Git\mingw64\bin\libpcre2-8-0.dll",,,,,,,,,,,,,,,,,,,,,,,,,,1762784318940540400,,,,,,,,,,,140736842039296,140736842039296,736699,733184,1756356616,,,,,,,,,,,,,,,,,,,,,,,,,,,,,,,,,,,,,,,,,,,,,,,
"2025-11-10 14:18:38.9405439Z","2025-11-10 14:18:38.9405439Z","ETW","Microsoft-Windows-Kernel-Process",6,"ImageUnload Info "," 5768 git.exe",11908,,," 5768 git.exe",,,"C:\Program Files\Git\mingw64\bin\libintl-8.dll",,,,,,,,,,,,,,,,,,,,,,,,,,1762784318940543900,,,,,,,,,,,140736852000768,140736852000768,317681,335872,1753251091,,,,,,,,,,,,,,,,,,,,,,,,,,,,,,,,,,,,,,,,,,,,,,,
"2025-11-10 14:18:38.9405471Z","2025-11-10 14:18:38.9405471Z","ETW","Microsoft-Windows-Kernel-Process",6,"ImageUnload Info "," 5768 git.exe",11908,,," 5768 git.exe",,,"C:\Program Files\Git\mingw64\bin\zlib1.dll",,,,,,,,,,,,,,,,,,,,,,,,,,1762784318940547100,,,,,,,,,,,140736855408640,140736855408640,173920,147456,1705996161,,,,,,,,,,,,,,,,,,,,,,,,,,,,,,,,,,,,,,,,,,,,,,,
"2025-11-10 14:18:38.9405506Z","2025-11-10 14:18:38.9405506Z","ETW","Microsoft-Windows-Kernel-Process",6,"ImageUnload Info "," 5768 git.exe",11908,,," 5768 git.exe",,,"C:\Program Files\Git\mingw64\bin\libwinpthread-1.dll",,,,,,,,,,,,,,,,,,,,,,,,,,1762784318940550600,,,,,,,,,,,140736863469568,140736863469568,77046,90112,1758466668,,,,,,,,,,,,,,,,,,,,,,,,,,,,,,,,,,,,,,,,,,,,,,,
"2025-11-10 14:18:38.9405731Z","2025-11-10 14:18:38.9405731Z","ETW","Microsoft-Windows-Kernel-Process",6,"ImageUnload Info "," 5768 git.exe",11908,,," 5768 git.exe",,,"C:\Windows\System32\ntmarta.dll",,,,,,,,,,,,,,,,,,,,,,,,,,1762784318940573100,,,,,,,,,,,140737265074176,140737265074176,197444,208896,4265087599,,,,,,,,,,,,,,,,,,,,,,,,,,,,,,,,,,,,,,,,,,,,,,,
"2025-11-10 14:18:38.9405941Z","2025-11-10 14:18:38.9405941Z","ETW","Microsoft-Windows-Kernel-Process",6,"ImageUnload Info "," 5768 git.exe",11908,,," 5768 git.exe",,,"C:\Windows\System32\cryptbase.dll",,,,,,,,,,,,,,,,,,,,,,,,,,1762784318940594100,,,,,,,,,,,140737272020992,140737272020992,66383,49152,1678623338,,,,,,,,,,,,,,,,,,,,,,,,,,,,,,,,,,,,,,,,,,,,,,,
"2025-11-10 14:18:38.9406051Z","2025-11-10 14:18:38.9406051Z","ETW","Microsoft-Windows-Kernel-Process",6,"ImageUnload Info "," 5768 git.exe",11908,,," 5768 git.exe",,,"C:\Windows\System32\bcrypt.dll",,,,,,,,,,,,,,,,,,,,,,,,,,1762784318940605100,,,,,,,,,,,140737279623168,140737279623168,171668,159744,2220160889,,,,,,,,,,,,,,,,,,,,,,,,,,,,,,,,,,,,,,,,,,,,,,,
"2025-11-10 14:18:38.9406169Z","2025-11-10 14:18:38.9406169Z","ETW","Microsoft-Windows-Kernel-Process",6,"ImageUnload Info "," 5768 git.exe",11908,,," 5768 git.exe",,,"C:\Windows\System32\msvcp_win.dll",,,,,,,,,,,,,,,,,,,,,,,,,,1762784318940616900,,,,,,,,,,,140737279819776,140737279819776,659111,643072,958749903,,,,,,,,,,,,,,,,,,,,,,,,,,,,,,,,,,,,,,,,,,,,,,,
"2025-11-10 14:18:38.9406279Z","2025-11-10 14:18:38.9406279Z","ETW","Microsoft-Windows-Kernel-Process",6,"ImageUnload Info "," 5768 git.exe",11908,,," 5768 git.exe",,,"C:\Windows\System32\win32u.dll",,,,,,,,,,,,,,,,,,,,,,,,,,1762784318940627900,,,,,,,,,,,140737281196032,140737281196032,183095,139264,3760910660,,,,,,,,,,,,,,,,,,,,,,,,,,,,,,,,,,,,,,,,,,,,,,,
"2025-11-10 14:18:38.9406392Z","2025-11-10 14:18:38.9406392Z","ETW","Microsoft-Windows-Kernel-Process",6,"ImageUnload Info "," 5768 git.exe",11908,,," 5768 git.exe",,,"C:\Windows\System32\gdi32full.dll",,,,,,,,,,,,,,,,,,,,,,,,,,1762784318940639200,,,,,,,,,,,140737281392640,140737281392640,1167211,1150976,1288019395,,,,,,,,,,,,,,,,,,,,,,,,,,,,,,,,,,,,,,,,,,,,,,,
"2025-11-10 14:18:38.9406499Z","2025-11-10 14:18:38.9406499Z","ETW","Microsoft-Windows-Kernel-Process",6,"ImageUnload Info "," 5768 git.exe",11908,,," 5768 git.exe",,,"C:\Windows\System32\bcryptprimitives.dll",,,,,,,,,,,,,,,,,,,,,,,,,,1762784318940649900,,,,,,,,,,,140737282572288,140737282572288,531569,532480,3309379821,,,,,,,,,,,,,,,,,,,,,,,,,,,,,,,,,,,,,,,,,,,,,,,
"2025-11-10 14:18:38.9406600Z","2025-11-10 14:18:38.9406600Z","ETW","Microsoft-Windows-Kernel-Process",6,"ImageUnload Info "," 5768 git.exe",11908,,," 5768 git.exe",,,"C:\Windows\System32\ucrtbase.dll",,,,,,,,,,,,,,,,,,,,,,,,,,1762784318940660000,,,,,,,,,,,140737283162112,140737283162112,1076532,1048576,2177850761,,,,,,,,,,,,,,,,,,,,,,,,,,,,,,,,,,,,,,,,,,,,,,,
"2025-11-10 14:18:38.9406704Z","2025-11-10 14:18:38.9406704Z","ETW","Microsoft-Windows-Kernel-Process",6,"ImageUnload Info "," 5768 git.exe",11908,,," 5768 git.exe",,,"C:\Windows\System32\ws2_32.dll",,,,,,,,,,,,,,,,,,,,,,,,,,1762784318940670400,,,,,,,,,,,140737305772032,140737305772032,489137,438272,2047685052,,,,,,,,,,,,,,,,,,,,,,,,,,,,,,,,,,,,,,,,,,,,,,,
"2025-11-10 14:18:38.9406813Z","2025-11-10 14:18:38.9406813Z","ETW","Microsoft-Windows-Kernel-Process",6,"ImageUnload Info "," 5768 git.exe",11908,,," 5768 git.exe",,,"C:\Windows\System32\advapi32.dll",,,,,,,,,,,,,,,,,,,,,,,,,,1762784318940681300,,,,,,,,,,,140737306951680,140737306951680,744837,724992,4166620877,,,,,,,,,,,,,,,,,,,,,,,,,,,,,,,,,,,,,,,,,,,,,,,
"2025-11-10 14:18:38.9406922Z","2025-11-10 14:18:38.9406922Z","ETW","Microsoft-Windows-Kernel-Process",6,"ImageUnload Info "," 5768 git.exe",11908,,," 5768 git.exe",,,"C:\Windows\System32\sechost.dll",,,,,,,,,,,,,,,,,,,,,,,,,,1762784318940692200,,,,,,,,,,,140737308262400,140737308262400,647124,651264,2117042745,,,,,,,,,,,,,,,,,,,,,,,,,,,,,,,,,,,,,,,,,,,,,,,
"2025-11-10 14:18:38.9407024Z","2025-11-10 14:18:38.9407024Z","ETW","Microsoft-Windows-Kernel-Process",6,"ImageUnload Info "," 5768 git.exe",11908,,," 5768 git.exe",,,"C:\Windows\System32\imm32.dll",,,,,,,,,,,,,,,,,,,,,,,,,,1762784318940702400,,,,,,,,,,,140737309310976,140737309310976,238320,192512,770155462,,,,,,,,,,,,,,,,,,,,,,,,,,,,,,,,,,,,,,,,,,,,,,,
"2025-11-10 14:18:38.9407122Z","2025-11-10 14:18:38.9407122Z","ETW","Microsoft-Windows-Kernel-Process",6,"ImageUnload Info "," 5768 git.exe",11908,,," 5768 git.exe",,,"C:\Windows\System32\gdi32.dll",,,,,,,,,,,,,,,,,,,,,,,,,,1762784318940712200,,,,,,,,,,,140737309507584,140737309507584,210990,176128,2413768611,,,,,,,,,,,,,,,,,,,,,,,,,,,,,,,,,,,,,,,,,,,,,,,
"2025-11-10 14:18:38.9407223Z","2025-11-10 14:18:38.9407223Z","ETW","Microsoft-Windows-Kernel-Process",6,"ImageUnload Info "," 5768 git.exe",11908,,," 5768 git.exe",,,"C:\Windows\System32\msvcrt.dll",,,,,,,,,,,,,,,,,,,,,,,,,,1762784318940722300,,,,,,,,,,,140737314357248,140737314357248,681663,647168,2616593924,,,,,,,,,,,,,,,,,,,,,,,,,,,,,,,,,,,,,,,,,,,,,,,
"2025-11-10 14:18:38.9407326Z","2025-11-10 14:18:38.9407326Z","ETW","Microsoft-Windows-Kernel-Process",6,"ImageUnload Info "," 5768 git.exe",11908,,," 5768 git.exe",,,"C:\Windows\System32\rpcrt4.dll",,,,,,,,,,,,,,,,,,,,,,,,,,1762784318940732600,,,,,,,,,,,140737317109760,140737317109760,1217917,1179648,2756017066,,,,,,,,,,,,,,,,,,,,,,,,,,,,,,,,,,,,,,,,,,,,,,,
"2025-11-10 14:18:38.9407431Z","2025-11-10 14:18:38.9407431Z","ETW","Microsoft-Windows-Kernel-Process",6,"ImageUnload Info "," 5768 git.exe",11908,,," 5768 git.exe",,,"C:\Windows\System32\KernelBase.dll",,,,,,,,,,,,,,,,,,,,,,,,,,1762784318940743100,,,,,,,,,,,140737318289408,140737318289408,3171178,3104768,1448155220,,,,,,,,,,,,,,,,,,,,,,,,,,,,,,,,,,,,,,,,,,,,,,,
"2025-11-10 14:18:38.9407541Z","2025-11-10 14:18:38.9407541Z","ETW","Microsoft-Windows-Kernel-Process",6,"ImageUnload Info "," 5768 git.exe",11908,,," 5768 git.exe",,,"C:\Windows\System32\kernel32.dll",,,,,,,,,,,,,,,,,,,,,,,,,,1762784318940754100,,,,,,,,,,,140737321435136,140737321435136,801304,794624,4007722010,,,,,,,,,,,,,,,,,,,,,,,,,,,,,,,,,,,,,,,,,,,,,,,
"2025-11-10 14:18:38.9407641Z","2025-11-10 14:18:38.9407641Z","ETW","Microsoft-Windows-Kernel-Process",6,"ImageUnload Info "," 5768 git.exe",11908,,," 5768 git.exe",,,"C:\Windows\System32\user32.dll",,,,,,,,,,,,,,,,,,,,,,,,,,1762784318940764100,,,,,,,,,,,140737322287104,140737322287104,1767867,1708032,1351922499,,,,,,,,,,,,,,,,,,,,,,,,,,,,,,,,,,,,,,,,,,,,,,,
"2025-11-10 14:18:38.9407736Z","2025-11-10 14:18:38.9407736Z","ETW","Microsoft-Windows-Kernel-Process",6,"ImageUnload Info "," 5768 git.exe",11908,,," 5768 git.exe",,,"C:\Windows\System32\ntdll.dll",,,,,,,,,,,,,,,,,,,,,,,,,,1762784318940773600,,,,,,,,,,,140737324318720,140737324318720,2048895,2064384,2127151453,,,,,,,,,,,,,,,,,,,,,,,,,,,,,,,,,,,,,,,,,,,,,,,
"2025-11-10 14:18:38.9407805Z","2025-11-10 14:18:38.9407805Z","ETW","Microsoft-Windows-Kernel-Process",2,"ProcessStop Stop "," 5768 git.exe",11908,,," 5768 git.exe",,,"git.exe",,,,,,,,,,,,,,,,,,,,,,,,,,1762784318940780500,,,,,,,,,,,,,,,,,,,,,,,,134072579188702240,,,,,,,25943,,,,,,,,,,,,,,35127296,35360768,119639440,0,134072579189404956,76,0,19,1,3,1,0,,,,,,
"2025-11-10 14:18:38.9429138Z","2025-11-10 14:18:38.9429138Z","ETW","Microsoft-Windows-Kernel-Audit-API-Calls",5,"PsOpenProcess","10884 bash.exe",5888,,,"10364 mintty.exe",,,,,,,,,,,,,,,,,,,,,,,,,,,,,1762784318942913800,,,,,,,,,,,,,,,,64,0,,,,,,,,,,,,,,,,,,,,,,,,,,,,,,,,,,,,,,,,,,,,,
"2025-11-10 14:18:38.9434040Z","2025-11-10 14:18:38.9434040Z","ETW","Microsoft-Windows-Kernel-Audit-API-Calls",5,"PsOpenProcess","10884 bash.exe",5888,,," 7972 bash.exe",,,,,,,,,,,,,,,,,,,,,,,,,,,,,1762784318943404000,,,,,,,,,,,,,,,,4096,0,,,,,,,,,,,,,,,,,,,,,,,,,,,,,,,,,,,,,,,,,,,,,
"2025-11-10 14:18:38.9436071Z","2025-11-10 14:18:38.9436071Z","ETW","Microsoft-Windows-Kernel-Audit-API-Calls",5,"PsOpenProcess"," 3032 conhost.exe",5540,,,"10884 bash.exe",,,,,,,,,,,,,,,,,,,,,,,,,,,,,1762784318943607100,,,,,,,,,,,,,,,,33554432,0,,,,,,,,,,,,,,,,,,,,,,,,,,,,,,,,,,,,,,,,,,,,,
"2025-11-10 14:18:38.9442394Z","2025-11-10 14:18:38.9442394Z","ETW","Microsoft-Windows-Kernel-Process",4,"ThreadStop Stop "," 2824 conhost.exe",10332,,," 2824 conhost.exe",,,,,,,,,,,,,,,,,,,,,,,,,,,,,1762784318944239400,,18446606103145971712,18446606103145943040,140700242381968,0,422462394368,10332,422464978944,422464970752,140700242381968,,,,,,,,,,,52792,,,,,,,,,,,,,,,,,,,,,,,,,,,,,,,,,,,,,,,,,
"2025-11-10 14:18:38.9442516Z","2025-11-10 14:18:38.9442516Z","ETW","Microsoft-Windows-Kernel-Process",4,"ThreadStop Stop "," 2824 conhost.exe",11956,,," 2824 conhost.exe",,,,,,,,,,,,,,,,,,,,,,,,,,,,,1762784318944251600,,18446606103145938944,18446606103145910272,140700242153168,0,422462386176,11956,422464454656,422464438272,140700242153168,,,,,,,,,,,14886970,,,,,,,,,,,,,,,,,,,,,,,,,,,,,,,,,,,,,,,,,
"2025-11-10 14:18:38.9443136Z","2025-11-10 14:18:38.9443136Z","ETW","Microsoft-Windows-Kernel-Process",4,"ThreadStop Stop "," 2824 conhost.exe",8300,,," 2824 conhost.exe",,,,,,,,,,,,,,,,,,,,,,,,,,,,,1762784318944313600,,18446606103146037248,18446606103146008576,140700242380928,0,422462435328,8300,422466027520,422466019328,140700242380928,,,,,,,,,,,108080,,,,,,,,,,,,,,,,,,,,,,,,,,,,,,,,,,,,,,,,,
"2025-11-10 14:18:38.9443575Z","2025-11-10 14:18:38.9443575Z","ETW","Microsoft-Windows-Kernel-Process",4,"ThreadStop Stop "," 2824 conhost.exe",6176,,," 2824 conhost.exe",,,,,,,,,,,,,,,,,,,,,,,,,,,,,1762784318944357500,,18446606103145873408,18446606103145844736,140700242196320,0,422462418944,6176,422463930368,422463922176,140700242196320,,,,,,,,,,,553308,,,,,,,,,,,,,,,,,,,,,,,,,,,,,,,,,,,,,,,,,
"2025-11-10 14:18:38.9443886Z","2025-11-10 14:18:38.9443886Z","ETW","Microsoft-Windows-Kernel-Process",4,"ThreadStop Stop "," 2824 conhost.exe",9768,,," 2824 conhost.exe",,,,,,,,,,,,,,,,,,,,,,,,,,,,,1762784318944388600,,18446606103145906176,18446606103145877504,140737324634384,0,422462410752,9768,422463406080,422463397888,140737324634384,,,,,,,,,,,62060,,,,,,,,,,,,,,,,,,,,,,,,,,,,,,,,,,,,,,,,,
"2025-11-10 14:18:38.9443966Z","2025-11-10 14:18:38.9443966Z","ETW","Microsoft-Windows-Kernel-Process",4,"ThreadStop Stop "," 2824 conhost.exe",6344,,," 2824 conhost.exe",,,,,,,,,,,,,,,,,,,,,,,,,,,,,1762784318944396600,,18446606103145873408,18446606103145844736,140700242095872,0,422462427136,6344,422465503232,422465486848,140700242095872,,,,,,,,,,,11867244,,,,,,,,,,,,,,,,,,,,,,,,,,,,,,,,,,,,,,,,,
"2025-11-10 14:18:38.9444573Z","2025-11-10 14:18:38.9444573Z","ETW","Microsoft-Windows-Kernel-Process",4,"ThreadStop Stop "," 2824 conhost.exe",7872,,," 2824 conhost.exe",,,,,,,,,,,,,,,,,,,,,,,,,,,,,1762784318944457300,,18446606103145775104,18446606103145746432,140737324634384,0,422462402560,7872,422460391424,422460383232,140737324634384,,,,,,,,,,,615800,,,,,,,,,,,,,,,,,,,,,,,,,,,,,,,,,,,,,,,,,
"2025-11-10 14:18:38.9469971Z","2025-11-10 14:18:38.9469971Z","ETW","Microsoft-Windows-Kernel-Process",6,"ImageUnload Info "," 2824 conhost.exe",7872,,," 2824 conhost.exe",,,"C:\Windows\System32\conhost.exe",,,,,,,,,,,,,,,,,,,,,,,,,,1762784318946997100,,,,,,,,,,,140700242083840,140700242083840,907531,897024,2536827738,,,,,,,,,,,,,,,,,,,,,,,,,,,,,,,,,,,,,,,,,,,,,,,
"2025-11-10 14:18:38.9470121Z","2025-11-10 14:18:38.9470121Z","ETW","Microsoft-Windows-Kernel-Process",6,"ImageUnload Info "," 2824 conhost.exe",7872,,," 2824 conhost.exe",,,"C:\Windows\System32\uxtheme.dll",,,,,,,,,,,,,,,,,,,,,,,,,,1762784318947012100,,,,,,,,,,,140737239515136,140737239515136,640454,647168,3697381598,,,,,,,,,,,,,,,,,,,,,,,,,,,,,,,,,,,,,,,,,,,,,,,
"2025-11-10 14:18:38.9470235Z","2025-11-10 14:18:38.9470235Z","ETW","Microsoft-Windows-Kernel-Process",6,"ImageUnload Info "," 2824 conhost.exe",7872,,," 2824 conhost.exe",,,"C:\Windows\System32\bcrypt.dll",,,,,,,,,,,,,,,,,,,,,,,,,,1762784318947023500,,,,,,,,,,,140737279623168,140737279623168,171668,159744,2220160889,,,,,,,,,,,,,,,,,,,,,,,,,,,,,,,,,,,,,,,,,,,,,,,
"2025-11-10 14:18:38.9470347Z","2025-11-10 14:18:38.9470347Z","ETW","Microsoft-Windows-Kernel-Process",6,"ImageUnload Info "," 2824 conhost.exe",7872,,," 2824 conhost.exe",,,"C:\Windows\System32\msvcp_win.dll",,,,,,,,,,,,,,,,,,,,,,,,,,1762784318947034700,,,,,,,,,,,140737279819776,140737279819776,659111,643072,958749903,,,,,,,,,,,,,,,,,,,,,,,,,,,,,,,,,,,,,,,,,,,,,,,
"2025-11-10 14:18:38.9470458Z","2025-11-10 14:18:38.9470458Z","ETW","Microsoft-Windows-Kernel-Process",6,"ImageUnload Info "," 2824 conhost.exe",7872,,," 2824 conhost.exe",,,"C:\Windows\System32\win32u.dll",,,,,,,,,,,,,,,,,,,,,,,,,,1762784318947045800,,,,,,,,,,,140737281196032,140737281196032,183095,139264,3760910660,,,,,,,,,,,,,,,,,,,,,,,,,,,,,,,,,,,,,,,,,,,,,,,
"2025-11-10 14:18:38.9470566Z","2025-11-10 14:18:38.9470566Z","ETW","Microsoft-Windows-Kernel-Process",6,"ImageUnload Info "," 2824 conhost.exe",7872,,," 2824 conhost.exe",,,"C:\Windows\System32\gdi32full.dll",,,,,,,,,,,,,,,,,,,,,,,,,,1762784318947056600,,,,,,,,,,,140737281392640,140737281392640,1167211,1150976,1288019395,,,,,,,,,,,,,,,,,,,,,,,,,,,,,,,,,,,,,,,,,,,,,,,
"2025-11-10 14:18:38.9470674Z","2025-11-10 14:18:38.9470674Z","ETW","Microsoft-Windows-Kernel-Process",6,"ImageUnload Info "," 2824 conhost.exe",7872,,," 2824 conhost.exe",,,"C:\Windows\System32\ucrtbase.dll",,,,,,,,,,,,,,,,,,,,,,,,,,1762784318947067400,,,,,,,,,,,140737283162112,140737283162112,1076532,1048576,2177850761,,,,,,,,,,,,,,,,,,,,,,,,,,,,,,,,,,,,,,,,,,,,,,,
"2025-11-10 14:18:38.9470994Z","2025-11-10 14:18:38.9470994Z","ETW","Microsoft-Windows-Kernel-Process",6,"ImageUnload Info "," 2824 conhost.exe",7872,,," 2824 conhost.exe",,,"C:\Windows\System32\combase.dll",,,,,,,,,,,,,,,,,,,,,,,,,,1762784318947099400,,,,,,,,,,,140737287094272,140737287094272,3535278,3489792,144435709,,,,,,,,,,,,,,,,,,,,,,,,,,,,,,,,,,,,,,,,,,,,,,,
"2025-11-10 14:18:38.9471144Z","2025-11-10 14:18:38.9471144Z","ETW","Microsoft-Windows-Kernel-Process",6,"ImageUnload Info "," 2824 conhost.exe",7872,,," 2824 conhost.exe",,,"C:\Windows\System32\msctf.dll",,,,,,,,,,,,,,,,,,,,,,,,,,1762784318947114400,,,,,,,,,,,140737291616256,140737291616256,1159359,1134592,3815625169,,,,,,,,,,,,,,,,,,,,,,,,,,,,,,,,,,,,,,,,,,,,,,,
"2025-11-10 14:18:38.9471327Z","2025-11-10 14:18:38.9471327Z","ETW","Microsoft-Windows-Kernel-Process",6,"ImageUnload Info "," 2824 conhost.exe",7872,,," 2824 conhost.exe",,,"C:\Windows\System32\SHCore.dll",,,,,,,,,,,,,,,,,,,,,,,,,,1762784318947132700,,,,,,,,,,,140737304985600,140737304985600,705789,708608,3896055862,,,,,,,,,,,,,,,,,,,,,,,,,,,,,,,,,,,,,,,,,,,,,,,
"2025-11-10 14:18:38.9471432Z","2025-11-10 14:18:38.9471432Z","ETW","Microsoft-Windows-Kernel-Process",6,"ImageUnload Info "," 2824 conhost.exe",7872,,," 2824 conhost.exe",,,"C:\Windows\System32\advapi32.dll",,,,,,,,,,,,,,,,,,,,,,,,,,1762784318947143200,,,,,,,,,,,140737306951680,140737306951680,744837,724992,4166620877,,,,,,,,,,,,,,,,,,,,,,,,,,,,,,,,,,,,,,,,,,,,,,,
"2025-11-10 14:18:38.9471534Z","2025-11-10 14:18:38.9471534Z","ETW","Microsoft-Windows-Kernel-Process",6,"ImageUnload Info "," 2824 conhost.exe",7872,,," 2824 conhost.exe",,,"C:\Windows\System32\sechost.dll",,,,,,,,,,,,,,,,,,,,,,,,,,1762784318947153400,,,,,,,,,,,140737308262400,140737308262400,647124,651264,2117042745,,,,,,,,,,,,,,,,,,,,,,,,,,,,,,,,,,,,,,,,,,,,,,,
"2025-11-10 14:18:38.9471696Z","2025-11-10 14:18:38.9471696Z","ETW","Microsoft-Windows-Kernel-Process",6,"ImageUnload Info "," 2824 conhost.exe",7872,,," 2824 conhost.exe",,,"C:\Windows\System32\imm32.dll",,,,,,,,,,,,,,,,,,,,,,,,,,1762784318947169600,,,,,,,,,,,140737309310976,140737309310976,238320,192512,770155462,,,,,,,,,,,,,,,,,,,,,,,,,,,,,,,,,,,,,,,,,,,,,,,
"2025-11-10 14:18:38.9471789Z","2025-11-10 14:18:38.9471789Z","ETW","Microsoft-Windows-Kernel-Process",6,"ImageUnload Info "," 2824 conhost.exe",7872,,," 2824 conhost.exe",,,"C:\Windows\System32\gdi32.dll",,,,,,,,,,,,,,,,,,,,,,,,,,1762784318947178900,,,,,,,,,,,140737309507584,140737309507584,210990,176128,2413768611,,,,,,,,,,,,,,,,,,,,,,,,,,,,,,,,,,,,,,,,,,,,,,,
"2025-11-10 14:18:38.9471926Z","2025-11-10 14:18:38.9471926Z","ETW","Microsoft-Windows-Kernel-Process",6,"ImageUnload Info "," 2824 conhost.exe",7872,,," 2824 conhost.exe",,,"C:\Windows\System32\msvcrt.dll",,,,,,,,,,,,,,,,,,,,,,,,,,1762784318947192600,,,,,,,,,,,140737314357248,140737314357248,681663,647168,2616593924,,,,,,,,,,,,,,,,,,,,,,,,,,,,,,,,,,,,,,,,,,,,,,,
"2025-11-10 14:18:38.9472020Z","2025-11-10 14:18:38.9472020Z","ETW","Microsoft-Windows-Kernel-Process",6,"ImageUnload Info "," 2824 conhost.exe",7872,,," 2824 conhost.exe",,,"C:\Windows\System32\oleaut32.dll",,,,,,,,,,,,,,,,,,,,,,,,,,1762784318947202000,,,,,,,,,,,140737315012608,140737315012608,849765,839680,3559841777,,,,,,,,,,,,,,,,,,,,,,,,,,,,,,,,,,,,,,,,,,,,,,,
"2025-11-10 14:18:38.9472117Z","2025-11-10 14:18:38.9472117Z","ETW","Microsoft-Windows-Kernel-Process",6,"ImageUnload Info "," 2824 conhost.exe",7872,,," 2824 conhost.exe",,,"C:\Windows\System32\rpcrt4.dll",,,,,,,,,,,,,,,,,,,,,,,,,,1762784318947211700,,,,,,,,,,,140737317109760,140737317109760,1217917,1179648,2756017066,,,,,,,,,,,,,,,,,,,,,,,,,,,,,,,,,,,,,,,,,,,,,,,
"2025-11-10 14:18:38.9472280Z","2025-11-10 14:18:38.9472280Z","ETW","Microsoft-Windows-Kernel-Process",6,"ImageUnload Info "," 2824 conhost.exe",7872,,," 2824 conhost.exe",,,"C:\Windows\System32\KernelBase.dll",,,,,,,,,,,,,,,,,,,,,,,,,,1762784318947228000,,,,,,,,,,,140737318289408,140737318289408,3171178,3104768,1448155220,,,,,,,,,,,,,,,,,,,,,,,,,,,,,,,,,,,,,,,,,,,,,,,
"2025-11-10 14:18:38.9472377Z","2025-11-10 14:18:38.9472377Z","ETW","Microsoft-Windows-Kernel-Process",6,"ImageUnload Info "," 2824 conhost.exe",7872,,," 2824 conhost.exe",,,"C:\Windows\System32\kernel32.dll",,,,,,,,,,,,,,,,,,,,,,,,,,1762784318947237700,,,,,,,,,,,140737321435136,140737321435136,801304,794624,4007722010,,,,,,,,,,,,,,,,,,,,,,,,,,,,,,,,,,,,,,,,,,,,,,,
"2025-11-10 14:18:38.9472466Z","2025-11-10 14:18:38.9472466Z","ETW","Microsoft-Windows-Kernel-Process",6,"ImageUnload Info "," 2824 conhost.exe",7872,,," 2824 conhost.exe",,,"C:\Windows\System32\user32.dll",,,,,,,,,,,,,,,,,,,,,,,,,,1762784318947246600,,,,,,,,,,,140737322287104,140737322287104,1767867,1708032,1351922499,,,,,,,,,,,,,,,,,,,,,,,,,,,,,,,,,,,,,,,,,,,,,,,
"2025-11-10 14:18:38.9472624Z","2025-11-10 14:18:38.9472624Z","ETW","Microsoft-Windows-Kernel-Process",6,"ImageUnload Info "," 2824 conhost.exe",7872,,," 2824 conhost.exe",,,"C:\Windows\System32\ntdll.dll",,,,,,,,,,,,,,,,,,,,,,,,,,1762784318947262400,,,,,,,,,,,140737324318720,140737324318720,2048895,2064384,2127151453,,,,,,,,,,,,,,,,,,,,,,,,,,,,,,,,,,,,,,,,,,,,,,,
"2025-11-10 14:18:38.9472722Z","2025-11-10 14:18:38.9472722Z","ETW","Microsoft-Windows-Kernel-Process",2,"ProcessStop Stop "," 2824 conhost.exe",7872,,," 2824 conhost.exe",,,"conhost.exe",,,,,,,,,,,,,,,,,,,,,,,,,,1762784318947272200,,,,,,,,,,,,,,,,,,,,,,,,134072579187998940,,,,,,,25941,,,,,,,,,,,,,,1392640,1429504,55867856,0,134072579189469372,100,0,3,0,3,4,0,,,,,,
"2025-11-10 14:18:38.9492397Z","2025-11-10 14:18:38.9492397Z","ETW","Microsoft-Windows-Kernel-Process",4,"ThreadStop Stop ","10884 bash.exe",5888,,,"10884 bash.exe",,,,,,,,,,,,,,,,,,,,,,,,,,,,,1762784318949239700,,18446606103145512960,18446606103145484288,4299165696,0,2686976,5888,34359738368,34359635968,4299165696,,,,,,,,,,,83442677,,,,,,,,,,,,,,,,,,,,,,,,,,,,,,,,,,,,,,,,,
"2025-11-10 14:18:38.9493436Z","2025-11-10 14:18:38.9493436Z","ETW","Microsoft-Windows-Kernel-Process",4,"ThreadStop Stop ","10884 bash.exe",3688,,,"10884 bash.exe",,,,,,,,,,,,,,,,,,,,,,,,,,,,,1762784318949343600,,18446606103145644032,18446606103145615360,8858653840,0,2703360,3688,37552128,37531648,8858653840,,,,,,,,,,,332752,,,,,,,,,,,,,,,,,,,,,,,,,,,,,,,,,,,,,,,,,
"2025-11-10 14:18:38.9495008Z","2025-11-10 14:18:38.9495008Z","ETW","Microsoft-Windows-Kernel-Process",4,"ThreadStop Stop ","10884 bash.exe",10428,,,"10884 bash.exe",,,,,,,,,,,,,,,,,,,,,,,,,,,,,1762784318949500800,,18446606103145676800,18446606103145648128,140737324634384,0,2711552,10428,39649280,39645184,140737324634384,,,,,,,,,,,40708,,,,,,,,,,,,,,,,,,,,,,,,,,,,,,,,,,,,,,,,,
"2025-11-10 14:18:38.9495292Z","2025-11-10 14:18:38.9495292Z","ETW","Microsoft-Windows-Kernel-Process",4,"ThreadStop Stop ","10884 bash.exe",6876,,,"10884 bash.exe",,,,,,,,,,,,,,,,,,,,,,,,,,,,,1762784318949529200,,18446606103145611264,18446606103145582592,140737324634384,0,2695168,6876,9240576,9236480,140737324634384,,,,,,,,,,,301348,,,,,,,,,,,,,,,,,,,,,,,,,,,,,,,,,,,,,,,,,
"2025-11-10 14:18:38.9496741Z","2025-11-10 14:18:38.9496741Z","ETW","Microsoft-Windows-Kernel-Process",6,"ImageUnload Info ","10884 bash.exe",6876,,,"10884 bash.exe",,,"C:\Program Files\Git\usr\bin\bash.exe",,,,,,,,,,,,,,,,,,,,,,,,,,1762784318949674100,,,,,,,,,,,4299161600,4299161600,2616686,2617344,1727168884,,,,,,,,,,,,,,,,,,,,,,,,,,,,,,,,,,,,,,,,,,,,,,,
"2025-11-10 14:18:38.9496807Z","2025-11-10 14:18:38.9496807Z","ETW","Microsoft-Windows-Kernel-Process",6,"ImageUnload Info ","10884 bash.exe",6876,,,"10884 bash.exe",,,"C:\Program Files\Git\usr\bin\msys-2.0.dll",,,,,,,,,,,,,,,,,,,,,,,,,,1762784318949680700,,,,,,,,,,,8858632192,8858632192,3356844,3530752,1752689865,,,,,,,,,,,,,,,,,,,,,,,,,,,,,,,,,,,,,,,,,,,,,,,
"2025-11-10 14:18:38.9497010Z","2025-11-10 14:18:38.9497010Z","ETW","Microsoft-Windows-Kernel-Process",6,"ImageUnload Info ","10884 bash.exe",6876,,,"10884 bash.exe",,,"C:\Windows\System32\cryptbase.dll",,,,,,,,,,,,,,,,,,,,,,,,,,1762784318949701000,,,,,,,,,,,140737272020992,140737272020992,66383,49152,1678623338,,,,,,,,,,,,,,,,,,,,,,,,,,,,,,,,,,,,,,,,,,,,,,,
"2025-11-10 14:18:38.9497104Z","2025-11-10 14:18:38.9497104Z","ETW","Microsoft-Windows-Kernel-Process",6,"ImageUnload Info ","10884 bash.exe",6876,,,"10884 bash.exe",,,"C:\Windows\System32\bcrypt.dll",,,,,,,,,,,,,,,,,,,,,,,,,,1762784318949710400,,,,,,,,,,,140737279623168,140737279623168,171668,159744,2220160889,,,,,,,,,,,,,,,,,,,,,,,,,,,,,,,,,,,,,,,,,,,,,,,
"2025-11-10 14:18:38.9497201Z","2025-11-10 14:18:38.9497201Z","ETW","Microsoft-Windows-Kernel-Process",6,"ImageUnload Info ","10884 bash.exe",6876,,,"10884 bash.exe",,,"C:\Windows\System32\msvcp_win.dll",,,,,,,,,,,,,,,,,,,,,,,,,,1762784318949720100,,,,,,,,,,,140737279819776,140737279819776,659111,643072,958749903,,,,,,,,,,,,,,,,,,,,,,,,,,,,,,,,,,,,,,,,,,,,,,,
"2025-11-10 14:18:38.9497292Z","2025-11-10 14:18:38.9497292Z","ETW","Microsoft-Windows-Kernel-Process",6,"ImageUnload Info ","10884 bash.exe",6876,,,"10884 bash.exe",,,"C:\Windows\System32\win32u.dll",,,,,,,,,,,,,,,,,,,,,,,,,,1762784318949729200,,,,,,,,,,,140737281196032,140737281196032,183095,139264,3760910660,,,,,,,,,,,,,,,,,,,,,,,,,,,,,,,,,,,,,,,,,,,,,,,
"2025-11-10 14:18:38.9497379Z","2025-11-10 14:18:38.9497379Z","ETW","Microsoft-Windows-Kernel-Process",6,"ImageUnload Info ","10884 bash.exe",6876,,,"10884 bash.exe",,,"C:\Windows\System32\gdi32full.dll",,,,,,,,,,,,,,,,,,,,,,,,,,1762784318949737900,,,,,,,,,,,140737281392640,140737281392640,1167211,1150976,1288019395,,,,,,,,,,,,,,,,,,,,,,,,,,,,,,,,,,,,,,,,,,,,,,,
"2025-11-10 14:18:38.9497474Z","2025-11-10 14:18:38.9497474Z","ETW","Microsoft-Windows-Kernel-Process",6,"ImageUnload Info ","10884 bash.exe",6876,,,"10884 bash.exe",,,"C:\Windows\System32\bcryptprimitives.dll",,,,,,,,,,,,,,,,,,,,,,,,,,1762784318949747400,,,,,,,,,,,140737282572288,140737282572288,531569,532480,3309379821,,,,,,,,,,,,,,,,,,,,,,,,,,,,,,,,,,,,,,,,,,,,,,,
"2025-11-10 14:18:38.9497564Z","2025-11-10 14:18:38.9497564Z","ETW","Microsoft-Windows-Kernel-Process",6,"ImageUnload Info ","10884 bash.exe",6876,,,"10884 bash.exe",,,"C:\Windows\System32\ucrtbase.dll",,,,,,,,,,,,,,,,,,,,,,,,,,1762784318949756400,,,,,,,,,,,140737283162112,140737283162112,1076532,1048576,2177850761,,,,,,,,,,,,,,,,,,,,,,,,,,,,,,,,,,,,,,,,,,,,,,,
"2025-11-10 14:18:38.9497660Z","2025-11-10 14:18:38.9497660Z","ETW","Microsoft-Windows-Kernel-Process",6,"ImageUnload Info ","10884 bash.exe",6876,,,"10884 bash.exe",,,"C:\Windows\System32\advapi32.dll",,,,,,,,,,,,,,,,,,,,,,,,,,1762784318949766000,,,,,,,,,,,140737306951680,140737306951680,744837,724992,4166620877,,,,,,,,,,,,,,,,,,,,,,,,,,,,,,,,,,,,,,,,,,,,,,,
"2025-11-10 14:18:38.9497752Z","2025-11-10 14:18:38.9497752Z","ETW","Microsoft-Windows-Kernel-Process",6,"ImageUnload Info ","10884 bash.exe",6876,,,"10884 bash.exe",,,"C:\Windows\System32\sechost.dll",,,,,,,,,,,,,,,,,,,,,,,,,,1762784318949775200,,,,,,,,,,,140737308262400,140737308262400,647124,651264,2117042745,,,,,,,,,,,,,,,,,,,,,,,,,,,,,,,,,,,,,,,,,,,,,,,
"2025-11-10 14:18:38.9497836Z","2025-11-10 14:18:38.9497836Z","ETW","Microsoft-Windows-Kernel-Process",6,"ImageUnload Info ","10884 bash.exe",6876,,,"10884 bash.exe",,,"C:\Windows\System32\imm32.dll",,,,,,,,,,,,,,,,,,,,,,,,,,1762784318949783600,,,,,,,,,,,140737309310976,140737309310976,238320,192512,770155462,,,,,,,,,,,,,,,,,,,,,,,,,,,,,,,,,,,,,,,,,,,,,,,
"2025-11-10 14:18:38.9497922Z","2025-11-10 14:18:38.9497922Z","ETW","Microsoft-Windows-Kernel-Process",6,"ImageUnload Info ","10884 bash.exe",6876,,,"10884 bash.exe",,,"C:\Windows\System32\gdi32.dll",,,,,,,,,,,,,,,,,,,,,,,,,,1762784318949792200,,,,,,,,,,,140737309507584,140737309507584,210990,176128,2413768611,,,,,,,,,,,,,,,,,,,,,,,,,,,,,,,,,,,,,,,,,,,,,,,
"2025-11-10 14:18:38.9498018Z","2025-11-10 14:18:38.9498018Z","ETW","Microsoft-Windows-Kernel-Process",6,"ImageUnload Info ","10884 bash.exe",6876,,,"10884 bash.exe",,,"C:\Windows\System32\msvcrt.dll",,,,,,,,,,,,,,,,,,,,,,,,,,1762784318949801800,,,,,,,,,,,140737314357248,140737314357248,681663,647168,2616593924,,,,,,,,,,,,,,,,,,,,,,,,,,,,,,,,,,,,,,,,,,,,,,,
"2025-11-10 14:18:38.9498105Z","2025-11-10 14:18:38.9498105Z","ETW","Microsoft-Windows-Kernel-Process",6,"ImageUnload Info ","10884 bash.exe",6876,,,"10884 bash.exe",,,"C:\Windows\System32\rpcrt4.dll",,,,,,,,,,,,,,,,,,,,,,,,,,1762784318949810500,,,,,,,,,,,140737317109760,140737317109760,1217917,1179648,2756017066,,,,,,,,,,,,,,,,,,,,,,,,,,,,,,,,,,,,,,,,,,,,,,,
"2025-11-10 14:18:38.9498192Z","2025-11-10 14:18:38.9498192Z","ETW","Microsoft-Windows-Kernel-Process",6,"ImageUnload Info ","10884 bash.exe",6876,,,"10884 bash.exe",,,"C:\Windows\System32\KernelBase.dll",,,,,,,,,,,,,,,,,,,,,,,,,,1762784318949819200,,,,,,,,,,,140737318289408,140737318289408,3171178,3104768,1448155220,,,,,,,,,,,,,,,,,,,,,,,,,,,,,,,,,,,,,,,,,,,,,,,
"2025-11-10 14:18:38.9498280Z","2025-11-10 14:18:38.9498280Z","ETW","Microsoft-Windows-Kernel-Process",6,"ImageUnload Info ","10884 bash.exe",6876,,,"10884 bash.exe",,,"C:\Windows\System32\kernel32.dll",,,,,,,,,,,,,,,,,,,,,,,,,,1762784318949828000,,,,,,,,,,,140737321435136,140737321435136,801304,794624,4007722010,,,,,,,,,,,,,,,,,,,,,,,,,,,,,,,,,,,,,,,,,,,,,,,
"2025-11-10 14:18:38.9498365Z","2025-11-10 14:18:38.9498365Z","ETW","Microsoft-Windows-Kernel-Process",6,"ImageUnload Info ","10884 bash.exe",6876,,,"10884 bash.exe",,,"C:\Windows\System32\user32.dll",,,,,,,,,,,,,,,,,,,,,,,,,,1762784318949836500,,,,,,,,,,,140737322287104,140737322287104,1767867,1708032,1351922499,,,,,,,,,,,,,,,,,,,,,,,,,,,,,,,,,,,,,,,,,,,,,,,
"2025-11-10 14:18:38.9498454Z","2025-11-10 14:18:38.9498454Z","ETW","Microsoft-Windows-Kernel-Process",6,"ImageUnload Info ","10884 bash.exe",6876,,,"10884 bash.exe",,,"C:\Windows\System32\ntdll.dll",,,,,,,,,,,,,,,,,,,,,,,,,,1762784318949845400,,,,,,,,,,,140737324318720,140737324318720,2048895,2064384,2127151453,,,,,,,,,,,,,,,,,,,,,,,,,,,,,,,,,,,,,,,,,,,,,,,
"2025-11-10 14:18:38.9498519Z","2025-11-10 14:18:38.9498519Z","ETW","Microsoft-Windows-Kernel-Process",2,"ProcessStop Stop ","10884 bash.exe",6876,,,"10884 bash.exe",,,"bash.exe",,,,,,,,,,,,,,,,,,,,,,,,,,1762784318949851900,,,,,,,,,,,,,,,,,,,,,,,,134072579187647836,,,,,,,25940,,,,,,,,,,,,,,7675904,7725056,85529256,0,134072579189496326,147,0,3,1,3,0,0,,,,,,
"2025-11-10 14:18:38.9505279Z","2025-11-10 14:18:38.9505279Z","ETW","Microsoft-Windows-Kernel-Audit-API-Calls",5,"PsOpenProcess"," 7972 bash.exe",10004,,,"11184 bash.exe",,,,,,,,,,,,,,,,,,,,,,,,,,,,,1762784318950527900,,,,,,,,,,,,,,,,4096,0,,,,,,,,,,,,,,,,,,,,,,,,,,,,,,,,,,,,,,,,,,,,,
"2025-11-10 14:18:38.9505710Z","2025-11-10 14:18:38.9505710Z","ETW","Microsoft-Windows-Kernel-Audit-API-Calls",5,"PsOpenProcess"," 7972 bash.exe",10004,,,"10364 mintty.exe",,,,,,,,,,,,,,,,,,,,,,,,,,,,,1762784318950571000,,,,,,,,,,,,,,,,4096,0,,,,,,,,,,,,,,,,,,,,,,,,,,,,,,,,,,,,,,,,,,,,,
"2025-11-10 14:18:38.9505953Z","2025-11-10 14:18:38.9505953Z","ETW","Microsoft-Windows-Kernel-Audit-API-Calls",5,"PsOpenProcess"," 7972 bash.exe",10004,,," 2392 bash.exe",,,,,,,,,,,,,,,,,,,,,,,,,,,,,1762784318950595300,,,,,,,,,,,,,,,,4096,0,,,,,,,,,,,,,,,,,,,,,,,,,,,,,,,,,,,,,,,,,,,,,
"2025-11-10 14:18:38.9507242Z","2025-11-10 14:18:38.9507242Z","ETW","Microsoft-Windows-Kernel-Audit-API-Calls",5,"PsOpenProcess"," 7972 bash.exe",10004,,,"11184 bash.exe",,,,,,,,,,,,,,,,,,,,,,,,,,,,,1762784318950724200,,,,,,,,,,,,,,,,4096,0,,,,,,,,,,,,,,,,,,,,,,,,,,,,,,,,,,,,,,,,,,,,,
"2025-11-10 14:18:38.9507448Z","2025-11-10 14:18:38.9507448Z","ETW","Microsoft-Windows-Kernel-Audit-API-Calls",5,"PsOpenProcess"," 7972 bash.exe",10004,,,"10364 mintty.exe",,,,,,,,,,,,,,,,,,,,,,,,,,,,,1762784318950744800,,,,,,,,,,,,,,,,4096,0,,,,,,,,,,,,,,,,,,,,,,,,,,,,,,,,,,,,,,,,,,,,,
"2025-11-10 14:18:38.9507636Z","2025-11-10 14:18:38.9507636Z","ETW","Microsoft-Windows-Kernel-Audit-API-Calls",5,"PsOpenProcess"," 7972 bash.exe",10004,,," 2392 bash.exe",,,,,,,,,,,,,,,,,,,,,,,,,,,,,1762784318950763600,,,,,,,,,,,,,,,,4096,0,,,,,,,,,,,,,,,,,,,,,,,,,,,,,,,,,,,,,,,,,,,,,
"2025-11-10 14:18:38.9515277Z","2025-11-10 14:18:38.9515277Z","ETW","Microsoft-Windows-Kernel-Process",4,"ThreadStop Stop "," 7972 bash.exe",12076,,," 7972 bash.exe",,,,,,,,,,,,,,,,,,,,,,,,,,,,,1762784318951527700,,18446606103145480192,18446606103145451520,8858653840,0,3379200,12076,48562176,48545792,8858653840,,,,,,,,,,,438734,,,,,,,,,,,,,,,,,,,,,,,,,,,,,,,,,,,,,,,,,
"2025-11-10 14:18:38.9515304Z","2025-11-10 14:18:38.9515304Z","ETW","Microsoft-Windows-Kernel-Process",4,"ThreadStop Stop "," 7972 bash.exe",3264,,," 7972 bash.exe",,,,,,,,,,,,,,,,,,,,,,,,,,,,,1762784318951530400,,18446606103145709568,18446606103145680896,8858653840,0,3362816,3264,38862848,38842368,8858653840,,,,,,,,,,,948975,,,,,,,,,,,,,,,,,,,,,,,,,,,,,,,,,,,,,,,,,
"2025-11-10 14:18:38.9515650Z","2025-11-10 14:18:38.9515650Z","ETW","Microsoft-Windows-Kernel-Process",4,"ThreadStop Stop "," 7972 bash.exe",10004,,," 7972 bash.exe",,,,,,,,,,,,,,,,,,,,,,,,,,,,,1762784318951565000,,18446606103145414656,18446606103145385984,4299165696,0,3346432,10004,34359738368,34359672832,4299165696,,,,,,,,,,,44995874,,,,,,,,,,,,,,,,,,,,,,,,,,,,,,,,,,,,,,,,,
"2025-11-10 14:18:38.9518010Z","2025-11-10 14:18:38.9518010Z","ETW","Microsoft-Windows-Kernel-Process",4,"ThreadStop Stop "," 7972 bash.exe",4496,,," 7972 bash.exe",,,,,,,,,,,,,,,,,,,,,,,,,,,,,1762784318951801000,,18446606103145447424,18446606103145418752,140737324634384,0,3371008,4496,40960000,40955904,140737324634384,,,,,,,,,,,36172,,,,,,,,,,,,,,,,,,,,,,,,,,,,,,,,,,,,,,,,,
"2025-11-10 14:18:38.9518283Z","2025-11-10 14:18:38.9518283Z","ETW","Microsoft-Windows-Kernel-Process",4,"ThreadStop Stop "," 7972 bash.exe",12068,,," 7972 bash.exe",,,,,,,,,,,,,,,,,,,,,,,,,,,,,1762784318951828300,,18446606103145119744,18446606103145091072,140737324634384,0,3354624,12068,10616832,10612736,140737324634384,,,,,,,,,,,329498,,,,,,,,,,,,,,,,,,,,,,,,,,,,,,,,,,,,,,,,,
"2025-11-10 14:18:38.9519725Z","2025-11-10 14:18:38.9519725Z","ETW","Microsoft-Windows-Kernel-Process",6,"ImageUnload Info "," 7972 bash.exe",12068,,," 7972 bash.exe",,,"C:\Program Files\Git\usr\bin\bash.exe",,,,,,,,,,,,,,,,,,,,,,,,,,1762784318951972500,,,,,,,,,,,4299161600,4299161600,2616686,2617344,1727168884,,,,,,,,,,,,,,,,,,,,,,,,,,,,,,,,,,,,,,,,,,,,,,,
"2025-11-10 14:18:38.9519780Z","2025-11-10 14:18:38.9519780Z","ETW","Microsoft-Windows-Kernel-Process",6,"ImageUnload Info "," 7972 bash.exe",12068,,," 7972 bash.exe",,,"C:\Program Files\Git\usr\bin\msys-2.0.dll",,,,,,,,,,,,,,,,,,,,,,,,,,1762784318951978000,,,,,,,,,,,8858632192,8858632192,3356844,3530752,1752689865,,,,,,,,,,,,,,,,,,,,,,,,,,,,,,,,,,,,,,,,,,,,,,,
"2025-11-10 14:18:38.9519966Z","2025-11-10 14:18:38.9519966Z","ETW","Microsoft-Windows-Kernel-Process",6,"ImageUnload Info "," 7972 bash.exe",12068,,," 7972 bash.exe",,,"C:\Windows\System32\cryptbase.dll",,,,,,,,,,,,,,,,,,,,,,,,,,1762784318951996600,,,,,,,,,,,140737272020992,140737272020992,66383,49152,1678623338,,,,,,,,,,,,,,,,,,,,,,,,,,,,,,,,,,,,,,,,,,,,,,,
"2025-11-10 14:18:38.9520055Z","2025-11-10 14:18:38.9520055Z","ETW","Microsoft-Windows-Kernel-Process",6,"ImageUnload Info "," 7972 bash.exe",12068,,," 7972 bash.exe",,,"C:\Windows\System32\bcrypt.dll",,,,,,,,,,,,,,,,,,,,,,,,,,1762784318952005500,,,,,,,,,,,140737279623168,140737279623168,171668,159744,2220160889,,,,,,,,,,,,,,,,,,,,,,,,,,,,,,,,,,,,,,,,,,,,,,,
"2025-11-10 14:18:38.9520141Z","2025-11-10 14:18:38.9520141Z","ETW","Microsoft-Windows-Kernel-Process",6,"ImageUnload Info "," 7972 bash.exe",12068,,," 7972 bash.exe",,,"C:\Windows\System32\msvcp_win.dll",,,,,,,,,,,,,,,,,,,,,,,,,,1762784318952014100,,,,,,,,,,,140737279819776,140737279819776,659111,643072,958749903,,,,,,,,,,,,,,,,,,,,,,,,,,,,,,,,,,,,,,,,,,,,,,,
"2025-11-10 14:18:38.9520225Z","2025-11-10 14:18:38.9520225Z","ETW","Microsoft-Windows-Kernel-Process",6,"ImageUnload Info "," 7972 bash.exe",12068,,," 7972 bash.exe",,,"C:\Windows\System32\win32u.dll",,,,,,,,,,,,,,,,,,,,,,,,,,1762784318952022500,,,,,,,,,,,140737281196032,140737281196032,183095,139264,3760910660,,,,,,,,,,,,,,,,,,,,,,,,,,,,,,,,,,,,,,,,,,,,,,,
"2025-11-10 14:18:38.9520309Z","2025-11-10 14:18:38.9520309Z","ETW","Microsoft-Windows-Kernel-Process",6,"ImageUnload Info "," 7972 bash.exe",12068,,," 7972 bash.exe",,,"C:\Windows\System32\gdi32full.dll",,,,,,,,,,,,,,,,,,,,,,,,,,1762784318952030900,,,,,,,,,,,140737281392640,140737281392640,1167211,1150976,1288019395,,,,,,,,,,,,,,,,,,,,,,,,,,,,,,,,,,,,,,,,,,,,,,,
"2025-11-10 14:18:38.9520394Z","2025-11-10 14:18:38.9520394Z","ETW","Microsoft-Windows-Kernel-Process",6,"ImageUnload Info "," 7972 bash.exe",12068,,," 7972 bash.exe",,,"C:\Windows\System32\bcryptprimitives.dll",,,,,,,,,,,,,,,,,,,,,,,,,,1762784318952039400,,,,,,,,,,,140737282572288,140737282572288,531569,532480,3309379821,,,,,,,,,,,,,,,,,,,,,,,,,,,,,,,,,,,,,,,,,,,,,,,
"2025-11-10 14:18:38.9520473Z","2025-11-10 14:18:38.9520473Z","ETW","Microsoft-Windows-Kernel-Process",6,"ImageUnload Info "," 7972 bash.exe",12068,,," 7972 bash.exe",,,"C:\Windows\System32\ucrtbase.dll",,,,,,,,,,,,,,,,,,,,,,,,,,1762784318952047300,,,,,,,,,,,140737283162112,140737283162112,1076532,1048576,2177850761,,,,,,,,,,,,,,,,,,,,,,,,,,,,,,,,,,,,,,,,,,,,,,,
"2025-11-10 14:18:38.9520555Z","2025-11-10 14:18:38.9520555Z","ETW","Microsoft-Windows-Kernel-Process",6,"ImageUnload Info "," 7972 bash.exe",12068,,," 7972 bash.exe",,,"C:\Windows\System32\advapi32.dll",,,,,,,,,,,,,,,,,,,,,,,,,,1762784318952055500,,,,,,,,,,,140737306951680,140737306951680,744837,724992,4166620877,,,,,,,,,,,,,,,,,,,,,,,,,,,,,,,,,,,,,,,,,,,,,,,
"2025-11-10 14:18:38.9520639Z","2025-11-10 14:18:38.9520639Z","ETW","Microsoft-Windows-Kernel-Process",6,"ImageUnload Info "," 7972 bash.exe",12068,,," 7972 bash.exe",,,"C:\Windows\System32\sechost.dll",,,,,,,,,,,,,,,,,,,,,,,,,,1762784318952063900,,,,,,,,,,,140737308262400,140737308262400,647124,651264,2117042745,,,,,,,,,,,,,,,,,,,,,,,,,,,,,,,,,,,,,,,,,,,,,,,
"2025-11-10 14:18:38.9520718Z","2025-11-10 14:18:38.9520718Z","ETW","Microsoft-Windows-Kernel-Process",6,"ImageUnload Info "," 7972 bash.exe",12068,,," 7972 bash.exe",,,"C:\Windows\System32\imm32.dll",,,,,,,,,,,,,,,,,,,,,,,,,,1762784318952071800,,,,,,,,,,,140737309310976,140737309310976,238320,192512,770155462,,,,,,,,,,,,,,,,,,,,,,,,,,,,,,,,,,,,,,,,,,,,,,,
"2025-11-10 14:18:38.9520803Z","2025-11-10 14:18:38.9520803Z","ETW","Microsoft-Windows-Kernel-Process",6,"ImageUnload Info "," 7972 bash.exe",12068,,," 7972 bash.exe",,,"C:\Windows\System32\gdi32.dll",,,,,,,,,,,,,,,,,,,,,,,,,,1762784318952080300,,,,,,,,,,,140737309507584,140737309507584,210990,176128,2413768611,,,,,,,,,,,,,,,,,,,,,,,,,,,,,,,,,,,,,,,,,,,,,,,
"2025-11-10 14:18:38.9520883Z","2025-11-10 14:18:38.9520883Z","ETW","Microsoft-Windows-Kernel-Process",6,"ImageUnload Info "," 7972 bash.exe",12068,,," 7972 bash.exe",,,"C:\Windows\System32\msvcrt.dll",,,,,,,,,,,,,,,,,,,,,,,,,,1762784318952088300,,,,,,,,,,,140737314357248,140737314357248,681663,647168,2616593924,,,,,,,,,,,,,,,,,,,,,,,,,,,,,,,,,,,,,,,,,,,,,,,
"2025-11-10 14:18:38.9520964Z","2025-11-10 14:18:38.9520964Z","ETW","Microsoft-Windows-Kernel-Process",6,"ImageUnload Info "," 7972 bash.exe",12068,,," 7972 bash.exe",,,"C:\Windows\System32\rpcrt4.dll",,,,,,,,,,,,,,,,,,,,,,,,,,1762784318952096400,,,,,,,,,,,140737317109760,140737317109760,1217917,1179648,2756017066,,,,,,,,,,,,,,,,,,,,,,,,,,,,,,,,,,,,,,,,,,,,,,,
"2025-11-10 14:18:38.9521048Z","2025-11-10 14:18:38.9521048Z","ETW","Microsoft-Windows-Kernel-Process",6,"ImageUnload Info "," 7972 bash.exe",12068,,," 7972 bash.exe",,,"C:\Windows\System32\KernelBase.dll",,,,,,,,,,,,,,,,,,,,,,,,,,1762784318952104800,,,,,,,,,,,140737318289408,140737318289408,3171178,3104768,1448155220,,,,,,,,,,,,,,,,,,,,,,,,,,,,,,,,,,,,,,,,,,,,,,,
"2025-11-10 14:18:38.9521129Z","2025-11-10 14:18:38.9521129Z","ETW","Microsoft-Windows-Kernel-Process",6,"ImageUnload Info "," 7972 bash.exe",12068,,," 7972 bash.exe",,,"C:\Windows\System32\kernel32.dll",,,,,,,,,,,,,,,,,,,,,,,,,,1762784318952112900,,,,,,,,,,,140737321435136,140737321435136,801304,794624,4007722010,,,,,,,,,,,,,,,,,,,,,,,,,,,,,,,,,,,,,,,,,,,,,,,
"2025-11-10 14:18:38.9521209Z","2025-11-10 14:18:38.9521209Z","ETW","Microsoft-Windows-Kernel-Process",6,"ImageUnload Info "," 7972 bash.exe",12068,,," 7972 bash.exe",,,"C:\Windows\System32\user32.dll",,,,,,,,,,,,,,,,,,,,,,,,,,1762784318952120900,,,,,,,,,,,140737322287104,140737322287104,1767867,1708032,1351922499,,,,,,,,,,,,,,,,,,,,,,,,,,,,,,,,,,,,,,,,,,,,,,,
"2025-11-10 14:18:38.9521290Z","2025-11-10 14:18:38.9521290Z","ETW","Microsoft-Windows-Kernel-Process",6,"ImageUnload Info "," 7972 bash.exe",12068,,," 7972 bash.exe",,,"C:\Windows\System32\ntdll.dll",,,,,,,,,,,,,,,,,,,,,,,,,,1762784318952129000,,,,,,,,,,,140737324318720,140737324318720,2048895,2064384,2127151453,,,,,,,,,,,,,,,,,,,,,,,,,,,,,,,,,,,,,,,,,,,,,,,
"2025-11-10 14:18:38.9521353Z","2025-11-10 14:18:38.9521353Z","ETW","Microsoft-Windows-Kernel-Process",2,"ProcessStop Stop "," 7972 bash.exe",12068,,," 7972 bash.exe",,,"bash.exe",,,,,,,,,,,,,,,,,,,,,,,,,,1762784318952135300,,,,,,,,,,,,,,,,,,,,,,,,134072579187235231,,,,,,,25939,,,,,,,,,,,,,,7680000,7729152,47667095,0,134072579189519494,136,0,8,1,3,6,1,,,,,,
"2025-11-10 14:18:38.9543140Z","2025-11-10 14:18:38.9543140Z","ETW","Microsoft-Windows-Kernel-Process",1,"ProcessStart Start ","11184 bash.exe",11988,,,"10472 bash.exe",,,"C:\Program Files\Git\usr\bin\bash.exe",,,,,,,,,,,,,,,,,,,,,,,,,,1762784318954314000,,,,,,,,,,,,,2616686,,1727168884,,,,,,,,,134072579189542757,0,"0x","","",11184,25938,25944,3,0,1,,,,,,,,,,,,,,,,,,,,,,,,,,,,
"2025-11-10 14:18:38.9544271Z","2025-11-10 14:18:38.9544271Z","ETW","Microsoft-Windows-Kernel-Audit-API-Calls",6,"PsOpenThread"," 2972 cyserver.exe",7728,,,"11184 bash.exe",11988,,,,,,,,,,,,,,,,,,,,,,,,,,,,1762784318954427100,,,,,,,,,,,,,,,,64,0,,,,,,,,,,,,,,,,,,,,,,,,,,,,,,,,,,,,,,,,,,,,,
"2025-11-10 14:18:38.9544365Z","2025-11-10 14:18:38.9544365Z","ETW","Microsoft-Windows-Kernel-Audit-API-Calls",5,"PsOpenProcess"," 2972 cyserver.exe",7728,,,"11184 bash.exe",,,,,,,,,,,,,,,,,,,,,,,,,,,,,1762784318954436500,,,,,,,,,,,,,,,,1024,0,,,,,,,,,,,,,,,,,,,,,,,,,,,,,,,,,,,,,,,,,,,,,
"2025-11-10 14:18:38.9554320Z","2025-11-10 14:18:38.9554320Z","ETW","Microsoft-Windows-Kernel-Audit-API-Calls",6,"PsOpenThread"," 2972 cyserver.exe",7160,,,"11184 bash.exe",11988,,,,,,,,,,,,,,,,,,,,,,,,,,,,1762784318955432000,,,,,,,,,,,,,,,,64,0,,,,,,,,,,,,,,,,,,,,,,,,,,,,,,,,,,,,,,,,,,,,,
"2025-11-10 14:18:38.9554419Z","2025-11-10 14:18:38.9554419Z","ETW","Microsoft-Windows-Kernel-Audit-API-Calls",5,"PsOpenProcess"," 2972 cyserver.exe",7160,,,"11184 bash.exe",,,,,,,,,,,,,,,,,,,,,,,,,,,,,1762784318955441900,,,,,,,,,,,,,,,,1024,0,,,,,,,,,,,,,,,,,,,,,,,,,,,,,,,,,,,,,,,,,,,,,
"2025-11-10 14:18:38.9585895Z","2025-11-10 14:18:38.9585895Z","ETW","Microsoft-Windows-Kernel-Audit-API-Calls",5,"PsOpenProcess"," 2972 cyserver.exe",7160,,,"10472 bash.exe",,,,,,,,,,,,,,,,,,,,,,,,,,,,,1762784318958589500,,,,,,,,,,,,,,,,2147483648,0,,,,,,,,,,,,,,,,,,,,,,,,,,,,,,,,,,,,,,,,,,,,,
"2025-11-10 14:18:38.9665268Z","2025-11-10 14:18:38.9665268Z","ETW","Microsoft-Windows-Kernel-Process",3,"ThreadStart Start ","11184 bash.exe",11988,,,"10472 bash.exe",,,,,,,,,,,,,,,,,,,,,,,,,,,,,1762784318966526800,,18446606103145119744,18446606103145091072,4299165696,0,3387392,10000,6291456,6287360,4299165696,,,,,,,,,,,,,,,,,,,,,,,,,,,,,,,,,,,,,,,,,,,,,,,,,,,,
"2025-11-10 14:18:38.9665481Z","2025-11-10 14:18:38.9665481Z","ETW","Microsoft-Windows-Kernel-Audit-API-Calls",6,"PsOpenThread","11184 bash.exe",11988,,,"10472 bash.exe",10000,,,,,,,,,,,,,,,,,,,,,,,,,,,,1762784318966548100,,,,,,,,,,,,,,,,64,0,,,,,,,,,,,,,,,,,,,,,,,,,,,,,,,,,,,,,,,,,,,,,
"2025-11-10 14:18:38.9670394Z","2025-11-10 14:18:38.9670394Z","ETW","Microsoft-Windows-Kernel-Audit-API-Calls",5,"PsOpenProcess","  576 csrss.exe",688,,,"10472 bash.exe",,,,,,,,,,,,,,,,,,,,,,,,,,,,,1762784318967039400,,,,,,,,,,,,,,,,2097151,0,,,,,,,,,,,,,,,,,,,,,,,,,,,,,,,,,,,,,,,,,,,,,
"2025-11-10 14:18:38.9670515Z","2025-11-10 14:18:38.9670515Z","ETW","Microsoft-Windows-Kernel-Audit-API-Calls",6,"PsOpenThread","  576 csrss.exe",688,,,"10472 bash.exe",10000,,,,,,,,,,,,,,,,,,,,,,,,,,,,1762784318967051500,,,,,,,,,,,,,,,,2097151,0,,,,,,,,,,,,,,,,,,,,,,,,,,,,,,,,,,,,,,,,,,,,,
"2025-11-10 14:18:38.9693745Z","2025-11-10 14:18:38.9693745Z","ETW","Microsoft-Windows-Kernel-Process",5,"ImageLoad Info ","10472 bash.exe",10000,,,"10472 bash.exe",,,"C:\Program Files\Git\usr\bin\bash.exe",,,,,,,,,,,,,,,,,,,,,,,,,,1762784318969374500,,,,,,,,,,,4299161600,4299161600,2616686,2617344,1727168884,,,,,,,,,,,,,,,,,,,,,,,,,,,,,,,,,,,,,,,,,,,,,,,
"2025-11-10 14:18:38.9695499Z","2025-11-10 14:18:38.9695499Z","ETW","Microsoft-Windows-Kernel-Process",5,"ImageLoad Info ","10472 bash.exe",10000,,,"10472 bash.exe",,,"C:\Windows\System32\ntdll.dll",,,,,,,,,,,,,,,,,,,,,,,,,,1762784318969549900,,,,,,,,,,,140737324318720,140737324318720,2048895,2064384,2127151453,,,,,,,,,,,,,,,,,,,,,,,,,,,,,,,,,,,,,,,,,,,,,,,
"2025-11-10 14:18:38.9702816Z","2025-11-10 14:18:38.9702816Z","ETW","Microsoft-Windows-Kernel-Process",5,"ImageLoad Info ","10472 bash.exe",10000,,,"10472 bash.exe",,,"C:\Windows\System32\kernel32.dll",,,,,,,,,,,,,,,,,,,,,,,,,,1762784318970281600,,,,,,,,,,,140737321435136,140737321435136,801304,794624,4007722010,,,,,,,,,,,,,,,,,,,,,,,,,,,,,,,,,,,,,,,,,,,,,,,
"2025-11-10 14:18:38.9705072Z","2025-11-10 14:18:38.9705072Z","ETW","Microsoft-Windows-Kernel-Process",5,"ImageLoad Info ","10472 bash.exe",10000,,,"10472 bash.exe",,,"C:\Windows\System32\KernelBase.dll",,,,,,,,,,,,,,,,,,,,,,,,,,1762784318970507200,,,,,,,,,,,140737318289408,140737318289408,3171178,3104768,1448155220,,,,,,,,,,,,,,,,,,,,,,,,,,,,,,,,,,,,,,,,,,,,,,,
"2025-11-10 14:18:38.9724172Z","2025-11-10 14:18:38.9724172Z","ETW","Microsoft-Windows-Kernel-Audit-API-Calls",5,"PsOpenProcess"," 3032 conhost.exe",5540,,,"10472 bash.exe",,,,,,,,,,,,,,,,,,,,,,,,,,,,,1762784318972417200,,,,,,,,,,,,,,,,33554432,0,,,,,,,,,,,,,,,,,,,,,,,,,,,,,,,,,,,,,,,,,,,,,
"2025-11-10 14:18:38.9733982Z","2025-11-10 14:18:38.9733982Z","ETW","Microsoft-Windows-Kernel-Process",3,"ThreadStart Start ","10472 bash.exe",10000,,,"10472 bash.exe",,,,,,,,,,,,,,,,,,,,,,,,,,,,,1762784318973398200,,18446606103145414656,18446606103145385984,140737324634384,0,3395584,10852,9240576,9236480,140737324634384,,,,,,,,,,,,,,,,,,,,,,,,,,,,,,,,,,,,,,,,,,,,,,,,,,,,
"2025-11-10 14:18:38.9734178Z","2025-11-10 14:18:38.9734178Z","ETW","Microsoft-Windows-Kernel-Audit-API-Calls",6,"PsOpenThread","10472 bash.exe",10000,,,"10472 bash.exe",10852,,,,,,,,,,,,,,,,,,,,,,,,,,,,1762784318973417800,,,,,,,,,,,,,,,,64,0,,,,,,,,,,,,,,,,,,,,,,,,,,,,,,,,,,,,,,,,,,,,,
"2025-11-10 14:18:38.9734875Z","2025-11-10 14:18:38.9734875Z","ETW","Microsoft-Windows-Kernel-Process",5,"ImageLoad Info ","10472 bash.exe",10000,,,"10472 bash.exe",,,"C:\Windows\System32\user32.dll",,,,,,,,,,,,,,,,,,,,,,,,,,1762784318973487500,,,,,,,,,,,140737322287104,140737322287104,1767867,1708032,1351922499,,,,,,,,,,,,,,,,,,,,,,,,,,,,,,,,,,,,,,,,,,,,,,,
"2025-11-10 14:18:38.9737099Z","2025-11-10 14:18:38.9737099Z","ETW","Microsoft-Windows-Kernel-Process",5,"ImageLoad Info ","10472 bash.exe",10000,,,"10472 bash.exe",,,"C:\Windows\System32\win32u.dll",,,,,,,,,,,,,,,,,,,,,,,,,,1762784318973709900,,,,,,,,,,,140737281196032,140737281196032,183095,139264,3760910660,,,,,,,,,,,,,,,,,,,,,,,,,,,,,,,,,,,,,,,,,,,,,,,
"2025-11-10 14:18:38.9738878Z","2025-11-10 14:18:38.9738878Z","ETW","Microsoft-Windows-Kernel-Process",5,"ImageLoad Info ","10472 bash.exe",10000,,,"10472 bash.exe",,,"C:\Windows\System32\gdi32.dll",,,,,,,,,,,,,,,,,,,,,,,,,,1762784318973887800,,,,,,,,,,,140737309507584,140737309507584,210990,176128,2413768611,,,,,,,,,,,,,,,,,,,,,,,,,,,,,,,,,,,,,,,,,,,,,,,
"2025-11-10 14:18:38.9741857Z","2025-11-10 14:18:38.9741857Z","ETW","Microsoft-Windows-Kernel-Process",5,"ImageLoad Info ","10472 bash.exe",10000,,,"10472 bash.exe",,,"C:\Windows\System32\gdi32full.dll",,,,,,,,,,,,,,,,,,,,,,,,,,1762784318974185700,,,,,,,,,,,140737281392640,140737281392640,1167211,1150976,1288019395,,,,,,,,,,,,,,,,,,,,,,,,,,,,,,,,,,,,,,,,,,,,,,,
"2025-11-10 14:18:38.9744001Z","2025-11-10 14:18:38.9744001Z","ETW","Microsoft-Windows-Kernel-Process",5,"ImageLoad Info ","10472 bash.exe",10000,,,"10472 bash.exe",,,"C:\Windows\System32\msvcp_win.dll",,,,,,,,,,,,,,,,,,,,,,,,,,1762784318974400100,,,,,,,,,,,140737279819776,140737279819776,659111,643072,958749903,,,,,,,,,,,,,,,,,,,,,,,,,,,,,,,,,,,,,,,,,,,,,,,
"2025-11-10 14:18:38.9745578Z","2025-11-10 14:18:38.9745578Z","ETW","Microsoft-Windows-Kernel-Process",5,"ImageLoad Info ","10472 bash.exe",10000,,,"10472 bash.exe",,,"C:\Windows\System32\ucrtbase.dll",,,,,,,,,,,,,,,,,,,,,,,,,,1762784318974557800,,,,,,,,,,,140737283162112,140737283162112,1076532,1048576,2177850761,,,,,,,,,,,,,,,,,,,,,,,,,,,,,,,,,,,,,,,,,,,,,,,
"2025-11-10 14:18:38.9750167Z","2025-11-10 14:18:38.9750167Z","ETW","Microsoft-Windows-Kernel-Process",5,"ImageLoad Info ","10472 bash.exe",10000,,,"10472 bash.exe",,,"C:\Program Files\Git\usr\bin\msys-2.0.dll",,,,,,,,,,,,,,,,,,,,,,,,,,1762784318975016700,,,,,,,,,,,8858632192,8858632192,3356844,3530752,1752689865,,,,,,,,,,,,,,,,,,,,,,,,,,,,,,,,,,,,,,,,,,,,,,,
"2025-11-10 14:18:38.9751020Z","2025-11-10 14:18:38.9751020Z","ETW","Microsoft-Windows-Kernel-Audit-API-Calls",6,"PsOpenThread"," 2972 cyserver.exe",7532,,,"10472 bash.exe",10000,,,,,,,,,,,,,,,,,,,,,,,,,,,,1762784318975102000,,,,,,,,,,,,,,,,64,0,,,,,,,,,,,,,,,,,,,,,,,,,,,,,,,,,,,,,,,,,,,,,
"2025-11-10 14:18:38.9751113Z","2025-11-10 14:18:38.9751113Z","ETW","Microsoft-Windows-Kernel-Audit-API-Calls",5,"PsOpenProcess"," 2972 cyserver.exe",7532,,,"10472 bash.exe",,,,,,,,,,,,,,,,,,,,,,,,,,,,,1762784318975111300,,,,,,,,,,,,,,,,1024,0,,,,,,,,,,,,,,,,,,,,,,,,,,,,,,,,,,,,,,,,,,,,,
"2025-11-10 14:18:38.9789267Z","2025-11-10 14:18:38.9789267Z","ETW","Microsoft-Windows-Kernel-Process",5,"ImageLoad Info ","10472 bash.exe",10000,,,"10472 bash.exe",,,"C:\Windows\System32\advapi32.dll",,,,,,,,,,,,,,,,,,,,,,,,,,1762784318978926700,,,,,,,,,,,140737306951680,140737306951680,744837,724992,4166620877,,,,,,,,,,,,,,,,,,,,,,,,,,,,,,,,,,,,,,,,,,,,,,,
"2025-11-10 14:18:38.9791448Z","2025-11-10 14:18:38.9791448Z","ETW","Microsoft-Windows-Kernel-Process",5,"ImageLoad Info ","10472 bash.exe",10000,,,"10472 bash.exe",,,"C:\Windows\System32\msvcrt.dll",,,,,,,,,,,,,,,,,,,,,,,,,,1762784318979144800,,,,,,,,,,,140737314357248,140737314357248,681663,647168,2616593924,,,,,,,,,,,,,,,,,,,,,,,,,,,,,,,,,,,,,,,,,,,,,,,
"2025-11-10 14:18:38.9793244Z","2025-11-10 14:18:38.9793244Z","ETW","Microsoft-Windows-Kernel-Process",5,"ImageLoad Info ","10472 bash.exe",10000,,,"10472 bash.exe",,,"C:\Windows\System32\sechost.dll",,,,,,,,,,,,,,,,,,,,,,,,,,1762784318979324400,,,,,,,,,,,140737308262400,140737308262400,647124,651264,2117042745,,,,,,,,,,,,,,,,,,,,,,,,,,,,,,,,,,,,,,,,,,,,,,,
"2025-11-10 14:18:38.9794911Z","2025-11-10 14:18:38.9794911Z","ETW","Microsoft-Windows-Kernel-Process",5,"ImageLoad Info ","10472 bash.exe",10000,,,"10472 bash.exe",,,"C:\Windows\System32\rpcrt4.dll",,,,,,,,,,,,,,,,,,,,,,,,,,1762784318979491100,,,,,,,,,,,140737317109760,140737317109760,1217917,1179648,2756017066,,,,,,,,,,,,,,,,,,,,,,,,,,,,,,,,,,,,,,,,,,,,,,,
"2025-11-10 14:18:38.9796920Z","2025-11-10 14:18:38.9796920Z","ETW","Microsoft-Windows-Kernel-Process",5,"ImageLoad Info ","10472 bash.exe",10000,,,"10472 bash.exe",,,"C:\Windows\System32\bcrypt.dll",,,,,,,,,,,,,,,,,,,,,,,,,,1762784318979692000,,,,,,,,,,,140737279623168,140737279623168,171668,159744,2220160889,,,,,,,,,,,,,,,,,,,,,,,,,,,,,,,,,,,,,,,,,,,,,,,
"2025-11-10 14:18:38.9803618Z","2025-11-10 14:18:38.9803618Z","ETW","Microsoft-Windows-Kernel-Process",3,"ThreadStart Start ","10472 bash.exe",10852,,,"10472 bash.exe",,,,,,,,,,,,,,,,,,,,,,,,,,,,,1762784318980361800,,18446606103145611264,18446606103145582592,140737324634384,0,3403776,12264,11927552,11923456,140737324634384,,,,,,,,,,,,,,,,,,,,,,,,,,,,,,,,,,,,,,,,,,,,,,,,,,,,
"2025-11-10 14:18:38.9803822Z","2025-11-10 14:18:38.9803822Z","ETW","Microsoft-Windows-Kernel-Audit-API-Calls",6,"PsOpenThread","10472 bash.exe",10852,,,"10472 bash.exe",12264,,,,,,,,,,,,,,,,,,,,,,,,,,,,1762784318980382200,,,,,,,,,,,,,,,,64,0,,,,,,,,,,,,,,,,,,,,,,,,,,,,,,,,,,,,,,,,,,,,,
"2025-11-10 14:18:38.9810520Z","2025-11-10 14:18:38.9810520Z","ETW","Microsoft-Windows-Kernel-Process",5,"ImageLoad Info ","10472 bash.exe",10000,,,"10472 bash.exe",,,"C:\Windows\System32\cryptbase.dll",,,,,,,,,,,,,,,,,,,,,,,,,,1762784318981052000,,,,,,,,,,,140737272020992,140737272020992,66383,49152,1678623338,,,,,,,,,,,,,,,,,,,,,,,,,,,,,,,,,,,,,,,,,,,,,,,
"2025-11-10 14:18:38.9814021Z","2025-11-10 14:18:38.9814021Z","ETW","Microsoft-Windows-Kernel-Process",5,"ImageLoad Info ","10472 bash.exe",10000,,,"10472 bash.exe",,,"C:\Windows\System32\bcryptprimitives.dll",,,,,,,,,,,,,,,,,,,,,,,,,,1762784318981402100,,,,,,,,,,,140737282572288,140737282572288,531569,532480,3309379821,,,,,,,,,,,,,,,,,,,,,,,,,,,,,,,,,,,,,,,,,,,,,,,
"2025-11-10 14:18:38.9822925Z","2025-11-10 14:18:38.9822925Z","ETW","Microsoft-Windows-Kernel-Audit-API-Calls",3,"NtCreateSymbolicLinkObject","10472 bash.exe",10000,,,,,,,,,,,,,,,,,,,,,,,,,,,,,,,,1762784318982292500,,,,,,,,,,,,,,,,983041,0,,,,,,,,,,,,,,,,,,"winpid.10472","1100",,,,,,,,,,,,,,,,,,,,,,,,,,
"2025-11-10 14:18:38.9834291Z","2025-11-10 14:18:38.9834291Z","ETW-TI","Microsoft-Windows-Threat-Intelligence",7,"KERNEL_THREATINT_TASK_PROTECTVM ","10472 bash.exe",10000,,,"10472 bash.exe",,,,,,,,,,,,,,4301500416,134072579189542757,10472,0,0,0,5066549580817752,134072579189542788,10000,"RWX",134072579189542757,0,0,0,5066549580817752,1762784318983429100,,,,,,,,,,,,,,,,,,,,,,,,,,,,,,,,,,,,,"R--",134072579189542757,10472,0,0,0,5066549580817752,110592,,,,,,,,,,,,,,,,,,
"2025-11-10 14:18:38.9834425Z","2025-11-10 14:18:38.9834425Z","ETW-TI","Microsoft-Windows-Threat-Intelligence",7,"KERNEL_THREATINT_TASK_PROTECTVM ","10472 bash.exe",10000,,,"10472 bash.exe",,,,,,,,,,,,,,4301500416,134072579189542757,10472,0,0,0,5066549580817752,134072579189542788,10000,"R--",134072579189542757,0,0,0,5066549580817752,1762784318983442500,,,,,,,,,,,,,,,,,,,,,,,,,,,,,,,,,,,,,"RWX",134072579189542757,10472,0,0,0,5066549580817752,110592,,,,,,,,,,,,,,,,,,
"2025-11-10 14:18:38.9844859Z","2025-11-10 14:18:38.9844859Z","ETW","Microsoft-Windows-Kernel-Process",5,"ImageLoad Info ","10472 bash.exe",10000,,,"10472 bash.exe",,,"C:\Windows\System32\imm32.dll",,,,,,,,,,,,,,,,,,,,,,,,,,1762784318984485900,,,,,,,,,,,140737309310976,140737309310976,238320,192512,770155462,,,,,,,,,,,,,,,,,,,,,,,,,,,,,,,,,,,,,,,,,,,,,,,
"2025-11-10 14:18:38.9856700Z","2025-11-10 14:18:38.9856700Z","ETW","Microsoft-Windows-Kernel-Process",3,"ThreadStart Start ","10472 bash.exe",10000,,,"10472 bash.exe",,,,,,,,,,,,,,,,,,,,,,,,,,,,,1762784318985670000,,18446606103145480192,18446606103145451520,8858653840,0,3411968,7880,38797312,38793216,8858653840,,,,,,,,,,,,,,,,,,,,,,,,,,,,,,,,,,,,,,,,,,,,,,,,,,,,
"2025-11-10 14:18:38.9856948Z","2025-11-10 14:18:38.9856948Z","ETW","Microsoft-Windows-Kernel-Audit-API-Calls",6,"PsOpenThread","10472 bash.exe",10000,,,"10472 bash.exe",7880,,,,,,,,,,,,,,,,,,,,,,,,,,,,1762784318985694800,,,,,,,,,,,,,,,,64,0,,,,,,,,,,,,,,,,,,,,,,,,,,,,,,,,,,,,,,,,,,,,,
"2025-11-10 14:18:38.9862109Z","2025-11-10 14:18:38.9862109Z","ETW","Microsoft-Windows-Kernel-Audit-API-Calls",6,"PsOpenThread","11184 bash.exe",8392,,,"11184 bash.exe",8392,,,,,,,,,,,,,,,,,,,,,,,,,,,,1762784318986210900,,,,,,,,,,,,,,,,1024,0,,,,,,,,,,,,,,,,,,,,,,,,,,,,,,,,,,,,,,,,,,,,,
"2025-11-10 14:18:38.9869364Z","2025-11-10 14:18:38.9869364Z","ETW","Microsoft-Windows-Kernel-Audit-API-Calls",6,"PsOpenThread","10472 bash.exe",7880,,,"10472 bash.exe",7880,,,,,,,,,,,,,,,,,,,,,,,,,,,,1762784318986936400,,,,,,,,,,,,,,,,1024,0,,,,,,,,,,,,,,,,,,,,,,,,,,,,,,,,,,,,,,,,,,,,,
"2025-11-10 14:18:38.9937965Z","2025-11-10 14:18:38.9937965Z","ETW","Microsoft-Windows-Kernel-Process",1,"ProcessStart Start ","10472 bash.exe",10000,,,"10548 conhost.exe",,,"C:\Windows\System32\conhost.exe",,,,,,,,,,,,,,,,,,,,,,,,,,1762784318993796500,,,,,,,,,,,,,907531,,2536827738,,,,,,,,,134072579189937486,0,"0x","","",10472,25944,25945,3,0,1,,,,,,,,,,,,,,,,,,,,,,,,,,,,
"2025-11-10 14:18:38.9939915Z","2025-11-10 14:18:38.9939915Z","ETW","Microsoft-Windows-Kernel-Audit-API-Calls",6,"PsOpenThread"," 2972 cyserver.exe",10288,,,"10472 bash.exe",10000,,,,,,,,,,,,,,,,,,,,,,,,,,,,1762784318993991500,,,,,,,,,,,,,,,,64,0,,,,,,,,,,,,,,,,,,,,,,,,,,,,,,,,,,,,,,,,,,,,,
"2025-11-10 14:18:38.9940010Z","2025-11-10 14:18:38.9940010Z","ETW","Microsoft-Windows-Kernel-Audit-API-Calls",5,"PsOpenProcess"," 2972 cyserver.exe",10288,,,"10472 bash.exe",,,,,,,,,,,,,,,,,,,,,,,,,,,,,1762784318994001000,,,,,,,,,,,,,,,,1024,0,,,,,,,,,,,,,,,,,,,,,,,,,,,,,,,,,,,,,,,,,,,,,
"2025-11-10 14:18:38.9948168Z","2025-11-10 14:18:38.9948168Z","ETW","Microsoft-Windows-Kernel-Audit-API-Calls",6,"PsOpenThread"," 2972 cyserver.exe",7728,,,"10472 bash.exe",10000,,,,,,,,,,,,,,,,,,,,,,,,,,,,1762784318994816800,,,,,,,,,,,,,,,,64,0,,,,,,,,,,,,,,,,,,,,,,,,,,,,,,,,,,,,,,,,,,,,,
"2025-11-10 14:18:38.9948247Z","2025-11-10 14:18:38.9948247Z","ETW","Microsoft-Windows-Kernel-Audit-API-Calls",5,"PsOpenProcess"," 2972 cyserver.exe",7728,,,"10472 bash.exe",,,,,,,,,,,,,,,,,,,,,,,,,,,,,1762784318994824700,,,,,,,,,,,,,,,,1024,0,,,,,,,,,,,,,,,,,,,,,,,,,,,,,,,,,,,,,,,,,,,,,
"2025-11-10 14:18:38.9973448Z","2025-11-10 14:18:38.9973448Z","ETW","Microsoft-Windows-Kernel-Audit-API-Calls",5,"PsOpenProcess"," 2972 cyserver.exe",7728,,,"10548 conhost.exe",,,,,,,,,,,,,,,,,,,,,,,,,,,,,1762784318997344800,,,,,,,,,,,,,,,,2147483648,0,,,,,,,,,,,,,,,,,,,,,,,,,,,,,,,,,,,,,,,,,,,,,
"2025-11-10 14:18:39.0065075Z","2025-11-10 14:18:39.0065075Z","ETW","Microsoft-Windows-Kernel-Process",3,"ThreadStart Start ","10472 bash.exe",10000,,,"10548 conhost.exe",,,,,,,,,,,,,,,,,,,,,,,,,,,,,1762784319006507500,,18446606103145676800,18446606103145648128,140700242212704,0,911204356096,11260,911202844672,911202836480,140700242212704,,,,,,,,,,,,,,,,,,,,,,,,,,,,,,,,,,,,,,,,,,,,,,,,,,,,
"2025-11-10 14:18:39.0065308Z","2025-11-10 14:18:39.0065308Z","ETW","Microsoft-Windows-Kernel-Audit-API-Calls",6,"PsOpenThread","10472 bash.exe",10000,,,"10548 conhost.exe",11260,,,,,,,,,,,,,,,,,,,,,,,,,,,,1762784319006530800,,,,,,,,,,,,,,,,64,0,,,,,,,,,,,,,,,,,,,,,,,,,,,,,,,,,,,,,,,,,,,,,
"2025-11-10 14:18:39.0077223Z","2025-11-10 14:18:39.0077223Z","ETW","Microsoft-Windows-Kernel-Audit-API-Calls",5,"PsOpenProcess","  576 csrss.exe",592,,,"10548 conhost.exe",,,,,,,,,,,,,,,,,,,,,,,,,,,,,1762784319007722300,,,,,,,,,,,,,,,,2097151,0,,,,,,,,,,,,,,,,,,,,,,,,,,,,,,,,,,,,,,,,,,,,,
"2025-11-10 14:18:39.0077378Z","2025-11-10 14:18:39.0077378Z","ETW","Microsoft-Windows-Kernel-Audit-API-Calls",6,"PsOpenThread","  576 csrss.exe",592,,,"10548 conhost.exe",11260,,,,,,,,,,,,,,,,,,,,,,,,,,,,1762784319007737800,,,,,,,,,,,,,,,,2097151,0,,,,,,,,,,,,,,,,,,,,,,,,,,,,,,,,,,,,,,,,,,,,,
"2025-11-10 14:18:39.0093032Z","2025-11-10 14:18:39.0093032Z","ETW","Microsoft-Windows-Kernel-Process",1,"ProcessStart Start ","10472 bash.exe",10000,,,"11656 cygwin-console-helper.exe",,,"C:\Program Files\Git\usr\bin\cygwin-console-helper.exe",,,,,,,,,,,,,,,,,,,,,,,,,,1762784319009303200,,,,,,,,,,,,,49333,,1752689865,,,,,,,,,134072579190092527,0,"0x","","",10472,25944,25946,3,0,1,,,,,,,,,,,,,,,,,,,,,,,,,,,,
"2025-11-10 14:18:39.0100876Z","2025-11-10 14:18:39.0100876Z","ETW","Microsoft-Windows-Kernel-Audit-API-Calls",6,"PsOpenThread"," 2972 cyserver.exe",7160,,,"10472 bash.exe",10000,,,,,,,,,,,,,,,,,,,,,,,,,,,,1762784319010087600,,,,,,,,,,,,,,,,64,0,,,,,,,,,,,,,,,,,,,,,,,,,,,,,,,,,,,,,,,,,,,,,
"2025-11-10 14:18:39.0100991Z","2025-11-10 14:18:39.0100991Z","ETW","Microsoft-Windows-Kernel-Audit-API-Calls",5,"PsOpenProcess"," 2972 cyserver.exe",7160,,,"10472 bash.exe",,,,,,,,,,,,,,,,,,,,,,,,,,,,,1762784319010099200,,,,,,,,,,,,,,,,1024,0,,,,,,,,,,,,,,,,,,,,,,,,,,,,,,,,,,,,,,,,,,,,,
"2025-11-10 14:18:39.0110980Z","2025-11-10 14:18:39.0110980Z","ETW","Microsoft-Windows-Kernel-Audit-API-Calls",6,"PsOpenThread"," 2972 cyserver.exe",7532,,,"10472 bash.exe",10000,,,,,,,,,,,,,,,,,,,,,,,,,,,,1762784319011098000,,,,,,,,,,,,,,,,64,0,,,,,,,,,,,,,,,,,,,,,,,,,,,,,,,,,,,,,,,,,,,,,
"2025-11-10 14:18:39.0111090Z","2025-11-10 14:18:39.0111090Z","ETW","Microsoft-Windows-Kernel-Audit-API-Calls",5,"PsOpenProcess"," 2972 cyserver.exe",7532,,,"10472 bash.exe",,,,,,,,,,,,,,,,,,,,,,,,,,,,,1762784319011109000,,,,,,,,,,,,,,,,1024,0,,,,,,,,,,,,,,,,,,,,,,,,,,,,,,,,,,,,,,,,,,,,,
"2025-11-10 14:18:39.0139117Z","2025-11-10 14:18:39.0139117Z","ETW","Microsoft-Windows-Kernel-Audit-API-Calls",5,"PsOpenProcess"," 2972 cyserver.exe",7532,,,"11656 cygwin-console-helper.exe",,,,,,,,,,,,,,,,,,,,,,,,,,,,,1762784319013911700,,,,,,,,,,,,,,,,2147483648,0,,,,,,,,,,,,,,,,,,,,,,,,,,,,,,,,,,,,,,,,,,,,,
"2025-11-10 14:18:39.0157650Z","2025-11-10 14:18:39.0157650Z","ETW","Microsoft-Windows-Kernel-Process",5,"ImageLoad Info ","10548 conhost.exe",11260,,,"10548 conhost.exe",,,"C:\Windows\System32\conhost.exe",,,,,,,,,,,,,,,,,,,,,,,,,,1762784319015765000,,,,,,,,,,,140700242083840,140700242083840,907531,897024,2536827738,,,,,,,,,,,,,,,,,,,,,,,,,,,,,,,,,,,,,,,,,,,,,,,
"2025-11-10 14:18:39.0158939Z","2025-11-10 14:18:39.0158939Z","ETW","Microsoft-Windows-Kernel-Process",5,"ImageLoad Info ","10548 conhost.exe",11260,,,"10548 conhost.exe",,,"C:\Windows\System32\ntdll.dll",,,,,,,,,,,,,,,,,,,,,,,,,,1762784319015893900,,,,,,,,,,,140737324318720,140737324318720,2048895,2064384,2127151453,,,,,,,,,,,,,,,,,,,,,,,,,,,,,,,,,,,,,,,,,,,,,,,
"2025-11-10 14:18:39.0168656Z","2025-11-10 14:18:39.0168656Z","ETW","Microsoft-Windows-Kernel-Process",5,"ImageLoad Info ","10548 conhost.exe",11260,,,"10548 conhost.exe",,,"C:\Windows\System32\kernel32.dll",,,,,,,,,,,,,,,,,,,,,,,,,,1762784319016865600,,,,,,,,,,,140737321435136,140737321435136,801304,794624,4007722010,,,,,,,,,,,,,,,,,,,,,,,,,,,,,,,,,,,,,,,,,,,,,,,
"2025-11-10 14:18:39.0171268Z","2025-11-10 14:18:39.0171268Z","ETW","Microsoft-Windows-Kernel-Process",5,"ImageLoad Info ","10548 conhost.exe",11260,,,"10548 conhost.exe",,,"C:\Windows\System32\KernelBase.dll",,,,,,,,,,,,,,,,,,,,,,,,,,1762784319017126800,,,,,,,,,,,140737318289408,140737318289408,3171178,3104768,1448155220,,,,,,,,,,,,,,,,,,,,,,,,,,,,,,,,,,,,,,,,,,,,,,,
"2025-11-10 14:18:39.0185427Z","2025-11-10 14:18:39.0185427Z","ETW","Microsoft-Windows-Kernel-Process",5,"ImageLoad Info ","10548 conhost.exe",11260,,,"10548 conhost.exe",,,"C:\Windows\System32\msvcp_win.dll",,,,,,,,,,,,,,,,,,,,,,,,,,1762784319018542700,,,,,,,,,,,140737279819776,140737279819776,659111,643072,958749903,,,,,,,,,,,,,,,,,,,,,,,,,,,,,,,,,,,,,,,,,,,,,,,
"2025-11-10 14:18:39.0187632Z","2025-11-10 14:18:39.0187632Z","ETW","Microsoft-Windows-Kernel-Process",5,"ImageLoad Info ","10548 conhost.exe",11260,,,"10548 conhost.exe",,,"C:\Windows\System32\ucrtbase.dll",,,,,,,,,,,,,,,,,,,,,,,,,,1762784319018763200,,,,,,,,,,,140737283162112,140737283162112,1076532,1048576,2177850761,,,,,,,,,,,,,,,,,,,,,,,,,,,,,,,,,,,,,,,,,,,,,,,
"2025-11-10 14:18:39.0189466Z","2025-11-10 14:18:39.0189466Z","ETW","Microsoft-Windows-Kernel-Process",3,"ThreadStart Start ","10548 conhost.exe",11260,,,"10548 conhost.exe",,,,,,,,,,,,,,,,,,,,,,,,,,,,,1762784319018946600,,18446606103145512960,18446606103145484288,140737324634384,0,911204364288,12120,911203368960,911203360768,140737324634384,,,,,,,,,,,,,,,,,,,,,,,,,,,,,,,,,,,,,,,,,,,,,,,,,,,,
"2025-11-10 14:18:39.0189637Z","2025-11-10 14:18:39.0189637Z","ETW","Microsoft-Windows-Kernel-Audit-API-Calls",6,"PsOpenThread","10548 conhost.exe",11260,,,"10548 conhost.exe",12120,,,,,,,,,,,,,,,,,,,,,,,,,,,,1762784319018963700,,,,,,,,,,,,,,,,64,0,,,,,,,,,,,,,,,,,,,,,,,,,,,,,,,,,,,,,,,,,,,,,
"2025-11-10 14:18:39.0190416Z","2025-11-10 14:18:39.0190416Z","ETW","Microsoft-Windows-Kernel-Process",5,"ImageLoad Info ","10548 conhost.exe",11260,,,"10548 conhost.exe",,,"C:\Windows\System32\SHCore.dll",,,,,,,,,,,,,,,,,,,,,,,,,,1762784319019041600,,,,,,,,,,,140737304985600,140737304985600,705789,708608,3896055862,,,,,,,,,,,,,,,,,,,,,,,,,,,,,,,,,,,,,,,,,,,,,,,
"2025-11-10 14:18:39.0192342Z","2025-11-10 14:18:39.0192342Z","ETW","Microsoft-Windows-Kernel-Process",5,"ImageLoad Info ","10548 conhost.exe",11260,,,"10548 conhost.exe",,,"C:\Windows\System32\msvcrt.dll",,,,,,,,,,,,,,,,,,,,,,,,,,1762784319019234200,,,,,,,,,,,140737314357248,140737314357248,681663,647168,2616593924,,,,,,,,,,,,,,,,,,,,,,,,,,,,,,,,,,,,,,,,,,,,,,,
"2025-11-10 14:18:39.0194320Z","2025-11-10 14:18:39.0194320Z","ETW","Microsoft-Windows-Kernel-Process",5,"ImageLoad Info ","10548 conhost.exe",11260,,,"10548 conhost.exe",,,"C:\Windows\System32\combase.dll",,,,,,,,,,,,,,,,,,,,,,,,,,1762784319019432000,,,,,,,,,,,140737287094272,140737287094272,3535278,3489792,144435709,,,,,,,,,,,,,,,,,,,,,,,,,,,,,,,,,,,,,,,,,,,,,,,
"2025-11-10 14:18:39.0196769Z","2025-11-10 14:18:39.0196769Z","ETW","Microsoft-Windows-Kernel-Process",5,"ImageLoad Info ","10548 conhost.exe",11260,,,"10548 conhost.exe",,,"C:\Windows\System32\rpcrt4.dll",,,,,,,,,,,,,,,,,,,,,,,,,,1762784319019676900,,,,,,,,,,,140737317109760,140737317109760,1217917,1179648,2756017066,,,,,,,,,,,,,,,,,,,,,,,,,,,,,,,,,,,,,,,,,,,,,,,
"2025-11-10 14:18:39.0198989Z","2025-11-10 14:18:39.0198989Z","ETW","Microsoft-Windows-Kernel-Process",5,"ImageLoad Info ","10548 conhost.exe",11260,,,"10548 conhost.exe",,,"C:\Windows\System32\advapi32.dll",,,,,,,,,,,,,,,,,,,,,,,,,,1762784319019898900,,,,,,,,,,,140737306951680,140737306951680,744837,724992,4166620877,,,,,,,,,,,,,,,,,,,,,,,,,,,,,,,,,,,,,,,,,,,,,,,
"2025-11-10 14:18:39.0200707Z","2025-11-10 14:18:39.0200707Z","ETW","Microsoft-Windows-Kernel-Process",5,"ImageLoad Info ","10548 conhost.exe",11260,,,"10548 conhost.exe",,,"C:\Windows\System32\sechost.dll",,,,,,,,,,,,,,,,,,,,,,,,,,1762784319020070700,,,,,,,,,,,140737308262400,140737308262400,647124,651264,2117042745,,,,,,,,,,,,,,,,,,,,,,,,,,,,,,,,,,,,,,,,,,,,,,,
"2025-11-10 14:18:39.0202475Z","2025-11-10 14:18:39.0202475Z","ETW","Microsoft-Windows-Kernel-Process",5,"ImageLoad Info ","10548 conhost.exe",11260,,,"10548 conhost.exe",,,"C:\Windows\System32\bcrypt.dll",,,,,,,,,,,,,,,,,,,,,,,,,,1762784319020247500,,,,,,,,,,,140737279623168,140737279623168,171668,159744,2220160889,,,,,,,,,,,,,,,,,,,,,,,,,,,,,,,,,,,,,,,,,,,,,,,
"2025-11-10 14:18:39.0268517Z","2025-11-10 14:18:39.0268517Z","ETW","Microsoft-Windows-Kernel-Process",3,"ThreadStart Start ","10548 conhost.exe",11260,,,"10548 conhost.exe",,,,,,,,,,,,,,,,,,,,,,,,,,,,,1762784319026851700,,18446606103145775104,18446606103145746432,140700242153168,0,911204372480,11276,911203893248,911203885056,140700242153168,,,,,,,,,,,,,,,,,,,,,,,,,,,,,,,,,,,,,,,,,,,,,,,,,,,,
"2025-11-10 14:18:39.0268750Z","2025-11-10 14:18:39.0268750Z","ETW","Microsoft-Windows-Kernel-Audit-API-Calls",6,"PsOpenThread","10548 conhost.exe",11260,,,"10548 conhost.exe",11276,,,,,,,,,,,,,,,,,,,,,,,,,,,,1762784319026875000,,,,,,,,,,,,,,,,64,0,,,,,,,,,,,,,,,,,,,,,,,,,,,,,,,,,,,,,,,,,,,,,
"2025-11-10 14:18:39.0269402Z","2025-11-10 14:18:39.0269402Z","ETW","Microsoft-Windows-Kernel-Process",3,"ThreadStart Start ","10548 conhost.exe",11260,,,"10548 conhost.exe",,,,,,,,,,,,,,,,,,,,,,,,,,,,,1762784319026940200,,18446606103146004480,18446606103145975808,140700242381968,0,911204380672,6912,911206776832,911206768640,140700242381968,,,,,,,,,,,,,,,,,,,,,,,,,,,,,,,,,,,,,,,,,,,,,,,,,,,,
"2025-11-10 14:18:39.0269499Z","2025-11-10 14:18:39.0269499Z","ETW","Microsoft-Windows-Kernel-Audit-API-Calls",6,"PsOpenThread","10548 conhost.exe",11260,,,"10548 conhost.exe",6912,,,,,,,,,,,,,,,,,,,,,,,,,,,,1762784319026949900,,,,,,,,,,,,,,,,64,0,,,,,,,,,,,,,,,,,,,,,,,,,,,,,,,,,,,,,,,,,,,,,
"2025-11-10 14:18:39.0270161Z","2025-11-10 14:18:39.0270161Z","ETW","Microsoft-Windows-Kernel-Process",4,"ThreadStop Stop ","10548 conhost.exe",11260,,,"10548 conhost.exe",,,,,,,,,,,,,,,,,,,,,,,,,,,,,1762784319027016100,,18446606103145676800,18446606103145648128,140700242212704,0,911204356096,11260,911202844672,911202832384,140700242212704,,,,,,,,,,,22130861,,,,,,,,,,,,,,,,,,,,,,,,,,,,,,,,,,,,,,,,,
"2025-11-10 14:18:39.0278472Z","2025-11-10 14:18:39.0278472Z","ETW","Microsoft-Windows-Kernel-Process",3,"ThreadStart Start ","10472 bash.exe",10000,,,"11656 cygwin-console-helper.exe",,,,,,,,,,,,,,,,,,,,,,,,,,,,,1762784319027847200,,18446606103145644032,18446606103145615360,140700799865856,0,754215874560,2612,754219745280,754219741184,140700799865856,,,,,,,,,,,,,,,,,,,,,,,,,,,,,,,,,,,,,,,,,,,,,,,,,,,,
"2025-11-10 14:18:39.0278623Z","2025-11-10 14:18:39.0278623Z","ETW","Microsoft-Windows-Kernel-Audit-API-Calls",6,"PsOpenThread","10472 bash.exe",10000,,,"11656 cygwin-console-helper.exe",2612,,,,,,,,,,,,,,,,,,,,,,,,,,,,1762784319027862300,,,,,,,,,,,,,,,,64,0,,,,,,,,,,,,,,,,,,,,,,,,,,,,,,,,,,,,,,,,,,,,,
"2025-11-10 14:18:39.0294900Z","2025-11-10 14:18:39.0294900Z","ETW","Microsoft-Windows-Kernel-Audit-API-Calls",5,"PsOpenProcess","  576 csrss.exe",592,,,"11656 cygwin-console-helper.exe",,,,,,,,,,,,,,,,,,,,,,,,,,,,,1762784319029490000,,,,,,,,,,,,,,,,2097151,0,,,,,,,,,,,,,,,,,,,,,,,,,,,,,,,,,,,,,,,,,,,,,
"2025-11-10 14:18:39.0295011Z","2025-11-10 14:18:39.0295011Z","ETW","Microsoft-Windows-Kernel-Audit-API-Calls",6,"PsOpenThread","  576 csrss.exe",592,,,"11656 cygwin-console-helper.exe",2612,,,,,,,,,,,,,,,,,,,,,,,,,,,,1762784319029501100,,,,,,,,,,,,,,,,2097151,0,,,,,,,,,,,,,,,,,,,,,,,,,,,,,,,,,,,,,,,,,,,,,
"2025-11-10 14:18:39.0401516Z","2025-11-10 14:18:39.0401516Z","ETW","Microsoft-Windows-Kernel-Process",3,"ThreadStart Start ","10548 conhost.exe",12120,,,"10548 conhost.exe",,,,,,,,,,,,,,,,,,,,,,,,,,,,,1762784319040151600,,18446606103145873408,18446606103145844736,140737324634384,0,911204388864,8660,911207301120,911207292928,140737324634384,,,,,,,,,,,,,,,,,,,,,,,,,,,,,,,,,,,,,,,,,,,,,,,,,,,,
"2025-11-10 14:18:39.0401808Z","2025-11-10 14:18:39.0401808Z","ETW","Microsoft-Windows-Kernel-Audit-API-Calls",6,"PsOpenThread","10548 conhost.exe",12120,,,"10548 conhost.exe",8660,,,,,,,,,,,,,,,,,,,,,,,,,,,,1762784319040180800,,,,,,,,,,,,,,,,64,0,,,,,,,,,,,,,,,,,,,,,,,,,,,,,,,,,,,,,,,,,,,,,
"2025-11-10 14:18:39.0405810Z","2025-11-10 14:18:39.0405810Z","ETW","Microsoft-Windows-Kernel-Process",5,"ImageLoad Info ","11656 cygwin-console-helper.exe",2612,,,"11656 cygwin-console-helper.exe",,,"C:\Program Files\Git\usr\bin\cygwin-console-helper.exe",,,,,,,,,,,,,,,,,,,,,,,,,,1762784319040581000,,,,,,,,,,,140700799860736,140700799860736,49333,73728,1752689865,,,,,,,,,,,,,,,,,,,,,,,,,,,,,,,,,,,,,,,,,,,,,,,
"2025-11-10 14:18:39.0407781Z","2025-11-10 14:18:39.0407781Z","ETW","Microsoft-Windows-Kernel-Process",5,"ImageLoad Info ","11656 cygwin-console-helper.exe",2612,,,"11656 cygwin-console-helper.exe",,,"C:\Windows\System32\ntdll.dll",,,,,,,,,,,,,,,,,,,,,,,,,,1762784319040778100,,,,,,,,,,,140737324318720,140737324318720,2048895,2064384,2127151453,,,,,,,,,,,,,,,,,,,,,,,,,,,,,,,,,,,,,,,,,,,,,,,
"2025-11-10 14:18:39.0416519Z","2025-11-10 14:18:39.0416519Z","ETW","Microsoft-Windows-Kernel-Process",5,"ImageLoad Info ","11656 cygwin-console-helper.exe",2612,,,"11656 cygwin-console-helper.exe",,,"C:\Windows\System32\kernel32.dll",,,,,,,,,,,,,,,,,,,,,,,,,,1762784319041651900,,,,,,,,,,,140737321435136,140737321435136,801304,794624,4007722010,,,,,,,,,,,,,,,,,,,,,,,,,,,,,,,,,,,,,,,,,,,,,,,
"2025-11-10 14:18:39.0419051Z","2025-11-10 14:18:39.0419051Z","ETW","Microsoft-Windows-Kernel-Process",5,"ImageLoad Info ","11656 cygwin-console-helper.exe",2612,,,"11656 cygwin-console-helper.exe",,,"C:\Windows\System32\KernelBase.dll",,,,,,,,,,,,,,,,,,,,,,,,,,1762784319041905100,,,,,,,,,,,140737318289408,140737318289408,3171178,3104768,1448155220,,,,,,,,,,,,,,,,,,,,,,,,,,,,,,,,,,,,,,,,,,,,,,,
"2025-11-10 14:18:39.0441801Z","2025-11-10 14:18:39.0441801Z","ETW","Microsoft-Windows-Kernel-Audit-API-Calls",5,"PsOpenProcess","10548 conhost.exe",11276,,,"11656 cygwin-console-helper.exe",,,,,,,,,,,,,,,,,,,,,,,,,,,,,1762784319044180100,,,,,,,,,,,,,,,,33554432,0,,,,,,,,,,,,,,,,,,,,,,,,,,,,,,,,,,,,,,,,,,,,,
"2025-11-10 14:18:39.0442745Z","2025-11-10 14:18:39.0442745Z","ETW","Microsoft-Windows-Kernel-Process",5,"ImageLoad Info ","10548 conhost.exe",11276,,,"10548 conhost.exe",,,"C:\Windows\System32\user32.dll",,,,,,,,,,,,,,,,,,,,,,,,,,1762784319044274500,,,,,,,,,,,140737322287104,140737322287104,1767867,1708032,1351922499,,,,,,,,,,,,,,,,,,,,,,,,,,,,,,,,,,,,,,,,,,,,,,,
"2025-11-10 14:18:39.0445408Z","2025-11-10 14:18:39.0445408Z","ETW","Microsoft-Windows-Kernel-Process",5,"ImageLoad Info ","10548 conhost.exe",11276,,,"10548 conhost.exe",,,"C:\Windows\System32\win32u.dll",,,,,,,,,,,,,,,,,,,,,,,,,,1762784319044540800,,,,,,,,,,,140737281196032,140737281196032,183095,139264,3760910660,,,,,,,,,,,,,,,,,,,,,,,,,,,,,,,,,,,,,,,,,,,,,,,
"2025-11-10 14:18:39.0447313Z","2025-11-10 14:18:39.0447313Z","ETW","Microsoft-Windows-Kernel-Process",5,"ImageLoad Info ","10548 conhost.exe",11276,,,"10548 conhost.exe",,,"C:\Windows\System32\gdi32.dll",,,,,,,,,,,,,,,,,,,,,,,,,,1762784319044731300,,,,,,,,,,,140737309507584,140737309507584,210990,176128,2413768611,,,,,,,,,,,,,,,,,,,,,,,,,,,,,,,,,,,,,,,,,,,,,,,
"2025-11-10 14:18:39.0449265Z","2025-11-10 14:18:39.0449265Z","ETW","Microsoft-Windows-Kernel-Process",5,"ImageLoad Info ","10548 conhost.exe",11276,,,"10548 conhost.exe",,,"C:\Windows\System32\gdi32full.dll",,,,,,,,,,,,,,,,,,,,,,,,,,1762784319044926500,,,,,,,,,,,140737281392640,140737281392640,1167211,1150976,1288019395,,,,,,,,,,,,,,,,,,,,,,,,,,,,,,,,,,,,,,,,,,,,,,,
"2025-11-10 14:18:39.0454704Z","2025-11-10 14:18:39.0454704Z","ETW","Microsoft-Windows-Kernel-Audit-API-Calls",6,"PsOpenThread","  576 csrss.exe",6036,,,"10548 conhost.exe",11276,,,,,,,,,,,,,,,,,,,,,,,,,,,,1762784319045470400,,,,,,,,,,,,,,,,2097151,0,,,,,,,,,,,,,,,,,,,,,,,,,,,,,,,,,,,,,,,,,,,,,
"2025-11-10 14:18:39.0458287Z","2025-11-10 14:18:39.0458287Z","ETW","Microsoft-Windows-Kernel-Process",5,"ImageLoad Info ","10548 conhost.exe",11276,,,"10548 conhost.exe",,,"C:\Windows\System32\imm32.dll",,,,,,,,,,,,,,,,,,,,,,,,,,1762784319045828700,,,,,,,,,,,140737309310976,140737309310976,238320,192512,770155462,,,,,,,,,,,,,,,,,,,,,,,,,,,,,,,,,,,,,,,,,,,,,,,
"2025-11-10 14:18:39.0483391Z","2025-11-10 14:18:39.0483391Z","ETW","Microsoft-Windows-Kernel-Process",3,"ThreadStart Start ","10548 conhost.exe",11276,,,"10548 conhost.exe",,,,,,,,,,,,,,,,,,,,,,,,,,,,,1762784319048339100,,18446606103145676800,18446606103145648128,140700242196320,0,911204397056,10664,911202844672,911202836480,140700242196320,,,,,,,,,,,,,,,,,,,,,,,,,,,,,,,,,,,,,,,,,,,,,,,,,,,,
"2025-11-10 14:18:39.0483600Z","2025-11-10 14:18:39.0483600Z","ETW","Microsoft-Windows-Kernel-Audit-API-Calls",6,"PsOpenThread","10548 conhost.exe",11276,,,"10548 conhost.exe",10664,,,,,,,,,,,,,,,,,,,,,,,,,,,,1762784319048360000,,,,,,,,,,,,,,,,64,0,,,,,,,,,,,,,,,,,,,,,,,,,,,,,,,,,,,,,,,,,,,,,
"2025-11-10 14:18:39.0484131Z","2025-11-10 14:18:39.0484131Z","ETW","Microsoft-Windows-Kernel-Process",3,"ThreadStart Start ","10548 conhost.exe",11276,,,"10548 conhost.exe",,,,,,,,,,,,,,,,,,,,,,,,,,,,,1762784319048413100,,18446606103145906176,18446606103145877504,140700242095872,0,911204405248,7576,911207825408,911207817216,140700242095872,,,,,,,,,,,,,,,,,,,,,,,,,,,,,,,,,,,,,,,,,,,,,,,,,,,,
"2025-11-10 14:18:39.0484227Z","2025-11-10 14:18:39.0484227Z","ETW","Microsoft-Windows-Kernel-Audit-API-Calls",6,"PsOpenThread","10548 conhost.exe",11276,,,"10548 conhost.exe",7576,,,,,,,,,,,,,,,,,,,,,,,,,,,,1762784319048422700,,,,,,,,,,,,,,,,64,0,,,,,,,,,,,,,,,,,,,,,,,,,,,,,,,,,,,,,,,,,,,,,
"2025-11-10 14:18:39.0494012Z","2025-11-10 14:18:39.0494012Z","ETW","Microsoft-Windows-Kernel-Process",5,"ImageLoad Info ","10548 conhost.exe",7576,,,"10548 conhost.exe",,,"C:\Windows\System32\uxtheme.dll",,,,,,,,,,,,,,,,,,,,,,,,,,1762784319049401200,,,,,,,,,,,140737239515136,140737239515136,640454,647168,3697381598,,,,,,,,,,,,,,,,,,,,,,,,,,,,,,,,,,,,,,,,,,,,,,,
"2025-11-10 14:18:39.0499782Z","2025-11-10 14:18:39.0499782Z","ETW","Microsoft-Windows-Kernel-Audit-API-Calls",5,"PsOpenProcess"," 1400 svchost.exe",1528,,,"10548 conhost.exe",,,,,,,,,,,,,,,,,,,,,,,,,,,,,1762784319049978200,,,,,,,,,,,,,,,,5240,0,,,,,,,,,,,,,,,,,,,,,,,,,,,,,,,,,,,,,,,,,,,,,
"2025-11-10 14:18:39.0500395Z","2025-11-10 14:18:39.0500395Z","ETW","Microsoft-Windows-Kernel-Audit-API-Calls",6,"PsOpenThread"," 1400 svchost.exe",6992,,,"10548 conhost.exe",7576,,,,,,,,,,,,,,,,,,,,,,,,,,,,1762784319050039500,,,,,,,,,,,,,,,,64,0,,,,,,,,,,,,,,,,,,,,,,,,,,,,,,,,,,,,,,,,,,,,,
"2025-11-10 14:18:39.0500569Z","2025-11-10 14:18:39.0500569Z","ETW","Microsoft-Windows-Kernel-Audit-API-Calls",5,"PsOpenProcess"," 1400 svchost.exe",6992,,,"10548 conhost.exe",,,,,,,,,,,,,,,,,,,,,,,,,,,,,1762784319050056900,,,,,,,,,,,,,,,,1024,0,,,,,,,,,,,,,,,,,,,,,,,,,,,,,,,,,,,,,,,,,,,,,
"2025-11-10 14:18:39.0507795Z","2025-11-10 14:18:39.0507795Z","ETW","Microsoft-Windows-Kernel-Process",5,"ImageLoad Info ","10548 conhost.exe",7576,,,"10548 conhost.exe",,,"C:\Windows\System32\msctf.dll",,,,,,,,,,,,,,,,,,,,,,,,,,1762784319050779500,,,,,,,,,,,140737291616256,140737291616256,1159359,1134592,3815625169,,,,,,,,,,,,,,,,,,,,,,,,,,,,,,,,,,,,,,,,,,,,,,,
"2025-11-10 14:18:39.0510919Z","2025-11-10 14:18:39.0510919Z","ETW","Microsoft-Windows-Kernel-Process",5,"ImageLoad Info ","10548 conhost.exe",7576,,,"10548 conhost.exe",,,"C:\Windows\System32\oleaut32.dll",,,,,,,,,,,,,,,,,,,,,,,,,,1762784319051091900,,,,,,,,,,,140737315012608,140737315012608,849765,839680,3559841777,,,,,,,,,,,,,,,,,,,,,,,,,,,,,,,,,,,,,,,,,,,,,,,
"2025-11-10 14:18:39.0524401Z","2025-11-10 14:18:39.0524401Z","ETW","Microsoft-Windows-Kernel-Audit-API-Calls",5,"PsOpenProcess"," 6464 explorer.exe",4280,,,"10548 conhost.exe",,,,,,,,,,,,,,,,,,,,,,,,,,,,,1762784319052440100,,,,,,,,,,,,,,,,4096,0,,,,,,,,,,,,,,,,,,,,,,,,,,,,,,,,,,,,,,,,,,,,,
"2025-11-10 14:18:39.0526124Z","2025-11-10 14:18:39.0526124Z","ETW","Microsoft-Windows-Kernel-Audit-API-Calls",6,"PsOpenThread","  576 csrss.exe",3336,,,"10548 conhost.exe",7576,,,,,,,,,,,,,,,,,,,,,,,,,,,,1762784319052612400,,,,,,,,,,,,,,,,2097151,0,,,,,,,,,,,,,,,,,,,,,,,,,,,,,,,,,,,,,,,,,,,,,
"2025-11-10 14:18:39.0538753Z","2025-11-10 14:18:39.0538753Z","ETW","Microsoft-Windows-Kernel-Audit-API-Calls",5,"PsOpenProcess"," 6464 explorer.exe",4280,,,"10548 conhost.exe",,,,,,,,,,,,,,,,,,,,,,,,,,,,,1762784319053875300,,,,,,,,,,,,,,,,4096,0,,,,,,,,,,,,,,,,,,,,,,,,,,,,,,,,,,,,,,,,,,,,,
"2025-11-10 14:18:39.0683526Z","2025-11-10 14:18:39.0683526Z","ETW","Microsoft-Windows-Kernel-Audit-API-Calls",5,"PsOpenProcess","10364 mintty.exe",3580,,,"10364 mintty.exe",,,,,,,,,,,,,,,,,,,,,,,,,,,,,1762784319068352600,,,,,,,,,,,,,,,,64,0,,,,,,,,,,,,,,,,,,,,,,,,,,,,,,,,,,,,,,,,,,,,,
"2025-11-10 14:18:39.0683550Z","2025-11-10 14:18:39.0683550Z","ETW","Microsoft-Windows-Kernel-Process",3,"ThreadStart Start ","10548 conhost.exe",11276,,,"10548 conhost.exe",,,,,,,,,,,,,,,,,,,,,,,,,,,,,1762784319068355000,,18446606103145938944,18446606103145910272,140700242380928,0,911204413440,6304,911208349696,911208341504,140700242380928,,,,,,,,,,,,,,,,,,,,,,,,,,,,,,,,,,,,,,,,,,,,,,,,,,,,
"2025-11-10 14:18:39.0683803Z","2025-11-10 14:18:39.0683803Z","ETW","Microsoft-Windows-Kernel-Audit-API-Calls",6,"PsOpenThread","10548 conhost.exe",11276,,,"10548 conhost.exe",6304,,,,,,,,,,,,,,,,,,,,,,,,,,,,1762784319068380400,,,,,,,,,,,,,,,,64,0,,,,,,,,,,,,,,,,,,,,,,,,,,,,,,,,,,,,,,,,,,,,,
"2025-11-10 14:18:39.0684872Z","2025-11-10 14:18:39.0684872Z","ETW","Microsoft-Windows-Kernel-Audit-API-Calls",6,"PsOpenThread","10364 mintty.exe",5868,,,"10364 mintty.exe",5868,,,,,,,,,,,,,,,,,,,,,,,,,,,,1762784319068487200,,,,,,,,,,,,,,,,1024,0,,,,,,,,,,,,,,,,,,,,,,,,,,,,,,,,,,,,,,,,,,,,,
"2025-11-10 14:18:39.0686874Z","2025-11-10 14:18:39.0686874Z","ETW","Microsoft-Windows-Kernel-Audit-API-Calls",6,"PsOpenThread","10364 mintty.exe",5868,,,"10364 mintty.exe",5868,,,,,,,,,,,,,,,,,,,,,,,,,,,,1762784319068687400,,,,,,,,,,,,,,,,1024,0,,,,,,,,,,,,,,,,,,,,,,,,,,,,,,,,,,,,,,,,,,,,,
"2025-11-10 14:18:39.0699589Z","2025-11-10 14:18:39.0699589Z","ETW","Microsoft-Windows-Kernel-Process",5,"ImageLoad Info ","11656 cygwin-console-helper.exe",2612,,,"11656 cygwin-console-helper.exe",,,"C:\Windows\System32\msvcrt.dll",,,,,,,,,,,,,,,,,,,,,,,,,,1762784319069959000,,,,,,,,,,,140737314357248,140737314357248,681663,647168,2616593924,,,,,,,,,,,,,,,,,,,,,,,,,,,,,,,,,,,,,,,,,,,,,,,
"2025-11-10 14:18:39.0702812Z","2025-11-10 14:18:39.0702812Z","ETW","Microsoft-Windows-Kernel-Process",3,"ThreadStart Start ","11656 cygwin-console-helper.exe",2612,,,"11656 cygwin-console-helper.exe",,,,,,,,,,,,,,,,,,,,,,,,,,,,,1762784319070281200,,18446606103146037248,18446606103146008576,140737324634384,0,754215882752,4392,754221842432,754221838336,140737324634384,,,,,,,,,,,,,,,,,,,,,,,,,,,,,,,,,,,,,,,,,,,,,,,,,,,,
"2025-11-10 14:18:39.0702993Z","2025-11-10 14:18:39.0702993Z","ETW","Microsoft-Windows-Kernel-Audit-API-Calls",6,"PsOpenThread","11656 cygwin-console-helper.exe",2612,,,"11656 cygwin-console-helper.exe",4392,,,,,,,,,,,,,,,,,,,,,,,,,,,,1762784319070299300,,,,,,,,,,,,,,,,64,0,,,,,,,,,,,,,,,,,,,,,,,,,,,,,,,,,,,,,,,,,,,,,
"2025-11-10 14:18:39.0710714Z","2025-11-10 14:18:39.0710714Z","ETW","Microsoft-Windows-Kernel-Audit-API-Calls",5,"PsOpenProcess","10472 bash.exe",10000,,,"11656 cygwin-console-helper.exe",,,,,,,,,,,,,,,,,,,,,,,,,,,,,1762784319071071400,,,,,,,,,,,,,,,,4096,0,,,,,,,,,,,,,,,,,,,,,,,,,,,,,,,,,,,,,,,,,,,,,
"2025-11-10 14:18:39.0711617Z","2025-11-10 14:18:39.0711617Z","ETW","Microsoft-Windows-Kernel-Audit-API-Calls",5,"PsOpenProcess","10548 conhost.exe",11276,,,"10472 bash.exe",,,,,,,,,,,,,,,,,,,,,,,,,,,,,1762784319071161700,,,,,,,,,,,,,,,,33554432,0,,,,,,,,,,,,,,,,,,,,,,,,,,,,,,,,,,,,,,,,,,,,,
"2025-11-10 14:18:39.0713684Z","2025-11-10 14:18:39.0713684Z","ETW","Microsoft-Windows-Kernel-Process",4,"ThreadStop Stop ","11656 cygwin-console-helper.exe",2612,,,"11656 cygwin-console-helper.exe",,,,,,,,,,,,,,,,,,,,,,,,,,,,,1762784319071368400,,18446606103145644032,18446606103145615360,140700799865856,0,754215874560,2612,754219745280,754219732992,140700799865856,,,,,,,,,,,11880764,,,,,,,,,,,,,,,,,,,,,,,,,,,,,,,,,,,,,,,,,
"2025-11-10 14:18:39.0714521Z","2025-11-10 14:18:39.0714521Z","ETW","Microsoft-Windows-Kernel-Process",4,"ThreadStop Stop ","11656 cygwin-console-helper.exe",4392,,,"11656 cygwin-console-helper.exe",,,,,,,,,,,,,,,,,,,,,,,,,,,,,1762784319071452100,,18446606103146037248,18446606103146008576,140737324634384,0,754215882752,4392,754221842432,754221838336,140737324634384,,,,,,,,,,,50520,,,,,,,,,,,,,,,,,,,,,,,,,,,,,,,,,,,,,,,,,
"2025-11-10 14:18:39.0715631Z","2025-11-10 14:18:39.0715631Z","ETW","Microsoft-Windows-Kernel-Process",6,"ImageUnload Info ","11656 cygwin-console-helper.exe",4392,,,"11656 cygwin-console-helper.exe",,,"C:\Program Files\Git\usr\bin\cygwin-console-helper.exe",,,,,,,,,,,,,,,,,,,,,,,,,,1762784319071563200,,,,,,,,,,,140700799860736,140700799860736,49333,73728,1752689865,,,,,,,,,,,,,,,,,,,,,,,,,,,,,,,,,,,,,,,,,,,,,,,
"2025-11-10 14:18:39.0716174Z","2025-11-10 14:18:39.0716174Z","ETW","Microsoft-Windows-Kernel-Process",6,"ImageUnload Info ","11656 cygwin-console-helper.exe",4392,,,"11656 cygwin-console-helper.exe",,,"C:\Windows\System32\msvcrt.dll",,,,,,,,,,,,,,,,,,,,,,,,,,1762784319071617400,,,,,,,,,,,140737314357248,140737314357248,681663,647168,2616593924,,,,,,,,,,,,,,,,,,,,,,,,,,,,,,,,,,,,,,,,,,,,,,,
"2025-11-10 14:18:39.0716346Z","2025-11-10 14:18:39.0716346Z","ETW","Microsoft-Windows-Kernel-Process",6,"ImageUnload Info ","11656 cygwin-console-helper.exe",4392,,,"11656 cygwin-console-helper.exe",,,"C:\Windows\System32\KernelBase.dll",,,,,,,,,,,,,,,,,,,,,,,,,,1762784319071634600,,,,,,,,,,,140737318289408,140737318289408,3171178,3104768,1448155220,,,,,,,,,,,,,,,,,,,,,,,,,,,,,,,,,,,,,,,,,,,,,,,
"2025-11-10 14:18:39.0716551Z","2025-11-10 14:18:39.0716551Z","ETW","Microsoft-Windows-Kernel-Process",6,"ImageUnload Info ","11656 cygwin-console-helper.exe",4392,,,"11656 cygwin-console-helper.exe",,,"C:\Windows\System32\kernel32.dll",,,,,,,,,,,,,,,,,,,,,,,,,,1762784319071655100,,,,,,,,,,,140737321435136,140737321435136,801304,794624,4007722010,,,,,,,,,,,,,,,,,,,,,,,,,,,,,,,,,,,,,,,,,,,,,,,
"2025-11-10 14:18:39.0716828Z","2025-11-10 14:18:39.0716828Z","ETW","Microsoft-Windows-Kernel-Process",6,"ImageUnload Info ","11656 cygwin-console-helper.exe",4392,,,"11656 cygwin-console-helper.exe",,,"C:\Windows\System32\ntdll.dll",,,,,,,,,,,,,,,,,,,,,,,,,,1762784319071682900,,,,,,,,,,,140737324318720,140737324318720,2048895,2064384,2127151453,,,,,,,,,,,,,,,,,,,,,,,,,,,,,,,,,,,,,,,,,,,,,,,
"2025-11-10 14:18:39.0716905Z","2025-11-10 14:18:39.0716905Z","ETW","Microsoft-Windows-Kernel-Process",2,"ProcessStop Stop ","11656 cygwin-console-helper.exe",4392,,,"11656 cygwin-console-helper.exe",,,"cygwin-console",,,,,,,,,,,,,,,,,,,,,,,,,,1762784319071690500,,,,,,,,,,,,,,,,,,,,,,,,134072579190092527,,,,,,,25946,,,,,,,,,,,,,,520192,520192,12834190,0,134072579190715320,37,0,0,0,3,1,0,,,,,,
"2025-11-10 14:18:39.0724216Z","2025-11-10 14:18:39.0724216Z","ETW","Microsoft-Windows-Kernel-Audit-API-Calls",5,"PsOpenProcess","10472 bash.exe",10000,,,"10472 bash.exe",,,,,,,,,,,,,,,,,,,,,,,,,,,,,1762784319072421600,,,,,,,,,,,,,,,,4096,0,,,,,,,,,,,,,,,,,,,,,,,,,,,,,,,,,,,,,,,,,,,,,
"2025-11-10 14:18:39.0731733Z","2025-11-10 14:18:39.0731733Z","ETW","Microsoft-Windows-Kernel-Process",1,"ProcessStart Start ","10472 bash.exe",10000,,," 9072 git.exe",,,"C:\Program Files\Git\mingw64\bin\git.exe",,,,,,,,,,,,,,,,,,,,,,,,,,1762784319073173300,,,,,,,,,,,,,4315928,,1759182642,,,,,,,,,134072579190731345,0,"0x","","",10472,25944,25947,3,0,1,,,,,,,,,,,,,,,,,,,,,,,,,,,,
"2025-11-10 14:18:39.0738440Z","2025-11-10 14:18:39.0738440Z","ETW","Microsoft-Windows-Kernel-Audit-API-Calls",6,"PsOpenThread"," 2972 cyserver.exe",10288,,,"10472 bash.exe",10000,,,,,,,,,,,,,,,,,,,,,,,,,,,,1762784319073844000,,,,,,,,,,,,,,,,64,0,,,,,,,,,,,,,,,,,,,,,,,,,,,,,,,,,,,,,,,,,,,,,
"2025-11-10 14:18:39.0738535Z","2025-11-10 14:18:39.0738535Z","ETW","Microsoft-Windows-Kernel-Audit-API-Calls",5,"PsOpenProcess"," 2972 cyserver.exe",10288,,,"10472 bash.exe",,,,,,,,,,,,,,,,,,,,,,,,,,,,,1762784319073853500,,,,,,,,,,,,,,,,1024,0,,,,,,,,,,,,,,,,,,,,,,,,,,,,,,,,,,,,,,,,,,,,,
"2025-11-10 14:18:39.0748632Z","2025-11-10 14:18:39.0748632Z","ETW","Microsoft-Windows-Kernel-Audit-API-Calls",6,"PsOpenThread"," 2972 cyserver.exe",7728,,,"10472 bash.exe",10000,,,,,,,,,,,,,,,,,,,,,,,,,,,,1762784319074863300,,,,,,,,,,,,,,,,64,0,,,,,,,,,,,,,,,,,,,,,,,,,,,,,,,,,,,,,,,,,,,,,
"2025-11-10 14:18:39.0748711Z","2025-11-10 14:18:39.0748711Z","ETW","Microsoft-Windows-Kernel-Audit-API-Calls",5,"PsOpenProcess"," 2972 cyserver.exe",7728,,,"10472 bash.exe",,,,,,,,,,,,,,,,,,,,,,,,,,,,,1762784319074871100,,,,,,,,,,,,,,,,1024,0,,,,,,,,,,,,,,,,,,,,,,,,,,,,,,,,,,,,,,,,,,,,,
"2025-11-10 14:18:39.0774156Z","2025-11-10 14:18:39.0774156Z","ETW","Microsoft-Windows-Kernel-Audit-API-Calls",5,"PsOpenProcess"," 2972 cyserver.exe",7728,,," 9072 git.exe",,,,,,,,,,,,,,,,,,,,,,,,,,,,,1762784319077415600,,,,,,,,,,,,,,,,2147483648,0,,,,,,,,,,,,,,,,,,,,,,,,,,,,,,,,,,,,,,,,,,,,,
"2025-11-10 14:18:39.0839454Z","2025-11-10 14:18:39.0839454Z","ETW","Microsoft-Windows-Kernel-Process",3,"ThreadStart Start ","10472 bash.exe",10000,,," 9072 git.exe",,,,,,,,,,,,,,,,,,,,,,,,,,,,,1762784319083945400,,18446606103146037248,18446606103146008576,140702939157504,0,309257605120,2208,309260713984,309260709888,140702939157504,,,,,,,,,,,,,,,,,,,,,,,,,,,,,,,,,,,,,,,,,,,,,,,,,,,,
"2025-11-10 14:18:39.0839630Z","2025-11-10 14:18:39.0839630Z","ETW","Microsoft-Windows-Kernel-Audit-API-Calls",6,"PsOpenThread","10472 bash.exe",10000,,," 9072 git.exe",2208,,,,,,,,,,,,,,,,,,,,,,,,,,,,1762784319083963000,,,,,,,,,,,,,,,,64,0,,,,,,,,,,,,,,,,,,,,,,,,,,,,,,,,,,,,,,,,,,,,,
"2025-11-10 14:18:39.0844191Z","2025-11-10 14:18:39.0844191Z","ETW","Microsoft-Windows-Kernel-Audit-API-Calls",5,"PsOpenProcess","  576 csrss.exe",3336,,," 9072 git.exe",,,,,,,,,,,,,,,,,,,,,,,,,,,,,1762784319084419100,,,,,,,,,,,,,,,,2097151,0,,,,,,,,,,,,,,,,,,,,,,,,,,,,,,,,,,,,,,,,,,,,,
"2025-11-10 14:18:39.0844294Z","2025-11-10 14:18:39.0844294Z","ETW","Microsoft-Windows-Kernel-Audit-API-Calls",6,"PsOpenThread","  576 csrss.exe",3336,,," 9072 git.exe",2208,,,,,,,,,,,,,,,,,,,,,,,,,,,,1762784319084429400,,,,,,,,,,,,,,,,2097151,0,,,,,,,,,,,,,,,,,,,,,,,,,,,,,,,,,,,,,,,,,,,,,
"2025-11-10 14:18:39.0848656Z","2025-11-10 14:18:39.0848656Z","ETW","Microsoft-Windows-Kernel-Audit-API-Calls",3,"NtCreateSymbolicLinkObject","10472 bash.exe",10000,,,,,,,,,,,,,,,,,,,,,,,,,,,,,,,,1762784319084865600,,,,,,,,,,,,,,,,983041,0,,,,,,,,,,,,,,,,,,"winpid.9072","1100",,,,,,,,,,,,,,,,,,,,,,,,,,
"2025-11-10 14:18:39.0865708Z","2025-11-10 14:18:39.0865708Z","ETW","Microsoft-Windows-Kernel-Process",5,"ImageLoad Info "," 9072 git.exe",2208,,," 9072 git.exe",,,"C:\Program Files\Git\mingw64\bin\git.exe",,,,,,,,,,,,,,,,,,,,,,,,,,1762784319086570800,,,,,,,,,,,140702939152384,140702939152384,4315928,4505600,1759182642,,,,,,,,,,,,,,,,,,,,,,,,,,,,,,,,,,,,,,,,,,,,,,,
"2025-11-10 14:18:39.0867105Z","2025-11-10 14:18:39.0867105Z","ETW","Microsoft-Windows-Kernel-Process",5,"ImageLoad Info "," 9072 git.exe",2208,,," 9072 git.exe",,,"C:\Windows\System32\ntdll.dll",,,,,,,,,,,,,,,,,,,,,,,,,,1762784319086710500,,,,,,,,,,,140737324318720,140737324318720,2048895,2064384,2127151453,,,,,,,,,,,,,,,,,,,,,,,,,,,,,,,,,,,,,,,,,,,,,,,
"2025-11-10 14:18:39.0873669Z","2025-11-10 14:18:39.0873669Z","ETW","Microsoft-Windows-Kernel-Process",5,"ImageLoad Info "," 9072 git.exe",2208,,," 9072 git.exe",,,"C:\Windows\System32\kernel32.dll",,,,,,,,,,,,,,,,,,,,,,,,,,1762784319087366900,,,,,,,,,,,140737321435136,140737321435136,801304,794624,4007722010,,,,,,,,,,,,,,,,,,,,,,,,,,,,,,,,,,,,,,,,,,,,,,,
"2025-11-10 14:18:39.0875715Z","2025-11-10 14:18:39.0875715Z","ETW","Microsoft-Windows-Kernel-Process",5,"ImageLoad Info "," 9072 git.exe",2208,,," 9072 git.exe",,,"C:\Windows\System32\KernelBase.dll",,,,,,,,,,,,,,,,,,,,,,,,,,1762784319087571500,,,,,,,,,,,140737318289408,140737318289408,3171178,3104768,1448155220,,,,,,,,,,,,,,,,,,,,,,,,,,,,,,,,,,,,,,,,,,,,,,,
"2025-11-10 14:18:39.0882431Z","2025-11-10 14:18:39.0882431Z","ETW","Microsoft-Windows-Kernel-Audit-API-Calls",5,"PsOpenProcess","10548 conhost.exe",11276,,," 9072 git.exe",,,,,,,,,,,,,,,,,,,,,,,,,,,,,1762784319088243200,,,,,,,,,,,,,,,,33554432,0,,,,,,,,,,,,,,,,,,,,,,,,,,,,,,,,,,,,,,,,,,,,,
"2025-11-10 14:18:39.0900681Z","2025-11-10 14:18:39.0900681Z","ETW","Microsoft-Windows-Kernel-Process",5,"ImageLoad Info "," 9072 git.exe",2208,,," 9072 git.exe",,,"C:\Windows\System32\advapi32.dll",,,,,,,,,,,,,,,,,,,,,,,,,,1762784319090068100,,,,,,,,,,,140737306951680,140737306951680,744837,724992,4166620877,,,,,,,,,,,,,,,,,,,,,,,,,,,,,,,,,,,,,,,,,,,,,,,
"2025-11-10 14:18:39.0902631Z","2025-11-10 14:18:39.0902631Z","ETW","Microsoft-Windows-Kernel-Process",5,"ImageLoad Info "," 9072 git.exe",2208,,," 9072 git.exe",,,"C:\Windows\System32\msvcrt.dll",,,,,,,,,,,,,,,,,,,,,,,,,,1762784319090263100,,,,,,,,,,,140737314357248,140737314357248,681663,647168,2616593924,,,,,,,,,,,,,,,,,,,,,,,,,,,,,,,,,,,,,,,,,,,,,,,
"2025-11-10 14:18:39.0904571Z","2025-11-10 14:18:39.0904571Z","ETW","Microsoft-Windows-Kernel-Process",3,"ThreadStart Start "," 9072 git.exe",2208,,," 9072 git.exe",,,,,,,,,,,,,,,,,,,,,,,,,,,,,1762784319090457100,,18446606103145644032,18446606103145615360,140737324634384,0,309257613312,7280,309262811136,309262807040,140737324634384,,,,,,,,,,,,,,,,,,,,,,,,,,,,,,,,,,,,,,,,,,,,,,,,,,,,
"2025-11-10 14:18:39.0904770Z","2025-11-10 14:18:39.0904770Z","ETW","Microsoft-Windows-Kernel-Audit-API-Calls",6,"PsOpenThread"," 9072 git.exe",2208,,," 9072 git.exe",7280,,,,,,,,,,,,,,,,,,,,,,,,,,,,1762784319090477000,,,,,,,,,,,,,,,,64,0,,,,,,,,,,,,,,,,,,,,,,,,,,,,,,,,,,,,,,,,,,,,,
"2025-11-10 14:18:39.0905425Z","2025-11-10 14:18:39.0905425Z","ETW","Microsoft-Windows-Kernel-Process",5,"ImageLoad Info "," 9072 git.exe",2208,,," 9072 git.exe",,,"C:\Windows\System32\sechost.dll",,,,,,,,,,,,,,,,,,,,,,,,,,1762784319090542500,,,,,,,,,,,140737308262400,140737308262400,647124,651264,2117042745,,,,,,,,,,,,,,,,,,,,,,,,,,,,,,,,,,,,,,,,,,,,,,,
"2025-11-10 14:18:39.0907121Z","2025-11-10 14:18:39.0907121Z","ETW","Microsoft-Windows-Kernel-Process",5,"ImageLoad Info "," 9072 git.exe",2208,,," 9072 git.exe",,,"C:\Windows\System32\rpcrt4.dll",,,,,,,,,,,,,,,,,,,,,,,,,,1762784319090712100,,,,,,,,,,,140737317109760,140737317109760,1217917,1179648,2756017066,,,,,,,,,,,,,,,,,,,,,,,,,,,,,,,,,,,,,,,,,,,,,,,
"2025-11-10 14:18:39.0909028Z","2025-11-10 14:18:39.0909028Z","ETW","Microsoft-Windows-Kernel-Process",5,"ImageLoad Info "," 9072 git.exe",2208,,," 9072 git.exe",,,"C:\Windows\System32\bcrypt.dll",,,,,,,,,,,,,,,,,,,,,,,,,,1762784319090902800,,,,,,,,,,,140737279623168,140737279623168,171668,159744,2220160889,,,,,,,,,,,,,,,,,,,,,,,,,,,,,,,,,,,,,,,,,,,,,,,
"2025-11-10 14:18:39.0911676Z","2025-11-10 14:18:39.0911676Z","ETW","Microsoft-Windows-Kernel-Process",5,"ImageLoad Info "," 9072 git.exe",2208,,," 9072 git.exe",,,"C:\Windows\System32\user32.dll",,,,,,,,,,,,,,,,,,,,,,,,,,1762784319091167600,,,,,,,,,,,140737322287104,140737322287104,1767867,1708032,1351922499,,,,,,,,,,,,,,,,,,,,,,,,,,,,,,,,,,,,,,,,,,,,,,,
"2025-11-10 14:18:39.0913259Z","2025-11-10 14:18:39.0913259Z","ETW","Microsoft-Windows-Kernel-Process",5,"ImageLoad Info "," 9072 git.exe",2208,,," 9072 git.exe",,,"C:\Windows\System32\win32u.dll",,,,,,,,,,,,,,,,,,,,,,,,,,1762784319091325900,,,,,,,,,,,140737281196032,140737281196032,183095,139264,3760910660,,,,,,,,,,,,,,,,,,,,,,,,,,,,,,,,,,,,,,,,,,,,,,,
"2025-11-10 14:18:39.0914636Z","2025-11-10 14:18:39.0914636Z","ETW","Microsoft-Windows-Kernel-Process",5,"ImageLoad Info "," 9072 git.exe",2208,,," 9072 git.exe",,,"C:\Windows\System32\gdi32.dll",,,,,,,,,,,,,,,,,,,,,,,,,,1762784319091463600,,,,,,,,,,,140737309507584,140737309507584,210990,176128,2413768611,,,,,,,,,,,,,,,,,,,,,,,,,,,,,,,,,,,,,,,,,,,,,,,
"2025-11-10 14:18:39.0916097Z","2025-11-10 14:18:39.0916097Z","ETW","Microsoft-Windows-Kernel-Process",5,"ImageLoad Info "," 9072 git.exe",2208,,," 9072 git.exe",,,"C:\Windows\System32\gdi32full.dll",,,,,,,,,,,,,,,,,,,,,,,,,,1762784319091609700,,,,,,,,,,,140737281392640,140737281392640,1167211,1150976,1288019395,,,,,,,,,,,,,,,,,,,,,,,,,,,,,,,,,,,,,,,,,,,,,,,
"2025-11-10 14:18:39.0917774Z","2025-11-10 14:18:39.0917774Z","ETW","Microsoft-Windows-Kernel-Process",5,"ImageLoad Info "," 9072 git.exe",2208,,," 9072 git.exe",,,"C:\Windows\System32\msvcp_win.dll",,,,,,,,,,,,,,,,,,,,,,,,,,1762784319091777400,,,,,,,,,,,140737279819776,140737279819776,659111,643072,958749903,,,,,,,,,,,,,,,,,,,,,,,,,,,,,,,,,,,,,,,,,,,,,,,
"2025-11-10 14:18:39.0919443Z","2025-11-10 14:18:39.0919443Z","ETW","Microsoft-Windows-Kernel-Process",5,"ImageLoad Info "," 9072 git.exe",2208,,," 9072 git.exe",,,"C:\Windows\System32\ucrtbase.dll",,,,,,,,,,,,,,,,,,,,,,,,,,1762784319091944300,,,,,,,,,,,140737283162112,140737283162112,1076532,1048576,2177850761,,,,,,,,,,,,,,,,,,,,,,,,,,,,,,,,,,,,,,,,,,,,,,,
"2025-11-10 14:18:39.0921239Z","2025-11-10 14:18:39.0921239Z","ETW","Microsoft-Windows-Kernel-Process",5,"ImageLoad Info "," 9072 git.exe",2208,,," 9072 git.exe",,,"C:\Windows\System32\ws2_32.dll",,,,,,,,,,,,,,,,,,,,,,,,,,1762784319092123900,,,,,,,,,,,140737305772032,140737305772032,489137,438272,2047685052,,,,,,,,,,,,,,,,,,,,,,,,,,,,,,,,,,,,,,,,,,,,,,,
"2025-11-10 14:18:39.0929018Z","2025-11-10 14:18:39.0929018Z","ETW","Microsoft-Windows-Kernel-Process",5,"ImageLoad Info "," 9072 git.exe",2208,,," 9072 git.exe",,,"C:\Program Files\Git\mingw64\bin\libiconv-2.dll",,,,,,,,,,,,,,,,,,,,,,,,,,1762784319092901800,,,,,,,,,,,140736814907392,140736814907392,1196713,1171456,1734459032,,,,,,,,,,,,,,,,,,,,,,,,,,,,,,,,,,,,,,,,,,,,,,,
"2025-11-10 14:18:39.0929574Z","2025-11-10 14:18:39.0929574Z","ETW","Microsoft-Windows-Kernel-Audit-API-Calls",6,"PsOpenThread"," 2972 cyserver.exe",7160,,," 9072 git.exe",2208,,,,,,,,,,,,,,,,,,,,,,,,,,,,1762784319092957400,,,,,,,,,,,,,,,,64,0,,,,,,,,,,,,,,,,,,,,,,,,,,,,,,,,,,,,,,,,,,,,,
"2025-11-10 14:18:39.0929669Z","2025-11-10 14:18:39.0929669Z","ETW","Microsoft-Windows-Kernel-Audit-API-Calls",5,"PsOpenProcess"," 2972 cyserver.exe",7160,,," 9072 git.exe",,,,,,,,,,,,,,,,,,,,,,,,,,,,,1762784319092966900,,,,,,,,,,,,,,,,1024,0,,,,,,,,,,,,,,,,,,,,,,,,,,,,,,,,,,,,,,,,,,,,,
"2025-11-10 14:18:39.0950580Z","2025-11-10 14:18:39.0950580Z","ETW","Microsoft-Windows-Kernel-Process",3,"ThreadStart Start "," 9072 git.exe",7280,,," 9072 git.exe",,,,,,,,,,,,,,,,,,,,,,,,,,,,,1762784319095058000,,18446606103145971712,18446606103145943040,140737324634384,0,309257621504,7804,309264908288,309264904192,140737324634384,,,,,,,,,,,,,,,,,,,,,,,,,,,,,,,,,,,,,,,,,,,,,,,,,,,,
"2025-11-10 14:18:39.0950764Z","2025-11-10 14:18:39.0950764Z","ETW","Microsoft-Windows-Kernel-Audit-API-Calls",6,"PsOpenThread"," 9072 git.exe",7280,,," 9072 git.exe",7804,,,,,,,,,,,,,,,,,,,,,,,,,,,,1762784319095076400,,,,,,,,,,,,,,,,64,0,,,,,,,,,,,,,,,,,,,,,,,,,,,,,,,,,,,,,,,,,,,,,
"2025-11-10 14:18:39.0953094Z","2025-11-10 14:18:39.0953094Z","ETW","Microsoft-Windows-Kernel-Process",5,"ImageLoad Info "," 9072 git.exe",7280,,," 9072 git.exe",,,"C:\Program Files\Git\mingw64\bin\libintl-8.dll",,,,,,,,,,,,,,,,,,,,,,,,,,1762784319095309400,,,,,,,,,,,140736852000768,140736852000768,317681,335872,1753251091,,,,,,,,,,,,,,,,,,,,,,,,,,,,,,,,,,,,,,,,,,,,,,,
"2025-11-10 14:18:39.0953710Z","2025-11-10 14:18:39.0953710Z","ETW","Microsoft-Windows-Kernel-Audit-API-Calls",6,"PsOpenThread"," 2972 cyserver.exe",7532,,," 9072 git.exe",7280,,,,,,,,,,,,,,,,,,,,,,,,,,,,1762784319095371000,,,,,,,,,,,,,,,,64,0,,,,,,,,,,,,,,,,,,,,,,,,,,,,,,,,,,,,,,,,,,,,,
"2025-11-10 14:18:39.0953825Z","2025-11-10 14:18:39.0953825Z","ETW","Microsoft-Windows-Kernel-Audit-API-Calls",5,"PsOpenProcess"," 2972 cyserver.exe",7532,,," 9072 git.exe",,,,,,,,,,,,,,,,,,,,,,,,,,,,,1762784319095382500,,,,,,,,,,,,,,,,1024,0,,,,,,,,,,,,,,,,,,,,,,,,,,,,,,,,,,,,,,,,,,,,,
"2025-11-10 14:18:39.0970824Z","2025-11-10 14:18:39.0970824Z","ETW","Microsoft-Windows-Kernel-Process",3,"ThreadStart Start "," 9072 git.exe",7804,,," 9072 git.exe",,,,,,,,,,,,,,,,,,,,,,,,,,,,,1762784319097082400,,18446606103146070016,18446606103146041344,140737324634384,0,309257629696,11224,309267005440,309267001344,140737324634384,,,,,,,,,,,,,,,,,,,,,,,,,,,,,,,,,,,,,,,,,,,,,,,,,,,,
"2025-11-10 14:18:39.0971291Z","2025-11-10 14:18:39.0971291Z","ETW","Microsoft-Windows-Kernel-Audit-API-Calls",6,"PsOpenThread"," 9072 git.exe",7804,,," 9072 git.exe",11224,,,,,,,,,,,,,,,,,,,,,,,,,,,,1762784319097129100,,,,,,,,,,,,,,,,64,0,,,,,,,,,,,,,,,,,,,,,,,,,,,,,,,,,,,,,,,,,,,,,
"2025-11-10 14:18:39.0973818Z","2025-11-10 14:18:39.0973818Z","ETW","Microsoft-Windows-Kernel-Process",5,"ImageLoad Info "," 9072 git.exe",7804,,," 9072 git.exe",,,"C:\Program Files\Git\mingw64\bin\libpcre2-8-0.dll",,,,,,,,,,,,,,,,,,,,,,,,,,1762784319097381900,,,,,,,,,,,140736842039296,140736842039296,736699,733184,1756356616,,,,,,,,,,,,,,,,,,,,,,,,,,,,,,,,,,,,,,,,,,,,,,,
"2025-11-10 14:18:39.0974317Z","2025-11-10 14:18:39.0974317Z","ETW","Microsoft-Windows-Kernel-Audit-API-Calls",6,"PsOpenThread"," 2972 cyserver.exe",10288,,," 9072 git.exe",7804,,,,,,,,,,,,,,,,,,,,,,,,,,,,1762784319097431700,,,,,,,,,,,,,,,,64,0,,,,,,,,,,,,,,,,,,,,,,,,,,,,,,,,,,,,,,,,,,,,,
"2025-11-10 14:18:39.0974414Z","2025-11-10 14:18:39.0974414Z","ETW","Microsoft-Windows-Kernel-Audit-API-Calls",5,"PsOpenProcess"," 2972 cyserver.exe",10288,,," 9072 git.exe",,,,,,,,,,,,,,,,,,,,,,,,,,,,,1762784319097441400,,,,,,,,,,,,,,,,1024,0,,,,,,,,,,,,,,,,,,,,,,,,,,,,,,,,,,,,,,,,,,,,,
"2025-11-10 14:18:39.0983967Z","2025-11-10 14:18:39.0983967Z","ETW","Microsoft-Windows-Kernel-Process",5,"ImageLoad Info "," 9072 git.exe",11224,,," 9072 git.exe",,,"C:\Program Files\Git\mingw64\bin\zlib1.dll",,,,,,,,,,,,,,,,,,,,,,,,,,1762784319098396700,,,,,,,,,,,140736863404032,140736863404032,173920,147456,1705996161,,,,,,,,,,,,,,,,,,,,,,,,,,,,,,,,,,,,,,,,,,,,,,,
"2025-11-10 14:18:39.0984448Z","2025-11-10 14:18:39.0984448Z","ETW","Microsoft-Windows-Kernel-Audit-API-Calls",6,"PsOpenThread"," 2972 cyserver.exe",7728,,," 9072 git.exe",11224,,,,,,,,,,,,,,,,,,,,,,,,,,,,1762784319098444800,,,,,,,,,,,,,,,,64,0,,,,,,,,,,,,,,,,,,,,,,,,,,,,,,,,,,,,,,,,,,,,,
"2025-11-10 14:18:39.0984947Z","2025-11-10 14:18:39.0984947Z","ETW","Microsoft-Windows-Kernel-Audit-API-Calls",5,"PsOpenProcess"," 2972 cyserver.exe",7728,,," 9072 git.exe",,,,,,,,,,,,,,,,,,,,,,,,,,,,,1762784319098494700,,,,,,,,,,,,,,,,1024,0,,,,,,,,,,,,,,,,,,,,,,,,,,,,,,,,,,,,,,,,,,,,,
"2025-11-10 14:18:39.1007519Z","2025-11-10 14:18:39.1007519Z","ETW","Microsoft-Windows-Kernel-Process",5,"ImageLoad Info "," 9072 git.exe",2208,,," 9072 git.exe",,,"C:\Program Files\Git\mingw64\bin\libwinpthread-1.dll",,,,,,,,,,,,,,,,,,,,,,,,,,1762784319100751900,,,,,,,,,,,140736855474176,140736855474176,77046,90112,1758466668,,,,,,,,,,,,,,,,,,,,,,,,,,,,,,,,,,,,,,,,,,,,,,,
"2025-11-10 14:18:39.1007950Z","2025-11-10 14:18:39.1007950Z","ETW","Microsoft-Windows-Kernel-Audit-API-Calls",6,"PsOpenThread"," 2972 cyserver.exe",7160,,," 9072 git.exe",2208,,,,,,,,,,,,,,,,,,,,,,,,,,,,1762784319100795000,,,,,,,,,,,,,,,,64,0,,,,,,,,,,,,,,,,,,,,,,,,,,,,,,,,,,,,,,,,,,,,,
"2025-11-10 14:18:39.1008084Z","2025-11-10 14:18:39.1008084Z","ETW","Microsoft-Windows-Kernel-Audit-API-Calls",5,"PsOpenProcess"," 2972 cyserver.exe",7160,,," 9072 git.exe",,,,,,,,,,,,,,,,,,,,,,,,,,,,,1762784319100808400,,,,,,,,,,,,,,,,1024,0,,,,,,,,,,,,,,,,,,,,,,,,,,,,,,,,,,,,,,,,,,,,,
"2025-11-10 14:18:39.1009897Z","2025-11-10 14:18:39.1009897Z","ETW","Microsoft-Windows-Kernel-Audit-API-Calls",6,"PsOpenThread","10364 mintty.exe",5868,,,"10364 mintty.exe",5868,,,,,,,,,,,,,,,,,,,,,,,,,,,,1762784319100989700,,,,,,,,,,,,,,,,1024,0,,,,,,,,,,,,,,,,,,,,,,,,,,,,,,,,,,,,,,,,,,,,,
"2025-11-10 14:18:39.1052865Z","2025-11-10 14:18:39.1052865Z","ETW","Microsoft-Windows-Kernel-Process",5,"ImageLoad Info "," 9072 git.exe",2208,,," 9072 git.exe",,,"C:\Windows\System32\cryptbase.dll",,,,,,,,,,,,,,,,,,,,,,,,,,1762784319105286500,,,,,,,,,,,140737272020992,140737272020992,66383,49152,1678623338,,,,,,,,,,,,,,,,,,,,,,,,,,,,,,,,,,,,,,,,,,,,,,,
"2025-11-10 14:18:39.1062434Z","2025-11-10 14:18:39.1062434Z","ETW","Microsoft-Windows-Kernel-Process",5,"ImageLoad Info "," 9072 git.exe",2208,,," 9072 git.exe",,,"C:\Windows\System32\bcryptprimitives.dll",,,,,,,,,,,,,,,,,,,,,,,,,,1762784319106243400,,,,,,,,,,,140737282572288,140737282572288,531569,532480,3309379821,,,,,,,,,,,,,,,,,,,,,,,,,,,,,,,,,,,,,,,,,,,,,,,
"2025-11-10 14:18:39.1072956Z","2025-11-10 14:18:39.1072956Z","ETW","Microsoft-Windows-Kernel-Process",5,"ImageLoad Info "," 9072 git.exe",2208,,," 9072 git.exe",,,"C:\Windows\System32\imm32.dll",,,,,,,,,,,,,,,,,,,,,,,,,,1762784319107295600,,,,,,,,,,,140737309310976,140737309310976,238320,192512,770155462,,,,,,,,,,,,,,,,,,,,,,,,,,,,,,,,,,,,,,,,,,,,,,,
"2025-11-10 14:18:39.1305600Z","2025-11-10 14:18:39.1305600Z","ETW","Microsoft-Windows-Kernel-Audit-API-Calls",6,"PsOpenThread","10364 mintty.exe",5868,,,"10364 mintty.exe",5868,,,,,,,,,,,,,,,,,,,,,,,,,,,,1762784319130560000,,,,,,,,,,,,,,,,1024,0,,,,,,,,,,,,,,,,,,,,,,,,,,,,,,,,,,,,,,,,,,,,,
"2025-11-10 14:18:39.1327272Z","2025-11-10 14:18:39.1327272Z","ETW","Microsoft-Windows-Kernel-Process",5,"ImageLoad Info "," 9072 git.exe",2208,,," 9072 git.exe",,,"C:\Windows\System32\ntmarta.dll",,,,,,,,,,,,,,,,,,,,,,,,,,1762784319132727200,,,,,,,,,,,140737265074176,140737265074176,197444,208896,4265087599,,,,,,,,,,,,,,,,,,,,,,,,,,,,,,,,,,,,,,,,,,,,,,,
"2025-11-10 14:18:39.1353281Z","2025-11-10 14:18:39.1353281Z","ETW","Microsoft-Windows-Kernel-Process",4,"ThreadStop Stop "," 9072 git.exe",11224,,," 9072 git.exe",,,,,,,,,,,,,,,,,,,,,,,,,,,,,1762784319135328100,,18446606103146070016,18446606103146041344,140737324634384,0,309257629696,11224,309267005440,309266997248,140737324634384,,,,,,,,,,,2392841,,,,,,,,,,,,,,,,,,,,,,,,,,,,,,,,,,,,,,,,,
"2025-11-10 14:18:39.1353920Z","2025-11-10 14:18:39.1353920Z","ETW","Microsoft-Windows-Kernel-Process",4,"ThreadStop Stop "," 9072 git.exe",7804,,," 9072 git.exe",,,,,,,,,,,,,,,,,,,,,,,,,,,,,1762784319135392100,,18446606103145971712,18446606103145943040,140737324634384,0,309257621504,7804,309264908288,309264900096,140737324634384,,,,,,,,,,,1560210,,,,,,,,,,,,,,,,,,,,,,,,,,,,,,,,,,,,,,,,,
"2025-11-10 14:18:39.1354243Z","2025-11-10 14:18:39.1354243Z","ETW","Microsoft-Windows-Kernel-Process",4,"ThreadStop Stop "," 9072 git.exe",7280,,," 9072 git.exe",,,,,,,,,,,,,,,,,,,,,,,,,,,,,1762784319135424300,,18446606103145644032,18446606103145615360,140737324634384,0,309257613312,7280,309262811136,309262802944,140737324634384,,,,,,,,,,,1889361,,,,,,,,,,,,,,,,,,,,,,,,,,,,,,,,,,,,,,,,,
"2025-11-10 14:18:39.1356120Z","2025-11-10 14:18:39.1356120Z","ETW","Microsoft-Windows-Kernel-Process",4,"ThreadStop Stop "," 9072 git.exe",2208,,," 9072 git.exe",,,,,,,,,,,,,,,,,,,,,,,,,,,,,1762784319135612000,,18446606103146037248,18446606103146008576,140702939157504,0,309257605120,2208,309260713984,309260562432,140702939157504,,,,,,,,,,,98844040,,,,,,,,,,,,,,,,,,,,,,,,,,,,,,,,,,,,,,,,,
"2025-11-10 14:18:39.1358791Z","2025-11-10 14:18:39.1358791Z","ETW","Microsoft-Windows-Kernel-Process",6,"ImageUnload Info "," 9072 git.exe",2208,,," 9072 git.exe",,,"C:\Program Files\Git\mingw64\bin\git.exe",,,,,,,,,,,,,,,,,,,,,,,,,,1762784319135879100,,,,,,,,,,,140702939152384,140702939152384,4315928,4505600,1759182642,,,,,,,,,,,,,,,,,,,,,,,,,,,,,,,,,,,,,,,,,,,,,,,
"2025-11-10 14:18:39.1358839Z","2025-11-10 14:18:39.1358839Z","ETW","Microsoft-Windows-Kernel-Process",6,"ImageUnload Info "," 9072 git.exe",2208,,," 9072 git.exe",,,"C:\Program Files\Git\mingw64\bin\libiconv-2.dll",,,,,,,,,,,,,,,,,,,,,,,,,,1762784319135883900,,,,,,,,,,,140736814907392,140736814907392,1196713,1171456,1734459032,,,,,,,,,,,,,,,,,,,,,,,,,,,,,,,,,,,,,,,,,,,,,,,
"2025-11-10 14:18:39.1358877Z","2025-11-10 14:18:39.1358877Z","ETW","Microsoft-Windows-Kernel-Process",6,"ImageUnload Info "," 9072 git.exe",2208,,," 9072 git.exe",,,"C:\Program Files\Git\mingw64\bin\libpcre2-8-0.dll",,,,,,,,,,,,,,,,,,,,,,,,,,1762784319135887700,,,,,,,,,,,140736842039296,140736842039296,736699,733184,1756356616,,,,,,,,,,,,,,,,,,,,,,,,,,,,,,,,,,,,,,,,,,,,,,,
"2025-11-10 14:18:39.1358909Z","2025-11-10 14:18:39.1358909Z","ETW","Microsoft-Windows-Kernel-Process",6,"ImageUnload Info "," 9072 git.exe",2208,,," 9072 git.exe",,,"C:\Program Files\Git\mingw64\bin\libintl-8.dll",,,,,,,,,,,,,,,,,,,,,,,,,,1762784319135890900,,,,,,,,,,,140736852000768,140736852000768,317681,335872,1753251091,,,,,,,,,,,,,,,,,,,,,,,,,,,,,,,,,,,,,,,,,,,,,,,
"2025-11-10 14:18:39.1358942Z","2025-11-10 14:18:39.1358942Z","ETW","Microsoft-Windows-Kernel-Process",6,"ImageUnload Info "," 9072 git.exe",2208,,," 9072 git.exe",,,"C:\Program Files\Git\mingw64\bin\libwinpthread-1.dll",,,,,,,,,,,,,,,,,,,,,,,,,,1762784319135894200,,,,,,,,,,,140736855474176,140736855474176,77046,90112,1758466668,,,,,,,,,,,,,,,,,,,,,,,,,,,,,,,,,,,,,,,,,,,,,,,
"2025-11-10 14:18:39.1358990Z","2025-11-10 14:18:39.1358990Z","ETW","Microsoft-Windows-Kernel-Process",6,"ImageUnload Info "," 9072 git.exe",2208,,," 9072 git.exe",,,"C:\Program Files\Git\mingw64\bin\zlib1.dll",,,,,,,,,,,,,,,,,,,,,,,,,,1762784319135899000,,,,,,,,,,,140736863404032,140736863404032,173920,147456,1705996161,,,,,,,,,,,,,,,,,,,,,,,,,,,,,,,,,,,,,,,,,,,,,,,
"2025-11-10 14:18:39.1359198Z","2025-11-10 14:18:39.1359198Z","ETW","Microsoft-Windows-Kernel-Process",6,"ImageUnload Info "," 9072 git.exe",2208,,," 9072 git.exe",,,"C:\Windows\System32\ntmarta.dll",,,,,,,,,,,,,,,,,,,,,,,,,,1762784319135919800,,,,,,,,,,,140737265074176,140737265074176,197444,208896,4265087599,,,,,,,,,,,,,,,,,,,,,,,,,,,,,,,,,,,,,,,,,,,,,,,
"2025-11-10 14:18:39.1359335Z","2025-11-10 14:18:39.1359335Z","ETW","Microsoft-Windows-Kernel-Process",6,"ImageUnload Info "," 9072 git.exe",2208,,," 9072 git.exe",,,"C:\Windows\System32\cryptbase.dll",,,,,,,,,,,,,,,,,,,,,,,,,,1762784319135933500,,,,,,,,,,,140737272020992,140737272020992,66383,49152,1678623338,,,,,,,,,,,,,,,,,,,,,,,,,,,,,,,,,,,,,,,,,,,,,,,
"2025-11-10 14:18:39.1359444Z","2025-11-10 14:18:39.1359444Z","ETW","Microsoft-Windows-Kernel-Process",6,"ImageUnload Info "," 9072 git.exe",2208,,," 9072 git.exe",,,"C:\Windows\System32\bcrypt.dll",,,,,,,,,,,,,,,,,,,,,,,,,,1762784319135944400,,,,,,,,,,,140737279623168,140737279623168,171668,159744,2220160889,,,,,,,,,,,,,,,,,,,,,,,,,,,,,,,,,,,,,,,,,,,,,,,
"2025-11-10 14:18:39.1359555Z","2025-11-10 14:18:39.1359555Z","ETW","Microsoft-Windows-Kernel-Process",6,"ImageUnload Info "," 9072 git.exe",2208,,," 9072 git.exe",,,"C:\Windows\System32\msvcp_win.dll",,,,,,,,,,,,,,,,,,,,,,,,,,1762784319135955500,,,,,,,,,,,140737279819776,140737279819776,659111,643072,958749903,,,,,,,,,,,,,,,,,,,,,,,,,,,,,,,,,,,,,,,,,,,,,,,
"2025-11-10 14:18:39.1359666Z","2025-11-10 14:18:39.1359666Z","ETW","Microsoft-Windows-Kernel-Process",6,"ImageUnload Info "," 9072 git.exe",2208,,," 9072 git.exe",,,"C:\Windows\System32\win32u.dll",,,,,,,,,,,,,,,,,,,,,,,,,,1762784319135966600,,,,,,,,,,,140737281196032,140737281196032,183095,139264,3760910660,,,,,,,,,,,,,,,,,,,,,,,,,,,,,,,,,,,,,,,,,,,,,,,
"2025-11-10 14:18:39.1359774Z","2025-11-10 14:18:39.1359774Z","ETW","Microsoft-Windows-Kernel-Process",6,"ImageUnload Info "," 9072 git.exe",2208,,," 9072 git.exe",,,"C:\Windows\System32\gdi32full.dll",,,,,,,,,,,,,,,,,,,,,,,,,,1762784319135977400,,,,,,,,,,,140737281392640,140737281392640,1167211,1150976,1288019395,,,,,,,,,,,,,,,,,,,,,,,,,,,,,,,,,,,,,,,,,,,,,,,
"2025-11-10 14:18:39.1359888Z","2025-11-10 14:18:39.1359888Z","ETW","Microsoft-Windows-Kernel-Process",6,"ImageUnload Info "," 9072 git.exe",2208,,," 9072 git.exe",,,"C:\Windows\System32\bcryptprimitives.dll",,,,,,,,,,,,,,,,,,,,,,,,,,1762784319135988800,,,,,,,,,,,140737282572288,140737282572288,531569,532480,3309379821,,,,,,,,,,,,,,,,,,,,,,,,,,,,,,,,,,,,,,,,,,,,,,,
"2025-11-10 14:18:39.1359996Z","2025-11-10 14:18:39.1359996Z","ETW","Microsoft-Windows-Kernel-Process",6,"ImageUnload Info "," 9072 git.exe",2208,,," 9072 git.exe",,,"C:\Windows\System32\ucrtbase.dll",,,,,,,,,,,,,,,,,,,,,,,,,,1762784319135999600,,,,,,,,,,,140737283162112,140737283162112,1076532,1048576,2177850761,,,,,,,,,,,,,,,,,,,,,,,,,,,,,,,,,,,,,,,,,,,,,,,
"2025-11-10 14:18:39.1360101Z","2025-11-10 14:18:39.1360101Z","ETW","Microsoft-Windows-Kernel-Process",6,"ImageUnload Info "," 9072 git.exe",2208,,," 9072 git.exe",,,"C:\Windows\System32\ws2_32.dll",,,,,,,,,,,,,,,,,,,,,,,,,,1762784319136010100,,,,,,,,,,,140737305772032,140737305772032,489137,438272,2047685052,,,,,,,,,,,,,,,,,,,,,,,,,,,,,,,,,,,,,,,,,,,,,,,
"2025-11-10 14:18:39.1360210Z","2025-11-10 14:18:39.1360210Z","ETW","Microsoft-Windows-Kernel-Process",6,"ImageUnload Info "," 9072 git.exe",2208,,," 9072 git.exe",,,"C:\Windows\System32\advapi32.dll",,,,,,,,,,,,,,,,,,,,,,,,,,1762784319136021000,,,,,,,,,,,140737306951680,140737306951680,744837,724992,4166620877,,,,,,,,,,,,,,,,,,,,,,,,,,,,,,,,,,,,,,,,,,,,,,,
"2025-11-10 14:18:39.1360313Z","2025-11-10 14:18:39.1360313Z","ETW","Microsoft-Windows-Kernel-Process",6,"ImageUnload Info "," 9072 git.exe",2208,,," 9072 git.exe",,,"C:\Windows\System32\sechost.dll",,,,,,,,,,,,,,,,,,,,,,,,,,1762784319136031300,,,,,,,,,,,140737308262400,140737308262400,647124,651264,2117042745,,,,,,,,,,,,,,,,,,,,,,,,,,,,,,,,,,,,,,,,,,,,,,,
"2025-11-10 14:18:39.1360412Z","2025-11-10 14:18:39.1360412Z","ETW","Microsoft-Windows-Kernel-Process",6,"ImageUnload Info "," 9072 git.exe",2208,,," 9072 git.exe",,,"C:\Windows\System32\imm32.dll",,,,,,,,,,,,,,,,,,,,,,,,,,1762784319136041200,,,,,,,,,,,140737309310976,140737309310976,238320,192512,770155462,,,,,,,,,,,,,,,,,,,,,,,,,,,,,,,,,,,,,,,,,,,,,,,
"2025-11-10 14:18:39.1360516Z","2025-11-10 14:18:39.1360516Z","ETW","Microsoft-Windows-Kernel-Process",6,"ImageUnload Info "," 9072 git.exe",2208,,," 9072 git.exe",,,"C:\Windows\System32\gdi32.dll",,,,,,,,,,,,,,,,,,,,,,,,,,1762784319136051600,,,,,,,,,,,140737309507584,140737309507584,210990,176128,2413768611,,,,,,,,,,,,,,,,,,,,,,,,,,,,,,,,,,,,,,,,,,,,,,,
"2025-11-10 14:18:39.1360621Z","2025-11-10 14:18:39.1360621Z","ETW","Microsoft-Windows-Kernel-Process",6,"ImageUnload Info "," 9072 git.exe",2208,,," 9072 git.exe",,,"C:\Windows\System32\msvcrt.dll",,,,,,,,,,,,,,,,,,,,,,,,,,1762784319136062100,,,,,,,,,,,140737314357248,140737314357248,681663,647168,2616593924,,,,,,,,,,,,,,,,,,,,,,,,,,,,,,,,,,,,,,,,,,,,,,,
"2025-11-10 14:18:39.1360722Z","2025-11-10 14:18:39.1360722Z","ETW","Microsoft-Windows-Kernel-Process",6,"ImageUnload Info "," 9072 git.exe",2208,,," 9072 git.exe",,,"C:\Windows\System32\rpcrt4.dll",,,,,,,,,,,,,,,,,,,,,,,,,,1762784319136072200,,,,,,,,,,,140737317109760,140737317109760,1217917,1179648,2756017066,,,,,,,,,,,,,,,,,,,,,,,,,,,,,,,,,,,,,,,,,,,,,,,
"2025-11-10 14:18:39.1360831Z","2025-11-10 14:18:39.1360831Z","ETW","Microsoft-Windows-Kernel-Process",6,"ImageUnload Info "," 9072 git.exe",2208,,," 9072 git.exe",,,"C:\Windows\System32\KernelBase.dll",,,,,,,,,,,,,,,,,,,,,,,,,,1762784319136083200,,,,,,,,,,,140737318289408,140737318289408,3171178,3104768,1448155220,,,,,,,,,,,,,,,,,,,,,,,,,,,,,,,,,,,,,,,,,,,,,,,
"2025-11-10 14:18:39.1360937Z","2025-11-10 14:18:39.1360937Z","ETW","Microsoft-Windows-Kernel-Process",6,"ImageUnload Info "," 9072 git.exe",2208,,," 9072 git.exe",,,"C:\Windows\System32\kernel32.dll",,,,,,,,,,,,,,,,,,,,,,,,,,1762784319136093700,,,,,,,,,,,140737321435136,140737321435136,801304,794624,4007722010,,,,,,,,,,,,,,,,,,,,,,,,,,,,,,,,,,,,,,,,,,,,,,,
"2025-11-10 14:18:39.1361038Z","2025-11-10 14:18:39.1361038Z","ETW","Microsoft-Windows-Kernel-Process",6,"ImageUnload Info "," 9072 git.exe",2208,,," 9072 git.exe",,,"C:\Windows\System32\user32.dll",,,,,,,,,,,,,,,,,,,,,,,,,,1762784319136103800,,,,,,,,,,,140737322287104,140737322287104,1767867,1708032,1351922499,,,,,,,,,,,,,,,,,,,,,,,,,,,,,,,,,,,,,,,,,,,,,,,
"2025-11-10 14:18:39.1361132Z","2025-11-10 14:18:39.1361132Z","ETW","Microsoft-Windows-Kernel-Process",6,"ImageUnload Info "," 9072 git.exe",2208,,," 9072 git.exe",,,"C:\Windows\System32\ntdll.dll",,,,,,,,,,,,,,,,,,,,,,,,,,1762784319136113200,,,,,,,,,,,140737324318720,140737324318720,2048895,2064384,2127151453,,,,,,,,,,,,,,,,,,,,,,,,,,,,,,,,,,,,,,,,,,,,,,,
"2025-11-10 14:18:39.1361202Z","2025-11-10 14:18:39.1361202Z","ETW","Microsoft-Windows-Kernel-Process",2,"ProcessStop Stop "," 9072 git.exe",2208,,," 9072 git.exe",,,"git.exe",,,,,,,,,,,,,,,,,,,,,,,,,,1762784319136120200,,,,,,,,,,,,,,,,,,,,,,,,134072579190731345,,,,,,,25947,,,,,,,,,,,,,,2826240,35368960,106775349,1,134072579191358385,75,0,14,1,3,0,0,,,,,,
"2025-11-10 14:18:39.1775154Z","2025-11-10 14:18:39.1775154Z","ETW","Microsoft-Windows-Kernel-Audit-API-Calls",5,"PsOpenProcess","10472 bash.exe",10000,,,"10364 mintty.exe",,,,,,,,,,,,,,,,,,,,,,,,,,,,,1762784319177515400,,,,,,,,,,,,,,,,64,0,,,,,,,,,,,,,,,,,,,,,,,,,,,,,,,,,,,,,,,,,,,,,
"2025-11-10 14:18:39.1779926Z","2025-11-10 14:18:39.1779926Z","ETW","Microsoft-Windows-Kernel-Audit-API-Calls",5,"PsOpenProcess","10472 bash.exe",10000,,,"11184 bash.exe",,,,,,,,,,,,,,,,,,,,,,,,,,,,,1762784319177992600,,,,,,,,,,,,,,,,4096,0,,,,,,,,,,,,,,,,,,,,,,,,,,,,,,,,,,,,,,,,,,,,,
"2025-11-10 14:18:39.1780887Z","2025-11-10 14:18:39.1780887Z","ETW","Microsoft-Windows-Kernel-Audit-API-Calls",5,"PsOpenProcess"," 3032 conhost.exe",5540,,,"10472 bash.exe",,,,,,,,,,,,,,,,,,,,,,,,,,,,,1762784319178088700,,,,,,,,,,,,,,,,33554432,0,,,,,,,,,,,,,,,,,,,,,,,,,,,,,,,,,,,,,,,,,,,,,
"2025-11-10 14:18:39.1783025Z","2025-11-10 14:18:39.1783025Z","ETW","Microsoft-Windows-Kernel-Process",4,"ThreadStop Stop ","10548 conhost.exe",6912,,,"10548 conhost.exe",,,,,,,,,,,,,,,,,,,,,,,,,,,,,1762784319178302500,,18446606103146004480,18446606103145975808,140700242381968,0,911204380672,6912,911206776832,911206768640,140700242381968,,,,,,,,,,,78888,,,,,,,,,,,,,,,,,,,,,,,,,,,,,,,,,,,,,,,,,
"2025-11-10 14:18:39.1783185Z","2025-11-10 14:18:39.1783185Z","ETW","Microsoft-Windows-Kernel-Process",4,"ThreadStop Stop ","10548 conhost.exe",6304,,,"10548 conhost.exe",,,,,,,,,,,,,,,,,,,,,,,,,,,,,1762784319178318500,,18446606103145938944,18446606103145910272,140700242380928,0,911204413440,6304,911208349696,911208341504,140700242380928,,,,,,,,,,,140444,,,,,,,,,,,,,,,,,,,,,,,,,,,,,,,,,,,,,,,,,
"2025-11-10 14:18:39.1783729Z","2025-11-10 14:18:39.1783729Z","ETW","Microsoft-Windows-Kernel-Process",4,"ThreadStop Stop ","10548 conhost.exe",7576,,,"10548 conhost.exe",,,,,,,,,,,,,,,,,,,,,,,,,,,,,1762784319178372900,,18446606103146004480,18446606103145975808,140700242095872,0,911204405248,7576,911207825408,911207809024,140700242095872,,,,,,,,,,,12090627,,,,,,,,,,,,,,,,,,,,,,,,,,,,,,,,,,,,,,,,,
"2025-11-10 14:18:39.1783896Z","2025-11-10 14:18:39.1783896Z","ETW","Microsoft-Windows-Kernel-Process",4,"ThreadStop Stop ","10548 conhost.exe",10664,,,"10548 conhost.exe",,,,,,,,,,,,,,,,,,,,,,,,,,,,,1762784319178389600,,18446606103145676800,18446606103145648128,140700242196320,0,911204397056,10664,911202844672,911202836480,140700242196320,,,,,,,,,,,984888,,,,,,,,,,,,,,,,,,,,,,,,,,,,,,,,,,,,,,,,,
"2025-11-10 14:18:39.1784376Z","2025-11-10 14:18:39.1784376Z","ETW","Microsoft-Windows-Kernel-Process",4,"ThreadStop Stop ","10548 conhost.exe",8660,,,"10548 conhost.exe",,,,,,,,,,,,,,,,,,,,,,,,,,,,,1762784319178437600,,18446606103145873408,18446606103145844736,140737324634384,0,911204388864,8660,911207301120,911207292928,140737324634384,,,,,,,,,,,88744,,,,,,,,,,,,,,,,,,,,,,,,,,,,,,,,,,,,,,,,,
"2025-11-10 14:18:39.1784654Z","2025-11-10 14:18:39.1784654Z","ETW","Microsoft-Windows-Kernel-Process",4,"ThreadStop Stop ","10548 conhost.exe",11276,,,"10548 conhost.exe",,,,,,,,,,,,,,,,,,,,,,,,,,,,,1762784319178465400,,18446606103145775104,18446606103145746432,140700242153168,0,911204372480,11276,911203893248,911203876864,140700242153168,,,,,,,,,,,13977886,,,,,,,,,,,,,,,,,,,,,,,,,,,,,,,,,,,,,,,,,
"2025-11-10 14:18:39.1785019Z","2025-11-10 14:18:39.1785019Z","ETW","Microsoft-Windows-Kernel-Process",4,"ThreadStop Stop ","10548 conhost.exe",12120,,,"10548 conhost.exe",,,,,,,,,,,,,,,,,,,,,,,,,,,,,1762784319178501900,,18446606103145512960,18446606103145484288,140737324634384,0,911204364288,12120,911203368960,911203360768,140737324634384,,,,,,,,,,,859600,,,,,,,,,,,,,,,,,,,,,,,,,,,,,,,,,,,,,,,,,
"2025-11-10 14:18:39.1801555Z","2025-11-10 14:18:39.1801555Z","ETW","Microsoft-Windows-Kernel-Process",6,"ImageUnload Info ","10548 conhost.exe",12120,,,"10548 conhost.exe",,,"C:\Windows\System32\conhost.exe",,,,,,,,,,,,,,,,,,,,,,,,,,1762784319180155500,,,,,,,,,,,140700242083840,140700242083840,907531,897024,2536827738,,,,,,,,,,,,,,,,,,,,,,,,,,,,,,,,,,,,,,,,,,,,,,,
"2025-11-10 14:18:39.1801698Z","2025-11-10 14:18:39.1801698Z","ETW","Microsoft-Windows-Kernel-Process",6,"ImageUnload Info ","10548 conhost.exe",12120,,,"10548 conhost.exe",,,"C:\Windows\System32\uxtheme.dll",,,,,,,,,,,,,,,,,,,,,,,,,,1762784319180169800,,,,,,,,,,,140737239515136,140737239515136,640454,647168,3697381598,,,,,,,,,,,,,,,,,,,,,,,,,,,,,,,,,,,,,,,,,,,,,,,
"2025-11-10 14:18:39.1801819Z","2025-11-10 14:18:39.1801819Z","ETW","Microsoft-Windows-Kernel-Process",6,"ImageUnload Info ","10548 conhost.exe",12120,,,"10548 conhost.exe",,,"C:\Windows\System32\bcrypt.dll",,,,,,,,,,,,,,,,,,,,,,,,,,1762784319180181900,,,,,,,,,,,140737279623168,140737279623168,171668,159744,2220160889,,,,,,,,,,,,,,,,,,,,,,,,,,,,,,,,,,,,,,,,,,,,,,,
"2025-11-10 14:18:39.1801927Z","2025-11-10 14:18:39.1801927Z","ETW","Microsoft-Windows-Kernel-Process",6,"ImageUnload Info ","10548 conhost.exe",12120,,,"10548 conhost.exe",,,"C:\Windows\System32\msvcp_win.dll",,,,,,,,,,,,,,,,,,,,,,,,,,1762784319180192700,,,,,,,,,,,140737279819776,140737279819776,659111,643072,958749903,,,,,,,,,,,,,,,,,,,,,,,,,,,,,,,,,,,,,,,,,,,,,,,
"2025-11-10 14:18:39.1802041Z","2025-11-10 14:18:39.1802041Z","ETW","Microsoft-Windows-Kernel-Process",6,"ImageUnload Info ","10548 conhost.exe",12120,,,"10548 conhost.exe",,,"C:\Windows\System32\win32u.dll",,,,,,,,,,,,,,,,,,,,,,,,,,1762784319180204100,,,,,,,,,,,140737281196032,140737281196032,183095,139264,3760910660,,,,,,,,,,,,,,,,,,,,,,,,,,,,,,,,,,,,,,,,,,,,,,,
"2025-11-10 14:18:39.1802149Z","2025-11-10 14:18:39.1802149Z","ETW","Microsoft-Windows-Kernel-Process",6,"ImageUnload Info ","10548 conhost.exe",12120,,,"10548 conhost.exe",,,"C:\Windows\System32\gdi32full.dll",,,,,,,,,,,,,,,,,,,,,,,,,,1762784319180215000,,,,,,,,,,,140737281392640,140737281392640,1167211,1150976,1288019395,,,,,,,,,,,,,,,,,,,,,,,,,,,,,,,,,,,,,,,,,,,,,,,
"2025-11-10 14:18:39.1802254Z","2025-11-10 14:18:39.1802254Z","ETW","Microsoft-Windows-Kernel-Process",6,"ImageUnload Info ","10548 conhost.exe",12120,,,"10548 conhost.exe",,,"C:\Windows\System32\ucrtbase.dll",,,,,,,,,,,,,,,,,,,,,,,,,,1762784319180225400,,,,,,,,,,,140737283162112,140737283162112,1076532,1048576,2177850761,,,,,,,,,,,,,,,,,,,,,,,,,,,,,,,,,,,,,,,,,,,,,,,
"2025-11-10 14:18:39.1802359Z","2025-11-10 14:18:39.1802359Z","ETW","Microsoft-Windows-Kernel-Process",6,"ImageUnload Info ","10548 conhost.exe",12120,,,"10548 conhost.exe",,,"C:\Windows\System32\combase.dll",,,,,,,,,,,,,,,,,,,,,,,,,,1762784319180235900,,,,,,,,,,,140737287094272,140737287094272,3535278,3489792,144435709,,,,,,,,,,,,,,,,,,,,,,,,,,,,,,,,,,,,,,,,,,,,,,,
"2025-11-10 14:18:39.1802471Z","2025-11-10 14:18:39.1802471Z","ETW","Microsoft-Windows-Kernel-Process",6,"ImageUnload Info ","10548 conhost.exe",12120,,,"10548 conhost.exe",,,"C:\Windows\System32\msctf.dll",,,,,,,,,,,,,,,,,,,,,,,,,,1762784319180247100,,,,,,,,,,,140737291616256,140737291616256,1159359,1134592,3815625169,,,,,,,,,,,,,,,,,,,,,,,,,,,,,,,,,,,,,,,,,,,,,,,
"2025-11-10 14:18:39.1802577Z","2025-11-10 14:18:39.1802577Z","ETW","Microsoft-Windows-Kernel-Process",6,"ImageUnload Info ","10548 conhost.exe",12120,,,"10548 conhost.exe",,,"C:\Windows\System32\SHCore.dll",,,,,,,,,,,,,,,,,,,,,,,,,,1762784319180257700,,,,,,,,,,,140737304985600,140737304985600,705789,708608,3896055862,,,,,,,,,,,,,,,,,,,,,,,,,,,,,,,,,,,,,,,,,,,,,,,
"2025-11-10 14:18:39.1802684Z","2025-11-10 14:18:39.1802684Z","ETW","Microsoft-Windows-Kernel-Process",6,"ImageUnload Info ","10548 conhost.exe",12120,,,"10548 conhost.exe",,,"C:\Windows\System32\advapi32.dll",,,,,,,,,,,,,,,,,,,,,,,,,,1762784319180268400,,,,,,,,,,,140737306951680,140737306951680,744837,724992,4166620877,,,,,,,,,,,,,,,,,,,,,,,,,,,,,,,,,,,,,,,,,,,,,,,
"2025-11-10 14:18:39.1802786Z","2025-11-10 14:18:39.1802786Z","ETW","Microsoft-Windows-Kernel-Process",6,"ImageUnload Info ","10548 conhost.exe",12120,,,"10548 conhost.exe",,,"C:\Windows\System32\sechost.dll",,,,,,,,,,,,,,,,,,,,,,,,,,1762784319180278700,,,,,,,,,,,140737308262400,140737308262400,647124,651264,2117042745,,,,,,,,,,,,,,,,,,,,,,,,,,,,,,,,,,,,,,,,,,,,,,,
"2025-11-10 14:18:39.1802887Z","2025-11-10 14:18:39.1802887Z","ETW","Microsoft-Windows-Kernel-Process",6,"ImageUnload Info ","10548 conhost.exe",12120,,,"10548 conhost.exe",,,"C:\Windows\System32\imm32.dll",,,,,,,,,,,,,,,,,,,,,,,,,,1762784319180288700,,,,,,,,,,,140737309310976,140737309310976,238320,192512,770155462,,,,,,,,,,,,,,,,,,,,,,,,,,,,,,,,,,,,,,,,,,,,,,,
"2025-11-10 14:18:39.1802985Z","2025-11-10 14:18:39.1802985Z","ETW","Microsoft-Windows-Kernel-Process",6,"ImageUnload Info ","10548 conhost.exe",12120,,,"10548 conhost.exe",,,"C:\Windows\System32\gdi32.dll",,,,,,,,,,,,,,,,,,,,,,,,,,1762784319180298500,,,,,,,,,,,140737309507584,140737309507584,210990,176128,2413768611,,,,,,,,,,,,,,,,,,,,,,,,,,,,,,,,,,,,,,,,,,,,,,,
"2025-11-10 14:18:39.1803097Z","2025-11-10 14:18:39.1803097Z","ETW","Microsoft-Windows-Kernel-Process",6,"ImageUnload Info ","10548 conhost.exe",12120,,,"10548 conhost.exe",,,"C:\Windows\System32\msvcrt.dll",,,,,,,,,,,,,,,,,,,,,,,,,,1762784319180309700,,,,,,,,,,,140737314357248,140737314357248,681663,647168,2616593924,,,,,,,,,,,,,,,,,,,,,,,,,,,,,,,,,,,,,,,,,,,,,,,
"2025-11-10 14:18:39.1803200Z","2025-11-10 14:18:39.1803200Z","ETW","Microsoft-Windows-Kernel-Process",6,"ImageUnload Info ","10548 conhost.exe",12120,,,"10548 conhost.exe",,,"C:\Windows\System32\oleaut32.dll",,,,,,,,,,,,,,,,,,,,,,,,,,1762784319180320000,,,,,,,,,,,140737315012608,140737315012608,849765,839680,3559841777,,,,,,,,,,,,,,,,,,,,,,,,,,,,,,,,,,,,,,,,,,,,,,,
"2025-11-10 14:18:39.1803300Z","2025-11-10 14:18:39.1803300Z","ETW","Microsoft-Windows-Kernel-Process",6,"ImageUnload Info ","10548 conhost.exe",12120,,,"10548 conhost.exe",,,"C:\Windows\System32\rpcrt4.dll",,,,,,,,,,,,,,,,,,,,,,,,,,1762784319180330000,,,,,,,,,,,140737317109760,140737317109760,1217917,1179648,2756017066,,,,,,,,,,,,,,,,,,,,,,,,,,,,,,,,,,,,,,,,,,,,,,,
"2025-11-10 14:18:39.1803420Z","2025-11-10 14:18:39.1803420Z","ETW","Microsoft-Windows-Kernel-Process",6,"ImageUnload Info ","10548 conhost.exe",12120,,,"10548 conhost.exe",,,"C:\Windows\System32\KernelBase.dll",,,,,,,,,,,,,,,,,,,,,,,,,,1762784319180342000,,,,,,,,,,,140737318289408,140737318289408,3171178,3104768,1448155220,,,,,,,,,,,,,,,,,,,,,,,,,,,,,,,,,,,,,,,,,,,,,,,
"2025-11-10 14:18:39.1803534Z","2025-11-10 14:18:39.1803534Z","ETW","Microsoft-Windows-Kernel-Process",6,"ImageUnload Info ","10548 conhost.exe",12120,,,"10548 conhost.exe",,,"C:\Windows\System32\kernel32.dll",,,,,,,,,,,,,,,,,,,,,,,,,,1762784319180353400,,,,,,,,,,,140737321435136,140737321435136,801304,794624,4007722010,,,,,,,,,,,,,,,,,,,,,,,,,,,,,,,,,,,,,,,,,,,,,,,
"2025-11-10 14:18:39.1803641Z","2025-11-10 14:18:39.1803641Z","ETW","Microsoft-Windows-Kernel-Process",6,"ImageUnload Info ","10548 conhost.exe",12120,,,"10548 conhost.exe",,,"C:\Windows\System32\user32.dll",,,,,,,,,,,,,,,,,,,,,,,,,,1762784319180364100,,,,,,,,,,,140737322287104,140737322287104,1767867,1708032,1351922499,,,,,,,,,,,,,,,,,,,,,,,,,,,,,,,,,,,,,,,,,,,,,,,
"2025-11-10 14:18:39.1803742Z","2025-11-10 14:18:39.1803742Z","ETW","Microsoft-Windows-Kernel-Process",6,"ImageUnload Info ","10548 conhost.exe",12120,,,"10548 conhost.exe",,,"C:\Windows\System32\ntdll.dll",,,,,,,,,,,,,,,,,,,,,,,,,,1762784319180374200,,,,,,,,,,,140737324318720,140737324318720,2048895,2064384,2127151453,,,,,,,,,,,,,,,,,,,,,,,,,,,,,,,,,,,,,,,,,,,,,,,
"2025-11-10 14:18:39.1803813Z","2025-11-10 14:18:39.1803813Z","ETW","Microsoft-Windows-Kernel-Process",2,"ProcessStop Stop ","10548 conhost.exe",12120,,,"10548 conhost.exe",,,"conhost.exe",,,,,,,,,,,,,,,,,,,,,,,,,,1762784319180381300,,,,,,,,,,,,,,,,,,,,,,,,134072579189937486,,,,,,,25945,,,,,,,,,,,,,,1368064,1409024,53446874,0,134072579191800774,100,0,3,0,3,6,0,,,,,,
"2025-11-10 14:18:39.1821857Z","2025-11-10 14:18:39.1821857Z","ETW","Microsoft-Windows-Kernel-Process",4,"ThreadStop Stop ","10472 bash.exe",7880,,,"10472 bash.exe",,,,,,,,,,,,,,,,,,,,,,,,,,,,,1762784319182185700,,18446606103145480192,18446606103145451520,8858653840,0,3411968,7880,38797312,38776832,8858653840,,,,,,,,,,,370955,,,,,,,,,,,,,,,,,,,,,,,,,,,,,,,,,,,,,,,,,
"2025-11-10 14:18:39.1822255Z","2025-11-10 14:18:39.1822255Z","ETW","Microsoft-Windows-Kernel-Process",4,"ThreadStop Stop ","10472 bash.exe",10000,,,"10472 bash.exe",,,,,,,,,,,,,,,,,,,,,,,,,,,,,1762784319182225600,,18446606103145119744,18446606103145091072,4299165696,0,3387392,10000,34359738368,34359644160,4299165696,,,,,,,,,,,85448673,,,,,,,,,,,,,,,,,,,,,,,,,,,,,,,,,,,,,,,,,
"2025-11-10 14:18:39.1823784Z","2025-11-10 14:18:39.1823784Z","ETW","Microsoft-Windows-Kernel-Process",4,"ThreadStop Stop ","10472 bash.exe",12264,,,"10472 bash.exe",,,,,,,,,,,,,,,,,,,,,,,,,,,,,1762784319182378400,,18446606103145611264,18446606103145582592,140737324634384,0,3403776,12264,11927552,11923456,140737324634384,,,,,,,,,,,98726,,,,,,,,,,,,,,,,,,,,,,,,,,,,,,,,,,,,,,,,,
"2025-11-10 14:18:39.1824140Z","2025-11-10 14:18:39.1824140Z","ETW","Microsoft-Windows-Kernel-Process",4,"ThreadStop Stop ","10472 bash.exe",10852,,,"10472 bash.exe",,,,,,,,,,,,,,,,,,,,,,,,,,,,,1762784319182414000,,18446606103145414656,18446606103145385984,140737324634384,0,3395584,10852,9240576,9236480,140737324634384,,,,,,,,,,,369710,,,,,,,,,,,,,,,,,,,,,,,,,,,,,,,,,,,,,,,,,
"2025-11-10 14:18:39.1825724Z","2025-11-10 14:18:39.1825724Z","ETW","Microsoft-Windows-Kernel-Process",6,"ImageUnload Info ","10472 bash.exe",10852,,,"10472 bash.exe",,,"C:\Program Files\Git\usr\bin\bash.exe",,,,,,,,,,,,,,,,,,,,,,,,,,1762784319182572400,,,,,,,,,,,4299161600,4299161600,2616686,2617344,1727168884,,,,,,,,,,,,,,,,,,,,,,,,,,,,,,,,,,,,,,,,,,,,,,,
"2025-11-10 14:18:39.1825804Z","2025-11-10 14:18:39.1825804Z","ETW","Microsoft-Windows-Kernel-Process",6,"ImageUnload Info ","10472 bash.exe",10852,,,"10472 bash.exe",,,"C:\Program Files\Git\usr\bin\msys-2.0.dll",,,,,,,,,,,,,,,,,,,,,,,,,,1762784319182580400,,,,,,,,,,,8858632192,8858632192,3356844,3530752,1752689865,,,,,,,,,,,,,,,,,,,,,,,,,,,,,,,,,,,,,,,,,,,,,,,
"2025-11-10 14:18:39.1826084Z","2025-11-10 14:18:39.1826084Z","ETW","Microsoft-Windows-Kernel-Process",6,"ImageUnload Info ","10472 bash.exe",10852,,,"10472 bash.exe",,,"C:\Windows\System32\cryptbase.dll",,,,,,,,,,,,,,,,,,,,,,,,,,1762784319182608400,,,,,,,,,,,140737272020992,140737272020992,66383,49152,1678623338,,,,,,,,,,,,,,,,,,,,,,,,,,,,,,,,,,,,,,,,,,,,,,,
"2025-11-10 14:18:39.1826202Z","2025-11-10 14:18:39.1826202Z","ETW","Microsoft-Windows-Kernel-Process",6,"ImageUnload Info ","10472 bash.exe",10852,,,"10472 bash.exe",,,"C:\Windows\System32\bcrypt.dll",,,,,,,,,,,,,,,,,,,,,,,,,,1762784319182620200,,,,,,,,,,,140737279623168,140737279623168,171668,159744,2220160889,,,,,,,,,,,,,,,,,,,,,,,,,,,,,,,,,,,,,,,,,,,,,,,
"2025-11-10 14:18:39.1826311Z","2025-11-10 14:18:39.1826311Z","ETW","Microsoft-Windows-Kernel-Process",6,"ImageUnload Info ","10472 bash.exe",10852,,,"10472 bash.exe",,,"C:\Windows\System32\msvcp_win.dll",,,,,,,,,,,,,,,,,,,,,,,,,,1762784319182631100,,,,,,,,,,,140737279819776,140737279819776,659111,643072,958749903,,,,,,,,,,,,,,,,,,,,,,,,,,,,,,,,,,,,,,,,,,,,,,,
"2025-11-10 14:18:39.1826417Z","2025-11-10 14:18:39.1826417Z","ETW","Microsoft-Windows-Kernel-Process",6,"ImageUnload Info ","10472 bash.exe",10852,,,"10472 bash.exe",,,"C:\Windows\System32\win32u.dll",,,,,,,,,,,,,,,,,,,,,,,,,,1762784319182641700,,,,,,,,,,,140737281196032,140737281196032,183095,139264,3760910660,,,,,,,,,,,,,,,,,,,,,,,,,,,,,,,,,,,,,,,,,,,,,,,
"2025-11-10 14:18:39.1826526Z","2025-11-10 14:18:39.1826526Z","ETW","Microsoft-Windows-Kernel-Process",6,"ImageUnload Info ","10472 bash.exe",10852,,,"10472 bash.exe",,,"C:\Windows\System32\gdi32full.dll",,,,,,,,,,,,,,,,,,,,,,,,,,1762784319182652600,,,,,,,,,,,140737281392640,140737281392640,1167211,1150976,1288019395,,,,,,,,,,,,,,,,,,,,,,,,,,,,,,,,,,,,,,,,,,,,,,,
"2025-11-10 14:18:39.1826637Z","2025-11-10 14:18:39.1826637Z","ETW","Microsoft-Windows-Kernel-Process",6,"ImageUnload Info ","10472 bash.exe",10852,,,"10472 bash.exe",,,"C:\Windows\System32\bcryptprimitives.dll",,,,,,,,,,,,,,,,,,,,,,,,,,1762784319182663700,,,,,,,,,,,140737282572288,140737282572288,531569,532480,3309379821,,,,,,,,,,,,,,,,,,,,,,,,,,,,,,,,,,,,,,,,,,,,,,,
"2025-11-10 14:18:39.1826735Z","2025-11-10 14:18:39.1826735Z","ETW","Microsoft-Windows-Kernel-Process",6,"ImageUnload Info ","10472 bash.exe",10852,,,"10472 bash.exe",,,"C:\Windows\System32\ucrtbase.dll",,,,,,,,,,,,,,,,,,,,,,,,,,1762784319182673500,,,,,,,,,,,140737283162112,140737283162112,1076532,1048576,2177850761,,,,,,,,,,,,,,,,,,,,,,,,,,,,,,,,,,,,,,,,,,,,,,,
"2025-11-10 14:18:39.1826845Z","2025-11-10 14:18:39.1826845Z","ETW","Microsoft-Windows-Kernel-Process",6,"ImageUnload Info ","10472 bash.exe",10852,,,"10472 bash.exe",,,"C:\Windows\System32\advapi32.dll",,,,,,,,,,,,,,,,,,,,,,,,,,1762784319182684500,,,,,,,,,,,140737306951680,140737306951680,744837,724992,4166620877,,,,,,,,,,,,,,,,,,,,,,,,,,,,,,,,,,,,,,,,,,,,,,,
"2025-11-10 14:18:39.1826948Z","2025-11-10 14:18:39.1826948Z","ETW","Microsoft-Windows-Kernel-Process",6,"ImageUnload Info ","10472 bash.exe",10852,,,"10472 bash.exe",,,"C:\Windows\System32\sechost.dll",,,,,,,,,,,,,,,,,,,,,,,,,,1762784319182694800,,,,,,,,,,,140737308262400,140737308262400,647124,651264,2117042745,,,,,,,,,,,,,,,,,,,,,,,,,,,,,,,,,,,,,,,,,,,,,,,
"2025-11-10 14:18:39.1827048Z","2025-11-10 14:18:39.1827048Z","ETW","Microsoft-Windows-Kernel-Process",6,"ImageUnload Info ","10472 bash.exe",10852,,,"10472 bash.exe",,,"C:\Windows\System32\imm32.dll",,,,,,,,,,,,,,,,,,,,,,,,,,1762784319182704800,,,,,,,,,,,140737309310976,140737309310976,238320,192512,770155462,,,,,,,,,,,,,,,,,,,,,,,,,,,,,,,,,,,,,,,,,,,,,,,
"2025-11-10 14:18:39.1827151Z","2025-11-10 14:18:39.1827151Z","ETW","Microsoft-Windows-Kernel-Process",6,"ImageUnload Info ","10472 bash.exe",10852,,,"10472 bash.exe",,,"C:\Windows\System32\gdi32.dll",,,,,,,,,,,,,,,,,,,,,,,,,,1762784319182715100,,,,,,,,,,,140737309507584,140737309507584,210990,176128,2413768611,,,,,,,,,,,,,,,,,,,,,,,,,,,,,,,,,,,,,,,,,,,,,,,
"2025-11-10 14:18:39.1827250Z","2025-11-10 14:18:39.1827250Z","ETW","Microsoft-Windows-Kernel-Process",6,"ImageUnload Info ","10472 bash.exe",10852,,,"10472 bash.exe",,,"C:\Windows\System32\msvcrt.dll",,,,,,,,,,,,,,,,,,,,,,,,,,1762784319182725000,,,,,,,,,,,140737314357248,140737314357248,681663,647168,2616593924,,,,,,,,,,,,,,,,,,,,,,,,,,,,,,,,,,,,,,,,,,,,,,,
"2025-11-10 14:18:39.1827356Z","2025-11-10 14:18:39.1827356Z","ETW","Microsoft-Windows-Kernel-Process",6,"ImageUnload Info ","10472 bash.exe",10852,,,"10472 bash.exe",,,"C:\Windows\System32\rpcrt4.dll",,,,,,,,,,,,,,,,,,,,,,,,,,1762784319182735600,,,,,,,,,,,140737317109760,140737317109760,1217917,1179648,2756017066,,,,,,,,,,,,,,,,,,,,,,,,,,,,,,,,,,,,,,,,,,,,,,,
"2025-11-10 14:18:39.1827464Z","2025-11-10 14:18:39.1827464Z","ETW","Microsoft-Windows-Kernel-Process",6,"ImageUnload Info ","10472 bash.exe",10852,,,"10472 bash.exe",,,"C:\Windows\System32\KernelBase.dll",,,,,,,,,,,,,,,,,,,,,,,,,,1762784319182746400,,,,,,,,,,,140737318289408,140737318289408,3171178,3104768,1448155220,,,,,,,,,,,,,,,,,,,,,,,,,,,,,,,,,,,,,,,,,,,,,,,
"2025-11-10 14:18:39.1828332Z","2025-11-10 14:18:39.1828332Z","ETW","Microsoft-Windows-Kernel-Process",6,"ImageUnload Info ","10472 bash.exe",10852,,,"10472 bash.exe",,,"C:\Windows\System32\kernel32.dll",,,,,,,,,,,,,,,,,,,,,,,,,,1762784319182833200,,,,,,,,,,,140737321435136,140737321435136,801304,794624,4007722010,,,,,,,,,,,,,,,,,,,,,,,,,,,,,,,,,,,,,,,,,,,,,,,
"2025-11-10 14:18:39.1828449Z","2025-11-10 14:18:39.1828449Z","ETW","Microsoft-Windows-Kernel-Process",6,"ImageUnload Info ","10472 bash.exe",10852,,,"10472 bash.exe",,,"C:\Windows\System32\user32.dll",,,,,,,,,,,,,,,,,,,,,,,,,,1762784319182844900,,,,,,,,,,,140737322287104,140737322287104,1767867,1708032,1351922499,,,,,,,,,,,,,,,,,,,,,,,,,,,,,,,,,,,,,,,,,,,,,,,
"2025-11-10 14:18:39.1828550Z","2025-11-10 14:18:39.1828550Z","ETW","Microsoft-Windows-Kernel-Process",6,"ImageUnload Info ","10472 bash.exe",10852,,,"10472 bash.exe",,,"C:\Windows\System32\ntdll.dll",,,,,,,,,,,,,,,,,,,,,,,,,,1762784319182855000,,,,,,,,,,,140737324318720,140737324318720,2048895,2064384,2127151453,,,,,,,,,,,,,,,,,,,,,,,,,,,,,,,,,,,,,,,,,,,,,,,
"2025-11-10 14:18:39.1828637Z","2025-11-10 14:18:39.1828637Z","ETW","Microsoft-Windows-Kernel-Process",2,"ProcessStop Stop ","10472 bash.exe",10852,,,"10472 bash.exe",,,"bash.exe",,,,,,,,,,,,,,,,,,,,,,,,,,1762784319182863700,,,,,,,,,,,,,,,,,,,,,,,,134072579189542757,,,,,,,25944,,,,,,,,,,,,,,7663616,7712768,87210330,256,134072579191825370,149,0,3,1,3,0,0,,,,,,
"2025-11-10 14:18:39.1868105Z","2025-11-10 14:18:39.1868105Z","ETW","Microsoft-Windows-Kernel-Process",4,"ThreadStop Stop ","11184 bash.exe",11296,,,"11184 bash.exe",,,,,,,,,,,,,,,,,,,,,,,,,,,,,1762784319186810500,,18446606103121494016,18446606103121465344,8858653840,0,3555328,11296,38862848,38842368,8858653840,,,,,,,,,,,1296024,,,,,,,,,,,,,,,,,,,,,,,,,,,,,,,,,,,,,,,,,
"2025-11-10 14:18:39.1868441Z","2025-11-10 14:18:39.1868441Z","ETW","Microsoft-Windows-Kernel-Process",4,"ThreadStop Stop ","11184 bash.exe",8392,,,"11184 bash.exe",,,,,,,,,,,,,,,,,,,,,,,,,,,,,1762784319186844100,,18446606103145578496,18446606103145549824,8858653840,0,3563520,8392,47644672,47628288,8858653840,,,,,,,,,,,698672,,,,,,,,,,,,,,,,,,,,,,,,,,,,,,,,,,,,,,,,,
"2025-11-10 14:18:39.1868589Z","2025-11-10 14:18:39.1868589Z","ETW","Microsoft-Windows-Kernel-Process",4,"ThreadStop Stop ","11184 bash.exe",11988,,,"11184 bash.exe",,,,,,,,,,,,,,,,,,,,,,,,,,,,,1762784319186858900,,18446606103145381888,18446606103145353216,4299165696,0,3530752,11988,34359738368,34359672832,4299165696,,,,,,,,,,,65775477,,,,,,,,,,,,,,,,,,,,,,,,,,,,,,,,,,,,,,,,,
"2025-11-10 14:18:39.1870049Z","2025-11-10 14:18:39.1870049Z","ETW","Microsoft-Windows-Kernel-Process",4,"ThreadStop Stop ","11184 bash.exe",2136,,,"11184 bash.exe",,,,,,,,,,,,,,,,,,,,,,,,,,,,,1762784319187004900,,18446606103145250816,18446606103145222144,140737324634384,0,3547136,2136,11337728,11333632,140737324634384,,,,,,,,,,,116926,,,,,,,,,,,,,,,,,,,,,,,,,,,,,,,,,,,,,,,,,
"2025-11-10 14:18:39.1870588Z","2025-11-10 14:18:39.1870588Z","ETW","Microsoft-Windows-Kernel-Process",4,"ThreadStop Stop ","11184 bash.exe",10788,,,"11184 bash.exe",,,,,,,,,,,,,,,,,,,,,,,,,,,,,1762784319187058800,,18446606103138697216,18446606103138668544,140737324634384,0,3538944,10788,9240576,9236480,140737324634384,,,,,,,,,,,1683855,,,,,,,,,,,,,,,,,,,,,,,,,,,,,,,,,,,,,,,,,
"2025-11-10 14:18:39.1872048Z","2025-11-10 14:18:39.1872048Z","ETW","Microsoft-Windows-Kernel-Process",6,"ImageUnload Info ","11184 bash.exe",10788,,,"11184 bash.exe",,,"C:\Program Files\Git\usr\bin\bash.exe",,,,,,,,,,,,,,,,,,,,,,,,,,1762784319187204800,,,,,,,,,,,4299161600,4299161600,2616686,2617344,1727168884,,,,,,,,,,,,,,,,,,,,,,,,,,,,,,,,,,,,,,,,,,,,,,,
"2025-11-10 14:18:39.1872114Z","2025-11-10 14:18:39.1872114Z","ETW","Microsoft-Windows-Kernel-Process",6,"ImageUnload Info ","11184 bash.exe",10788,,,"11184 bash.exe",,,"C:\Program Files\Git\usr\bin\msys-2.0.dll",,,,,,,,,,,,,,,,,,,,,,,,,,1762784319187211400,,,,,,,,,,,8858632192,8858632192,3356844,3530752,1752689865,,,,,,,,,,,,,,,,,,,,,,,,,,,,,,,,,,,,,,,,,,,,,,,
"2025-11-10 14:18:39.1872342Z","2025-11-10 14:18:39.1872342Z","ETW","Microsoft-Windows-Kernel-Process",6,"ImageUnload Info ","11184 bash.exe",10788,,,"11184 bash.exe",,,"C:\Windows\System32\cryptbase.dll",,,,,,,,,,,,,,,,,,,,,,,,,,1762784319187234200,,,,,,,,,,,140737272020992,140737272020992,66383,49152,1678623338,,,,,,,,,,,,,,,,,,,,,,,,,,,,,,,,,,,,,,,,,,,,,,,
"2025-11-10 14:18:39.1872451Z","2025-11-10 14:18:39.1872451Z","ETW","Microsoft-Windows-Kernel-Process",6,"ImageUnload Info ","11184 bash.exe",10788,,,"11184 bash.exe",,,"C:\Windows\System32\bcrypt.dll",,,,,,,,,,,,,,,,,,,,,,,,,,1762784319187245100,,,,,,,,,,,140737279623168,140737279623168,171668,159744,2220160889,,,,,,,,,,,,,,,,,,,,,,,,,,,,,,,,,,,,,,,,,,,,,,,
"2025-11-10 14:18:39.1872556Z","2025-11-10 14:18:39.1872556Z","ETW","Microsoft-Windows-Kernel-Process",6,"ImageUnload Info ","11184 bash.exe",10788,,,"11184 bash.exe",,,"C:\Windows\System32\msvcp_win.dll",,,,,,,,,,,,,,,,,,,,,,,,,,1762784319187255600,,,,,,,,,,,140737279819776,140737279819776,659111,643072,958749903,,,,,,,,,,,,,,,,,,,,,,,,,,,,,,,,,,,,,,,,,,,,,,,
"2025-11-10 14:18:39.1872662Z","2025-11-10 14:18:39.1872662Z","ETW","Microsoft-Windows-Kernel-Process",6,"ImageUnload Info ","11184 bash.exe",10788,,,"11184 bash.exe",,,"C:\Windows\System32\win32u.dll",,,,,,,,,,,,,,,,,,,,,,,,,,1762784319187266200,,,,,,,,,,,140737281196032,140737281196032,183095,139264,3760910660,,,,,,,,,,,,,,,,,,,,,,,,,,,,,,,,,,,,,,,,,,,,,,,
"2025-11-10 14:18:39.1872760Z","2025-11-10 14:18:39.1872760Z","ETW","Microsoft-Windows-Kernel-Process",6,"ImageUnload Info ","11184 bash.exe",10788,,,"11184 bash.exe",,,"C:\Windows\System32\gdi32full.dll",,,,,,,,,,,,,,,,,,,,,,,,,,1762784319187276000,,,,,,,,,,,140737281392640,140737281392640,1167211,1150976,1288019395,,,,,,,,,,,,,,,,,,,,,,,,,,,,,,,,,,,,,,,,,,,,,,,
"2025-11-10 14:18:39.1872865Z","2025-11-10 14:18:39.1872865Z","ETW","Microsoft-Windows-Kernel-Process",6,"ImageUnload Info ","11184 bash.exe",10788,,,"11184 bash.exe",,,"C:\Windows\System32\bcryptprimitives.dll",,,,,,,,,,,,,,,,,,,,,,,,,,1762784319187286500,,,,,,,,,,,140737282572288,140737282572288,531569,532480,3309379821,,,,,,,,,,,,,,,,,,,,,,,,,,,,,,,,,,,,,,,,,,,,,,,
"2025-11-10 14:18:39.1872960Z","2025-11-10 14:18:39.1872960Z","ETW","Microsoft-Windows-Kernel-Process",6,"ImageUnload Info ","11184 bash.exe",10788,,,"11184 bash.exe",,,"C:\Windows\System32\ucrtbase.dll",,,,,,,,,,,,,,,,,,,,,,,,,,1762784319187296000,,,,,,,,,,,140737283162112,140737283162112,1076532,1048576,2177850761,,,,,,,,,,,,,,,,,,,,,,,,,,,,,,,,,,,,,,,,,,,,,,,
"2025-11-10 14:18:39.1873056Z","2025-11-10 14:18:39.1873056Z","ETW","Microsoft-Windows-Kernel-Process",6,"ImageUnload Info ","11184 bash.exe",10788,,,"11184 bash.exe",,,"C:\Windows\System32\advapi32.dll",,,,,,,,,,,,,,,,,,,,,,,,,,1762784319187305600,,,,,,,,,,,140737306951680,140737306951680,744837,724992,4166620877,,,,,,,,,,,,,,,,,,,,,,,,,,,,,,,,,,,,,,,,,,,,,,,
"2025-11-10 14:18:39.1873154Z","2025-11-10 14:18:39.1873154Z","ETW","Microsoft-Windows-Kernel-Process",6,"ImageUnload Info ","11184 bash.exe",10788,,,"11184 bash.exe",,,"C:\Windows\System32\sechost.dll",,,,,,,,,,,,,,,,,,,,,,,,,,1762784319187315400,,,,,,,,,,,140737308262400,140737308262400,647124,651264,2117042745,,,,,,,,,,,,,,,,,,,,,,,,,,,,,,,,,,,,,,,,,,,,,,,
"2025-11-10 14:18:39.1873253Z","2025-11-10 14:18:39.1873253Z","ETW","Microsoft-Windows-Kernel-Process",6,"ImageUnload Info ","11184 bash.exe",10788,,,"11184 bash.exe",,,"C:\Windows\System32\imm32.dll",,,,,,,,,,,,,,,,,,,,,,,,,,1762784319187325300,,,,,,,,,,,140737309310976,140737309310976,238320,192512,770155462,,,,,,,,,,,,,,,,,,,,,,,,,,,,,,,,,,,,,,,,,,,,,,,
"2025-11-10 14:18:39.1873346Z","2025-11-10 14:18:39.1873346Z","ETW","Microsoft-Windows-Kernel-Process",6,"ImageUnload Info ","11184 bash.exe",10788,,,"11184 bash.exe",,,"C:\Windows\System32\gdi32.dll",,,,,,,,,,,,,,,,,,,,,,,,,,1762784319187334600,,,,,,,,,,,140737309507584,140737309507584,210990,176128,2413768611,,,,,,,,,,,,,,,,,,,,,,,,,,,,,,,,,,,,,,,,,,,,,,,
"2025-11-10 14:18:39.1873449Z","2025-11-10 14:18:39.1873449Z","ETW","Microsoft-Windows-Kernel-Process",6,"ImageUnload Info ","11184 bash.exe",10788,,,"11184 bash.exe",,,"C:\Windows\System32\msvcrt.dll",,,,,,,,,,,,,,,,,,,,,,,,,,1762784319187344900,,,,,,,,,,,140737314357248,140737314357248,681663,647168,2616593924,,,,,,,,,,,,,,,,,,,,,,,,,,,,,,,,,,,,,,,,,,,,,,,
"2025-11-10 14:18:39.1873547Z","2025-11-10 14:18:39.1873547Z","ETW","Microsoft-Windows-Kernel-Process",6,"ImageUnload Info ","11184 bash.exe",10788,,,"11184 bash.exe",,,"C:\Windows\System32\rpcrt4.dll",,,,,,,,,,,,,,,,,,,,,,,,,,1762784319187354700,,,,,,,,,,,140737317109760,140737317109760,1217917,1179648,2756017066,,,,,,,,,,,,,,,,,,,,,,,,,,,,,,,,,,,,,,,,,,,,,,,
"2025-11-10 14:18:39.1873649Z","2025-11-10 14:18:39.1873649Z","ETW","Microsoft-Windows-Kernel-Process",6,"ImageUnload Info ","11184 bash.exe",10788,,,"11184 bash.exe",,,"C:\Windows\System32\KernelBase.dll",,,,,,,,,,,,,,,,,,,,,,,,,,1762784319187364900,,,,,,,,,,,140737318289408,140737318289408,3171178,3104768,1448155220,,,,,,,,,,,,,,,,,,,,,,,,,,,,,,,,,,,,,,,,,,,,,,,
"2025-11-10 14:18:39.1873751Z","2025-11-10 14:18:39.1873751Z","ETW","Microsoft-Windows-Kernel-Process",6,"ImageUnload Info ","11184 bash.exe",10788,,,"11184 bash.exe",,,"C:\Windows\System32\kernel32.dll",,,,,,,,,,,,,,,,,,,,,,,,,,1762784319187375100,,,,,,,,,,,140737321435136,140737321435136,801304,794624,4007722010,,,,,,,,,,,,,,,,,,,,,,,,,,,,,,,,,,,,,,,,,,,,,,,
"2025-11-10 14:18:39.1873846Z","2025-11-10 14:18:39.1873846Z","ETW","Microsoft-Windows-Kernel-Process",6,"ImageUnload Info ","11184 bash.exe",10788,,,"11184 bash.exe",,,"C:\Windows\System32\user32.dll",,,,,,,,,,,,,,,,,,,,,,,,,,1762784319187384700,,,,,,,,,,,140737322287104,140737322287104,1767867,1708032,1351922499,,,,,,,,,,,,,,,,,,,,,,,,,,,,,,,,,,,,,,,,,,,,,,,
"2025-11-10 14:18:39.1873943Z","2025-11-10 14:18:39.1873943Z","ETW","Microsoft-Windows-Kernel-Process",6,"ImageUnload Info ","11184 bash.exe",10788,,,"11184 bash.exe",,,"C:\Windows\System32\ntdll.dll",,,,,,,,,,,,,,,,,,,,,,,,,,1762784319187394300,,,,,,,,,,,140737324318720,140737324318720,2048895,2064384,2127151453,,,,,,,,,,,,,,,,,,,,,,,,,,,,,,,,,,,,,,,,,,,,,,,
"2025-11-10 14:18:39.1874004Z","2025-11-10 14:18:39.1874004Z","ETW","Microsoft-Windows-Kernel-Process",2,"ProcessStop Stop ","11184 bash.exe",10788,,,"11184 bash.exe",,,"bash.exe",,,,,,,,,,,,,,,,,,,,,,,,,,1762784319187400400,,,,,,,,,,,,,,,,,,,,,,,,134072579186866598,,,,,,,25938,,,,,,,,,,,,,,7680000,7729152,70459866,0,134072579191871773,138,0,39,1,3,11,1,,,,,,
"2025-11-10 14:18:39.1880638Z","2025-11-10 14:18:39.1880638Z","ETW","Microsoft-Windows-Kernel-Audit-API-Calls",5,"PsOpenProcess"," 2392 bash.exe",4224,,,"10364 mintty.exe",,,,,,,,,,,,,,,,,,,,,,,,,,,,,1762784319188063800,,,,,,,,,,,,,,,,4096,0,,,,,,,,,,,,,,,,,,,,,,,,,,,,,,,,,,,,,,,,,,,,,
"2025-11-10 14:18:39.1881521Z","2025-11-10 14:18:39.1881521Z","ETW","Microsoft-Windows-Kernel-Audit-API-Calls",5,"PsOpenProcess"," 2392 bash.exe",4224,,,"10364 mintty.exe",,,,,,,,,,,,,,,,,,,,,,,,,,,,,1762784319188152100,,,,,,,,,,,,,,,,4096,0,,,,,,,,,,,,,,,,,,,,,,,,,,,,,,,,,,,,,,,,,,,,,
"2025-11-10 14:18:39.1883240Z","2025-11-10 14:18:39.1883240Z","ETW","Microsoft-Windows-Kernel-Audit-API-Calls",6,"PsOpenThread"," 2392 bash.exe",5764,,," 2392 bash.exe",5764,,,,,,,,,,,,,,,,,,,,,,,,,,,,1762784319188324000,,,,,,,,,,,,,,,,1024,0,,,,,,,,,,,,,,,,,,,,,,,,,,,,,,,,,,,,,,,,,,,,,
"2025-11-10 14:18:39.1965154Z","2025-11-10 14:18:39.1965154Z","ETW","Microsoft-Windows-Kernel-Audit-API-Calls",6,"PsOpenThread","10364 mintty.exe",5868,,,"10364 mintty.exe",5868,,,,,,,,,,,,,,,,,,,,,,,,,,,,1762784319196515400,,,,,,,,,,,,,,,,1024,0,,,,,,,,,,,,,,,,,,,,,,,,,,,,,,,,,,,,,,,,,,,,,
"2025-11-10 14:18:39.2328654Z","2025-11-10 14:18:39.2328654Z","ETW","Microsoft-Windows-Kernel-Audit-API-Calls",6,"PsOpenThread","10364 mintty.exe",5868,,,"10364 mintty.exe",5868,,,,,,,,,,,,,,,,,,,,,,,,,,,,1762784319232865400,,,,,,,,,,,,,,,,1024,0,,,,,,,,,,,,,,,,,,,,,,,,,,,,,,,,,,,,,,,,,,,,,
"2025-11-10 14:18:39.2562440Z","2025-11-10 14:18:39.2562440Z","ETW","Microsoft-Windows-Kernel-Audit-API-Calls",6,"PsOpenThread","10364 mintty.exe",5868,,,"10364 mintty.exe",5868,,,,,,,,,,,,,,,,,,,,,,,,,,,,1762784319256244000,,,,,,,,,,,,,,,,1024,0,,,,,,,,,,,,,,,,,,,,,,,,,,,,,,,,,,,,,,,,,,,,,
"2025-11-10 14:18:39.4747842Z","2025-11-10 14:18:39.4747842Z","ETW","Microsoft-Windows-Kernel-Audit-API-Calls",6,"PsOpenThread"," 4936 AggregatorHost.exe",7940,,," 2956 svchost.exe",10880,,,,,,,,,,,,,,,,,,,,,,,,,,,,1762784319474784200,,,,,,,,,,,,,,,,2048,0,,,,,,,,,,,,,,,,,,,,,,,,,,,,,,,,,,,,,,,,,,,,,
"2025-11-10 14:18:39.7303381Z","2025-11-10 14:18:39.7303381Z","ETW","Microsoft-Windows-Kernel-Audit-API-Calls",6,"PsOpenThread","10364 mintty.exe",5868,,,"10364 mintty.exe",5868,,,,,,,,,,,,,,,,,,,,,,,,,,,,1762784319730338100,,,,,,,,,,,,,,,,1024,0,,,,,,,,,,,,,,,,,,,,,,,,,,,,,,,,,,,,,,,,,,,,,
"2025-11-10 14:18:39.7561330Z","2025-11-10 14:18:39.7561330Z","ETW","Microsoft-Windows-Kernel-Audit-API-Calls",6,"PsOpenThread","10364 mintty.exe",5868,,,"10364 mintty.exe",5868,,,,,,,,,,,,,,,,,,,,,,,,,,,,1762784319756133000,,,,,,,,,,,,,,,,1024,0,,,,,,,,,,,,,,,,,,,,,,,,,,,,,,,,,,,,,,,,,,,,,
"2025-11-10 14:18:39.7732609Z","2025-11-10 14:18:39.7732609Z","ETW","Microsoft-Windows-Kernel-Audit-API-Calls",6,"PsOpenThread","  940 svchost.exe",12140,,," 6464 explorer.exe",1160,,,,,,,,,,,,,,,,,,,,,,,,,,,,1762784319773260900,,,,,,,,,,,,,,,,2048,3221225506,,,,,,,,,,,,,,,,,,,,,,,,,,,,,,,,,,,,,,,,,,,,,
"2025-11-10 14:18:39.7732947Z","2025-11-10 14:18:39.7732947Z","ETW","Microsoft-Windows-Kernel-Audit-API-Calls",6,"PsOpenThread","  940 svchost.exe",12140,,," 6464 explorer.exe",1160,,,,,,,,,,,,,,,,,,,,,,,,,,,,1762784319773294700,,,,,,,,,,,,,,,,2048,0,,,,,,,,,,,,,,,,,,,,,,,,,,,,,,,,,,,,,,,,,,,,,
"2025-11-10 14:18:40.1993195Z","2025-11-10 14:18:40.1993195Z","ETW","Microsoft-Windows-Kernel-Audit-API-Calls",6,"PsOpenThread","  940 svchost.exe",12140,,," 6464 explorer.exe",1160,,,,,,,,,,,,,,,,,,,,,,,,,,,,1762784320199319500,,,,,,,,,,,,,,,,2048,3221225506,,,,,,,,,,,,,,,,,,,,,,,,,,,,,,,,,,,,,,,,,,,,,
"2025-11-10 14:18:40.1993321Z","2025-11-10 14:18:40.1993321Z","ETW","Microsoft-Windows-Kernel-Audit-API-Calls",6,"PsOpenThread","  940 svchost.exe",12140,,," 6464 explorer.exe",1160,,,,,,,,,,,,,,,,,,,,,,,,,,,,1762784320199332100,,,,,,,,,,,,,,,,2048,0,,,,,,,,,,,,,,,,,,,,,,,,,,,,,,,,,,,,,,,,,,,,,
"2025-11-10 14:18:40.1993375Z","2025-11-10 14:18:40.1993375Z","ETW","Microsoft-Windows-Kernel-Audit-API-Calls",6,"PsOpenThread","  940 svchost.exe",11892,,," 6464 explorer.exe",6864,,,,,,,,,,,,,,,,,,,,,,,,,,,,1762784320199337500,,,,,,,,,,,,,,,,2048,3221225506,,,,,,,,,,,,,,,,,,,,,,,,,,,,,,,,,,,,,,,,,,,,,
"2025-11-10 14:18:40.1993549Z","2025-11-10 14:18:40.1993549Z","ETW","Microsoft-Windows-Kernel-Audit-API-Calls",6,"PsOpenThread","  940 svchost.exe",11892,,," 6464 explorer.exe",6864,,,,,,,,,,,,,,,,,,,,,,,,,,,,1762784320199354900,,,,,,,,,,,,,,,,2048,0,,,,,,,,,,,,,,,,,,,,,,,,,,,,,,,,,,,,,,,,,,,,,
"2025-11-10 14:18:40.2003918Z","2025-11-10 14:18:40.2003918Z","ETW","Microsoft-Windows-Kernel-Audit-API-Calls",6,"PsOpenThread","  940 svchost.exe",11892,,," 6464 explorer.exe",6864,,,,,,,,,,,,,,,,,,,,,,,,,,,,1762784320200391800,,,,,,,,,,,,,,,,2048,3221225506,,,,,,,,,,,,,,,,,,,,,,,,,,,,,,,,,,,,,,,,,,,,,
"2025-11-10 14:18:40.2004003Z","2025-11-10 14:18:40.2004003Z","ETW","Microsoft-Windows-Kernel-Audit-API-Calls",6,"PsOpenThread","  940 svchost.exe",11892,,," 6464 explorer.exe",6864,,,,,,,,,,,,,,,,,,,,,,,,,,,,1762784320200400300,,,,,,,,,,,,,,,,2048,0,,,,,,,,,,,,,,,,,,,,,,,,,,,,,,,,,,,,,,,,,,,,,
"2025-11-10 14:18:40.2004077Z","2025-11-10 14:18:40.2004077Z","ETW","Microsoft-Windows-Kernel-Audit-API-Calls",6,"PsOpenThread","  940 svchost.exe",12140,,," 6464 explorer.exe",1160,,,,,,,,,,,,,,,,,,,,,,,,,,,,1762784320200407700,,,,,,,,,,,,,,,,2048,3221225506,,,,,,,,,,,,,,,,,,,,,,,,,,,,,,,,,,,,,,,,,,,,,
"2025-11-10 14:18:40.2004211Z","2025-11-10 14:18:40.2004211Z","ETW","Microsoft-Windows-Kernel-Audit-API-Calls",6,"PsOpenThread","  940 svchost.exe",12140,,," 6464 explorer.exe",1160,,,,,,,,,,,,,,,,,,,,,,,,,,,,1762784320200421100,,,,,,,,,,,,,,,,2048,0,,,,,,,,,,,,,,,,,,,,,,,,,,,,,,,,,,,,,,,,,,,,,
"2025-11-10 14:18:40.2015373Z","2025-11-10 14:18:40.2015373Z","ETW","Microsoft-Windows-Kernel-Audit-API-Calls",6,"PsOpenThread","  940 svchost.exe",11892,,," 6464 explorer.exe",6864,,,,,,,,,,,,,,,,,,,,,,,,,,,,1762784320201537300,,,,,,,,,,,,,,,,2048,3221225506,,,,,,,,,,,,,,,,,,,,,,,,,,,,,,,,,,,,,,,,,,,,,
"2025-11-10 14:18:40.2015498Z","2025-11-10 14:18:40.2015498Z","ETW","Microsoft-Windows-Kernel-Audit-API-Calls",6,"PsOpenThread","  940 svchost.exe",11892,,," 6464 explorer.exe",6864,,,,,,,,,,,,,,,,,,,,,,,,,,,,1762784320201549800,,,,,,,,,,,,,,,,2048,0,,,,,,,,,,,,,,,,,,,,,,,,,,,,,,,,,,,,,,,,,,,,,
"2025-11-10 14:18:40.2022407Z","2025-11-10 14:18:40.2022407Z","ETW","Microsoft-Windows-Kernel-Audit-API-Calls",6,"PsOpenThread","  940 svchost.exe",11892,,," 6464 explorer.exe",6864,,,,,,,,,,,,,,,,,,,,,,,,,,,,1762784320202240700,,,,,,,,,,,,,,,,2048,3221225506,,,,,,,,,,,,,,,,,,,,,,,,,,,,,,,,,,,,,,,,,,,,,
"2025-11-10 14:18:40.2022525Z","2025-11-10 14:18:40.2022525Z","ETW","Microsoft-Windows-Kernel-Audit-API-Calls",6,"PsOpenThread","  940 svchost.exe",11892,,," 6464 explorer.exe",6864,,,,,,,,,,,,,,,,,,,,,,,,,,,,1762784320202252500,,,,,,,,,,,,,,,,2048,0,,,,,,,,,,,,,,,,,,,,,,,,,,,,,,,,,,,,,,,,,,,,,
"2025-11-10 14:18:40.2026328Z","2025-11-10 14:18:40.2026328Z","ETW","Microsoft-Windows-Kernel-Audit-API-Calls",6,"PsOpenThread","  940 svchost.exe",11892,,," 6464 explorer.exe",6864,,,,,,,,,,,,,,,,,,,,,,,,,,,,1762784320202632800,,,,,,,,,,,,,,,,2048,3221225506,,,,,,,,,,,,,,,,,,,,,,,,,,,,,,,,,,,,,,,,,,,,,
"2025-11-10 14:18:40.2026453Z","2025-11-10 14:18:40.2026453Z","ETW","Microsoft-Windows-Kernel-Audit-API-Calls",6,"PsOpenThread","  940 svchost.exe",11892,,," 6464 explorer.exe",6864,,,,,,,,,,,,,,,,,,,,,,,,,,,,1762784320202645300,,,,,,,,,,,,,,,,2048,0,,,,,,,,,,,,,,,,,,,,,,,,,,,,,,,,,,,,,,,,,,,,,
"2025-11-10 14:18:40.2027763Z","2025-11-10 14:18:40.2027763Z","ETW","Microsoft-Windows-Kernel-Audit-API-Calls",6,"PsOpenThread","  940 svchost.exe",11892,,," 6464 explorer.exe",1160,,,,,,,,,,,,,,,,,,,,,,,,,,,,1762784320202776300,,,,,,,,,,,,,,,,2048,3221225506,,,,,,,,,,,,,,,,,,,,,,,,,,,,,,,,,,,,,,,,,,,,,
"2025-11-10 14:18:40.2027857Z","2025-11-10 14:18:40.2027857Z","ETW","Microsoft-Windows-Kernel-Audit-API-Calls",6,"PsOpenThread","  940 svchost.exe",11892,,," 6464 explorer.exe",1160,,,,,,,,,,,,,,,,,,,,,,,,,,,,1762784320202785700,,,,,,,,,,,,,,,,2048,0,,,,,,,,,,,,,,,,,,,,,,,,,,,,,,,,,,,,,,,,,,,,,
"2025-11-10 14:18:40.2033137Z","2025-11-10 14:18:40.2033137Z","ETW","Microsoft-Windows-Kernel-Audit-API-Calls",6,"PsOpenThread","  940 svchost.exe",11892,,," 6464 explorer.exe",6864,,,,,,,,,,,,,,,,,,,,,,,,,,,,1762784320203313700,,,,,,,,,,,,,,,,2048,3221225506,,,,,,,,,,,,,,,,,,,,,,,,,,,,,,,,,,,,,,,,,,,,,
"2025-11-10 14:18:40.2033439Z","2025-11-10 14:18:40.2033439Z","ETW","Microsoft-Windows-Kernel-Audit-API-Calls",6,"PsOpenThread","  940 svchost.exe",11892,,," 6464 explorer.exe",6864,,,,,,,,,,,,,,,,,,,,,,,,,,,,1762784320203343900,,,,,,,,,,,,,,,,2048,0,,,,,,,,,,,,,,,,,,,,,,,,,,,,,,,,,,,,,,,,,,,,,
"2025-11-10 14:18:40.2034316Z","2025-11-10 14:18:40.2034316Z","ETW","Microsoft-Windows-Kernel-Audit-API-Calls",6,"PsOpenThread","  940 svchost.exe",12140,,," 6464 explorer.exe",1160,,,,,,,,,,,,,,,,,,,,,,,,,,,,1762784320203431600,,,,,,,,,,,,,,,,2048,3221225506,,,,,,,,,,,,,,,,,,,,,,,,,,,,,,,,,,,,,,,,,,,,,
"2025-11-10 14:18:40.2034381Z","2025-11-10 14:18:40.2034381Z","ETW","Microsoft-Windows-Kernel-Audit-API-Calls",6,"PsOpenThread","  940 svchost.exe",12140,,," 6464 explorer.exe",1160,,,,,,,,,,,,,,,,,,,,,,,,,,,,1762784320203438100,,,,,,,,,,,,,,,,2048,0,,,,,,,,,,,,,,,,,,,,,,,,,,,,,,,,,,,,,,,,,,,,,
"2025-11-10 14:18:40.2038291Z","2025-11-10 14:18:40.2038291Z","ETW","Microsoft-Windows-Kernel-Audit-API-Calls",6,"PsOpenThread","  940 svchost.exe",11892,,," 6464 explorer.exe",1160,,,,,,,,,,,,,,,,,,,,,,,,,,,,1762784320203829200,,,,,,,,,,,,,,,,2048,3221225506,,,,,,,,,,,,,,,,,,,,,,,,,,,,,,,,,,,,,,,,,,,,,
"2025-11-10 14:18:40.2038406Z","2025-11-10 14:18:40.2038406Z","ETW","Microsoft-Windows-Kernel-Audit-API-Calls",6,"PsOpenThread","  940 svchost.exe",11892,,," 6464 explorer.exe",1160,,,,,,,,,,,,,,,,,,,,,,,,,,,,1762784320203840600,,,,,,,,,,,,,,,,2048,0,,,,,,,,,,,,,,,,,,,,,,,,,,,,,,,,,,,,,,,,,,,,,
"2025-11-10 14:18:40.2042728Z","2025-11-10 14:18:40.2042728Z","ETW","Microsoft-Windows-Kernel-Audit-API-Calls",6,"PsOpenThread","  940 svchost.exe",11892,,," 6464 explorer.exe",1160,,,,,,,,,,,,,,,,,,,,,,,,,,,,1762784320204272800,,,,,,,,,,,,,,,,2048,3221225506,,,,,,,,,,,,,,,,,,,,,,,,,,,,,,,,,,,,,,,,,,,,,
"2025-11-10 14:18:40.2042856Z","2025-11-10 14:18:40.2042856Z","ETW","Microsoft-Windows-Kernel-Audit-API-Calls",6,"PsOpenThread","  940 svchost.exe",11892,,," 6464 explorer.exe",1160,,,,,,,,,,,,,,,,,,,,,,,,,,,,1762784320204285700,,,,,,,,,,,,,,,,2048,0,,,,,,,,,,,,,,,,,,,,,,,,,,,,,,,,,,,,,,,,,,,,,
"2025-11-10 14:18:40.2086803Z","2025-11-10 14:18:40.2086803Z","ETW","Microsoft-Windows-Kernel-Audit-API-Calls",5,"PsOpenProcess","11216 cortex-xdr-payload.exe",3984,,," 2972 cyserver.exe",,,,,,,,,,,,,,,,,,,,,,,,,,,,,1762784320208680300,,,,,,,,,,,,,,,,4096,0,,,,,,,,,,,,,,,,,,,,,,,,,,,,,,,,,,,,,,,,,,,,,
"2025-11-10 14:18:40.2087487Z","2025-11-10 14:18:40.2087487Z","ETW","Microsoft-Windows-Kernel-Audit-API-Calls",5,"PsOpenProcess","11216 cortex-xdr-payload.exe",3984,,," 2972 cyserver.exe",,,,,,,,,,,,,,,,,,,,,,,,,,,,,1762784320208748700,,,,,,,,,,,,,,,,4096,0,,,,,,,,,,,,,,,,,,,,,,,,,,,,,,,,,,,,,,,,,,,,,
"2025-11-10 14:18:40.2090892Z","2025-11-10 14:18:40.2090892Z","ETW","Microsoft-Windows-Kernel-Process",3,"ThreadStart Start ","11216 cortex-xdr-payload.exe",3984,,,"11216 cortex-xdr-payload.exe",,,,,,,,,,,,,,,,,,,,,,,,,,,,,1762784320209089200,,18446606103129206784,18446606103129178112,140736168151468,0,381918302208,9968,381930831872,381930766336,140736168151468,,,,,,,,,,,,,,,,,,,,,,,,,,,,,,,,,,,,,,,,,,,,,,,,,,,,
"2025-11-10 14:18:40.2091156Z","2025-11-10 14:18:40.2091156Z","ETW","Microsoft-Windows-Kernel-Audit-API-Calls",6,"PsOpenThread","11216 cortex-xdr-payload.exe",3984,,,"11216 cortex-xdr-payload.exe",9968,,,,,,,,,,,,,,,,,,,,,,,,,,,,1762784320209115700,,,,,,,,,,,,,,,,64,0,,,,,,,,,,,,,,,,,,,,,,,,,,,,,,,,,,,,,,,,,,,,,
"2025-11-10 14:18:40.2105539Z","2025-11-10 14:18:40.2105539Z","ETW","Microsoft-Windows-Kernel-Audit-API-Calls",6,"PsOpenThread","  712 services.exe",9316,,,"11216 cortex-xdr-payload.exe",3984,,,,,,,,,,,,,,,,,,,,,,,,,,,,1762784320210553900,,,,,,,,,,,,,,,,2048,0,,,,,,,,,,,,,,,,,,,,,,,,,,,,,,,,,,,,,,,,,,,,,
"2025-11-10 14:18:40.2107039Z","2025-11-10 14:18:40.2107039Z","ETW","Microsoft-Windows-Kernel-Audit-API-Calls",6,"PsOpenThread","  712 services.exe",9316,,,"11216 cortex-xdr-payload.exe",3984,,,,,,,,,,,,,,,,,,,,,,,,,,,,1762784320210703900,,,,,,,,,,,,,,,,2048,0,,,,,,,,,,,,,,,,,,,,,,,,,,,,,,,,,,,,,,,,,,,,,
"2025-11-10 14:18:40.2108068Z","2025-11-10 14:18:40.2108068Z","ETW","Microsoft-Windows-Kernel-Audit-API-Calls",6,"PsOpenThread","  712 services.exe",9316,,,"11216 cortex-xdr-payload.exe",3984,,,,,,,,,,,,,,,,,,,,,,,,,,,,1762784320210806800,,,,,,,,,,,,,,,,2048,0,,,,,,,,,,,,,,,,,,,,,,,,,,,,,,,,,,,,,,,,,,,,,
"2025-11-10 14:18:40.2108555Z","2025-11-10 14:18:40.2108555Z","ETW","Microsoft-Windows-Kernel-Audit-API-Calls",6,"PsOpenThread","  712 services.exe",9316,,,"11216 cortex-xdr-payload.exe",3984,,,,,,,,,,,,,,,,,,,,,,,,,,,,1762784320210855500,,,,,,,,,,,,,,,,2048,0,,,,,,,,,,,,,,,,,,,,,,,,,,,,,,,,,,,,,,,,,,,,,
"2025-11-10 14:18:40.2109088Z","2025-11-10 14:18:40.2109088Z","ETW","Microsoft-Windows-Kernel-Audit-API-Calls",6,"PsOpenThread","  712 services.exe",9316,,,"11216 cortex-xdr-payload.exe",3984,,,,,,,,,,,,,,,,,,,,,,,,,,,,1762784320210908800,,,,,,,,,,,,,,,,2048,0,,,,,,,,,,,,,,,,,,,,,,,,,,,,,,,,,,,,,,,,,,,,,
"2025-11-10 14:18:40.2119617Z","2025-11-10 14:18:40.2119617Z","ETW","Microsoft-Windows-Kernel-Process",4,"ThreadStop Stop ","11216 cortex-xdr-payload.exe",9968,,,"11216 cortex-xdr-payload.exe",,,,,,,,,,,,,,,,,,,,,,,,,,,,,1762784320211961700,,18446606103129206784,18446606103129178112,140736168151468,0,381918302208,9968,381930831872,381930766336,140736168151468,,,,,,,,,,,637574,,,,,,,,,,,,,,,,,,,,,,,,,,,,,,,,,,,,,,,,,
"2025-11-10 14:18:40.2741443Z","2025-11-10 14:18:40.2741443Z","ETW","Microsoft-Windows-Kernel-Audit-API-Calls",6,"PsOpenThread","10364 mintty.exe",5868,,,"10364 mintty.exe",5868,,,,,,,,,,,,,,,,,,,,,,,,,,,,1762784320274144300,,,,,,,,,,,,,,,,1024,0,,,,,,,,,,,,,,,,,,,,,,,,,,,,,,,,,,,,,,,,,,,,,
"2025-11-10 14:18:40.2991671Z","2025-11-10 14:18:40.2991671Z","ETW","Microsoft-Windows-Kernel-Audit-API-Calls",6,"PsOpenThread","10364 mintty.exe",5868,,,"10364 mintty.exe",5868,,,,,,,,,,,,,,,,,,,,,,,,,,,,1762784320299167100,,,,,,,,,,,,,,,,1024,0,,,,,,,,,,,,,,,,,,,,,,,,,,,,,,,,,,,,,,,,,,,,,
"2025-11-10 14:18:40.3652313Z","2025-11-10 14:18:40.3652313Z","ETW","Microsoft-Windows-Kernel-Process",4,"ThreadStop Stop "," 2972 cyserver.exe",8732,,," 2972 cyserver.exe",,,,,,,,,,,,,,,,,,,,,,,,,,,,,1762784320365231300,,18446606103137222656,18446606103137193984,140737045164464,38,745075146752,8732,743037730816,743037726720,140737045164464,,,,,,,,,,,309985,,,,,,,,,,,,,,,,,,,,,,,,,,,,,,,,,,,,,,,,,
"2025-11-10 14:18:40.3653746Z","2025-11-10 14:18:40.3653746Z","ETW","Microsoft-Windows-Kernel-Process",3,"ThreadStart Start "," 2972 cyserver.exe",6692,,," 2972 cyserver.exe",,,,,,,,,,,,,,,,,,,,,,,,,,,,,1762784320365374600,,18446606103137222656,18446606103137193984,140737045164464,38,745075154944,5356,743037730816,743037726720,140737045164464,,,,,,,,,,,,,,,,,,,,,,,,,,,,,,,,,,,,,,,,,,,,,,,,,,,,
"2025-11-10 14:18:40.3654055Z","2025-11-10 14:18:40.3654055Z","ETW","Microsoft-Windows-Kernel-Audit-API-Calls",6,"PsOpenThread"," 2972 cyserver.exe",6692,,," 2972 cyserver.exe",5356,,,,,,,,,,,,,,,,,,,,,,,,,,,,1762784320365405500,,,,,,,,,,,,,,,,64,0,,,,,,,,,,,,,,,,,,,,,,,,,,,,,,,,,,,,,,,,,,,,,
"2025-11-10 14:18:40.6633138Z","2025-11-10 14:18:40.6633138Z","ETW","Microsoft-Windows-Kernel-Audit-API-Calls",6,"PsOpenThread"," 1964 svchost.exe",7444,,,"  940 svchost.exe",11892,,,,,,,,,,,,,,,,,,,,,,,,,,,,1762784320663313800,,,,,,,,,,,,,,,,2048,3221225506,,,,,,,,,,,,,,,,,,,,,,,,,,,,,,,,,,,,,,,,,,,,,
"2025-11-10 14:18:40.6633201Z","2025-11-10 14:18:40.6633201Z","ETW","Microsoft-Windows-Kernel-Audit-API-Calls",6,"PsOpenThread"," 1964 svchost.exe",7444,,,"  940 svchost.exe",11892,,,,,,,,,,,,,,,,,,,,,,,,,,,,1762784320663320100,,,,,,,,,,,,,,,,2048,3221225506,,,,,,,,,,,,,,,,,,,,,,,,,,,,,,,,,,,,,,,,,,,,,
"2025-11-10 14:18:40.6637855Z","2025-11-10 14:18:40.6637855Z","ETW","Microsoft-Windows-Kernel-Audit-API-Calls",6,"PsOpenThread","  940 svchost.exe",11892,,," 7032 svchost.exe",7020,,,,,,,,,,,,,,,,,,,,,,,,,,,,1762784320663785500,,,,,,,,,,,,,,,,2048,3221225506,,,,,,,,,,,,,,,,,,,,,,,,,,,,,,,,,,,,,,,,,,,,,
"2025-11-10 14:18:40.6638058Z","2025-11-10 14:18:40.6638058Z","ETW","Microsoft-Windows-Kernel-Audit-API-Calls",6,"PsOpenThread","  940 svchost.exe",11892,,," 7032 svchost.exe",7020,,,,,,,,,,,,,,,,,,,,,,,,,,,,1762784320663805800,,,,,,,,,,,,,,,,2048,0,,,,,,,,,,,,,,,,,,,,,,,,,,,,,,,,,,,,,,,,,,,,,
"2025-11-10 14:18:40.6640000Z","2025-11-10 14:18:40.6640000Z","ETW","Microsoft-Windows-Kernel-Audit-API-Calls",6,"PsOpenThread"," 1964 svchost.exe",7444,,," 7032 svchost.exe",7020,,,,,,,,,,,,,,,,,,,,,,,,,,,,1762784320664000000,,,,,,,,,,,,,,,,2048,3221225506,,,,,,,,,,,,,,,,,,,,,,,,,,,,,,,,,,,,,,,,,,,,,
"2025-11-10 14:18:40.6640045Z","2025-11-10 14:18:40.6640045Z","ETW","Microsoft-Windows-Kernel-Audit-API-Calls",6,"PsOpenThread"," 1964 svchost.exe",7444,,," 7032 svchost.exe",7020,,,,,,,,,,,,,,,,,,,,,,,,,,,,1762784320664004500,,,,,,,,,,,,,,,,2048,3221225637,,,,,,,,,,,,,,,,,,,,,,,,,,,,,,,,,,,,,,,,,,,,,
"2025-11-10 14:18:40.6642152Z","2025-11-10 14:18:40.6642152Z","ETW","Microsoft-Windows-Kernel-Audit-API-Calls",6,"PsOpenThread"," 1964 svchost.exe",7444,,," 7032 svchost.exe",7020,,,,,,,,,,,,,,,,,,,,,,,,,,,,1762784320664215200,,,,,,,,,,,,,,,,2048,3221225506,,,,,,,,,,,,,,,,,,,,,,,,,,,,,,,,,,,,,,,,,,,,,
"2025-11-10 14:18:40.6642192Z","2025-11-10 14:18:40.6642192Z","ETW","Microsoft-Windows-Kernel-Audit-API-Calls",6,"PsOpenThread"," 1964 svchost.exe",7444,,," 7032 svchost.exe",7020,,,,,,,,,,,,,,,,,,,,,,,,,,,,1762784320664219200,,,,,,,,,,,,,,,,2048,3221225637,,,,,,,,,,,,,,,,,,,,,,,,,,,,,,,,,,,,,,,,,,,,,
"2025-11-10 14:18:40.6642882Z","2025-11-10 14:18:40.6642882Z","ETW","Microsoft-Windows-Kernel-Audit-API-Calls",6,"PsOpenThread","  940 svchost.exe",11892,,," 7032 svchost.exe",7020,,,,,,,,,,,,,,,,,,,,,,,,,,,,1762784320664288200,,,,,,,,,,,,,,,,2048,3221225506,,,,,,,,,,,,,,,,,,,,,,,,,,,,,,,,,,,,,,,,,,,,,
"2025-11-10 14:18:40.6643014Z","2025-11-10 14:18:40.6643014Z","ETW","Microsoft-Windows-Kernel-Audit-API-Calls",6,"PsOpenThread","  940 svchost.exe",11892,,," 7032 svchost.exe",7020,,,,,,,,,,,,,,,,,,,,,,,,,,,,1762784320664301400,,,,,,,,,,,,,,,,2048,0,,,,,,,,,,,,,,,,,,,,,,,,,,,,,,,,,,,,,,,,,,,,,
"2025-11-10 14:18:40.8195451Z","2025-11-10 14:18:40.8195451Z","ETW","Microsoft-Windows-Kernel-Audit-API-Calls",6,"PsOpenThread","10364 mintty.exe",5868,,,"10364 mintty.exe",5868,,,,,,,,,,,,,,,,,,,,,,,,,,,,1762784320819545100,,,,,,,,,,,,,,,,1024,0,,,,,,,,,,,,,,,,,,,,,,,,,,,,,,,,,,,,,,,,,,,,,
"2025-11-10 14:18:40.8496493Z","2025-11-10 14:18:40.8496493Z","ETW","Microsoft-Windows-Kernel-Audit-API-Calls",6,"PsOpenThread","10364 mintty.exe",5868,,,"10364 mintty.exe",5868,,,,,,,,,,,,,,,,,,,,,,,,,,,,1762784320849649300,,,,,,,,,,,,,,,,1024,0,,,,,,,,,,,,,,,,,,,,,,,,,,,,,,,,,,,,,,,,,,,,,
"2025-11-10 14:18:41.0447541Z","2025-11-10 14:18:41.0447541Z","ETW","Microsoft-Windows-Kernel-Audit-API-Calls",6,"PsOpenThread","10364 mintty.exe",5868,,,"10364 mintty.exe",5868,,,,,,,,,,,,,,,,,,,,,,,,,,,,1762784321044754100,,,,,,,,,,,,,,,,1024,0,,,,,,,,,,,,,,,,,,,,,,,,,,,,,,,,,,,,,,,,,,,,,
"2025-11-10 14:18:41.0517173Z","2025-11-10 14:18:41.0517173Z","ETW","Microsoft-Windows-Kernel-Audit-API-Calls",6,"PsOpenThread","10364 mintty.exe",5868,,,"10364 mintty.exe",5868,,,,,,,,,,,,,,,,,,,,,,,,,,,,1762784321051717300,,,,,,,,,,,,,,,,1024,0,,,,,,,,,,,,,,,,,,,,,,,,,,,,,,,,,,,,,,,,,,,,,
"2025-11-10 14:18:41.0596564Z","2025-11-10 14:18:41.0596564Z","ETW","Microsoft-Windows-Kernel-Audit-API-Calls",6,"PsOpenThread","10364 mintty.exe",5868,,,"10364 mintty.exe",5868,,,,,,,,,,,,,,,,,,,,,,,,,,,,1762784321059656400,,,,,,,,,,,,,,,,1024,0,,,,,,,,,,,,,,,,,,,,,,,,,,,,,,,,,,,,,,,,,,,,,
"2025-11-10 14:18:41.0666499Z","2025-11-10 14:18:41.0666499Z","ETW","Microsoft-Windows-Kernel-Audit-API-Calls",6,"PsOpenThread","10364 mintty.exe",5868,,,"10364 mintty.exe",5868,,,,,,,,,,,,,,,,,,,,,,,,,,,,1762784321066649900,,,,,,,,,,,,,,,,1024,0,,,,,,,,,,,,,,,,,,,,,,,,,,,,,,,,,,,,,,,,,,,,,
"2025-11-10 14:18:41.0748424Z","2025-11-10 14:18:41.0748424Z","ETW","Microsoft-Windows-Kernel-Audit-API-Calls",6,"PsOpenThread","10364 mintty.exe",5868,,,"10364 mintty.exe",5868,,,,,,,,,,,,,,,,,,,,,,,,,,,,1762784321074842400,,,,,,,,,,,,,,,,1024,0,,,,,,,,,,,,,,,,,,,,,,,,,,,,,,,,,,,,,,,,,,,,,
"2025-11-10 14:18:41.0813431Z","2025-11-10 14:18:41.0813431Z","ETW","Microsoft-Windows-Kernel-Audit-API-Calls",6,"PsOpenThread","10364 mintty.exe",5868,,,"10364 mintty.exe",5868,,,,,,,,,,,,,,,,,,,,,,,,,,,,1762784321081343100,,,,,,,,,,,,,,,,1024,0,,,,,,,,,,,,,,,,,,,,,,,,,,,,,,,,,,,,,,,,,,,,,
"2025-11-10 14:18:41.0891577Z","2025-11-10 14:18:41.0891577Z","ETW","Microsoft-Windows-Kernel-Audit-API-Calls",6,"PsOpenThread","10364 mintty.exe",5868,,,"10364 mintty.exe",5868,,,,,,,,,,,,,,,,,,,,,,,,,,,,1762784321089157700,,,,,,,,,,,,,,,,1024,0,,,,,,,,,,,,,,,,,,,,,,,,,,,,,,,,,,,,,,,,,,,,,
"2025-11-10 14:18:41.0966835Z","2025-11-10 14:18:41.0966835Z","ETW","Microsoft-Windows-Kernel-Audit-API-Calls",6,"PsOpenThread","10364 mintty.exe",5868,,,"10364 mintty.exe",5868,,,,,,,,,,,,,,,,,,,,,,,,,,,,1762784321096683500,,,,,,,,,,,,,,,,1024,0,,,,,,,,,,,,,,,,,,,,,,,,,,,,,,,,,,,,,,,,,,,,,
"2025-11-10 14:18:41.1045392Z","2025-11-10 14:18:41.1045392Z","ETW","Microsoft-Windows-Kernel-Audit-API-Calls",6,"PsOpenThread","10364 mintty.exe",5868,,,"10364 mintty.exe",5868,,,,,,,,,,,,,,,,,,,,,,,,,,,,1762784321104539200,,,,,,,,,,,,,,,,1024,0,,,,,,,,,,,,,,,,,,,,,,,,,,,,,,,,,,,,,,,,,,,,,
"2025-11-10 14:18:41.2400767Z","2025-11-10 14:18:41.2400767Z","ETW","Microsoft-Windows-Kernel-Audit-API-Calls",6,"PsOpenThread"," 3804 svchost.exe",5876,,," 3004 svchost.exe",4036,,,,,,,,,,,,,,,,,,,,,,,,,,,,1762784321240076700,,,,,,,,,,,,,,,,2048,3221225506,,,,,,,,,,,,,,,,,,,,,,,,,,,,,,,,,,,,,,,,,,,,,
"2025-11-10 14:18:41.2400846Z","2025-11-10 14:18:41.2400846Z","ETW","Microsoft-Windows-Kernel-Audit-API-Calls",6,"PsOpenThread"," 3804 svchost.exe",5876,,," 3004 svchost.exe",4036,,,,,,,,,,,,,,,,,,,,,,,,,,,,1762784321240084600,,,,,,,,,,,,,,,,2048,3221225637,,,,,,,,,,,,,,,,,,,,,,,,,,,,,,,,,,,,,,,,,,,,,
"2025-11-10 14:18:41.3528015Z","2025-11-10 14:18:41.3528015Z","ETW","Microsoft-Windows-Kernel-Audit-API-Calls",6,"PsOpenThread","10364 mintty.exe",5868,,,"10364 mintty.exe",5868,,,,,,,,,,,,,,,,,,,,,,,,,,,,1762784321352801500,,,,,,,,,,,,,,,,1024,0,,,,,,,,,,,,,,,,,,,,,,,,,,,,,,,,,,,,,,,,,,,,,
"2025-11-10 14:18:41.3657663Z","2025-11-10 14:18:41.3657663Z","ETW","Microsoft-Windows-Kernel-Process",4,"ThreadStop Stop "," 3004 svchost.exe",3428,,," 3004 svchost.exe",,,,,,,,,,,,,,,,,,,,,,,,,,,,,1762784321365766300,,18446606103144890368,18446606103144861696,140736999905216,242,275881816064,3428,275887685632,275887652864,140736999905216,,,,,,,,,,,6621150,,,,,,,,,,,,,,,,,,,,,,,,,,,,,,,,,,,,,,,,,
"2025-11-10 14:18:41.3658201Z","2025-11-10 14:18:41.3658201Z","ETW","Microsoft-Windows-Kernel-Audit-API-Calls",6,"PsOpenThread","10364 mintty.exe",5868,,,"10364 mintty.exe",5868,,,,,,,,,,,,,,,,,,,,,,,,,,,,1762784321365820100,,,,,,,,,,,,,,,,1024,0,,,,,,,,,,,,,,,,,,,,,,,,,,,,,,,,,,,,,,,,,,,,,
"2025-11-10 14:18:41.3658999Z","2025-11-10 14:18:41.3658999Z","ETW","Microsoft-Windows-Kernel-Process",4,"ThreadStop Stop "," 3004 svchost.exe",8604,,," 3004 svchost.exe",,,,,,,,,,,,,,,,,,,,,,,,,,,,,1762784321365899900,,18446606103144857600,18446606103144828928,140736999905216,242,275881807872,8604,275886637056,275886604288,140736999905216,,,,,,,,,,,7323419,,,,,,,,,,,,,,,,,,,,,,,,,,,,,,,,,,,,,,,,,
"2025-11-10 14:18:41.3660144Z","2025-11-10 14:18:41.3660144Z","ETW","Microsoft-Windows-Kernel-Process",4,"ThreadStop Stop "," 3004 svchost.exe",4544,,," 3004 svchost.exe",,,,,,,,,,,,,,,,,,,,,,,,,,,,,1762784321366014400,,18446606103120379904,18446606103120351232,140736999905216,242,275881840640,4544,275899744256,275899711488,140736999905216,,,,,,,,,,,174472,,,,,,,,,,,,,,,,,,,,,,,,,,,,,,,,,,,,,,,,,
"2025-11-10 14:18:41.3661042Z","2025-11-10 14:18:41.3661042Z","ETW","Microsoft-Windows-Kernel-Process",4,"ThreadStop Stop "," 3004 svchost.exe",5464,,," 3004 svchost.exe",,,,,,,,,,,,,,,,,,,,,,,,,,,,,1762784321366104200,,18446606103130451968,18446606103130423296,140736999905216,242,275881832448,5464,275892928512,275892895744,140736999905216,,,,,,,,,,,806004,,,,,,,,,,,,,,,,,,,,,,,,,,,,,,,,,,,,,,,,,
"2025-11-10 14:18:41.3661691Z","2025-11-10 14:18:41.3661691Z","ETW","Microsoft-Windows-Kernel-Process",4,"ThreadStop Stop "," 3004 svchost.exe",11688,,," 3004 svchost.exe",,,,,,,,,,,,,,,,,,,,,,,,,,,,,1762784321366169100,,18446606103144955904,18446606103144927232,140736999905216,242,275881824256,11688,275888734208,275888701440,140736999905216,,,,,,,,,,,2933281,,,,,,,,,,,,,,,,,,,,,,,,,,,,,,,,,,,,,,,,,
"2025-11-10 14:18:41.7712447Z","2025-11-10 14:18:41.7712447Z","ETW","Microsoft-Windows-Kernel-Audit-API-Calls",6,"PsOpenThread","  712 services.exe",9316,,," 9812 vmtoolsd.exe",9816,,,,,,,,,,,,,,,,,,,,,,,,,,,,1762784321771244700,,,,,,,,,,,,,,,,2048,0,,,,,,,,,,,,,,,,,,,,,,,,,,,,,,,,,,,,,,,,,,,,,
"2025-11-10 14:18:41.7714447Z","2025-11-10 14:18:41.7714447Z","ETW","Microsoft-Windows-Kernel-Audit-API-Calls",6,"PsOpenThread","  712 services.exe",9316,,," 9812 vmtoolsd.exe",9816,,,,,,,,,,,,,,,,,,,,,,,,,,,,1762784321771444700,,,,,,,,,,,,,,,,2048,0,,,,,,,,,,,,,,,,,,,,,,,,,,,,,,,,,,,,,,,,,,,,,
"2025-11-10 14:18:41.7716254Z","2025-11-10 14:18:41.7716254Z","ETW","Microsoft-Windows-Kernel-Audit-API-Calls",6,"PsOpenThread","  712 services.exe",9316,,," 9812 vmtoolsd.exe",9816,,,,,,,,,,,,,,,,,,,,,,,,,,,,1762784321771625400,,,,,,,,,,,,,,,,2048,0,,,,,,,,,,,,,,,,,,,,,,,,,,,,,,,,,,,,,,,,,,,,,
"2025-11-10 14:18:41.7716884Z","2025-11-10 14:18:41.7716884Z","ETW","Microsoft-Windows-Kernel-Audit-API-Calls",6,"PsOpenThread","  712 services.exe",9316,,," 9812 vmtoolsd.exe",9816,,,,,,,,,,,,,,,,,,,,,,,,,,,,1762784321771688400,,,,,,,,,,,,,,,,2048,0,,,,,,,,,,,,,,,,,,,,,,,,,,,,,,,,,,,,,,,,,,,,,
"2025-11-10 14:18:41.7717571Z","2025-11-10 14:18:41.7717571Z","ETW","Microsoft-Windows-Kernel-Audit-API-Calls",6,"PsOpenThread","  712 services.exe",9316,,," 9812 vmtoolsd.exe",9816,,,,,,,,,,,,,,,,,,,,,,,,,,,,1762784321771757100,,,,,,,,,,,,,,,,2048,0,,,,,,,,,,,,,,,,,,,,,,,,,,,,,,,,,,,,,,,,,,,,,
"2025-11-10 14:18:41.8831154Z","2025-11-10 14:18:41.8831154Z","ETW","Microsoft-Windows-Kernel-Audit-API-Calls",6,"PsOpenThread","10364 mintty.exe",5868,,,"10364 mintty.exe",5868,,,,,,,,,,,,,,,,,,,,,,,,,,,,1762784321883115400,,,,,,,,,,,,,,,,1024,0,,,,,,,,,,,,,,,,,,,,,,,,,,,,,,,,,,,,,,,,,,,,,
"2025-11-10 14:18:41.9119409Z","2025-11-10 14:18:41.9119409Z","ETW","Microsoft-Windows-Kernel-Audit-API-Calls",6,"PsOpenThread","10364 mintty.exe",5868,,,"10364 mintty.exe",5868,,,,,,,,,,,,,,,,,,,,,,,,,,,,1762784321911940900,,,,,,,,,,,,,,,,1024,0,,,,,,,,,,,,,,,,,,,,,,,,,,,,,,,,,,,,,,,,,,,,,
"2025-11-10 14:18:41.9859068Z","2025-11-10 14:18:41.9859068Z","ETW","Microsoft-Windows-Kernel-Audit-API-Calls",5,"PsOpenProcess","  828 svchost.exe",12124,,," 1764 cyrprtui.exe",,,,,,,,,,,,,,,,,,,,,,,,,,,,,1762784321985906800,,,,,,,,,,,,,,,,8192,0,,,,,,,,,,,,,,,,,,,,,,,,,,,,,,,,,,,,,,,,,,,,,
"2025-11-10 14:18:41.9862755Z","2025-11-10 14:18:41.9862755Z","ETW","Microsoft-Windows-Kernel-Audit-API-Calls",5,"PsOpenProcess"," 6464 explorer.exe",6100,,," 1764 cyrprtui.exe",,,,,,,,,,,,,,,,,,,,,,,,,,,,,1762784321986275500,,,,,,,,,,,,,,,,1040,0,,,,,,,,,,,,,,,,,,,,,,,,,,,,,,,,,,,,,,,,,,,,,
"2025-11-10 14:18:41.9863462Z","2025-11-10 14:18:41.9863462Z","ETW","Microsoft-Windows-Kernel-Audit-API-Calls",5,"PsOpenProcess"," 6464 explorer.exe",6100,,," 1764 cyrprtui.exe",,,,,,,,,,,,,,,,,,,,,,,,,,,,,1762784321986346200,,,,,,,,,,,,,,,,4096,0,,,,,,,,,,,,,,,,,,,,,,,,,,,,,,,,,,,,,,,,,,,,,
"2025-11-10 14:18:41.9864491Z","2025-11-10 14:18:41.9864491Z","ETW","Microsoft-Windows-Kernel-Audit-API-Calls",5,"PsOpenProcess"," 6464 explorer.exe",6100,,," 1764 cyrprtui.exe",,,,,,,,,,,,,,,,,,,,,,,,,,,,,1762784321986449100,,,,,,,,,,,,,,,,4096,0,,,,,,,,,,,,,,,,,,,,,,,,,,,,,,,,,,,,,,,,,,,,,
"2025-11-10 14:18:41.9868849Z","2025-11-10 14:18:41.9868849Z","ETW","Microsoft-Windows-Kernel-Audit-API-Calls",5,"PsOpenProcess"," 6464 explorer.exe",6100,,," 1764 cyrprtui.exe",,,,,,,,,,,,,,,,,,,,,,,,,,,,,1762784321986884900,,,,,,,,,,,,,,,,1040,0,,,,,,,,,,,,,,,,,,,,,,,,,,,,,,,,,,,,,,,,,,,,,
"2025-11-10 14:18:41.9875267Z","2025-11-10 14:18:41.9875267Z","ETW","Microsoft-Windows-Kernel-Audit-API-Calls",6,"PsOpenThread","10364 mintty.exe",5868,,,"10364 mintty.exe",5868,,,,,,,,,,,,,,,,,,,,,,,,,,,,1762784321987526700,,,,,,,,,,,,,,,,1024,0,,,,,,,,,,,,,,,,,,,,,,,,,,,,,,,,,,,,,,,,,,,,,
"2025-11-10 14:18:41.9878365Z","2025-11-10 14:18:41.9878365Z","ETW","Microsoft-Windows-Kernel-Audit-API-Calls",5,"PsOpenProcess"," 6464 explorer.exe",4280,,," 1764 cyrprtui.exe",,,,,,,,,,,,,,,,,,,,,,,,,,,,,1762784321987836500,,,,,,,,,,,,,,,,4096,0,,,,,,,,,,,,,,,,,,,,,,,,,,,,,,,,,,,,,,,,,,,,,
"2025-11-10 14:18:41.9879703Z","2025-11-10 14:18:41.9879703Z","ETW","Microsoft-Windows-Kernel-Audit-API-Calls",5,"PsOpenProcess"," 6464 explorer.exe",1160,,," 1764 cyrprtui.exe",,,,,,,,,,,,,,,,,,,,,,,,,,,,,1762784321987970300,,,,,,,,,,,,,,,,4096,0,,,,,,,,,,,,,,,,,,,,,,,,,,,,,,,,,,,,,,,,,,,,,
"2025-11-10 14:18:41.9880030Z","2025-11-10 14:18:41.9880030Z","ETW","Microsoft-Windows-Kernel-Audit-API-Calls",5,"PsOpenProcess"," 6464 explorer.exe",1160,,," 1764 cyrprtui.exe",,,,,,,,,,,,,,,,,,,,,,,,,,,,,1762784321988003000,,,,,,,,,,,,,,,,4096,0,,,,,,,,,,,,,,,,,,,,,,,,,,,,,,,,,,,,,,,,,,,,,
"2025-11-10 14:18:41.9880254Z","2025-11-10 14:18:41.9880254Z","ETW","Microsoft-Windows-Kernel-Audit-API-Calls",5,"PsOpenProcess"," 6464 explorer.exe",4280,,," 1764 cyrprtui.exe",,,,,,,,,,,,,,,,,,,,,,,,,,,,,1762784321988025400,,,,,,,,,,,,,,,,8192,0,,,,,,,,,,,,,,,,,,,,,,,,,,,,,,,,,,,,,,,,,,,,,
"2025-11-10 14:18:41.9883794Z","2025-11-10 14:18:41.9883794Z","ETW","Microsoft-Windows-Kernel-Audit-API-Calls",5,"PsOpenProcess"," 6464 explorer.exe",1160,,," 1764 cyrprtui.exe",,,,,,,,,,,,,,,,,,,,,,,,,,,,,1762784321988379400,,,,,,,,,,,,,,,,1040,0,,,,,,,,,,,,,,,,,,,,,,,,,,,,,,,,,,,,,,,,,,,,,
"2025-11-10 14:18:41.9888778Z","2025-11-10 14:18:41.9888778Z","ETW","Microsoft-Windows-Kernel-Audit-API-Calls",6,"PsOpenThread","  940 svchost.exe",11892,,," 6464 explorer.exe",1160,,,,,,,,,,,,,,,,,,,,,,,,,,,,1762784321988877800,,,,,,,,,,,,,,,,2048,3221225506,,,,,,,,,,,,,,,,,,,,,,,,,,,,,,,,,,,,,,,,,,,,,
"2025-11-10 14:18:41.9888866Z","2025-11-10 14:18:41.9888866Z","ETW","Microsoft-Windows-Kernel-Audit-API-Calls",6,"PsOpenThread","  940 svchost.exe",11892,,," 6464 explorer.exe",1160,,,,,,,,,,,,,,,,,,,,,,,,,,,,1762784321988886600,,,,,,,,,,,,,,,,2048,0,,,,,,,,,,,,,,,,,,,,,,,,,,,,,,,,,,,,,,,,,,,,,
"2025-11-10 14:18:41.9902597Z","2025-11-10 14:18:41.9902597Z","ETW","Microsoft-Windows-Kernel-Audit-API-Calls",5,"PsOpenProcess"," 6464 explorer.exe",4280,,," 6860 TextInputHost.exe",,,,,,,,,,,,,,,,,,,,,,,,,,,,,1762784321990259700,,,,,,,,,,,,,,,,8192,0,,,,,,,,,,,,,,,,,,,,,,,,,,,,,,,,,,,,,,,,,,,,,
"2025-11-10 14:18:41.9902749Z","2025-11-10 14:18:41.9902749Z","ETW","Microsoft-Windows-Kernel-Audit-API-Calls",5,"PsOpenProcess"," 6464 explorer.exe",4280,,," 6464 explorer.exe",,,,,,,,,,,,,,,,,,,,,,,,,,,,,1762784321990274900,,,,,,,,,,,,,,,,8192,0,,,,,,,,,,,,,,,,,,,,,,,,,,,,,,,,,,,,,,,,,,,,,
"2025-11-10 14:18:41.9902880Z","2025-11-10 14:18:41.9902880Z","ETW","Microsoft-Windows-Kernel-Audit-API-Calls",5,"PsOpenProcess"," 6464 explorer.exe",4280,,," 8724 LockApp.exe",,,,,,,,,,,,,,,,,,,,,,,,,,,,,1762784321990288000,,,,,,,,,,,,,,,,8192,0,,,,,,,,,,,,,,,,,,,,,,,,,,,,,,,,,,,,,,,,,,,,,
"2025-11-10 14:18:41.9903021Z","2025-11-10 14:18:41.9903021Z","ETW","Microsoft-Windows-Kernel-Audit-API-Calls",5,"PsOpenProcess"," 6464 explorer.exe",4280,,," 3460 cyrprtui.exe",,,,,,,,,,,,,,,,,,,,,,,,,,,,,1762784321990302100,,,,,,,,,,,,,,,,8192,0,,,,,,,,,,,,,,,,,,,,,,,,,,,,,,,,,,,,,,,,,,,,,
"2025-11-10 14:18:41.9903147Z","2025-11-10 14:18:41.9903147Z","ETW","Microsoft-Windows-Kernel-Audit-API-Calls",5,"PsOpenProcess"," 6464 explorer.exe",4280,,," 6820 ShellExperienceHost.exe",,,,,,,,,,,,,,,,,,,,,,,,,,,,,1762784321990314700,,,,,,,,,,,,,,,,8192,0,,,,,,,,,,,,,,,,,,,,,,,,,,,,,,,,,,,,,,,,,,,,,
"2025-11-10 14:18:41.9903280Z","2025-11-10 14:18:41.9903280Z","ETW","Microsoft-Windows-Kernel-Audit-API-Calls",5,"PsOpenProcess"," 6464 explorer.exe",4280,,," 1556 SearchApp.exe",,,,,,,,,,,,,,,,,,,,,,,,,,,,,1762784321990328000,,,,,,,,,,,,,,,,8192,0,,,,,,,,,,,,,,,,,,,,,,,,,,,,,,,,,,,,,,,,,,,,,
"2025-11-10 14:18:41.9903394Z","2025-11-10 14:18:41.9903394Z","ETW","Microsoft-Windows-Kernel-Audit-API-Calls",5,"PsOpenProcess"," 6464 explorer.exe",4280,,," 8112 SearchApp.exe",,,,,,,,,,,,,,,,,,,,,,,,,,,,,1762784321990339400,,,,,,,,,,,,,,,,8192,0,,,,,,,,,,,,,,,,,,,,,,,,,,,,,,,,,,,,,,,,,,,,,
"2025-11-10 14:18:41.9903519Z","2025-11-10 14:18:41.9903519Z","ETW","Microsoft-Windows-Kernel-Audit-API-Calls",5,"PsOpenProcess"," 6464 explorer.exe",4280,,," 5564 StartMenuExperienceHost.exe",,,,,,,,,,,,,,,,,,,,,,,,,,,,,1762784321990351900,,,,,,,,,,,,,,,,8192,0,,,,,,,,,,,,,,,,,,,,,,,,,,,,,,,,,,,,,,,,,,,,,
"2025-11-10 14:18:41.9903571Z","2025-11-10 14:18:41.9903571Z","ETW","Microsoft-Windows-Kernel-Audit-API-Calls",5,"PsOpenProcess"," 6464 explorer.exe",4280,,,"  472 dwm.exe",,,,,,,,,,,,,,,,,,,,,,,,,,,,,1762784321990357100,,,,,,,,,,,,,,,,8192,3221225506,,,,,,,,,,,,,,,,,,,,,,,,,,,,,,,,,,,,,,,,,,,,,
"2025-11-10 14:18:41.9903693Z","2025-11-10 14:18:41.9903693Z","ETW","Microsoft-Windows-Kernel-Audit-API-Calls",5,"PsOpenProcess"," 6464 explorer.exe",4280,,," 1764 cyrprtui.exe",,,,,,,,,,,,,,,,,,,,,,,,,,,,,1762784321990369300,,,,,,,,,,,,,,,,8192,0,,,,,,,,,,,,,,,,,,,,,,,,,,,,,,,,,,,,,,,,,,,,,
"2025-11-10 14:18:41.9903824Z","2025-11-10 14:18:41.9903824Z","ETW","Microsoft-Windows-Kernel-Audit-API-Calls",5,"PsOpenProcess"," 6464 explorer.exe",4280,,," 1396 cyrprtui.exe",,,,,,,,,,,,,,,,,,,,,,,,,,,,,1762784321990382400,,,,,,,,,,,,,,,,8192,0,,,,,,,,,,,,,,,,,,,,,,,,,,,,,,,,,,,,,,,,,,,,,
"2025-11-10 14:18:41.9903947Z","2025-11-10 14:18:41.9903947Z","ETW","Microsoft-Windows-Kernel-Audit-API-Calls",5,"PsOpenProcess"," 6464 explorer.exe",4280,,,"10364 mintty.exe",,,,,,,,,,,,,,,,,,,,,,,,,,,,,1762784321990394700,,,,,,,,,,,,,,,,8192,0,,,,,,,,,,,,,,,,,,,,,,,,,,,,,,,,,,,,,,,,,,,,,
"2025-11-10 14:18:41.9904002Z","2025-11-10 14:18:41.9904002Z","ETW","Microsoft-Windows-Kernel-Audit-API-Calls",5,"PsOpenProcess"," 6464 explorer.exe",4280,,," 5452 powershell.exe",,,,,,,,,,,,,,,,,,,,,,,,,,,,,1762784321990400200,,,,,,,,,,,,,,,,8192,3221225506,,,,,,,,,,,,,,,,,,,,,,,,,,,,,,,,,,,,,,,,,,,,,
"2025-11-10 14:18:41.9904129Z","2025-11-10 14:18:41.9904129Z","ETW","Microsoft-Windows-Kernel-Audit-API-Calls",5,"PsOpenProcess"," 6464 explorer.exe",4280,,,"  476 firefox.exe",,,,,,,,,,,,,,,,,,,,,,,,,,,,,1762784321990412900,,,,,,,,,,,,,,,,8192,0,,,,,,,,,,,,,,,,,,,,,,,,,,,,,,,,,,,,,,,,,,,,,
"2025-11-10 14:18:41.9904260Z","2025-11-10 14:18:41.9904260Z","ETW","Microsoft-Windows-Kernel-Audit-API-Calls",5,"PsOpenProcess"," 6464 explorer.exe",4280,,," 9872 SystemSettings.exe",,,,,,,,,,,,,,,,,,,,,,,,,,,,,1762784321990426000,,,,,,,,,,,,,,,,8192,0,,,,,,,,,,,,,,,,,,,,,,,,,,,,,,,,,,,,,,,,,,,,,
"2025-11-10 14:18:41.9904384Z","2025-11-10 14:18:41.9904384Z","ETW","Microsoft-Windows-Kernel-Audit-API-Calls",5,"PsOpenProcess"," 6464 explorer.exe",4280,,," 9632 ApplicationFrameHost.exe",,,,,,,,,,,,,,,,,,,,,,,,,,,,,1762784321990438400,,,,,,,,,,,,,,,,8192,0,,,,,,,,,,,,,,,,,,,,,,,,,,,,,,,,,,,,,,,,,,,,,
"2025-11-10 14:18:41.9910003Z","2025-11-10 14:18:41.9910003Z","ETW","Microsoft-Windows-Kernel-Process",3,"ThreadStart Start "," 6464 explorer.exe",4280,,," 6464 explorer.exe",,,,,,,,,,,,,,,,,,,,,,,,,,,,,1762784321991000300,,18446606103144890368,18446606103144861696,140737305072496,0,12943360,7084,354615296,354557952,140737305072496,,,,,,,,,,,,,,,,,,,,,,,,,,,,,,,,,,,,,,,,,,,,,,,,,,,,
"2025-11-10 14:18:41.9910353Z","2025-11-10 14:18:41.9910353Z","ETW","Microsoft-Windows-Kernel-Audit-API-Calls",6,"PsOpenThread"," 6464 explorer.exe",4280,,," 6464 explorer.exe",7084,,,,,,,,,,,,,,,,,,,,,,,,,,,,1762784321991035300,,,,,,,,,,,,,,,,64,0,,,,,,,,,,,,,,,,,,,,,,,,,,,,,,,,,,,,,,,,,,,,,
"2025-11-10 14:18:41.9919015Z","2025-11-10 14:18:41.9919015Z","ETW","Microsoft-Windows-Kernel-Audit-API-Calls",5,"PsOpenProcess"," 6464 explorer.exe",11084,,," 1764 cyrprtui.exe",,,,,,,,,,,,,,,,,,,,,,,,,,,,,1762784321991901500,,,,,,,,,,,,,,,,4096,0,,,,,,,,,,,,,,,,,,,,,,,,,,,,,,,,,,,,,,,,,,,,,
"2025-11-10 14:18:41.9919827Z","2025-11-10 14:18:41.9919827Z","ETW","Microsoft-Windows-Kernel-Audit-API-Calls",6,"PsOpenThread","  828 svchost.exe",7356,,," 6464 explorer.exe",11084,,,,,,,,,,,,,,,,,,,,,,,,,,,,1762784321991982700,,,,,,,,,,,,,,,,2048,0,,,,,,,,,,,,,,,,,,,,,,,,,,,,,,,,,,,,,,,,,,,,,
"2025-11-10 14:18:41.9925190Z","2025-11-10 14:18:41.9925190Z","ETW","Microsoft-Windows-Kernel-Audit-API-Calls",6,"PsOpenThread","10364 mintty.exe",5868,,,"10364 mintty.exe",5868,,,,,,,,,,,,,,,,,,,,,,,,,,,,1762784321992519000,,,,,,,,,,,,,,,,1024,0,,,,,,,,,,,,,,,,,,,,,,,,,,,,,,,,,,,,,,,,,,,,,
"2025-11-10 14:18:41.9926626Z","2025-11-10 14:18:41.9926626Z","ETW","Microsoft-Windows-Kernel-Audit-API-Calls",5,"PsOpenProcess"," 6464 explorer.exe",11084,,," 1764 cyrprtui.exe",,,,,,,,,,,,,,,,,,,,,,,,,,,,,1762784321992662600,,,,,,,,,,,,,,,,4096,0,,,,,,,,,,,,,,,,,,,,,,,,,,,,,,,,,,,,,,,,,,,,,
"2025-11-10 14:18:41.9927640Z","2025-11-10 14:18:41.9927640Z","ETW","Microsoft-Windows-Kernel-Audit-API-Calls",6,"PsOpenThread","  828 svchost.exe",7356,,," 6464 explorer.exe",11084,,,,,,,,,,,,,,,,,,,,,,,,,,,,1762784321992764000,,,,,,,,,,,,,,,,2048,0,,,,,,,,,,,,,,,,,,,,,,,,,,,,,,,,,,,,,,,,,,,,,
"2025-11-10 14:18:41.9929531Z","2025-11-10 14:18:41.9929531Z","ETW","Microsoft-Windows-Kernel-Audit-API-Calls",5,"PsOpenProcess","  828 svchost.exe",7356,,," 1764 cyrprtui.exe",,,,,,,,,,,,,,,,,,,,,,,,,,,,,1762784321992953100,,,,,,,,,,,,,,,,4096,0,,,,,,,,,,,,,,,,,,,,,,,,,,,,,,,,,,,,,,,,,,,,,
"2025-11-10 14:18:41.9934862Z","2025-11-10 14:18:41.9934862Z","ETW","Microsoft-Windows-Kernel-Audit-API-Calls",5,"PsOpenProcess","  828 svchost.exe",7356,,," 1764 cyrprtui.exe",,,,,,,,,,,,,,,,,,,,,,,,,,,,,1762784321993486200,,,,,,,,,,,,,,,,4096,0,,,,,,,,,,,,,,,,,,,,,,,,,,,,,,,,,,,,,,,,,,,,,
"2025-11-10 14:18:41.9935655Z","2025-11-10 14:18:41.9935655Z","ETW","Microsoft-Windows-Kernel-Audit-API-Calls",5,"PsOpenProcess"," 6464 explorer.exe",11084,,," 1764 cyrprtui.exe",,,,,,,,,,,,,,,,,,,,,,,,,,,,,1762784321993565500,,,,,,,,,,,,,,,,4096,0,,,,,,,,,,,,,,,,,,,,,,,,,,,,,,,,,,,,,,,,,,,,,
"2025-11-10 14:18:41.9939446Z","2025-11-10 14:18:41.9939446Z","ETW","Microsoft-Windows-Kernel-Audit-API-Calls",6,"PsOpenThread","  940 svchost.exe",11892,,," 6464 explorer.exe",4488,,,,,,,,,,,,,,,,,,,,,,,,,,,,1762784321993944600,,,,,,,,,,,,,,,,2048,3221225506,,,,,,,,,,,,,,,,,,,,,,,,,,,,,,,,,,,,,,,,,,,,,
"2025-11-10 14:18:41.9939526Z","2025-11-10 14:18:41.9939526Z","ETW","Microsoft-Windows-Kernel-Audit-API-Calls",6,"PsOpenThread","  940 svchost.exe",11892,,," 6464 explorer.exe",4488,,,,,,,,,,,,,,,,,,,,,,,,,,,,1762784321993952600,,,,,,,,,,,,,,,,2048,0,,,,,,,,,,,,,,,,,,,,,,,,,,,,,,,,,,,,,,,,,,,,,
"2025-11-10 14:18:41.9941264Z","2025-11-10 14:18:41.9941264Z","ETW","Microsoft-Windows-Kernel-Audit-API-Calls",5,"PsOpenProcess"," 6464 explorer.exe",11084,,," 1764 cyrprtui.exe",,,,,,,,,,,,,,,,,,,,,,,,,,,,,1762784321994126400,,,,,,,,,,,,,,,,4096,0,,,,,,,,,,,,,,,,,,,,,,,,,,,,,,,,,,,,,,,,,,,,,
"2025-11-10 14:18:41.9941583Z","2025-11-10 14:18:41.9941583Z","ETW","Microsoft-Windows-Kernel-Audit-API-Calls",6,"PsOpenThread","  940 svchost.exe",11892,,," 6464 explorer.exe",7084,,,,,,,,,,,,,,,,,,,,,,,,,,,,1762784321994158300,,,,,,,,,,,,,,,,2048,3221225506,,,,,,,,,,,,,,,,,,,,,,,,,,,,,,,,,,,,,,,,,,,,,
"2025-11-10 14:18:41.9941644Z","2025-11-10 14:18:41.9941644Z","ETW","Microsoft-Windows-Kernel-Audit-API-Calls",6,"PsOpenThread","  940 svchost.exe",11892,,," 6464 explorer.exe",7084,,,,,,,,,,,,,,,,,,,,,,,,,,,,1762784321994164400,,,,,,,,,,,,,,,,2048,0,,,,,,,,,,,,,,,,,,,,,,,,,,,,,,,,,,,,,,,,,,,,,
"2025-11-10 14:18:41.9943609Z","2025-11-10 14:18:41.9943609Z","ETW","Microsoft-Windows-Kernel-Audit-API-Calls",6,"PsOpenThread"," 2420 svchost.exe",4980,,," 5948 svchost.exe",11992,,,,,,,,,,,,,,,,,,,,,,,,,,,,1762784321994360900,,,,,,,,,,,,,,,,2048,0,,,,,,,,,,,,,,,,,,,,,,,,,,,,,,,,,,,,,,,,,,,,,
"2025-11-10 14:18:41.9943935Z","2025-11-10 14:18:41.9943935Z","ETW","Microsoft-Windows-Kernel-Audit-API-Calls",6,"PsOpenThread","  940 svchost.exe",11892,,," 6464 explorer.exe",4488,,,,,,,,,,,,,,,,,,,,,,,,,,,,1762784321994393500,,,,,,,,,,,,,,,,2048,3221225506,,,,,,,,,,,,,,,,,,,,,,,,,,,,,,,,,,,,,,,,,,,,,
"2025-11-10 14:18:41.9943998Z","2025-11-10 14:18:41.9943998Z","ETW","Microsoft-Windows-Kernel-Audit-API-Calls",6,"PsOpenThread","  940 svchost.exe",11892,,," 6464 explorer.exe",4488,,,,,,,,,,,,,,,,,,,,,,,,,,,,1762784321994399800,,,,,,,,,,,,,,,,2048,0,,,,,,,,,,,,,,,,,,,,,,,,,,,,,,,,,,,,,,,,,,,,,
"2025-11-10 14:18:41.9946608Z","2025-11-10 14:18:41.9946608Z","ETW","Microsoft-Windows-Kernel-Audit-API-Calls",6,"PsOpenThread","  940 svchost.exe",11892,,," 6464 explorer.exe",7084,,,,,,,,,,,,,,,,,,,,,,,,,,,,1762784321994660800,,,,,,,,,,,,,,,,2048,3221225506,,,,,,,,,,,,,,,,,,,,,,,,,,,,,,,,,,,,,,,,,,,,,
"2025-11-10 14:18:41.9946680Z","2025-11-10 14:18:41.9946680Z","ETW","Microsoft-Windows-Kernel-Audit-API-Calls",6,"PsOpenThread","  940 svchost.exe",11892,,," 6464 explorer.exe",7084,,,,,,,,,,,,,,,,,,,,,,,,,,,,1762784321994668000,,,,,,,,,,,,,,,,2048,0,,,,,,,,,,,,,,,,,,,,,,,,,,,,,,,,,,,,,,,,,,,,,
"2025-11-10 14:18:41.9947551Z","2025-11-10 14:18:41.9947551Z","ETW","Microsoft-Windows-Kernel-Audit-API-Calls",6,"PsOpenThread","  940 svchost.exe",11892,,," 6464 explorer.exe",7084,,,,,,,,,,,,,,,,,,,,,,,,,,,,1762784321994755100,,,,,,,,,,,,,,,,2048,3221225506,,,,,,,,,,,,,,,,,,,,,,,,,,,,,,,,,,,,,,,,,,,,,
"2025-11-10 14:18:41.9947609Z","2025-11-10 14:18:41.9947609Z","ETW","Microsoft-Windows-Kernel-Audit-API-Calls",6,"PsOpenThread","  940 svchost.exe",11892,,," 6464 explorer.exe",7084,,,,,,,,,,,,,,,,,,,,,,,,,,,,1762784321994760900,,,,,,,,,,,,,,,,2048,0,,,,,,,,,,,,,,,,,,,,,,,,,,,,,,,,,,,,,,,,,,,,,
"2025-11-10 14:18:41.9950822Z","2025-11-10 14:18:41.9950822Z","ETW","Microsoft-Windows-Kernel-Audit-API-Calls",6,"PsOpenThread","  940 svchost.exe",11892,,," 6464 explorer.exe",7084,,,,,,,,,,,,,,,,,,,,,,,,,,,,1762784321995082200,,,,,,,,,,,,,,,,2048,3221225506,,,,,,,,,,,,,,,,,,,,,,,,,,,,,,,,,,,,,,,,,,,,,
"2025-11-10 14:18:41.9950902Z","2025-11-10 14:18:41.9950902Z","ETW","Microsoft-Windows-Kernel-Audit-API-Calls",6,"PsOpenThread","  940 svchost.exe",11892,,," 6464 explorer.exe",7084,,,,,,,,,,,,,,,,,,,,,,,,,,,,1762784321995090200,,,,,,,,,,,,,,,,2048,0,,,,,,,,,,,,,,,,,,,,,,,,,,,,,,,,,,,,,,,,,,,,,
"2025-11-10 14:18:41.9955353Z","2025-11-10 14:18:41.9955353Z","ETW","Microsoft-Windows-Kernel-Audit-API-Calls",6,"PsOpenThread"," 2420 svchost.exe",4980,,," 5948 svchost.exe",11992,,,,,,,,,,,,,,,,,,,,,,,,,,,,1762784321995535300,,,,,,,,,,,,,,,,2048,0,,,,,,,,,,,,,,,,,,,,,,,,,,,,,,,,,,,,,,,,,,,,,
"2025-11-10 14:18:41.9957609Z","2025-11-10 14:18:41.9957609Z","ETW","Microsoft-Windows-Kernel-Audit-API-Calls",6,"PsOpenThread"," 2420 svchost.exe",4980,,," 5948 svchost.exe",11992,,,,,,,,,,,,,,,,,,,,,,,,,,,,1762784321995760900,,,,,,,,,,,,,,,,2048,0,,,,,,,,,,,,,,,,,,,,,,,,,,,,,,,,,,,,,,,,,,,,,
"2025-11-10 14:18:41.9973029Z","2025-11-10 14:18:41.9973029Z","ETW","Microsoft-Windows-Kernel-Audit-API-Calls",5,"PsOpenProcess"," 6464 explorer.exe",11052,,," 1764 cyrprtui.exe",,,,,,,,,,,,,,,,,,,,,,,,,,,,,1762784321997302900,,,,,,,,,,,,,,,,4096,0,,,,,,,,,,,,,,,,,,,,,,,,,,,,,,,,,,,,,,,,,,,,,
"2025-11-10 14:18:41.9976444Z","2025-11-10 14:18:41.9976444Z","ETW","Microsoft-Windows-Kernel-Audit-API-Calls",6,"PsOpenThread"," 2420 svchost.exe",4980,,," 6464 explorer.exe",4488,,,,,,,,,,,,,,,,,,,,,,,,,,,,1762784321997644400,,,,,,,,,,,,,,,,2048,0,,,,,,,,,,,,,,,,,,,,,,,,,,,,,,,,,,,,,,,,,,,,,
"2025-11-10 14:18:41.9978007Z","2025-11-10 14:18:41.9978007Z","ETW","Microsoft-Windows-Kernel-Audit-API-Calls",6,"PsOpenThread","  940 svchost.exe",11892,,," 6464 explorer.exe",11052,,,,,,,,,,,,,,,,,,,,,,,,,,,,1762784321997800700,,,,,,,,,,,,,,,,2048,3221225506,,,,,,,,,,,,,,,,,,,,,,,,,,,,,,,,,,,,,,,,,,,,,
"2025-11-10 14:18:41.9978098Z","2025-11-10 14:18:41.9978098Z","ETW","Microsoft-Windows-Kernel-Audit-API-Calls",6,"PsOpenThread","  940 svchost.exe",11892,,," 6464 explorer.exe",11052,,,,,,,,,,,,,,,,,,,,,,,,,,,,1762784321997809800,,,,,,,,,,,,,,,,2048,0,,,,,,,,,,,,,,,,,,,,,,,,,,,,,,,,,,,,,,,,,,,,,
"2025-11-10 14:18:41.9979298Z","2025-11-10 14:18:41.9979298Z","ETW","Microsoft-Windows-Kernel-Audit-API-Calls",6,"PsOpenThread","  940 svchost.exe",12140,,," 6464 explorer.exe",4488,,,,,,,,,,,,,,,,,,,,,,,,,,,,1762784321997929800,,,,,,,,,,,,,,,,2048,3221225506,,,,,,,,,,,,,,,,,,,,,,,,,,,,,,,,,,,,,,,,,,,,,
"2025-11-10 14:18:41.9979371Z","2025-11-10 14:18:41.9979371Z","ETW","Microsoft-Windows-Kernel-Audit-API-Calls",6,"PsOpenThread","  940 svchost.exe",12140,,," 6464 explorer.exe",4488,,,,,,,,,,,,,,,,,,,,,,,,,,,,1762784321997937100,,,,,,,,,,,,,,,,2048,0,,,,,,,,,,,,,,,,,,,,,,,,,,,,,,,,,,,,,,,,,,,,,
"2025-11-10 14:18:41.9981397Z","2025-11-10 14:18:41.9981397Z","ETW","Microsoft-Windows-Kernel-Audit-API-Calls",6,"PsOpenThread"," 2420 svchost.exe",4980,,,"  940 svchost.exe",12140,,,,,,,,,,,,,,,,,,,,,,,,,,,,1762784321998139700,,,,,,,,,,,,,,,,2048,0,,,,,,,,,,,,,,,,,,,,,,,,,,,,,,,,,,,,,,,,,,,,,
"2025-11-10 14:18:41.9982470Z","2025-11-10 14:18:41.9982470Z","ETW","Microsoft-Windows-Kernel-Audit-API-Calls",6,"PsOpenThread"," 2420 svchost.exe",4980,,,"  940 svchost.exe",12140,,,,,,,,,,,,,,,,,,,,,,,,,,,,1762784321998247000,,,,,,,,,,,,,,,,2048,0,,,,,,,,,,,,,,,,,,,,,,,,,,,,,,,,,,,,,,,,,,,,,
"2025-11-10 14:18:41.9983358Z","2025-11-10 14:18:41.9983358Z","ETW","Microsoft-Windows-Kernel-Audit-API-Calls",6,"PsOpenThread","  940 svchost.exe",11892,,," 6464 explorer.exe",11052,,,,,,,,,,,,,,,,,,,,,,,,,,,,1762784321998335800,,,,,,,,,,,,,,,,2048,3221225506,,,,,,,,,,,,,,,,,,,,,,,,,,,,,,,,,,,,,,,,,,,,,
"2025-11-10 14:18:41.9983436Z","2025-11-10 14:18:41.9983436Z","ETW","Microsoft-Windows-Kernel-Audit-API-Calls",6,"PsOpenThread","  940 svchost.exe",11892,,," 6464 explorer.exe",11052,,,,,,,,,,,,,,,,,,,,,,,,,,,,1762784321998343600,,,,,,,,,,,,,,,,2048,0,,,,,,,,,,,,,,,,,,,,,,,,,,,,,,,,,,,,,,,,,,,,,
"2025-11-10 14:18:41.9985642Z","2025-11-10 14:18:41.9985642Z","ETW","Microsoft-Windows-Kernel-Audit-API-Calls",6,"PsOpenThread","  940 svchost.exe",11892,,," 6464 explorer.exe",11052,,,,,,,,,,,,,,,,,,,,,,,,,,,,1762784321998564200,,,,,,,,,,,,,,,,2048,3221225506,,,,,,,,,,,,,,,,,,,,,,,,,,,,,,,,,,,,,,,,,,,,,
"2025-11-10 14:18:41.9985713Z","2025-11-10 14:18:41.9985713Z","ETW","Microsoft-Windows-Kernel-Audit-API-Calls",6,"PsOpenThread","  940 svchost.exe",11892,,," 6464 explorer.exe",11052,,,,,,,,,,,,,,,,,,,,,,,,,,,,1762784321998571300,,,,,,,,,,,,,,,,2048,0,,,,,,,,,,,,,,,,,,,,,,,,,,,,,,,,,,,,,,,,,,,,,
"2025-11-10 14:18:41.9987171Z","2025-11-10 14:18:41.9987171Z","ETW","Microsoft-Windows-Kernel-Audit-API-Calls",6,"PsOpenThread","  940 svchost.exe",11892,,," 6464 explorer.exe",11052,,,,,,,,,,,,,,,,,,,,,,,,,,,,1762784321998717100,,,,,,,,,,,,,,,,2048,3221225506,,,,,,,,,,,,,,,,,,,,,,,,,,,,,,,,,,,,,,,,,,,,,
"2025-11-10 14:18:41.9987247Z","2025-11-10 14:18:41.9987247Z","ETW","Microsoft-Windows-Kernel-Audit-API-Calls",6,"PsOpenThread","  940 svchost.exe",11892,,," 6464 explorer.exe",11052,,,,,,,,,,,,,,,,,,,,,,,,,,,,1762784321998724700,,,,,,,,,,,,,,,,2048,0,,,,,,,,,,,,,,,,,,,,,,,,,,,,,,,,,,,,,,,,,,,,,
"2025-11-10 14:18:41.9991227Z","2025-11-10 14:18:41.9991227Z","ETW","Microsoft-Windows-Kernel-Audit-API-Calls",6,"PsOpenThread"," 2420 svchost.exe",4980,,," 5948 svchost.exe",11992,,,,,,,,,,,,,,,,,,,,,,,,,,,,1762784321999122700,,,,,,,,,,,,,,,,2048,0,,,,,,,,,,,,,,,,,,,,,,,,,,,,,,,,,,,,,,,,,,,,,
"2025-11-10 14:18:41.9991964Z","2025-11-10 14:18:41.9991964Z","ETW","Microsoft-Windows-Kernel-Audit-API-Calls",6,"PsOpenThread"," 2420 svchost.exe",9712,,," 5948 svchost.exe",7068,,,,,,,,,,,,,,,,,,,,,,,,,,,,1762784321999196400,,,,,,,,,,,,,,,,2048,0,,,,,,,,,,,,,,,,,,,,,,,,,,,,,,,,,,,,,,,,,,,,,
"2025-11-10 14:18:41.9999790Z","2025-11-10 14:18:41.9999790Z","ETW","Microsoft-Windows-Kernel-Audit-API-Calls",6,"PsOpenThread"," 2420 svchost.exe",9712,,," 5948 svchost.exe",11992,,,,,,,,,,,,,,,,,,,,,,,,,,,,1762784321999979000,,,,,,,,,,,,,,,,2048,0,,,,,,,,,,,,,,,,,,,,,,,,,,,,,,,,,,,,,,,,,,,,,
"2025-11-10 14:18:42.0001261Z","2025-11-10 14:18:42.0001261Z","ETW","Microsoft-Windows-Kernel-Audit-API-Calls",6,"PsOpenThread"," 4656 SearchIndexer.exe",1612,,," 6464 explorer.exe",4488,,,,,,,,,,,,,,,,,,,,,,,,,,,,1762784322000126100,,,,,,,,,,,,,,,,2048,0,,,,,,,,,,,,,,,,,,,,,,,,,,,,,,,,,,,,,,,,,,,,,
"2025-11-10 14:18:42.0005850Z","2025-11-10 14:18:42.0005850Z","ETW","Microsoft-Windows-Kernel-Audit-API-Calls",6,"PsOpenThread"," 2420 svchost.exe",9712,,," 6464 explorer.exe",4488,,,,,,,,,,,,,,,,,,,,,,,,,,,,1762784322000585000,,,,,,,,,,,,,,,,2048,0,,,,,,,,,,,,,,,,,,,,,,,,,,,,,,,,,,,,,,,,,,,,,
"2025-11-10 14:18:42.0008238Z","2025-11-10 14:18:42.0008238Z","ETW","Microsoft-Windows-Kernel-Audit-API-Calls",6,"PsOpenThread","  940 svchost.exe",12140,,," 6464 explorer.exe",4488,,,,,,,,,,,,,,,,,,,,,,,,,,,,1762784322000823800,,,,,,,,,,,,,,,,2048,3221225506,,,,,,,,,,,,,,,,,,,,,,,,,,,,,,,,,,,,,,,,,,,,,
"2025-11-10 14:18:42.0008329Z","2025-11-10 14:18:42.0008329Z","ETW","Microsoft-Windows-Kernel-Audit-API-Calls",6,"PsOpenThread","  940 svchost.exe",12140,,," 6464 explorer.exe",4488,,,,,,,,,,,,,,,,,,,,,,,,,,,,1762784322000832900,,,,,,,,,,,,,,,,2048,0,,,,,,,,,,,,,,,,,,,,,,,,,,,,,,,,,,,,,,,,,,,,,
"2025-11-10 14:18:42.0009762Z","2025-11-10 14:18:42.0009762Z","ETW","Microsoft-Windows-Kernel-Audit-API-Calls",6,"PsOpenThread"," 2420 svchost.exe",9712,,,"  940 svchost.exe",12140,,,,,,,,,,,,,,,,,,,,,,,,,,,,1762784322000976200,,,,,,,,,,,,,,,,2048,0,,,,,,,,,,,,,,,,,,,,,,,,,,,,,,,,,,,,,,,,,,,,,
"2025-11-10 14:18:42.0010983Z","2025-11-10 14:18:42.0010983Z","ETW","Microsoft-Windows-Kernel-Audit-API-Calls",6,"PsOpenThread"," 2420 svchost.exe",9712,,,"  940 svchost.exe",12140,,,,,,,,,,,,,,,,,,,,,,,,,,,,1762784322001098300,,,,,,,,,,,,,,,,2048,0,,,,,,,,,,,,,,,,,,,,,,,,,,,,,,,,,,,,,,,,,,,,,
"2025-11-10 14:18:42.0019107Z","2025-11-10 14:18:42.0019107Z","ETW","Microsoft-Windows-Kernel-Audit-API-Calls",6,"PsOpenThread"," 2420 svchost.exe",9712,,," 5948 svchost.exe",11992,,,,,,,,,,,,,,,,,,,,,,,,,,,,1762784322001910700,,,,,,,,,,,,,,,,2048,0,,,,,,,,,,,,,,,,,,,,,,,,,,,,,,,,,,,,,,,,,,,,,
"2025-11-10 14:18:42.0023650Z","2025-11-10 14:18:42.0023650Z","ETW","Microsoft-Windows-Kernel-Audit-API-Calls",6,"PsOpenThread"," 4656 SearchIndexer.exe",1612,,," 6464 explorer.exe",4488,,,,,,,,,,,,,,,,,,,,,,,,,,,,1762784322002365000,,,,,,,,,,,,,,,,2048,0,,,,,,,,,,,,,,,,,,,,,,,,,,,,,,,,,,,,,,,,,,,,,
"2025-11-10 14:18:42.0026498Z","2025-11-10 14:18:42.0026498Z","ETW","Microsoft-Windows-Kernel-Audit-API-Calls",6,"PsOpenThread","  940 svchost.exe",12140,,," 5948 svchost.exe",11992,,,,,,,,,,,,,,,,,,,,,,,,,,,,1762784322002649800,,,,,,,,,,,,,,,,2048,3221225506,,,,,,,,,,,,,,,,,,,,,,,,,,,,,,,,,,,,,,,,,,,,,
"2025-11-10 14:18:42.0026573Z","2025-11-10 14:18:42.0026573Z","ETW","Microsoft-Windows-Kernel-Audit-API-Calls",6,"PsOpenThread","  940 svchost.exe",12140,,," 5948 svchost.exe",11992,,,,,,,,,,,,,,,,,,,,,,,,,,,,1762784322002657300,,,,,,,,,,,,,,,,2048,0,,,,,,,,,,,,,,,,,,,,,,,,,,,,,,,,,,,,,,,,,,,,,
"2025-11-10 14:18:42.0028501Z","2025-11-10 14:18:42.0028501Z","ETW","Microsoft-Windows-Kernel-Audit-API-Calls",6,"PsOpenThread"," 2420 svchost.exe",9712,,," 6464 explorer.exe",4488,,,,,,,,,,,,,,,,,,,,,,,,,,,,1762784322002850100,,,,,,,,,,,,,,,,2048,0,,,,,,,,,,,,,,,,,,,,,,,,,,,,,,,,,,,,,,,,,,,,,
"2025-11-10 14:18:42.0030622Z","2025-11-10 14:18:42.0030622Z","ETW","Microsoft-Windows-Kernel-Audit-API-Calls",6,"PsOpenThread","  940 svchost.exe",12140,,," 6464 explorer.exe",4488,,,,,,,,,,,,,,,,,,,,,,,,,,,,1762784322003062200,,,,,,,,,,,,,,,,2048,3221225506,,,,,,,,,,,,,,,,,,,,,,,,,,,,,,,,,,,,,,,,,,,,,
"2025-11-10 14:18:42.0030715Z","2025-11-10 14:18:42.0030715Z","ETW","Microsoft-Windows-Kernel-Audit-API-Calls",6,"PsOpenThread","  940 svchost.exe",12140,,," 6464 explorer.exe",4488,,,,,,,,,,,,,,,,,,,,,,,,,,,,1762784322003071500,,,,,,,,,,,,,,,,2048,0,,,,,,,,,,,,,,,,,,,,,,,,,,,,,,,,,,,,,,,,,,,,,
"2025-11-10 14:18:42.0032031Z","2025-11-10 14:18:42.0032031Z","ETW","Microsoft-Windows-Kernel-Audit-API-Calls",6,"PsOpenThread"," 2420 svchost.exe",9712,,,"  940 svchost.exe",12140,,,,,,,,,,,,,,,,,,,,,,,,,,,,1762784322003203100,,,,,,,,,,,,,,,,2048,0,,,,,,,,,,,,,,,,,,,,,,,,,,,,,,,,,,,,,,,,,,,,,
"2025-11-10 14:18:42.0032978Z","2025-11-10 14:18:42.0032978Z","ETW","Microsoft-Windows-Kernel-Audit-API-Calls",6,"PsOpenThread"," 2420 svchost.exe",9712,,,"  940 svchost.exe",12140,,,,,,,,,,,,,,,,,,,,,,,,,,,,1762784322003297800,,,,,,,,,,,,,,,,2048,0,,,,,,,,,,,,,,,,,,,,,,,,,,,,,,,,,,,,,,,,,,,,,
"2025-11-10 14:18:42.0040393Z","2025-11-10 14:18:42.0040393Z","ETW","Microsoft-Windows-Kernel-Audit-API-Calls",6,"PsOpenThread"," 2420 svchost.exe",9712,,," 5948 svchost.exe",11992,,,,,,,,,,,,,,,,,,,,,,,,,,,,1762784322004039300,,,,,,,,,,,,,,,,2048,0,,,,,,,,,,,,,,,,,,,,,,,,,,,,,,,,,,,,,,,,,,,,,
"2025-11-10 14:18:42.0054072Z","2025-11-10 14:18:42.0054072Z","ETW","Microsoft-Windows-Kernel-Audit-API-Calls",6,"PsOpenThread","10364 mintty.exe",5868,,,"10364 mintty.exe",5868,,,,,,,,,,,,,,,,,,,,,,,,,,,,1762784322005407200,,,,,,,,,,,,,,,,1024,0,,,,,,,,,,,,,,,,,,,,,,,,,,,,,,,,,,,,,,,,,,,,,
"2025-11-10 14:18:42.0682482Z","2025-11-10 14:18:42.0682482Z","ETW-TI","Microsoft-Windows-Threat-Intelligence",7,"KERNEL_THREATINT_TASK_PROTECTVM "," 1764 cyrprtui.exe",4876,,," 1764 cyrprtui.exe",,,,,,,,,,,,,,140737324961792,134072578990425870,1764,0,0,0,5066549580817725,134072578990425912,4876,"RWX",134072578990425870,0,0,0,5066549580817725,1762784322068248200,,,,,,,,,,,,,,,,,,,,,,,,,,,,,,,,,,,,,"R-X",134072578990425870,1764,0,0,0,5066549580817725,8,,,,,,,,,,,,,,,,,,
"2025-11-10 14:18:42.0682601Z","2025-11-10 14:18:42.0682601Z","ETW-TI","Microsoft-Windows-Threat-Intelligence",7,"KERNEL_THREATINT_TASK_PROTECTVM "," 1764 cyrprtui.exe",4876,,," 1764 cyrprtui.exe",,,,,,,,,,,,,,140737324961792,134072578990425870,1764,0,0,0,5066549580817725,134072578990425912,4876,"R-X",134072578990425870,0,0,0,5066549580817725,1762784322068260100,,,,,,,,,,,,,,,,,,,,,,,,,,,,,,,,,,,,,"RWX",134072578990425870,1764,0,0,0,5066549580817725,4096,,,,,,,,,,,,,,,,,,
"2025-11-10 14:18:42.0682690Z","2025-11-10 14:18:42.0682690Z","ETW-TI","Microsoft-Windows-Threat-Intelligence",7,"KERNEL_THREATINT_TASK_PROTECTVM "," 1764 cyrprtui.exe",4876,,," 1764 cyrprtui.exe",,,,,,,,,,,,,,140737326419968,134072578990425870,1764,0,0,0,5066549580817725,134072578990425912,4876,"RWX",134072578990425870,0,0,0,5066549580817725,1762784322068269000,,,,,,,,,,,,,,,,,,,,,,,,,,,,,,,,,,,,,"R-X",134072578990425870,1764,0,0,0,5066549580817725,296,,,,,,,,,,,,,,,,,,
"2025-11-10 14:18:42.0682743Z","2025-11-10 14:18:42.0682743Z","ETW-TI","Microsoft-Windows-Threat-Intelligence",7,"KERNEL_THREATINT_TASK_PROTECTVM "," 1764 cyrprtui.exe",4876,,," 1764 cyrprtui.exe",,,,,,,,,,,,,,140737326419968,134072578990425870,1764,0,0,0,5066549580817725,134072578990425912,4876,"R-X",134072578990425870,0,0,0,5066549580817725,1762784322068274300,,,,,,,,,,,,,,,,,,,,,,,,,,,,,,,,,,,,,"RWX",134072578990425870,1764,0,0,0,5066549580817725,4096,,,,,,,,,,,,,,,,,,
"2025-11-10 14:18:42.0682795Z","2025-11-10 14:18:42.0682795Z","ETW-TI","Microsoft-Windows-Threat-Intelligence",7,"KERNEL_THREATINT_TASK_PROTECTVM "," 1764 cyrprtui.exe",4876,,," 1764 cyrprtui.exe",,,,,,,,,,,,,,140737324965888,134072578990425870,1764,0,0,0,5066549580817725,134072578990425912,4876,"RWX",134072578990425870,0,0,0,5066549580817725,1762784322068279500,,,,,,,,,,,,,,,,,,,,,,,,,,,,,,,,,,,,,"R-X",134072578990425870,1764,0,0,0,5066549580817725,8,,,,,,,,,,,,,,,,,,
"2025-11-10 14:18:42.0682843Z","2025-11-10 14:18:42.0682843Z","ETW-TI","Microsoft-Windows-Threat-Intelligence",7,"KERNEL_THREATINT_TASK_PROTECTVM "," 1764 cyrprtui.exe",4876,,," 1764 cyrprtui.exe",,,,,,,,,,,,,,140737324965888,134072578990425870,1764,0,0,0,5066549580817725,134072578990425912,4876,"R-X",134072578990425870,0,0,0,5066549580817725,1762784322068284300,,,,,,,,,,,,,,,,,,,,,,,,,,,,,,,,,,,,,"RWX",134072578990425870,1764,0,0,0,5066549580817725,4096,,,,,,,,,,,,,,,,,,
"2025-11-10 14:18:42.0682881Z","2025-11-10 14:18:42.0682881Z","ETW-TI","Microsoft-Windows-Threat-Intelligence",7,"KERNEL_THREATINT_TASK_PROTECTVM "," 1764 cyrprtui.exe",4876,,," 1764 cyrprtui.exe",,,,,,,,,,,,,,140737326419968,134072578990425870,1764,0,0,0,5066549580817725,134072578990425912,4876,"RWX",134072578990425870,0,0,0,5066549580817725,1762784322068288200,,,,,,,,,,,,,,,,,,,,,,,,,,,,,,,,,,,,,"R-X",134072578990425870,1764,0,0,0,5066549580817725,296,,,,,,,,,,,,,,,,,,
"2025-11-10 14:18:42.0682929Z","2025-11-10 14:18:42.0682929Z","ETW-TI","Microsoft-Windows-Threat-Intelligence",7,"KERNEL_THREATINT_TASK_PROTECTVM "," 1764 cyrprtui.exe",4876,,," 1764 cyrprtui.exe",,,,,,,,,,,,,,140737326419968,134072578990425870,1764,0,0,0,5066549580817725,134072578990425912,4876,"R-X",134072578990425870,0,0,0,5066549580817725,1762784322068292900,,,,,,,,,,,,,,,,,,,,,,,,,,,,,,,,,,,,,"RWX",134072578990425870,1764,0,0,0,5066549580817725,4096,,,,,,,,,,,,,,,,,,
"2025-11-10 14:18:42.0683221Z","2025-11-10 14:18:42.0683221Z","ETW","Microsoft-Windows-Kernel-Audit-API-Calls",5,"PsOpenProcess"," 6464 explorer.exe",6100,,,"10364 mintty.exe",,,,,,,,,,,,,,,,,,,,,,,,,,,,,1762784322068322100,,,,,,,,,,,,,,,,1040,0,,,,,,,,,,,,,,,,,,,,,,,,,,,,,,,,,,,,,,,,,,,,,
"2025-11-10 14:18:42.0683677Z","2025-11-10 14:18:42.0683677Z","ETW","Microsoft-Windows-Kernel-Audit-API-Calls",5,"PsOpenProcess"," 6464 explorer.exe",6100,,,"10364 mintty.exe",,,,,,,,,,,,,,,,,,,,,,,,,,,,,1762784322068367700,,,,,,,,,,,,,,,,4096,0,,,,,,,,,,,,,,,,,,,,,,,,,,,,,,,,,,,,,,,,,,,,,
"2025-11-10 14:18:42.0707139Z","2025-11-10 14:18:42.0707139Z","ETW","Microsoft-Windows-Kernel-Process",4,"ThreadStop Stop "," 1764 cyrprtui.exe",4876,,," 1764 cyrprtui.exe",,,,,,,,,,,,,,,,,,,,,,,,,,,,,1762784322070713900,,18446606103143579648,18446606103143550976,140695028512256,0,1002825129984,4876,1002827677696,1002827636736,140695028512256,,,,,,,,,,,278561552,,,,,,,,,,,,,,,,,,,,,,,,,,,,,,,,,,,,,,,,,
"2025-11-10 14:18:42.0709791Z","2025-11-10 14:18:42.0709791Z","ETW","Microsoft-Windows-Kernel-Process",4,"ThreadStop Stop "," 1764 cyrprtui.exe",11384,,," 1764 cyrprtui.exe",,,,,,,,,,,,,,,,,,,,,,,,,,,,,1762784322070979100,,18446606103143645184,18446606103143616512,140737324634384,0,1002825146368,11384,1002829774848,1002829770752,140737324634384,,,,,,,,,,,48030,,,,,,,,,,,,,,,,,,,,,,,,,,,,,,,,,,,,,,,,,
"2025-11-10 14:18:42.0716752Z","2025-11-10 14:18:42.0716752Z","ETW","Microsoft-Windows-Kernel-Audit-API-Calls",6,"PsOpenThread","10364 mintty.exe",5868,,,"10364 mintty.exe",5868,,,,,,,,,,,,,,,,,,,,,,,,,,,,1762784322071675200,,,,,,,,,,,,,,,,1024,0,,,,,,,,,,,,,,,,,,,,,,,,,,,,,,,,,,,,,,,,,,,,,
"2025-11-10 14:18:42.0720211Z","2025-11-10 14:18:42.0720211Z","ETW","Microsoft-Windows-Kernel-Audit-API-Calls",5,"PsOpenProcess"," 5824 ctfmon.exe",9904,,,"10364 mintty.exe",,,,,,,,,,,,,,,,,,,,,,,,,,,,,1762784322072021200,,,,,,,,,,,,,,,,4096,0,,,,,,,,,,,,,,,,,,,,,,,,,,,,,,,,,,,,,,,,,,,,,
"2025-11-10 14:18:42.0723315Z","2025-11-10 14:18:42.0723315Z","ETW","Microsoft-Windows-Kernel-Audit-API-Calls",6,"PsOpenThread"," 5824 ctfmon.exe",9904,,,"10364 mintty.exe",3580,,,,,,,,,,,,,,,,,,,,,,,,,,,,1762784322072331500,,,,,,,,,,,,,,,,2048,0,,,,,,,,,,,,,,,,,,,,,,,,,,,,,,,,,,,,,,,,,,,,,
"2025-11-10 14:18:42.0727758Z","2025-11-10 14:18:42.0727758Z","ETW","Microsoft-Windows-Kernel-Audit-API-Calls",6,"PsOpenThread"," 5824 ctfmon.exe",9904,,,"10364 mintty.exe",3580,,,,,,,,,,,,,,,,,,,,,,,,,,,,1762784322072775800,,,,,,,,,,,,,,,,2048,0,,,,,,,,,,,,,,,,,,,,,,,,,,,,,,,,,,,,,,,,,,,,,
"2025-11-10 14:18:42.0731591Z","2025-11-10 14:18:42.0731591Z","ETW","Microsoft-Windows-Kernel-Audit-API-Calls",5,"PsOpenProcess","  828 svchost.exe",12124,,,"10364 mintty.exe",,,,,,,,,,,,,,,,,,,,,,,,,,,,,1762784322073159200,,,,,,,,,,,,,,,,8192,0,,,,,,,,,,,,,,,,,,,,,,,,,,,,,,,,,,,,,,,,,,,,,
"2025-11-10 14:18:42.0769551Z","2025-11-10 14:18:42.0769551Z","ETW","Microsoft-Windows-Kernel-Audit-API-Calls",6,"PsOpenThread","10364 mintty.exe",5868,,,"10364 mintty.exe",5868,,,,,,,,,,,,,,,,,,,,,,,,,,,,1762784322076955100,,,,,,,,,,,,,,,,1024,0,,,,,,,,,,,,,,,,,,,,,,,,,,,,,,,,,,,,,,,,,,,,,
"2025-11-10 14:18:42.0778092Z","2025-11-10 14:18:42.0778092Z","ETW","Microsoft-Windows-Kernel-Audit-API-Calls",5,"PsOpenProcess"," 6464 explorer.exe",4280,,,"10364 mintty.exe",,,,,,,,,,,,,,,,,,,,,,,,,,,,,1762784322077809200,,,,,,,,,,,,,,,,4096,0,,,,,,,,,,,,,,,,,,,,,,,,,,,,,,,,,,,,,,,,,,,,,
"2025-11-10 14:18:42.0778984Z","2025-11-10 14:18:42.0778984Z","ETW","Microsoft-Windows-Kernel-Audit-API-Calls",5,"PsOpenProcess"," 6464 explorer.exe",4280,,,"10364 mintty.exe",,,,,,,,,,,,,,,,,,,,,,,,,,,,,1762784322077898400,,,,,,,,,,,,,,,,8192,0,,,,,,,,,,,,,,,,,,,,,,,,,,,,,,,,,,,,,,,,,,,,,
"2025-11-10 14:18:42.0787838Z","2025-11-10 14:18:42.0787838Z","ETW","Microsoft-Windows-Kernel-Audit-API-Calls",5,"PsOpenProcess"," 6464 explorer.exe",4280,,," 6860 TextInputHost.exe",,,,,,,,,,,,,,,,,,,,,,,,,,,,,1762784322078783800,,,,,,,,,,,,,,,,8192,0,,,,,,,,,,,,,,,,,,,,,,,,,,,,,,,,,,,,,,,,,,,,,
"2025-11-10 14:18:42.0787973Z","2025-11-10 14:18:42.0787973Z","ETW","Microsoft-Windows-Kernel-Audit-API-Calls",5,"PsOpenProcess"," 6464 explorer.exe",4280,,," 6464 explorer.exe",,,,,,,,,,,,,,,,,,,,,,,,,,,,,1762784322078797300,,,,,,,,,,,,,,,,8192,0,,,,,,,,,,,,,,,,,,,,,,,,,,,,,,,,,,,,,,,,,,,,,
"2025-11-10 14:18:42.0788107Z","2025-11-10 14:18:42.0788107Z","ETW","Microsoft-Windows-Kernel-Audit-API-Calls",5,"PsOpenProcess"," 6464 explorer.exe",4280,,," 8724 LockApp.exe",,,,,,,,,,,,,,,,,,,,,,,,,,,,,1762784322078810700,,,,,,,,,,,,,,,,8192,0,,,,,,,,,,,,,,,,,,,,,,,,,,,,,,,,,,,,,,,,,,,,,
"2025-11-10 14:18:42.0788261Z","2025-11-10 14:18:42.0788261Z","ETW","Microsoft-Windows-Kernel-Audit-API-Calls",5,"PsOpenProcess"," 6464 explorer.exe",4280,,," 3460 cyrprtui.exe",,,,,,,,,,,,,,,,,,,,,,,,,,,,,1762784322078826100,,,,,,,,,,,,,,,,8192,0,,,,,,,,,,,,,,,,,,,,,,,,,,,,,,,,,,,,,,,,,,,,,
"2025-11-10 14:18:42.0788392Z","2025-11-10 14:18:42.0788392Z","ETW","Microsoft-Windows-Kernel-Audit-API-Calls",5,"PsOpenProcess"," 6464 explorer.exe",4280,,," 6820 ShellExperienceHost.exe",,,,,,,,,,,,,,,,,,,,,,,,,,,,,1762784322078839200,,,,,,,,,,,,,,,,8192,0,,,,,,,,,,,,,,,,,,,,,,,,,,,,,,,,,,,,,,,,,,,,,
"2025-11-10 14:18:42.0788531Z","2025-11-10 14:18:42.0788531Z","ETW","Microsoft-Windows-Kernel-Audit-API-Calls",5,"PsOpenProcess"," 6464 explorer.exe",4280,,," 1556 SearchApp.exe",,,,,,,,,,,,,,,,,,,,,,,,,,,,,1762784322078853100,,,,,,,,,,,,,,,,8192,0,,,,,,,,,,,,,,,,,,,,,,,,,,,,,,,,,,,,,,,,,,,,,
"2025-11-10 14:18:42.0788671Z","2025-11-10 14:18:42.0788671Z","ETW","Microsoft-Windows-Kernel-Audit-API-Calls",5,"PsOpenProcess"," 6464 explorer.exe",4280,,," 8112 SearchApp.exe",,,,,,,,,,,,,,,,,,,,,,,,,,,,,1762784322078867100,,,,,,,,,,,,,,,,8192,0,,,,,,,,,,,,,,,,,,,,,,,,,,,,,,,,,,,,,,,,,,,,,
"2025-11-10 14:18:42.0788811Z","2025-11-10 14:18:42.0788811Z","ETW","Microsoft-Windows-Kernel-Audit-API-Calls",5,"PsOpenProcess"," 6464 explorer.exe",4280,,," 5564 StartMenuExperienceHost.exe",,,,,,,,,,,,,,,,,,,,,,,,,,,,,1762784322078881100,,,,,,,,,,,,,,,,8192,0,,,,,,,,,,,,,,,,,,,,,,,,,,,,,,,,,,,,,,,,,,,,,
"2025-11-10 14:18:42.0788954Z","2025-11-10 14:18:42.0788954Z","ETW","Microsoft-Windows-Kernel-Audit-API-Calls",5,"PsOpenProcess"," 6464 explorer.exe",4280,,," 1396 cyrprtui.exe",,,,,,,,,,,,,,,,,,,,,,,,,,,,,1762784322078895500,,,,,,,,,,,,,,,,8192,0,,,,,,,,,,,,,,,,,,,,,,,,,,,,,,,,,,,,,,,,,,,,,
"2025-11-10 14:18:42.0789074Z","2025-11-10 14:18:42.0789074Z","ETW","Microsoft-Windows-Kernel-Audit-API-Calls",5,"PsOpenProcess"," 6464 explorer.exe",4280,,,"10364 mintty.exe",,,,,,,,,,,,,,,,,,,,,,,,,,,,,1762784322078907400,,,,,,,,,,,,,,,,8192,0,,,,,,,,,,,,,,,,,,,,,,,,,,,,,,,,,,,,,,,,,,,,,
"2025-11-10 14:18:42.0789125Z","2025-11-10 14:18:42.0789125Z","ETW","Microsoft-Windows-Kernel-Audit-API-Calls",5,"PsOpenProcess"," 6464 explorer.exe",4280,,," 5452 powershell.exe",,,,,,,,,,,,,,,,,,,,,,,,,,,,,1762784322078912500,,,,,,,,,,,,,,,,8192,3221225506,,,,,,,,,,,,,,,,,,,,,,,,,,,,,,,,,,,,,,,,,,,,,
"2025-11-10 14:18:42.0789262Z","2025-11-10 14:18:42.0789262Z","ETW","Microsoft-Windows-Kernel-Audit-API-Calls",5,"PsOpenProcess"," 6464 explorer.exe",4280,,,"  476 firefox.exe",,,,,,,,,,,,,,,,,,,,,,,,,,,,,1762784322078926200,,,,,,,,,,,,,,,,8192,0,,,,,,,,,,,,,,,,,,,,,,,,,,,,,,,,,,,,,,,,,,,,,
"2025-11-10 14:18:42.0789391Z","2025-11-10 14:18:42.0789391Z","ETW","Microsoft-Windows-Kernel-Audit-API-Calls",5,"PsOpenProcess"," 6464 explorer.exe",4280,,," 9872 SystemSettings.exe",,,,,,,,,,,,,,,,,,,,,,,,,,,,,1762784322078939100,,,,,,,,,,,,,,,,8192,0,,,,,,,,,,,,,,,,,,,,,,,,,,,,,,,,,,,,,,,,,,,,,
"2025-11-10 14:18:42.0789532Z","2025-11-10 14:18:42.0789532Z","ETW","Microsoft-Windows-Kernel-Audit-API-Calls",5,"PsOpenProcess"," 6464 explorer.exe",4280,,," 9632 ApplicationFrameHost.exe",,,,,,,,,,,,,,,,,,,,,,,,,,,,,1762784322078953200,,,,,,,,,,,,,,,,8192,0,,,,,,,,,,,,,,,,,,,,,,,,,,,,,,,,,,,,,,,,,,,,,
"2025-11-10 14:18:42.0789583Z","2025-11-10 14:18:42.0789583Z","ETW","Microsoft-Windows-Kernel-Audit-API-Calls",5,"PsOpenProcess"," 6464 explorer.exe",4280,,,"  472 dwm.exe",,,,,,,,,,,,,,,,,,,,,,,,,,,,,1762784322078958300,,,,,,,,,,,,,,,,8192,3221225506,,,,,,,,,,,,,,,,,,,,,,,,,,,,,,,,,,,,,,,,,,,,,
"2025-11-10 14:18:42.0789731Z","2025-11-10 14:18:42.0789731Z","ETW","Microsoft-Windows-Kernel-Audit-API-Calls",5,"PsOpenProcess"," 6464 explorer.exe",4280,,," 1764 cyrprtui.exe",,,,,,,,,,,,,,,,,,,,,,,,,,,,,1762784322078973100,,,,,,,,,,,,,,,,8192,0,,,,,,,,,,,,,,,,,,,,,,,,,,,,,,,,,,,,,,,,,,,,,
"2025-11-10 14:18:42.0798628Z","2025-11-10 14:18:42.0798628Z","ETW","Microsoft-Windows-Kernel-Audit-API-Calls",6,"PsOpenThread","  940 svchost.exe",12140,,," 6464 explorer.exe",11084,,,,,,,,,,,,,,,,,,,,,,,,,,,,1762784322079862800,,,,,,,,,,,,,,,,2048,3221225506,,,,,,,,,,,,,,,,,,,,,,,,,,,,,,,,,,,,,,,,,,,,,
"2025-11-10 14:18:42.0798708Z","2025-11-10 14:18:42.0798708Z","ETW","Microsoft-Windows-Kernel-Audit-API-Calls",6,"PsOpenThread","  940 svchost.exe",12140,,," 6464 explorer.exe",11084,,,,,,,,,,,,,,,,,,,,,,,,,,,,1762784322079870800,,,,,,,,,,,,,,,,2048,0,,,,,,,,,,,,,,,,,,,,,,,,,,,,,,,,,,,,,,,,,,,,,
"2025-11-10 14:18:42.0809242Z","2025-11-10 14:18:42.0809242Z","ETW","Microsoft-Windows-Kernel-Process",4,"ThreadStop Stop "," 1764 cyrprtui.exe",9124,,," 1764 cyrprtui.exe",,,,,,,,,,,,,,,,,,,,,,,,,,,,,1762784322080924200,,18446606103143612416,18446606103143583744,140737324634384,0,1002825138176,9124,1002828726272,1002828718080,140737324634384,,,,,,,,,,,4887632,,,,,,,,,,,,,,,,,,,,,,,,,,,,,,,,,,,,,,,,,
"2025-11-10 14:18:42.0811241Z","2025-11-10 14:18:42.0811241Z","ETW","Microsoft-Windows-Kernel-Audit-API-Calls",6,"PsOpenThread"," 2420 svchost.exe",9712,,," 5948 svchost.exe",11992,,,,,,,,,,,,,,,,,,,,,,,,,,,,1762784322081124200,,,,,,,,,,,,,,,,2048,0,,,,,,,,,,,,,,,,,,,,,,,,,,,,,,,,,,,,,,,,,,,,,
"2025-11-10 14:18:42.0827997Z","2025-11-10 14:18:42.0827997Z","ETW","Microsoft-Windows-Kernel-Audit-API-Calls",6,"PsOpenThread","  940 svchost.exe",12140,,," 6464 explorer.exe",11052,,,,,,,,,,,,,,,,,,,,,,,,,,,,1762784322082799700,,,,,,,,,,,,,,,,2048,3221225506,,,,,,,,,,,,,,,,,,,,,,,,,,,,,,,,,,,,,,,,,,,,,
"2025-11-10 14:18:42.0828151Z","2025-11-10 14:18:42.0828151Z","ETW","Microsoft-Windows-Kernel-Audit-API-Calls",6,"PsOpenThread","  940 svchost.exe",12140,,," 6464 explorer.exe",11052,,,,,,,,,,,,,,,,,,,,,,,,,,,,1762784322082815100,,,,,,,,,,,,,,,,2048,0,,,,,,,,,,,,,,,,,,,,,,,,,,,,,,,,,,,,,,,,,,,,,
"2025-11-10 14:18:42.0830302Z","2025-11-10 14:18:42.0830302Z","ETW","Microsoft-Windows-Kernel-Audit-API-Calls",5,"PsOpenProcess"," 6464 explorer.exe",4488,,,"10364 mintty.exe",,,,,,,,,,,,,,,,,,,,,,,,,,,,,1762784322083030200,,,,,,,,,,,,,,,,4096,0,,,,,,,,,,,,,,,,,,,,,,,,,,,,,,,,,,,,,,,,,,,,,
"2025-11-10 14:18:42.0833171Z","2025-11-10 14:18:42.0833171Z","ETW","Microsoft-Windows-Kernel-Audit-API-Calls",6,"PsOpenThread","  940 svchost.exe",12140,,," 6464 explorer.exe",4488,,,,,,,,,,,,,,,,,,,,,,,,,,,,1762784322083317100,,,,,,,,,,,,,,,,2048,3221225506,,,,,,,,,,,,,,,,,,,,,,,,,,,,,,,,,,,,,,,,,,,,,
"2025-11-10 14:18:42.0833251Z","2025-11-10 14:18:42.0833251Z","ETW","Microsoft-Windows-Kernel-Audit-API-Calls",6,"PsOpenThread","  940 svchost.exe",12140,,," 6464 explorer.exe",4488,,,,,,,,,,,,,,,,,,,,,,,,,,,,1762784322083325100,,,,,,,,,,,,,,,,2048,0,,,,,,,,,,,,,,,,,,,,,,,,,,,,,,,,,,,,,,,,,,,,,
"2025-11-10 14:18:42.0861813Z","2025-11-10 14:18:42.0861813Z","ETW","Microsoft-Windows-Kernel-Audit-API-Calls",6,"PsOpenThread","10364 mintty.exe",5868,,,"10364 mintty.exe",5868,,,,,,,,,,,,,,,,,,,,,,,,,,,,1762784322086181300,,,,,,,,,,,,,,,,1024,0,,,,,,,,,,,,,,,,,,,,,,,,,,,,,,,,,,,,,,,,,,,,,
"2025-11-10 14:18:42.0871121Z","2025-11-10 14:18:42.0871121Z","ETW","Microsoft-Windows-Kernel-Audit-API-Calls",6,"PsOpenThread","  940 svchost.exe",12140,,," 6464 explorer.exe",4488,,,,,,,,,,,,,,,,,,,,,,,,,,,,1762784322087112100,,,,,,,,,,,,,,,,2048,3221225506,,,,,,,,,,,,,,,,,,,,,,,,,,,,,,,,,,,,,,,,,,,,,
"2025-11-10 14:18:42.0871212Z","2025-11-10 14:18:42.0871212Z","ETW","Microsoft-Windows-Kernel-Audit-API-Calls",6,"PsOpenThread","  940 svchost.exe",12140,,," 6464 explorer.exe",4488,,,,,,,,,,,,,,,,,,,,,,,,,,,,1762784322087121200,,,,,,,,,,,,,,,,2048,0,,,,,,,,,,,,,,,,,,,,,,,,,,,,,,,,,,,,,,,,,,,,,
"2025-11-10 14:18:42.0872890Z","2025-11-10 14:18:42.0872890Z","ETW","Microsoft-Windows-Kernel-Audit-API-Calls",6,"PsOpenThread","  940 svchost.exe",12140,,," 6464 explorer.exe",4488,,,,,,,,,,,,,,,,,,,,,,,,,,,,1762784322087289000,,,,,,,,,,,,,,,,2048,3221225506,,,,,,,,,,,,,,,,,,,,,,,,,,,,,,,,,,,,,,,,,,,,,
"2025-11-10 14:18:42.0872959Z","2025-11-10 14:18:42.0872959Z","ETW","Microsoft-Windows-Kernel-Audit-API-Calls",6,"PsOpenThread","  940 svchost.exe",12140,,," 6464 explorer.exe",4488,,,,,,,,,,,,,,,,,,,,,,,,,,,,1762784322087295900,,,,,,,,,,,,,,,,2048,0,,,,,,,,,,,,,,,,,,,,,,,,,,,,,,,,,,,,,,,,,,,,,
"2025-11-10 14:18:42.0874067Z","2025-11-10 14:18:42.0874067Z","ETW","Microsoft-Windows-Kernel-Audit-API-Calls",6,"PsOpenThread","  940 svchost.exe",12140,,," 6464 explorer.exe",4488,,,,,,,,,,,,,,,,,,,,,,,,,,,,1762784322087406700,,,,,,,,,,,,,,,,2048,3221225506,,,,,,,,,,,,,,,,,,,,,,,,,,,,,,,,,,,,,,,,,,,,,
"2025-11-10 14:18:42.0874133Z","2025-11-10 14:18:42.0874133Z","ETW","Microsoft-Windows-Kernel-Audit-API-Calls",6,"PsOpenThread","  940 svchost.exe",12140,,," 6464 explorer.exe",4488,,,,,,,,,,,,,,,,,,,,,,,,,,,,1762784322087413300,,,,,,,,,,,,,,,,2048,0,,,,,,,,,,,,,,,,,,,,,,,,,,,,,,,,,,,,,,,,,,,,,
"2025-11-10 14:18:42.0881339Z","2025-11-10 14:18:42.0881339Z","ETW","Microsoft-Windows-Kernel-Audit-API-Calls",5,"PsOpenProcess"," 6464 explorer.exe",11468,,,"10364 mintty.exe",,,,,,,,,,,,,,,,,,,,,,,,,,,,,1762784322088133900,,,,,,,,,,,,,,,,4096,0,,,,,,,,,,,,,,,,,,,,,,,,,,,,,,,,,,,,,,,,,,,,,
"2025-11-10 14:18:42.0883883Z","2025-11-10 14:18:42.0883883Z","ETW","Microsoft-Windows-Kernel-Audit-API-Calls",6,"PsOpenThread","  940 svchost.exe",12140,,," 6464 explorer.exe",11052,,,,,,,,,,,,,,,,,,,,,,,,,,,,1762784322088388300,,,,,,,,,,,,,,,,2048,3221225506,,,,,,,,,,,,,,,,,,,,,,,,,,,,,,,,,,,,,,,,,,,,,
"2025-11-10 14:18:42.0883950Z","2025-11-10 14:18:42.0883950Z","ETW","Microsoft-Windows-Kernel-Audit-API-Calls",6,"PsOpenThread","  940 svchost.exe",12140,,," 6464 explorer.exe",11052,,,,,,,,,,,,,,,,,,,,,,,,,,,,1762784322088395000,,,,,,,,,,,,,,,,2048,0,,,,,,,,,,,,,,,,,,,,,,,,,,,,,,,,,,,,,,,,,,,,,
"2025-11-10 14:18:42.0889498Z","2025-11-10 14:18:42.0889498Z","ETW","Microsoft-Windows-Kernel-Audit-API-Calls",6,"PsOpenThread","10364 mintty.exe",5868,,,"10364 mintty.exe",5868,,,,,,,,,,,,,,,,,,,,,,,,,,,,1762784322088949800,,,,,,,,,,,,,,,,1024,0,,,,,,,,,,,,,,,,,,,,,,,,,,,,,,,,,,,,,,,,,,,,,
"2025-11-10 14:18:42.0891206Z","2025-11-10 14:18:42.0891206Z","ETW","Microsoft-Windows-Kernel-Audit-API-Calls",6,"PsOpenThread","  940 svchost.exe",12140,,," 6464 explorer.exe",11084,,,,,,,,,,,,,,,,,,,,,,,,,,,,1762784322089120600,,,,,,,,,,,,,,,,2048,3221225506,,,,,,,,,,,,,,,,,,,,,,,,,,,,,,,,,,,,,,,,,,,,,
"2025-11-10 14:18:42.0891287Z","2025-11-10 14:18:42.0891287Z","ETW","Microsoft-Windows-Kernel-Audit-API-Calls",6,"PsOpenThread","  940 svchost.exe",12140,,," 6464 explorer.exe",11084,,,,,,,,,,,,,,,,,,,,,,,,,,,,1762784322089128700,,,,,,,,,,,,,,,,2048,0,,,,,,,,,,,,,,,,,,,,,,,,,,,,,,,,,,,,,,,,,,,,,
"2025-11-10 14:18:42.0893374Z","2025-11-10 14:18:42.0893374Z","ETW","Microsoft-Windows-Kernel-Audit-API-Calls",6,"PsOpenThread","  940 svchost.exe",12140,,," 6464 explorer.exe",11084,,,,,,,,,,,,,,,,,,,,,,,,,,,,1762784322089337400,,,,,,,,,,,,,,,,2048,3221225506,,,,,,,,,,,,,,,,,,,,,,,,,,,,,,,,,,,,,,,,,,,,,
"2025-11-10 14:18:42.0893443Z","2025-11-10 14:18:42.0893443Z","ETW","Microsoft-Windows-Kernel-Audit-API-Calls",6,"PsOpenThread","  940 svchost.exe",12140,,," 6464 explorer.exe",11084,,,,,,,,,,,,,,,,,,,,,,,,,,,,1762784322089344300,,,,,,,,,,,,,,,,2048,0,,,,,,,,,,,,,,,,,,,,,,,,,,,,,,,,,,,,,,,,,,,,,
"2025-11-10 14:18:42.0894398Z","2025-11-10 14:18:42.0894398Z","ETW","Microsoft-Windows-Kernel-Audit-API-Calls",6,"PsOpenThread","  940 svchost.exe",12140,,," 6464 explorer.exe",11084,,,,,,,,,,,,,,,,,,,,,,,,,,,,1762784322089439800,,,,,,,,,,,,,,,,2048,3221225506,,,,,,,,,,,,,,,,,,,,,,,,,,,,,,,,,,,,,,,,,,,,,
"2025-11-10 14:18:42.0894458Z","2025-11-10 14:18:42.0894458Z","ETW","Microsoft-Windows-Kernel-Audit-API-Calls",6,"PsOpenThread","  940 svchost.exe",12140,,," 6464 explorer.exe",11084,,,,,,,,,,,,,,,,,,,,,,,,,,,,1762784322089445800,,,,,,,,,,,,,,,,2048,0,,,,,,,,,,,,,,,,,,,,,,,,,,,,,,,,,,,,,,,,,,,,,
"2025-11-10 14:18:42.0896101Z","2025-11-10 14:18:42.0896101Z","ETW","Microsoft-Windows-Kernel-Audit-API-Calls",6,"PsOpenThread","  940 svchost.exe",12140,,," 6464 explorer.exe",11084,,,,,,,,,,,,,,,,,,,,,,,,,,,,1762784322089610100,,,,,,,,,,,,,,,,2048,3221225506,,,,,,,,,,,,,,,,,,,,,,,,,,,,,,,,,,,,,,,,,,,,,
"2025-11-10 14:18:42.0896161Z","2025-11-10 14:18:42.0896161Z","ETW","Microsoft-Windows-Kernel-Audit-API-Calls",6,"PsOpenThread","  940 svchost.exe",12140,,," 6464 explorer.exe",11084,,,,,,,,,,,,,,,,,,,,,,,,,,,,1762784322089616100,,,,,,,,,,,,,,,,2048,0,,,,,,,,,,,,,,,,,,,,,,,,,,,,,,,,,,,,,,,,,,,,,
"2025-11-10 14:18:42.0896866Z","2025-11-10 14:18:42.0896866Z","ETW","Microsoft-Windows-Kernel-Audit-API-Calls",6,"PsOpenThread","  940 svchost.exe",12140,,," 6464 explorer.exe",11084,,,,,,,,,,,,,,,,,,,,,,,,,,,,1762784322089686600,,,,,,,,,,,,,,,,2048,3221225506,,,,,,,,,,,,,,,,,,,,,,,,,,,,,,,,,,,,,,,,,,,,,
"2025-11-10 14:18:42.0896925Z","2025-11-10 14:18:42.0896925Z","ETW","Microsoft-Windows-Kernel-Audit-API-Calls",6,"PsOpenThread","  940 svchost.exe",12140,,," 6464 explorer.exe",11084,,,,,,,,,,,,,,,,,,,,,,,,,,,,1762784322089692500,,,,,,,,,,,,,,,,2048,0,,,,,,,,,,,,,,,,,,,,,,,,,,,,,,,,,,,,,,,,,,,,,
"2025-11-10 14:18:42.0897892Z","2025-11-10 14:18:42.0897892Z","ETW","Microsoft-Windows-Kernel-Process",6,"ImageUnload Info "," 1764 cyrprtui.exe",9124,,," 1764 cyrprtui.exe",,,"C:\Program Files\Palo Alto Networks\Traps\cyrprtui.exe",,,,,,,,,,,,,,,,,,,,,,,,,,1762784322089789200,,,,,,,,,,,140695028367360,140695028367360,649765,602112,1738162012,,,,,,,,,,,,,,,,,,,,,,,,,,,,,,,,,,,,,,,,,,,,,,,
"2025-11-10 14:18:42.0898275Z","2025-11-10 14:18:42.0898275Z","ETW","Microsoft-Windows-Kernel-Process",6,"ImageUnload Info "," 1764 cyrprtui.exe",9124,,," 1764 cyrprtui.exe",,,"C:\Windows\System32\msftedit.dll",,,,,,,,,,,,,,,,,,,,,,,,,,1762784322089827500,,,,,,,,,,,140736559513600,140736559513600,3467915,3457024,1684330105,,,,,,,,,,,,,,,,,,,,,,,,,,,,,,,,,,,,,,,,,,,,,,,
"2025-11-10 14:18:42.0898415Z","2025-11-10 14:18:42.0898415Z","ETW","Microsoft-Windows-Kernel-Audit-API-Calls",6,"PsOpenThread","  940 svchost.exe",12140,,," 6464 explorer.exe",11084,,,,,,,,,,,,,,,,,,,,,,,,,,,,1762784322089841500,,,,,,,,,,,,,,,,2048,3221225506,,,,,,,,,,,,,,,,,,,,,,,,,,,,,,,,,,,,,,,,,,,,,
"2025-11-10 14:18:42.0898439Z","2025-11-10 14:18:42.0898439Z","ETW","Microsoft-Windows-Kernel-Process",6,"ImageUnload Info "," 1764 cyrprtui.exe",9124,,," 1764 cyrprtui.exe",,,"C:\Windows\System32\globinputhost.dll",,,,,,,,,,,,,,,,,,,,,,,,,,1762784322089844000,,,,,,,,,,,140736595755008,140736595755008,180155,151552,3829124026,,,,,,,,,,,,,,,,,,,,,,,,,,,,,,,,,,,,,,,,,,,,,,,
"2025-11-10 14:18:42.0898476Z","2025-11-10 14:18:42.0898476Z","ETW","Microsoft-Windows-Kernel-Audit-API-Calls",6,"PsOpenThread","  940 svchost.exe",12140,,," 6464 explorer.exe",11084,,,,,,,,,,,,,,,,,,,,,,,,,,,,1762784322089847600,,,,,,,,,,,,,,,,2048,0,,,,,,,,,,,,,,,,,,,,,,,,,,,,,,,,,,,,,,,,,,,,,
"2025-11-10 14:18:42.0898581Z","2025-11-10 14:18:42.0898581Z","ETW","Microsoft-Windows-Kernel-Process",6,"ImageUnload Info "," 1764 cyrprtui.exe",9124,,," 1764 cyrprtui.exe",,,"C:\Windows\System32\TextShaping.dll",,,,,,,,,,,,,,,,,,,,,,,,,,1762784322089858100,,,,,,,,,,,140736930578432,140736930578432,733720,704512,3719025828,,,,,,,,,,,,,,,,,,,,,,,,,,,,,,,,,,,,,,,,,,,,,,,
"2025-11-10 14:18:42.0898743Z","2025-11-10 14:18:42.0898743Z","ETW","Microsoft-Windows-Kernel-Process",6,"ImageUnload Info "," 1764 cyrprtui.exe",9124,,," 1764 cyrprtui.exe",,,"C:\Windows\System32\Windows.Globalization.dll",,,,,,,,,,,,,,,,,,,,,,,,,,1762784322089874400,,,,,,,,,,,140736948862976,140736948862976,1773541,1728512,886937547,,,,,,,,,,,,,,,,,,,,,,,,,,,,,,,,,,,,,,,,,,,,,,,
"2025-11-10 14:18:42.0898872Z","2025-11-10 14:18:42.0898872Z","ETW","Microsoft-Windows-Kernel-Process",6,"ImageUnload Info "," 1764 cyrprtui.exe",9124,,," 1764 cyrprtui.exe",,,"C:\Windows\System32\BCP47mrm.dll",,,,,,,,,,,,,,,,,,,,,,,,,,1762784322089887200,,,,,,,,,,,140736973307904,140736973307904,183604,184320,1877539391,,,,,,,,,,,,,,,,,,,,,,,,,,,,,,,,,,,,,,,,,,,,,,,
"2025-11-10 14:18:42.0898994Z","2025-11-10 14:18:42.0898994Z","ETW","Microsoft-Windows-Kernel-Process",6,"ImageUnload Info "," 1764 cyrprtui.exe",9124,,," 1764 cyrprtui.exe",,,"C:\Windows\System32\BCP47Langs.dll",,,,,,,,,,,,,,,,,,,,,,,,,,1762784322089899500,,,,,,,,,,,140736984776704,140736984776704,394333,372736,1896932036,,,,,,,,,,,,,,,,,,,,,,,,,,,,,,,,,,,,,,,,,,,,,,,
"2025-11-10 14:18:42.0899120Z","2025-11-10 14:18:42.0899120Z","ETW","Microsoft-Windows-Kernel-Process",6,"ImageUnload Info "," 1764 cyrprtui.exe",9124,,," 1764 cyrprtui.exe",,,"C:\Windows\System32\TextInputFramework.dll",,,,,,,,,,,,,,,,,,,,,,,,,,1762784322089912000,,,,,,,,,,,140736991985664,140736991985664,1025078,1019904,2233810467,,,,,,,,,,,,,,,,,,,,,,,,,,,,,,,,,,,,,,,,,,,,,,,
"2025-11-10 14:18:42.0899184Z","2025-11-10 14:18:42.0899184Z","ETW","Microsoft-Windows-Kernel-Process",6,"ImageUnload Info "," 1764 cyrprtui.exe",9124,,," 1764 cyrprtui.exe",,,"C:\Windows\WinSxS\amd64_microsoft.windows.common-controls_6595b64144ccf1df_6.0.19041.6456_none_60b8a6cb71f64256\comctl32.dll",,,,,,,,,,,,,,,,,,,,,,,,,,1762784322089918400,,,,,,,,,,,140737005158400,140737005158400,2755026,2732032,1852891267,,,,,,,,,,,,,,,,,,,,,,,,,,,,,,,,,,,,,,,,,,,,,,,
"2025-11-10 14:18:42.0899318Z","2025-11-10 14:18:42.0899318Z","ETW","Microsoft-Windows-Kernel-Process",6,"ImageUnload Info "," 1764 cyrprtui.exe",9124,,," 1764 cyrprtui.exe",,,"C:\Windows\System32\secur32.dll",,,,,,,,,,,,,,,,,,,,,,,,,,1762784322089931800,,,,,,,,,,,140737139441664,140737139441664,51103,49152,375452782,,,,,,,,,,,,,,,,,,,,,,,,,,,,,,,,,,,,,,,,,,,,,,,
"2025-11-10 14:18:42.0899426Z","2025-11-10 14:18:42.0899426Z","ETW","Microsoft-Windows-Kernel-Process",6,"ImageUnload Info "," 1764 cyrprtui.exe",9124,,," 1764 cyrprtui.exe",,,"C:\Windows\System32\msimg32.dll",,,,,,,,,,,,,,,,,,,,,,,,,,1762784322089942600,,,,,,,,,,,140737139507200,140737139507200,23191,28672,1776776658,,,,,,,,,,,,,,,,,,,,,,,,,,,,,,,,,,,,,,,,,,,,,,,
"2025-11-10 14:18:42.0899518Z","2025-11-10 14:18:42.0899518Z","ETW","Microsoft-Windows-Kernel-Process",6,"ImageUnload Info "," 1764 cyrprtui.exe",9124,,," 1764 cyrprtui.exe",,,"C:\Program Files\Palo Alto Networks\Traps\winutils.dll",,,,,,,,,,,,,,,,,,,,,,,,,,1762784322089951800,,,,,,,,,,,140737139572736,140737139572736,307748,241664,1738161889,,,,,,,,,,,,,,,,,,,,,,,,,,,,,,,,,,,,,,,,,,,,,,,
"2025-11-10 14:18:42.0899738Z","2025-11-10 14:18:42.0899738Z","ETW","Microsoft-Windows-Kernel-Process",6,"ImageUnload Info "," 1764 cyrprtui.exe",9124,,," 1764 cyrprtui.exe",,,"C:\Windows\System32\version.dll",,,,,,,,,,,,,,,,,,,,,,,,,,1762784322089973800,,,,,,,,,,,140737143767040,140737143767040,34056,40960,4222592428,,,,,,,,,,,,,,,,,,,,,,,,,,,,,,,,,,,,,,,,,,,,,,,
"2025-11-10 14:18:42.0899855Z","2025-11-10 14:18:42.0899855Z","ETW","Microsoft-Windows-Kernel-Process",6,"ImageUnload Info "," 1764 cyrprtui.exe",9124,,," 1764 cyrprtui.exe",,,"C:\Windows\System32\xmllite.dll",,,,,,,,,,,,,,,,,,,,,,,,,,1762784322089985500,,,,,,,,,,,140737168932864,140737168932864,219411,221184,1945838687,,,,,,,,,,,,,,,,,,,,,,,,,,,,,,,,,,,,,,,,,,,,,,,
"2025-11-10 14:18:42.0899972Z","2025-11-10 14:18:42.0899972Z","ETW","Microsoft-Windows-Kernel-Process",6,"ImageUnload Info "," 1764 cyrprtui.exe",9124,,," 1764 cyrprtui.exe",,,"C:\Windows\System32\WinTypes.dll",,,,,,,,,,,,,,,,,,,,,,,,,,1762784322089997200,,,,,,,,,,,140737219854336,140737219854336,1464350,1404928,1125245035,,,,,,,,,,,,,,,,,,,,,,,,,,,,,,,,,,,,,,,,,,,,,,,
"2025-11-10 14:18:42.0900100Z","2025-11-10 14:18:42.0900100Z","ETW","Microsoft-Windows-Kernel-Process",6,"ImageUnload Info "," 1764 cyrprtui.exe",9124,,," 1764 cyrprtui.exe",,,"C:\Windows\System32\CoreUIComponents.dll",,,,,,,,,,,,,,,,,,,,,,,,,,1762784322090010000,,,,,,,,,,,140737227456512,140737227456512,3577987,3518464,240915949,,,,,,,,,,,,,,,,,,,,,,,,,,,,,,,,,,,,,,,,,,,,,,,
"2025-11-10 14:18:42.0900218Z","2025-11-10 14:18:42.0900218Z","ETW","Microsoft-Windows-Kernel-Process",6,"ImageUnload Info "," 1764 cyrprtui.exe",9124,,," 1764 cyrprtui.exe",,,"C:\Windows\System32\CoreMessaging.dll",,,,,,,,,,,,,,,,,,,,,,,,,,1762784322090021800,,,,,,,,,,,140737231781888,140737231781888,1044546,991232,201189084,,,,,,,,,,,,,,,,,,,,,,,,,,,,,,,,,,,,,,,,,,,,,,,
"2025-11-10 14:18:42.0900339Z","2025-11-10 14:18:42.0900339Z","ETW","Microsoft-Windows-Kernel-Process",6,"ImageUnload Info "," 1764 cyrprtui.exe",9124,,," 1764 cyrprtui.exe",,,"C:\Windows\System32\uxtheme.dll",,,,,,,,,,,,,,,,,,,,,,,,,,1762784322090033900,,,,,,,,,,,140737239515136,140737239515136,640454,647168,3697381598,,,,,,,,,,,,,,,,,,,,,,,,,,,,,,,,,,,,,,,,,,,,,,,
"2025-11-10 14:18:42.0900456Z","2025-11-10 14:18:42.0900456Z","ETW","Microsoft-Windows-Kernel-Process",6,"ImageUnload Info "," 1764 cyrprtui.exe",9124,,," 1764 cyrprtui.exe",,,"C:\Windows\System32\kernel.appcore.dll",,,,,,,,,,,,,,,,,,,,,,,,,,1762784322090045600,,,,,,,,,,,140737244561408,140737244561408,122143,73728,1990571354,,,,,,,,,,,,,,,,,,,,,,,,,,,,,,,,,,,,,,,,,,,,,,,
"2025-11-10 14:18:42.0900568Z","2025-11-10 14:18:42.0900568Z","ETW","Microsoft-Windows-Kernel-Process",6,"ImageUnload Info "," 1764 cyrprtui.exe",9124,,," 1764 cyrprtui.exe",,,"C:\Windows\System32\ntmarta.dll",,,,,,,,,,,,,,,,,,,,,,,,,,1762784322090056800,,,,,,,,,,,140737265074176,140737265074176,197444,208896,4265087599,,,,,,,,,,,,,,,,,,,,,,,,,,,,,,,,,,,,,,,,,,,,,,,
"2025-11-10 14:18:42.0900686Z","2025-11-10 14:18:42.0900686Z","ETW","Microsoft-Windows-Kernel-Process",6,"ImageUnload Info "," 1764 cyrprtui.exe",9124,,," 1764 cyrprtui.exe",,,"C:\Windows\System32\userenv.dll",,,,,,,,,,,,,,,,,,,,,,,,,,1762784322090068600,,,,,,,,,,,140737278246912,140737278246912,236892,188416,1800799979,,,,,,,,,,,,,,,,,,,,,,,,,,,,,,,,,,,,,,,,,,,,,,,
"2025-11-10 14:18:42.0900794Z","2025-11-10 14:18:42.0900794Z","ETW","Microsoft-Windows-Kernel-Process",6,"ImageUnload Info "," 1764 cyrprtui.exe",9124,,," 1764 cyrprtui.exe",,,"C:\Windows\System32\sspicli.dll",,,,,,,,,,,,,,,,,,,,,,,,,,1762784322090079400,,,,,,,,,,,140737278443520,140737278443520,202268,204800,1151156676,,,,,,,,,,,,,,,,,,,,,,,,,,,,,,,,,,,,,,,,,,,,,,,
"2025-11-10 14:18:42.0900902Z","2025-11-10 14:18:42.0900902Z","ETW","Microsoft-Windows-Kernel-Process",6,"ImageUnload Info "," 1764 cyrprtui.exe",9124,,," 1764 cyrprtui.exe",,,"C:\Windows\System32\bcrypt.dll",,,,,,,,,,,,,,,,,,,,,,,,,,1762784322090090200,,,,,,,,,,,140737279623168,140737279623168,171668,159744,2220160889,,,,,,,,,,,,,,,,,,,,,,,,,,,,,,,,,,,,,,,,,,,,,,,
"2025-11-10 14:18:42.0901013Z","2025-11-10 14:18:42.0901013Z","ETW","Microsoft-Windows-Kernel-Process",6,"ImageUnload Info "," 1764 cyrprtui.exe",9124,,," 1764 cyrprtui.exe",,,"C:\Windows\System32\msvcp_win.dll",,,,,,,,,,,,,,,,,,,,,,,,,,1762784322090101300,,,,,,,,,,,140737279819776,140737279819776,659111,643072,958749903,,,,,,,,,,,,,,,,,,,,,,,,,,,,,,,,,,,,,,,,,,,,,,,
"2025-11-10 14:18:42.0901121Z","2025-11-10 14:18:42.0901121Z","ETW","Microsoft-Windows-Kernel-Process",6,"ImageUnload Info "," 1764 cyrprtui.exe",9124,,," 1764 cyrprtui.exe",,,"C:\Windows\System32\win32u.dll",,,,,,,,,,,,,,,,,,,,,,,,,,1762784322090112100,,,,,,,,,,,140737281196032,140737281196032,183095,139264,3760910660,,,,,,,,,,,,,,,,,,,,,,,,,,,,,,,,,,,,,,,,,,,,,,,
"2025-11-10 14:18:42.0901229Z","2025-11-10 14:18:42.0901229Z","ETW","Microsoft-Windows-Kernel-Process",6,"ImageUnload Info "," 1764 cyrprtui.exe",9124,,," 1764 cyrprtui.exe",,,"C:\Windows\System32\gdi32full.dll",,,,,,,,,,,,,,,,,,,,,,,,,,1762784322090122900,,,,,,,,,,,140737281392640,140737281392640,1167211,1150976,1288019395,,,,,,,,,,,,,,,,,,,,,,,,,,,,,,,,,,,,,,,,,,,,,,,
"2025-11-10 14:18:42.0901341Z","2025-11-10 14:18:42.0901341Z","ETW","Microsoft-Windows-Kernel-Process",6,"ImageUnload Info "," 1764 cyrprtui.exe",9124,,," 1764 cyrprtui.exe",,,"C:\Windows\System32\bcryptprimitives.dll",,,,,,,,,,,,,,,,,,,,,,,,,,1762784322090134100,,,,,,,,,,,140737282572288,140737282572288,531569,532480,3309379821,,,,,,,,,,,,,,,,,,,,,,,,,,,,,,,,,,,,,,,,,,,,,,,
"2025-11-10 14:18:42.0901459Z","2025-11-10 14:18:42.0901459Z","ETW","Microsoft-Windows-Kernel-Process",6,"ImageUnload Info "," 1764 cyrprtui.exe",9124,,," 1764 cyrprtui.exe",,,"C:\Windows\System32\ucrtbase.dll",,,,,,,,,,,,,,,,,,,,,,,,,,1762784322090145900,,,,,,,,,,,140737283162112,140737283162112,1076532,1048576,2177850761,,,,,,,,,,,,,,,,,,,,,,,,,,,,,,,,,,,,,,,,,,,,,,,
"2025-11-10 14:18:42.0901562Z","2025-11-10 14:18:42.0901562Z","ETW","Microsoft-Windows-Kernel-Process",6,"ImageUnload Info "," 1764 cyrprtui.exe",9124,,," 1764 cyrprtui.exe",,,"C:\Windows\System32\cfgmgr32.dll",,,,,,,,,,,,,,,,,,,,,,,,,,1762784322090156200,,,,,,,,,,,140737285652480,140737285652480,326318,319488,517898589,,,,,,,,,,,,,,,,,,,,,,,,,,,,,,,,,,,,,,,,,,,,,,,
"2025-11-10 14:18:42.0901675Z","2025-11-10 14:18:42.0901675Z","ETW","Microsoft-Windows-Kernel-Process",6,"ImageUnload Info "," 1764 cyrprtui.exe",9124,,," 1764 cyrprtui.exe",,,"C:\Windows\System32\shlwapi.dll",,,,,,,,,,,,,,,,,,,,,,,,,,1762784322090167500,,,,,,,,,,,140737286504448,140737286504448,402188,372736,2061718160,,,,,,,,,,,,,,,,,,,,,,,,,,,,,,,,,,,,,,,,,,,,,,,
"2025-11-10 14:18:42.0901783Z","2025-11-10 14:18:42.0901783Z","ETW","Microsoft-Windows-Kernel-Process",6,"ImageUnload Info "," 1764 cyrprtui.exe",9124,,," 1764 cyrprtui.exe",,,"C:\Windows\System32\combase.dll",,,,,,,,,,,,,,,,,,,,,,,,,,1762784322090178300,,,,,,,,,,,140737287094272,140737287094272,3535278,3489792,144435709,,,,,,,,,,,,,,,,,,,,,,,,,,,,,,,,,,,,,,,,,,,,,,,
"2025-11-10 14:18:42.0901891Z","2025-11-10 14:18:42.0901891Z","ETW","Microsoft-Windows-Kernel-Process",6,"ImageUnload Info "," 1764 cyrprtui.exe",9124,,," 1764 cyrprtui.exe",,,"C:\Windows\System32\msctf.dll",,,,,,,,,,,,,,,,,,,,,,,,,,1762784322090189100,,,,,,,,,,,140737291616256,140737291616256,1159359,1134592,3815625169,,,,,,,,,,,,,,,,,,,,,,,,,,,,,,,,,,,,,,,,,,,,,,,
"2025-11-10 14:18:42.0902445Z","2025-11-10 14:18:42.0902445Z","ETW","Microsoft-Windows-Kernel-Process",6,"ImageUnload Info "," 1764 cyrprtui.exe",9124,,," 1764 cyrprtui.exe",,,"C:\Windows\System32\shell32.dll",,,,,,,,,,,,,,,,,,,,,,,,,,1762784322090244500,,,,,,,,,,,140737294565376,140737294565376,7833200,7798784,2665716595,,,,,,,,,,,,,,,,,,,,,,,,,,,,,,,,,,,,,,,,,,,,,,,
"2025-11-10 14:18:42.0902585Z","2025-11-10 14:18:42.0902585Z","ETW","Microsoft-Windows-Kernel-Process",6,"ImageUnload Info "," 1764 cyrprtui.exe",9124,,," 1764 cyrprtui.exe",,,"C:\Windows\System32\ole32.dll",,,,,,,,,,,,,,,,,,,,,,,,,,1762784322090258500,,,,,,,,,,,140737303740416,140737303740416,1230514,1224704,2672968490,,,,,,,,,,,,,,,,,,,,,,,,,,,,,,,,,,,,,,,,,,,,,,,
"2025-11-10 14:18:42.0902705Z","2025-11-10 14:18:42.0902705Z","ETW","Microsoft-Windows-Kernel-Process",6,"ImageUnload Info "," 1764 cyrprtui.exe",9124,,," 1764 cyrprtui.exe",,,"C:\Windows\System32\SHCore.dll",,,,,,,,,,,,,,,,,,,,,,,,,,1762784322090270500,,,,,,,,,,,140737304985600,140737304985600,705789,708608,3896055862,,,,,,,,,,,,,,,,,,,,,,,,,,,,,,,,,,,,,,,,,,,,,,,
"2025-11-10 14:18:42.0902816Z","2025-11-10 14:18:42.0902816Z","ETW","Microsoft-Windows-Kernel-Process",6,"ImageUnload Info "," 1764 cyrprtui.exe",9124,,," 1764 cyrprtui.exe",,,"C:\Windows\System32\ws2_32.dll",,,,,,,,,,,,,,,,,,,,,,,,,,1762784322090281600,,,,,,,,,,,140737305772032,140737305772032,489137,438272,2047685052,,,,,,,,,,,,,,,,,,,,,,,,,,,,,,,,,,,,,,,,,,,,,,,
"2025-11-10 14:18:42.0903037Z","2025-11-10 14:18:42.0903037Z","ETW","Microsoft-Windows-Kernel-Process",6,"ImageUnload Info "," 1764 cyrprtui.exe",9124,,," 1764 cyrprtui.exe",,,"C:\Windows\System32\clbcatq.dll",,,,,,,,,,,,,,,,,,,,,,,,,,1762784322090303700,,,,,,,,,,,140737306230784,140737306230784,736478,692224,97696835,,,,,,,,,,,,,,,,,,,,,,,,,,,,,,,,,,,,,,,,,,,,,,,
"2025-11-10 14:18:42.0903153Z","2025-11-10 14:18:42.0903153Z","ETW","Microsoft-Windows-Kernel-Process",6,"ImageUnload Info "," 1764 cyrprtui.exe",9124,,," 1764 cyrprtui.exe",,,"C:\Windows\System32\advapi32.dll",,,,,,,,,,,,,,,,,,,,,,,,,,1762784322090315300,,,,,,,,,,,140737306951680,140737306951680,744837,724992,4166620877,,,,,,,,,,,,,,,,,,,,,,,,,,,,,,,,,,,,,,,,,,,,,,,
"2025-11-10 14:18:42.0903275Z","2025-11-10 14:18:42.0903275Z","ETW","Microsoft-Windows-Kernel-Process",6,"ImageUnload Info "," 1764 cyrprtui.exe",9124,,," 1764 cyrprtui.exe",,,"C:\Windows\System32\sechost.dll",,,,,,,,,,,,,,,,,,,,,,,,,,1762784322090327500,,,,,,,,,,,140737308262400,140737308262400,647124,651264,2117042745,,,,,,,,,,,,,,,,,,,,,,,,,,,,,,,,,,,,,,,,,,,,,,,
"2025-11-10 14:18:42.0903313Z","2025-11-10 14:18:42.0903313Z","ETW","Microsoft-Windows-Kernel-Audit-API-Calls",6,"PsOpenThread"," 2420 svchost.exe",9712,,," 5948 svchost.exe",11992,,,,,,,,,,,,,,,,,,,,,,,,,,,,1762784322090331300,,,,,,,,,,,,,,,,2048,0,,,,,,,,,,,,,,,,,,,,,,,,,,,,,,,,,,,,,,,,,,,,,
"2025-11-10 14:18:42.0903380Z","2025-11-10 14:18:42.0903380Z","ETW","Microsoft-Windows-Kernel-Process",6,"ImageUnload Info "," 1764 cyrprtui.exe",9124,,," 1764 cyrprtui.exe",,,"C:\Windows\System32\imm32.dll",,,,,,,,,,,,,,,,,,,,,,,,,,1762784322090338000,,,,,,,,,,,140737309310976,140737309310976,238320,192512,770155462,,,,,,,,,,,,,,,,,,,,,,,,,,,,,,,,,,,,,,,,,,,,,,,
"2025-11-10 14:18:42.0903484Z","2025-11-10 14:18:42.0903484Z","ETW","Microsoft-Windows-Kernel-Process",6,"ImageUnload Info "," 1764 cyrprtui.exe",9124,,," 1764 cyrprtui.exe",,,"C:\Windows\System32\gdi32.dll",,,,,,,,,,,,,,,,,,,,,,,,,,1762784322090348400,,,,,,,,,,,140737309507584,140737309507584,210990,176128,2413768611,,,,,,,,,,,,,,,,,,,,,,,,,,,,,,,,,,,,,,,,,,,,,,,
"2025-11-10 14:18:42.0903593Z","2025-11-10 14:18:42.0903593Z","ETW","Microsoft-Windows-Kernel-Process",6,"ImageUnload Info "," 1764 cyrprtui.exe",9124,,," 1764 cyrprtui.exe",,,"C:\Windows\System32\setupapi.dll",,,,,,,,,,,,,,,,,,,,,,,,,,1762784322090359300,,,,,,,,,,,140737309704192,140737309704192,4717027,4653056,1214232368,,,,,,,,,,,,,,,,,,,,,,,,,,,,,,,,,,,,,,,,,,,,,,,
"2025-11-10 14:18:42.0903695Z","2025-11-10 14:18:42.0903695Z","ETW","Microsoft-Windows-Kernel-Process",6,"ImageUnload Info "," 1764 cyrprtui.exe",9124,,," 1764 cyrprtui.exe",,,"C:\Windows\System32\msvcrt.dll",,,,,,,,,,,,,,,,,,,,,,,,,,1762784322090369500,,,,,,,,,,,140737314357248,140737314357248,681663,647168,2616593924,,,,,,,,,,,,,,,,,,,,,,,,,,,,,,,,,,,,,,,,,,,,,,,
"2025-11-10 14:18:42.0903799Z","2025-11-10 14:18:42.0903799Z","ETW","Microsoft-Windows-Kernel-Process",6,"ImageUnload Info "," 1764 cyrprtui.exe",9124,,," 1764 cyrprtui.exe",,,"C:\Windows\System32\oleaut32.dll",,,,,,,,,,,,,,,,,,,,,,,,,,1762784322090379900,,,,,,,,,,,140737315012608,140737315012608,849765,839680,3559841777,,,,,,,,,,,,,,,,,,,,,,,,,,,,,,,,,,,,,,,,,,,,,,,
"2025-11-10 14:18:42.0903903Z","2025-11-10 14:18:42.0903903Z","ETW","Microsoft-Windows-Kernel-Process",6,"ImageUnload Info "," 1764 cyrprtui.exe",9124,,," 1764 cyrprtui.exe",,,"C:\Windows\System32\rpcrt4.dll",,,,,,,,,,,,,,,,,,,,,,,,,,1762784322090390300,,,,,,,,,,,140737317109760,140737317109760,1217917,1179648,2756017066,,,,,,,,,,,,,,,,,,,,,,,,,,,,,,,,,,,,,,,,,,,,,,,
"2025-11-10 14:18:42.0904011Z","2025-11-10 14:18:42.0904011Z","ETW","Microsoft-Windows-Kernel-Process",6,"ImageUnload Info "," 1764 cyrprtui.exe",9124,,," 1764 cyrprtui.exe",,,"C:\Windows\System32\KernelBase.dll",,,,,,,,,,,,,,,,,,,,,,,,,,1762784322090401100,,,,,,,,,,,140737318289408,140737318289408,3171178,3104768,1448155220,,,,,,,,,,,,,,,,,,,,,,,,,,,,,,,,,,,,,,,,,,,,,,,
"2025-11-10 14:18:42.0904115Z","2025-11-10 14:18:42.0904115Z","ETW","Microsoft-Windows-Kernel-Process",6,"ImageUnload Info "," 1764 cyrprtui.exe",9124,,," 1764 cyrprtui.exe",,,"C:\Windows\System32\kernel32.dll",,,,,,,,,,,,,,,,,,,,,,,,,,1762784322090411500,,,,,,,,,,,140737321435136,140737321435136,801304,794624,4007722010,,,,,,,,,,,,,,,,,,,,,,,,,,,,,,,,,,,,,,,,,,,,,,,
"2025-11-10 14:18:42.0904218Z","2025-11-10 14:18:42.0904218Z","ETW","Microsoft-Windows-Kernel-Process",6,"ImageUnload Info "," 1764 cyrprtui.exe",9124,,," 1764 cyrprtui.exe",,,"C:\Windows\System32\user32.dll",,,,,,,,,,,,,,,,,,,,,,,,,,1762784322090421800,,,,,,,,,,,140737322287104,140737322287104,1767867,1708032,1351922499,,,,,,,,,,,,,,,,,,,,,,,,,,,,,,,,,,,,,,,,,,,,,,,
"2025-11-10 14:18:42.0904324Z","2025-11-10 14:18:42.0904324Z","ETW","Microsoft-Windows-Kernel-Process",6,"ImageUnload Info "," 1764 cyrprtui.exe",9124,,," 1764 cyrprtui.exe",,,"C:\Windows\System32\ntdll.dll",,,,,,,,,,,,,,,,,,,,,,,,,,1762784322090432400,,,,,,,,,,,140737324318720,140737324318720,2048895,2064384,2127151453,,,,,,,,,,,,,,,,,,,,,,,,,,,,,,,,,,,,,,,,,,,,,,,
"2025-11-10 14:18:42.0904525Z","2025-11-10 14:18:42.0904525Z","ETW","Microsoft-Windows-Kernel-Process",2,"ProcessStop Stop "," 1764 cyrprtui.exe",9124,,," 1764 cyrprtui.exe",,,"cyrprtui.exe",,,,,,,,,,,,,,,,,,,,,,,,,,1762784322090452600,,,,,,,,,,,,,,,,,,,,,,,,134072578990425870,,,,,,,25917,,,,,,,,,,,,,,2248704,3362816,292378032,0,134072579220897260,77,0,3,12,3,0,0,,,,,,
"2025-11-10 14:18:42.0915203Z","2025-11-10 14:18:42.0915203Z","ETW","Microsoft-Windows-Kernel-Audit-API-Calls",6,"PsOpenThread"," 2420 svchost.exe",9712,,," 5948 svchost.exe",11992,,,,,,,,,,,,,,,,,,,,,,,,,,,,1762784322091520300,,,,,,,,,,,,,,,,2048,0,,,,,,,,,,,,,,,,,,,,,,,,,,,,,,,,,,,,,,,,,,,,,
"2025-11-10 14:18:42.1149118Z","2025-11-10 14:18:42.1149118Z","ETW","Microsoft-Windows-Kernel-Process",3,"ThreadStart Start ","    4 System",36,,," 7548 RuntimeBroker.exe",,,,,,,,,,,,,,,,,,,,,,,,,,,,,1762784322114911800,,18446606103143612416,18446606103143583744,140737324634384,0,845886947328,3848,845890453504,845890404352,140737324634384,,,,,,,,,,,,,,,,,,,,,,,,,,,,,,,,,,,,,,,,,,,,,,,,,,,,
"2025-11-10 14:18:42.1306314Z","2025-11-10 14:18:42.1306314Z","ETW","Microsoft-Windows-Kernel-Audit-API-Calls",6,"PsOpenThread","  940 svchost.exe",12140,,," 6464 explorer.exe",4488,,,,,,,,,,,,,,,,,,,,,,,,,,,,1762784322130631400,,,,,,,,,,,,,,,,2048,3221225506,,,,,,,,,,,,,,,,,,,,,,,,,,,,,,,,,,,,,,,,,,,,,
"2025-11-10 14:18:42.1306433Z","2025-11-10 14:18:42.1306433Z","ETW","Microsoft-Windows-Kernel-Audit-API-Calls",6,"PsOpenThread","  940 svchost.exe",12140,,," 6464 explorer.exe",4488,,,,,,,,,,,,,,,,,,,,,,,,,,,,1762784322130643300,,,,,,,,,,,,,,,,2048,0,,,,,,,,,,,,,,,,,,,,,,,,,,,,,,,,,,,,,,,,,,,,,
"2025-11-10 14:18:42.1311260Z","2025-11-10 14:18:42.1311260Z","ETW","Microsoft-Windows-Kernel-Audit-API-Calls",6,"PsOpenThread","  940 svchost.exe",12140,,," 6464 explorer.exe",4488,,,,,,,,,,,,,,,,,,,,,,,,,,,,1762784322131126000,,,,,,,,,,,,,,,,2048,3221225506,,,,,,,,,,,,,,,,,,,,,,,,,,,,,,,,,,,,,,,,,,,,,
"2025-11-10 14:18:42.1311357Z","2025-11-10 14:18:42.1311357Z","ETW","Microsoft-Windows-Kernel-Audit-API-Calls",6,"PsOpenThread","  940 svchost.exe",12140,,," 6464 explorer.exe",4488,,,,,,,,,,,,,,,,,,,,,,,,,,,,1762784322131135700,,,,,,,,,,,,,,,,2048,0,,,,,,,,,,,,,,,,,,,,,,,,,,,,,,,,,,,,,,,,,,,,,
"2025-11-10 14:18:42.3807865Z","2025-11-10 14:18:42.3807865Z","ETW","Microsoft-Windows-Kernel-Audit-API-Calls",6,"PsOpenThread","10364 mintty.exe",5868,,,"10364 mintty.exe",5868,,,,,,,,,,,,,,,,,,,,,,,,,,,,1762784322380786600,,,,,,,,,,,,,,,,1024,0,,,,,,,,,,,,,,,,,,,,,,,,,,,,,,,,,,,,,,,,,,,,,
"2025-11-10 14:18:42.4437894Z","2025-11-10 14:18:42.4437894Z","ETW","Microsoft-Windows-Kernel-Audit-API-Calls",6,"PsOpenThread","  712 services.exe",9316,,," 5520 TrustedInstaller.exe",1664,,,,,,,,,,,,,,,,,,,,,,,,,,,,1762784322443789400,,,,,,,,,,,,,,,,2048,0,,,,,,,,,,,,,,,,,,,,,,,,,,,,,,,,,,,,,,,,,,,,,
"2025-11-10 14:18:42.4441105Z","2025-11-10 14:18:42.4441105Z","ETW","Microsoft-Windows-Kernel-Audit-API-Calls",6,"PsOpenThread","  712 services.exe",9316,,," 5520 TrustedInstaller.exe",1664,,,,,,,,,,,,,,,,,,,,,,,,,,,,1762784322444110500,,,,,,,,,,,,,,,,2048,0,,,,,,,,,,,,,,,,,,,,,,,,,,,,,,,,,,,,,,,,,,,,,
"2025-11-10 14:18:42.4448240Z","2025-11-10 14:18:42.4448240Z","ETW","Microsoft-Windows-Kernel-Audit-API-Calls",6,"PsOpenThread","  940 svchost.exe",12140,,," 5520 TrustedInstaller.exe",1664,,,,,,,,,,,,,,,,,,,,,,,,,,,,1762784322444824000,,,,,,,,,,,,,,,,2048,3221225506,,,,,,,,,,,,,,,,,,,,,,,,,,,,,,,,,,,,,,,,,,,,,
"2025-11-10 14:18:42.4448352Z","2025-11-10 14:18:42.4448352Z","ETW","Microsoft-Windows-Kernel-Audit-API-Calls",6,"PsOpenThread","  940 svchost.exe",12140,,," 5520 TrustedInstaller.exe",1664,,,,,,,,,,,,,,,,,,,,,,,,,,,,1762784322444835200,,,,,,,,,,,,,,,,2048,0,,,,,,,,,,,,,,,,,,,,,,,,,,,,,,,,,,,,,,,,,,,,,
"2025-11-10 14:18:42.4449673Z","2025-11-10 14:18:42.4449673Z","ETW","Microsoft-Windows-Kernel-Audit-API-Calls",6,"PsOpenThread","  940 svchost.exe",12140,,," 5520 TrustedInstaller.exe",1664,,,,,,,,,,,,,,,,,,,,,,,,,,,,1762784322444967300,,,,,,,,,,,,,,,,2048,3221225506,,,,,,,,,,,,,,,,,,,,,,,,,,,,,,,,,,,,,,,,,,,,,
"2025-11-10 14:18:42.4449735Z","2025-11-10 14:18:42.4449735Z","ETW","Microsoft-Windows-Kernel-Audit-API-Calls",6,"PsOpenThread","  940 svchost.exe",12140,,," 5520 TrustedInstaller.exe",1664,,,,,,,,,,,,,,,,,,,,,,,,,,,,1762784322444973500,,,,,,,,,,,,,,,,2048,0,,,,,,,,,,,,,,,,,,,,,,,,,,,,,,,,,,,,,,,,,,,,,
"2025-11-10 14:18:42.4450326Z","2025-11-10 14:18:42.4450326Z","ETW","Microsoft-Windows-Kernel-Audit-API-Calls",6,"PsOpenThread","  940 svchost.exe",12140,,," 5520 TrustedInstaller.exe",1664,,,,,,,,,,,,,,,,,,,,,,,,,,,,1762784322445032600,,,,,,,,,,,,,,,,2048,3221225506,,,,,,,,,,,,,,,,,,,,,,,,,,,,,,,,,,,,,,,,,,,,,
"2025-11-10 14:18:42.4450381Z","2025-11-10 14:18:42.4450381Z","ETW","Microsoft-Windows-Kernel-Audit-API-Calls",6,"PsOpenThread","  940 svchost.exe",12140,,," 5520 TrustedInstaller.exe",1664,,,,,,,,,,,,,,,,,,,,,,,,,,,,1762784322445038100,,,,,,,,,,,,,,,,2048,0,,,,,,,,,,,,,,,,,,,,,,,,,,,,,,,,,,,,,,,,,,,,,
"2025-11-10 14:18:42.4450928Z","2025-11-10 14:18:42.4450928Z","ETW","Microsoft-Windows-Kernel-Audit-API-Calls",6,"PsOpenThread","  940 svchost.exe",12140,,," 5520 TrustedInstaller.exe",1664,,,,,,,,,,,,,,,,,,,,,,,,,,,,1762784322445092800,,,,,,,,,,,,,,,,2048,3221225506,,,,,,,,,,,,,,,,,,,,,,,,,,,,,,,,,,,,,,,,,,,,,
"2025-11-10 14:18:42.4451043Z","2025-11-10 14:18:42.4451043Z","ETW","Microsoft-Windows-Kernel-Audit-API-Calls",6,"PsOpenThread","  940 svchost.exe",12140,,," 5520 TrustedInstaller.exe",1664,,,,,,,,,,,,,,,,,,,,,,,,,,,,1762784322445104300,,,,,,,,,,,,,,,,2048,0,,,,,,,,,,,,,,,,,,,,,,,,,,,,,,,,,,,,,,,,,,,,,
"2025-11-10 14:18:42.4478606Z","2025-11-10 14:18:42.4478606Z","ETW","Microsoft-Windows-Kernel-Audit-API-Calls",5,"PsOpenProcess"," 5520 TrustedInstaller.exe",1664,,,"10840 TiWorker.exe",,,,,,,,,,,,,,,,,,,,,,,,,,,,,1762784322447860600,,,,,,,,,,,,,,,,1048576,0,,,,,,,,,,,,,,,,,,,,,,,,,,,,,,,,,,,,,,,,,,,,,
"2025-11-10 14:18:42.4479154Z","2025-11-10 14:18:42.4479154Z","ETW","Microsoft-Windows-Kernel-Audit-API-Calls",6,"PsOpenThread","  940 svchost.exe",12140,,," 5520 TrustedInstaller.exe",1664,,,,,,,,,,,,,,,,,,,,,,,,,,,,1762784322447915400,,,,,,,,,,,,,,,,2048,3221225506,,,,,,,,,,,,,,,,,,,,,,,,,,,,,,,,,,,,,,,,,,,,,
"2025-11-10 14:18:42.4479256Z","2025-11-10 14:18:42.4479256Z","ETW","Microsoft-Windows-Kernel-Audit-API-Calls",6,"PsOpenThread","  940 svchost.exe",12140,,," 5520 TrustedInstaller.exe",1664,,,,,,,,,,,,,,,,,,,,,,,,,,,,1762784322447925600,,,,,,,,,,,,,,,,2048,0,,,,,,,,,,,,,,,,,,,,,,,,,,,,,,,,,,,,,,,,,,,,,
"2025-11-10 14:18:42.4481287Z","2025-11-10 14:18:42.4481287Z","ETW","Microsoft-Windows-Kernel-Process",3,"ThreadStart Start ","10840 TiWorker.exe",6052,,,"10840 TiWorker.exe",,,,,,,,,,,,,,,,,,,,,,,,,,,,,1762784322448128700,,18446606103144857600,18446606103144828928,140737324634384,0,576003469312,11800,576000950272,576000917504,140737324634384,,,,,,,,,,,,,,,,,,,,,,,,,,,,,,,,,,,,,,,,,,,,,,,,,,,,
"2025-11-10 14:18:42.4481524Z","2025-11-10 14:18:42.4481524Z","ETW","Microsoft-Windows-Kernel-Audit-API-Calls",6,"PsOpenThread","10840 TiWorker.exe",6052,,,"10840 TiWorker.exe",11800,,,,,,,,,,,,,,,,,,,,,,,,,,,,1762784322448152400,,,,,,,,,,,,,,,,64,0,,,,,,,,,,,,,,,,,,,,,,,,,,,,,,,,,,,,,,,,,,,,,
"2025-11-10 14:18:42.4482230Z","2025-11-10 14:18:42.4482230Z","ETW","Microsoft-Windows-Kernel-Audit-API-Calls",6,"PsOpenThread","10840 TiWorker.exe",6052,,," 5520 TrustedInstaller.exe",1664,,,,,,,,,,,,,,,,,,,,,,,,,,,,1762784322448223000,,,,,,,,,,,,,,,,2048,0,,,,,,,,,,,,,,,,,,,,,,,,,,,,,,,,,,,,,,,,,,,,,
"2025-11-10 14:18:42.4495175Z","2025-11-10 14:18:42.4495175Z","ETW","Microsoft-Windows-Kernel-Audit-API-Calls",6,"PsOpenThread","10840 TiWorker.exe",6052,,," 5520 TrustedInstaller.exe",1664,,,,,,,,,,,,,,,,,,,,,,,,,,,,1762784322449517500,,,,,,,,,,,,,,,,2048,0,,,,,,,,,,,,,,,,,,,,,,,,,,,,,,,,,,,,,,,,,,,,,
"2025-11-10 14:18:42.4681995Z","2025-11-10 14:18:42.4681995Z","ETW","Microsoft-Windows-Kernel-Audit-API-Calls",6,"PsOpenThread","  940 svchost.exe",12140,,,"10840 TiWorker.exe",3480,,,,,,,,,,,,,,,,,,,,,,,,,,,,1762784322468199500,,,,,,,,,,,,,,,,2048,3221225506,,,,,,,,,,,,,,,,,,,,,,,,,,,,,,,,,,,,,,,,,,,,,
"2025-11-10 14:18:42.4682261Z","2025-11-10 14:18:42.4682261Z","ETW","Microsoft-Windows-Kernel-Audit-API-Calls",6,"PsOpenThread","  940 svchost.exe",12140,,,"10840 TiWorker.exe",3480,,,,,,,,,,,,,,,,,,,,,,,,,,,,1762784322468226100,,,,,,,,,,,,,,,,2048,0,,,,,,,,,,,,,,,,,,,,,,,,,,,,,,,,,,,,,,,,,,,,,
"2025-11-10 14:18:42.4717874Z","2025-11-10 14:18:42.4717874Z","ETW","Microsoft-Windows-Kernel-Process",6,"ImageUnload Info ","10840 TiWorker.exe",3480,,,"10840 TiWorker.exe",,,"C:\Windows\WinSxS\amd64_microsoft-windows-servicingstack_31bf3856ad364e35_10.0.19041.6449_none_7e0d59887c8e1467\wcp.dll",,,,,,,,,,,,,,,,,,,,,,,,,,1762784322471787400,,,,,,,,,,,140736535068672,140736535068672,3919431,3923968,4040817847,,,,,,,,,,,,,,,,,,,,,,,,,,,,,,,,,,,,,,,,,,,,,,,
"2025-11-10 14:18:42.4724155Z","2025-11-10 14:18:42.4724155Z","ETW","Microsoft-Windows-Kernel-Process",6,"ImageUnload Info ","10840 TiWorker.exe",3480,,,"10840 TiWorker.exe",,,"C:\Windows\WinSxS\amd64_microsoft-windows-servicingstack_31bf3856ad364e35_10.0.19041.6449_none_7e0d59887c8e1467\dpx.dll",,,,,,,,,,,,,,,,,,,,,,,,,,1762784322472415500,,,,,,,,,,,140736852721664,140736852721664,799897,757760,112053377,,,,,,,,,,,,,,,,,,,,,,,,,,,,,,,,,,,,,,,,,,,,,,,
"2025-11-10 14:18:42.4728004Z","2025-11-10 14:18:42.4728004Z","ETW","Microsoft-Windows-Kernel-Process",6,"ImageUnload Info ","10840 TiWorker.exe",3480,,,"10840 TiWorker.exe",,,"C:\Windows\System32\vsstrace.dll",,,,,,,,,,,,,,,,,,,,,,,,,,1762784322472800400,,,,,,,,,,,140737155694592,140737155694592,117056,98304,4045369261,,,,,,,,,,,,,,,,,,,,,,,,,,,,,,,,,,,,,,,,,,,,,,,
"2025-11-10 14:18:42.4729629Z","2025-11-10 14:18:42.4729629Z","ETW","Microsoft-Windows-Kernel-Process",6,"ImageUnload Info ","10840 TiWorker.exe",3480,,,"10840 TiWorker.exe",,,"C:\Windows\System32\ws2_32.dll",,,,,,,,,,,,,,,,,,,,,,,,,,1762784322472962900,,,,,,,,,,,140737305772032,140737305772032,489137,438272,2047685052,,,,,,,,,,,,,,,,,,,,,,,,,,,,,,,,,,,,,,,,,,,,,,,
"2025-11-10 14:18:42.4731044Z","2025-11-10 14:18:42.4731044Z","ETW","Microsoft-Windows-Kernel-Process",6,"ImageUnload Info ","10840 TiWorker.exe",3480,,,"10840 TiWorker.exe",,,"C:\Windows\System32\vssapi.dll",,,,,,,,,,,,,,,,,,,,,,,,,,1762784322473104400,,,,,,,,,,,140737156743168,140737156743168,1719311,1695744,4218643099,,,,,,,,,,,,,,,,,,,,,,,,,,,,,,,,,,,,,,,,,,,,,,,
"2025-11-10 14:18:42.4732329Z","2025-11-10 14:18:42.4732329Z","ETW","Microsoft-Windows-Kernel-Process",6,"ImageUnload Info ","10840 TiWorker.exe",3480,,,"10840 TiWorker.exe",,,"C:\Windows\System32\spp.dll",,,,,,,,,,,,,,,,,,,,,,,,,,1762784322473232900,,,,,,,,,,,140736852393984,140736852393984,288218,307200,952923976,,,,,,,,,,,,,,,,,,,,,,,,,,,,,,,,,,,,,,,,,,,,,,,
"2025-11-10 14:18:42.4738102Z","2025-11-10 14:18:42.4738102Z","ETW","Microsoft-Windows-Kernel-Process",6,"ImageUnload Info ","10840 TiWorker.exe",3480,,,"10840 TiWorker.exe",,,"C:\Windows\System32\win32u.dll",,,,,,,,,,,,,,,,,,,,,,,,,,1762784322473810200,,,,,,,,,,,140737281196032,140737281196032,183095,139264,3760910660,,,,,,,,,,,,,,,,,,,,,,,,,,,,,,,,,,,,,,,,,,,,,,,
"2025-11-10 14:18:42.4739994Z","2025-11-10 14:18:42.4739994Z","ETW","Microsoft-Windows-Kernel-Process",6,"ImageUnload Info ","10840 TiWorker.exe",3480,,,"10840 TiWorker.exe",,,"C:\Windows\System32\user32.dll",,,,,,,,,,,,,,,,,,,,,,,,,,1762784322473999400,,,,,,,,,,,140737322287104,140737322287104,1767867,1708032,1351922499,,,,,,,,,,,,,,,,,,,,,,,,,,,,,,,,,,,,,,,,,,,,,,,
"2025-11-10 14:18:42.4744485Z","2025-11-10 14:18:42.4744485Z","ETW","Microsoft-Windows-Kernel-Process",6,"ImageUnload Info ","10840 TiWorker.exe",3480,,,"10840 TiWorker.exe",,,"C:\Windows\System32\gdi32.dll",,,,,,,,,,,,,,,,,,,,,,,,,,1762784322474448500,,,,,,,,,,,140737309507584,140737309507584,210990,176128,2413768611,,,,,,,,,,,,,,,,,,,,,,,,,,,,,,,,,,,,,,,,,,,,,,,
"2025-11-10 14:18:42.4746516Z","2025-11-10 14:18:42.4746516Z","ETW","Microsoft-Windows-Kernel-Process",6,"ImageUnload Info ","10840 TiWorker.exe",3480,,,"10840 TiWorker.exe",,,"C:\Windows\System32\gdi32full.dll",,,,,,,,,,,,,,,,,,,,,,,,,,1762784322474651600,,,,,,,,,,,140737281392640,140737281392640,1167211,1150976,1288019395,,,,,,,,,,,,,,,,,,,,,,,,,,,,,,,,,,,,,,,,,,,,,,,
"2025-11-10 14:18:42.4747410Z","2025-11-10 14:18:42.4747410Z","ETW","Microsoft-Windows-Kernel-Process",6,"ImageUnload Info ","10840 TiWorker.exe",3480,,,"10840 TiWorker.exe",,,"C:\Windows\System32\ole32.dll",,,,,,,,,,,,,,,,,,,,,,,,,,1762784322474741000,,,,,,,,,,,140737303740416,140737303740416,1230514,1224704,2672968490,,,,,,,,,,,,,,,,,,,,,,,,,,,,,,,,,,,,,,,,,,,,,,,
"2025-11-10 14:18:42.4748120Z","2025-11-10 14:18:42.4748120Z","ETW","Microsoft-Windows-Kernel-Process",6,"ImageUnload Info ","10840 TiWorker.exe",3480,,,"10840 TiWorker.exe",,,"C:\Windows\System32\umpdc.dll",,,,,,,,,,,,,,,,,,,,,,,,,,1762784322474812000,,,,,,,,,,,140737277788160,140737277788160,102984,73728,3722146716,,,,,,,,,,,,,,,,,,,,,,,,,,,,,,,,,,,,,,,,,,,,,,,
"2025-11-10 14:18:42.4748576Z","2025-11-10 14:18:42.4748576Z","ETW","Microsoft-Windows-Kernel-Process",6,"ImageUnload Info ","10840 TiWorker.exe",3480,,,"10840 TiWorker.exe",,,"C:\Windows\System32\powrprof.dll",,,,,,,,,,,,,,,,,,,,,,,,,,1762784322474857600,,,,,,,,,,,140737277919232,140737277919232,362119,307200,102339848,,,,,,,,,,,,,,,,,,,,,,,,,,,,,,,,,,,,,,,,,,,,,,,
"2025-11-10 14:18:42.4749143Z","2025-11-10 14:18:42.4749143Z","ETW","Microsoft-Windows-Kernel-Process",6,"ImageUnload Info ","10840 TiWorker.exe",3480,,,"10840 TiWorker.exe",,,"C:\Windows\System32\srclient.dll",,,,,,,,,,,,,,,,,,,,,,,,,,1762784322474914300,,,,,,,,,,,140736884834304,140736884834304,77203,94208,2567662297,,,,,,,,,,,,,,,,,,,,,,,,,,,,,,,,,,,,,,,,,,,,,,,
"2025-11-10 14:18:42.4799324Z","2025-11-10 14:18:42.4799324Z","ETW","Microsoft-Windows-Kernel-Audit-API-Calls",5,"PsOpenProcess","  828 svchost.exe",7356,,," 3460 cyrprtui.exe",,,,,,,,,,,,,,,,,,,,,,,,,,,,,1762784322479932400,,,,,,,,,,,,,,,,8192,0,,,,,,,,,,,,,,,,,,,,,,,,,,,,,,,,,,,,,,,,,,,,,
"2025-11-10 14:18:42.4816578Z","2025-11-10 14:18:42.4816578Z","ETW","Microsoft-Windows-Kernel-Audit-API-Calls",5,"PsOpenProcess"," 6464 explorer.exe",6100,,," 3460 cyrprtui.exe",,,,,,,,,,,,,,,,,,,,,,,,,,,,,1762784322481657800,,,,,,,,,,,,,,,,1040,0,,,,,,,,,,,,,,,,,,,,,,,,,,,,,,,,,,,,,,,,,,,,,
"2025-11-10 14:18:42.4817193Z","2025-11-10 14:18:42.4817193Z","ETW","Microsoft-Windows-Kernel-Audit-API-Calls",5,"PsOpenProcess"," 6464 explorer.exe",6100,,," 3460 cyrprtui.exe",,,,,,,,,,,,,,,,,,,,,,,,,,,,,1762784322481719300,,,,,,,,,,,,,,,,4096,0,,,,,,,,,,,,,,,,,,,,,,,,,,,,,,,,,,,,,,,,,,,,,
"2025-11-10 14:18:42.4817485Z","2025-11-10 14:18:42.4817485Z","ETW","Microsoft-Windows-Kernel-Audit-API-Calls",5,"PsOpenProcess"," 6464 explorer.exe",6100,,," 3460 cyrprtui.exe",,,,,,,,,,,,,,,,,,,,,,,,,,,,,1762784322481748500,,,,,,,,,,,,,,,,4096,0,,,,,,,,,,,,,,,,,,,,,,,,,,,,,,,,,,,,,,,,,,,,,
"2025-11-10 14:18:42.4822917Z","2025-11-10 14:18:42.4822917Z","ETW","Microsoft-Windows-Kernel-Audit-API-Calls",5,"PsOpenProcess"," 6464 explorer.exe",6100,,," 3460 cyrprtui.exe",,,,,,,,,,,,,,,,,,,,,,,,,,,,,1762784322482291700,,,,,,,,,,,,,,,,1040,0,,,,,,,,,,,,,,,,,,,,,,,,,,,,,,,,,,,,,,,,,,,,,
"2025-11-10 14:18:42.4829425Z","2025-11-10 14:18:42.4829425Z","ETW","Microsoft-Windows-Kernel-Audit-API-Calls",6,"PsOpenThread","10364 mintty.exe",5868,,,"10364 mintty.exe",5868,,,,,,,,,,,,,,,,,,,,,,,,,,,,1762784322482942500,,,,,,,,,,,,,,,,1024,0,,,,,,,,,,,,,,,,,,,,,,,,,,,,,,,,,,,,,,,,,,,,,
"2025-11-10 14:18:42.4830921Z","2025-11-10 14:18:42.4830921Z","ETW","Microsoft-Windows-Kernel-Audit-API-Calls",5,"PsOpenProcess"," 6464 explorer.exe",1160,,," 3460 cyrprtui.exe",,,,,,,,,,,,,,,,,,,,,,,,,,,,,1762784322483092100,,,,,,,,,,,,,,,,4096,0,,,,,,,,,,,,,,,,,,,,,,,,,,,,,,,,,,,,,,,,,,,,,
"2025-11-10 14:18:42.4831230Z","2025-11-10 14:18:42.4831230Z","ETW","Microsoft-Windows-Kernel-Audit-API-Calls",5,"PsOpenProcess"," 6464 explorer.exe",1160,,," 3460 cyrprtui.exe",,,,,,,,,,,,,,,,,,,,,,,,,,,,,1762784322483123000,,,,,,,,,,,,,,,,4096,0,,,,,,,,,,,,,,,,,,,,,,,,,,,,,,,,,,,,,,,,,,,,,
"2025-11-10 14:18:42.4834495Z","2025-11-10 14:18:42.4834495Z","ETW","Microsoft-Windows-Kernel-Audit-API-Calls",5,"PsOpenProcess"," 6464 explorer.exe",1160,,," 3460 cyrprtui.exe",,,,,,,,,,,,,,,,,,,,,,,,,,,,,1762784322483449500,,,,,,,,,,,,,,,,1040,0,,,,,,,,,,,,,,,,,,,,,,,,,,,,,,,,,,,,,,,,,,,,,
"2025-11-10 14:18:42.4836077Z","2025-11-10 14:18:42.4836077Z","ETW","Microsoft-Windows-Kernel-Audit-API-Calls",5,"PsOpenProcess"," 6464 explorer.exe",4280,,," 3460 cyrprtui.exe",,,,,,,,,,,,,,,,,,,,,,,,,,,,,1762784322483607700,,,,,,,,,,,,,,,,4096,0,,,,,,,,,,,,,,,,,,,,,,,,,,,,,,,,,,,,,,,,,,,,,
"2025-11-10 14:18:42.4837896Z","2025-11-10 14:18:42.4837896Z","ETW","Microsoft-Windows-Kernel-Audit-API-Calls",5,"PsOpenProcess"," 6464 explorer.exe",4280,,," 3460 cyrprtui.exe",,,,,,,,,,,,,,,,,,,,,,,,,,,,,1762784322483789600,,,,,,,,,,,,,,,,8192,0,,,,,,,,,,,,,,,,,,,,,,,,,,,,,,,,,,,,,,,,,,,,,
"2025-11-10 14:18:42.4840221Z","2025-11-10 14:18:42.4840221Z","ETW","Microsoft-Windows-Kernel-Audit-API-Calls",6,"PsOpenThread","10364 mintty.exe",5868,,,"10364 mintty.exe",5868,,,,,,,,,,,,,,,,,,,,,,,,,,,,1762784322484022100,,,,,,,,,,,,,,,,1024,0,,,,,,,,,,,,,,,,,,,,,,,,,,,,,,,,,,,,,,,,,,,,,
"2025-11-10 14:18:42.4842992Z","2025-11-10 14:18:42.4842992Z","ETW","Microsoft-Windows-Kernel-Audit-API-Calls",6,"PsOpenThread"," 5520 TrustedInstaller.exe",6104,,,"10840 TiWorker.exe",3480,,,,,,,,,,,,,,,,,,,,,,,,,,,,1762784322484299200,,,,,,,,,,,,,,,,2048,0,,,,,,,,,,,,,,,,,,,,,,,,,,,,,,,,,,,,,,,,,,,,,
"2025-11-10 14:18:42.4844537Z","2025-11-10 14:18:42.4844537Z","ETW","Microsoft-Windows-Kernel-Audit-API-Calls",6,"PsOpenThread","  940 svchost.exe",12140,,,"10840 TiWorker.exe",3480,,,,,,,,,,,,,,,,,,,,,,,,,,,,1762784322484453700,,,,,,,,,,,,,,,,2048,3221225506,,,,,,,,,,,,,,,,,,,,,,,,,,,,,,,,,,,,,,,,,,,,,
"2025-11-10 14:18:42.4844607Z","2025-11-10 14:18:42.4844607Z","ETW","Microsoft-Windows-Kernel-Audit-API-Calls",6,"PsOpenThread","  940 svchost.exe",12140,,,"10840 TiWorker.exe",3480,,,,,,,,,,,,,,,,,,,,,,,,,,,,1762784322484460700,,,,,,,,,,,,,,,,2048,0,,,,,,,,,,,,,,,,,,,,,,,,,,,,,,,,,,,,,,,,,,,,,
"2025-11-10 14:18:42.4846592Z","2025-11-10 14:18:42.4846592Z","ETW","Microsoft-Windows-Kernel-Audit-API-Calls",6,"PsOpenThread","  940 svchost.exe",12140,,,"10840 TiWorker.exe",3480,,,,,,,,,,,,,,,,,,,,,,,,,,,,1762784322484659200,,,,,,,,,,,,,,,,2048,3221225506,,,,,,,,,,,,,,,,,,,,,,,,,,,,,,,,,,,,,,,,,,,,,
"2025-11-10 14:18:42.4846656Z","2025-11-10 14:18:42.4846656Z","ETW","Microsoft-Windows-Kernel-Audit-API-Calls",6,"PsOpenThread","  940 svchost.exe",12140,,,"10840 TiWorker.exe",3480,,,,,,,,,,,,,,,,,,,,,,,,,,,,1762784322484665600,,,,,,,,,,,,,,,,2048,0,,,,,,,,,,,,,,,,,,,,,,,,,,,,,,,,,,,,,,,,,,,,,
"2025-11-10 14:18:42.4848754Z","2025-11-10 14:18:42.4848754Z","ETW","Microsoft-Windows-Kernel-Audit-API-Calls",6,"PsOpenThread","  940 svchost.exe",12140,,,"10840 TiWorker.exe",3480,,,,,,,,,,,,,,,,,,,,,,,,,,,,1762784322484875400,,,,,,,,,,,,,,,,2048,3221225506,,,,,,,,,,,,,,,,,,,,,,,,,,,,,,,,,,,,,,,,,,,,,
"2025-11-10 14:18:42.4848822Z","2025-11-10 14:18:42.4848822Z","ETW","Microsoft-Windows-Kernel-Audit-API-Calls",6,"PsOpenThread","  940 svchost.exe",12140,,,"10840 TiWorker.exe",3480,,,,,,,,,,,,,,,,,,,,,,,,,,,,1762784322484882200,,,,,,,,,,,,,,,,2048,0,,,,,,,,,,,,,,,,,,,,,,,,,,,,,,,,,,,,,,,,,,,,,
"2025-11-10 14:18:42.4850015Z","2025-11-10 14:18:42.4850015Z","ETW","Microsoft-Windows-Kernel-Audit-API-Calls",5,"PsOpenProcess"," 6464 explorer.exe",4280,,," 6860 TextInputHost.exe",,,,,,,,,,,,,,,,,,,,,,,,,,,,,1762784322485001500,,,,,,,,,,,,,,,,8192,0,,,,,,,,,,,,,,,,,,,,,,,,,,,,,,,,,,,,,,,,,,,,,
"2025-11-10 14:18:42.4850161Z","2025-11-10 14:18:42.4850161Z","ETW","Microsoft-Windows-Kernel-Audit-API-Calls",5,"PsOpenProcess"," 6464 explorer.exe",4280,,," 6464 explorer.exe",,,,,,,,,,,,,,,,,,,,,,,,,,,,,1762784322485016100,,,,,,,,,,,,,,,,8192,0,,,,,,,,,,,,,,,,,,,,,,,,,,,,,,,,,,,,,,,,,,,,,
"2025-11-10 14:18:42.4850295Z","2025-11-10 14:18:42.4850295Z","ETW","Microsoft-Windows-Kernel-Audit-API-Calls",5,"PsOpenProcess"," 6464 explorer.exe",4280,,," 8724 LockApp.exe",,,,,,,,,,,,,,,,,,,,,,,,,,,,,1762784322485029500,,,,,,,,,,,,,,,,8192,0,,,,,,,,,,,,,,,,,,,,,,,,,,,,,,,,,,,,,,,,,,,,,
"2025-11-10 14:18:42.4850413Z","2025-11-10 14:18:42.4850413Z","ETW","Microsoft-Windows-Kernel-Audit-API-Calls",5,"PsOpenProcess"," 6464 explorer.exe",4280,,," 3460 cyrprtui.exe",,,,,,,,,,,,,,,,,,,,,,,,,,,,,1762784322485041300,,,,,,,,,,,,,,,,8192,0,,,,,,,,,,,,,,,,,,,,,,,,,,,,,,,,,,,,,,,,,,,,,
"2025-11-10 14:18:42.4850535Z","2025-11-10 14:18:42.4850535Z","ETW","Microsoft-Windows-Kernel-Audit-API-Calls",5,"PsOpenProcess"," 6464 explorer.exe",4280,,," 6820 ShellExperienceHost.exe",,,,,,,,,,,,,,,,,,,,,,,,,,,,,1762784322485053500,,,,,,,,,,,,,,,,8192,0,,,,,,,,,,,,,,,,,,,,,,,,,,,,,,,,,,,,,,,,,,,,,
"2025-11-10 14:18:42.4850668Z","2025-11-10 14:18:42.4850668Z","ETW","Microsoft-Windows-Kernel-Audit-API-Calls",5,"PsOpenProcess"," 6464 explorer.exe",4280,,," 1556 SearchApp.exe",,,,,,,,,,,,,,,,,,,,,,,,,,,,,1762784322485066800,,,,,,,,,,,,,,,,8192,0,,,,,,,,,,,,,,,,,,,,,,,,,,,,,,,,,,,,,,,,,,,,,
"2025-11-10 14:18:42.4850781Z","2025-11-10 14:18:42.4850781Z","ETW","Microsoft-Windows-Kernel-Audit-API-Calls",5,"PsOpenProcess"," 6464 explorer.exe",4280,,," 8112 SearchApp.exe",,,,,,,,,,,,,,,,,,,,,,,,,,,,,1762784322485078100,,,,,,,,,,,,,,,,8192,0,,,,,,,,,,,,,,,,,,,,,,,,,,,,,,,,,,,,,,,,,,,,,
"2025-11-10 14:18:42.4850918Z","2025-11-10 14:18:42.4850918Z","ETW","Microsoft-Windows-Kernel-Audit-API-Calls",5,"PsOpenProcess"," 6464 explorer.exe",4280,,," 5564 StartMenuExperienceHost.exe",,,,,,,,,,,,,,,,,,,,,,,,,,,,,1762784322485091800,,,,,,,,,,,,,,,,8192,0,,,,,,,,,,,,,,,,,,,,,,,,,,,,,,,,,,,,,,,,,,,,,
"2025-11-10 14:18:42.4851043Z","2025-11-10 14:18:42.4851043Z","ETW","Microsoft-Windows-Kernel-Audit-API-Calls",5,"PsOpenProcess"," 6464 explorer.exe",4280,,," 1396 cyrprtui.exe",,,,,,,,,,,,,,,,,,,,,,,,,,,,,1762784322485104300,,,,,,,,,,,,,,,,8192,0,,,,,,,,,,,,,,,,,,,,,,,,,,,,,,,,,,,,,,,,,,,,,
"2025-11-10 14:18:42.4851162Z","2025-11-10 14:18:42.4851162Z","ETW","Microsoft-Windows-Kernel-Audit-API-Calls",5,"PsOpenProcess"," 6464 explorer.exe",4280,,,"10364 mintty.exe",,,,,,,,,,,,,,,,,,,,,,,,,,,,,1762784322485116200,,,,,,,,,,,,,,,,8192,0,,,,,,,,,,,,,,,,,,,,,,,,,,,,,,,,,,,,,,,,,,,,,
"2025-11-10 14:18:42.4851174Z","2025-11-10 14:18:42.4851174Z","ETW","Microsoft-Windows-Kernel-Process",6,"ImageUnload Info ","10840 TiWorker.exe",3480,,,"10840 TiWorker.exe",,,"C:\Windows\servicing\CbsApi.dll",,,,,,,,,,,,,,,,,,,,,,,,,,1762784322485117400,,,,,,,,,,,140736884965376,140736884965376,98975,73728,690974901,,,,,,,,,,,,,,,,,,,,,,,,,,,,,,,,,,,,,,,,,,,,,,,
"2025-11-10 14:18:42.4851217Z","2025-11-10 14:18:42.4851217Z","ETW","Microsoft-Windows-Kernel-Audit-API-Calls",5,"PsOpenProcess"," 6464 explorer.exe",4280,,," 5452 powershell.exe",,,,,,,,,,,,,,,,,,,,,,,,,,,,,1762784322485121700,,,,,,,,,,,,,,,,8192,3221225506,,,,,,,,,,,,,,,,,,,,,,,,,,,,,,,,,,,,,,,,,,,,,
"2025-11-10 14:18:42.4851343Z","2025-11-10 14:18:42.4851343Z","ETW","Microsoft-Windows-Kernel-Audit-API-Calls",5,"PsOpenProcess"," 6464 explorer.exe",4280,,,"  476 firefox.exe",,,,,,,,,,,,,,,,,,,,,,,,,,,,,1762784322485134300,,,,,,,,,,,,,,,,8192,0,,,,,,,,,,,,,,,,,,,,,,,,,,,,,,,,,,,,,,,,,,,,,
"2025-11-10 14:18:42.4851471Z","2025-11-10 14:18:42.4851471Z","ETW","Microsoft-Windows-Kernel-Audit-API-Calls",5,"PsOpenProcess"," 6464 explorer.exe",4280,,," 9872 SystemSettings.exe",,,,,,,,,,,,,,,,,,,,,,,,,,,,,1762784322485147100,,,,,,,,,,,,,,,,8192,0,,,,,,,,,,,,,,,,,,,,,,,,,,,,,,,,,,,,,,,,,,,,,
"2025-11-10 14:18:42.4851599Z","2025-11-10 14:18:42.4851599Z","ETW","Microsoft-Windows-Kernel-Audit-API-Calls",5,"PsOpenProcess"," 6464 explorer.exe",4280,,," 9632 ApplicationFrameHost.exe",,,,,,,,,,,,,,,,,,,,,,,,,,,,,1762784322485159900,,,,,,,,,,,,,,,,8192,0,,,,,,,,,,,,,,,,,,,,,,,,,,,,,,,,,,,,,,,,,,,,,
"2025-11-10 14:18:42.4851648Z","2025-11-10 14:18:42.4851648Z","ETW","Microsoft-Windows-Kernel-Audit-API-Calls",5,"PsOpenProcess"," 6464 explorer.exe",4280,,,"  472 dwm.exe",,,,,,,,,,,,,,,,,,,,,,,,,,,,,1762784322485164800,,,,,,,,,,,,,,,,8192,3221225506,,,,,,,,,,,,,,,,,,,,,,,,,,,,,,,,,,,,,,,,,,,,,
"2025-11-10 14:18:42.4857616Z","2025-11-10 14:18:42.4857616Z","ETW","Microsoft-Windows-Kernel-Audit-API-Calls",6,"PsOpenThread"," 2420 svchost.exe",9712,,," 5948 svchost.exe",11992,,,,,,,,,,,,,,,,,,,,,,,,,,,,1762784322485761600,,,,,,,,,,,,,,,,2048,0,,,,,,,,,,,,,,,,,,,,,,,,,,,,,,,,,,,,,,,,,,,,,
"2025-11-10 14:18:42.4862057Z","2025-11-10 14:18:42.4862057Z","ETW","Microsoft-Windows-Kernel-Audit-API-Calls",5,"PsOpenProcess"," 6464 explorer.exe",4488,,," 3460 cyrprtui.exe",,,,,,,,,,,,,,,,,,,,,,,,,,,,,1762784322486205700,,,,,,,,,,,,,,,,4096,0,,,,,,,,,,,,,,,,,,,,,,,,,,,,,,,,,,,,,,,,,,,,,
"2025-11-10 14:18:42.4862617Z","2025-11-10 14:18:42.4862617Z","ETW","Microsoft-Windows-Kernel-Audit-API-Calls",6,"PsOpenThread","  828 svchost.exe",12124,,," 6464 explorer.exe",4488,,,,,,,,,,,,,,,,,,,,,,,,,,,,1762784322486261700,,,,,,,,,,,,,,,,2048,0,,,,,,,,,,,,,,,,,,,,,,,,,,,,,,,,,,,,,,,,,,,,,
"2025-11-10 14:18:42.4863820Z","2025-11-10 14:18:42.4863820Z","ETW","Microsoft-Windows-Kernel-Audit-API-Calls",5,"PsOpenProcess"," 6464 explorer.exe",4488,,," 3460 cyrprtui.exe",,,,,,,,,,,,,,,,,,,,,,,,,,,,,1762784322486382000,,,,,,,,,,,,,,,,4096,0,,,,,,,,,,,,,,,,,,,,,,,,,,,,,,,,,,,,,,,,,,,,,
"2025-11-10 14:18:42.4864550Z","2025-11-10 14:18:42.4864550Z","ETW","Microsoft-Windows-Kernel-Audit-API-Calls",5,"PsOpenProcess"," 6464 explorer.exe",11052,,," 3460 cyrprtui.exe",,,,,,,,,,,,,,,,,,,,,,,,,,,,,1762784322486455000,,,,,,,,,,,,,,,,4096,0,,,,,,,,,,,,,,,,,,,,,,,,,,,,,,,,,,,,,,,,,,,,,
"2025-11-10 14:18:42.4864607Z","2025-11-10 14:18:42.4864607Z","ETW","Microsoft-Windows-Kernel-Audit-API-Calls",6,"PsOpenThread","  828 svchost.exe",12124,,," 6464 explorer.exe",4488,,,,,,,,,,,,,,,,,,,,,,,,,,,,1762784322486460700,,,,,,,,,,,,,,,,2048,0,,,,,,,,,,,,,,,,,,,,,,,,,,,,,,,,,,,,,,,,,,,,,
"2025-11-10 14:18:42.4866138Z","2025-11-10 14:18:42.4866138Z","ETW","Microsoft-Windows-Kernel-Audit-API-Calls",5,"PsOpenProcess","  828 svchost.exe",12124,,," 3460 cyrprtui.exe",,,,,,,,,,,,,,,,,,,,,,,,,,,,,1762784322486613800,,,,,,,,,,,,,,,,4096,0,,,,,,,,,,,,,,,,,,,,,,,,,,,,,,,,,,,,,,,,,,,,,
"2025-11-10 14:18:42.4868690Z","2025-11-10 14:18:42.4868690Z","ETW","Microsoft-Windows-Kernel-Process",6,"ImageUnload Info ","10840 TiWorker.exe",3480,,,"10840 TiWorker.exe",,,"C:\Windows\WinSxS\amd64_microsoft-windows-servicingstack_31bf3856ad364e35_10.0.19041.6449_none_7e0d59887c8e1467\wdscore.dll",,,,,,,,,,,,,,,,,,,,,,,,,,1762784322486869000,,,,,,,,,,,140736855080960,140736855080960,268078,274432,1904232526,,,,,,,,,,,,,,,,,,,,,,,,,,,,,,,,,,,,,,,,,,,,,,,
"2025-11-10 14:18:42.4870621Z","2025-11-10 14:18:42.4870621Z","ETW","Microsoft-Windows-Kernel-Audit-API-Calls",5,"PsOpenProcess","  828 svchost.exe",12124,,," 3460 cyrprtui.exe",,,,,,,,,,,,,,,,,,,,,,,,,,,,,1762784322487062100,,,,,,,,,,,,,,,,4096,0,,,,,,,,,,,,,,,,,,,,,,,,,,,,,,,,,,,,,,,,,,,,,
"2025-11-10 14:18:42.4871308Z","2025-11-10 14:18:42.4871308Z","ETW","Microsoft-Windows-Kernel-Audit-API-Calls",5,"PsOpenProcess"," 6464 explorer.exe",4488,,," 3460 cyrprtui.exe",,,,,,,,,,,,,,,,,,,,,,,,,,,,,1762784322487130800,,,,,,,,,,,,,,,,4096,0,,,,,,,,,,,,,,,,,,,,,,,,,,,,,,,,,,,,,,,,,,,,,
"2025-11-10 14:18:42.4873681Z","2025-11-10 14:18:42.4873681Z","ETW","Microsoft-Windows-Kernel-Process",4,"ThreadStop Stop ","10840 TiWorker.exe",3480,,,"10840 TiWorker.exe",,,,,,,,,,,,,,,,,,,,,,,,,,,,,1762784322487368100,,18446606103136468992,18446606103136440320,140695934852112,0,576003411968,3480,576000425984,576000393216,140695934852112,,,,,,,,,,,112959163,,,,,,,,,,,,,,,,,,,,,,,,,,,,,,,,,,,,,,,,,
"2025-11-10 14:18:42.4875862Z","2025-11-10 14:18:42.4875862Z","ETW","Microsoft-Windows-Kernel-Audit-API-Calls",5,"PsOpenProcess"," 6464 explorer.exe",4488,,," 3460 cyrprtui.exe",,,,,,,,,,,,,,,,,,,,,,,,,,,,,1762784322487586200,,,,,,,,,,,,,,,,4096,0,,,,,,,,,,,,,,,,,,,,,,,,,,,,,,,,,,,,,,,,,,,,,
"2025-11-10 14:18:42.4876449Z","2025-11-10 14:18:42.4876449Z","ETW","Microsoft-Windows-Kernel-Audit-API-Calls",6,"PsOpenThread","  940 svchost.exe",8052,,," 6464 explorer.exe",11084,,,,,,,,,,,,,,,,,,,,,,,,,,,,1762784322487644900,,,,,,,,,,,,,,,,2048,3221225506,,,,,,,,,,,,,,,,,,,,,,,,,,,,,,,,,,,,,,,,,,,,,
"2025-11-10 14:18:42.4876529Z","2025-11-10 14:18:42.4876529Z","ETW","Microsoft-Windows-Kernel-Audit-API-Calls",6,"PsOpenThread","  940 svchost.exe",8052,,," 6464 explorer.exe",11084,,,,,,,,,,,,,,,,,,,,,,,,,,,,1762784322487652900,,,,,,,,,,,,,,,,2048,0,,,,,,,,,,,,,,,,,,,,,,,,,,,,,,,,,,,,,,,,,,,,,
"2025-11-10 14:18:42.4877373Z","2025-11-10 14:18:42.4877373Z","ETW","Microsoft-Windows-Kernel-Audit-API-Calls",6,"PsOpenThread","  940 svchost.exe",12140,,," 6464 explorer.exe",11468,,,,,,,,,,,,,,,,,,,,,,,,,,,,1762784322487737300,,,,,,,,,,,,,,,,2048,3221225506,,,,,,,,,,,,,,,,,,,,,,,,,,,,,,,,,,,,,,,,,,,,,
"2025-11-10 14:18:42.4877448Z","2025-11-10 14:18:42.4877448Z","ETW","Microsoft-Windows-Kernel-Audit-API-Calls",6,"PsOpenThread","  940 svchost.exe",12140,,," 6464 explorer.exe",11468,,,,,,,,,,,,,,,,,,,,,,,,,,,,1762784322487744800,,,,,,,,,,,,,,,,2048,0,,,,,,,,,,,,,,,,,,,,,,,,,,,,,,,,,,,,,,,,,,,,,
"2025-11-10 14:18:42.4879980Z","2025-11-10 14:18:42.4879980Z","ETW","Microsoft-Windows-Kernel-Audit-API-Calls",6,"PsOpenThread","  940 svchost.exe",12140,,," 6464 explorer.exe",11084,,,,,,,,,,,,,,,,,,,,,,,,,,,,1762784322487998000,,,,,,,,,,,,,,,,2048,3221225506,,,,,,,,,,,,,,,,,,,,,,,,,,,,,,,,,,,,,,,,,,,,,
"2025-11-10 14:18:42.4880044Z","2025-11-10 14:18:42.4880044Z","ETW","Microsoft-Windows-Kernel-Audit-API-Calls",6,"PsOpenThread","  940 svchost.exe",12140,,," 6464 explorer.exe",11084,,,,,,,,,,,,,,,,,,,,,,,,,,,,1762784322488004400,,,,,,,,,,,,,,,,2048,0,,,,,,,,,,,,,,,,,,,,,,,,,,,,,,,,,,,,,,,,,,,,,
"2025-11-10 14:18:42.4880236Z","2025-11-10 14:18:42.4880236Z","ETW","Microsoft-Windows-Kernel-Audit-API-Calls",6,"PsOpenThread","  940 svchost.exe",11892,,," 6464 explorer.exe",11052,,,,,,,,,,,,,,,,,,,,,,,,,,,,1762784322488023600,,,,,,,,,,,,,,,,2048,3221225506,,,,,,,,,,,,,,,,,,,,,,,,,,,,,,,,,,,,,,,,,,,,,
"2025-11-10 14:18:42.4880313Z","2025-11-10 14:18:42.4880313Z","ETW","Microsoft-Windows-Kernel-Audit-API-Calls",6,"PsOpenThread","  940 svchost.exe",11892,,," 6464 explorer.exe",11052,,,,,,,,,,,,,,,,,,,,,,,,,,,,1762784322488031300,,,,,,,,,,,,,,,,2048,0,,,,,,,,,,,,,,,,,,,,,,,,,,,,,,,,,,,,,,,,,,,,,
"2025-11-10 14:18:42.4880919Z","2025-11-10 14:18:42.4880919Z","ETW","Microsoft-Windows-Kernel-Audit-API-Calls",6,"PsOpenThread","  940 svchost.exe",12140,,," 6464 explorer.exe",11084,,,,,,,,,,,,,,,,,,,,,,,,,,,,1762784322488091900,,,,,,,,,,,,,,,,2048,3221225506,,,,,,,,,,,,,,,,,,,,,,,,,,,,,,,,,,,,,,,,,,,,,
"2025-11-10 14:18:42.4880979Z","2025-11-10 14:18:42.4880979Z","ETW","Microsoft-Windows-Kernel-Audit-API-Calls",6,"PsOpenThread","  940 svchost.exe",12140,,," 6464 explorer.exe",11084,,,,,,,,,,,,,,,,,,,,,,,,,,,,1762784322488097900,,,,,,,,,,,,,,,,2048,0,,,,,,,,,,,,,,,,,,,,,,,,,,,,,,,,,,,,,,,,,,,,,
"2025-11-10 14:18:42.4881791Z","2025-11-10 14:18:42.4881791Z","ETW","Microsoft-Windows-Kernel-Process",4,"ThreadStop Stop ","10840 TiWorker.exe",11800,,,"10840 TiWorker.exe",,,,,,,,,,,,,,,,,,,,,,,,,,,,,1762784322488179100,,18446606103144857600,18446606103144828928,140737324634384,0,576003469312,11800,576000950272,576000917504,140737324634384,,,,,,,,,,,256998,,,,,,,,,,,,,,,,,,,,,,,,,,,,,,,,,,,,,,,,,
"2025-11-10 14:18:42.4882284Z","2025-11-10 14:18:42.4882284Z","ETW","Microsoft-Windows-Kernel-Process",4,"ThreadStop Stop ","10840 TiWorker.exe",6052,,,"10840 TiWorker.exe",,,,,,,,,,,,,,,,,,,,,,,,,,,,,1762784322488228400,,18446606103136632832,18446606103136604160,140737324634384,0,576003444736,6052,576004816896,576004784128,140737324634384,,,,,,,,,,,1691397456,,,,,,,,,,,,,,,,,,,,,,,,,,,,,,,,,,,,,,,,,
"2025-11-10 14:18:42.4883852Z","2025-11-10 14:18:42.4883852Z","ETW","Microsoft-Windows-Kernel-Audit-API-Calls",6,"PsOpenThread","  940 svchost.exe",12140,,," 6464 explorer.exe",11084,,,,,,,,,,,,,,,,,,,,,,,,,,,,1762784322488385200,,,,,,,,,,,,,,,,2048,3221225506,,,,,,,,,,,,,,,,,,,,,,,,,,,,,,,,,,,,,,,,,,,,,
"2025-11-10 14:18:42.4883921Z","2025-11-10 14:18:42.4883921Z","ETW","Microsoft-Windows-Kernel-Audit-API-Calls",6,"PsOpenThread","  940 svchost.exe",12140,,," 6464 explorer.exe",11084,,,,,,,,,,,,,,,,,,,,,,,,,,,,1762784322488392100,,,,,,,,,,,,,,,,2048,0,,,,,,,,,,,,,,,,,,,,,,,,,,,,,,,,,,,,,,,,,,,,,
"2025-11-10 14:18:42.4885709Z","2025-11-10 14:18:42.4885709Z","ETW","Microsoft-Windows-Kernel-Audit-API-Calls",6,"PsOpenThread","  940 svchost.exe",12140,,," 6464 explorer.exe",11052,,,,,,,,,,,,,,,,,,,,,,,,,,,,1762784322488570900,,,,,,,,,,,,,,,,2048,3221225506,,,,,,,,,,,,,,,,,,,,,,,,,,,,,,,,,,,,,,,,,,,,,
"2025-11-10 14:18:42.4885771Z","2025-11-10 14:18:42.4885771Z","ETW","Microsoft-Windows-Kernel-Audit-API-Calls",6,"PsOpenThread","  940 svchost.exe",12140,,," 6464 explorer.exe",11052,,,,,,,,,,,,,,,,,,,,,,,,,,,,1762784322488577100,,,,,,,,,,,,,,,,2048,0,,,,,,,,,,,,,,,,,,,,,,,,,,,,,,,,,,,,,,,,,,,,,
"2025-11-10 14:18:42.4886001Z","2025-11-10 14:18:42.4886001Z","ETW","Microsoft-Windows-Kernel-Process",4,"ThreadStop Stop ","10840 TiWorker.exe",1560,,,"10840 TiWorker.exe",,,,,,,,,,,,,,,,,,,,,,,,,,,,,1762784322488600100,,18446606103134797824,18446606103134769152,140737287943264,0,576003436544,1560,576004292608,576004259840,140737287943264,,,,,,,,,,,408418,,,,,,,,,,,,,,,,,,,,,,,,,,,,,,,,,,,,,,,,,
"2025-11-10 14:18:42.4887425Z","2025-11-10 14:18:42.4887425Z","ETW","Microsoft-Windows-Kernel-Audit-API-Calls",6,"PsOpenThread","  940 svchost.exe",12140,,," 6464 explorer.exe",11052,,,,,,,,,,,,,,,,,,,,,,,,,,,,1762784322488742500,,,,,,,,,,,,,,,,2048,3221225506,,,,,,,,,,,,,,,,,,,,,,,,,,,,,,,,,,,,,,,,,,,,,
"2025-11-10 14:18:42.4887456Z","2025-11-10 14:18:42.4887456Z","ETW","Microsoft-Windows-Kernel-Process",6,"ImageUnload Info ","10840 TiWorker.exe",1560,,,"10840 TiWorker.exe",,,"C:\Windows\WinSxS\amd64_microsoft-windows-servicingstack_31bf3856ad364e35_10.0.19041.6449_none_7e0d59887c8e1467\TiWorker.exe",,,,,,,,,,,,,,,,,,,,,,,,,,1762784322488745600,,,,,,,,,,,140695934730240,140695934730240,310847,278528,3069267228,,,,,,,,,,,,,,,,,,,,,,,,,,,,,,,,,,,,,,,,,,,,,,,
"2025-11-10 14:18:42.4887491Z","2025-11-10 14:18:42.4887491Z","ETW","Microsoft-Windows-Kernel-Audit-API-Calls",6,"PsOpenThread","  940 svchost.exe",12140,,," 6464 explorer.exe",11052,,,,,,,,,,,,,,,,,,,,,,,,,,,,1762784322488749100,,,,,,,,,,,,,,,,2048,0,,,,,,,,,,,,,,,,,,,,,,,,,,,,,,,,,,,,,,,,,,,,,
"2025-11-10 14:18:42.4887554Z","2025-11-10 14:18:42.4887554Z","ETW","Microsoft-Windows-Kernel-Process",6,"ImageUnload Info ","10840 TiWorker.exe",1560,,,"10840 TiWorker.exe",,,"C:\Windows\WinSxS\amd64_microsoft-windows-servicingstack_31bf3856ad364e35_10.0.19041.6449_none_7e0d59887c8e1467\CbsCore.dll",,,,,,,,,,,,,,,,,,,,,,,,,,1762784322488755400,,,,,,,,,,,140736693141504,140736693141504,2711626,2736128,869969451,,,,,,,,,,,,,,,,,,,,,,,,,,,,,,,,,,,,,,,,,,,,,,,
"2025-11-10 14:18:42.4887620Z","2025-11-10 14:18:42.4887620Z","ETW","Microsoft-Windows-Kernel-Process",6,"ImageUnload Info ","10840 TiWorker.exe",1560,,,"10840 TiWorker.exe",,,"C:\Windows\WinSxS\amd64_microsoft-windows-servicingstack_31bf3856ad364e35_10.0.19041.6449_none_7e0d59887c8e1467\drupdate.dll",,,,,,,,,,,,,,,,,,,,,,,,,,1762784322488762000,,,,,,,,,,,140736854622208,140736854622208,427214,397312,1464744095,,,,,,,,,,,,,,,,,,,,,,,,,,,,,,,,,,,,,,,,,,,,,,,
"2025-11-10 14:18:42.4887954Z","2025-11-10 14:18:42.4887954Z","ETW","Microsoft-Windows-Kernel-Process",6,"ImageUnload Info ","10840 TiWorker.exe",1560,,,"10840 TiWorker.exe",,,"C:\Windows\System32\dbgcore.dll",,,,,,,,,,,,,,,,,,,,,,,,,,1762784322488795400,,,,,,,,,,,140737192198144,140737192198144,257225,212992,3169675796,,,,,,,,,,,,,,,,,,,,,,,,,,,,,,,,,,,,,,,,,,,,,,,
"2025-11-10 14:18:42.4888327Z","2025-11-10 14:18:42.4888327Z","ETW","Microsoft-Windows-Kernel-Process",6,"ImageUnload Info ","10840 TiWorker.exe",1560,,,"10840 TiWorker.exe",,,"C:\Windows\System32\dbghelp.dll",,,,,,,,,,,,,,,,,,,,,,,,,,1762784322488832700,,,,,,,,,,,140737194622976,140737194622976,2013374,2101248,3002569453,,,,,,,,,,,,,,,,,,,,,,,,,,,,,,,,,,,,,,,,,,,,,,,
"2025-11-10 14:18:42.4888500Z","2025-11-10 14:18:42.4888500Z","ETW","Microsoft-Windows-Kernel-Process",6,"ImageUnload Info ","10840 TiWorker.exe",1560,,,"10840 TiWorker.exe",,,"C:\Windows\System32\kernel.appcore.dll",,,,,,,,,,,,,,,,,,,,,,,,,,1762784322488850000,,,,,,,,,,,140737244561408,140737244561408,122143,73728,1990571354,,,,,,,,,,,,,,,,,,,,,,,,,,,,,,,,,,,,,,,,,,,,,,,
"2025-11-10 14:18:42.4888571Z","2025-11-10 14:18:42.4888571Z","ETW","Microsoft-Windows-Kernel-Audit-API-Calls",6,"PsOpenThread","  940 svchost.exe",12140,,," 6464 explorer.exe",11052,,,,,,,,,,,,,,,,,,,,,,,,,,,,1762784322488857100,,,,,,,,,,,,,,,,2048,3221225506,,,,,,,,,,,,,,,,,,,,,,,,,,,,,,,,,,,,,,,,,,,,,
"2025-11-10 14:18:42.4888620Z","2025-11-10 14:18:42.4888620Z","ETW","Microsoft-Windows-Kernel-Process",6,"ImageUnload Info ","10840 TiWorker.exe",1560,,,"10840 TiWorker.exe",,,"C:\Windows\System32\ntmarta.dll",,,,,,,,,,,,,,,,,,,,,,,,,,1762784322488862000,,,,,,,,,,,140737265074176,140737265074176,197444,208896,4265087599,,,,,,,,,,,,,,,,,,,,,,,,,,,,,,,,,,,,,,,,,,,,,,,
"2025-11-10 14:18:42.4888631Z","2025-11-10 14:18:42.4888631Z","ETW","Microsoft-Windows-Kernel-Audit-API-Calls",6,"PsOpenThread","  940 svchost.exe",12140,,," 6464 explorer.exe",11052,,,,,,,,,,,,,,,,,,,,,,,,,,,,1762784322488863100,,,,,,,,,,,,,,,,2048,0,,,,,,,,,,,,,,,,,,,,,,,,,,,,,,,,,,,,,,,,,,,,,
"2025-11-10 14:18:42.4888741Z","2025-11-10 14:18:42.4888741Z","ETW","Microsoft-Windows-Kernel-Process",6,"ImageUnload Info ","10840 TiWorker.exe",1560,,,"10840 TiWorker.exe",,,"C:\Windows\System32\cryptsp.dll",,,,,,,,,,,,,,,,,,,,,,,,,,1762784322488874100,,,,,,,,,,,140737271889920,140737271889920,98190,98304,761762082,,,,,,,,,,,,,,,,,,,,,,,,,,,,,,,,,,,,,,,,,,,,,,,
"2025-11-10 14:18:42.4888870Z","2025-11-10 14:18:42.4888870Z","ETW","Microsoft-Windows-Kernel-Process",6,"ImageUnload Info ","10840 TiWorker.exe",1560,,,"10840 TiWorker.exe",,,"C:\Windows\System32\msasn1.dll",,,,,,,,,,,,,,,,,,,,,,,,,,1762784322488887000,,,,,,,,,,,140737274249216,140737274249216,77957,73728,542995476,,,,,,,,,,,,,,,,,,,,,,,,,,,,,,,,,,,,,,,,,,,,,,,
"2025-11-10 14:18:42.4889001Z","2025-11-10 14:18:42.4889001Z","ETW","Microsoft-Windows-Kernel-Process",6,"ImageUnload Info ","10840 TiWorker.exe",1560,,,"10840 TiWorker.exe",,,"C:\Windows\System32\userenv.dll",,,,,,,,,,,,,,,,,,,,,,,,,,1762784322488900100,,,,,,,,,,,140737278246912,140737278246912,236892,188416,1800799979,,,,,,,,,,,,,,,,,,,,,,,,,,,,,,,,,,,,,,,,,,,,,,,
"2025-11-10 14:18:42.4889108Z","2025-11-10 14:18:42.4889108Z","ETW","Microsoft-Windows-Kernel-Process",6,"ImageUnload Info ","10840 TiWorker.exe",1560,,,"10840 TiWorker.exe",,,"C:\Windows\System32\bcrypt.dll",,,,,,,,,,,,,,,,,,,,,,,,,,1762784322488910800,,,,,,,,,,,140737279623168,140737279623168,171668,159744,2220160889,,,,,,,,,,,,,,,,,,,,,,,,,,,,,,,,,,,,,,,,,,,,,,,
"2025-11-10 14:18:42.4889224Z","2025-11-10 14:18:42.4889224Z","ETW","Microsoft-Windows-Kernel-Process",6,"ImageUnload Info ","10840 TiWorker.exe",1560,,,"10840 TiWorker.exe",,,"C:\Windows\System32\msvcp_win.dll",,,,,,,,,,,,,,,,,,,,,,,,,,1762784322488922400,,,,,,,,,,,140737279819776,140737279819776,659111,643072,958749903,,,,,,,,,,,,,,,,,,,,,,,,,,,,,,,,,,,,,,,,,,,,,,,
"2025-11-10 14:18:42.4889341Z","2025-11-10 14:18:42.4889341Z","ETW","Microsoft-Windows-Kernel-Process",6,"ImageUnload Info ","10840 TiWorker.exe",1560,,,"10840 TiWorker.exe",,,"C:\Windows\System32\bcryptprimitives.dll",,,,,,,,,,,,,,,,,,,,,,,,,,1762784322488934100,,,,,,,,,,,140737282572288,140737282572288,531569,532480,3309379821,,,,,,,,,,,,,,,,,,,,,,,,,,,,,,,,,,,,,,,,,,,,,,,
"2025-11-10 14:18:42.4889444Z","2025-11-10 14:18:42.4889444Z","ETW","Microsoft-Windows-Kernel-Process",6,"ImageUnload Info ","10840 TiWorker.exe",1560,,,"10840 TiWorker.exe",,,"C:\Windows\System32\ucrtbase.dll",,,,,,,,,,,,,,,,,,,,,,,,,,1762784322488944400,,,,,,,,,,,140737283162112,140737283162112,1076532,1048576,2177850761,,,,,,,,,,,,,,,,,,,,,,,,,,,,,,,,,,,,,,,,,,,,,,,
"2025-11-10 14:18:42.4889552Z","2025-11-10 14:18:42.4889552Z","ETW","Microsoft-Windows-Kernel-Process",6,"ImageUnload Info ","10840 TiWorker.exe",1560,,,"10840 TiWorker.exe",,,"C:\Windows\System32\crypt32.dll",,,,,,,,,,,,,,,,,,,,,,,,,,1762784322488955200,,,,,,,,,,,140737284210688,140737284210688,1475348,1429504,1407027447,,,,,,,,,,,,,,,,,,,,,,,,,,,,,,,,,,,,,,,,,,,,,,,
"2025-11-10 14:18:42.4889658Z","2025-11-10 14:18:42.4889658Z","ETW","Microsoft-Windows-Kernel-Process",6,"ImageUnload Info ","10840 TiWorker.exe",1560,,,"10840 TiWorker.exe",,,"C:\Windows\System32\cfgmgr32.dll",,,,,,,,,,,,,,,,,,,,,,,,,,1762784322488965800,,,,,,,,,,,140737285652480,140737285652480,326318,319488,517898589,,,,,,,,,,,,,,,,,,,,,,,,,,,,,,,,,,,,,,,,,,,,,,,
"2025-11-10 14:18:42.4889769Z","2025-11-10 14:18:42.4889769Z","ETW","Microsoft-Windows-Kernel-Process",6,"ImageUnload Info ","10840 TiWorker.exe",1560,,,"10840 TiWorker.exe",,,"C:\Windows\System32\wintrust.dll",,,,,,,,,,,,,,,,,,,,,,,,,,1762784322488976900,,,,,,,,,,,140737285980160,140737285980160,481081,471040,3496974433,,,,,,,,,,,,,,,,,,,,,,,,,,,,,,,,,,,,,,,,,,,,,,,
"2025-11-10 14:18:42.4889881Z","2025-11-10 14:18:42.4889881Z","ETW","Microsoft-Windows-Kernel-Process",6,"ImageUnload Info ","10840 TiWorker.exe",1560,,,"10840 TiWorker.exe",,,"C:\Windows\System32\combase.dll",,,,,,,,,,,,,,,,,,,,,,,,,,1762784322488988100,,,,,,,,,,,140737287094272,140737287094272,3535278,3489792,144435709,,,,,,,,,,,,,,,,,,,,,,,,,,,,,,,,,,,,,,,,,,,,,,,
"2025-11-10 14:18:42.4889990Z","2025-11-10 14:18:42.4889990Z","ETW","Microsoft-Windows-Kernel-Process",6,"ImageUnload Info ","10840 TiWorker.exe",1560,,,"10840 TiWorker.exe",,,"C:\Windows\System32\clbcatq.dll",,,,,,,,,,,,,,,,,,,,,,,,,,1762784322488999000,,,,,,,,,,,140737306230784,140737306230784,736478,692224,97696835,,,,,,,,,,,,,,,,,,,,,,,,,,,,,,,,,,,,,,,,,,,,,,,
"2025-11-10 14:18:42.4890105Z","2025-11-10 14:18:42.4890105Z","ETW","Microsoft-Windows-Kernel-Process",6,"ImageUnload Info ","10840 TiWorker.exe",1560,,,"10840 TiWorker.exe",,,"C:\Windows\System32\advapi32.dll",,,,,,,,,,,,,,,,,,,,,,,,,,1762784322489010500,,,,,,,,,,,140737306951680,140737306951680,744837,724992,4166620877,,,,,,,,,,,,,,,,,,,,,,,,,,,,,,,,,,,,,,,,,,,,,,,
"2025-11-10 14:18:42.4890216Z","2025-11-10 14:18:42.4890216Z","ETW","Microsoft-Windows-Kernel-Process",6,"ImageUnload Info ","10840 TiWorker.exe",1560,,,"10840 TiWorker.exe",,,"C:\Windows\System32\sechost.dll",,,,,,,,,,,,,,,,,,,,,,,,,,1762784322489021600,,,,,,,,,,,140737308262400,140737308262400,647124,651264,2117042745,,,,,,,,,,,,,,,,,,,,,,,,,,,,,,,,,,,,,,,,,,,,,,,
"2025-11-10 14:18:42.4890320Z","2025-11-10 14:18:42.4890320Z","ETW","Microsoft-Windows-Kernel-Process",6,"ImageUnload Info ","10840 TiWorker.exe",1560,,,"10840 TiWorker.exe",,,"C:\Windows\System32\msvcrt.dll",,,,,,,,,,,,,,,,,,,,,,,,,,1762784322489032000,,,,,,,,,,,140737314357248,140737314357248,681663,647168,2616593924,,,,,,,,,,,,,,,,,,,,,,,,,,,,,,,,,,,,,,,,,,,,,,,
"2025-11-10 14:18:42.4890423Z","2025-11-10 14:18:42.4890423Z","ETW","Microsoft-Windows-Kernel-Process",6,"ImageUnload Info ","10840 TiWorker.exe",1560,,,"10840 TiWorker.exe",,,"C:\Windows\System32\oleaut32.dll",,,,,,,,,,,,,,,,,,,,,,,,,,1762784322489042300,,,,,,,,,,,140737315012608,140737315012608,849765,839680,3559841777,,,,,,,,,,,,,,,,,,,,,,,,,,,,,,,,,,,,,,,,,,,,,,,
"2025-11-10 14:18:42.4890521Z","2025-11-10 14:18:42.4890521Z","ETW","Microsoft-Windows-Kernel-Process",6,"ImageUnload Info ","10840 TiWorker.exe",1560,,,"10840 TiWorker.exe",,,"C:\Windows\System32\rpcrt4.dll",,,,,,,,,,,,,,,,,,,,,,,,,,1762784322489052100,,,,,,,,,,,140737317109760,140737317109760,1217917,1179648,2756017066,,,,,,,,,,,,,,,,,,,,,,,,,,,,,,,,,,,,,,,,,,,,,,,
"2025-11-10 14:18:42.4890627Z","2025-11-10 14:18:42.4890627Z","ETW","Microsoft-Windows-Kernel-Process",6,"ImageUnload Info ","10840 TiWorker.exe",1560,,,"10840 TiWorker.exe",,,"C:\Windows\System32\KernelBase.dll",,,,,,,,,,,,,,,,,,,,,,,,,,1762784322489062700,,,,,,,,,,,140737318289408,140737318289408,3171178,3104768,1448155220,,,,,,,,,,,,,,,,,,,,,,,,,,,,,,,,,,,,,,,,,,,,,,,
"2025-11-10 14:18:42.4890735Z","2025-11-10 14:18:42.4890735Z","ETW","Microsoft-Windows-Kernel-Process",6,"ImageUnload Info ","10840 TiWorker.exe",1560,,,"10840 TiWorker.exe",,,"C:\Windows\System32\kernel32.dll",,,,,,,,,,,,,,,,,,,,,,,,,,1762784322489073500,,,,,,,,,,,140737321435136,140737321435136,801304,794624,4007722010,,,,,,,,,,,,,,,,,,,,,,,,,,,,,,,,,,,,,,,,,,,,,,,
"2025-11-10 14:18:42.4890844Z","2025-11-10 14:18:42.4890844Z","ETW","Microsoft-Windows-Kernel-Process",6,"ImageUnload Info ","10840 TiWorker.exe",1560,,,"10840 TiWorker.exe",,,"C:\Windows\System32\ntdll.dll",,,,,,,,,,,,,,,,,,,,,,,,,,1762784322489084400,,,,,,,,,,,140737324318720,140737324318720,2048895,2064384,2127151453,,,,,,,,,,,,,,,,,,,,,,,,,,,,,,,,,,,,,,,,,,,,,,,
"2025-11-10 14:18:42.4890955Z","2025-11-10 14:18:42.4890955Z","ETW","Microsoft-Windows-Kernel-Process",2,"ProcessStop Stop ","10840 TiWorker.exe",1560,,,"10840 TiWorker.exe",,,"TiWorker.exe",,,,,,,,,,,,,,,,,,,,,,,,,,1762784322489095500,,,,,,,,,,,,,,,,,,,,,,,,134072578008754633,,,,,,,25904,,,,,,,,,,,,,,3424256,23048192,1817474068,0,134072579224886807,85,0,711,6159,1,882,191,,,,,,
"2025-11-10 14:18:42.4892565Z","2025-11-10 14:18:42.4892565Z","ETW","Microsoft-Windows-Kernel-Audit-API-Calls",6,"PsOpenThread"," 2420 svchost.exe",9712,,," 5948 svchost.exe",11992,,,,,,,,,,,,,,,,,,,,,,,,,,,,1762784322489256500,,,,,,,,,,,,,,,,2048,0,,,,,,,,,,,,,,,,,,,,,,,,,,,,,,,,,,,,,,,,,,,,,
"2025-11-10 14:18:42.4897792Z","2025-11-10 14:18:42.4897792Z","ETW","Microsoft-Windows-Kernel-Audit-API-Calls",6,"PsOpenThread","10364 mintty.exe",5868,,,"10364 mintty.exe",5868,,,,,,,,,,,,,,,,,,,,,,,,,,,,1762784322489779200,,,,,,,,,,,,,,,,1024,0,,,,,,,,,,,,,,,,,,,,,,,,,,,,,,,,,,,,,,,,,,,,,
"2025-11-10 14:18:42.4925544Z","2025-11-10 14:18:42.4925544Z","ETW","Microsoft-Windows-Kernel-Audit-API-Calls",6,"PsOpenThread"," 2420 svchost.exe",9712,,," 5948 svchost.exe",11992,,,,,,,,,,,,,,,,,,,,,,,,,,,,1762784322492554400,,,,,,,,,,,,,,,,2048,0,,,,,,,,,,,,,,,,,,,,,,,,,,,,,,,,,,,,,,,,,,,,,
"2025-11-10 14:18:42.4931944Z","2025-11-10 14:18:42.4931944Z","ETW","Microsoft-Windows-Kernel-Audit-API-Calls",6,"PsOpenThread","  712 services.exe",9316,,," 5520 TrustedInstaller.exe",1664,,,,,,,,,,,,,,,,,,,,,,,,,,,,1762784322493194400,,,,,,,,,,,,,,,,2048,0,,,,,,,,,,,,,,,,,,,,,,,,,,,,,,,,,,,,,,,,,,,,,
"2025-11-10 14:18:42.4934897Z","2025-11-10 14:18:42.4934897Z","ETW","Microsoft-Windows-Kernel-Audit-API-Calls",6,"PsOpenThread","  940 svchost.exe",12140,,," 5520 TrustedInstaller.exe",1664,,,,,,,,,,,,,,,,,,,,,,,,,,,,1762784322493489700,,,,,,,,,,,,,,,,2048,3221225506,,,,,,,,,,,,,,,,,,,,,,,,,,,,,,,,,,,,,,,,,,,,,
"2025-11-10 14:18:42.4934972Z","2025-11-10 14:18:42.4934972Z","ETW","Microsoft-Windows-Kernel-Audit-API-Calls",6,"PsOpenThread","  940 svchost.exe",12140,,," 5520 TrustedInstaller.exe",1664,,,,,,,,,,,,,,,,,,,,,,,,,,,,1762784322493497200,,,,,,,,,,,,,,,,2048,0,,,,,,,,,,,,,,,,,,,,,,,,,,,,,,,,,,,,,,,,,,,,,
"2025-11-10 14:18:42.4937530Z","2025-11-10 14:18:42.4937530Z","ETW","Microsoft-Windows-Kernel-Audit-API-Calls",6,"PsOpenThread","  940 svchost.exe",12140,,," 5520 TrustedInstaller.exe",1664,,,,,,,,,,,,,,,,,,,,,,,,,,,,1762784322493753000,,,,,,,,,,,,,,,,2048,3221225506,,,,,,,,,,,,,,,,,,,,,,,,,,,,,,,,,,,,,,,,,,,,,
"2025-11-10 14:18:42.4937618Z","2025-11-10 14:18:42.4937618Z","ETW","Microsoft-Windows-Kernel-Audit-API-Calls",6,"PsOpenThread","  940 svchost.exe",12140,,," 5520 TrustedInstaller.exe",1664,,,,,,,,,,,,,,,,,,,,,,,,,,,,1762784322493761800,,,,,,,,,,,,,,,,2048,0,,,,,,,,,,,,,,,,,,,,,,,,,,,,,,,,,,,,,,,,,,,,,
"2025-11-10 14:18:42.4940873Z","2025-11-10 14:18:42.4940873Z","ETW","Microsoft-Windows-Kernel-Audit-API-Calls",6,"PsOpenThread","  940 svchost.exe",12140,,," 5520 TrustedInstaller.exe",1664,,,,,,,,,,,,,,,,,,,,,,,,,,,,1762784322494087300,,,,,,,,,,,,,,,,2048,3221225506,,,,,,,,,,,,,,,,,,,,,,,,,,,,,,,,,,,,,,,,,,,,,
"2025-11-10 14:18:42.4940966Z","2025-11-10 14:18:42.4940966Z","ETW","Microsoft-Windows-Kernel-Audit-API-Calls",6,"PsOpenThread","  940 svchost.exe",12140,,," 5520 TrustedInstaller.exe",1664,,,,,,,,,,,,,,,,,,,,,,,,,,,,1762784322494096600,,,,,,,,,,,,,,,,2048,0,,,,,,,,,,,,,,,,,,,,,,,,,,,,,,,,,,,,,,,,,,,,,
"2025-11-10 14:18:42.4943701Z","2025-11-10 14:18:42.4943701Z","ETW","Microsoft-Windows-Kernel-Process",6,"ImageUnload Info "," 5520 TrustedInstaller.exe",1664,,," 5520 TrustedInstaller.exe",,,"C:\Windows\servicing\CbsApi.dll",,,,,,,,,,,,,,,,,,,,,,,,,,1762784322494370100,,,,,,,,,,,140736884965376,140736884965376,98975,73728,690974901,,,,,,,,,,,,,,,,,,,,,,,,,,,,,,,,,,,,,,,,,,,,,,,
"2025-11-10 14:18:42.4992775Z","2025-11-10 14:18:42.4992775Z","ETW","Microsoft-Windows-Kernel-Process",6,"ImageUnload Info "," 5520 TrustedInstaller.exe",1664,,," 5520 TrustedInstaller.exe",,,"C:\Windows\WinSxS\amd64_microsoft-windows-servicingstack_31bf3856ad364e35_10.0.19041.6449_none_7e0d59887c8e1467\wdscore.dll",,,,,,,,,,,,,,,,,,,,,,,,,,1762784322499277500,,,,,,,,,,,140736855080960,140736855080960,268078,274432,1904232526,,,,,,,,,,,,,,,,,,,,,,,,,,,,,,,,,,,,,,,,,,,,,,,
"2025-11-10 14:18:42.4993666Z","2025-11-10 14:18:42.4993666Z","ETW","Microsoft-Windows-Kernel-Audit-API-Calls",6,"PsOpenThread","  712 services.exe",9316,,," 5520 TrustedInstaller.exe",1664,,,,,,,,,,,,,,,,,,,,,,,,,,,,1762784322499366600,,,,,,,,,,,,,,,,2048,0,,,,,,,,,,,,,,,,,,,,,,,,,,,,,,,,,,,,,,,,,,,,,
"2025-11-10 14:18:42.4995180Z","2025-11-10 14:18:42.4995180Z","ETW","Microsoft-Windows-Kernel-Audit-API-Calls",6,"PsOpenThread","  712 services.exe",9316,,," 5520 TrustedInstaller.exe",1664,,,,,,,,,,,,,,,,,,,,,,,,,,,,1762784322499518000,,,,,,,,,,,,,,,,2048,0,,,,,,,,,,,,,,,,,,,,,,,,,,,,,,,,,,,,,,,,,,,,,
"2025-11-10 14:18:42.4996353Z","2025-11-10 14:18:42.4996353Z","ETW","Microsoft-Windows-Kernel-Process",4,"ThreadStop Stop "," 5520 TrustedInstaller.exe",1664,,," 5520 TrustedInstaller.exe",,,,,,,,,,,,,,,,,,,,,,,,,,,,,1762784322499635300,,18446606103135780864,18446606103135752192,140737308319664,0,198692392960,1664,198693617664,198693584896,140737308319664,,,,,,,,,,,44387681,,,,,,,,,,,,,,,,,,,,,,,,,,,,,,,,,,,,,,,,,
"2025-11-10 14:18:42.4999264Z","2025-11-10 14:18:42.4999264Z","ETW","Microsoft-Windows-Kernel-Audit-API-Calls",6,"PsOpenThread","  712 services.exe",9316,,," 5520 TrustedInstaller.exe",9232,,,,,,,,,,,,,,,,,,,,,,,,,,,,1762784322499926400,,,,,,,,,,,,,,,,2048,0,,,,,,,,,,,,,,,,,,,,,,,,,,,,,,,,,,,,,,,,,,,,,
"2025-11-10 14:18:42.5003219Z","2025-11-10 14:18:42.5003219Z","ETW","Microsoft-Windows-Kernel-Process",4,"ThreadStop Stop "," 5520 TrustedInstaller.exe",9704,,," 5520 TrustedInstaller.exe",,,,,,,,,,,,,,,,,,,,,,,,,,,,,1762784322500321900,,18446606103136305152,18446606103136276480,140737324634384,0,198692442112,9704,198696239104,198696206336,140737324634384,,,,,,,,,,,36698052,,,,,,,,,,,,,,,,,,,,,,,,,,,,,,,,,,,,,,,,,
"2025-11-10 14:18:42.5003414Z","2025-11-10 14:18:42.5003414Z","ETW","Microsoft-Windows-Kernel-Process",4,"ThreadStop Stop "," 5520 TrustedInstaller.exe",6104,,," 5520 TrustedInstaller.exe",,,,,,,,,,,,,,,,,,,,,,,,,,,,,1762784322500341400,,18446606103136206848,18446606103136178176,140737324634384,0,198692417536,6104,198695190528,198695157760,140737324634384,,,,,,,,,,,55165140,,,,,,,,,,,,,,,,,,,,,,,,,,,,,,,,,,,,,,,,,
"2025-11-10 14:18:42.5003661Z","2025-11-10 14:18:42.5003661Z","ETW","Microsoft-Windows-Kernel-Process",4,"ThreadStop Stop "," 5520 TrustedInstaller.exe",7300,,," 5520 TrustedInstaller.exe",,,,,,,,,,,,,,,,,,,,,,,,,,,,,1762784322500366100,,18446606103136010240,18446606103135981568,140737287943264,195,198692409344,7300,198694666240,198694633472,140737287943264,,,,,,,,,,,390722,,,,,,,,,,,,,,,,,,,,,,,,,,,,,,,,,,,,,,,,,
"2025-11-10 14:18:42.5004868Z","2025-11-10 14:18:42.5004868Z","ETW","Microsoft-Windows-Kernel-Process",4,"ThreadStop Stop "," 5520 TrustedInstaller.exe",9232,,," 5520 TrustedInstaller.exe",,,,,,,,,,,,,,,,,,,,,,,,,,,,,1762784322500486800,,18446606103135584256,18446606103135555584,140697612568832,0,198692376576,9232,198690209792,198690177024,140697612568832,,,,,,,,,,,16445909,,,,,,,,,,,,,,,,,,,,,,,,,,,,,,,,,,,,,,,,,
"2025-11-10 14:18:42.5006136Z","2025-11-10 14:18:42.5006136Z","ETW","Microsoft-Windows-Kernel-Process",6,"ImageUnload Info "," 5520 TrustedInstaller.exe",9232,,," 5520 TrustedInstaller.exe",,,"C:\Windows\servicing\TrustedInstaller.exe",,,,,,,,,,,,,,,,,,,,,,,,,,1762784322500613600,,,,,,,,,,,140697612451840,140697612451840,253392,200704,2315818577,,,,,,,,,,,,,,,,,,,,,,,,,,,,,,,,,,,,,,,,,,,,,,,
"2025-11-10 14:18:42.5006302Z","2025-11-10 14:18:42.5006302Z","ETW","Microsoft-Windows-Kernel-Process",6,"ImageUnload Info "," 5520 TrustedInstaller.exe",9232,,," 5520 TrustedInstaller.exe",,,"C:\Windows\System32\dbgcore.dll",,,,,,,,,,,,,,,,,,,,,,,,,,1762784322500630200,,,,,,,,,,,140737192198144,140737192198144,257225,212992,3169675796,,,,,,,,,,,,,,,,,,,,,,,,,,,,,,,,,,,,,,,,,,,,,,,
"2025-11-10 14:18:42.5006418Z","2025-11-10 14:18:42.5006418Z","ETW","Microsoft-Windows-Kernel-Process",6,"ImageUnload Info "," 5520 TrustedInstaller.exe",9232,,," 5520 TrustedInstaller.exe",,,"C:\Windows\System32\dbghelp.dll",,,,,,,,,,,,,,,,,,,,,,,,,,1762784322500641800,,,,,,,,,,,140737194622976,140737194622976,2013374,2101248,3002569453,,,,,,,,,,,,,,,,,,,,,,,,,,,,,,,,,,,,,,,,,,,,,,,
"2025-11-10 14:18:42.5006547Z","2025-11-10 14:18:42.5006547Z","ETW","Microsoft-Windows-Kernel-Process",6,"ImageUnload Info "," 5520 TrustedInstaller.exe",9232,,," 5520 TrustedInstaller.exe",,,"C:\Windows\System32\kernel.appcore.dll",,,,,,,,,,,,,,,,,,,,,,,,,,1762784322500654700,,,,,,,,,,,140737244561408,140737244561408,122143,73728,1990571354,,,,,,,,,,,,,,,,,,,,,,,,,,,,,,,,,,,,,,,,,,,,,,,
"2025-11-10 14:18:42.5006661Z","2025-11-10 14:18:42.5006661Z","ETW","Microsoft-Windows-Kernel-Process",6,"ImageUnload Info "," 5520 TrustedInstaller.exe",9232,,," 5520 TrustedInstaller.exe",,,"C:\Windows\System32\bcrypt.dll",,,,,,,,,,,,,,,,,,,,,,,,,,1762784322500666100,,,,,,,,,,,140737279623168,140737279623168,171668,159744,2220160889,,,,,,,,,,,,,,,,,,,,,,,,,,,,,,,,,,,,,,,,,,,,,,,
"2025-11-10 14:18:42.5006772Z","2025-11-10 14:18:42.5006772Z","ETW","Microsoft-Windows-Kernel-Process",6,"ImageUnload Info "," 5520 TrustedInstaller.exe",9232,,," 5520 TrustedInstaller.exe",,,"C:\Windows\System32\msvcp_win.dll",,,,,,,,,,,,,,,,,,,,,,,,,,1762784322500677200,,,,,,,,,,,140737279819776,140737279819776,659111,643072,958749903,,,,,,,,,,,,,,,,,,,,,,,,,,,,,,,,,,,,,,,,,,,,,,,
"2025-11-10 14:18:42.5006884Z","2025-11-10 14:18:42.5006884Z","ETW","Microsoft-Windows-Kernel-Process",6,"ImageUnload Info "," 5520 TrustedInstaller.exe",9232,,," 5520 TrustedInstaller.exe",,,"C:\Windows\System32\win32u.dll",,,,,,,,,,,,,,,,,,,,,,,,,,1762784322500688400,,,,,,,,,,,140737281196032,140737281196032,183095,139264,3760910660,,,,,,,,,,,,,,,,,,,,,,,,,,,,,,,,,,,,,,,,,,,,,,,
"2025-11-10 14:18:42.5006999Z","2025-11-10 14:18:42.5006999Z","ETW","Microsoft-Windows-Kernel-Process",6,"ImageUnload Info "," 5520 TrustedInstaller.exe",9232,,," 5520 TrustedInstaller.exe",,,"C:\Windows\System32\gdi32full.dll",,,,,,,,,,,,,,,,,,,,,,,,,,1762784322500699900,,,,,,,,,,,140737281392640,140737281392640,1167211,1150976,1288019395,,,,,,,,,,,,,,,,,,,,,,,,,,,,,,,,,,,,,,,,,,,,,,,
"2025-11-10 14:18:42.5007115Z","2025-11-10 14:18:42.5007115Z","ETW","Microsoft-Windows-Kernel-Process",6,"ImageUnload Info "," 5520 TrustedInstaller.exe",9232,,," 5520 TrustedInstaller.exe",,,"C:\Windows\System32\bcryptprimitives.dll",,,,,,,,,,,,,,,,,,,,,,,,,,1762784322500711500,,,,,,,,,,,140737282572288,140737282572288,531569,532480,3309379821,,,,,,,,,,,,,,,,,,,,,,,,,,,,,,,,,,,,,,,,,,,,,,,
"2025-11-10 14:18:42.5007218Z","2025-11-10 14:18:42.5007218Z","ETW","Microsoft-Windows-Kernel-Process",6,"ImageUnload Info "," 5520 TrustedInstaller.exe",9232,,," 5520 TrustedInstaller.exe",,,"C:\Windows\System32\ucrtbase.dll",,,,,,,,,,,,,,,,,,,,,,,,,,1762784322500721800,,,,,,,,,,,140737283162112,140737283162112,1076532,1048576,2177850761,,,,,,,,,,,,,,,,,,,,,,,,,,,,,,,,,,,,,,,,,,,,,,,
"2025-11-10 14:18:42.5007326Z","2025-11-10 14:18:42.5007326Z","ETW","Microsoft-Windows-Kernel-Process",6,"ImageUnload Info "," 5520 TrustedInstaller.exe",9232,,," 5520 TrustedInstaller.exe",,,"C:\Windows\System32\combase.dll",,,,,,,,,,,,,,,,,,,,,,,,,,1762784322500732600,,,,,,,,,,,140737287094272,140737287094272,3535278,3489792,144435709,,,,,,,,,,,,,,,,,,,,,,,,,,,,,,,,,,,,,,,,,,,,,,,
"2025-11-10 14:18:42.5007429Z","2025-11-10 14:18:42.5007429Z","ETW","Microsoft-Windows-Kernel-Process",6,"ImageUnload Info "," 5520 TrustedInstaller.exe",9232,,," 5520 TrustedInstaller.exe",,,"C:\Windows\System32\clbcatq.dll",,,,,,,,,,,,,,,,,,,,,,,,,,1762784322500742900,,,,,,,,,,,140737306230784,140737306230784,736478,692224,97696835,,,,,,,,,,,,,,,,,,,,,,,,,,,,,,,,,,,,,,,,,,,,,,,
"2025-11-10 14:18:42.5007540Z","2025-11-10 14:18:42.5007540Z","ETW","Microsoft-Windows-Kernel-Process",6,"ImageUnload Info "," 5520 TrustedInstaller.exe",9232,,," 5520 TrustedInstaller.exe",,,"C:\Windows\System32\advapi32.dll",,,,,,,,,,,,,,,,,,,,,,,,,,1762784322500754000,,,,,,,,,,,140737306951680,140737306951680,744837,724992,4166620877,,,,,,,,,,,,,,,,,,,,,,,,,,,,,,,,,,,,,,,,,,,,,,,
"2025-11-10 14:18:42.5007646Z","2025-11-10 14:18:42.5007646Z","ETW","Microsoft-Windows-Kernel-Process",6,"ImageUnload Info "," 5520 TrustedInstaller.exe",9232,,," 5520 TrustedInstaller.exe",,,"C:\Windows\System32\sechost.dll",,,,,,,,,,,,,,,,,,,,,,,,,,1762784322500764600,,,,,,,,,,,140737308262400,140737308262400,647124,651264,2117042745,,,,,,,,,,,,,,,,,,,,,,,,,,,,,,,,,,,,,,,,,,,,,,,
"2025-11-10 14:18:42.5007749Z","2025-11-10 14:18:42.5007749Z","ETW","Microsoft-Windows-Kernel-Process",6,"ImageUnload Info "," 5520 TrustedInstaller.exe",9232,,," 5520 TrustedInstaller.exe",,,"C:\Windows\System32\gdi32.dll",,,,,,,,,,,,,,,,,,,,,,,,,,1762784322500774900,,,,,,,,,,,140737309507584,140737309507584,210990,176128,2413768611,,,,,,,,,,,,,,,,,,,,,,,,,,,,,,,,,,,,,,,,,,,,,,,
"2025-11-10 14:18:42.5007850Z","2025-11-10 14:18:42.5007850Z","ETW","Microsoft-Windows-Kernel-Process",6,"ImageUnload Info "," 5520 TrustedInstaller.exe",9232,,," 5520 TrustedInstaller.exe",,,"C:\Windows\System32\msvcrt.dll",,,,,,,,,,,,,,,,,,,,,,,,,,1762784322500785000,,,,,,,,,,,140737314357248,140737314357248,681663,647168,2616593924,,,,,,,,,,,,,,,,,,,,,,,,,,,,,,,,,,,,,,,,,,,,,,,
"2025-11-10 14:18:42.5007954Z","2025-11-10 14:18:42.5007954Z","ETW","Microsoft-Windows-Kernel-Process",6,"ImageUnload Info "," 5520 TrustedInstaller.exe",9232,,," 5520 TrustedInstaller.exe",,,"C:\Windows\System32\oleaut32.dll",,,,,,,,,,,,,,,,,,,,,,,,,,1762784322500795400,,,,,,,,,,,140737315012608,140737315012608,849765,839680,3559841777,,,,,,,,,,,,,,,,,,,,,,,,,,,,,,,,,,,,,,,,,,,,,,,
"2025-11-10 14:18:42.5008114Z","2025-11-10 14:18:42.5008114Z","ETW","Microsoft-Windows-Kernel-Process",6,"ImageUnload Info "," 5520 TrustedInstaller.exe",9232,,," 5520 TrustedInstaller.exe",,,"C:\Windows\System32\rpcrt4.dll",,,,,,,,,,,,,,,,,,,,,,,,,,1762784322500811400,,,,,,,,,,,140737317109760,140737317109760,1217917,1179648,2756017066,,,,,,,,,,,,,,,,,,,,,,,,,,,,,,,,,,,,,,,,,,,,,,,
"2025-11-10 14:18:42.5008264Z","2025-11-10 14:18:42.5008264Z","ETW","Microsoft-Windows-Kernel-Process",6,"ImageUnload Info "," 5520 TrustedInstaller.exe",9232,,," 5520 TrustedInstaller.exe",,,"C:\Windows\System32\KernelBase.dll",,,,,,,,,,,,,,,,,,,,,,,,,,1762784322500826400,,,,,,,,,,,140737318289408,140737318289408,3171178,3104768,1448155220,,,,,,,,,,,,,,,,,,,,,,,,,,,,,,,,,,,,,,,,,,,,,,,
"2025-11-10 14:18:42.5008409Z","2025-11-10 14:18:42.5008409Z","ETW","Microsoft-Windows-Kernel-Process",6,"ImageUnload Info "," 5520 TrustedInstaller.exe",9232,,," 5520 TrustedInstaller.exe",,,"C:\Windows\System32\kernel32.dll",,,,,,,,,,,,,,,,,,,,,,,,,,1762784322500840900,,,,,,,,,,,140737321435136,140737321435136,801304,794624,4007722010,,,,,,,,,,,,,,,,,,,,,,,,,,,,,,,,,,,,,,,,,,,,,,,
"2025-11-10 14:18:42.5008548Z","2025-11-10 14:18:42.5008548Z","ETW","Microsoft-Windows-Kernel-Process",6,"ImageUnload Info "," 5520 TrustedInstaller.exe",9232,,," 5520 TrustedInstaller.exe",,,"C:\Windows\System32\user32.dll",,,,,,,,,,,,,,,,,,,,,,,,,,1762784322500854800,,,,,,,,,,,140737322287104,140737322287104,1767867,1708032,1351922499,,,,,,,,,,,,,,,,,,,,,,,,,,,,,,,,,,,,,,,,,,,,,,,
"2025-11-10 14:18:42.5008650Z","2025-11-10 14:18:42.5008650Z","ETW","Microsoft-Windows-Kernel-Process",6,"ImageUnload Info "," 5520 TrustedInstaller.exe",9232,,," 5520 TrustedInstaller.exe",,,"C:\Windows\System32\ntdll.dll",,,,,,,,,,,,,,,,,,,,,,,,,,1762784322500865100,,,,,,,,,,,140737324318720,140737324318720,2048895,2064384,2127151453,,,,,,,,,,,,,,,,,,,,,,,,,,,,,,,,,,,,,,,,,,,,,,,
"2025-11-10 14:18:42.5008735Z","2025-11-10 14:18:42.5008735Z","ETW","Microsoft-Windows-Kernel-Process",2,"ProcessStop Stop "," 5520 TrustedInstaller.exe",9232,,," 5520 TrustedInstaller.exe",,,"TrustedInstall",,,,,,,,,,,,,,,,,,,,,,,,,,1762784322500873500,,,,,,,,,,,,,,,,,,,,,,,,134072578007569252,,,,,,,25903,,,,,,,,,,,,,,1630208,1982464,157418264,0,134072579225005523,85,2,0,0,1,17,1,,,,,,
"2025-11-10 14:18:42.5692870Z","2025-11-10 14:18:42.5692870Z","ETW-TI","Microsoft-Windows-Threat-Intelligence",7,"KERNEL_THREATINT_TASK_PROTECTVM "," 3460 cyrprtui.exe",11080,,," 3460 cyrprtui.exe",,,,,,,,,,,,,,140737324961792,134072578727523688,3460,0,0,0,5066549580817715,134072578727523712,11080,"RWX",134072578727523688,0,0,0,5066549580817715,1762784322569287000,,,,,,,,,,,,,,,,,,,,,,,,,,,,,,,,,,,,,"R-X",134072578727523688,3460,0,0,0,5066549580817715,8,,,,,,,,,,,,,,,,,,
"2025-11-10 14:18:42.5692933Z","2025-11-10 14:18:42.5692933Z","ETW-TI","Microsoft-Windows-Threat-Intelligence",7,"KERNEL_THREATINT_TASK_PROTECTVM "," 3460 cyrprtui.exe",11080,,," 3460 cyrprtui.exe",,,,,,,,,,,,,,140737324961792,134072578727523688,3460,0,0,0,5066549580817715,134072578727523712,11080,"R-X",134072578727523688,0,0,0,5066549580817715,1762784322569293300,,,,,,,,,,,,,,,,,,,,,,,,,,,,,,,,,,,,,"RWX",134072578727523688,3460,0,0,0,5066549580817715,4096,,,,,,,,,,,,,,,,,,
"2025-11-10 14:18:42.5693026Z","2025-11-10 14:18:42.5693026Z","ETW-TI","Microsoft-Windows-Threat-Intelligence",7,"KERNEL_THREATINT_TASK_PROTECTVM "," 3460 cyrprtui.exe",11080,,," 3460 cyrprtui.exe",,,,,,,,,,,,,,140737326419968,134072578727523688,3460,0,0,0,5066549580817715,134072578727523712,11080,"RWX",134072578727523688,0,0,0,5066549580817715,1762784322569302600,,,,,,,,,,,,,,,,,,,,,,,,,,,,,,,,,,,,,"R-X",134072578727523688,3460,0,0,0,5066549580817715,296,,,,,,,,,,,,,,,,,,
"2025-11-10 14:18:42.5693080Z","2025-11-10 14:18:42.5693080Z","ETW-TI","Microsoft-Windows-Threat-Intelligence",7,"KERNEL_THREATINT_TASK_PROTECTVM "," 3460 cyrprtui.exe",11080,,," 3460 cyrprtui.exe",,,,,,,,,,,,,,140737326419968,134072578727523688,3460,0,0,0,5066549580817715,134072578727523712,11080,"R-X",134072578727523688,0,0,0,5066549580817715,1762784322569308000,,,,,,,,,,,,,,,,,,,,,,,,,,,,,,,,,,,,,"RWX",134072578727523688,3460,0,0,0,5066549580817715,4096,,,,,,,,,,,,,,,,,,
"2025-11-10 14:18:42.5693129Z","2025-11-10 14:18:42.5693129Z","ETW-TI","Microsoft-Windows-Threat-Intelligence",7,"KERNEL_THREATINT_TASK_PROTECTVM "," 3460 cyrprtui.exe",11080,,," 3460 cyrprtui.exe",,,,,,,,,,,,,,140737324965888,134072578727523688,3460,0,0,0,5066549580817715,134072578727523712,11080,"RWX",134072578727523688,0,0,0,5066549580817715,1762784322569312900,,,,,,,,,,,,,,,,,,,,,,,,,,,,,,,,,,,,,"R-X",134072578727523688,3460,0,0,0,5066549580817715,8,,,,,,,,,,,,,,,,,,
"2025-11-10 14:18:42.5693178Z","2025-11-10 14:18:42.5693178Z","ETW-TI","Microsoft-Windows-Threat-Intelligence",7,"KERNEL_THREATINT_TASK_PROTECTVM "," 3460 cyrprtui.exe",11080,,," 3460 cyrprtui.exe",,,,,,,,,,,,,,140737324965888,134072578727523688,3460,0,0,0,5066549580817715,134072578727523712,11080,"R-X",134072578727523688,0,0,0,5066549580817715,1762784322569317800,,,,,,,,,,,,,,,,,,,,,,,,,,,,,,,,,,,,,"RWX",134072578727523688,3460,0,0,0,5066549580817715,4096,,,,,,,,,,,,,,,,,,
"2025-11-10 14:18:42.5693221Z","2025-11-10 14:18:42.5693221Z","ETW-TI","Microsoft-Windows-Threat-Intelligence",7,"KERNEL_THREATINT_TASK_PROTECTVM "," 3460 cyrprtui.exe",11080,,," 3460 cyrprtui.exe",,,,,,,,,,,,,,140737326419968,134072578727523688,3460,0,0,0,5066549580817715,134072578727523712,11080,"RWX",134072578727523688,0,0,0,5066549580817715,1762784322569322100,,,,,,,,,,,,,,,,,,,,,,,,,,,,,,,,,,,,,"R-X",134072578727523688,3460,0,0,0,5066549580817715,296,,,,,,,,,,,,,,,,,,
"2025-11-10 14:18:42.5693271Z","2025-11-10 14:18:42.5693271Z","ETW-TI","Microsoft-Windows-Threat-Intelligence",7,"KERNEL_THREATINT_TASK_PROTECTVM "," 3460 cyrprtui.exe",11080,,," 3460 cyrprtui.exe",,,,,,,,,,,,,,140737326419968,134072578727523688,3460,0,0,0,5066549580817715,134072578727523712,11080,"R-X",134072578727523688,0,0,0,5066549580817715,1762784322569327100,,,,,,,,,,,,,,,,,,,,,,,,,,,,,,,,,,,,,"RWX",134072578727523688,3460,0,0,0,5066549580817715,4096,,,,,,,,,,,,,,,,,,
"2025-11-10 14:18:42.5712102Z","2025-11-10 14:18:42.5712102Z","ETW","Microsoft-Windows-Kernel-Audit-API-Calls",6,"PsOpenThread","10364 mintty.exe",5868,,,"10364 mintty.exe",5868,,,,,,,,,,,,,,,,,,,,,,,,,,,,1762784322571210300,,,,,,,,,,,,,,,,1024,0,,,,,,,,,,,,,,,,,,,,,,,,,,,,,,,,,,,,,,,,,,,,,
"2025-11-10 14:18:42.5714851Z","2025-11-10 14:18:42.5714851Z","ETW","Microsoft-Windows-Kernel-Audit-API-Calls",6,"PsOpenThread","10364 mintty.exe",5868,,,"10364 mintty.exe",5868,,,,,,,,,,,,,,,,,,,,,,,,,,,,1762784322571485100,,,,,,,,,,,,,,,,1024,0,,,,,,,,,,,,,,,,,,,,,,,,,,,,,,,,,,,,,,,,,,,,,
"2025-11-10 14:18:42.5715276Z","2025-11-10 14:18:42.5715276Z","ETW","Microsoft-Windows-Kernel-Audit-API-Calls",5,"PsOpenProcess"," 5824 ctfmon.exe",9904,,,"10364 mintty.exe",,,,,,,,,,,,,,,,,,,,,,,,,,,,,1762784322571527600,,,,,,,,,,,,,,,,4096,0,,,,,,,,,,,,,,,,,,,,,,,,,,,,,,,,,,,,,,,,,,,,,
"2025-11-10 14:18:42.5718446Z","2025-11-10 14:18:42.5718446Z","ETW","Microsoft-Windows-Kernel-Audit-API-Calls",6,"PsOpenThread"," 5824 ctfmon.exe",9904,,,"10364 mintty.exe",3580,,,,,,,,,,,,,,,,,,,,,,,,,,,,1762784322571844600,,,,,,,,,,,,,,,,2048,0,,,,,,,,,,,,,,,,,,,,,,,,,,,,,,,,,,,,,,,,,,,,,
"2025-11-10 14:18:42.5722024Z","2025-11-10 14:18:42.5722024Z","ETW","Microsoft-Windows-Kernel-Audit-API-Calls",6,"PsOpenThread"," 5824 ctfmon.exe",9904,,,"10364 mintty.exe",3580,,,,,,,,,,,,,,,,,,,,,,,,,,,,1762784322572202400,,,,,,,,,,,,,,,,2048,0,,,,,,,,,,,,,,,,,,,,,,,,,,,,,,,,,,,,,,,,,,,,,
"2025-11-10 14:18:42.5737510Z","2025-11-10 14:18:42.5737510Z","ETW","Microsoft-Windows-Kernel-Process",4,"ThreadStop Stop "," 3460 cyrprtui.exe",11080,,," 3460 cyrprtui.exe",,,,,,,,,,,,,,,,,,,,,,,,,,,,,1762784322573751000,,18446606103138402304,18446606103138373632,140695028512256,0,897056309248,11080,897057816576,897057771520,140695028512256,,,,,,,,,,,313009737,,,,,,,,,,,,,,,,,,,,,,,,,,,,,,,,,,,,,,,,,
"2025-11-10 14:18:42.5742310Z","2025-11-10 14:18:42.5742310Z","ETW","Microsoft-Windows-Kernel-Audit-API-Calls",6,"PsOpenThread","10364 mintty.exe",5868,,,"10364 mintty.exe",5868,,,,,,,,,,,,,,,,,,,,,,,,,,,,1762784322574231000,,,,,,,,,,,,,,,,1024,0,,,,,,,,,,,,,,,,,,,,,,,,,,,,,,,,,,,,,,,,,,,,,
"2025-11-10 14:18:42.5746031Z","2025-11-10 14:18:42.5746031Z","ETW","Microsoft-Windows-Kernel-Audit-API-Calls",5,"PsOpenProcess"," 6464 explorer.exe",6100,,,"10364 mintty.exe",,,,,,,,,,,,,,,,,,,,,,,,,,,,,1762784322574603100,,,,,,,,,,,,,,,,1040,0,,,,,,,,,,,,,,,,,,,,,,,,,,,,,,,,,,,,,,,,,,,,,
"2025-11-10 14:18:42.5746413Z","2025-11-10 14:18:42.5746413Z","ETW","Microsoft-Windows-Kernel-Audit-API-Calls",5,"PsOpenProcess"," 6464 explorer.exe",6100,,,"10364 mintty.exe",,,,,,,,,,,,,,,,,,,,,,,,,,,,,1762784322574641300,,,,,,,,,,,,,,,,4096,0,,,,,,,,,,,,,,,,,,,,,,,,,,,,,,,,,,,,,,,,,,,,,
"2025-11-10 14:18:42.5783663Z","2025-11-10 14:18:42.5783663Z","ETW","Microsoft-Windows-Kernel-Audit-API-Calls",5,"PsOpenProcess","  828 svchost.exe",12124,,,"10364 mintty.exe",,,,,,,,,,,,,,,,,,,,,,,,,,,,,1762784322578366300,,,,,,,,,,,,,,,,8192,0,,,,,,,,,,,,,,,,,,,,,,,,,,,,,,,,,,,,,,,,,,,,,
"2025-11-10 14:18:42.5786314Z","2025-11-10 14:18:42.5786314Z","ETW","Microsoft-Windows-Kernel-Process",4,"ThreadStop Stop "," 3460 cyrprtui.exe",10640,,," 3460 cyrprtui.exe",,,,,,,,,,,,,,,,,,,,,,,,,,,,,1762784322578631400,,18446606103138238464,18446606103138209792,140737324634384,0,897056342016,10640,897059913728,897059909632,140737324634384,,,,,,,,,,,170466,,,,,,,,,,,,,,,,,,,,,,,,,,,,,,,,,,,,,,,,,
"2025-11-10 14:18:42.5786618Z","2025-11-10 14:18:42.5786618Z","ETW","Microsoft-Windows-Kernel-Process",4,"ThreadStop Stop "," 3460 cyrprtui.exe",2864,,," 3460 cyrprtui.exe",,,,,,,,,,,,,,,,,,,,,,,,,,,,,1762784322578661800,,18446606103138467840,18446606103138439168,140737324634384,0,897056333824,2864,897058865152,897058861056,140737324634384,,,,,,,,,,,887458,,,,,,,,,,,,,,,,,,,,,,,,,,,,,,,,,,,,,,,,,
"2025-11-10 14:18:42.5798971Z","2025-11-10 14:18:42.5798971Z","ETW","Microsoft-Windows-Kernel-Audit-API-Calls",5,"PsOpenProcess"," 6464 explorer.exe",4280,,,"10364 mintty.exe",,,,,,,,,,,,,,,,,,,,,,,,,,,,,1762784322579897100,,,,,,,,,,,,,,,,4096,0,,,,,,,,,,,,,,,,,,,,,,,,,,,,,,,,,,,,,,,,,,,,,
"2025-11-10 14:18:42.5800713Z","2025-11-10 14:18:42.5800713Z","ETW","Microsoft-Windows-Kernel-Audit-API-Calls",5,"PsOpenProcess"," 6464 explorer.exe",4280,,,"10364 mintty.exe",,,,,,,,,,,,,,,,,,,,,,,,,,,,,1762784322580071300,,,,,,,,,,,,,,,,8192,0,,,,,,,,,,,,,,,,,,,,,,,,,,,,,,,,,,,,,,,,,,,,,
"2025-11-10 14:18:42.5809088Z","2025-11-10 14:18:42.5809088Z","ETW","Microsoft-Windows-Kernel-Audit-API-Calls",5,"PsOpenProcess"," 6464 explorer.exe",4280,,," 6860 TextInputHost.exe",,,,,,,,,,,,,,,,,,,,,,,,,,,,,1762784322580908900,,,,,,,,,,,,,,,,8192,0,,,,,,,,,,,,,,,,,,,,,,,,,,,,,,,,,,,,,,,,,,,,,
"2025-11-10 14:18:42.5809225Z","2025-11-10 14:18:42.5809225Z","ETW","Microsoft-Windows-Kernel-Audit-API-Calls",5,"PsOpenProcess"," 6464 explorer.exe",4280,,," 6464 explorer.exe",,,,,,,,,,,,,,,,,,,,,,,,,,,,,1762784322580922500,,,,,,,,,,,,,,,,8192,0,,,,,,,,,,,,,,,,,,,,,,,,,,,,,,,,,,,,,,,,,,,,,
"2025-11-10 14:18:42.5809345Z","2025-11-10 14:18:42.5809345Z","ETW","Microsoft-Windows-Kernel-Audit-API-Calls",5,"PsOpenProcess"," 6464 explorer.exe",4280,,," 8724 LockApp.exe",,,,,,,,,,,,,,,,,,,,,,,,,,,,,1762784322580934500,,,,,,,,,,,,,,,,8192,0,,,,,,,,,,,,,,,,,,,,,,,,,,,,,,,,,,,,,,,,,,,,,
"2025-11-10 14:18:42.5809473Z","2025-11-10 14:18:42.5809473Z","ETW","Microsoft-Windows-Kernel-Audit-API-Calls",5,"PsOpenProcess"," 6464 explorer.exe",4280,,," 6820 ShellExperienceHost.exe",,,,,,,,,,,,,,,,,,,,,,,,,,,,,1762784322580947300,,,,,,,,,,,,,,,,8192,0,,,,,,,,,,,,,,,,,,,,,,,,,,,,,,,,,,,,,,,,,,,,,
"2025-11-10 14:18:42.5809596Z","2025-11-10 14:18:42.5809596Z","ETW","Microsoft-Windows-Kernel-Audit-API-Calls",5,"PsOpenProcess"," 6464 explorer.exe",4280,,," 1556 SearchApp.exe",,,,,,,,,,,,,,,,,,,,,,,,,,,,,1762784322580959600,,,,,,,,,,,,,,,,8192,0,,,,,,,,,,,,,,,,,,,,,,,,,,,,,,,,,,,,,,,,,,,,,
"2025-11-10 14:18:42.5809700Z","2025-11-10 14:18:42.5809700Z","ETW","Microsoft-Windows-Kernel-Audit-API-Calls",5,"PsOpenProcess"," 6464 explorer.exe",4280,,," 8112 SearchApp.exe",,,,,,,,,,,,,,,,,,,,,,,,,,,,,1762784322580970000,,,,,,,,,,,,,,,,8192,0,,,,,,,,,,,,,,,,,,,,,,,,,,,,,,,,,,,,,,,,,,,,,
"2025-11-10 14:18:42.5809827Z","2025-11-10 14:18:42.5809827Z","ETW","Microsoft-Windows-Kernel-Audit-API-Calls",5,"PsOpenProcess"," 6464 explorer.exe",4280,,," 5564 StartMenuExperienceHost.exe",,,,,,,,,,,,,,,,,,,,,,,,,,,,,1762784322580982700,,,,,,,,,,,,,,,,8192,0,,,,,,,,,,,,,,,,,,,,,,,,,,,,,,,,,,,,,,,,,,,,,
"2025-11-10 14:18:42.5809957Z","2025-11-10 14:18:42.5809957Z","ETW","Microsoft-Windows-Kernel-Audit-API-Calls",5,"PsOpenProcess"," 6464 explorer.exe",4280,,," 1396 cyrprtui.exe",,,,,,,,,,,,,,,,,,,,,,,,,,,,,1762784322580995800,,,,,,,,,,,,,,,,8192,0,,,,,,,,,,,,,,,,,,,,,,,,,,,,,,,,,,,,,,,,,,,,,
"2025-11-10 14:18:42.5810065Z","2025-11-10 14:18:42.5810065Z","ETW","Microsoft-Windows-Kernel-Audit-API-Calls",5,"PsOpenProcess"," 6464 explorer.exe",4280,,,"10364 mintty.exe",,,,,,,,,,,,,,,,,,,,,,,,,,,,,1762784322581006500,,,,,,,,,,,,,,,,8192,0,,,,,,,,,,,,,,,,,,,,,,,,,,,,,,,,,,,,,,,,,,,,,
"2025-11-10 14:18:42.5810111Z","2025-11-10 14:18:42.5810111Z","ETW","Microsoft-Windows-Kernel-Audit-API-Calls",5,"PsOpenProcess"," 6464 explorer.exe",4280,,," 5452 powershell.exe",,,,,,,,,,,,,,,,,,,,,,,,,,,,,1762784322581011100,,,,,,,,,,,,,,,,8192,3221225506,,,,,,,,,,,,,,,,,,,,,,,,,,,,,,,,,,,,,,,,,,,,,
"2025-11-10 14:18:42.5810252Z","2025-11-10 14:18:42.5810252Z","ETW","Microsoft-Windows-Kernel-Audit-API-Calls",5,"PsOpenProcess"," 6464 explorer.exe",4280,,,"  476 firefox.exe",,,,,,,,,,,,,,,,,,,,,,,,,,,,,1762784322581025200,,,,,,,,,,,,,,,,8192,0,,,,,,,,,,,,,,,,,,,,,,,,,,,,,,,,,,,,,,,,,,,,,
"2025-11-10 14:18:42.5810376Z","2025-11-10 14:18:42.5810376Z","ETW","Microsoft-Windows-Kernel-Audit-API-Calls",5,"PsOpenProcess"," 6464 explorer.exe",4280,,," 9872 SystemSettings.exe",,,,,,,,,,,,,,,,,,,,,,,,,,,,,1762784322581037600,,,,,,,,,,,,,,,,8192,0,,,,,,,,,,,,,,,,,,,,,,,,,,,,,,,,,,,,,,,,,,,,,
"2025-11-10 14:18:42.5810505Z","2025-11-10 14:18:42.5810505Z","ETW","Microsoft-Windows-Kernel-Audit-API-Calls",5,"PsOpenProcess"," 6464 explorer.exe",4280,,," 9632 ApplicationFrameHost.exe",,,,,,,,,,,,,,,,,,,,,,,,,,,,,1762784322581050500,,,,,,,,,,,,,,,,8192,0,,,,,,,,,,,,,,,,,,,,,,,,,,,,,,,,,,,,,,,,,,,,,
"2025-11-10 14:18:42.5810549Z","2025-11-10 14:18:42.5810549Z","ETW","Microsoft-Windows-Kernel-Audit-API-Calls",5,"PsOpenProcess"," 6464 explorer.exe",4280,,,"  472 dwm.exe",,,,,,,,,,,,,,,,,,,,,,,,,,,,,1762784322581054900,,,,,,,,,,,,,,,,8192,3221225506,,,,,,,,,,,,,,,,,,,,,,,,,,,,,,,,,,,,,,,,,,,,,
"2025-11-10 14:18:42.5810675Z","2025-11-10 14:18:42.5810675Z","ETW","Microsoft-Windows-Kernel-Audit-API-Calls",5,"PsOpenProcess"," 6464 explorer.exe",4280,,," 3460 cyrprtui.exe",,,,,,,,,,,,,,,,,,,,,,,,,,,,,1762784322581067500,,,,,,,,,,,,,,,,8192,0,,,,,,,,,,,,,,,,,,,,,,,,,,,,,,,,,,,,,,,,,,,,,
"2025-11-10 14:18:42.5824569Z","2025-11-10 14:18:42.5824569Z","ETW","Microsoft-Windows-Kernel-Audit-API-Calls",6,"PsOpenThread","  940 svchost.exe",12140,,," 6464 explorer.exe",4488,,,,,,,,,,,,,,,,,,,,,,,,,,,,1762784322582456900,,,,,,,,,,,,,,,,2048,3221225506,,,,,,,,,,,,,,,,,,,,,,,,,,,,,,,,,,,,,,,,,,,,,
"2025-11-10 14:18:42.5824644Z","2025-11-10 14:18:42.5824644Z","ETW","Microsoft-Windows-Kernel-Audit-API-Calls",6,"PsOpenThread","  940 svchost.exe",12140,,," 6464 explorer.exe",4488,,,,,,,,,,,,,,,,,,,,,,,,,,,,1762784322582464400,,,,,,,,,,,,,,,,2048,0,,,,,,,,,,,,,,,,,,,,,,,,,,,,,,,,,,,,,,,,,,,,,
"2025-11-10 14:18:42.5831849Z","2025-11-10 14:18:42.5831849Z","ETW","Microsoft-Windows-Kernel-Audit-API-Calls",6,"PsOpenThread","  940 svchost.exe",12140,,," 6464 explorer.exe",11468,,,,,,,,,,,,,,,,,,,,,,,,,,,,1762784322583184900,,,,,,,,,,,,,,,,2048,3221225506,,,,,,,,,,,,,,,,,,,,,,,,,,,,,,,,,,,,,,,,,,,,,
"2025-11-10 14:18:42.5831914Z","2025-11-10 14:18:42.5831914Z","ETW","Microsoft-Windows-Kernel-Audit-API-Calls",6,"PsOpenThread","  940 svchost.exe",12140,,," 6464 explorer.exe",11468,,,,,,,,,,,,,,,,,,,,,,,,,,,,1762784322583191400,,,,,,,,,,,,,,,,2048,0,,,,,,,,,,,,,,,,,,,,,,,,,,,,,,,,,,,,,,,,,,,,,
"2025-11-10 14:18:42.5833687Z","2025-11-10 14:18:42.5833687Z","ETW","Microsoft-Windows-Kernel-Audit-API-Calls",5,"PsOpenProcess"," 6464 explorer.exe",11052,,,"10364 mintty.exe",,,,,,,,,,,,,,,,,,,,,,,,,,,,,1762784322583368700,,,,,,,,,,,,,,,,4096,0,,,,,,,,,,,,,,,,,,,,,,,,,,,,,,,,,,,,,,,,,,,,,
"2025-11-10 14:18:42.5835776Z","2025-11-10 14:18:42.5835776Z","ETW","Microsoft-Windows-Kernel-Audit-API-Calls",6,"PsOpenThread","  940 svchost.exe",12140,,," 6464 explorer.exe",11468,,,,,,,,,,,,,,,,,,,,,,,,,,,,1762784322583577600,,,,,,,,,,,,,,,,2048,3221225506,,,,,,,,,,,,,,,,,,,,,,,,,,,,,,,,,,,,,,,,,,,,,
"2025-11-10 14:18:42.5835835Z","2025-11-10 14:18:42.5835835Z","ETW","Microsoft-Windows-Kernel-Audit-API-Calls",6,"PsOpenThread","  940 svchost.exe",12140,,," 6464 explorer.exe",11468,,,,,,,,,,,,,,,,,,,,,,,,,,,,1762784322583583500,,,,,,,,,,,,,,,,2048,0,,,,,,,,,,,,,,,,,,,,,,,,,,,,,,,,,,,,,,,,,,,,,
"2025-11-10 14:18:42.5837054Z","2025-11-10 14:18:42.5837054Z","ETW","Microsoft-Windows-Kernel-Audit-API-Calls",6,"PsOpenThread","  940 svchost.exe",12140,,," 6464 explorer.exe",4488,,,,,,,,,,,,,,,,,,,,,,,,,,,,1762784322583705400,,,,,,,,,,,,,,,,2048,3221225506,,,,,,,,,,,,,,,,,,,,,,,,,,,,,,,,,,,,,,,,,,,,,
"2025-11-10 14:18:42.5837107Z","2025-11-10 14:18:42.5837107Z","ETW","Microsoft-Windows-Kernel-Audit-API-Calls",6,"PsOpenThread","  940 svchost.exe",12140,,," 6464 explorer.exe",4488,,,,,,,,,,,,,,,,,,,,,,,,,,,,1762784322583710700,,,,,,,,,,,,,,,,2048,0,,,,,,,,,,,,,,,,,,,,,,,,,,,,,,,,,,,,,,,,,,,,,
"2025-11-10 14:18:42.5865120Z","2025-11-10 14:18:42.5865120Z","ETW","Microsoft-Windows-Kernel-Audit-API-Calls",6,"PsOpenThread","10364 mintty.exe",5868,,,"10364 mintty.exe",5868,,,,,,,,,,,,,,,,,,,,,,,,,,,,1762784322586512000,,,,,,,,,,,,,,,,1024,0,,,,,,,,,,,,,,,,,,,,,,,,,,,,,,,,,,,,,,,,,,,,,
"2025-11-10 14:18:42.5874741Z","2025-11-10 14:18:42.5874741Z","ETW","Microsoft-Windows-Kernel-Audit-API-Calls",6,"PsOpenThread","10364 mintty.exe",5868,,,"10364 mintty.exe",5868,,,,,,,,,,,,,,,,,,,,,,,,,,,,1762784322587474100,,,,,,,,,,,,,,,,1024,0,,,,,,,,,,,,,,,,,,,,,,,,,,,,,,,,,,,,,,,,,,,,,
"2025-11-10 14:18:42.5879742Z","2025-11-10 14:18:42.5879742Z","ETW","Microsoft-Windows-Kernel-Audit-API-Calls",6,"PsOpenThread","  940 svchost.exe",12140,,," 6464 explorer.exe",4488,,,,,,,,,,,,,,,,,,,,,,,,,,,,1762784322587974300,,,,,,,,,,,,,,,,2048,3221225506,,,,,,,,,,,,,,,,,,,,,,,,,,,,,,,,,,,,,,,,,,,,,
"2025-11-10 14:18:42.5879828Z","2025-11-10 14:18:42.5879828Z","ETW","Microsoft-Windows-Kernel-Audit-API-Calls",6,"PsOpenThread","  940 svchost.exe",12140,,," 6464 explorer.exe",4488,,,,,,,,,,,,,,,,,,,,,,,,,,,,1762784322587982800,,,,,,,,,,,,,,,,2048,0,,,,,,,,,,,,,,,,,,,,,,,,,,,,,,,,,,,,,,,,,,,,,
"2025-11-10 14:18:42.5880890Z","2025-11-10 14:18:42.5880890Z","ETW","Microsoft-Windows-Kernel-Audit-API-Calls",6,"PsOpenThread","  940 svchost.exe",12140,,," 6464 explorer.exe",4488,,,,,,,,,,,,,,,,,,,,,,,,,,,,1762784322588089000,,,,,,,,,,,,,,,,2048,3221225506,,,,,,,,,,,,,,,,,,,,,,,,,,,,,,,,,,,,,,,,,,,,,
"2025-11-10 14:18:42.5880948Z","2025-11-10 14:18:42.5880948Z","ETW","Microsoft-Windows-Kernel-Audit-API-Calls",6,"PsOpenThread","  940 svchost.exe",12140,,," 6464 explorer.exe",4488,,,,,,,,,,,,,,,,,,,,,,,,,,,,1762784322588094800,,,,,,,,,,,,,,,,2048,0,,,,,,,,,,,,,,,,,,,,,,,,,,,,,,,,,,,,,,,,,,,,,
"2025-11-10 14:18:42.5885627Z","2025-11-10 14:18:42.5885627Z","ETW","Microsoft-Windows-Kernel-Audit-API-Calls",6,"PsOpenThread","  940 svchost.exe",12140,,," 6464 explorer.exe",4488,,,,,,,,,,,,,,,,,,,,,,,,,,,,1762784322588562700,,,,,,,,,,,,,,,,2048,3221225506,,,,,,,,,,,,,,,,,,,,,,,,,,,,,,,,,,,,,,,,,,,,,
"2025-11-10 14:18:42.5885711Z","2025-11-10 14:18:42.5885711Z","ETW","Microsoft-Windows-Kernel-Audit-API-Calls",6,"PsOpenThread","  940 svchost.exe",12140,,," 6464 explorer.exe",4488,,,,,,,,,,,,,,,,,,,,,,,,,,,,1762784322588571100,,,,,,,,,,,,,,,,2048,0,,,,,,,,,,,,,,,,,,,,,,,,,,,,,,,,,,,,,,,,,,,,,
"2025-11-10 14:18:42.5887139Z","2025-11-10 14:18:42.5887139Z","ETW","Microsoft-Windows-Kernel-Audit-API-Calls",6,"PsOpenThread","  940 svchost.exe",12140,,," 6464 explorer.exe",4488,,,,,,,,,,,,,,,,,,,,,,,,,,,,1762784322588713900,,,,,,,,,,,,,,,,2048,3221225506,,,,,,,,,,,,,,,,,,,,,,,,,,,,,,,,,,,,,,,,,,,,,
"2025-11-10 14:18:42.5887203Z","2025-11-10 14:18:42.5887203Z","ETW","Microsoft-Windows-Kernel-Audit-API-Calls",6,"PsOpenThread","  940 svchost.exe",12140,,," 6464 explorer.exe",4488,,,,,,,,,,,,,,,,,,,,,,,,,,,,1762784322588720300,,,,,,,,,,,,,,,,2048,0,,,,,,,,,,,,,,,,,,,,,,,,,,,,,,,,,,,,,,,,,,,,,
"2025-11-10 14:18:42.5889767Z","2025-11-10 14:18:42.5889767Z","ETW","Microsoft-Windows-Kernel-Audit-API-Calls",6,"PsOpenThread","  940 svchost.exe",12140,,," 6464 explorer.exe",4488,,,,,,,,,,,,,,,,,,,,,,,,,,,,1762784322588976700,,,,,,,,,,,,,,,,2048,3221225506,,,,,,,,,,,,,,,,,,,,,,,,,,,,,,,,,,,,,,,,,,,,,
"2025-11-10 14:18:42.5889823Z","2025-11-10 14:18:42.5889823Z","ETW","Microsoft-Windows-Kernel-Audit-API-Calls",6,"PsOpenThread","  940 svchost.exe",12140,,," 6464 explorer.exe",4488,,,,,,,,,,,,,,,,,,,,,,,,,,,,1762784322588982300,,,,,,,,,,,,,,,,2048,0,,,,,,,,,,,,,,,,,,,,,,,,,,,,,,,,,,,,,,,,,,,,,
"2025-11-10 14:18:42.5890808Z","2025-11-10 14:18:42.5890808Z","ETW","Microsoft-Windows-Kernel-Audit-API-Calls",6,"PsOpenThread"," 2420 svchost.exe",9712,,," 5948 svchost.exe",11992,,,,,,,,,,,,,,,,,,,,,,,,,,,,1762784322589080800,,,,,,,,,,,,,,,,2048,0,,,,,,,,,,,,,,,,,,,,,,,,,,,,,,,,,,,,,,,,,,,,,
"2025-11-10 14:18:42.5893936Z","2025-11-10 14:18:42.5893936Z","ETW","Microsoft-Windows-Kernel-Process",6,"ImageUnload Info "," 3460 cyrprtui.exe",2864,,," 3460 cyrprtui.exe",,,"C:\Program Files\Palo Alto Networks\Traps\cyrprtui.exe",,,,,,,,,,,,,,,,,,,,,,,,,,1762784322589393600,,,,,,,,,,,140695028367360,140695028367360,649765,602112,1738162012,,,,,,,,,,,,,,,,,,,,,,,,,,,,,,,,,,,,,,,,,,,,,,,
"2025-11-10 14:18:42.5894276Z","2025-11-10 14:18:42.5894276Z","ETW","Microsoft-Windows-Kernel-Process",6,"ImageUnload Info "," 3460 cyrprtui.exe",2864,,," 3460 cyrprtui.exe",,,"C:\Windows\System32\msftedit.dll",,,,,,,,,,,,,,,,,,,,,,,,,,1762784322589427600,,,,,,,,,,,140736559513600,140736559513600,3467915,3457024,1684330105,,,,,,,,,,,,,,,,,,,,,,,,,,,,,,,,,,,,,,,,,,,,,,,
"2025-11-10 14:18:42.5894419Z","2025-11-10 14:18:42.5894419Z","ETW","Microsoft-Windows-Kernel-Process",6,"ImageUnload Info "," 3460 cyrprtui.exe",2864,,," 3460 cyrprtui.exe",,,"C:\Windows\System32\globinputhost.dll",,,,,,,,,,,,,,,,,,,,,,,,,,1762784322589441900,,,,,,,,,,,140736595755008,140736595755008,180155,151552,3829124026,,,,,,,,,,,,,,,,,,,,,,,,,,,,,,,,,,,,,,,,,,,,,,,
"2025-11-10 14:18:42.5894546Z","2025-11-10 14:18:42.5894546Z","ETW","Microsoft-Windows-Kernel-Process",6,"ImageUnload Info "," 3460 cyrprtui.exe",2864,,," 3460 cyrprtui.exe",,,"C:\Windows\System32\TextShaping.dll",,,,,,,,,,,,,,,,,,,,,,,,,,1762784322589454600,,,,,,,,,,,140736930578432,140736930578432,733720,704512,3719025828,,,,,,,,,,,,,,,,,,,,,,,,,,,,,,,,,,,,,,,,,,,,,,,
"2025-11-10 14:18:42.5894698Z","2025-11-10 14:18:42.5894698Z","ETW","Microsoft-Windows-Kernel-Process",6,"ImageUnload Info "," 3460 cyrprtui.exe",2864,,," 3460 cyrprtui.exe",,,"C:\Windows\System32\Windows.Globalization.dll",,,,,,,,,,,,,,,,,,,,,,,,,,1762784322589469800,,,,,,,,,,,140736948862976,140736948862976,1773541,1728512,886937547,,,,,,,,,,,,,,,,,,,,,,,,,,,,,,,,,,,,,,,,,,,,,,,
"2025-11-10 14:18:42.5894836Z","2025-11-10 14:18:42.5894836Z","ETW","Microsoft-Windows-Kernel-Process",6,"ImageUnload Info "," 3460 cyrprtui.exe",2864,,," 3460 cyrprtui.exe",,,"C:\Windows\System32\BCP47mrm.dll",,,,,,,,,,,,,,,,,,,,,,,,,,1762784322589483600,,,,,,,,,,,140736973307904,140736973307904,183604,184320,1877539391,,,,,,,,,,,,,,,,,,,,,,,,,,,,,,,,,,,,,,,,,,,,,,,
"2025-11-10 14:18:42.5894950Z","2025-11-10 14:18:42.5894950Z","ETW","Microsoft-Windows-Kernel-Process",6,"ImageUnload Info "," 3460 cyrprtui.exe",2864,,," 3460 cyrprtui.exe",,,"C:\Windows\System32\BCP47Langs.dll",,,,,,,,,,,,,,,,,,,,,,,,,,1762784322589495000,,,,,,,,,,,140736984776704,140736984776704,394333,372736,1896932036,,,,,,,,,,,,,,,,,,,,,,,,,,,,,,,,,,,,,,,,,,,,,,,
"2025-11-10 14:18:42.5895070Z","2025-11-10 14:18:42.5895070Z","ETW","Microsoft-Windows-Kernel-Process",6,"ImageUnload Info "," 3460 cyrprtui.exe",2864,,," 3460 cyrprtui.exe",,,"C:\Windows\System32\TextInputFramework.dll",,,,,,,,,,,,,,,,,,,,,,,,,,1762784322589507100,,,,,,,,,,,140736991985664,140736991985664,1025078,1019904,2233810467,,,,,,,,,,,,,,,,,,,,,,,,,,,,,,,,,,,,,,,,,,,,,,,
"2025-11-10 14:18:42.5895130Z","2025-11-10 14:18:42.5895130Z","ETW","Microsoft-Windows-Kernel-Process",6,"ImageUnload Info "," 3460 cyrprtui.exe",2864,,," 3460 cyrprtui.exe",,,"C:\Windows\WinSxS\amd64_microsoft.windows.common-controls_6595b64144ccf1df_6.0.19041.6456_none_60b8a6cb71f64256\comctl32.dll",,,,,,,,,,,,,,,,,,,,,,,,,,1762784322589513000,,,,,,,,,,,140737005158400,140737005158400,2755026,2732032,1852891267,,,,,,,,,,,,,,,,,,,,,,,,,,,,,,,,,,,,,,,,,,,,,,,
"2025-11-10 14:18:42.5895247Z","2025-11-10 14:18:42.5895247Z","ETW","Microsoft-Windows-Kernel-Process",6,"ImageUnload Info "," 3460 cyrprtui.exe",2864,,," 3460 cyrprtui.exe",,,"C:\Windows\System32\secur32.dll",,,,,,,,,,,,,,,,,,,,,,,,,,1762784322589524700,,,,,,,,,,,140737139441664,140737139441664,51103,49152,375452782,,,,,,,,,,,,,,,,,,,,,,,,,,,,,,,,,,,,,,,,,,,,,,,
"2025-11-10 14:18:42.5895358Z","2025-11-10 14:18:42.5895358Z","ETW","Microsoft-Windows-Kernel-Process",6,"ImageUnload Info "," 3460 cyrprtui.exe",2864,,," 3460 cyrprtui.exe",,,"C:\Windows\System32\msimg32.dll",,,,,,,,,,,,,,,,,,,,,,,,,,1762784322589535800,,,,,,,,,,,140737139507200,140737139507200,23191,28672,1776776658,,,,,,,,,,,,,,,,,,,,,,,,,,,,,,,,,,,,,,,,,,,,,,,
"2025-11-10 14:18:42.5895403Z","2025-11-10 14:18:42.5895403Z","ETW","Microsoft-Windows-Kernel-Process",6,"ImageUnload Info "," 3460 cyrprtui.exe",2864,,," 3460 cyrprtui.exe",,,"C:\Program Files\Palo Alto Networks\Traps\winutils.dll",,,,,,,,,,,,,,,,,,,,,,,,,,1762784322589540300,,,,,,,,,,,140737139572736,140737139572736,307748,241664,1738161889,,,,,,,,,,,,,,,,,,,,,,,,,,,,,,,,,,,,,,,,,,,,,,,
"2025-11-10 14:18:42.5895517Z","2025-11-10 14:18:42.5895517Z","ETW","Microsoft-Windows-Kernel-Process",6,"ImageUnload Info "," 3460 cyrprtui.exe",2864,,," 3460 cyrprtui.exe",,,"C:\Windows\System32\version.dll",,,,,,,,,,,,,,,,,,,,,,,,,,1762784322589551700,,,,,,,,,,,140737143767040,140737143767040,34056,40960,4222592428,,,,,,,,,,,,,,,,,,,,,,,,,,,,,,,,,,,,,,,,,,,,,,,
"2025-11-10 14:18:42.5895632Z","2025-11-10 14:18:42.5895632Z","ETW","Microsoft-Windows-Kernel-Process",6,"ImageUnload Info "," 3460 cyrprtui.exe",2864,,," 3460 cyrprtui.exe",,,"C:\Windows\System32\xmllite.dll",,,,,,,,,,,,,,,,,,,,,,,,,,1762784322589563200,,,,,,,,,,,140737168932864,140737168932864,219411,221184,1945838687,,,,,,,,,,,,,,,,,,,,,,,,,,,,,,,,,,,,,,,,,,,,,,,
"2025-11-10 14:18:42.5895745Z","2025-11-10 14:18:42.5895745Z","ETW","Microsoft-Windows-Kernel-Process",6,"ImageUnload Info "," 3460 cyrprtui.exe",2864,,," 3460 cyrprtui.exe",,,"C:\Windows\System32\WinTypes.dll",,,,,,,,,,,,,,,,,,,,,,,,,,1762784322589574500,,,,,,,,,,,140737219854336,140737219854336,1464350,1404928,1125245035,,,,,,,,,,,,,,,,,,,,,,,,,,,,,,,,,,,,,,,,,,,,,,,
"2025-11-10 14:18:42.5895867Z","2025-11-10 14:18:42.5895867Z","ETW","Microsoft-Windows-Kernel-Process",6,"ImageUnload Info "," 3460 cyrprtui.exe",2864,,," 3460 cyrprtui.exe",,,"C:\Windows\System32\CoreUIComponents.dll",,,,,,,,,,,,,,,,,,,,,,,,,,1762784322589586700,,,,,,,,,,,140737227456512,140737227456512,3577987,3518464,240915949,,,,,,,,,,,,,,,,,,,,,,,,,,,,,,,,,,,,,,,,,,,,,,,
"2025-11-10 14:18:42.5895981Z","2025-11-10 14:18:42.5895981Z","ETW","Microsoft-Windows-Kernel-Process",6,"ImageUnload Info "," 3460 cyrprtui.exe",2864,,," 3460 cyrprtui.exe",,,"C:\Windows\System32\CoreMessaging.dll",,,,,,,,,,,,,,,,,,,,,,,,,,1762784322589598100,,,,,,,,,,,140737231781888,140737231781888,1044546,991232,201189084,,,,,,,,,,,,,,,,,,,,,,,,,,,,,,,,,,,,,,,,,,,,,,,
"2025-11-10 14:18:42.5896092Z","2025-11-10 14:18:42.5896092Z","ETW","Microsoft-Windows-Kernel-Process",6,"ImageUnload Info "," 3460 cyrprtui.exe",2864,,," 3460 cyrprtui.exe",,,"C:\Windows\System32\uxtheme.dll",,,,,,,,,,,,,,,,,,,,,,,,,,1762784322589609200,,,,,,,,,,,140737239515136,140737239515136,640454,647168,3697381598,,,,,,,,,,,,,,,,,,,,,,,,,,,,,,,,,,,,,,,,,,,,,,,
"2025-11-10 14:18:42.5896206Z","2025-11-10 14:18:42.5896206Z","ETW","Microsoft-Windows-Kernel-Process",6,"ImageUnload Info "," 3460 cyrprtui.exe",2864,,," 3460 cyrprtui.exe",,,"C:\Windows\System32\kernel.appcore.dll",,,,,,,,,,,,,,,,,,,,,,,,,,1762784322589620600,,,,,,,,,,,140737244561408,140737244561408,122143,73728,1990571354,,,,,,,,,,,,,,,,,,,,,,,,,,,,,,,,,,,,,,,,,,,,,,,
"2025-11-10 14:18:42.5896321Z","2025-11-10 14:18:42.5896321Z","ETW","Microsoft-Windows-Kernel-Process",6,"ImageUnload Info "," 3460 cyrprtui.exe",2864,,," 3460 cyrprtui.exe",,,"C:\Windows\System32\ntmarta.dll",,,,,,,,,,,,,,,,,,,,,,,,,,1762784322589632100,,,,,,,,,,,140737265074176,140737265074176,197444,208896,4265087599,,,,,,,,,,,,,,,,,,,,,,,,,,,,,,,,,,,,,,,,,,,,,,,
"2025-11-10 14:18:42.5896436Z","2025-11-10 14:18:42.5896436Z","ETW","Microsoft-Windows-Kernel-Process",6,"ImageUnload Info "," 3460 cyrprtui.exe",2864,,," 3460 cyrprtui.exe",,,"C:\Windows\System32\userenv.dll",,,,,,,,,,,,,,,,,,,,,,,,,,1762784322589643600,,,,,,,,,,,140737278246912,140737278246912,236892,188416,1800799979,,,,,,,,,,,,,,,,,,,,,,,,,,,,,,,,,,,,,,,,,,,,,,,
"2025-11-10 14:18:42.5896548Z","2025-11-10 14:18:42.5896548Z","ETW","Microsoft-Windows-Kernel-Process",6,"ImageUnload Info "," 3460 cyrprtui.exe",2864,,," 3460 cyrprtui.exe",,,"C:\Windows\System32\sspicli.dll",,,,,,,,,,,,,,,,,,,,,,,,,,1762784322589654800,,,,,,,,,,,140737278443520,140737278443520,202268,204800,1151156676,,,,,,,,,,,,,,,,,,,,,,,,,,,,,,,,,,,,,,,,,,,,,,,
"2025-11-10 14:18:42.5896654Z","2025-11-10 14:18:42.5896654Z","ETW","Microsoft-Windows-Kernel-Process",6,"ImageUnload Info "," 3460 cyrprtui.exe",2864,,," 3460 cyrprtui.exe",,,"C:\Windows\System32\bcrypt.dll",,,,,,,,,,,,,,,,,,,,,,,,,,1762784322589665400,,,,,,,,,,,140737279623168,140737279623168,171668,159744,2220160889,,,,,,,,,,,,,,,,,,,,,,,,,,,,,,,,,,,,,,,,,,,,,,,
"2025-11-10 14:18:42.5896768Z","2025-11-10 14:18:42.5896768Z","ETW","Microsoft-Windows-Kernel-Process",6,"ImageUnload Info "," 3460 cyrprtui.exe",2864,,," 3460 cyrprtui.exe",,,"C:\Windows\System32\msvcp_win.dll",,,,,,,,,,,,,,,,,,,,,,,,,,1762784322589676800,,,,,,,,,,,140737279819776,140737279819776,659111,643072,958749903,,,,,,,,,,,,,,,,,,,,,,,,,,,,,,,,,,,,,,,,,,,,,,,
"2025-11-10 14:18:42.5896879Z","2025-11-10 14:18:42.5896879Z","ETW","Microsoft-Windows-Kernel-Process",6,"ImageUnload Info "," 3460 cyrprtui.exe",2864,,," 3460 cyrprtui.exe",,,"C:\Windows\System32\win32u.dll",,,,,,,,,,,,,,,,,,,,,,,,,,1762784322589687900,,,,,,,,,,,140737281196032,140737281196032,183095,139264,3760910660,,,,,,,,,,,,,,,,,,,,,,,,,,,,,,,,,,,,,,,,,,,,,,,
"2025-11-10 14:18:42.5896990Z","2025-11-10 14:18:42.5896990Z","ETW","Microsoft-Windows-Kernel-Process",6,"ImageUnload Info "," 3460 cyrprtui.exe",2864,,," 3460 cyrprtui.exe",,,"C:\Windows\System32\gdi32full.dll",,,,,,,,,,,,,,,,,,,,,,,,,,1762784322589699000,,,,,,,,,,,140737281392640,140737281392640,1167211,1150976,1288019395,,,,,,,,,,,,,,,,,,,,,,,,,,,,,,,,,,,,,,,,,,,,,,,
"2025-11-10 14:18:42.5897103Z","2025-11-10 14:18:42.5897103Z","ETW","Microsoft-Windows-Kernel-Process",6,"ImageUnload Info "," 3460 cyrprtui.exe",2864,,," 3460 cyrprtui.exe",,,"C:\Windows\System32\bcryptprimitives.dll",,,,,,,,,,,,,,,,,,,,,,,,,,1762784322589710300,,,,,,,,,,,140737282572288,140737282572288,531569,532480,3309379821,,,,,,,,,,,,,,,,,,,,,,,,,,,,,,,,,,,,,,,,,,,,,,,
"2025-11-10 14:18:42.5897221Z","2025-11-10 14:18:42.5897221Z","ETW","Microsoft-Windows-Kernel-Process",6,"ImageUnload Info "," 3460 cyrprtui.exe",2864,,," 3460 cyrprtui.exe",,,"C:\Windows\System32\ucrtbase.dll",,,,,,,,,,,,,,,,,,,,,,,,,,1762784322589722100,,,,,,,,,,,140737283162112,140737283162112,1076532,1048576,2177850761,,,,,,,,,,,,,,,,,,,,,,,,,,,,,,,,,,,,,,,,,,,,,,,
"2025-11-10 14:18:42.5897322Z","2025-11-10 14:18:42.5897322Z","ETW","Microsoft-Windows-Kernel-Process",6,"ImageUnload Info "," 3460 cyrprtui.exe",2864,,," 3460 cyrprtui.exe",,,"C:\Windows\System32\cfgmgr32.dll",,,,,,,,,,,,,,,,,,,,,,,,,,1762784322589732200,,,,,,,,,,,140737285652480,140737285652480,326318,319488,517898589,,,,,,,,,,,,,,,,,,,,,,,,,,,,,,,,,,,,,,,,,,,,,,,
"2025-11-10 14:18:42.5897437Z","2025-11-10 14:18:42.5897437Z","ETW","Microsoft-Windows-Kernel-Process",6,"ImageUnload Info "," 3460 cyrprtui.exe",2864,,," 3460 cyrprtui.exe",,,"C:\Windows\System32\shlwapi.dll",,,,,,,,,,,,,,,,,,,,,,,,,,1762784322589743700,,,,,,,,,,,140737286504448,140737286504448,402188,372736,2061718160,,,,,,,,,,,,,,,,,,,,,,,,,,,,,,,,,,,,,,,,,,,,,,,
"2025-11-10 14:18:42.5897543Z","2025-11-10 14:18:42.5897543Z","ETW","Microsoft-Windows-Kernel-Process",6,"ImageUnload Info "," 3460 cyrprtui.exe",2864,,," 3460 cyrprtui.exe",,,"C:\Windows\System32\combase.dll",,,,,,,,,,,,,,,,,,,,,,,,,,1762784322589754300,,,,,,,,,,,140737287094272,140737287094272,3535278,3489792,144435709,,,,,,,,,,,,,,,,,,,,,,,,,,,,,,,,,,,,,,,,,,,,,,,
"2025-11-10 14:18:42.5897650Z","2025-11-10 14:18:42.5897650Z","ETW","Microsoft-Windows-Kernel-Process",6,"ImageUnload Info "," 3460 cyrprtui.exe",2864,,," 3460 cyrprtui.exe",,,"C:\Windows\System32\msctf.dll",,,,,,,,,,,,,,,,,,,,,,,,,,1762784322589765000,,,,,,,,,,,140737291616256,140737291616256,1159359,1134592,3815625169,,,,,,,,,,,,,,,,,,,,,,,,,,,,,,,,,,,,,,,,,,,,,,,
"2025-11-10 14:18:42.5897761Z","2025-11-10 14:18:42.5897761Z","ETW","Microsoft-Windows-Kernel-Process",6,"ImageUnload Info "," 3460 cyrprtui.exe",2864,,," 3460 cyrprtui.exe",,,"C:\Windows\System32\shell32.dll",,,,,,,,,,,,,,,,,,,,,,,,,,1762784322589776100,,,,,,,,,,,140737294565376,140737294565376,7833200,7798784,2665716595,,,,,,,,,,,,,,,,,,,,,,,,,,,,,,,,,,,,,,,,,,,,,,,
"2025-11-10 14:18:42.5897860Z","2025-11-10 14:18:42.5897860Z","ETW","Microsoft-Windows-Kernel-Process",6,"ImageUnload Info "," 3460 cyrprtui.exe",2864,,," 3460 cyrprtui.exe",,,"C:\Windows\System32\ole32.dll",,,,,,,,,,,,,,,,,,,,,,,,,,1762784322589786000,,,,,,,,,,,140737303740416,140737303740416,1230514,1224704,2672968490,,,,,,,,,,,,,,,,,,,,,,,,,,,,,,,,,,,,,,,,,,,,,,,
"2025-11-10 14:18:42.5897964Z","2025-11-10 14:18:42.5897964Z","ETW","Microsoft-Windows-Kernel-Process",6,"ImageUnload Info "," 3460 cyrprtui.exe",2864,,," 3460 cyrprtui.exe",,,"C:\Windows\System32\SHCore.dll",,,,,,,,,,,,,,,,,,,,,,,,,,1762784322589796400,,,,,,,,,,,140737304985600,140737304985600,705789,708608,3896055862,,,,,,,,,,,,,,,,,,,,,,,,,,,,,,,,,,,,,,,,,,,,,,,
"2025-11-10 14:18:42.5898065Z","2025-11-10 14:18:42.5898065Z","ETW","Microsoft-Windows-Kernel-Process",6,"ImageUnload Info "," 3460 cyrprtui.exe",2864,,," 3460 cyrprtui.exe",,,"C:\Windows\System32\ws2_32.dll",,,,,,,,,,,,,,,,,,,,,,,,,,1762784322589806500,,,,,,,,,,,140737305772032,140737305772032,489137,438272,2047685052,,,,,,,,,,,,,,,,,,,,,,,,,,,,,,,,,,,,,,,,,,,,,,,
"2025-11-10 14:18:42.5898167Z","2025-11-10 14:18:42.5898167Z","ETW","Microsoft-Windows-Kernel-Process",6,"ImageUnload Info "," 3460 cyrprtui.exe",2864,,," 3460 cyrprtui.exe",,,"C:\Windows\System32\clbcatq.dll",,,,,,,,,,,,,,,,,,,,,,,,,,1762784322589816700,,,,,,,,,,,140737306230784,140737306230784,736478,692224,97696835,,,,,,,,,,,,,,,,,,,,,,,,,,,,,,,,,,,,,,,,,,,,,,,
"2025-11-10 14:18:42.5898274Z","2025-11-10 14:18:42.5898274Z","ETW","Microsoft-Windows-Kernel-Process",6,"ImageUnload Info "," 3460 cyrprtui.exe",2864,,," 3460 cyrprtui.exe",,,"C:\Windows\System32\advapi32.dll",,,,,,,,,,,,,,,,,,,,,,,,,,1762784322589827500,,,,,,,,,,,140737306951680,140737306951680,744837,724992,4166620877,,,,,,,,,,,,,,,,,,,,,,,,,,,,,,,,,,,,,,,,,,,,,,,
"2025-11-10 14:18:42.5898378Z","2025-11-10 14:18:42.5898378Z","ETW","Microsoft-Windows-Kernel-Process",6,"ImageUnload Info "," 3460 cyrprtui.exe",2864,,," 3460 cyrprtui.exe",,,"C:\Windows\System32\sechost.dll",,,,,,,,,,,,,,,,,,,,,,,,,,1762784322589837800,,,,,,,,,,,140737308262400,140737308262400,647124,651264,2117042745,,,,,,,,,,,,,,,,,,,,,,,,,,,,,,,,,,,,,,,,,,,,,,,
"2025-11-10 14:18:42.5898481Z","2025-11-10 14:18:42.5898481Z","ETW","Microsoft-Windows-Kernel-Process",6,"ImageUnload Info "," 3460 cyrprtui.exe",2864,,," 3460 cyrprtui.exe",,,"C:\Windows\System32\imm32.dll",,,,,,,,,,,,,,,,,,,,,,,,,,1762784322589848100,,,,,,,,,,,140737309310976,140737309310976,238320,192512,770155462,,,,,,,,,,,,,,,,,,,,,,,,,,,,,,,,,,,,,,,,,,,,,,,
"2025-11-10 14:18:42.5898580Z","2025-11-10 14:18:42.5898580Z","ETW","Microsoft-Windows-Kernel-Process",6,"ImageUnload Info "," 3460 cyrprtui.exe",2864,,," 3460 cyrprtui.exe",,,"C:\Windows\System32\gdi32.dll",,,,,,,,,,,,,,,,,,,,,,,,,,1762784322589858000,,,,,,,,,,,140737309507584,140737309507584,210990,176128,2413768611,,,,,,,,,,,,,,,,,,,,,,,,,,,,,,,,,,,,,,,,,,,,,,,
"2025-11-10 14:18:42.5898688Z","2025-11-10 14:18:42.5898688Z","ETW","Microsoft-Windows-Kernel-Process",6,"ImageUnload Info "," 3460 cyrprtui.exe",2864,,," 3460 cyrprtui.exe",,,"C:\Windows\System32\setupapi.dll",,,,,,,,,,,,,,,,,,,,,,,,,,1762784322589868800,,,,,,,,,,,140737309704192,140737309704192,4717027,4653056,1214232368,,,,,,,,,,,,,,,,,,,,,,,,,,,,,,,,,,,,,,,,,,,,,,,
"2025-11-10 14:18:42.5898789Z","2025-11-10 14:18:42.5898789Z","ETW","Microsoft-Windows-Kernel-Process",6,"ImageUnload Info "," 3460 cyrprtui.exe",2864,,," 3460 cyrprtui.exe",,,"C:\Windows\System32\msvcrt.dll",,,,,,,,,,,,,,,,,,,,,,,,,,1762784322589878900,,,,,,,,,,,140737314357248,140737314357248,681663,647168,2616593924,,,,,,,,,,,,,,,,,,,,,,,,,,,,,,,,,,,,,,,,,,,,,,,
"2025-11-10 14:18:42.5898892Z","2025-11-10 14:18:42.5898892Z","ETW","Microsoft-Windows-Kernel-Process",6,"ImageUnload Info "," 3460 cyrprtui.exe",2864,,," 3460 cyrprtui.exe",,,"C:\Windows\System32\oleaut32.dll",,,,,,,,,,,,,,,,,,,,,,,,,,1762784322589889300,,,,,,,,,,,140737315012608,140737315012608,849765,839680,3559841777,,,,,,,,,,,,,,,,,,,,,,,,,,,,,,,,,,,,,,,,,,,,,,,
"2025-11-10 14:18:42.5898999Z","2025-11-10 14:18:42.5898999Z","ETW","Microsoft-Windows-Kernel-Process",6,"ImageUnload Info "," 3460 cyrprtui.exe",2864,,," 3460 cyrprtui.exe",,,"C:\Windows\System32\rpcrt4.dll",,,,,,,,,,,,,,,,,,,,,,,,,,1762784322589899900,,,,,,,,,,,140737317109760,140737317109760,1217917,1179648,2756017066,,,,,,,,,,,,,,,,,,,,,,,,,,,,,,,,,,,,,,,,,,,,,,,
"2025-11-10 14:18:42.5899103Z","2025-11-10 14:18:42.5899103Z","ETW","Microsoft-Windows-Kernel-Process",6,"ImageUnload Info "," 3460 cyrprtui.exe",2864,,," 3460 cyrprtui.exe",,,"C:\Windows\System32\KernelBase.dll",,,,,,,,,,,,,,,,,,,,,,,,,,1762784322589910300,,,,,,,,,,,140737318289408,140737318289408,3171178,3104768,1448155220,,,,,,,,,,,,,,,,,,,,,,,,,,,,,,,,,,,,,,,,,,,,,,,
"2025-11-10 14:18:42.5899209Z","2025-11-10 14:18:42.5899209Z","ETW","Microsoft-Windows-Kernel-Process",6,"ImageUnload Info "," 3460 cyrprtui.exe",2864,,," 3460 cyrprtui.exe",,,"C:\Windows\System32\kernel32.dll",,,,,,,,,,,,,,,,,,,,,,,,,,1762784322589920900,,,,,,,,,,,140737321435136,140737321435136,801304,794624,4007722010,,,,,,,,,,,,,,,,,,,,,,,,,,,,,,,,,,,,,,,,,,,,,,,
"2025-11-10 14:18:42.5899309Z","2025-11-10 14:18:42.5899309Z","ETW","Microsoft-Windows-Kernel-Process",6,"ImageUnload Info "," 3460 cyrprtui.exe",2864,,," 3460 cyrprtui.exe",,,"C:\Windows\System32\user32.dll",,,,,,,,,,,,,,,,,,,,,,,,,,1762784322589930900,,,,,,,,,,,140737322287104,140737322287104,1767867,1708032,1351922499,,,,,,,,,,,,,,,,,,,,,,,,,,,,,,,,,,,,,,,,,,,,,,,
"2025-11-10 14:18:42.5899420Z","2025-11-10 14:18:42.5899420Z","ETW","Microsoft-Windows-Kernel-Process",6,"ImageUnload Info "," 3460 cyrprtui.exe",2864,,," 3460 cyrprtui.exe",,,"C:\Windows\System32\ntdll.dll",,,,,,,,,,,,,,,,,,,,,,,,,,1762784322589942000,,,,,,,,,,,140737324318720,140737324318720,2048895,2064384,2127151453,,,,,,,,,,,,,,,,,,,,,,,,,,,,,,,,,,,,,,,,,,,,,,,
"2025-11-10 14:18:42.5899567Z","2025-11-10 14:18:42.5899567Z","ETW","Microsoft-Windows-Kernel-Process",2,"ProcessStop Stop "," 3460 cyrprtui.exe",2864,,," 3460 cyrprtui.exe",,,"cyrprtui.exe",,,,,,,,,,,,,,,,,,,,,,,,,,1762784322589956800,,,,,,,,,,,,,,,,,,,,,,,,134072578727523688,,,,,,,25907,,,,,,,,,,,,,,2236416,3354624,320158788,0,134072579225893330,78,0,2,1,3,0,0,,,,,,
"2025-11-10 14:18:42.5900366Z","2025-11-10 14:18:42.5900366Z","ETW","Microsoft-Windows-Kernel-Audit-API-Calls",5,"PsOpenProcess"," 6464 explorer.exe",11084,,,"10364 mintty.exe",,,,,,,,,,,,,,,,,,,,,,,,,,,,,1762784322590036600,,,,,,,,,,,,,,,,4096,0,,,,,,,,,,,,,,,,,,,,,,,,,,,,,,,,,,,,,,,,,,,,,
"2025-11-10 14:18:42.5903191Z","2025-11-10 14:18:42.5903191Z","ETW","Microsoft-Windows-Kernel-Audit-API-Calls",6,"PsOpenThread","  940 svchost.exe",12140,,," 6464 explorer.exe",11084,,,,,,,,,,,,,,,,,,,,,,,,,,,,1762784322590319100,,,,,,,,,,,,,,,,2048,3221225506,,,,,,,,,,,,,,,,,,,,,,,,,,,,,,,,,,,,,,,,,,,,,
"2025-11-10 14:18:42.5903262Z","2025-11-10 14:18:42.5903262Z","ETW","Microsoft-Windows-Kernel-Audit-API-Calls",6,"PsOpenThread","  940 svchost.exe",12140,,," 6464 explorer.exe",11084,,,,,,,,,,,,,,,,,,,,,,,,,,,,1762784322590326200,,,,,,,,,,,,,,,,2048,0,,,,,,,,,,,,,,,,,,,,,,,,,,,,,,,,,,,,,,,,,,,,,
"2025-11-10 14:18:42.5908343Z","2025-11-10 14:18:42.5908343Z","ETW","Microsoft-Windows-Kernel-Audit-API-Calls",6,"PsOpenThread","  940 svchost.exe",12140,,," 6464 explorer.exe",11084,,,,,,,,,,,,,,,,,,,,,,,,,,,,1762784322590834300,,,,,,,,,,,,,,,,2048,3221225506,,,,,,,,,,,,,,,,,,,,,,,,,,,,,,,,,,,,,,,,,,,,,
"2025-11-10 14:18:42.5908452Z","2025-11-10 14:18:42.5908452Z","ETW","Microsoft-Windows-Kernel-Audit-API-Calls",6,"PsOpenThread","  940 svchost.exe",12140,,," 6464 explorer.exe",11084,,,,,,,,,,,,,,,,,,,,,,,,,,,,1762784322590845200,,,,,,,,,,,,,,,,2048,0,,,,,,,,,,,,,,,,,,,,,,,,,,,,,,,,,,,,,,,,,,,,,
"2025-11-10 14:18:42.5910927Z","2025-11-10 14:18:42.5910927Z","ETW","Microsoft-Windows-Kernel-Audit-API-Calls",6,"PsOpenThread","  940 svchost.exe",12140,,," 6464 explorer.exe",11084,,,,,,,,,,,,,,,,,,,,,,,,,,,,1762784322591092700,,,,,,,,,,,,,,,,2048,3221225506,,,,,,,,,,,,,,,,,,,,,,,,,,,,,,,,,,,,,,,,,,,,,
"2025-11-10 14:18:42.5910999Z","2025-11-10 14:18:42.5910999Z","ETW","Microsoft-Windows-Kernel-Audit-API-Calls",6,"PsOpenThread","  940 svchost.exe",12140,,," 6464 explorer.exe",11084,,,,,,,,,,,,,,,,,,,,,,,,,,,,1762784322591099900,,,,,,,,,,,,,,,,2048,0,,,,,,,,,,,,,,,,,,,,,,,,,,,,,,,,,,,,,,,,,,,,,
"2025-11-10 14:18:42.5912199Z","2025-11-10 14:18:42.5912199Z","ETW","Microsoft-Windows-Kernel-Audit-API-Calls",6,"PsOpenThread","  940 svchost.exe",12140,,," 6464 explorer.exe",11084,,,,,,,,,,,,,,,,,,,,,,,,,,,,1762784322591219900,,,,,,,,,,,,,,,,2048,3221225506,,,,,,,,,,,,,,,,,,,,,,,,,,,,,,,,,,,,,,,,,,,,,
"2025-11-10 14:18:42.5912249Z","2025-11-10 14:18:42.5912249Z","ETW","Microsoft-Windows-Kernel-Audit-API-Calls",6,"PsOpenThread","  940 svchost.exe",12140,,," 6464 explorer.exe",11084,,,,,,,,,,,,,,,,,,,,,,,,,,,,1762784322591224900,,,,,,,,,,,,,,,,2048,0,,,,,,,,,,,,,,,,,,,,,,,,,,,,,,,,,,,,,,,,,,,,,
"2025-11-10 14:18:42.5952662Z","2025-11-10 14:18:42.5952662Z","ETW","Microsoft-Windows-Kernel-Audit-API-Calls",6,"PsOpenThread"," 2420 svchost.exe",9712,,," 5948 svchost.exe",11992,,,,,,,,,,,,,,,,,,,,,,,,,,,,1762784322595266200,,,,,,,,,,,,,,,,2048,0,,,,,,,,,,,,,,,,,,,,,,,,,,,,,,,,,,,,,,,,,,,,,
"2025-11-10 14:18:42.5963073Z","2025-11-10 14:18:42.5963073Z","ETW","Microsoft-Windows-Kernel-Audit-API-Calls",6,"PsOpenThread"," 2420 svchost.exe",9712,,," 5948 svchost.exe",11992,,,,,,,,,,,,,,,,,,,,,,,,,,,,1762784322596307300,,,,,,,,,,,,,,,,2048,0,,,,,,,,,,,,,,,,,,,,,,,,,,,,,,,,,,,,,,,,,,,,,
"2025-11-10 14:18:42.5998508Z","2025-11-10 14:18:42.5998508Z","ETW","Microsoft-Windows-Kernel-Audit-API-Calls",6,"PsOpenThread"," 4936 AggregatorHost.exe",7940,,," 2956 svchost.exe",10880,,,,,,,,,,,,,,,,,,,,,,,,,,,,1762784322599850800,,,,,,,,,,,,,,,,2048,0,,,,,,,,,,,,,,,,,,,,,,,,,,,,,,,,,,,,,,,,,,,,,
"2025-11-10 14:18:42.6317745Z","2025-11-10 14:18:42.6317745Z","ETW","Microsoft-Windows-Kernel-Audit-API-Calls",6,"PsOpenThread","  940 svchost.exe",12140,,," 6464 explorer.exe",11084,,,,,,,,,,,,,,,,,,,,,,,,,,,,1762784322631774500,,,,,,,,,,,,,,,,2048,3221225506,,,,,,,,,,,,,,,,,,,,,,,,,,,,,,,,,,,,,,,,,,,,,
"2025-11-10 14:18:42.6318034Z","2025-11-10 14:18:42.6318034Z","ETW","Microsoft-Windows-Kernel-Audit-API-Calls",6,"PsOpenThread","  940 svchost.exe",12140,,," 6464 explorer.exe",11084,,,,,,,,,,,,,,,,,,,,,,,,,,,,1762784322631803400,,,,,,,,,,,,,,,,2048,0,,,,,,,,,,,,,,,,,,,,,,,,,,,,,,,,,,,,,,,,,,,,,
"2025-11-10 14:18:42.6328847Z","2025-11-10 14:18:42.6328847Z","ETW","Microsoft-Windows-Kernel-Audit-API-Calls",6,"PsOpenThread","  940 svchost.exe",12140,,," 6464 explorer.exe",11084,,,,,,,,,,,,,,,,,,,,,,,,,,,,1762784322632884700,,,,,,,,,,,,,,,,2048,3221225506,,,,,,,,,,,,,,,,,,,,,,,,,,,,,,,,,,,,,,,,,,,,,
"2025-11-10 14:18:42.6328959Z","2025-11-10 14:18:42.6328959Z","ETW","Microsoft-Windows-Kernel-Audit-API-Calls",6,"PsOpenThread","  940 svchost.exe",12140,,," 6464 explorer.exe",11084,,,,,,,,,,,,,,,,,,,,,,,,,,,,1762784322632895900,,,,,,,,,,,,,,,,2048,0,,,,,,,,,,,,,,,,,,,,,,,,,,,,,,,,,,,,,,,,,,,,,
"2025-11-10 14:18:42.8654549Z","2025-11-10 14:18:42.8654549Z","ETW","Microsoft-Windows-Kernel-Audit-API-Calls",6,"PsOpenThread","10364 mintty.exe",5868,,,"10364 mintty.exe",5868,,,,,,,,,,,,,,,,,,,,,,,,,,,,1762784322865454900,,,,,,,,,,,,,,,,1024,0,,,,,,,,,,,,,,,,,,,,,,,,,,,,,,,,,,,,,,,,,,,,,
"2025-11-10 14:18:42.8773152Z","2025-11-10 14:18:42.8773152Z","ETW","Microsoft-Windows-Kernel-Audit-API-Calls",5,"PsOpenProcess","  828 svchost.exe",7356,,," 1396 cyrprtui.exe",,,,,,,,,,,,,,,,,,,,,,,,,,,,,1762784322877315200,,,,,,,,,,,,,,,,8192,0,,,,,,,,,,,,,,,,,,,,,,,,,,,,,,,,,,,,,,,,,,,,,
"2025-11-10 14:18:42.8784499Z","2025-11-10 14:18:42.8784499Z","ETW","Microsoft-Windows-Kernel-Audit-API-Calls",5,"PsOpenProcess"," 6464 explorer.exe",6100,,," 1396 cyrprtui.exe",,,,,,,,,,,,,,,,,,,,,,,,,,,,,1762784322878449900,,,,,,,,,,,,,,,,1040,0,,,,,,,,,,,,,,,,,,,,,,,,,,,,,,,,,,,,,,,,,,,,,
"2025-11-10 14:18:42.8799541Z","2025-11-10 14:18:42.8799541Z","ETW","Microsoft-Windows-Kernel-Audit-API-Calls",5,"PsOpenProcess"," 6464 explorer.exe",6100,,," 1396 cyrprtui.exe",,,,,,,,,,,,,,,,,,,,,,,,,,,,,1762784322879954100,,,,,,,,,,,,,,,,4096,0,,,,,,,,,,,,,,,,,,,,,,,,,,,,,,,,,,,,,,,,,,,,,
"2025-11-10 14:18:42.8811715Z","2025-11-10 14:18:42.8811715Z","ETW","Microsoft-Windows-Kernel-Audit-API-Calls",5,"PsOpenProcess"," 6464 explorer.exe",6100,,," 1396 cyrprtui.exe",,,,,,,,,,,,,,,,,,,,,,,,,,,,,1762784322881171500,,,,,,,,,,,,,,,,4096,0,,,,,,,,,,,,,,,,,,,,,,,,,,,,,,,,,,,,,,,,,,,,,
"2025-11-10 14:18:42.8819283Z","2025-11-10 14:18:42.8819283Z","ETW","Microsoft-Windows-Kernel-Audit-API-Calls",5,"PsOpenProcess"," 6464 explorer.exe",6100,,," 1396 cyrprtui.exe",,,,,,,,,,,,,,,,,,,,,,,,,,,,,1762784322881928300,,,,,,,,,,,,,,,,1040,0,,,,,,,,,,,,,,,,,,,,,,,,,,,,,,,,,,,,,,,,,,,,,
"2025-11-10 14:18:42.8820627Z","2025-11-10 14:18:42.8820627Z","ETW","Microsoft-Windows-Kernel-Audit-API-Calls",5,"PsOpenProcess"," 6464 explorer.exe",1160,,," 1396 cyrprtui.exe",,,,,,,,,,,,,,,,,,,,,,,,,,,,,1762784322882062700,,,,,,,,,,,,,,,,4096,0,,,,,,,,,,,,,,,,,,,,,,,,,,,,,,,,,,,,,,,,,,,,,
"2025-11-10 14:18:42.8821068Z","2025-11-10 14:18:42.8821068Z","ETW","Microsoft-Windows-Kernel-Audit-API-Calls",5,"PsOpenProcess"," 6464 explorer.exe",1160,,," 1396 cyrprtui.exe",,,,,,,,,,,,,,,,,,,,,,,,,,,,,1762784322882106800,,,,,,,,,,,,,,,,4096,0,,,,,,,,,,,,,,,,,,,,,,,,,,,,,,,,,,,,,,,,,,,,,
"2025-11-10 14:18:42.8822657Z","2025-11-10 14:18:42.8822657Z","ETW","Microsoft-Windows-Kernel-Audit-API-Calls",6,"PsOpenThread","10364 mintty.exe",5868,,,"10364 mintty.exe",5868,,,,,,,,,,,,,,,,,,,,,,,,,,,,1762784322882265700,,,,,,,,,,,,,,,,1024,0,,,,,,,,,,,,,,,,,,,,,,,,,,,,,,,,,,,,,,,,,,,,,
"2025-11-10 14:18:42.8824343Z","2025-11-10 14:18:42.8824343Z","ETW","Microsoft-Windows-Kernel-Audit-API-Calls",5,"PsOpenProcess"," 6464 explorer.exe",1160,,," 1396 cyrprtui.exe",,,,,,,,,,,,,,,,,,,,,,,,,,,,,1762784322882434300,,,,,,,,,,,,,,,,1040,0,,,,,,,,,,,,,,,,,,,,,,,,,,,,,,,,,,,,,,,,,,,,,
"2025-11-10 14:18:42.8828015Z","2025-11-10 14:18:42.8828015Z","ETW","Microsoft-Windows-Kernel-Audit-API-Calls",5,"PsOpenProcess"," 6464 explorer.exe",4280,,," 1396 cyrprtui.exe",,,,,,,,,,,,,,,,,,,,,,,,,,,,,1762784322882801500,,,,,,,,,,,,,,,,4096,0,,,,,,,,,,,,,,,,,,,,,,,,,,,,,,,,,,,,,,,,,,,,,
"2025-11-10 14:18:42.8830627Z","2025-11-10 14:18:42.8830627Z","ETW","Microsoft-Windows-Kernel-Audit-API-Calls",5,"PsOpenProcess"," 6464 explorer.exe",4280,,," 1396 cyrprtui.exe",,,,,,,,,,,,,,,,,,,,,,,,,,,,,1762784322883062700,,,,,,,,,,,,,,,,8192,0,,,,,,,,,,,,,,,,,,,,,,,,,,,,,,,,,,,,,,,,,,,,,
"2025-11-10 14:18:42.8832322Z","2025-11-10 14:18:42.8832322Z","ETW","Microsoft-Windows-Kernel-Audit-API-Calls",6,"PsOpenThread","10364 mintty.exe",5868,,,"10364 mintty.exe",5868,,,,,,,,,,,,,,,,,,,,,,,,,,,,1762784322883232200,,,,,,,,,,,,,,,,1024,0,,,,,,,,,,,,,,,,,,,,,,,,,,,,,,,,,,,,,,,,,,,,,
"2025-11-10 14:18:42.8841056Z","2025-11-10 14:18:42.8841056Z","ETW","Microsoft-Windows-Kernel-Audit-API-Calls",5,"PsOpenProcess"," 6464 explorer.exe",4280,,," 6464 explorer.exe",,,,,,,,,,,,,,,,,,,,,,,,,,,,,1762784322884105600,,,,,,,,,,,,,,,,8192,0,,,,,,,,,,,,,,,,,,,,,,,,,,,,,,,,,,,,,,,,,,,,,
"2025-11-10 14:18:42.8841187Z","2025-11-10 14:18:42.8841187Z","ETW","Microsoft-Windows-Kernel-Audit-API-Calls",5,"PsOpenProcess"," 6464 explorer.exe",4280,,," 8724 LockApp.exe",,,,,,,,,,,,,,,,,,,,,,,,,,,,,1762784322884118700,,,,,,,,,,,,,,,,8192,0,,,,,,,,,,,,,,,,,,,,,,,,,,,,,,,,,,,,,,,,,,,,,
"2025-11-10 14:18:42.8841321Z","2025-11-10 14:18:42.8841321Z","ETW","Microsoft-Windows-Kernel-Audit-API-Calls",5,"PsOpenProcess"," 6464 explorer.exe",4280,,," 6820 ShellExperienceHost.exe",,,,,,,,,,,,,,,,,,,,,,,,,,,,,1762784322884132100,,,,,,,,,,,,,,,,8192,0,,,,,,,,,,,,,,,,,,,,,,,,,,,,,,,,,,,,,,,,,,,,,
"2025-11-10 14:18:42.8841450Z","2025-11-10 14:18:42.8841450Z","ETW","Microsoft-Windows-Kernel-Audit-API-Calls",5,"PsOpenProcess"," 6464 explorer.exe",4280,,," 1556 SearchApp.exe",,,,,,,,,,,,,,,,,,,,,,,,,,,,,1762784322884145000,,,,,,,,,,,,,,,,8192,0,,,,,,,,,,,,,,,,,,,,,,,,,,,,,,,,,,,,,,,,,,,,,
"2025-11-10 14:18:42.8841570Z","2025-11-10 14:18:42.8841570Z","ETW","Microsoft-Windows-Kernel-Audit-API-Calls",5,"PsOpenProcess"," 6464 explorer.exe",4280,,," 8112 SearchApp.exe",,,,,,,,,,,,,,,,,,,,,,,,,,,,,1762784322884157000,,,,,,,,,,,,,,,,8192,0,,,,,,,,,,,,,,,,,,,,,,,,,,,,,,,,,,,,,,,,,,,,,
"2025-11-10 14:18:42.8841822Z","2025-11-10 14:18:42.8841822Z","ETW","Microsoft-Windows-Kernel-Audit-API-Calls",5,"PsOpenProcess"," 6464 explorer.exe",4280,,," 1396 cyrprtui.exe",,,,,,,,,,,,,,,,,,,,,,,,,,,,,1762784322884182200,,,,,,,,,,,,,,,,8192,0,,,,,,,,,,,,,,,,,,,,,,,,,,,,,,,,,,,,,,,,,,,,,
"2025-11-10 14:18:42.8841947Z","2025-11-10 14:18:42.8841947Z","ETW","Microsoft-Windows-Kernel-Audit-API-Calls",5,"PsOpenProcess"," 6464 explorer.exe",4280,,,"10364 mintty.exe",,,,,,,,,,,,,,,,,,,,,,,,,,,,,1762784322884194700,,,,,,,,,,,,,,,,8192,0,,,,,,,,,,,,,,,,,,,,,,,,,,,,,,,,,,,,,,,,,,,,,
"2025-11-10 14:18:42.8841998Z","2025-11-10 14:18:42.8841998Z","ETW","Microsoft-Windows-Kernel-Audit-API-Calls",5,"PsOpenProcess"," 6464 explorer.exe",4280,,," 5452 powershell.exe",,,,,,,,,,,,,,,,,,,,,,,,,,,,,1762784322884199800,,,,,,,,,,,,,,,,8192,3221225506,,,,,,,,,,,,,,,,,,,,,,,,,,,,,,,,,,,,,,,,,,,,,
"2025-11-10 14:18:42.8842122Z","2025-11-10 14:18:42.8842122Z","ETW","Microsoft-Windows-Kernel-Audit-API-Calls",5,"PsOpenProcess"," 6464 explorer.exe",4280,,,"  476 firefox.exe",,,,,,,,,,,,,,,,,,,,,,,,,,,,,1762784322884212200,,,,,,,,,,,,,,,,8192,0,,,,,,,,,,,,,,,,,,,,,,,,,,,,,,,,,,,,,,,,,,,,,
"2025-11-10 14:18:42.8842247Z","2025-11-10 14:18:42.8842247Z","ETW","Microsoft-Windows-Kernel-Audit-API-Calls",5,"PsOpenProcess"," 6464 explorer.exe",4280,,," 9872 SystemSettings.exe",,,,,,,,,,,,,,,,,,,,,,,,,,,,,1762784322884224700,,,,,,,,,,,,,,,,8192,0,,,,,,,,,,,,,,,,,,,,,,,,,,,,,,,,,,,,,,,,,,,,,
"2025-11-10 14:18:42.8842376Z","2025-11-10 14:18:42.8842376Z","ETW","Microsoft-Windows-Kernel-Audit-API-Calls",5,"PsOpenProcess"," 6464 explorer.exe",4280,,," 9632 ApplicationFrameHost.exe",,,,,,,,,,,,,,,,,,,,,,,,,,,,,1762784322884237600,,,,,,,,,,,,,,,,8192,0,,,,,,,,,,,,,,,,,,,,,,,,,,,,,,,,,,,,,,,,,,,,,
"2025-11-10 14:18:42.8845850Z","2025-11-10 14:18:42.8845850Z","ETW","Microsoft-Windows-Kernel-Audit-API-Calls",5,"PsOpenProcess"," 6464 explorer.exe",11084,,," 1396 cyrprtui.exe",,,,,,,,,,,,,,,,,,,,,,,,,,,,,1762784322884585000,,,,,,,,,,,,,,,,4096,0,,,,,,,,,,,,,,,,,,,,,,,,,,,,,,,,,,,,,,,,,,,,,
"2025-11-10 14:18:42.8849048Z","2025-11-10 14:18:42.8849048Z","ETW","Microsoft-Windows-Kernel-Audit-API-Calls",6,"PsOpenThread","  828 svchost.exe",12124,,," 6464 explorer.exe",11084,,,,,,,,,,,,,,,,,,,,,,,,,,,,1762784322884904800,,,,,,,,,,,,,,,,2048,0,,,,,,,,,,,,,,,,,,,,,,,,,,,,,,,,,,,,,,,,,,,,,
"2025-11-10 14:18:42.8850276Z","2025-11-10 14:18:42.8850276Z","ETW","Microsoft-Windows-Kernel-Audit-API-Calls",6,"PsOpenThread","  940 svchost.exe",12140,,," 6464 explorer.exe",4488,,,,,,,,,,,,,,,,,,,,,,,,,,,,1762784322885027600,,,,,,,,,,,,,,,,2048,3221225506,,,,,,,,,,,,,,,,,,,,,,,,,,,,,,,,,,,,,,,,,,,,,
"2025-11-10 14:18:42.9497212Z","2025-11-10 14:18:42.9497212Z","ETW-TI","Microsoft-Windows-Threat-Intelligence",7,"KERNEL_THREATINT_TASK_PROTECTVM "," 1396 cyrprtui.exe",7164,,," 1396 cyrprtui.exe",,,,,,,,,,,,,,140737324961792,134072578726422253,1396,0,0,0,5066549580817714,134072578726422276,7164,"RWX",134072578726422253,0,0,0,5066549580817714,1762784322949721200,,,,,,,,,,,,,,,,,,,,,,,,,,,,,,,,,,,,,"R-X",134072578726422253,1396,0,0,0,5066549580817714,8,,,,,,,,,,,,,,,,,,
"2025-11-10 14:18:42.9497307Z","2025-11-10 14:18:42.9497307Z","ETW-TI","Microsoft-Windows-Threat-Intelligence",7,"KERNEL_THREATINT_TASK_PROTECTVM "," 1396 cyrprtui.exe",7164,,," 1396 cyrprtui.exe",,,,,,,,,,,,,,140737324961792,134072578726422253,1396,0,0,0,5066549580817714,134072578726422276,7164,"R-X",134072578726422253,0,0,0,5066549580817714,1762784322949730700,,,,,,,,,,,,,,,,,,,,,,,,,,,,,,,,,,,,,"RWX",134072578726422253,1396,0,0,0,5066549580817714,4096,,,,,,,,,,,,,,,,,,
"2025-11-10 14:18:42.9497418Z","2025-11-10 14:18:42.9497418Z","ETW-TI","Microsoft-Windows-Threat-Intelligence",7,"KERNEL_THREATINT_TASK_PROTECTVM "," 1396 cyrprtui.exe",7164,,," 1396 cyrprtui.exe",,,,,,,,,,,,,,140737326419968,134072578726422253,1396,0,0,0,5066549580817714,134072578726422276,7164,"RWX",134072578726422253,0,0,0,5066549580817714,1762784322949741800,,,,,,,,,,,,,,,,,,,,,,,,,,,,,,,,,,,,,"R-X",134072578726422253,1396,0,0,0,5066549580817714,296,,,,,,,,,,,,,,,,,,
"2025-11-10 14:18:42.9497499Z","2025-11-10 14:18:42.9497499Z","ETW-TI","Microsoft-Windows-Threat-Intelligence",7,"KERNEL_THREATINT_TASK_PROTECTVM "," 1396 cyrprtui.exe",7164,,," 1396 cyrprtui.exe",,,,,,,,,,,,,,140737326419968,134072578726422253,1396,0,0,0,5066549580817714,134072578726422276,7164,"R-X",134072578726422253,0,0,0,5066549580817714,1762784322949749900,,,,,,,,,,,,,,,,,,,,,,,,,,,,,,,,,,,,,"RWX",134072578726422253,1396,0,0,0,5066549580817714,4096,,,,,,,,,,,,,,,,,,
"2025-11-10 14:18:42.9497570Z","2025-11-10 14:18:42.9497570Z","ETW-TI","Microsoft-Windows-Threat-Intelligence",7,"KERNEL_THREATINT_TASK_PROTECTVM "," 1396 cyrprtui.exe",7164,,," 1396 cyrprtui.exe",,,,,,,,,,,,,,140737324965888,134072578726422253,1396,0,0,0,5066549580817714,134072578726422276,7164,"RWX",134072578726422253,0,0,0,5066549580817714,1762784322949757000,,,,,,,,,,,,,,,,,,,,,,,,,,,,,,,,,,,,,"R-X",134072578726422253,1396,0,0,0,5066549580817714,8,,,,,,,,,,,,,,,,,,
"2025-11-10 14:18:42.9497636Z","2025-11-10 14:18:42.9497636Z","ETW-TI","Microsoft-Windows-Threat-Intelligence",7,"KERNEL_THREATINT_TASK_PROTECTVM "," 1396 cyrprtui.exe",7164,,," 1396 cyrprtui.exe",,,,,,,,,,,,,,140737324965888,134072578726422253,1396,0,0,0,5066549580817714,134072578726422276,7164,"R-X",134072578726422253,0,0,0,5066549580817714,1762784322949763600,,,,,,,,,,,,,,,,,,,,,,,,,,,,,,,,,,,,,"RWX",134072578726422253,1396,0,0,0,5066549580817714,4096,,,,,,,,,,,,,,,,,,
"2025-11-10 14:18:42.9497685Z","2025-11-10 14:18:42.9497685Z","ETW-TI","Microsoft-Windows-Threat-Intelligence",7,"KERNEL_THREATINT_TASK_PROTECTVM "," 1396 cyrprtui.exe",7164,,," 1396 cyrprtui.exe",,,,,,,,,,,,,,140737326419968,134072578726422253,1396,0,0,0,5066549580817714,134072578726422276,7164,"RWX",134072578726422253,0,0,0,5066549580817714,1762784322949768500,,,,,,,,,,,,,,,,,,,,,,,,,,,,,,,,,,,,,"R-X",134072578726422253,1396,0,0,0,5066549580817714,296,,,,,,,,,,,,,,,,,,
"2025-11-10 14:18:42.9497742Z","2025-11-10 14:18:42.9497742Z","ETW-TI","Microsoft-Windows-Threat-Intelligence",7,"KERNEL_THREATINT_TASK_PROTECTVM "," 1396 cyrprtui.exe",7164,,," 1396 cyrprtui.exe",,,,,,,,,,,,,,140737326419968,134072578726422253,1396,0,0,0,5066549580817714,134072578726422276,7164,"R-X",134072578726422253,0,0,0,5066549580817714,1762784322949774200,,,,,,,,,,,,,,,,,,,,,,,,,,,,,,,,,,,,,"RWX",134072578726422253,1396,0,0,0,5066549580817714,4096,,,,,,,,,,,,,,,,,,
"2025-11-10 14:18:42.9513076Z","2025-11-10 14:18:42.9513076Z","ETW","Microsoft-Windows-Kernel-Process",4,"ThreadStop Stop "," 1396 cyrprtui.exe",7164,,," 1396 cyrprtui.exe",,,,,,,,,,,,,,,,,,,,,,,,,,,,,1762784322951307600,,18446606103104749568,18446606103104720896,140695028512256,0,815855177728,7164,815858188288,815858147328,140695028512256,,,,,,,,,,,304090239,,,,,,,,,,,,,,,,,,,,,,,,,,,,,,,,,,,,,,,,,
"2025-11-10 14:18:42.9640183Z","2025-11-10 14:18:42.9640183Z","ETW","Microsoft-Windows-Kernel-Process",4,"ThreadStop Stop "," 1396 cyrprtui.exe",7716,,," 1396 cyrprtui.exe",,,,,,,,,,,,,,,,,,,,,,,,,,,,,1762784322964018300,,18446606103138435072,18446606103138406400,140737324634384,0,815855210496,7716,815860285440,815860277248,140737324634384,,,,,,,,,,,238560,,,,,,,,,,,,,,,,,,,,,,,,,,,,,,,,,,,,,,,,,
"2025-11-10 14:18:42.9642968Z","2025-11-10 14:18:42.9642968Z","ETW","Microsoft-Windows-Kernel-Process",4,"ThreadStop Stop "," 1396 cyrprtui.exe",5112,,," 1396 cyrprtui.exe",,,,,,,,,,,,,,,,,,,,,,,,,,,,,1762784322964296800,,18446606103138271232,18446606103138242560,140737324634384,0,815855202304,5112,815859236864,815859228672,140737324634384,,,,,,,,,,,1129618,,,,,,,,,,,,,,,,,,,,,,,,,,,,,,,,,,,,,,,,,
"2025-11-10 14:18:42.9678320Z","2025-11-10 14:18:42.9678320Z","ETW","Microsoft-Windows-Kernel-Process",6,"ImageUnload Info "," 1396 cyrprtui.exe",5112,,," 1396 cyrprtui.exe",,,"C:\Program Files\Palo Alto Networks\Traps\cyrprtui.exe",,,,,,,,,,,,,,,,,,,,,,,,,,1762784322967832000,,,,,,,,,,,140695028367360,140695028367360,649765,602112,1738162012,,,,,,,,,,,,,,,,,,,,,,,,,,,,,,,,,,,,,,,,,,,,,,,
"2025-11-10 14:18:42.9678714Z","2025-11-10 14:18:42.9678714Z","ETW","Microsoft-Windows-Kernel-Process",6,"ImageUnload Info "," 1396 cyrprtui.exe",5112,,," 1396 cyrprtui.exe",,,"C:\Windows\System32\msftedit.dll",,,,,,,,,,,,,,,,,,,,,,,,,,1762784322967871400,,,,,,,,,,,140736559513600,140736559513600,3467915,3457024,1684330105,,,,,,,,,,,,,,,,,,,,,,,,,,,,,,,,,,,,,,,,,,,,,,,
"2025-11-10 14:18:42.9678853Z","2025-11-10 14:18:42.9678853Z","ETW","Microsoft-Windows-Kernel-Process",6,"ImageUnload Info "," 1396 cyrprtui.exe",5112,,," 1396 cyrprtui.exe",,,"C:\Windows\System32\globinputhost.dll",,,,,,,,,,,,,,,,,,,,,,,,,,1762784322967885300,,,,,,,,,,,140736595755008,140736595755008,180155,151552,3829124026,,,,,,,,,,,,,,,,,,,,,,,,,,,,,,,,,,,,,,,,,,,,,,,
"2025-11-10 14:18:42.9678983Z","2025-11-10 14:18:42.9678983Z","ETW","Microsoft-Windows-Kernel-Process",6,"ImageUnload Info "," 1396 cyrprtui.exe",5112,,," 1396 cyrprtui.exe",,,"C:\Windows\System32\TextShaping.dll",,,,,,,,,,,,,,,,,,,,,,,,,,1762784322967898300,,,,,,,,,,,140736930578432,140736930578432,733720,704512,3719025828,,,,,,,,,,,,,,,,,,,,,,,,,,,,,,,,,,,,,,,,,,,,,,,
"2025-11-10 14:18:42.9679125Z","2025-11-10 14:18:42.9679125Z","ETW","Microsoft-Windows-Kernel-Process",6,"ImageUnload Info "," 1396 cyrprtui.exe",5112,,," 1396 cyrprtui.exe",,,"C:\Windows\System32\Windows.Globalization.dll",,,,,,,,,,,,,,,,,,,,,,,,,,1762784322967912500,,,,,,,,,,,140736948862976,140736948862976,1773541,1728512,886937547,,,,,,,,,,,,,,,,,,,,,,,,,,,,,,,,,,,,,,,,,,,,,,,
"2025-11-10 14:18:42.9679246Z","2025-11-10 14:18:42.9679246Z","ETW","Microsoft-Windows-Kernel-Process",6,"ImageUnload Info "," 1396 cyrprtui.exe",5112,,," 1396 cyrprtui.exe",,,"C:\Windows\System32\BCP47mrm.dll",,,,,,,,,,,,,,,,,,,,,,,,,,1762784322967924600,,,,,,,,,,,140736973307904,140736973307904,183604,184320,1877539391,,,,,,,,,,,,,,,,,,,,,,,,,,,,,,,,,,,,,,,,,,,,,,,
"2025-11-10 14:18:42.9679362Z","2025-11-10 14:18:42.9679362Z","ETW","Microsoft-Windows-Kernel-Process",6,"ImageUnload Info "," 1396 cyrprtui.exe",5112,,," 1396 cyrprtui.exe",,,"C:\Windows\System32\BCP47Langs.dll",,,,,,,,,,,,,,,,,,,,,,,,,,1762784322967936200,,,,,,,,,,,140736984776704,140736984776704,394333,372736,1896932036,,,,,,,,,,,,,,,,,,,,,,,,,,,,,,,,,,,,,,,,,,,,,,,
"2025-11-10 14:18:42.9679485Z","2025-11-10 14:18:42.9679485Z","ETW","Microsoft-Windows-Kernel-Process",6,"ImageUnload Info "," 1396 cyrprtui.exe",5112,,," 1396 cyrprtui.exe",,,"C:\Windows\System32\TextInputFramework.dll",,,,,,,,,,,,,,,,,,,,,,,,,,1762784322967948500,,,,,,,,,,,140736991985664,140736991985664,1025078,1019904,2233810467,,,,,,,,,,,,,,,,,,,,,,,,,,,,,,,,,,,,,,,,,,,,,,,
"2025-11-10 14:18:42.9679541Z","2025-11-10 14:18:42.9679541Z","ETW","Microsoft-Windows-Kernel-Process",6,"ImageUnload Info "," 1396 cyrprtui.exe",5112,,," 1396 cyrprtui.exe",,,"C:\Windows\WinSxS\amd64_microsoft.windows.common-controls_6595b64144ccf1df_6.0.19041.6456_none_60b8a6cb71f64256\comctl32.dll",,,,,,,,,,,,,,,,,,,,,,,,,,1762784322967954100,,,,,,,,,,,140737005158400,140737005158400,2755026,2732032,1852891267,,,,,,,,,,,,,,,,,,,,,,,,,,,,,,,,,,,,,,,,,,,,,,,
"2025-11-10 14:18:42.9679663Z","2025-11-10 14:18:42.9679663Z","ETW","Microsoft-Windows-Kernel-Process",6,"ImageUnload Info "," 1396 cyrprtui.exe",5112,,," 1396 cyrprtui.exe",,,"C:\Windows\System32\secur32.dll",,,,,,,,,,,,,,,,,,,,,,,,,,1762784322967966300,,,,,,,,,,,140737139441664,140737139441664,51103,49152,375452782,,,,,,,,,,,,,,,,,,,,,,,,,,,,,,,,,,,,,,,,,,,,,,,
"2025-11-10 14:18:42.9679769Z","2025-11-10 14:18:42.9679769Z","ETW","Microsoft-Windows-Kernel-Process",6,"ImageUnload Info "," 1396 cyrprtui.exe",5112,,," 1396 cyrprtui.exe",,,"C:\Windows\System32\msimg32.dll",,,,,,,,,,,,,,,,,,,,,,,,,,1762784322967976900,,,,,,,,,,,140737139507200,140737139507200,23191,28672,1776776658,,,,,,,,,,,,,,,,,,,,,,,,,,,,,,,,,,,,,,,,,,,,,,,
"2025-11-10 14:18:42.9679816Z","2025-11-10 14:18:42.9679816Z","ETW","Microsoft-Windows-Kernel-Process",6,"ImageUnload Info "," 1396 cyrprtui.exe",5112,,," 1396 cyrprtui.exe",,,"C:\Program Files\Palo Alto Networks\Traps\winutils.dll",,,,,,,,,,,,,,,,,,,,,,,,,,1762784322967981600,,,,,,,,,,,140737139572736,140737139572736,307748,241664,1738161889,,,,,,,,,,,,,,,,,,,,,,,,,,,,,,,,,,,,,,,,,,,,,,,
"2025-11-10 14:18:42.9679934Z","2025-11-10 14:18:42.9679934Z","ETW","Microsoft-Windows-Kernel-Process",6,"ImageUnload Info "," 1396 cyrprtui.exe",5112,,," 1396 cyrprtui.exe",,,"C:\Windows\System32\version.dll",,,,,,,,,,,,,,,,,,,,,,,,,,1762784322967993400,,,,,,,,,,,140737143767040,140737143767040,34056,40960,4222592428,,,,,,,,,,,,,,,,,,,,,,,,,,,,,,,,,,,,,,,,,,,,,,,
"2025-11-10 14:18:42.9680042Z","2025-11-10 14:18:42.9680042Z","ETW","Microsoft-Windows-Kernel-Process",6,"ImageUnload Info "," 1396 cyrprtui.exe",5112,,," 1396 cyrprtui.exe",,,"C:\Windows\System32\xmllite.dll",,,,,,,,,,,,,,,,,,,,,,,,,,1762784322968004200,,,,,,,,,,,140737168932864,140737168932864,219411,221184,1945838687,,,,,,,,,,,,,,,,,,,,,,,,,,,,,,,,,,,,,,,,,,,,,,,
"2025-11-10 14:18:42.9680156Z","2025-11-10 14:18:42.9680156Z","ETW","Microsoft-Windows-Kernel-Process",6,"ImageUnload Info "," 1396 cyrprtui.exe",5112,,," 1396 cyrprtui.exe",,,"C:\Windows\System32\WinTypes.dll",,,,,,,,,,,,,,,,,,,,,,,,,,1762784322968015600,,,,,,,,,,,140737219854336,140737219854336,1464350,1404928,1125245035,,,,,,,,,,,,,,,,,,,,,,,,,,,,,,,,,,,,,,,,,,,,,,,
"2025-11-10 14:18:42.9680275Z","2025-11-10 14:18:42.9680275Z","ETW","Microsoft-Windows-Kernel-Process",6,"ImageUnload Info "," 1396 cyrprtui.exe",5112,,," 1396 cyrprtui.exe",,,"C:\Windows\System32\CoreUIComponents.dll",,,,,,,,,,,,,,,,,,,,,,,,,,1762784322968027500,,,,,,,,,,,140737227456512,140737227456512,3577987,3518464,240915949,,,,,,,,,,,,,,,,,,,,,,,,,,,,,,,,,,,,,,,,,,,,,,,
"2025-11-10 14:18:42.9680394Z","2025-11-10 14:18:42.9680394Z","ETW","Microsoft-Windows-Kernel-Process",6,"ImageUnload Info "," 1396 cyrprtui.exe",5112,,," 1396 cyrprtui.exe",,,"C:\Windows\System32\CoreMessaging.dll",,,,,,,,,,,,,,,,,,,,,,,,,,1762784322968039400,,,,,,,,,,,140737231781888,140737231781888,1044546,991232,201189084,,,,,,,,,,,,,,,,,,,,,,,,,,,,,,,,,,,,,,,,,,,,,,,
"2025-11-10 14:18:42.9680514Z","2025-11-10 14:18:42.9680514Z","ETW","Microsoft-Windows-Kernel-Process",6,"ImageUnload Info "," 1396 cyrprtui.exe",5112,,," 1396 cyrprtui.exe",,,"C:\Windows\System32\uxtheme.dll",,,,,,,,,,,,,,,,,,,,,,,,,,1762784322968051400,,,,,,,,,,,140737239515136,140737239515136,640454,647168,3697381598,,,,,,,,,,,,,,,,,,,,,,,,,,,,,,,,,,,,,,,,,,,,,,,
"2025-11-10 14:18:42.9680628Z","2025-11-10 14:18:42.9680628Z","ETW","Microsoft-Windows-Kernel-Process",6,"ImageUnload Info "," 1396 cyrprtui.exe",5112,,," 1396 cyrprtui.exe",,,"C:\Windows\System32\kernel.appcore.dll",,,,,,,,,,,,,,,,,,,,,,,,,,1762784322968062800,,,,,,,,,,,140737244561408,140737244561408,122143,73728,1990571354,,,,,,,,,,,,,,,,,,,,,,,,,,,,,,,,,,,,,,,,,,,,,,,
"2025-11-10 14:18:42.9680744Z","2025-11-10 14:18:42.9680744Z","ETW","Microsoft-Windows-Kernel-Process",6,"ImageUnload Info "," 1396 cyrprtui.exe",5112,,," 1396 cyrprtui.exe",,,"C:\Windows\System32\ntmarta.dll",,,,,,,,,,,,,,,,,,,,,,,,,,1762784322968074400,,,,,,,,,,,140737265074176,140737265074176,197444,208896,4265087599,,,,,,,,,,,,,,,,,,,,,,,,,,,,,,,,,,,,,,,,,,,,,,,
"2025-11-10 14:18:42.9680964Z","2025-11-10 14:18:42.9680964Z","ETW","Microsoft-Windows-Kernel-Process",6,"ImageUnload Info "," 1396 cyrprtui.exe",5112,,," 1396 cyrprtui.exe",,,"C:\Windows\System32\sspicli.dll",,,,,,,,,,,,,,,,,,,,,,,,,,1762784322968096400,,,,,,,,,,,140737278443520,140737278443520,202268,204800,1151156676,,,,,,,,,,,,,,,,,,,,,,,,,,,,,,,,,,,,,,,,,,,,,,,
"2025-11-10 14:18:42.9681074Z","2025-11-10 14:18:42.9681074Z","ETW","Microsoft-Windows-Kernel-Process",6,"ImageUnload Info "," 1396 cyrprtui.exe",5112,,," 1396 cyrprtui.exe",,,"C:\Windows\System32\bcrypt.dll",,,,,,,,,,,,,,,,,,,,,,,,,,1762784322968107400,,,,,,,,,,,140737279623168,140737279623168,171668,159744,2220160889,,,,,,,,,,,,,,,,,,,,,,,,,,,,,,,,,,,,,,,,,,,,,,,
"2025-11-10 14:18:42.9681193Z","2025-11-10 14:18:42.9681193Z","ETW","Microsoft-Windows-Kernel-Process",6,"ImageUnload Info "," 1396 cyrprtui.exe",5112,,," 1396 cyrprtui.exe",,,"C:\Windows\System32\msvcp_win.dll",,,,,,,,,,,,,,,,,,,,,,,,,,1762784322968119300,,,,,,,,,,,140737279819776,140737279819776,659111,643072,958749903,,,,,,,,,,,,,,,,,,,,,,,,,,,,,,,,,,,,,,,,,,,,,,,
"2025-11-10 14:18:42.9681298Z","2025-11-10 14:18:42.9681298Z","ETW","Microsoft-Windows-Kernel-Process",6,"ImageUnload Info "," 1396 cyrprtui.exe",5112,,," 1396 cyrprtui.exe",,,"C:\Windows\System32\win32u.dll",,,,,,,,,,,,,,,,,,,,,,,,,,1762784322968129800,,,,,,,,,,,140737281196032,140737281196032,183095,139264,3760910660,,,,,,,,,,,,,,,,,,,,,,,,,,,,,,,,,,,,,,,,,,,,,,,
"2025-11-10 14:18:42.9681526Z","2025-11-10 14:18:42.9681526Z","ETW","Microsoft-Windows-Kernel-Process",6,"ImageUnload Info "," 1396 cyrprtui.exe",5112,,," 1396 cyrprtui.exe",,,"C:\Windows\System32\bcryptprimitives.dll",,,,,,,,,,,,,,,,,,,,,,,,,,1762784322968152600,,,,,,,,,,,140737282572288,140737282572288,531569,532480,3309379821,,,,,,,,,,,,,,,,,,,,,,,,,,,,,,,,,,,,,,,,,,,,,,,
"2025-11-10 14:18:42.9681627Z","2025-11-10 14:18:42.9681627Z","ETW","Microsoft-Windows-Kernel-Process",6,"ImageUnload Info "," 1396 cyrprtui.exe",5112,,," 1396 cyrprtui.exe",,,"C:\Windows\System32\ucrtbase.dll",,,,,,,,,,,,,,,,,,,,,,,,,,1762784322968162700,,,,,,,,,,,140737283162112,140737283162112,1076532,1048576,2177850761,,,,,,,,,,,,,,,,,,,,,,,,,,,,,,,,,,,,,,,,,,,,,,,
"2025-11-10 14:18:42.9681732Z","2025-11-10 14:18:42.9681732Z","ETW","Microsoft-Windows-Kernel-Process",6,"ImageUnload Info "," 1396 cyrprtui.exe",5112,,," 1396 cyrprtui.exe",,,"C:\Windows\System32\cfgmgr32.dll",,,,,,,,,,,,,,,,,,,,,,,,,,1762784322968173200,,,,,,,,,,,140737285652480,140737285652480,326318,319488,517898589,,,,,,,,,,,,,,,,,,,,,,,,,,,,,,,,,,,,,,,,,,,,,,,
"2025-11-10 14:18:42.9681941Z","2025-11-10 14:18:42.9681941Z","ETW","Microsoft-Windows-Kernel-Process",6,"ImageUnload Info "," 1396 cyrprtui.exe",5112,,," 1396 cyrprtui.exe",,,"C:\Windows\System32\combase.dll",,,,,,,,,,,,,,,,,,,,,,,,,,1762784322968194100,,,,,,,,,,,140737287094272,140737287094272,3535278,3489792,144435709,,,,,,,,,,,,,,,,,,,,,,,,,,,,,,,,,,,,,,,,,,,,,,,
"2025-11-10 14:18:42.9682051Z","2025-11-10 14:18:42.9682051Z","ETW","Microsoft-Windows-Kernel-Process",6,"ImageUnload Info "," 1396 cyrprtui.exe",5112,,," 1396 cyrprtui.exe",,,"C:\Windows\System32\msctf.dll",,,,,,,,,,,,,,,,,,,,,,,,,,1762784322968205100,,,,,,,,,,,140737291616256,140737291616256,1159359,1134592,3815625169,,,,,,,,,,,,,,,,,,,,,,,,,,,,,,,,,,,,,,,,,,,,,,,
"2025-11-10 14:18:42.9682260Z","2025-11-10 14:18:42.9682260Z","ETW","Microsoft-Windows-Kernel-Process",6,"ImageUnload Info "," 1396 cyrprtui.exe",5112,,," 1396 cyrprtui.exe",,,"C:\Windows\System32\ole32.dll",,,,,,,,,,,,,,,,,,,,,,,,,,1762784322968226000,,,,,,,,,,,140737303740416,140737303740416,1230514,1224704,2672968490,,,,,,,,,,,,,,,,,,,,,,,,,,,,,,,,,,,,,,,,,,,,,,,
"2025-11-10 14:18:42.9682364Z","2025-11-10 14:18:42.9682364Z","ETW","Microsoft-Windows-Kernel-Process",6,"ImageUnload Info "," 1396 cyrprtui.exe",5112,,," 1396 cyrprtui.exe",,,"C:\Windows\System32\SHCore.dll",,,,,,,,,,,,,,,,,,,,,,,,,,1762784322968236400,,,,,,,,,,,140737304985600,140737304985600,705789,708608,3896055862,,,,,,,,,,,,,,,,,,,,,,,,,,,,,,,,,,,,,,,,,,,,,,,
"2025-11-10 14:18:42.9682469Z","2025-11-10 14:18:42.9682469Z","ETW","Microsoft-Windows-Kernel-Process",6,"ImageUnload Info "," 1396 cyrprtui.exe",5112,,," 1396 cyrprtui.exe",,,"C:\Windows\System32\ws2_32.dll",,,,,,,,,,,,,,,,,,,,,,,,,,1762784322968246900,,,,,,,,,,,140737305772032,140737305772032,489137,438272,2047685052,,,,,,,,,,,,,,,,,,,,,,,,,,,,,,,,,,,,,,,,,,,,,,,
"2025-11-10 14:18:42.9682575Z","2025-11-10 14:18:42.9682575Z","ETW","Microsoft-Windows-Kernel-Process",6,"ImageUnload Info "," 1396 cyrprtui.exe",5112,,," 1396 cyrprtui.exe",,,"C:\Windows\System32\clbcatq.dll",,,,,,,,,,,,,,,,,,,,,,,,,,1762784322968257500,,,,,,,,,,,140737306230784,140737306230784,736478,692224,97696835,,,,,,,,,,,,,,,,,,,,,,,,,,,,,,,,,,,,,,,,,,,,,,,
"2025-11-10 14:18:42.9682676Z","2025-11-10 14:18:42.9682676Z","ETW","Microsoft-Windows-Kernel-Process",6,"ImageUnload Info "," 1396 cyrprtui.exe",5112,,," 1396 cyrprtui.exe",,,"C:\Windows\System32\advapi32.dll",,,,,,,,,,,,,,,,,,,,,,,,,,1762784322968267600,,,,,,,,,,,140737306951680,140737306951680,744837,724992,4166620877,,,,,,,,,,,,,,,,,,,,,,,,,,,,,,,,,,,,,,,,,,,,,,,
"2025-11-10 14:18:42.9682781Z","2025-11-10 14:18:42.9682781Z","ETW","Microsoft-Windows-Kernel-Process",6,"ImageUnload Info "," 1396 cyrprtui.exe",5112,,," 1396 cyrprtui.exe",,,"C:\Windows\System32\sechost.dll",,,,,,,,,,,,,,,,,,,,,,,,,,1762784322968278100,,,,,,,,,,,140737308262400,140737308262400,647124,651264,2117042745,,,,,,,,,,,,,,,,,,,,,,,,,,,,,,,,,,,,,,,,,,,,,,,
"2025-11-10 14:18:42.9682882Z","2025-11-10 14:18:42.9682882Z","ETW","Microsoft-Windows-Kernel-Process",6,"ImageUnload Info "," 1396 cyrprtui.exe",5112,,," 1396 cyrprtui.exe",,,"C:\Windows\System32\imm32.dll",,,,,,,,,,,,,,,,,,,,,,,,,,1762784322968288200,,,,,,,,,,,140737309310976,140737309310976,238320,192512,770155462,,,,,,,,,,,,,,,,,,,,,,,,,,,,,,,,,,,,,,,,,,,,,,,
"2025-11-10 14:18:42.9682984Z","2025-11-10 14:18:42.9682984Z","ETW","Microsoft-Windows-Kernel-Process",6,"ImageUnload Info "," 1396 cyrprtui.exe",5112,,," 1396 cyrprtui.exe",,,"C:\Windows\System32\gdi32.dll",,,,,,,,,,,,,,,,,,,,,,,,,,1762784322968298400,,,,,,,,,,,140737309507584,140737309507584,210990,176128,2413768611,,,,,,,,,,,,,,,,,,,,,,,,,,,,,,,,,,,,,,,,,,,,,,,
"2025-11-10 14:18:42.9683096Z","2025-11-10 14:18:42.9683096Z","ETW","Microsoft-Windows-Kernel-Process",6,"ImageUnload Info "," 1396 cyrprtui.exe",5112,,," 1396 cyrprtui.exe",,,"C:\Windows\System32\setupapi.dll",,,,,,,,,,,,,,,,,,,,,,,,,,1762784322968309600,,,,,,,,,,,140737309704192,140737309704192,4717027,4653056,1214232368,,,,,,,,,,,,,,,,,,,,,,,,,,,,,,,,,,,,,,,,,,,,,,,
"2025-11-10 14:18:42.9683197Z","2025-11-10 14:18:42.9683197Z","ETW","Microsoft-Windows-Kernel-Process",6,"ImageUnload Info "," 1396 cyrprtui.exe",5112,,," 1396 cyrprtui.exe",,,"C:\Windows\System32\msvcrt.dll",,,,,,,,,,,,,,,,,,,,,,,,,,1762784322968319700,,,,,,,,,,,140737314357248,140737314357248,681663,647168,2616593924,,,,,,,,,,,,,,,,,,,,,,,,,,,,,,,,,,,,,,,,,,,,,,,
"2025-11-10 14:18:42.9683400Z","2025-11-10 14:18:42.9683400Z","ETW","Microsoft-Windows-Kernel-Process",6,"ImageUnload Info "," 1396 cyrprtui.exe",5112,,," 1396 cyrprtui.exe",,,"C:\Windows\System32\rpcrt4.dll",,,,,,,,,,,,,,,,,,,,,,,,,,1762784322968340000,,,,,,,,,,,140737317109760,140737317109760,1217917,1179648,2756017066,,,,,,,,,,,,,,,,,,,,,,,,,,,,,,,,,,,,,,,,,,,,,,,
"2025-11-10 14:18:42.9683503Z","2025-11-10 14:18:42.9683503Z","ETW","Microsoft-Windows-Kernel-Process",6,"ImageUnload Info "," 1396 cyrprtui.exe",5112,,," 1396 cyrprtui.exe",,,"C:\Windows\System32\KernelBase.dll",,,,,,,,,,,,,,,,,,,,,,,,,,1762784322968350300,,,,,,,,,,,140737318289408,140737318289408,3171178,3104768,1448155220,,,,,,,,,,,,,,,,,,,,,,,,,,,,,,,,,,,,,,,,,,,,,,,
"2025-11-10 14:18:42.9683617Z","2025-11-10 14:18:42.9683617Z","ETW","Microsoft-Windows-Kernel-Process",6,"ImageUnload Info "," 1396 cyrprtui.exe",5112,,," 1396 cyrprtui.exe",,,"C:\Windows\System32\kernel32.dll",,,,,,,,,,,,,,,,,,,,,,,,,,1762784322968361700,,,,,,,,,,,140737321435136,140737321435136,801304,794624,4007722010,,,,,,,,,,,,,,,,,,,,,,,,,,,,,,,,,,,,,,,,,,,,,,,
"2025-11-10 14:18:42.9683717Z","2025-11-10 14:18:42.9683717Z","ETW","Microsoft-Windows-Kernel-Process",6,"ImageUnload Info "," 1396 cyrprtui.exe",5112,,," 1396 cyrprtui.exe",,,"C:\Windows\System32\user32.dll",,,,,,,,,,,,,,,,,,,,,,,,,,1762784322968371700,,,,,,,,,,,140737322287104,140737322287104,1767867,1708032,1351922499,,,,,,,,,,,,,,,,,,,,,,,,,,,,,,,,,,,,,,,,,,,,,,,
"2025-11-10 14:18:42.9683813Z","2025-11-10 14:18:42.9683813Z","ETW","Microsoft-Windows-Kernel-Process",6,"ImageUnload Info "," 1396 cyrprtui.exe",5112,,," 1396 cyrprtui.exe",,,"C:\Windows\System32\ntdll.dll",,,,,,,,,,,,,,,,,,,,,,,,,,1762784322968381300,,,,,,,,,,,140737324318720,140737324318720,2048895,2064384,2127151453,,,,,,,,,,,,,,,,,,,,,,,,,,,,,,,,,,,,,,,,,,,,,,,
"2025-11-10 14:18:42.9683942Z","2025-11-10 14:18:42.9683942Z","ETW","Microsoft-Windows-Kernel-Process",2,"ProcessStop Stop "," 1396 cyrprtui.exe",5112,,," 1396 cyrprtui.exe",,,"cyrprtui.exe",,,,,,,,,,,,,,,,,,,,,,,,,,1762784322968394200,,,,,,,,,,,,,,,,,,,,,,,,134072578726422253,,,,,,,25906,,,,,,,,,,,,,,2232320,3350528,311408225,0,134072579229677733,78,0,3,11,3,0,0,,,,,,
